-2.234891420136066564e+00 2.077288816408222605e+00 -1.716346710006929843e+00 1.187396629138484094e+00 -5.422158931305056662e-01 -1.560407123376622851e-01 8.390229656825507476e-01 -1.439875805329217995e+00 1.899783568944799939e+00 -2.173727280260532524e+00 2.234891420134608619e+00 -2.077288816400500338e+00 1.716346709993702202e+00 -1.187396629121034497e+00 5.422158931105572899e-01 1.560407123581716848e-01 -8.390229657016058384e-01 1.439875805344946968e+00 -1.899783568955674795e+00 2.173727280265481898e+00
-2.001894219613598924e+00 1.776973835800850221e+00 -1.378110872034180145e+00 8.443488142489778969e-01 -2.279360116004926218e-01 -4.107887559871533645e-01 1.009302658004975539e+00 -1.509018983631581712e+00 1.861022017185977262e+00 -2.030855249194310819e+00 2.001894219609805070e+00 -1.776973835791569201e+00 1.378110872020322564e+00 -8.443488142318880119e-01 2.279360115818586108e-01 4.107887560055213938e-01 -1.009302658021272503e+00 1.509018983644206724e+00 -1.861022017193704192e+00 2.030855249196378498e+00
-1.980340064427758673e+00 1.840980298824925310e+00 -1.521412554708086340e+00 1.052918349430978839e+00 -4.813571599974550974e-01 -1.373226220694337973e-01 7.425603091051125038e-01 -1.275111019363272202e+00 1.682844978824553861e+00 -1.925850346687114412e+00 1.980340064426475255e+00 -1.840980298818090999e+00 1.521412554696372821e+00 -1.052918349415522092e+00 4.813571599797815681e-01 1.373226220876072046e-01 -7.425603091219999952e-01 1.275111019377214605e+00 -1.682844978834197036e+00 1.925850346691508452e+00
2.921165711162817757e+00 -2.598856188579845572e+00 2.022152514961406577e+00 -1.247506464012369420e+00 3.507457884764624279e-01 5.803483286253243723e-01 -1.454633907796353043e+00 2.186529785041069651e+00 -2.704392892475905086e+00 2.957531180980410124e+00 -2.921165711157457601e+00 2.598856188566469161e+00 -2.022152514941327528e+00 1.247506463987534842e+00 -3.507457884493254685e-01 -5.803483286521271545e-01 1.454633907820188199e+00 -2.186529785059595277e+00 2.704392892487322175e+00 -2.957531180983593799e+00
2.625344240599535084e+00 -2.304716908038173084e+00 1.758487826609803850e+00 -1.040125704606745805e+00 2.199488316542712596e-01 6.217581654142679826e-01 -1.402603141207827031e+00 2.046151549028454752e+00 -2.489408386852878685e+00 2.688984587042604346e+00 -2.625344240593797895e+00 2.304716908025277178e+00 -1.758487826591015102e+00 1.040125704583886534e+00 -2.199488316295995782e-01 -6.217581654383552703e-01 1.402603141228963235e+00 -2.046151549044563200e+00 2.489408386862395073e+00 -2.688984587044590757e+00
5.260306978024994251e+00 -4.684301478164187849e+00 3.649763912170494340e+00 -2.257962025051031052e+00 6.451350827717883263e-01 1.030842176329948234e+00 -2.605913420912132406e+00 3.925899703387546236e+00 -4.861591569541509728e+00 5.321396980165762791e+00 -5.260306978015472090e+00 4.684301478140224795e+00 -3.649763912134441401e+00 2.257962025006386320e+00 -6.451350827229616058e-01 -1.030842176378213848e+00 2.605913420955094040e+00 -3.925899703420983489e+00 4.861591569562174087e+00 -5.321396980171619440e+00
5.021790031486326633e+00 -4.474991874342589604e+00 3.490150333433902130e+00 -2.163668560579469435e+00 6.253918338489863338e-01 9.741026029401121944e-01 -2.478245089980942506e+00 3.739799680664185111e+00 -4.635276621885346948e+00 5.077020391482473194e+00 -5.021790031477328498e+00 4.474991874319798946e+00 -3.490150333399558047e+00 2.163668560536903041e+00 -6.253918338024018198e-01 -9.741026029861892255e-01 2.478245090021984343e+00 -3.739799680696159978e+00 4.635276621905149774e+00 -5.077020391488152207e+00
-1.718546147219630171e+00 1.565981822854060734e+00 -1.260128286829717004e+00 8.309246142597284113e-01 -3.203842510533133625e-01 -2.215175548947166950e-01 7.417356791659602822e-01 -1.189347547183663423e+00 1.520537790610724693e+00 -1.702887200882203578e+00 1.718546147217576925e+00 -1.565981822847236860e+00 1.260128286818793075e+00 -8.309246142457635820e-01 3.203842510376871955e-01 2.215175549104864416e-01 -7.417356791803240146e-01 1.189347547195209964e+00 -1.520537790618332386e+00 1.702887200885123242e+00
-1.042970190890605275e+00 9.736518461153683690e-01 -8.090256748104971418e-01 5.652064336413884504e-01 -2.660608487223550256e-01 -5.912862582470895800e-02 3.785301785026519150e-01 -6.608785599337089200e-01 8.785355433063943842e-01 -1.010195346582690501e+00 1.042970190890050386e+00 -9.736518461118839340e-01 8.090256748044257762e-01 -5.652064336333187944e-01 2.660608487130842748e-01 5.912862583428032948e-02 -3.785301785115835482e-01 6.608785599411232115e-01 -8.785355433115711321e-01 1.010195346585119891e+00
-8.558125745583876620e-01 8.115362870754574409e-01 -6.878211735073286315e-01 4.967773311440020767e-01 -2.571054623568260755e-01 -7.733680445071833276e-03 2.718157967212782022e-01 -5.092906889622373923e-01 6.969126601304003188e-01 -8.163159644485802335e-01 8.558125745583067268e-01 -8.115362870729539990e-01 6.878211735026489304e-01 -4.967773311376001422e-01 2.571054623493341240e-01 7.733680452926189330e-03 -2.718157967287231913e-01 5.092906889685415717e-01 -6.969126601349512340e-01 8.163159644509294655e-01
-6.438265500940079100e+00 5.795062668811679529e+00 -4.584598726080897357e+00 2.925362317261124723e+00 -9.797710626284042990e-01 -1.061727010081334521e+00 2.999295845556622542e+00 -4.643272706344200529e+00 5.832733683048906492e+00 -6.451246047808272266e+00 6.438265500930260288e+00 -5.795062668784093596e+00 4.584598726038254135e+00 -2.925362317207559570e+00 9.797710625692082065e-01 1.061727010140410821e+00 -2.999295845609774247e+00 4.643272706386205151e+00 -5.832733683075685072e+00 6.451246047817186913e+00
-6.560078258114244498e+00 5.942126473326997171e+00 -4.742517948097549230e+00 3.078678723040112697e+00 -1.113476974153781773e+00 -9.607196590136108938e-01 2.940874358228715568e+00 -4.633155784982236014e+00 5.871911642404534781e+00 -6.535883876250849767e+00 6.560078258105350280e+00 -5.942126473299945921e+00 4.742517948054996602e+00 -3.078678722986186056e+00 1.113476974093807748e+00 9.607196590738064090e-01 -2.940874358283217305e+00 4.633155785025689255e+00 -5.871911642432720235e+00 6.535883876260989211e+00
-1.912544763924411528e+00 1.839677298762734337e+00 -1.586729401811674656e+00 1.178461375616576268e+00 -6.548373391522466225e-01 6.711326141130080636e-02 5.271803299622015437e-01 -1.069869837557368975e+00 1.507833031230336518e+00 -1.798199022115144485e+00 1.912544763925005054e+00 -1.839677298757876001e+00 1.586729401801842743e+00 -1.178461375602724015e+00 6.548373391357421580e-01 -6.711326139374718114e-02 -5.271803299790795982e-01 1.069869837571913340e+00 -1.507833031241133881e+00 1.798199022121131252e+00
1.429337228464107046e+00 -1.332183243208305168e+00 1.104625880240077684e+00 -7.689400397322615488e-01 3.579849906147284377e-01 8.801212361246985028e-02 -5.253939979639007385e-01 9.113466471590971896e-01 -1.208090336804379827e+00 1.386577727022240802e+00 -1.429337228463282594e+00 1.332183243203469036e+00 -1.104625880231705271e+00 7.689400397211649807e-01 -3.579849906020036165e-01 -8.801212362558688551e-02 5.253939979761212964e-01 -9.113466471692203141e-01 1.208090336811422638e+00 -1.386577727025508855e+00
-1.447526386259928799e+00 1.316119942327912407e+00 -1.055882508493251271e+00 6.922879379606493577e-01 -2.609274006063762030e-01 -1.959745287074962650e-01 6.336931057165310355e-01 -1.009381386338189523e+00 1.286264384090837209e+00 -1.437238861997005568e+00 1.447526386258113140e+00 -1.316119942322083070e+00 1.055882508483980242e+00 -6.922879379488362517e-01 2.609274005931876972e-01 1.959745287207789732e-01 -6.336931057286029345e-01 1.009381386347864451e+00 -1.286264384097175473e+00 1.437238861999382555e+00
-1.762094484287032969e+00 1.652805849759547696e+00 -1.381729062881162706e+00 9.753990082547224771e-01 -4.735901026952509252e-01 -7.457710181257135029e-02 6.154441799857075512e-01 -1.096067293769753537e+00 1.469399704089106251e+00 -1.698897033461640893e+00 1.762094484286328200e+00 -1.652805849753881784e+00 1.381729062871092761e+00 -9.753990082412252738e-01 4.735901026796595081e-01 7.457710182874249805e-02 -6.154441800008696450e-01 1.096067293782416741e+00 -1.469399704098040438e+00 1.698897033465966322e+00
-1.754047842445370931e+00 1.749512616369462092e+00 -1.573722905831156815e+00 1.243886232496979272e+00 -7.922893080602977367e-01 2.631375859460212685e-01 2.917718764681605514e-01 -8.181206747192782958e-01 1.264386121146488406e+00 -1.586884644539045208e+00 1.754047842447765682e+00 -1.749512616366764695e+00 1.573722905823634166e+00 -1.243886232485360566e+00 7.922893080457302784e-01 -2.631375859299200370e-01 -2.917718764842139323e-01 8.181206747337061991e-01 -1.264386121157889065e+00 1.586884644546295409e+00
-9.685507107956826678e-01 9.166933542973412230e-01 -7.751036653016942779e-01 5.576414290810883800e-01 -2.855933644654105041e-01 -1.441056851027897046e-02 3.130038946358354446e-01 -5.809582187278922172e-01 7.920443045966081286e-01 -9.255995754337928982e-01 9.685507107955391159e-01 -9.166933542944587510e-01 7.751036652963563256e-01 -5.576414290738126445e-01 2.855933644569156327e-01 1.441056851916791559e-02 -3.130038946442451064e-01 5.809582187349963123e-01 -7.920443046017164868e-01 9.255995754364022554e-01
-1.024064815919978111e+00 9.265286719070600086e-01 -7.382974459825043523e-01 4.777965220239824840e-01 -1.705255454853626396e-01 -1.534376595667990562e-01 4.623813174374347135e-01 -7.260638703569621821e-01 9.186742328610892905e-01 -1.021358360672496524e+00 1.024064815918558136e+00 -9.265286719028068552e-01 7.382974459758359087e-01 -4.777965220155455661e-01 1.705255454759905531e-01 1.534376595761958451e-01 -4.623813174459329711e-01 7.260638703637268820e-01 -9.186742328654634582e-01 1.021358360674049059e+00
-1.134384591252574959e+00 1.075281774380570043e+00 -9.109228855029281036e-01 6.573965178188023728e-01 -3.395195986193281779e-01 -1.159186446533999604e-02 3.615686350908606794e-01 -6.761525485166732796e-01 9.245499394614690170e-01 -1.082445940613040891e+00 1.134384591252455277e+00 -1.075281774377240041e+00 9.109228854967152955e-01 -6.573965178103093887e-01 3.395195986093937357e-01 1.159186447575091816e-02 -3.615686351007251220e-01 6.761525485250222678e-01 -9.245499394674911997e-01 1.082445940616143076e+00
