-2.792843217790570431e+00 -8.377142760753439887e+00 -1.314142920330780306e+01 -1.661934099372099283e+01 -1.847043589391115148e+01 -1.851351583771122833e+01 -1.674436386006657784e+01 -1.333615688295577684e+01 -8.622513951672850396e+00 -3.064839278213258300e+00 2.792843217788372634e+00 8.377142760749627826e+00 1.314142920330274578e+01 1.661934099371519125e+01 1.847043589390516871e+01 1.851351583770565412e+01 1.674436386006195221e+01 1.333615688295255630e+01 8.622513951671347598e+00 3.064839278213624230e+00
-2.380607346863481411e+00 -6.646852908903381874e+00 -1.026245819687221683e+01 -1.287350257378033724e+01 -1.422439882380015952e+01 -1.418291180973220555e+01 -1.275310256957055621e+01 -1.007493079380906487e+01 -6.410554595779318632e+00 -2.118668648954742384e+00 2.380607346861722373e+00 6.646852908900394930e+00 1.026245819686829108e+01 1.287350257377586438e+01 1.422439882379556941e+01 1.418291180972794940e+01 1.275310256956705324e+01 1.007493079380665613e+01 6.410554595778239495e+00 2.118668648955099432e+00
1.305778567106200549e+00 7.143652440578095453e-01 5.302487364575725337e-02 -6.135059408447194329e-01 -1.219982519298038914e+00 -1.707038708644407654e+00 -2.026998055550598643e+00 -2.148540709853593356e+00 -2.059769229712759664e+00 -1.769373186111565577e+00 -1.305778567105915222e+00 -7.143652440577316076e-01 -5.302487364589469898e-02 6.135059408443803708e-01 1.219982519297531098e+00 1.707038708643781044e+00 2.026998055549915634e+00 2.148540709852919228e+00 2.059769229712160588e+00 1.769373186111100615e+00
2.330664973426461728e+00 8.167483998236958698e+00 1.320481278309253881e+01 1.694956248939823240e+01 1.903517092469554228e+01 1.925748420404925909e+01 1.759474075472866517e+01 1.420970149056817888e+01 9.433717639699302993e+00 3.734295777681303719e+00 -2.330664973424355413e+00 -8.167483998233150189e+00 -1.320481278308739981e+01 -1.694956248939227095e+01 -1.903517092468933569e+01 -1.925748420404341843e+01 -1.759474075472375887e+01 -1.420970149056468834e+01 -9.433717639697571045e+00 -3.734295777681501338e+00
3.445652267870433771e-01 4.910378316775976693e+00 8.995529364501145153e+00 1.220013532249027044e+01 1.421050703177284191e+01 1.482985530236103244e+01 1.399755401027662138e+01 1.179507460497300109e+01 8.438011116217721153e+00 4.254976308326882339e+00 -3.445652267858734241e-01 -4.910378316773442720e+00 -8.995529364497492963e+00 -1.220013532248586330e+01 -1.421050703176810082e+01 -1.482985530235642990e+01 -1.399755401027260682e+01 -1.179507460496996352e+01 -8.438011116215960783e+00 -4.254976308326571477e+00
9.732145694518095524e+00 -1.451140694052712732e+00 -1.249237932079720714e+01 -2.231077682009672003e+01 -2.994524003592205119e+01 -3.464845451627539319e+01 -3.596003685859782451e+01 -3.375160024489152732e+01 -2.823932183798893902e+01 -1.996278185465985899e+01 -9.732145694517541301e+00 1.451140694049684043e+00 1.249237932079088864e+01 2.231077682008773877e+01 2.994524003591127226e+01 3.464845451626388240e+01 3.596003685858671162e+01 3.375160024488188526e+01 2.823932183798172701e+01 1.996278185465577337e+01
-5.105715878530524776e+00 -2.357896628499741354e+00 6.207299719602294985e-01 3.538595197884530474e+00 6.110078070997258415e+00 8.083463931103482381e+00 9.265584020828288914e+00 9.540724189474502737e+00 8.881951800320811330e+00 7.353752084754762386e+00 5.105715878529510476e+00 2.357896628499668967e+00 -6.207299719593510900e-01 -3.538595197882789645e+00 -6.110078070994823030e+00 -8.083463931100592248e+00 -9.265584020825230027e+00 -9.540724189471569971e+00 -8.881951800318292456e+00 -7.353752084752903428e+00
-3.513895773479888796e+00 -8.158145581133819491e+00 -1.200381925816354389e+01 -1.467447547067741986e+01 -1.590869178103870496e+01 -1.558565449749864484e+01 -1.373698476010334346e+01 -1.054364324318856916e+01 -6.318216463748649758e+00 -1.474318635234691088e+00 3.513895773477675455e+00 8.158145581130289870e+00 1.200381925815904260e+01 1.467447547067239277e+01 1.590869178103363346e+01 1.558565449749403520e+01 1.373698476009963976e+01 1.054364324318613733e+01 6.318216463747728717e+00 1.474318635235370545e+00
-3.353899164005080813e+00 -8.119665633125631388e+00 -1.209062265703857086e+01 -1.487806529495892605e+01 -1.620913924023229313e+01 -1.595354970095790570e+01 -1.413631556203707618e+01 -1.093532036240220151e+01 -6.663899814838597280e+00 -1.740170323278743103e+00 3.353899164002891453e+00 8.119665633122085779e+00 1.209062265703401273e+01 1.487806529495381014e+01 1.620913924022710972e+01 1.595354970095316993e+01 1.413631556203324457e+01 1.093532036239965421e+01 6.663899814837581204e+00 1.740170323279361053e+00
5.668391827887073298e+00 1.198545864725364751e+01 1.712930526662597330e+01 2.059641613961321127e+01 2.204740629718560285e+01 2.134024271307720255e+01 1.854414748599908336e+01 1.393282189831873907e+01 7.957654627553013782e+00 1.203536677602843330e+00 -5.668391827883776379e+00 -1.198545864724858134e+01 -1.712930526661963171e+01 -2.059641613960622308e+01 -2.204740629717863598e+01 -2.134024271307094978e+01 -1.854414748599415219e+01 -1.393282189831561801e+01 -7.957654627552003923e+00 -1.203536677604046812e+00
5.791092701555848876e+00 1.230083406282308189e+01 1.760648408107039486e+01 2.118868876587449890e+01 2.269679696399925461e+01 2.198318453740467859e+01 1.911770484243611534e+01 1.438085099660819566e+01 8.236299257952051533e+00 1.285521162256717087e+00 -5.791092701552466693e+00 -1.230083406281787717e+01 -1.760648408106387208e+01 -2.118868876586730110e+01 -2.269679696399208169e+01 -2.198318453739823042e+01 -1.911770484243103141e+01 -1.438085099660496802e+01 -8.236299257950996378e+00 -1.285521162257940997e+00
1.368442928638081257e+00 5.503643306962036519e+00 9.100108732262604860e+00 1.180579211066337031e+01 1.335584230148193896e+01 1.359852959220635071e+01 1.251009805991880519e+01 1.019709096654808356e+01 6.885921562061418477e+00 2.900710178043803822e+00 -1.368442928636680156e+00 -5.503643306959424386e+00 -9.100108732259034383e+00 -1.180579211065919587e+01 -1.335584230147756379e+01 -1.359852959220220647e+01 -1.251009805991529689e+01 -1.019709096654555225e+01 -6.885921562060114631e+00 -2.900710178043854448e+00
-1.629392083062178864e+00 -5.541222389651049518e+00 -8.910639240774081316e+00 -1.140782063893579057e+01 -1.278832506999829910e+01 -1.291701914170933563e+01 -1.178130538166558239e+01 -9.492355365683247115e+00 -6.274227469379267674e+00 -2.441934473259407046e+00 1.629392083060745122e+00 5.541222389648476465e+00 8.910639240770620972e+00 1.140782063893178311e+01 1.278832506999413354e+01 1.291701914170542054e+01 1.178130538166230323e+01 9.492355365680921864e+00 6.274227469378125477e+00 2.441934473259560701e+00
-2.864675744781508104e+00 -2.288249747801741840e+00 -1.487833922333721803e+00 -5.417785461992459251e-01 4.573098888302433718e-01 1.411633645675617332e+00 2.227776865852266308e+00 2.825849764565133704e+00 3.147308799469309193e+00 3.160687320491596619e+00 2.864675744780715405e+00 2.288249747801187173e+00 1.487833922333460457e+00 5.417785461993028795e-01 -4.573098888298735565e-01 -1.411633645674970960e+00 -2.227776865851407884e+00 -2.825849764564145161e+00 -3.147308799468288232e+00 -3.160687320490642271e+00
-2.692913011049459904e+00 -6.501187365400223683e+00 -9.673080203989556480e+00 -1.189810455589949534e+01 -1.295845953490893265e+01 -1.275035020774494576e+01 -1.129414776533336884e+01 -8.732395448696523843e+00 -5.315855423364795662e+00 -1.378962431451771886e+00 2.692913011047706640e+00 6.501187365397386841e+00 9.673080203985911396e+00 1.189810455589540616e+01 1.295845953490479019e+01 1.275035020774116035e+01 1.129414776533031173e+01 8.732395448694488138e+00 5.315855423363988308e+00 1.378962431452269266e+00
2.539567905626235467e-01 -1.328550311349818047e+00 -2.781009652232932616e+00 -3.961244391921812991e+00 -4.753724930916769509e+00 -5.080877752524417978e+00 -4.910678859158093879e+00 -4.259788504345938698e+00 -3.191920371036762738e+00 -1.811604832393666431e+00 -2.539567905629082079e-01 1.328550311349051771e+00 2.781009652231759777e+00 3.961244391920349273e+00 4.753724930915155689e+00 5.080877752522813928e+00 4.910678859156655918e+00 4.259788504344808047e+00 3.191920371036049975e+00 1.811604832393441278e+00
-8.883663543275844843e-01 -5.138108837844295174e+00 -8.884897429003256519e+00 -1.176197035509074773e+01 -1.348769967235560507e+01 -1.389315897136085809e+01 -1.293865907091890932e+01 -1.071763307167694812e+01 -7.447490473238918440e+00 -3.448335617563212718e+00 8.883663543263121687e-01 5.138108837841765641e+00 8.884897428999716240e+00 1.176197035508654665e+01 1.348769967235114819e+01 1.389315897135658595e+01 1.293865907091524114e+01 1.071763307167423740e+01 7.447490473237436071e+00 3.448335617563101696e+00
7.744471792661313359e+00 1.749697142887581336e+01 2.553674559306313085e+01 3.107680517363235850e+01 3.357485053897274696e+01 3.278635560381950143e+01 2.878850374619286967e+01 2.197263256058929315e+01 1.300592700762274845e+01 2.766110701528849525e+00 -7.744471792656549169e+00 -1.749697142886829226e+01 -2.553674559305359182e+01 -3.107680517362173944e+01 -3.357485053896207461e+01 -3.278635560380982383e+01 -2.878850374618513897e+01 -2.197263256058426251e+01 -1.300592700762091525e+01 -2.766110701530390514e+00
-1.602796026840439758e+00 -5.332506549746181435e+00 -8.540234177804748583e+00 -1.091198418122926483e+01 -1.221559314473064006e+01 -1.232345474018371156e+01 -1.122501072310967984e+01 -9.027784447209308283e+00 -5.946855729343435648e+00 -2.283807338509410645e+00 1.602796026839056864e+00 5.332506549743714075e+00 8.540234177801435678e+00 1.091198418122543501e+01 1.221559314472666458e+01 1.232345474017997944e+01 1.122501072310656056e+01 9.027784447207103824e+00 5.946855729342360064e+00 2.283807338509572293e+00
-3.811696331004358562e+00 -9.431400705787494232e+00 -1.412789386705516925e+01 -1.744145034179063103e+01 -1.904771613534138552e+01 -1.878945876032293683e+01 -1.669195824798714867e+01 -1.296053256262693587e+01 -7.960439648696932657e+00 -2.181123438308476103e+00 3.811696331001823701e+00 9.431400705783355320e+00 1.412789386704983308e+01 1.744145034178462694e+01 1.904771613533528196e+01 1.878945876031734841e+01 1.669195824798261185e+01 1.296053256262390185e+01 7.960439648695696313e+00 2.181123438309159113e+00
