-2.380607346860040163e+00 -6.646852908899310464e+00 -1.026245819686810457e+01 -1.287350257377672236e+01 -1.422439882379745058e+01 -1.418291180973064769e+01 -1.275310256957020272e+01 -1.007493079380978962e+01 -6.410554595780838305e+00 -2.118668648956661293e+00 2.380607346859839879e+00 6.646852908898972068e+00 1.026245819686765870e+01 1.287350257377621254e+01 1.422439882379692300e+01 1.418291180973015742e+01 1.275310256956979771e+01 1.007493079380951251e+01 6.410554595780712184e+00 2.118668648956701261e+00
1.305778567106077759e+00 7.143652440578548424e-01 5.302487364592800567e-02 -6.135059408444761830e-01 -1.219982519297780010e+00 -1.707038708644183611e+00 -2.026998055550447653e+00 -2.148540709853533848e+00 -2.059769229712789418e+00 -1.769373186111663943e+00 -1.305778567106045118e+00 -7.143652440578446283e-01 -5.302487364594288266e-02 6.135059408444387685e-01 1.219982519297722501e+00 1.707038708644112335e+00 2.026998055550369493e+00 2.148540709853456576e+00 2.059769229712721028e+00 1.769373186111610430e+00
2.330664973422054143e+00 8.167483998231571007e+00 1.320481278308696815e+01 1.694956248939321952e+01 1.903517092469166272e+01 1.925748420404688588e+01 1.759474075472790844e+01 1.420970149056890897e+01 9.433717639701171720e+00 3.734295777683799944e+00 -2.330664973421814778e+00 -8.167483998231141129e+00 -1.320481278308638551e+01 -1.694956248939253740e+01 -1.903517092469095218e+01 -1.925748420404621442e+01 -1.759474075472734356e+01 -1.420970149056850929e+01 -9.433717639700970992e+00 -3.734295777683820816e+00
3.445652267840089156e-01 4.910378316772082918e+00 8.995529364496995584e+00 1.220013532248643884e+01 1.421050703176979191e+01 1.482985530235908556e+01 1.399755401027589841e+01 1.179507460497343629e+01 8.438011116219074736e+00 4.254976308328778600e+00 -3.445652267838761329e-01 -4.910378316771797813e+00 -8.995529364496579916e+00 -1.220013532248593791e+01 -1.421050703176925012e+01 -1.482985530235855620e+01 -1.399755401027543478e+01 -1.179507460497308813e+01 -8.438011116218870455e+00 -4.254976308328742185e+00
9.732145694522028379e+00 -1.451140694046216595e+00 -1.249237932078940005e+01 -2.231077682008888985e+01 -2.994524003591535077e+01 -3.464845451627070361e+01 -3.596003685859563603e+01 -3.375160024489188260e+01 -2.823932183799146856e+01 -1.996278185466381672e+01 -9.732145694521960877e+00 1.451140694045887969e+00 1.249237932078868774e+01 2.231077682008787377e+01 2.994524003591411798e+01 3.464845451626938910e+01 3.596003685859435706e+01 3.375160024489077415e+01 2.823932183799064077e+01 1.996278185466334776e+01
-5.105715878530752150e+00 -2.357896628500700587e+00 6.207299719588021958e-01 3.538595197882934418e+00 6.110078070995784927e+00 8.083463931102379263e+00 9.265584020827720479e+00 9.540724189474525829e+00 8.881951800321377988e+00 7.353752084755719842e+00 5.105715878530634910e+00 2.357896628500686820e+00 -6.207299719587044962e-01 -3.538595197882740351e+00 -6.110078070995509592e+00 -8.083463931102050637e+00 -9.265584020827370537e+00 -9.540724189474190098e+00 -8.881951800321088442e+00 -7.353752084755505791e+00
-3.513895773475833373e+00 -8.158145581129110369e+00 -1.200381925815884188e+01 -1.467447547067332536e+01 -1.590869178103565851e+01 -1.558565449749691467e+01 -1.373698476010296865e+01 -1.054364324318939872e+01 -6.318216463750358614e+00 -1.474318635236836039e+00 3.513895773475581130e+00 8.158145581128708912e+00 1.200381925815833029e+01 1.467447547067274982e+01 1.590869178103507764e+01 1.558565449749638177e+01 1.373698476010254055e+01 1.054364324318911983e+01 6.318216463750252032e+00 1.474318635236912423e+00
-3.353899164001020061e+00 -8.119665633120927595e+00 -1.209062265703389372e+01 -1.487806529495487595e+01 -1.620913924022931596e+01 -1.595354970095626257e+01 -1.413631556203679907e+01 -1.093532036240313055e+01 -6.663899814840394953e+00 -1.740170323280950893e+00 3.353899164000770927e+00 8.119665633120526138e+00 1.209062265703337502e+01 1.487806529495428975e+01 1.620913924022871910e+01 1.595354970095571723e+01 1.413631556203635675e+01 1.093532036240283745e+01 6.663899814840275937e+00 1.740170323281020393e+00
5.668391827881067435e+00 1.198545864724684762e+01 1.712930526661931196e+01 2.059641613960752338e+01 2.204740629718148170e+01 2.134024271307499276e+01 1.854414748599881335e+01 1.393282189832016726e+01 7.957654627555651672e+00 1.203536677606052319e+00 -5.668391827880691736e+00 -1.198545864724627208e+01 -1.712930526661859432e+01 -2.059641613960672402e+01 -2.204740629718068234e+01 -2.134024271307427156e+01 -1.854414748599824492e+01 -1.393282189831981199e+01 -7.957654627555533544e+00 -1.203536677606187766e+00
5.791092701549731991e+00 1.230083406281616121e+01 1.760648408106362339e+01 2.118868876586872219e+01 2.269679696399508728e+01 2.198318453740246170e+01 1.911770484243587731e+01 1.438085099660968069e+01 8.236299257954755149e+00 1.285521162259985140e+00 -5.791092701549347410e+00 -1.230083406281557146e+01 -1.760648408106288088e+01 -2.118868876586789796e+01 -2.269679696399426305e+01 -2.198318453740171918e+01 -1.911770484243529111e+01 -1.438085099660931121e+01 -8.236299257954632580e+00 -1.285521162260124139e+00
1.368442928634935774e+00 5.503643306958239556e+00 9.100108732258719968e+00 1.180579211065991707e+01 1.335584230147932416e+01 1.359852959220483015e+01 1.251009805991844459e+01 1.019709096654877811e+01 6.885921562062908841e+00 2.900710178045712517e+00 -1.368442928634776568e+00 -5.503643306957944681e+00 -9.100108732258316735e+00 -1.180579211065944101e+01 -1.335584230147882323e+01 -1.359852959220435409e+01 -1.251009805991804136e+01 -1.019709096654848857e+01 -6.885921562062757850e+00 -2.900710178045716958e+00
-1.629392083059108209e+00 -5.541222389647333380e+00 -8.910639240770263925e+00 -1.140782063893237286e+01 -1.278832506999567720e+01 -1.291701914170775822e+01 -1.178130538166512054e+01 -9.492355365683806667e+00 -6.274227469380608824e+00 -2.441934473261178073e+00 1.629392083058945229e+00 5.541222389647042057e+00 8.910639240769873126e+00 1.140782063893191811e+01 1.278832506999519936e+01 1.291701914170730880e+01 1.178130538166474039e+01 9.492355365683538437e+00 6.274227469380476485e+00 2.441934473261194505e+00
-2.864675744780986300e+00 -2.288249747801462064e+00 -1.487833922333662962e+00 -5.417785461993610552e-01 4.573098888300216602e-01 1.411633645675362869e+00 2.227776865852048260e+00 2.825849764565002697e+00 3.147308799469292317e+00 3.160687320491692542e+00 2.864675744780895705e+00 2.288249747801395895e+00 1.487833922333632097e+00 5.417785461993651630e-01 -4.573098888299810261e-01 -1.411633645675290261e+00 -2.227776865851950561e+00 -2.825849764564889455e+00 -3.147308799469175522e+00 -3.160687320491582852e+00
-2.692913011046175420e+00 -6.501187365396337015e+00 -9.673080203985616521e+00 -1.189810455589600124e+01 -1.295845953490626634e+01 -1.275035020774334349e+01 -1.129414776533288567e+01 -8.732395448697053197e+00 -5.315855423366091514e+00 -1.378962431453481852e+00 2.692913011045975580e+00 6.501187365396015494e+00 9.673080203985200853e+00 1.189810455589553229e+01 1.295845953490579028e+01 1.275035020774290651e+01 1.129414776533253217e+01 8.732395448696818718e+00 5.315855423365997368e+00 1.378962431453537807e+00
2.539567905635279343e-01 -1.328550311348614787e+00 -2.781009652231627438e+00 -3.961244391920595298e+00 -4.753724930915796953e+00 -5.080877752523798030e+00 -4.910678859157870058e+00 -4.259788504346092353e+00 -3.191920371037215265e+00 -1.811604832394293041e+00 -2.539567905635601863e-01 1.328550311348529078e+00 2.781009652231494655e+00 3.961244391920428765e+00 4.753724930915612212e+00 5.080877752523614177e+00 4.910678859157704856e+00 4.259788504345962679e+00 3.191920371037133108e+00 1.811604832394266618e+00
-8.883663543245761129e-01 -5.138108837840593246e+00 -8.884897428999423141e+00 -1.176197035508731048e+01 -1.348769967235297784e+01 -1.389315897135930555e+01 -1.293865907091850787e+01 -1.071763307167760004e+01 -7.447490473240371500e+00 -3.448335617565092104e+00 8.883663543244317840e-01 5.138108837840307253e+00 8.884897428999023461e+00 1.176197035508683086e+01 1.348769967235246803e+01 1.389315897135881350e+01 1.293865907091808509e+01 1.071763307167728918e+01 7.447490473240200082e+00 3.448335617565078337e+00
7.744471792652555031e+00 1.749697142886580181e+01 2.553674559305327207e+01 3.107680517362389594e+01 3.357485053896660077e+01 3.278635560381619740e+01 2.878850374619244690e+01 2.197263256059139636e+01 1.300592700762665643e+01 2.766110701533594174e+00 -7.744471792652012354e+00 -1.749697142886494916e+01 -2.553674559305218850e+01 -3.107680517362268446e+01 -3.357485053896537863e+01 -3.278635560381507474e+01 -2.878850374619155517e+01 -2.197263256059081726e+01 -1.300592700762644505e+01 -2.766110701533768257e+00
-1.602796026837512988e+00 -5.332506549742606516e+00 -8.540234177801046656e+00 -1.091198418122591995e+01 -1.221559314472803770e+01 -1.232345474018209508e+01 -1.122501072310913095e+01 -9.027784447209747043e+00 -5.946855729344637354e+00 -2.283807338511050666e+00 1.602796026837356003e+00 5.332506549742327628e+00 8.540234177800670068e+00 1.091198418122548297e+01 1.221559314472758118e+01 1.232345474018166520e+01 1.122501072310877035e+01 9.027784447209493024e+00 5.946855729344513009e+00 2.283807338511068430e+00
-3.811696330999570392e+00 -9.431400705781912919e+00 -1.412789386704958972e+01 -1.744145034178577092e+01 -1.904771613533777597e+01 -1.878945876032089757e+01 -1.669195824798673655e+01 -1.296053256262796971e+01 -7.960439648699020765e+00 -2.181123438311084684e+00 3.811696330999282623e+00 9.431400705781442184e+00 1.412789386704898398e+01 1.744145034178508169e+01 1.904771613533707253e+01 1.878945876032025453e+01 1.669195824798621075e+01 1.296053256262762154e+01 7.960439648698877768e+00 2.181123438311161067e+00
1.022960189948611154e+00 -2.034190399206343258e+00 -4.892220259049055109e+00 -7.271365513833178973e+00 -8.938738849540737164e+00 -9.731126146799542909e+00 -9.570963016066970752e+00 -8.473927340501287375e+00 -6.547404615523864990e+00 -3.979976308328603274e+00 -1.022960189948653786e+00 2.034190399206195821e+00 4.892220259048813524e+00 7.271365513832868110e+00 8.938738849540385445e+00 9.731126146799185861e+00 9.570963016066643902e+00 8.473927340501022698e+00 6.547404615523689131e+00 3.979976308328533552e+00
