-4.999999999988056665e+00 4.999999999990559552e+00 -4.999999999993063327e+00 4.999999999995567990e+00 -4.999999999998070876e+00 5.000000000000574651e+00 -5.000000000003077538e+00 5.000000000005582201e+00 -5.000000000008084200e+00 5.000000000010589751e+00 -5.000000000013091750e+00 5.000000000015596413e+00 -5.000000000018099300e+00 5.000000000020603963e+00 -5.000000000023105962e+00 5.000000000025610625e+00 -5.000000000028113512e+00 5.000000000030617286e+00 -5.000000000033120173e+00 5.000000000035624836e+00
5.000000000027744751e-02 -5.000000000030248304e-02 5.000000000032751857e-02 -5.000000000035256797e-02 5.000000000037759657e-02 -5.000000000040263209e-02 5.000000000042766068e-02 -5.000000000045271009e-02 5.000000000047773174e-02 -5.000000000050278115e-02 5.000000000052780974e-02 -5.000000000055284527e-02 5.000000000057787386e-02 -5.000000000060292327e-02 5.000000000062794492e-02 -5.000000000065299433e-02 5.000000000067802292e-02 -5.000000000070305844e-02 5.000000000072808704e-02 -5.000000000075313644e-02
-2.449999999993933919e+00 2.449999999995160938e+00 -2.449999999996387512e+00 2.449999999997614974e+00 -2.449999999998841105e+00 2.450000000000068123e+00 -2.450000000001294698e+00 2.450000000002522160e+00 -2.450000000003747846e+00 2.450000000004975309e+00 -2.450000000006201439e+00 2.450000000007428458e+00 -2.450000000008655032e+00 2.450000000009882495e+00 -2.450000000011108181e+00 2.450000000012335644e+00 -2.450000000013562218e+00 2.450000000014789237e+00 -2.450000000016015367e+00 2.450000000017242829e+00
-2.599999999992291588e+00 2.599999999993593214e+00 -2.599999999994894839e+00 2.599999999996197797e+00 -2.599999999997498978e+00 2.599999999998801048e+00 -2.600000000000102673e+00 2.600000000001405187e+00 -2.600000000002705924e+00 2.600000000004008882e+00 -2.600000000005310064e+00 2.600000000006612133e+00 -2.600000000007913759e+00 2.600000000009216272e+00 -2.600000000010517009e+00 2.600000000011819967e+00 -2.600000000013121149e+00 2.600000000014423218e+00 -2.600000000015724844e+00 2.600000000017027357e+00
2.749999999992429611e+00 -2.749999999993806732e+00 2.749999999995183408e+00 -2.749999999996560973e+00 2.749999999997937650e+00 -2.749999999999314770e+00 2.750000000000691447e+00 -2.750000000002069012e+00 2.750000000003445244e+00 -2.750000000004822809e+00 2.750000000006199485e+00 -2.750000000007576606e+00 2.750000000008953283e+00 -2.750000000010330847e+00 2.750000000011707080e+00 -2.750000000013084644e+00 2.750000000014460877e+00 -2.750000000015838442e+00 2.750000000017214674e+00 -2.750000000018592683e+00
3.399999999990347188e+00 -3.399999999992049382e+00 3.399999999993751576e+00 -3.399999999995455102e+00 3.399999999997156852e+00 -3.399999999998859490e+00 3.400000000000561684e+00 -3.400000000002264766e+00 3.400000000003966072e+00 -3.400000000005669598e+00 3.400000000007371348e+00 -3.400000000009073986e+00 3.400000000010776180e+00 -3.400000000012479262e+00 3.400000000014180568e+00 -3.400000000015884094e+00 3.400000000017585844e+00 -3.400000000019288482e+00 3.400000000020990676e+00 -3.400000000022693758e+00
1.899999999994856692e+00 -1.899999999995807931e+00 1.899999999996759170e+00 -1.899999999997711075e+00 1.899999999998662092e+00 -1.899999999999613776e+00 1.900000000000564793e+00 -1.900000000001516698e+00 1.900000000002467271e+00 -1.900000000003419176e+00 1.900000000004370193e+00 -1.900000000005321876e+00 1.900000000006272893e+00 -1.900000000007224799e+00 1.900000000008175371e+00 -1.900000000009127277e+00 1.900000000010078294e+00 -1.900000000011029977e+00 1.900000000011980994e+00 -1.900000000012932899e+00
-2.249999999994426236e+00 2.249999999995552891e+00 -2.249999999996679545e+00 2.249999999997806643e+00 -2.249999999998932854e+00 2.250000000000059508e+00 -2.250000000001185718e+00 2.250000000002313261e+00 -2.250000000003439027e+00 2.250000000004566125e+00 -2.250000000005692335e+00 2.250000000006819434e+00 -2.250000000007945644e+00 2.250000000009072743e+00 -2.250000000010198509e+00 2.250000000011325607e+00 -2.250000000012451817e+00 2.250000000013578916e+00 -2.250000000014705126e+00 2.250000000015832224e+00
1.999999999992525257e-01 -1.999999999993526678e-01 1.999999999994528099e-01 -1.999999999995530076e-01 1.999999999996531219e-01 -1.999999999997532918e-01 1.999999999998533784e-01 -1.999999999999535760e-01 2.000000000000536626e-01 -2.000000000001538603e-01 2.000000000002539746e-01 -2.000000000003541445e-01 2.000000000004542311e-01 -2.000000000005544287e-01 2.000000000006545153e-01 -2.000000000007547130e-01 2.000000000008548273e-01 -2.000000000009549972e-01 2.000000000010550838e-01 -2.000000000011552814e-01
-2.399999999993110755e+00 2.399999999994312461e+00 -2.399999999995514166e+00 2.399999999996716760e+00 -2.399999999997918021e+00 2.399999999999119726e+00 -2.400000000000320988e+00 2.400000000001523581e+00 -2.400000000002724398e+00 2.400000000003926992e+00 -2.400000000005128253e+00 2.400000000006329959e+00 -2.400000000007531220e+00 2.400000000008733814e+00 -2.400000000009934631e+00 2.400000000011137224e+00 -2.400000000012338486e+00 2.400000000013540191e+00 -2.400000000014741453e+00 2.400000000015944046e+00
-5.999999999984242383e-01 5.999999999987246646e-01 -5.999999999990250910e-01 5.999999999993257394e-01 -5.999999999996260547e-01 5.999999999999264810e-01 -6.000000000002267964e-01 6.000000000005274448e-01 -6.000000000008276491e-01 6.000000000011282975e-01 -6.000000000014286128e-01 6.000000000017290391e-01 -6.000000000020293545e-01 6.000000000023300029e-01 -6.000000000026302072e-01 6.000000000029308556e-01 -6.000000000032311709e-01 6.000000000035315972e-01 -6.000000000038319126e-01 6.000000000041325610e-01
-2.349999999993433342e+00 2.349999999994610178e+00 -2.349999999995786570e+00 2.349999999996963851e+00 -2.349999999998140243e+00 2.349999999999317080e+00 -2.350000000000493472e+00 2.350000000001670752e+00 -2.350000000002846701e+00 2.350000000004023981e+00 -2.350000000005200373e+00 2.350000000006377210e+00 -2.350000000007553602e+00 2.350000000008730883e+00 -2.350000000009906831e+00 2.350000000011084111e+00 -2.350000000012260060e+00 2.350000000013437340e+00 -2.350000000014613288e+00 2.350000000015790569e+00
4.699999999986986587e+00 -4.699999999989340260e+00 4.699999999991693045e+00 -4.699999999994047606e+00 4.699999999996400391e+00 -4.699999999998754063e+00 4.700000000001106848e+00 -4.700000000003461409e+00 4.700000000005813305e+00 -4.700000000008167866e+00 4.700000000010520651e+00 -4.700000000012874324e+00 4.700000000015227108e+00 -4.700000000017581669e+00 4.700000000019933566e+00 -4.700000000022288127e+00 4.700000000024640023e+00 -4.700000000026994584e+00 4.700000000029346481e+00 -4.700000000031701930e+00
-2.299999999993599165e+00 2.299999999994750688e+00 -2.299999999995902655e+00 2.299999999997054623e+00 -2.299999999998206146e+00 2.299999999999357669e+00 -2.300000000000509193e+00 2.300000000001661160e+00 -2.300000000002812239e+00 2.300000000003964651e+00 -2.300000000005115730e+00 2.300000000006267697e+00 -2.300000000007418777e+00 2.300000000008571188e+00 -2.300000000009722267e+00 2.300000000010874235e+00 -2.300000000012025758e+00 2.300000000013177281e+00 -2.300000000014328805e+00 2.300000000015480772e+00
-2.399999999993605027e+00 2.399999999994806732e+00 -2.399999999996008437e+00 2.399999999997210587e+00 -2.399999999998411848e+00 2.399999999999613998e+00 -2.400000000000815259e+00 2.400000000002017408e+00 -2.400000000003218670e+00 2.400000000004420819e+00 -2.400000000005622081e+00 2.400000000006824230e+00 -2.400000000008025491e+00 2.400000000009227641e+00 -2.400000000010428902e+00 2.400000000011631052e+00 -2.400000000012832313e+00 2.400000000014034462e+00 -2.400000000015235724e+00 2.400000000016437873e+00
-2.349999999992413269e+00 2.349999999993589661e+00 -2.349999999994766497e+00 2.349999999995943778e+00 -2.349999999997120170e+00 2.349999999998297007e+00 -2.349999999999473399e+00 2.350000000000650680e+00 -2.350000000001826628e+00 2.350000000003003908e+00 -2.350000000004179856e+00 2.350000000005357137e+00 -2.350000000006533085e+00 2.350000000007710366e+00 -2.350000000008886314e+00 2.350000000010063594e+00 -2.350000000011239987e+00 2.350000000012416823e+00 -2.350000000013593215e+00 2.350000000014770496e+00
-2.499999999992323030e+00 2.499999999993574917e+00 -2.499999999994826805e+00 2.499999999996079136e+00 -2.499999999997330580e+00 2.499999999998582467e+00 -2.499999999999833911e+00 2.500000000001086242e+00 -2.500000000002337242e+00 2.500000000003589573e+00 -2.500000000004841016e+00 2.500000000006093348e+00 -2.500000000007344347e+00 2.500000000008597123e+00 -2.500000000009848122e+00 2.500000000011100454e+00 -2.500000000012351897e+00 2.500000000013603785e+00 -2.500000000014855228e+00 2.500000000016107560e+00
-3.049999999991467092e+00 3.049999999992993871e+00 -3.049999999994521094e+00 3.049999999996049205e+00 -3.049999999997575983e+00 3.049999999999103206e+00 -3.050000000000629985e+00 3.050000000002158096e+00 -3.050000000003683986e+00 3.050000000005212097e+00 -3.050000000006738876e+00 3.050000000008266543e+00 -3.050000000009792878e+00 3.050000000011320989e+00 -3.050000000012847323e+00 3.050000000014374990e+00 -3.050000000015901769e+00 3.050000000017429436e+00 -3.050000000018956214e+00 3.050000000020483881e+00
-3.199999999991058885e+00 3.199999999992661159e+00 -3.199999999994263433e+00 3.199999999995866595e+00 -3.199999999997468425e+00 3.199999999999071143e+00 -3.200000000000672529e+00 3.200000000002275691e+00 -3.200000000003877076e+00 3.200000000005480238e+00 -3.200000000007082068e+00 3.200000000008684786e+00 -3.200000000010286172e+00 3.200000000011889334e+00 -3.200000000013490720e+00 3.200000000015093882e+00 -3.200000000016695711e+00 3.200000000018298429e+00 -3.200000000019899815e+00 3.200000000021502977e+00
-9.999999999977650100e-01 9.999999999982657206e-01 -9.999999999987664312e-01 9.999999999992673638e-01 -9.999999999997679634e-01 1.000000000000268674e+00 -1.000000000000769385e+00 1.000000000001270317e+00 -1.000000000001770584e+00 1.000000000002271738e+00 -1.000000000002772227e+00 1.000000000003272937e+00 -1.000000000003773648e+00 1.000000000004274581e+00 -1.000000000004774847e+00 1.000000000005276002e+00 -1.000000000005776490e+00 1.000000000006277201e+00 -1.000000000006777912e+00 1.000000000007278844e+00
