-2.523236515853399808e+00 2.225521789017639307e+00 -1.709957483351251195e+00 1.027010625240816655e+00 -2.435328115288817319e-01 -5.637836905674549204e-01 1.315913116918209003e+00 -1.939231798878440438e+00 2.372724960941443584e+00 -2.573959272080281302e+00 2.523236515839075711e+00 -2.225521789005224793e+00 1.709957483341967954e+00 -1.027010625235558416e+00 2.435328115281813477e-01 5.637836905635464912e-01 -1.315913116910061742e+00 1.939231798866849932e+00 -2.372724960927555138e+00 2.573959272065448722e+00
-2.466921229265101712e+00 2.241550338196834691e+00 -1.796760882226729583e+00 1.176091952335728053e+00 -4.402989478364328080e-01 -3.385935854193731220e-01 1.084342219413228392e+00 -1.723947881913654667e+00 2.194801514280581234e+00 -2.450812682347999427e+00 2.466921229251040515e+00 -2.241550338184266522e+00 1.796760882216889899e+00 -1.176091952329567203e+00 4.402989478345702978e-01 3.385935854167716474e-01 -1.084342219406405183e+00 1.723947881903275414e+00 -2.194801514267674225e+00 2.450812682333819215e+00
3.259723467077728198e+00 -2.991031456263736121e+00 2.429556446769615796e+00 -1.630259524551371353e+00 6.713814413850585083e-01 3.532161350524369858e-01 -1.343238455188321412e+00 2.201775236436708028e+00 -2.844786916871720361e+00 3.209331033086858742e+00 -3.259723467059123081e+00 2.991031456246938003e+00 -2.429556446756275356e+00 1.630259524542778449e+00 -6.713814413820756721e-01 -3.532161350495398588e-01 1.343238455179811330e+00 -2.201775236423415105e+00 2.844786916854962211e+00 -3.209331033068264727e+00
3.522432790036368111e+00 -3.137308571272496849e+00 2.445082730638994839e+00 -1.513515156438405063e+00 4.337941734466285171e-01 6.883896056625620208e-01 -1.743189013875846793e+00 2.627352935897854014e+00 -3.254333246709044225e+00 3.562756745058862862e+00 -3.522432790016345461e+00 3.137308571254966871e+00 -2.445082730625681045e+00 1.513515156430591091e+00 -4.337941734451044029e-01 -6.883896056576719324e-01 1.743189013865003023e+00 -2.627352935882115936e+00 3.254333246689967929e+00 -3.562756745038305528e+00
1.956228180940788430e+00 -1.743562000781223809e+00 1.360223823874779692e+00 -8.437374618513571178e-01 2.446601983980060679e-01 3.783661099216742985e-01 -9.643553071698289791e-01 1.455946687893087343e+00 -1.805019862627846639e+00 1.977405116895435855e+00 -1.956228180929667548e+00 1.743562000771480269e+00 -1.360223823867371618e+00 8.437374618469987153e-01 -2.446601983971377348e-01 -3.783661099189811194e-01 9.643553071638278906e-01 -1.455946687884364543e+00 1.805019862617264881e+00 -1.977405116884025205e+00
-2.258804518081273027e+00 1.972124089097313071e+00 -1.492398413676487179e+00 8.665863833744935629e-01 -1.559468400062163640e-01 -5.699578666065669985e-01 1.240071126105140031e+00 -1.788797583696283500e+00 2.162424070509112006e+00 -2.324377422805807836e+00 2.258804518068468159e+00 -1.972124089086332743e+00 1.492398413668410972e+00 -8.665863833700995222e-01 1.559468400059509097e-01 5.699578666026938745e-01 -1.240071126097495924e+00 1.788797583685615367e+00 -2.162424070496473671e+00 2.324377422792430536e+00
-3.598203609396478930e-02 7.021575905164224862e-02 -9.757627429135058705e-02 1.153853439495179517e-01 -1.218996922049306458e-01 1.164816492622290645e-01 -9.966157091438318516e-02 7.308592362246874030e-02 -3.935611690685023034e-02 1.773859258240341463e-03 3.598203609372704892e-02 -7.021575905121268946e-02 9.757627429077098125e-02 -1.153853439488454480e-01 1.218996922042308306e-01 -1.164816492615704385e-01 9.966157091383033573e-02 -7.308592362207605442e-02 3.935611690665546947e-02 -1.773859258263378591e-03
-2.208809081655732420e+00 1.980366972158401850e+00 -1.558072745398575876e+00 9.832635025885880786e-01 -3.122055773462997785e-01 -3.894132050700173653e-01 1.052913509771961298e+00 -1.613347304056950815e+00 2.015855423368676291e+00 -2.221037568550143781e+00 2.208809081643165584e+00 -1.980366972147323601e+00 1.558072745390075564e+00 -9.832635025834854936e-01 3.122055773451098970e-01 3.894132050671932910e-01 -1.052913509765388334e+00 1.613347304047271225e+00 -2.015855423356847087e+00 2.221037568537317153e+00
-2.803499928159901011e-01 1.931401147256744388e-01 -8.702433651981650309e-02 -2.760999007867862010e-02 1.395416584780309888e-01 -2.378140171015315218e-01 3.128074827833504656e-01 -3.571811725923846326e-01 3.665914806004872406e-01 -3.401172602943947076e-01 2.803499928144457809e-01 -1.931401147246504246e-01 8.702433651941421378e-02 2.760999007842226960e-02 -1.395416584771383972e-01 2.378140171000923397e-01 -3.128074827815040537e-01 3.571811725903119017e-01 -3.665914805983916391e-01 3.401172602924814603e-01
-2.183518350752748471e+00 1.949912236727902037e+00 -1.525435127135120306e+00 9.516377989674617011e-01 -2.846875325871689455e-01 -4.101299330166439105e-01 1.064801023232746058e+00 -1.615241970389186710e+00 2.007571779430858516e+00 -2.203386475126458688e+00 2.183518350740332625e+00 -1.949912236717001868e+00 1.525435127126807622e+00 -9.516377989625385281e-01 2.846875325861321082e-01 4.101299330137077592e-01 -1.064801023226113141e+00 1.615241970379505121e+00 -2.007571779419086155e+00 2.203386475113740417e+00
4.919053698942963848e+00 -4.467134041267657452e+00 3.577940179280899358e+00 -2.338512603572323822e+00 8.701751208522967573e-01 6.833411655615764246e-01 -2.169967257570680985e+00 3.444181835356324495e+00 -4.381255898070175903e+00 4.889462107475348596e+00 -4.919053698914927608e+00 4.467134041242613485e+00 -3.577940179261307918e+00 2.338512603560078063e+00 -8.701751208486282474e-01 -6.833411655563422782e-01 2.169967257557031459e+00 -3.444181835335592190e+00 4.381255898044412511e+00 -4.889462107447061889e+00
-2.332614169802550208e+00 2.094309948630154850e+00 -1.651000077770829577e+00 1.046078816105981080e+00 -3.387600714617644004e-01 -4.017188692564989116e-01 1.102874768111168358e+00 -1.696073600482046917e+00 2.123248931597541578e+00 -2.342585863742746355e+00 2.332614169789276382e+00 -2.094309948618435779e+00 1.651000077761818341e+00 -1.046078816100546982e+00 3.387600714604551144e-01 4.017188692535711425e-01 -1.102874768104278314e+00 1.696073600471867282e+00 -2.123248931585079546e+00 2.342585863729215401e+00
-2.485517264516928559e+00 2.275170115920700287e+00 -1.842113464336242012e+00 1.228737912103977870e+00 -4.950849319153289851e-01 -2.870304108678680133e-01 1.041049217175970432e+00 -1.693162872689697451e+00 2.179537949264520602e+00 -2.452564665631099317e+00 2.485517264502746571e+00 -2.275170115907927393e+00 1.842113464326133654e+00 -1.228737912097510820e+00 4.950849319131526149e-01 2.870304108655574171e-01 -1.041049217169386587e+00 1.693162872679482511e+00 -2.179537949251686868e+00 2.452564665616894235e+00
-2.104926201212257819e+00 2.015749879530827737e+00 -1.729257915085920416e+00 1.273494137464499909e+00 -6.930718807132709713e-01 4.480691936280400967e-02 6.078440554423079067e-01 -1.200995019001461994e+00 1.676584222275823377e+00 -1.988057680424241580e+00 2.104926201200170155e+00 -2.015749879519427079e+00 1.729257915076326091e+00 -1.273494137457641617e+00 6.930718807098330547e-01 -4.480691936310926549e-02 -6.078440554382786853e-01 1.200995018994101216e+00 -1.676584222265862900e+00 1.988057680412647521e+00
-2.402366900391581517e+00 2.204402125100043630e+00 -1.790655110831367969e+00 1.201626298087348443e+00 -4.949739310645839829e-01 -2.601299330161000456e-01 9.897704668204999612e-01 -1.622525371195404187e+00 2.096456187438095586e+00 -2.365171265184793814e+00 2.402366900377869374e+00 -2.204402125087663311e+00 1.790655110821535834e+00 -1.201626298081014621e+00 4.949739310623845201e-01 2.601299330139660304e-01 -9.897704668142291995e-01 1.622525371185608467e+00 -2.096456187425745910e+00 2.365171265171090553e+00
-2.862802069525239190e+00 2.617071212327109819e+00 -2.115163190659543613e+00 1.406208258682436485e+00 -5.596038647173539049e-01 -3.417784545146423936e-01 1.209705117307214639e+00 -1.959217414705693772e+00 2.516947860881656229e+00 -2.828301913827142577e+00 2.862802069508907810e+00 -2.617071212312421125e+00 2.115163190647941782e+00 -1.406208258675041511e+00 5.596038647149090828e-01 3.417784545119169626e-01 -1.209705117299570976e+00 1.959217414693878112e+00 -2.516947860866839193e+00 2.828301913810764567e+00
-3.136240191391200582e+00 2.807597496196338582e+00 -2.204127596392351229e+00 1.384902330394356174e+00 -4.301131751164788408e-01 -5.667784545153777831e-01 1.508189860040463737e+00 -2.301969133887174390e+00 2.870415630146208930e+00 -3.157885845164404515e+00 3.136240191373361075e+00 -2.807597496180636476e+00 2.204127596380331955e+00 -1.384902330387177694e+00 4.301131751148661309e-01 5.667784545112883876e-01 -1.508189860031056595e+00 2.301969133873368101e+00 -2.870415630129369511e+00 3.157885845146171100e+00
-1.015309909806752175e+00 9.888384529618475804e-01 -8.655725986985181031e-01 6.575784676758684721e-01 -3.852159746188010825e-01 7.514585800887060851e-02 2.422800587545845818e-01 -5.359899153023666152e-01 7.772333444787236090e-01 -9.423957585941447057e-01 1.015309909800907073e+00 -9.888384529562398439e-01 8.655725986936979588e-01 -6.575784676723035460e-01 3.852159746168462573e-01 -7.514585800871070864e-02 -2.422800587529288230e-01 5.359899152990559301e-01 -7.772333444740879838e-01 9.423957585886334476e-01
-2.801251461120915387e+00 2.559513591787454079e+00 -2.067232698910491884e+00 1.372596666207743787e+00 -5.436013083741597640e-01 -3.386055330151211962e-01 1.187667305628417047e+00 -1.920471927401223189e+00 2.465287376204574610e+00 -2.768783319957415223e+00 2.801251461104936169e+00 -2.559513591773089569e+00 2.067232698899153842e+00 -1.372596666200527782e+00 5.436013083717906591e-01 3.386055330124303486e-01 -1.187667305620915492e+00 1.920471927389642897e+00 -2.465287376190063107e+00 2.768783319941383159e+00
-2.415070639441576628e+00 2.233565610411521796e+00 -1.833423617268074457e+00 1.253813346253539684e+00 -5.514710890772009932e-01 -2.048530006221794264e-01 9.411246513250217660e-01 -1.585272463954381150e+00 2.074242762568530463e+00 -2.360171727482931914e+00 2.415070639427776999e+00 -2.233565610398961176e+00 1.833423617257986749e+00 -1.253813346246900551e+00 5.514710890746762351e-01 2.048530006203590770e-01 -9.411246513190222318e-01 1.585272463944787491e+00 -2.074242762556293584e+00 2.360171727469241976e+00
