-1.722008466757582457e-01 3.224901404898951052e-01 -2.069090505037119998e-01 -7.925396358612132874e-02 3.000776724671788687e-01 -2.735084972509324586e-01 2.145084965435752056e-02 2.482915110991352481e-01 -3.133350266414916541e-01 1.200559042739836879e-01 1.722008466758383483e-01 -3.224901404908310232e-01 2.069090505047328221e-01 7.925396358585806711e-02 -3.000776724678892449e-01 2.735084972520311353e-01 -2.145084965493850720e-02 -2.482915110995505825e-01 3.133350266425615760e-01 -1.200559042748243488e-01
2.504123723307055460e+00 -3.853881168073416963e-01 -2.051072820372077388e+00 2.796568827194103157e+00 -1.236491006919504976e+00 -1.342986470275918442e+00 2.815266289434087188e+00 -1.966557542136021963e+00 -5.034392473304030169e-01 2.558385872149579132e+00 -2.504123723316740158e+00 3.853881168130133261e-01 2.051072820375094086e+00 -2.796568827203323782e+00 1.236491006927326497e+00 1.342986470275948863e+00 -2.815266289441940462e+00 1.966557542145226822e+00 5.034392473274295066e-01 -2.558385872155300333e+00
2.308059579797581584e+00 -6.621093545333673891e-01 -1.529703351799361233e+00 2.460383495674761889e+00 -1.362650915684080033e+00 -8.584912711515352290e-01 2.371867932494806652e+00 -1.929806711061177626e+00 -1.032440834214481962e-01 2.051177410305562443e+00 -2.308059579805900707e+00 6.621093545391609769e-01 1.529703351800868028e+00 -2.460383495682330501e+00 1.362650915691468123e+00 8.584912711504221194e-01 -2.371867932500882237e+00 1.929806711069436576e+00 1.032440834178101063e-01 -2.051177410309556137e+00
-5.154156367921493676e+00 9.782517682208651255e-01 4.004152443145478024e+00 -5.685415276247483440e+00 2.679454061928812525e+00 2.535528112655426991e+00 -5.660146124715631721e+00 4.118372723203005847e+00 8.187086244318796391e-01 -5.080822433937413507e+00 5.154156367941062022e+00 -9.782517682328802922e-01 -4.004152443150919005e+00 5.685415276265901596e+00 -2.679454061945019117e+00 -2.535528112654801713e+00 5.660146124731094019e+00 -4.118372723221816578e+00 -8.187086244252183009e-01 5.080822433948418038e+00
4.972019777191261092e-01 -4.445397590906465801e-01 2.538585118310904276e-02 4.146969012062525772e-01 -5.128912965842264970e-01 1.882429791165584898e-01 2.915984026397930862e-01 -5.310374604442769098e-01 3.326735726883437438e-01 1.399562207370789180e-01 -4.972019777203205981e-01 4.445397590924514697e-01 -2.538585118403724472e-02 -4.146969012069676164e-01 5.128912965859940831e-01 -1.882429791179211220e-01 -2.915984026399584539e-01 5.310374604458341086e-01 -3.326735726900102441e-01 -1.399562207366804312e-01
-2.438899977267864561e+00 3.678776872194730596e-01 2.006433818878968101e+00 -2.726582104096773929e+00 1.198855681026824049e+00 1.317242726228447847e+00 -2.747367377361577212e+00 1.912481327857616487e+00 4.991107377631935904e-01 -2.499221189695113754e+00 2.438899977277312114e+00 -3.678776872249832630e-01 -2.006433818881936837e+00 2.726582104105776949e+00 -1.198855681034437515e+00 -1.317242726228505134e+00 2.747367377369253738e+00 -1.912481327866587533e+00 -4.991107377603193340e-01 2.499221189700717272e+00
-2.425513270995676152e+00 2.401183528690259972e-01 2.143237217754641932e+00 -2.759644810391545189e+00 1.100919824472976538e+00 1.465435936829264429e+00 -2.823643088169827120e+00 1.853955593099187116e+00 6.441875761126969469e-01 -2.611243506998852215e+00 2.425513271005320437e+00 -2.401183528742740214e-01 -2.143237217758116042e+00 2.759644810400880388e+00 -1.100919824480474984e+00 -1.465435936829789121e+00 2.823643088177937965e+00 -1.853955593108201017e+00 -6.441875761102060505e-01 2.611243507004949116e+00
3.676637618312035283e+00 -7.623379975009498821e-01 -2.780455553927311918e+00 4.030959536009459221e+00 -1.958221581781626197e+00 -1.728932003026528275e+00 3.990703048974818756e+00 -2.962420793906893390e+00 -5.081685414893433173e-01 3.559808742641807910e+00 -3.676637618325865997e+00 7.623379975096395977e-01 2.780455553930925028e+00 -4.030959536022401757e+00 1.958221581793224475e+00 1.728932003025842379e+00 -3.990703048985604351e+00 2.962420793920264472e+00 5.081685414844030468e-01 -3.559808742649388957e+00
3.314331954126137347e+00 -5.673964581832434684e-01 -2.647317413481597104e+00 3.679504725748283800e+00 -1.678199813589668965e+00 -1.706662524093500943e+00 3.684501938196537374e+00 -2.624729278537650146e+00 -5.989476158277603490e-01 3.328834429498185088e+00 -3.314331954138841851e+00 5.673964581908559346e-01 2.647317413485351434e+00 -3.679504725760314177e+00 1.678199813600054435e+00 1.706662524093328193e+00 -3.684501938206713234e+00 2.624729278549791101e+00 5.989476158236571868e-01 -3.328834429505518333e+00
2.137136187062130155e+00 -4.674305340670350528e-01 -1.587638638271534175e+00 2.333811689159714486e+00 -1.155921546760671603e+00 -9.749444131743569830e-01 2.302037442499615949e+00 -1.731262904679182757e+00 -2.668158360770348514e-01 2.044923731728720551e+00 -2.137136187070121096e+00 4.674305340721309765e-01 1.587638638273533909e+00 -2.333811689167163639e+00 1.155921546767427310e+00 9.749444131738677077e-01 -2.302037442505793230e+00 1.731262904686936999e+00 2.668158360740920942e-01 -2.044923731733025551e+00
-2.184684449302338294e+00 4.813008968348219119e-01 1.618881311154059199e+00 -2.384410016652620978e+00 1.184160775260149290e+00 9.923455365710560638e-01 -2.350732918410924022e+00 1.771106746470563431e+00 2.686720667890515335e-01 -2.086949703594877636e+00 2.184684449310500653e+00 -4.813008968400376841e-01 -1.618881311156089131e+00 2.384410016660225562e+00 -1.184160775267057542e+00 -9.923455365705429188e-01 2.350732918417225648e+00 -1.771106746478487759e+00 -2.686720667860331146e-01 2.086949703599263906e+00
7.583192701962569726e-02 1.494263747553088023e-02 -9.339805089662026050e-02 9.485335634430777652e-02 -1.810875708263524203e-02 -7.356523564331404752e-02 1.045898782678123529e-01 -4.938754032647615921e-02 -4.653134256604010699e-02 1.040884141859091117e-01 -7.583192701997165663e-02 -1.494263747540821100e-02 9.339805089682204353e-02 -9.485335634466768306e-02 1.810875708285658928e-02 7.356523564341393984e-02 -1.045898782681509431e-01 4.938754032677447614e-02 4.653134256602788066e-02 -1.040884141861933287e-01
-1.903124557493542923e+00 3.741907354905559258e-01 1.463236965762813924e+00 -2.094328953660815174e+00 9.987943790594958626e-01 9.201757414938843693e-01 -2.080525839795452026e+00 1.525629069797197923e+00 2.870413044048158446e-01 -1.863066360854181092e+00 1.903124557500742497e+00 -3.741907354950163023e-01 -1.463236965764769026e+00 2.094328953667576432e+00 -9.987943790654876253e-01 -9.201757414936052593e-01 2.080525839801112387e+00 -1.525629069804134152e+00 -2.870413044023181759e-01 1.863066360858190107e+00
-3.361968861324766689e-01 2.379333001469547959e-01 5.648951642121599614e-02 -3.043407094701811033e-01 3.012844449765378907e-01 -4.984039753448439580e-02 -2.426935436983601591e-01 3.351437691596535484e-01 -1.512915861212136281e-01 -1.572898429237901130e-01 3.361968861334083680e-01 -2.379333001480596899e-01 -5.648951642084834579e-02 3.043407094708545646e-01 -3.012844449776965194e-01 4.984039753517273408e-02 2.426935436987092964e-01 -3.351437691607525027e-01 1.512915861221572622e-01 1.572898429237818974e-01
-2.373565235635823889e+00 7.472828251448074832e-01 1.495081587813648749e+00 -2.504856641727927880e+00 1.449553998416040157e+00 8.008037163874766051e-01 -2.390955227364527591e+00 2.009932726686442628e+00 2.813759767215795460e-02 -2.043010456580933720e+00 2.373565235644247817e+00 -7.472828251508880637e-01 -1.495081587814923063e+00 2.504856641735509371e+00 -1.449553998423676493e+00 -8.008037163860848295e-01 2.390955227370523684e+00 -2.009932726694886540e+00 -2.813759766822249153e-02 2.043010456584763990e+00
5.014433381106273124e+00 -9.764694381927477851e-01 -3.866524710940665077e+00 5.521841843626387636e+00 -2.624789691410533532e+00 -2.436216501667256562e+00 5.488733953556751644e+00 -4.016177241649884877e+00 -7.674344470886630409e-01 4.918350541852657187e+00 -5.014433381125262379e+00 9.764694382044827314e-01 3.866524710945856036e+00 -5.521841843644231140e+00 2.624789691426315574e+00 2.436216501666556677e+00 -5.488733953571701463e+00 4.016177241668168030e+00 7.674344470821099495e-01 -4.918350541863260261e+00
-2.317835833756860531e+00 2.355288675831390399e-01 2.040955044049079348e+00 -2.634815418552499899e+00 1.056456247027265150e+00 1.392876615163677778e+00 -2.693880912341289680e+00 1.773970328249943273e+00 6.084537184423162159e-01 -2.489250573057202320e+00 2.317835833766064724e+00 -2.355288675881652694e-01 -2.040955044052374490e+00 2.634815418561402112e+00 -1.056456247034434304e+00 -1.392876615164156728e+00 2.693880912349016832e+00 -1.773970328258552831e+00 -6.084537184399182452e-01 2.489250573063003458e+00
-2.817312445226271223e+00 7.170626796153104499e-01 1.974354709133123498e+00 -3.038055841262242929e+00 1.597094129137448748e+00 1.160559090003327576e+00 -2.961413164174976576e+00 2.320790877691472076e+00 2.331598610514337699e-01 -2.594886733198199291e+00 2.817312445236606511e+00 -7.170626796222143717e-01 -1.974354709135341057e+00 3.038055841271757540e+00 -1.597094129146413577e+00 -1.160559090002307725e+00 2.961413164182737923e+00 -2.320790877701619959e+00 -2.331598610472594701e-01 2.594886733203453755e+00
-1.574124821468707358e+00 7.431730035170119875e-02 1.486759595195768613e+00 -1.822108027873457825e+00 6.552568585399350942e-01 1.051807392047614975e+00 -1.891730605136564103e+00 1.172055309972089843e+00 5.138969529916297407e-01 -1.776177410306145621e+00 1.574124821475127778e+00 -7.431730035495670572e-02 -1.486759595198361872e+00 1.822108027879763448e+00 -6.552568585447539062e-01 -1.051807392048258682e+00 1.891730605142136534e+00 -1.172055309978000004e+00 -5.138969529902516209e-01 1.776177410310442184e+00
-2.169691176301115298e+00 5.060961105870435128e-01 1.574739516210821089e+00 -2.357313438250122406e+00 1.196448631858247236e+00 9.508037163872407049e-01 -2.314185436494138770e+00 1.769684424896156960e+00 2.337966241631522502e-01 -2.044528840335097630e+00 2.169691176309165748e+00 -5.060961105922753278e-01 -1.574739516212720236e+00 2.357313438257590210e+00 -1.196448631865124401e+00 -9.508037163866267516e-01 2.314185436500290738e+00 -1.769684424904006459e+00 -2.337966241600724360e-01 2.044528840339336906e+00
