-2.157294901687884625e+00 1.254634122154988152e+00 1.272542485956509317e-01 -1.460535821595482675e+00 2.235942352532513500e+00 -2.157294901687489830e+00 1.254634122154737019e+00 1.272542485956645320e-01 -1.460535821595254635e+00 2.235942352532128918e+00 -2.157294901687095479e+00 1.254634122154479892e+00 1.272542485956759950e-01 -1.460535821595029038e+00 2.235942352531743005e+00 -2.157294901686699351e+00 1.254634122154230313e+00 1.272542485956875136e-01 -1.460535821594797889e+00 2.235942352531356647e+00
2.674138953656772344e+00 -1.551847717654221359e+00 -1.631966011281977824e-01 1.815905365127984172e+00 -2.775000000002070699e+00 2.674138953656282958e+00 -1.551847717653910941e+00 -1.631966011282137141e-01 1.815905365127700621e+00 -2.775000000001593303e+00 2.674138953655794015e+00 -1.551847717653592529e+00 -1.631966011282269813e-01 1.815905365127419957e+00 -2.775000000001114131e+00 2.674138953655302853e+00 -1.551847717653283443e+00 -1.631966011282403317e-01 1.815905365127132409e+00 -2.775000000000634959e+00
3.326393202250472747e+00 -2.152708763998064878e+00 1.567627457782760914e-01 1.899061313158911357e+00 -3.229508497189277350e+00 3.326393202249869674e+00 -2.152708763997644326e+00 1.567627457781946287e-01 1.899061313158623809e+00 -3.229508497188727567e+00 3.326393202249267933e+00 -2.152708763997214447e+00 1.567627457781163303e-01 1.899061313158340258e+00 -3.229508497188175564e+00 3.326393202248663972e+00 -2.152708763996795227e+00 1.567627457780378930e-01 1.899061313158047826e+00 -3.229508497187622673e+00
1.946352549156608269e+00 -1.177912029467702792e+00 -4.045084972043201665e-02 1.243362879189089387e+00 -1.971352549157372014e+00 1.946352549156253220e+00 -1.177912029467469202e+00 -4.045084972045705218e-02 1.243362879188897319e+00 -1.971352549157034284e+00 1.946352549155898837e+00 -1.177912029467230060e+00 -4.045084972048015870e-02 1.243362879188707248e+00 -1.971352549156695000e+00 1.946352549155542899e+00 -1.177912029466997801e+00 -4.045084972050334154e-02 1.243362879188512293e+00 -1.971352549156355272e+00
-2.444959346906605546e+00 1.371478174123730076e+00 2.258610463456751649e-01 -1.736929023845536157e+00 2.584549150282490437e+00 -2.444959346906156572e+00 1.371478174123453408e+00 2.258610463456766082e-01 -1.736929023845262821e+00 2.584549150282043684e+00 -2.444959346905708486e+00 1.371478174123169413e+00 2.258610463456756090e-01 -1.736929023844992148e+00 2.584549150281596930e+00 -2.444959346905258180e+00 1.371478174122894522e+00 2.258610463456746376e-01 -1.736929023844715481e+00 2.584549150281148844e+00
9.045084971867915768e-02 -6.094235253133677838e-02 8.155948031404604281e-03 4.774575140604248036e-02 -8.541019662478098462e-02 9.045084971866283741e-02 -6.094235253132495450e-02 8.155948031401721171e-03 4.774575140603537493e-02 -8.541019662476652397e-02 9.045084971864653101e-02 -6.094235253131290164e-02 8.155948031398924797e-03 4.774575140602838053e-02 -8.541019662475198004e-02 9.045084971863018297e-02 -6.094235253130113328e-02 8.155948031396121484e-03 4.774575140602113632e-02 -8.541019662473740837e-02
-2.210410196625390622e+00 1.158813728905249807e+00 3.354101966266047619e-01 -1.701518827220278363e+00 2.417705098313586376e+00 -2.210410196624982060e+00 1.158813728905012219e+00 3.354101966265835011e-01 -1.701518827220007468e+00 2.417705098313167156e+00 -2.210410196624574830e+00 1.158813728904767970e+00 3.354101966265600754e-01 -1.701518827219738794e+00 2.417705098312746603e+00 -2.210410196624164936e+00 1.158813728904531937e+00 3.354101966265366497e-01 -1.701518827219464791e+00 2.417705098312325607e+00
-6.809016994377280474e-01 4.076237921250548957e-01 2.135254915624424862e-02 -4.421729424062806335e-01 6.940983005626424340e-01 -6.809016994376037024e-01 4.076237921249739049e-01 2.135254915625177038e-02 -4.421729424062120772e-01 6.940983005625233071e-01 -6.809016994374795795e-01 4.076237921248909712e-01 2.135254915625861560e-02 -4.421729424061442981e-01 6.940983005624038471e-01 -6.809016994373549014e-01 4.076237921248103691e-01 2.135254915626548858e-02 -4.421729424060747426e-01 6.940983005622840540e-01
-2.197745751406850356e+00 1.275125624967801352e+00 1.345491502829191943e-01 -1.492830723282882799e+00 2.280901699438794061e+00 -2.197745751406448456e+00 1.275125624967546001e+00 1.345491502829322394e-01 -1.492830723282649652e+00 2.280901699438401486e+00 -2.197745751406046111e+00 1.275125624967284432e+00 1.345491502829430641e-01 -1.492830723282418948e+00 2.280901699438007579e+00 -2.197745751405642878e+00 1.275125624967030635e+00 1.345491502829539998e-01 -1.492830723282182692e+00 2.280901699437613228e+00
4.762335554782340274e+00 -3.026973342622448548e+00 1.354101966208133279e-01 2.807875042066458438e+00 -4.678647450846706413e+00 4.762335554781476077e+00 -3.026973342621854357e+00 1.354101966207118812e-01 2.807875042066030780e+00 -4.678647450845907940e+00 4.762335554780611879e+00 -3.026973342621247287e+00 1.354101966206151531e-01 2.807875042065608895e+00 -4.678647450845105915e+00 4.762335554779745905e+00 -3.026973342620656204e+00 1.354101966205180918e-01 2.807875042065174132e+00 -4.678647450844303890e+00
-2.044959346906495945e+00 1.061067977498646009e+00 3.281152949394982588e-01 -1.591969676939354539e+00 2.247745751407494552e+00 -2.044959346906117581e+00 1.061067977498427961e+00 3.281152949394756102e-01 -1.591969676939100742e+00 2.247745751407104198e+00 -2.044959346905740549e+00 1.061067977498203474e+00 3.281152949394507967e-01 -1.591969676938849165e+00 2.247745751406712955e+00 -2.044959346905360853e+00 1.061067977497986980e+00 3.281152949394260943e-01 -1.591969676938592482e+00 2.247745751406321268e+00
-2.430040653094444725e+00 1.365044318779974120e+00 2.213525491584117377e-01 -1.723200266814605364e+00 2.566844051970419205e+00 -2.430040653093998415e+00 1.365044318779699006e+00 2.213525491584137361e-01 -1.723200266814334469e+00 2.566844051969976004e+00 -2.430040653093552994e+00 1.365044318779416566e+00 2.213525491584132365e-01 -1.723200266814066017e+00 2.566844051969531915e+00 -2.430040653093105352e+00 1.365044318779142785e+00 2.213525491584128202e-01 -1.723200266813791570e+00 2.566844051969086937e+00
-1.940450849719385307e+00 1.226518827218113117e+00 -4.409830056124327408e-02 -1.155166278063827878e+00 1.913196601126156748e+00 -1.940450849719032700e+00 1.226518827217871976e+00 -4.409830056120384034e-02 -1.155166278063651797e+00 1.913196601125830121e+00 -1.940450849718680981e+00 1.226518827217625729e+00 -4.409830056116632174e-02 -1.155166278063477936e+00 1.913196601125502161e+00 -1.940450849718327708e+00 1.226518827217385921e+00 -4.409830056112867824e-02 -1.155166278063298746e+00 1.913196601125173979e+00
-2.183155948031842097e+00 1.348732422717739077e+00 8.610463454780253878e-04 -1.350125624970515137e+00 2.183688103938928204e+00 -2.183155948031445082e+00 1.348732422717472623e+00 8.610463455137329358e-04 -1.350125624970307525e+00 2.183688103938554725e+00 -2.183155948031048066e+00 1.348732422717200397e+00 8.610463455472894267e-04 -1.350125624970102800e+00 2.183688103938179470e+00 -2.183155948030649274e+00 1.348732422716935275e+00 8.610463455809430622e-04 -1.350125624969891858e+00 2.183688103937803771e+00
-2.900000000000647837e+00 1.730495168498709102e+00 1.000000000021613461e-01 -1.892298567377066032e+00 2.961803398876557747e+00 -2.900000000000118483e+00 1.730495168498364711e+00 1.000000000021918356e-01 -1.892298567376772267e+00 2.961803398876049265e+00 -2.899999999999589573e+00 1.730495168498012326e+00 1.000000000022194385e-01 -1.892298567376482277e+00 2.961803398875539006e+00 -2.899999999999058442e+00 1.730495168497669711e+00 1.000000000022471525e-01 -1.892298567376184515e+00 2.961803398875028304e+00
-3.036803398875615567e+00 1.782749417092199140e+00 1.522542485962690428e-01 -2.029101966252401912e+00 3.130901699439248009e+00 -3.036803398875060012e+00 1.782749417091843203e+00 1.522542485962928294e-01 -2.029101966252085720e+00 3.130901699438709773e+00 -3.036803398874505344e+00 1.782749417091478605e+00 1.522542485963135628e-01 -2.029101966251773081e+00 3.130901699438169761e+00 -3.036803398873948456e+00 1.782749417091124666e+00 1.522542485963344072e-01 -2.029101966251452893e+00 3.130901699437628860e+00
-1.158155948031531546e+00 5.025831390307669011e-01 3.449593469070858509e-01 -1.060739087063340635e+00 1.371352549156893419e+00 -1.158155948031314608e+00 5.025831390306586544e-01 3.449593469070457163e-01 -1.060739087063167885e+00 1.371352549156652723e+00 -1.158155948031098337e+00 5.025831390305464108e-01 3.449593469070044160e-01 -1.060739087062996244e+00 1.371352549156412026e+00 -1.158155948030880289e+00 5.025831390304391633e-01 3.449593469069630602e-01 -1.060739087062822161e+00 1.371352549156170886e+00
-2.775000000000529710e+00 1.687790070186123703e+00 4.409830056471827908e-02 -1.759142619345823277e+00 2.802254248595239527e+00 -2.775000000000023892e+00 1.687790070185789526e+00 4.409830056475630422e-02 -1.759142619345551717e+00 2.802254248594759467e+00 -2.774999999999518518e+00 1.687790070185447355e+00 4.409830056479157462e-02 -1.759142619345283487e+00 2.802254248594277630e+00 -2.774999999999011813e+00 1.687790070185114732e+00 4.409830056482696298e-02 -1.759142619345007930e+00 2.802254248593794905e+00
-2.597745751406830728e+00 1.654634122155045572e+00 -7.950849718546086631e-02 -1.525986671314431442e+00 2.548606797751427955e+00 -2.597745751406359105e+00 1.654634122154720943e+00 -7.950849718540455024e-02 -1.525986671314199183e+00 2.548606797750993191e+00 -2.597745751405888370e+00 1.654634122154389431e+00 -7.950849718535080157e-02 -1.525986671313970033e+00 2.548606797750556652e+00 -2.597745751405415859e+00 1.654634122154066356e+00 -7.950849718529691412e-02 -1.525986671313733778e+00 2.548606797750119668e+00
-2.663196601125772389e+00 1.477379873561333490e+00 2.727457514084151158e-01 -1.918691769627156374e+00 2.831762745782911317e+00 -2.663196601125283003e+00 1.477379873561034840e+00 2.727457514084120627e-01 -1.918691769626854171e+00 2.831762745782421931e+00 -2.663196601124794505e+00 1.477379873560728196e+00 2.727457514084064005e-01 -1.918691769626554411e+00 2.831762745781931212e+00 -2.663196601124303342e+00 1.477379873560430878e+00 2.727457514084007384e-01 -1.918691769626248211e+00 2.831762745781440493e+00
