2.330664973421828989e+00 8.167483998231100273e+00 1.320481278308632156e+01 1.694956248939246635e+01 1.903517092469087757e+01 1.925748420404613270e+01 1.759474075472723698e+01 1.420970149056835652e+01 9.433717639700748947e+00 3.734295777683510842e+00 -2.330664973421979091e+00 -8.167483998231190867e+00 -1.320481278308633755e+01 -1.694956248939240595e+01 -1.903517092469075322e+01 -1.925748420404595507e+01 -1.759474075472702737e+01 -1.420970149056812737e+01 -9.433717639700525126e+00 -3.734295777683314110e+00
3.445652267838583693e-01 4.910378316771743634e+00 8.995529364496519520e+00 1.220013532248587929e+01 1.421050703176920926e+01 1.482985530235852956e+01 1.399755401027540636e+01 1.179507460497303661e+01 8.438011116218774532e+00 4.254976308328579648e+00 -3.445652267839856009e-01 -4.910378316771827123e+00 -8.995529364496547942e+00 -1.220013532248585086e+01 -1.421050703176912933e+01 -1.482985530235840521e+01 -1.399755401027525359e+01 -1.179507460497286431e+01 -8.438011116218598673e+00 -4.254976308328420664e+00
9.732145694522035484e+00 -1.451140694045784940e+00 -1.249237932078864155e+01 -2.231077682008792351e+01 -2.994524003591429562e+01 -3.464845451626967332e+01 -3.596003685859470522e+01 -3.375160024489110810e+01 -2.823932183799086459e+01 -1.996278185466337973e+01 -9.732145694521653567e+00 1.451140694046088697e+00 1.249237932078883340e+01 2.231077682008798035e+01 2.994524003591422456e+01 3.464845451626948147e+01 3.596003685859440679e+01 3.375160024489073152e+01 2.823932183799044182e+01 1.996278185466295696e+01
-5.105715878530773466e+00 -2.357896628500848912e+00 6.207299719585579467e-01 3.538595197882631993e+00 6.110078070995467847e+00 8.083463931102084388e+00 9.265584020827475342e+00 9.540724189474351746e+00 8.881951800321278512e+00 7.353752084755690532e+00 5.105715878530660667e+00 2.357896628500748548e+00 -6.207299719586352182e-01 -3.538595197882679955e+00 -6.110078070995482058e+00 -8.083463931102064848e+00 -9.265584020827422052e+00 -9.540724189474270034e+00 -8.881951800321175483e+00 -7.353752084755577734e+00
-3.513895773475568696e+00 -8.158145581128669832e+00 -1.200381925815828588e+01 -1.467447547067271074e+01 -1.590869178103504211e+01 -1.558565449749634269e+01 -1.373698476010247482e+01 -1.054364324318900792e+01 -6.318216463750073508e+00 -1.474318635236650632e+00 3.513895773475676609e+00 8.158145581128724899e+00 1.200381925815828055e+01 1.467447547067264324e+01 1.590869178103492487e+01 1.558565449749618637e+01 1.373698476010229719e+01 1.054364324318881962e+01 6.318216463749893208e+00 1.474318635236499198e+00
-3.353899164000747835e+00 -8.119665633120478176e+00 -1.209062265703332884e+01 -1.487806529495425423e+01 -1.620913924022869423e+01 -1.595354970095568703e+01 -1.413631556203630701e+01 -1.093532036240274508e+01 -6.663899814840112512e+00 -1.740170323280772813e+00 3.353899164000860189e+00 8.119665633120536796e+00 1.209062265703332528e+01 1.487806529495418673e+01 1.620913924022857699e+01 1.595354970095553071e+01 1.413631556203612760e+01 1.093532036240254968e+01 6.663899814839929547e+00 1.740170323280616049e+00
5.668391827880578049e+00 1.198545864724610510e+01 1.712930526661841668e+01 2.059641613960655704e+01 2.204740629718053313e+01 2.134024271307414367e+01 1.854414748599810636e+01 1.393282189831963969e+01 7.957654627555303506e+00 1.203536677605874683e+00 -5.668391827880718381e+00 -1.198545864724617260e+01 -1.712930526661839892e+01 -2.059641613960645401e+01 -2.204740629718036615e+01 -2.134024271307391629e+01 -1.854414748599785767e+01 -1.393282189831937856e+01 -7.957654627555060145e+00 -1.203536677605671290e+00
5.791092701549245270e+00 1.230083406281541336e+01 1.760648408106271035e+01 2.118868876586773453e+01 2.269679696399411739e+01 2.198318453740158773e+01 1.911770484243514545e+01 1.438085099660912647e+01 8.236299257954385666e+00 1.285521162259788408e+00 -5.791092701549390043e+00 -1.230083406281548442e+01 -1.760648408106269613e+01 -2.118868876586762795e+01 -2.269679696399394331e+01 -2.198318453740135325e+01 -1.911770484243488610e+01 -1.438085099660885646e+01 -8.236299257954133424e+00 -1.285521162259578354e+00
1.368442928634705513e+00 5.503643306957845205e+00 9.100108732258219035e+00 1.180579211065936285e+01 1.335584230147876994e+01 1.359852959220432389e+01 1.251009805991801827e+01 1.019709096654845482e+01 6.885921562062687684e+00 2.900710178045591281e+00 -1.368442928634813427e+00 -5.503643306957911818e+00 -9.100108732258233246e+00 -1.180579211065932377e+01 -1.335584230147868645e+01 -1.359852959220420132e+01 -1.251009805991787260e+01 -1.019709096654829317e+01 -6.885921562062528700e+00 -2.900710178045450949e+00
-1.629392083058922580e+00 -5.541222389646984325e+00 -8.910639240769802072e+00 -1.140782063893184706e+01 -1.278832506999513718e+01 -1.291701914170725018e+01 -1.178130538166467822e+01 -9.492355365683453172e+00 -6.274227469380349476e+00 -2.441934473261014649e+00 1.629392083059022722e+00 5.541222389647043833e+00 8.910639240769810954e+00 1.140782063893180620e+01 1.278832506999505547e+01 1.291701914170713117e+01 1.178130538166453789e+01 9.492355365683300406e+00 6.274227469380199373e+00 2.441934473260882754e+00
-2.864675744780938782e+00 -2.288249747801457179e+00 -1.487833922333697156e+00 -5.417785461994235607e-01 4.573098888299428344e-01 1.411633645675280491e+00 2.227776865851973653e+00 2.825849764564944522e+00 3.147308799469255902e+00 3.160687320491679664e+00 2.864675744780903255e+00 2.288249747801419431e+00 1.487833922333660741e+00 5.417785461993919194e-01 -4.573098888299667042e-01 -1.411633645675294035e+00 -2.227776865851975874e+00 -2.825849764564935196e+00 -3.147308799469235918e+00 -3.160687320491650354e+00
-2.692913011045975136e+00 -6.501187365395978190e+00 -9.673080203985147563e+00 -1.189810455589547189e+01 -1.295845953490572455e+01 -1.275035020774283367e+01 -1.129414776533243980e+01 -8.732395448696692597e+00 -5.315855423365823285e+00 -1.378962431453306436e+00 2.692913011046064842e+00 6.501187365396026152e+00 9.673080203985144010e+00 1.189810455589541860e+01 1.295845953490563218e+01 1.275035020774270578e+01 1.129414776533229414e+01 8.732395448696536278e+00 5.315855423365675847e+00 1.378962431453181425e+00
2.539567905635740086e-01 -1.328550311348502433e+00 -2.781009652231467122e+00 -3.961244391920406116e+00 -4.753724930915598890e+00 -5.080877752523609736e+00 -4.910678859157703968e+00 -4.259788504345959126e+00 -3.191920371037116677e+00 -1.811604832394229536e+00 -2.539567905635274347e-01 1.328550311348535296e+00 2.781009652231481333e+00 3.961244391920400787e+00 4.753724930915575797e+00 5.080877752523570656e+00 4.910678859157653342e+00 4.259788504345900506e+00 3.191920371037056281e+00 1.811604832394173137e+00
-8.883663543243844885e-01 -5.138108837840232646e+00 -8.884897428998948854e+00 -1.176197035508677402e+01 -1.348769967235243250e+01 -1.389315897135879752e+01 -1.293865907091807266e+01 -1.071763307167726076e+01 -7.447490473240128139e+00 -3.448335617564943778e+00 8.883663543244989524e-01 5.138108837840305476e+00 8.884897428998970170e+00 1.176197035508674027e+01 1.348769967235235256e+01 1.389315897135867672e+01 1.293865907091792522e+01 1.071763307167709556e+01 7.447490473239964714e+00 3.448335617564797673e+00
7.744471792651898667e+00 1.749697142886477508e+01 2.553674559305201086e+01 3.107680517362253170e+01 3.357485053896525784e+01 3.278635560381496106e+01 2.878850374619141661e+01 2.197263256059060765e+01 1.300592700762611287e+01 2.766110701533282423e+00 -7.744471792652123376e+00 -1.749697142886488876e+01 -2.553674559305199665e+01 -3.107680517362238248e+01 -3.357485053896500204e+01 -3.278635560381462710e+01 -2.878850374619104002e+01 -2.197263256059020620e+01 -1.300592700762573450e+01 -2.766110701532965344e+00
-1.602796026837344456e+00 -5.332506549742283219e+00 -8.540234177800616777e+00 -1.091198418122542790e+01 -1.221559314472752966e+01 -1.232345474018161546e+01 -1.122501072310871173e+01 -9.027784447209407759e+00 -5.946855729344386887e+00 -2.283807338510887686e+00 1.602796026837439491e+00 5.332506549742338287e+00 8.540234177800625659e+00 1.091198418122538705e+01 1.221559314472744973e+01 1.232345474018150178e+01 1.122501072310857673e+01 9.027784447209260321e+00 5.946855729344243002e+00 2.283807338510762008e+00
-3.811696330999251092e+00 -9.431400705781378235e+00 -1.412789386704891470e+01 -1.744145034178502485e+01 -1.904771613533702990e+01 -1.878945876032020834e+01 -1.669195824798614325e+01 -1.296053256262750430e+01 -7.960439648698685033e+00 -2.181123438310872409e+00 3.811696330999384763e+00 9.431400705781449290e+00 1.412789386704891470e+01 1.744145034178494669e+01 1.904771613533689134e+01 1.878945876032002360e+01 1.669195824798593364e+01 1.296053256262727871e+01 7.960439648698468318e+00 2.181123438310687224e+00
1.022960189948686871e+00 -2.034190399206135869e+00 -4.892220259048750464e+00 -7.271365513832815708e+00 -8.938738849540353471e+00 -9.731126146799175203e+00 -9.570963016066649232e+00 -8.473927340501028027e+00 -6.547404615523673144e+00 -3.979976308328482482e+00 -1.022960189948593390e+00 2.034190399206203814e+00 4.892220259048784214e+00 7.271365513832812155e+00 8.938738849540316167e+00 9.731126146799105925e+00 9.570963016066555085e+00 8.473927340500916117e+00 6.547404615523557680e+00 3.979976308328372347e+00
1.763105987438603472e+00 -2.570056240273925319e+00 -6.651643456553674838e+00 -1.008212146658084940e+01 -1.252569118118824498e+01 -1.374315897135878473e+01 -1.361535060719368850e+01 -1.215477686187067441e+01 -9.504408869997636344e+00 -5.923683116818743599e+00 -1.763105987438468913e+00 2.570056240274025239e+00 6.651643456553726352e+00 1.008212146658084762e+01 1.252569118118819524e+01 1.374315897135869058e+01 1.361535060719355883e+01 1.215477686187051987e+01 9.504408869997471143e+00 5.923683116818585503e+00
-4.790642115868573470e+00 -1.049690859993524583e+01 -1.517566453397751935e+01 -1.836892068836188940e+01 -1.976409890197333041e+01 -1.922462941048535257e+01 -1.680331924642976560e+01 -1.273718311892423394e+01 -7.424242762565281595e+00 -1.384565796865457443e+00 4.790642115868702255e+00 1.049690859993530978e+01 1.517566453397750692e+01 1.836892068836180414e+01 1.976409890197318120e+01 1.922462941048515717e+01 1.680331924642954178e+01 1.273718311892399946e+01 7.424242762565061327e+00 1.384565796865272258e+00
