9.732145694521491919e+00 -1.451140694046049617e+00 -1.249237932078860958e+01 -2.231077682008762508e+01 -2.994524003591377337e+01 -3.464845451626901252e+01 -3.596003685859399468e+01 -3.375160024489046151e+01 -2.823932183799036721e+01 -1.996278185466308486e+01 -9.732145694521609158e+00 1.451140694045880863e+00 1.249237932078840707e+01 2.231077682008741192e+01 2.994524003591355665e+01 3.464845451626880646e+01 3.596003685859386678e+01 3.375160024489037625e+01 2.823932183799034945e+01 1.996278185466315236e+01
-5.105715878530723728e+00 -2.357896628500934177e+00 6.207299719583465603e-01 3.538595197882322463e+00 6.110078070995089483e+00 8.083463931101684707e+00 9.265584020827098755e+00 9.540724189474044437e+00 8.881951800321079560e+00 7.353752084755623919e+00 5.105715878530738827e+00 2.357896628500965708e+00 -6.207299719583003750e-01 -3.538595197882269616e+00 -6.110078070995029975e+00 -8.083463931101622535e+00 -9.265584020827050793e+00 -9.540724189474008909e+00 -8.881951800321058244e+00 -7.353752084755624807e+00
-3.513895773475801398e+00 -8.158145581128744439e+00 -1.200381925815820416e+01 -1.467447547067249225e+01 -1.590869178103472059e+01 -1.558565449749596432e+01 -1.373698476010208935e+01 -1.054364324318866331e+01 -6.318216463749808831e+00 -1.474318635236492980e+00 3.513895773475715245e+00 8.158145581128644963e+00 1.200381925815810469e+01 1.467447547067240166e+01 1.590869178103464954e+01 1.558565449749591458e+01 1.373698476010207159e+01 1.054364324318867041e+01 6.318216463749848799e+00 1.474318635236566699e+00
-3.353899164000980093e+00 -8.119665633120545678e+00 -1.209062265703323114e+01 -1.487806529495401797e+01 -1.620913924022834962e+01 -1.595354970095528913e+01 -1.413631556203590200e+01 -1.093532036240238448e+01 -6.663899814839841618e+00 -1.740170323280613163e+00 3.353899164000893052e+00 8.119665633120444426e+00 1.209062265703312988e+01 1.487806529495392383e+01 1.620913924022827857e+01 1.595354970095523761e+01 1.413631556203588424e+01 1.093532036240238980e+01 6.663899814839879809e+00 1.740170323280687104e+00
5.668391827880869371e+00 1.198545864724607313e+01 1.712930526661806852e+01 2.059641613960595663e+01 2.204740629717975509e+01 2.134024271307327325e+01 1.854414748599725371e+01 1.393282189831889895e+01 7.957654627554758164e+00 1.203536677605575367e+00 -5.668391827880747691e+00 -1.198545864724593457e+01 -1.712930526661793351e+01 -2.059641613960583229e+01 -2.204740629717965561e+01 -2.134024271307320575e+01 -1.854414748599723595e+01 -1.393282189831891316e+01 -7.957654627554816784e+00 -1.203536677605681060e+00
5.791092701549533928e+00 1.230083406281538672e+01 1.760648408106238350e+01 2.118868876586715544e+01 2.269679696399336422e+01 2.198318453740074929e+01 1.911770484243432477e+01 1.438085099660841948e+01 8.236299257953866970e+00 1.285521162259509076e+00 -5.791092701549407806e+00 -1.230083406281524461e+01 -1.760648408106224139e+01 -2.118868876586703109e+01 -2.269679696399326474e+01 -2.198318453740067824e+01 -1.911770484243430701e+01 -1.438085099660843191e+01 -8.236299257953927366e+00 -1.285521162259617878e+00
1.368442928634884703e+00 5.503643306957824777e+00 9.100108732258005872e+00 1.180579211065899159e+01 1.335584230147828499e+01 1.359852959220378565e+01 1.251009805991748891e+01 1.019709096654799652e+01 6.885921562062354617e+00 2.900710178045413645e+00 -1.368442928634816536e+00 -5.503643306957743953e+00 -9.100108732257920607e+00 -1.180579211065891165e+01 -1.335584230147821749e+01 -1.359852959220373236e+01 -1.251009805991746404e+01 -1.019709096654799296e+01 -6.885921562062377710e+00 -2.900710178045469156e+00
-1.629392083059143959e+00 -5.541222389647065150e+00 -8.910639240769739899e+00 -1.140782063893166232e+01 -1.278832506999485474e+01 -1.291701914170690912e+01 -1.178130538166432117e+01 -9.492355365683128099e+00 -6.274227469380091904e+00 -2.441934473260849892e+00 1.629392083059078011e+00 5.541222389646986990e+00 8.910639240769659963e+00 1.140782063893158771e+01 1.278832506999479079e+01 1.291701914170685939e+01 1.178130538166429986e+01 9.492355365683126323e+00 6.274227469380116773e+00 2.441934473260904070e+00
-2.864675744780933897e+00 -2.288249747801476719e+00 -1.487833922333739567e+00 -5.417785461994845120e-01 4.573098888298681164e-01 1.411633645675200999e+00 2.227776865851898602e+00 2.825849764564884570e+00 3.147308799469219487e+00 3.160687320491672114e+00 2.864675744780928568e+00 2.288249747801476719e+00 1.487833922333746006e+00 5.417785461994953922e-01 -4.573098888298519071e-01 -1.411633645675180571e+00 -2.227776865851879062e+00 -2.825849764564866806e+00 -3.147308799469203944e+00 -3.160687320491661012e+00
-2.692913011046169203e+00 -6.501187365396045692e+00 -9.673080203985088943e+00 -1.189810455589530136e+01 -1.295845953490547053e+01 -1.275035020774252992e+01 -1.129414776533212716e+01 -8.732395448696413709e+00 -5.315855423365608345e+00 -1.378962431453175652e+00 2.692913011046099925e+00 6.501187365395965756e+00 9.673080203985009007e+00 1.189810455589522853e+01 1.295845953490541014e+01 1.275035020774248906e+01 1.129414776533211295e+01 8.732395448696417262e+00 5.315855423365638543e+00 1.378962431453234716e+00
2.539567905634920741e-01 -1.328550311348552171e+00 -2.781009652231481777e+00 -3.961244391920388352e+00 -4.753724930915552704e+00 -5.080877752523545787e+00 -4.910678859157631138e+00 -4.259788504345889848e+00 -3.191920371037061166e+00 -1.811604832394192677e+00 -2.539567905635142786e-01 1.328550311348524193e+00 2.781009652231451135e+00 3.961244391920358154e+00 4.753724930915525171e+00 5.080877752523521806e+00 4.910678859157617815e+00 4.259788504345884519e+00 3.191920371037065607e+00 1.811604832394208886e+00
-8.883663543245917671e-01 -5.138108837840287713e+00 -8.884897428998852931e+00 -1.176197035508654665e+01 -1.348769967235210387e+01 -1.389315897135841738e+01 -1.293865907091768541e+01 -1.071763307167691437e+01 -7.447490473239867015e+00 -3.448335617564792788e+00 8.883663543245242655e-01 5.138108837840206888e+00 8.884897428998765889e+00 1.176197035508646493e+01 1.348769967235203282e+01 1.389315897135835876e+01 1.293865907091765699e+01 1.071763307167690726e+01 7.447490473239889219e+00 3.448335617564845634e+00
7.744471792652321440e+00 1.749697142886476442e+01 2.553674559305158454e+01 3.107680517362175721e+01 3.357485053896423466e+01 3.278635560381383129e+01 2.878850374619030461e+01 2.197263256058964487e+01 1.300592700762541298e+01 2.766110701532909388e+00 -7.744471792652138475e+00 -1.749697142886455481e+01 -2.553674559305137493e+01 -3.107680517362156891e+01 -3.357485053896408544e+01 -3.278635560381372471e+01 -2.878850374619026908e+01 -2.197263256058966263e+01 -1.300592700762549825e+01 -2.766110701533066596e+00
-1.602796026837568277e+00 -5.332506549742388913e+00 -8.540234177800599014e+00 -1.091198418122530001e+01 -1.221559314472731295e+01 -1.232345474018134190e+01 -1.122501072310841508e+01 -9.027784447209130647e+00 -5.946855729344160402e+00 -2.283807338510734475e+00 1.602796026837505217e+00 5.332506549742314306e+00 8.540234177800520854e+00 1.091198418122522718e+01 1.221559314472725077e+01 1.232345474018129572e+01 1.122501072310839554e+01 9.027784447209128871e+00 5.946855729344184383e+00 2.283807338510785545e+00
-3.811696330999522431e+00 -9.431400705781445737e+00 -1.412789386704877970e+01 -1.744145034178471931e+01 -1.904771613533659291e+01 -1.878945876031970741e+01 -1.669195824798563521e+01 -1.296053256262705489e+01 -7.960439648698346637e+00 -2.181123438310677010e+00 3.811696330999420290e+00 9.431400705781326721e+00 1.412789386704866068e+01 1.744145034178460918e+01 1.904771613533650410e+01 1.878945876031964346e+01 1.669195824798561389e+01 1.296053256262706022e+01 7.960439648698391046e+00 2.181123438310763163e+00
1.022960189948495913e+00 -2.034190399206209143e+00 -4.892220259048703390e+00 -7.271365513832660277e+00 -8.938738849540110110e+00 -9.731126146798874998e+00 -9.570963016066331264e+00 -8.473927340500729599e+00 -6.547404615523435112e+00 -3.979976308328325274e+00 -1.022960189948535881e+00 2.034190399206157185e+00 4.892220259048643882e+00 7.271365513832600769e+00 8.938738849540055043e+00 9.731126146798827037e+00 9.570963016066302842e+00 8.473927340500715388e+00 6.547404615523439553e+00 3.979976308328353696e+00
1.763105987438358779e+00 -2.570056240274019910e+00 -6.651643456553611777e+00 -1.008212146658064867e+01 -1.252569118118793234e+01 -1.374315897135840636e+01 -1.361535060719328527e+01 -1.215477686187030670e+01 -9.504408869997345022e+00 -5.923683116818558858e+00 -1.763105987438414068e+00 2.570056240273947079e+00 6.651643456553529177e+00 1.008212146658056518e+01 1.252569118118785596e+01 1.374315897135833531e+01 1.361535060719324441e+01 1.215477686187028539e+01 9.504408869997350351e+00 5.923683116818597938e+00
-4.790642115868856798e+00 -1.049690859993534531e+01 -1.517566453397743231e+01 -1.836892068836164782e+01 -1.976409890197296448e+01 -1.922462941048492269e+01 -1.680331924642931796e+01 -1.273718311892383781e+01 -7.424242762564977838e+00 -1.384565796865274478e+00 4.790642115868749329e+00 1.049690859993522274e+01 1.517566453397730974e+01 1.836892068836153413e+01 1.976409890197287567e+01 1.922462941048485874e+01 1.680331924642930375e+01 1.273718311892384847e+01 7.424242762565029352e+00 1.384565796865368181e+00
-4.031793797379652489e+00 -9.844729785490923035e+00 -1.469399502993260853e+01 -1.810490966176109495e+01 -1.974358959157333260e+01 -1.944962941048489569e+01 -1.725180398916172209e+01 -1.336525179299307453e+01 -8.170415630141386387e+00 -2.175802258778405829e+00 4.031793797379546795e+00 9.844729785490802243e+00 1.469399502993248419e+01 1.810490966176098127e+01 1.974358959157324378e+01 1.944962941048483529e+01 1.725180398916170077e+01 1.336525179299308164e+01 8.170415630141434349e+00 2.175802258778496423e+00
1.035065109252331639e-01 -1.279821458580986615e+00 -2.537871586680862102e+00 -3.547497161485324568e+00 -4.209868997257491863e+00 -4.460149523696042451e+00 -4.273839539066201176e+00 -3.669176362761531696e+00 -2.705348639414812073e+00 -1.476702541969837412e+00 -1.035065109252532034e-01 1.279821458580961746e+00 2.537871586680834568e+00 3.547497161485297923e+00 4.209868997257468770e+00 4.460149523696022023e+00 4.273839539066189630e+00 3.669176362761527255e+00 2.705348639414816070e+00 1.476702541969852511e+00
