3.445652267838090754e-01 4.910378316771559781e+00 8.995529364496247737e+00 1.220013532248558263e+01 1.421050703176894103e+01 1.482985530235834659e+01 1.399755401027536550e+01 1.179507460497314675e+01 8.438011116219030328e+00 4.254976308328958012e+00 -3.445652267835357385e-01 -4.910378316771364382e+00 -8.995529364496155367e+00 -1.220013532248558796e+01 -1.421050703176906893e+01 -1.482985530235857219e+01 -1.399755401027565505e+01 -1.179507460497348248e+01 -8.438011116219385599e+00 -4.254976308329286638e+00
9.732145694521836532e+00 -1.451140694045658819e+00 -1.249237932078825963e+01 -2.231077682008739416e+01 -2.994524003591374139e+01 -3.464845451626921857e+01 -3.596003685859449917e+01 -3.375160024489120758e+01 -2.823932183799129803e+01 -1.996278185466412225e+01 -9.732145694522628787e+00 1.451140694044992685e+00 1.249237932078780666e+01 2.231077682008715612e+01 2.994524003591379113e+01 3.464845451626954542e+01 3.596003685859503918e+01 3.375160024489191812e+01 2.823932183799213647e+01 1.996278185466497845e+01
-5.105715878530681984e+00 -2.357896628500872005e+00 6.207299719584327136e-01 3.538595197882434373e+00 6.110078070995231592e+00 8.083463931101853461e+00 9.265584020827299483e+00 9.540724189474261152e+00 8.881951800321296275e+00 7.353752084755829088e+00 5.105715878530908469e+00 2.357896628501083836e+00 -6.207299719582621833e-01 -3.538595197882311361e+00 -6.110078070995180077e+00 -8.083463931101874778e+00 -9.265584020827386524e+00 -9.540724189474406813e+00 -8.881951800321495227e+00 -7.353752084756051133e+00
-3.513895773475407935e+00 -8.158145581128373180e+00 -1.200381925815791462e+01 -1.467447547067234126e+01 -1.590869178103473836e+01 -1.558565449749616150e+01 -1.373698476010246949e+01 -1.054364324318918200e+01 -6.318216463750407463e+00 -1.474318635237106045e+00 3.513895773475166351e+00 8.158145581128229296e+00 1.200381925815788975e+01 1.467447547067242297e+01 1.590869178103494441e+01 1.558565449749645815e+01 1.373698476010281944e+01 1.054364324318955681e+01 6.318216463750777834e+00 1.474318635237425124e+00
-3.353899164000586630e+00 -8.119665633120177972e+00 -1.209062265703295225e+01 -1.487806529495387764e+01 -1.620913924022838515e+01 -1.595354970095550229e+01 -1.413631556203630346e+01 -1.093532036240292271e+01 -6.663899814840455349e+00 -1.740170323281239551e+00 3.353899164000336164e+00 8.119665633120026982e+00 1.209062265703292027e+01 1.487806529495395580e+01 1.620913924022858765e+01 1.595354970095580427e+01 1.413631556203665696e+01 1.093532036240330285e+01 6.663899814840835489e+00 1.740170323281568399e+00
5.668391827880308043e+00 1.198545864724561838e+01 1.712930526661780561e+01 2.059641613960594242e+01 2.204740629718001088e+01 2.134024271307379550e+01 1.854414748599802110e+01 1.393282189831982443e+01 7.957654627555736937e+00 1.203536677606503069e+00 -5.668391827879990075e+00 -1.198545864724544252e+01 -1.712930526661779496e+01 -2.059641613960607387e+01 -2.204740629718031286e+01 -2.134024271307421472e+01 -1.854414748599851137e+01 -1.393282189832034135e+01 -7.957654627556244087e+00 -1.203536677606932948e+00
5.791092701548965493e+00 1.230083406281491953e+01 1.760648408106209928e+01 2.118868876586712346e+01 2.269679696399360225e+01 2.198318453740125378e+01 1.911770484243508150e+01 1.438085099660933608e+01 8.236299257954847519e+00 1.285521162260444328e+00 -5.791092701548637756e+00 -1.230083406281473657e+01 -1.760648408106208507e+01 -2.118868876586725847e+01 -2.269679696399391133e+01 -2.198318453740169076e+01 -1.911770484243558599e+01 -1.438085099660987254e+01 -8.236299257955367992e+00 -1.285521162260887529e+00
1.368442928634604261e+00 5.503643306957608949e+00 9.100108732257897515e+00 1.180579211065902001e+01 1.335584230147846618e+01 1.359852959220411250e+01 1.251009805991795432e+01 1.019709096654854896e+01 6.885921562062933710e+00 2.900710178045961651e+00 -1.368442928634368894e+00 -5.503643306957450854e+00 -9.100108732257837119e+00 -1.180579211065905199e+01 -1.335584230147860829e+01 -1.359852959220433988e+01 -1.251009805991823498e+01 -1.019709096654886338e+01 -6.885921562063258783e+00 -2.900710178046254306e+00
-1.629392083058846419e+00 -5.541222389646782709e+00 -8.910639240769521408e+00 -1.140782063893154685e+01 -1.278832506999487073e+01 -1.291701914170706544e+01 -1.178130538166462493e+01 -9.492355365683541990e+00 -6.274227469380573297e+00 -2.441934473261347271e+00 1.629392083058627927e+00 5.541222389646640600e+00 8.910639240769473446e+00 1.140782063893158416e+01 1.278832506999501106e+01 1.291701914170728749e+01 1.178130538166489671e+01 9.492355365683843971e+00 6.274227469380881494e+00 2.441934473261622163e+00
-2.864675744780861955e+00 -2.288249747801415435e+00 -1.487833922333694936e+00 -5.417785461994598650e-01 4.573098888298748887e-01 1.411633645675192561e+00 2.227776865851881727e+00 2.825849764564863698e+00 3.147308799469201279e+00 3.160687320491662344e+00 2.864675744780929900e+00 2.288249747801491374e+00 1.487833922333769987e+00 5.417785461995283658e-01 -4.573098888298208209e-01 -1.411633645675158366e+00 -2.227776865851869736e+00 -2.825849764564876132e+00 -3.147308799469237250e+00 -3.160687320491717411e+00
-2.692913011045865446e+00 -6.501187365395752593e+00 -9.673080203984856240e+00 -1.189810455589517524e+01 -1.295845953490547231e+01 -1.275035020774267380e+01 -1.129414776533241849e+01 -8.732395448696813389e+00 -5.315855423366073751e+00 -1.378962431453657489e+00 2.692913011045665606e+00 6.501187365395633577e+00 9.673080203984834924e+00 1.189810455589523741e+01 1.295845953490563929e+01 1.275035020774291361e+01 1.129414776533270270e+01 8.732395448697117146e+00 5.315855423366377508e+00 1.378962431453920168e+00
2.539567905635791156e-01 -1.328550311348447810e+00 -2.781009652231377416e+00 -3.961244391920302643e+00 -4.753724930915500302e+00 -5.080877752523536017e+00 -4.910678859157676435e+00 -4.259788504345983107e+00 -3.191920371037192616e+00 -1.811604832394350773e+00 -2.539567905636781475e-01 1.328550311348373647e+00 2.781009652231337892e+00 3.961244391920295982e+00 4.753724930915535829e+00 5.080877752523606183e+00 4.910678859157771470e+00 4.259788504346095905e+00 3.191920371037314297e+00 1.811604832394466236e+00
-8.883663543243029981e-01 -5.138108837840014154e+00 -8.884897428998641544e+00 -1.176197035508644184e+01 -1.348769967235213407e+01 -1.389315897135858791e+01 -1.293865907091800516e+01 -1.071763307167734780e+01 -7.447490473240369724e+00 -3.448335617565311040e+00 8.883663543240551963e-01 5.138108837839843623e+00 8.884897428998570490e+00 1.176197035508646138e+01 1.348769967235226552e+01 1.389315897135880817e+01 1.293865907091828760e+01 1.071763307167766754e+01 7.447490473240701014e+00 3.448335617565614353e+00
7.744471792651516751e+00 1.749697142886408940e+01 2.553674559305115821e+01 3.107680517362167905e+01 3.357485053896454730e+01 3.278635560381452052e+01 2.878850374619136332e+01 2.197263256059094871e+01 1.300592700762681275e+01 2.766110701534258531e+00 -7.744471792651014042e+00 -1.749697142886379453e+01 -2.553674559305111558e+01 -3.107680517362185668e+01 -3.357485053896498073e+01 -3.278635560381515290e+01 -2.878850374619210228e+01 -2.197263256059173742e+01 -1.300592700762759080e+01 -2.766110701534927330e+00
-1.602796026837273846e+00 -5.332506549742097590e+00 -8.540234177800359205e+00 -1.091198418122515612e+01 -1.221559314472729163e+01 -1.232345474018145559e+01 -1.122501072310867443e+01 -9.027784447209505458e+00 -5.946855729344607155e+00 -2.283807338511206986e+00 1.602796026837065790e+00 5.332506549741962587e+00 8.540234177800313020e+00 1.091198418122519165e+01 1.221559314472742663e+01 1.232345474018166875e+01 1.122501072310893377e+01 9.027784447209793228e+00 5.946855729344900254e+00 2.283807338511469442e+00
-3.811696330999067683e+00 -9.431400705781022964e+00 -1.412789386704846351e+01 -1.744145034178456655e+01 -1.904771613533664620e+01 -1.878945876031996676e+01 -1.669195824798611483e+01 -1.296053256262769260e+01 -7.960439648699069615e+00 -2.181123438311411089e+00 3.811696330998770588e+00 9.431400705780843552e+00 1.412789386704842620e+01 1.744145034178465892e+01 1.904771613533688424e+01 1.878945876032031848e+01 1.669195824798652694e+01 1.296053256262814024e+01 7.960439648699516368e+00 2.181123438311799667e+00
1.022960189948670884e+00 -2.034190399206047495e+00 -4.892220259048584374e+00 -7.271365513832610539e+00 -8.938738849540147413e+00 -9.731126146799006449e+00 -9.570963016066562190e+00 -8.473927340501036909e+00 -6.547404615523786831e+00 -3.979976308328689871e+00 -1.022960189948868504e+00 2.034190399205894728e+00 4.892220259048495556e+00 7.271365513832583893e+00 8.938738849540202480e+00 9.731126146799130794e+00 9.570963016066736273e+00 8.473927340501248295e+00 6.547404615524021310e+00 3.979976308328915913e+00
1.763105987438597699e+00 -2.570056240273776549e+00 -6.651643456553409273e+00 -1.008212146658052433e+01 -1.252569118118791991e+01 -1.374315897135851650e+01 -1.361535060719354284e+01 -1.215477686187067619e+01 -9.504408869997794440e+00 -5.923683116819047356e+00 -1.763105987438881250e+00 2.570056240273554504e+00 6.651643456553275158e+00 1.008212146658047992e+01 1.252569118118798919e+01 1.374315897135868525e+01 1.361535060719378265e+01 1.215477686187097461e+01 9.504408869998126619e+00 5.923683116819369765e+00
-4.790642115868361195e+00 -1.049690859993487280e+01 -1.517566453397705928e+01 -1.836892068836144531e+01 -1.976409890197296804e+01 -1.922462941048515006e+01 -1.680331924642977626e+01 -1.273718311892446842e+01 -7.424242762565711473e+00 -1.384565796866030762e+00 4.790642115868069872e+00 1.049690859993470582e+01 1.517566453397704151e+01 1.836892068836155545e+01 1.976409890197323449e+01 1.922462941048552665e+01 1.680331924643021324e+01 1.273718311892493382e+01 7.424242762566169773e+00 1.384565796866420229e+00
-4.031793797379193300e+00 -9.844729785490489604e+00 -1.469399502993227280e+01 -1.810490966176092442e+01 -1.974358959157336457e+01 -1.944962941048513727e+01 -1.725180398916218394e+01 -1.336525179299370336e+01 -8.170415630142109364e+00 -2.175802258779145237e+00 4.031793797378886879e+00 9.844729785490304863e+00 1.469399502993223372e+01 1.810490966176101679e+01 1.974358959157360971e+01 1.944962941048550675e+01 1.725180398916261737e+01 1.336525179299416877e+01 8.170415630142571217e+00 2.175802258779546250e+00
