-4.176925358148261935e+00 -9.151441186711180009e+00 -1.478976341283325890e+00 8.237383539242349784e+00 6.569959346903163855e+00 -4.176925358152875134e+00 -9.151441186713212161e+00 -1.478976341279971241e+00 8.237383539246456721e+00 6.569959346902337849e+00 -4.176925358157490109e+00 -9.151441186715240761e+00 -1.478976341276595496e+00 8.237383539250563658e+00 6.569959346901530495e+00 -4.176925358162117519e+00 -9.151441186717271137e+00 -1.478976341273254169e+00 8.237383539254675924e+00 6.569959346900697383e+00
2.477457514058095667e-01 -6.319660112559911946e-02 -2.868033988749204011e-01 -1.140576474680527197e-01 2.163118960628570842e-01 2.477457514058196419e-01 -6.319660112573362298e-02 -2.868033988750134378e-01 -1.140576474679759200e-01 2.163118960629977772e-01 2.477457514058297727e-01 -6.319660112586793221e-02 -2.868033988751065855e-01 -1.140576474678991342e-01 2.163118960631380816e-01 2.477457514058395704e-01 -6.319660112600226920e-02 -2.868033988751996222e-01 -1.140576474678218488e-01 2.163118960632789689e-01
-2.394098300558660686e+00 -4.279634122153055387e+00 -2.508610463449508776e-01 4.124593469059033346e+00 2.799999999998796341e+00 -2.394098300560884685e+00 -4.279634122153813003e+00 -2.508610463431968363e-01 4.124593469060877204e+00 2.799999999998176836e+00 -2.394098300563109571e+00 -4.279634122154569731e+00 -2.508610463414325809e-01 4.124593469062720175e+00 2.799999999997566658e+00 -2.394098300565340676e+00 -4.279634122155328235e+00 -2.508610463396849233e-01 4.124593469064566698e+00 2.799999999996943156e+00
-2.492705098308350298e+00 -4.279634122152947917e+00 -1.522542485951824676e-01 4.185535821590057104e+00 2.739057647467559864e+00 -2.492705098310589396e+00 -4.279634122153662013e+00 -1.522542485933869871e-01 4.185535821591883199e+00 2.739057647466887957e+00 -2.492705098312829826e+00 -4.279634122154376108e+00 -1.522542485915812094e-01 4.185535821593710182e+00 2.739057647466225820e+00 -2.492705098315075585e+00 -4.279634122155091092e+00 -1.522542485897921960e-01 4.185535821595538053e+00 2.739057647465549916e+00
3.400861046338586213e+00 4.876847717652121439e+00 -3.868033988732089146e-01 -5.115905365120258175e+00 -2.774999999998382538e+00 3.400861046341222327e+00 4.876847717652692538e+00 -3.868033988754904229e-01 -5.115905365122240589e+00 -2.774999999997320277e+00 3.400861046343860217e+00 4.876847717653261860e+00 -3.868033988777840881e-01 -5.115905365124224780e+00 -2.774999999996270006e+00 3.400861046346503880e+00 4.876847717653833847e+00 -3.868033988800579914e-01 -5.115905365126208082e+00 -2.774999999995203304e+00
3.773606797744546437e+00 5.002708763996009722e+00 -6.817627457790791379e-01 -5.424061313151423036e+00 -2.670491502811147111e+00 3.773606797747294017e+00 5.002708763996469798e+00 -6.817627457815392811e-01 -5.424061313153408115e+00 -2.670491502809906770e+00 3.773606797750042929e+00 5.002708763996930763e+00 -6.817627457840120808e-01 -5.424061313155391417e+00 -2.670491502808679307e+00 3.773606797752798059e+00 5.002708763997393504e+00 -6.817627457864643414e-01 -5.424061313157375608e+00 -2.670491502807433193e+00
1.778647450840606936e+00 2.902912029465915644e+00 1.545084971970732413e-02 -2.893362879184403713e+00 -1.803647450842573052e+00 1.778647450842139044e+00 2.902912029466362398e+00 1.545084971845250843e-02 -2.893362879185627179e+00 -1.803647450842070565e+00 1.778647450843671818e+00 2.902912029466808264e+00 1.545084971719067057e-02 -2.893362879186851089e+00 -1.803647450841575406e+00 1.778647450845208366e+00 2.902912029467255461e+00 1.545084971594028883e-02 -2.893362879188074999e+00 -1.803647450841070476e+00
-1.830040653090165836e+00 -3.771478174121894789e+00 -5.008610463448895933e-01 3.461929023840409236e+00 2.640450849717642434e+00 -1.830040653092083414e+00 -3.771478174122684379e+00 -5.008610463434614024e-01 3.461929023842083009e+00 2.640450849717244086e+00 -1.830040653094001879e+00 -3.771478174123473082e+00 -5.008610463420244407e-01 3.461929023843757225e+00 2.640450849716853732e+00 -1.830040653095925451e+00 -3.771478174124263116e+00 -5.008610463406018010e-01 3.461929023845432773e+00 2.640450849716453163e+00
3.454915028140825850e-02 -5.640576474683928199e-01 -3.831559480311161892e-01 3.272542485935859835e-01 5.854101966247635680e-01 3.454915028116817277e-02 -5.640576474686451736e-01 -3.831559480310321453e-01 3.272542485938902956e-01 5.854101966248672628e-01 3.454915028092808704e-02 -5.640576474688971942e-01 -3.831559480309469912e-01 3.272542485941946078e-01 5.854101966249714017e-01 3.454915028068689109e-02 -5.640576474691493258e-01 -3.831559480308636134e-01 3.272542485944996415e-01 5.854101966250748745e-01
-1.539589803372270804e+00 -3.033813728903845153e+00 -3.354101966258186129e-01 2.826518827216192520e+00 2.082294901686609911e+00 -1.539589803373823340e+00 -3.033813728904451335e+00 -3.354101966246413880e-01 2.826518827217526564e+00 2.082294901686254196e+00 -1.539589803375376764e+00 -3.033813728905056184e+00 -3.354101966234571131e-01 2.826518827218861052e+00 2.082294901685904698e+00 -1.539589803376934407e+00 -3.033813728905662366e+00 -3.354101966222843290e-01 2.826518827220197316e+00 2.082294901685546318e+00
-5.690983005614709267e-01 -1.157623792124248707e+00 -1.463525491566512737e-01 1.067172942405398839e+00 8.059016994373081610e-01 -5.690983005620605661e-01 -1.157623792124488071e+00 -1.463525491562097935e-01 1.067172942405911318e+00 8.059016994371820397e-01 -5.690983005626504276e-01 -1.157623792124726769e+00 -1.463525491557656211e-01 1.067172942406423575e+00 8.059016994370583609e-01 -5.690983005632421765e-01 -1.157623792124966133e+00 -1.463525491553258617e-01 1.067172942406936720e+00 8.059016994369313514e-01
-2.477254248590031516e+00 -3.700125624966200455e+00 1.904508497172082149e-01 3.817830723278133220e+00 2.169098300561784320e+00 -2.477254248592016150e+00 -3.700125624966678295e+00 1.904508497188959482e-01 3.817830723279656002e+00 2.169098300561033366e+00 -2.477254248594001229e+00 -3.700125624967155247e+00 1.904508497205927853e-01 3.817830723281178784e+00 2.169098300560290848e+00 -2.477254248595992081e+00 -3.700125624967633975e+00 1.904508497222748009e-01 3.817830723282702010e+00 2.169098300559535897e+00
5.712664445209792774e+00 8.376973342618716956e+00 -5.354101966212838626e-01 -8.707875042054828540e+00 -4.846352549154395284e+00 5.712664445214301168e+00 8.376973342619752572e+00 -5.354101966251487710e-01 -8.707875042058256909e+00 -4.846352549152638467e+00 5.712664445218813114e+00 8.376973342620788188e+00 -5.354101966290342185e-01 -8.707875042061687054e+00 -4.846352549150902966e+00 5.712664445223334830e+00 8.376973342621827356e+00 -5.354101966328859152e-01 -8.707875042065115423e+00 -4.846352549149138156e+00
-1.430040653091041003e+00 -3.411067977497132642e+00 -6.781152949379684047e-01 2.991969676934781663e+00 2.527254248592417873e+00 -1.430040653092741199e+00 -3.411067977497945325e+00 -6.781152949367712512e-01 2.991969676936335087e+00 2.527254248592177177e+00 -1.430040653094442282e+00 -3.411067977498756232e+00 -6.781152949355664372e-01 2.991969676937888512e+00 2.527254248591943142e+00 -1.430040653096148251e+00 -3.411067977499568471e+00 -6.781152949343742797e-01 2.991969676939443268e+00 2.527254248591699337e+00
-3.044959346901412012e+00 -4.840044318777739996e+00 5.364745084187751145e-02 4.873200266808355607e+00 2.958155948030141147e+00 -3.044959346903978403e+00 -4.840044318778449650e+00 5.364745084400303343e-02 4.873200266810382431e+00 2.958155948029261850e+00 -3.044959346906545683e+00 -4.840044318779158417e+00 5.364745084614035153e-02 4.873200266812407477e+00 2.958155948028393656e+00 -3.044959346909120068e+00 -4.840044318779869847e+00 5.364745084825846277e-02 4.873200266814435189e+00 2.958155948027509918e+00
-1.884549150278230334e+00 -3.301518827216230356e+00 -1.559016994384725407e-01 3.205166278059780272e+00 2.136803398874039583e+00 -1.884549150279951846e+00 -3.301518827216798346e+00 -1.559016994371035802e-01 3.205166278061196028e+00 2.136803398873541759e+00 -1.884549150281674024e+00 -3.301518827217365892e+00 -1.559016994357267372e-01 3.205166278062611784e+00 2.136803398873051041e+00 -1.884549150283400865e+00 -3.301518827217934327e+00 -1.559016994343627172e-01 3.205166278064028429e+00 2.136803398872550108e+00
-1.791844051965263418e+00 -4.073732422715630186e+00 -7.258610463447480177e-01 3.625125624965568338e+00 2.966311896061313291e+00 -1.791844051967306450e+00 -4.073732422716563661e+00 -7.258610463432829674e-01 3.625125624967408200e+00 2.966311896060981557e+00 -1.791844051969350593e+00 -4.073732422717495361e+00 -7.258610463418087022e-01 3.625125624969248506e+00 2.966311896060657816e+00 -1.791844051971400953e+00 -4.073732422718429724e+00 -7.258610463403496471e-01 3.625125624971091032e+00 2.966311896060322528e+00
-2.899999999995770406e+00 -4.530495168496480041e+00 9.999999999864891964e-02 4.592298567371139839e+00 2.738196601123592089e+00 -2.899999999998179590e+00 -4.530495168497122194e+00 1.000000000006594364e-01 4.592298567373028106e+00 2.738196601122742990e+00 -2.900000000000590994e+00 -4.530495168497765235e+00 1.000000000026810137e-01 4.592298567374915486e+00 2.738196601121903662e+00 -2.900000000003007727e+00 -4.530495168498408276e+00 1.000000000046845361e-01 4.592298567376804641e+00 2.738196601121050122e+00
-2.813196601120512952e+00 -4.757749417090279209e+00 -1.272542485953765956e-01 4.679101966246067335e+00 3.019098300561352755e+00 -2.813196601123008289e+00 -4.757749417091055477e+00 -1.272542485933628453e-01 4.679101966248090605e+00 3.019098300560583148e+00 -2.813196601125504959e+00 -4.757749417091830857e+00 -1.272542485913376598e-01 4.679101966250113875e+00 3.019098300559825088e+00 -2.813196601128007845e+00 -4.757749417092608013e+00 -1.272542485893311259e-01 4.679101966252138034e+00 3.019098300559051928e+00
-7.668440519674630806e-01 -1.677583139029940273e+00 -2.699593469064877072e-01 1.510739087061231833e+00 1.203647450843161604e+00 -7.668440519683088485e-01 -1.677583139030311976e+00 -2.699593469058722550e-01 1.510739087061984565e+00 1.203647450843009725e+00 -7.668440519691550605e-01 -1.677583139030683235e+00 -2.699593469052529171e-01 1.510739087062737296e+00 1.203647450842860955e+00 -7.668440519700036040e-01 -1.677583139031055159e+00 -2.699593469046399075e-01 1.510739087063490915e+00 1.203647450842707745e+00
