2.372810981096222793e+00 -2.250297010590736946e+00 1.907508289947752234e+00 -1.377999367493199401e+00 7.136022658624465720e-01 2.064719751018867511e-02 -7.528755693330846377e-01 1.411407234837253277e+00 -1.931780526343340521e+00 2.263057680424884754e+00 -2.372810981096774796e+00 2.250297010593035996e+00 -1.907508289951571623e+00 1.377999367498169203e+00 -7.136022658680781783e-01 -2.064719750444637958e-02 7.528755693277856542e-01 -1.411407234832925184e+00 1.931780526340405535e+00 -2.263057680423632867e+00
-5.112138363162675780e+00 4.473934429939341761e+00 -3.397790622980061848e+00 1.989047396044627769e+00 -3.856023514764803095e-01 -1.255588137903756785e+00 2.773872912149283110e+00 -4.020631679045079565e+00 4.873823003808462673e+00 -5.249930575038190383e+00 5.112138363166803146e+00 -4.473934429947004077e+00 3.397790622990511267e+00 -1.989047396056851325e+00 3.856023514892760740e-01 1.255588137891640921e+00 -2.773872912139017100e+00 4.020631679037689032e+00 -4.873823003804665710e+00 5.249930575038365355e+00
7.280071145325173188e-01 -7.708764473122918792e-01 7.382870224172235485e-01 -6.334289198199090087e-01 4.665663811919157911e-01 -2.540330744137933583e-01 1.663324035956981195e-02 2.223947711516535697e-01 -4.396532329471120604e-01 6.138753730575845502e-01 -7.280071145320550219e-01 7.708764473124141148e-01 -7.382870224179178820e-01 6.334289198211076055e-01 -4.665663811935010785e-01 2.540330744156101273e-01 -1.663324036144303575e-02 -2.223947711499099089e-01 4.396532329456683819e-01 -6.138753730565827960e-01
-2.523236515844647254e+00 2.225521789012816942e+00 -1.709957483350641683e+00 1.027010625243992115e+00 -2.435328115348019962e-01 -5.637836905602832127e-01 1.315913116911503034e+00 -1.939231798873837231e+00 2.372724960940282735e+00 -2.573959272083370386e+00 2.523236515846548400e+00 -2.225521789016474017e+00 1.709957483355696972e+00 -1.027010625249955567e+00 2.435328115410870797e-01 5.637836905542913390e-01 -1.315913116906383129e+00 1.939231798870099777e+00 -2.372724960938291883e+00 2.573959272083323757e+00
-2.466921229255861991e+00 2.241550338191124592e+00 -1.796760882225006517e+00 1.176091952337764202e+00 -4.402989478413838476e-01 -3.385935854128338529e-01 1.084342219406705388e+00 -1.723947881908742374e+00 2.194801514278652554e+00 -2.450812682349967186e+00 2.466921229257204917e+00 -2.241550338194224334e+00 1.796760882229558876e+00 -1.176091952343328195e+00 4.402989478474123031e-01 3.385935854069307971e-01 -1.084342219401497553e+00 1.723947881904748680e+00 -2.194801514276262910e+00 2.450812682349417848e+00
3.259723467064277180e+00 -2.991031456254535037e+00 2.429556446765467115e+00 -1.630259524552193140e+00 6.713814413899484856e-01 3.532161350450474524e-01 -1.343238455180417512e+00 2.201775236430325133e+00 -2.844786916868672133e+00 3.209331033088422380e+00 -3.259723467065823055e+00 2.991031456258419929e+00 -2.429556446771309552e+00 1.630259524559427131e+00 -6.713814413978627105e-01 -3.532161350372274855e-01 1.343238455173446422e+00 -2.201775236424897919e+00 2.844786916865317927e+00 -3.209331033087472473e+00
3.522432790021247762e+00 -3.137308571262965362e+00 2.445082730635759649e+00 -1.513515156441139764e+00 4.337941734540786687e-01 6.883896056523778340e-01 -1.743189013865328985e+00 2.627352935889400776e+00 -3.254333246704733895e+00 3.562756745060107200e+00 -3.522432790023662275e+00 3.137308571267850343e+00 -2.445082730642635926e+00 1.513515156449340981e+00 -4.337941734627986379e-01 -6.883896056439923195e-01 1.743189013858087666e+00 -2.627352935884025964e+00 3.254333246701748728e+00 -3.562756745059808772e+00
1.956228180932813476e+00 -1.743562000776340826e+00 1.360223823873343063e+00 -8.437374618531515713e-01 2.446601984023092369e-01 3.783661099159779106e-01 -9.643553071640760255e-01 1.455946687888600710e+00 -1.805019862625760751e+00 1.977405116896505888e+00 -1.956228180934144634e+00 1.743562000779044885e+00 -1.360223823877154459e+00 8.437374618577013763e-01 -2.446601984071498093e-01 -3.783661099113201365e-01 9.643553071600506899e-01 -1.455946687885609325e+00 1.805019862624094973e+00 -1.977405116896330695e+00
-2.258804518072889067e+00 1.972124089092748500e+00 -1.492398413675993574e+00 8.665863833776586977e-01 -1.559468400120561926e-01 -5.699578665994579074e-01 1.240071126098374998e+00 -1.788797583691403403e+00 2.162424070507383167e+00 -2.324377422808006077e+00 2.258804518074748913e+00 -1.972124089096168875e+00 1.492398413680638525e+00 -8.665863833830789176e-01 1.559468400177183300e-01 5.699578665941078537e-01 -1.240071126093853504e+00 1.788797583688161996e+00 -2.162424070505737372e+00 2.324377422808119764e+00
-3.598203609387046198e-02 7.021575905120340522e-02 -9.757627429065612867e-02 1.153853439486758059e-01 -1.218996922040529313e-01 1.164816492614187265e-01 -9.966157091372154775e-02 7.308592362200824755e-02 -3.935611690660992257e-02 1.773859258206559458e-03 3.598203609359555688e-02 -7.021575905097676706e-02 9.757627429049989254e-02 -1.153853439486048627e-01 1.218996922040744002e-01 -1.164816492615304566e-01 9.966157091391288081e-02 -7.308592362226036532e-02 3.935611690689806708e-02 -1.773859258502593489e-03
-2.208809081648124728e+00 1.980366972154163463e+00 -1.558072745397996561e+00 9.832635025913372129e-01 -3.122055773515029498e-01 -3.894132050636441855e-01 1.052913509765916578e+00 -1.613347304052683784e+00 2.015855423367393762e+00 -2.221037568552601371e+00 2.208809081649536488e+00 -1.980366972157131755e+00 1.558072745402230730e+00 -9.832635025964268083e-01 3.122055773569478165e-01 3.894132050583768989e-01 -1.052913509761335575e+00 1.613347304049245867e+00 -2.015855423365433552e+00 2.221037568552313601e+00
-2.803499928150688936e-01 1.931401147258105244e-01 -8.702433652090704741e-02 -2.760999007686038009e-02 1.395416584758005785e-01 -2.378140170992510405e-01 3.128074827813790426e-01 -3.571811725910266633e-01 3.665914805999555548e-01 -3.401172602947800661e-01 2.803499928157049403e-01 -1.931401147266090523e-01 8.702433652178992451e-02 2.760999007597839117e-02 -1.395416584750063804e-01 2.378140170986222657e-01 -3.128074827809766423e-01 3.571811725908911050e-01 -3.665914806000998283e-01 3.401172602951904600e-01
-2.183518350744521719e+00 1.949912236723134074e+00 -1.525435127134144420e+00 9.516377989699809081e-01 -2.846875325923302058e-01 -4.101299330101176310e-01 1.064801023226361609e+00 -1.615241970384416748e+00 2.007571779428948044e+00 -2.203386475128211508e+00 2.183518350745977887e+00 -1.949912236726125014e+00 1.525435127138376368e+00 -9.516377989750438582e-01 2.846875325977265558e-01 4.101299330049160696e-01 -1.064801023221856768e+00 1.615241970381058323e+00 -2.007571779427063330e+00 2.203386475127986799e+00
4.919053698923080198e+00 -4.467134041254981369e+00 3.577940179276466015e+00 -2.338512603575773952e+00 8.701751208620033262e-01 6.833411655482445335e-01 -2.169967257556952411e+00 3.444181835345450082e+00 -4.381255898064996046e+00 4.889462107477816843e+00 -4.919053698925776708e+00 4.467134041261180855e+00 -3.577940179285558742e+00 2.338512603586878846e+00 -8.701751208740285959e-01 -6.833411655364756143e-01 2.169967257546575823e+00 -3.444181835337499553e+00 4.381255898060247844e+00 -4.889462107476739483e+00
-2.332614169793877590e+00 2.094309948624874629e+00 -1.651000077769331220e+00 1.046078816108005460e+00 -3.387600714664772417e-01 -4.017188692503747549e-01 1.102874768105154946e+00 -1.696073600477637999e+00 2.123248931596003253e+00 -2.342585863744897079e+00 2.332614169795344861e+00 -2.094309948627988582e+00 1.651000077773785435e+00 -1.046078816113368504e+00 3.387600714722222017e-01 4.017188692448103171e-01 -1.102874768100307934e+00 1.696073600473992249e+00 -2.123248931593914257e+00 2.342585863744571117e+00
-2.485517264507932644e+00 2.275170115915135849e+00 -1.842113464334572459e+00 1.228737912105987595e+00 -4.950849319201887089e-01 -2.870304108614691874e-01 1.041049217169623287e+00 -1.693162872684985887e+00 2.179537949262810415e+00 -2.452564665633299335e+00 2.485517264509154334e+00 -2.275170115918137892e+00 1.842113464339059981e+00 -1.228737912111525610e+00 4.950849319262330406e-01 2.870304108555101763e-01 -1.041049217164324858e+00 1.693162872680875841e+00 -2.179537949260289320e+00 2.452564665632617658e+00
-2.104926201204959657e+00 2.015749879525952970e+00 -1.729257915083989516e+00 1.273494137465489340e+00 -6.930718807166409423e-01 4.480691936758651739e-02 6.078440554373594207e-01 -1.200995018997643271e+00 1.676584222274304814e+00 -1.988057680425864060e+00 2.104926201205296277e+00 -2.015749879527851007e+00 1.729257915087262010e+00 -1.273494137469818765e+00 6.930718807216020849e-01 -4.480691937269382086e-02 -6.078440554325985623e-01 1.200995018993702868e+00 -1.676584222271569669e+00 1.988057680424603513e+00
-2.402366900382044257e+00 2.204402125093885445e+00 -1.790655110829119989e+00 1.201626298088870559e+00 -4.949739310691218530e-01 -2.601299330097940343e-01 9.897704668139727380e-01 -1.622525371190224996e+00 2.096456187435647323e+00 -2.365171265186037264e+00 2.402366900383183346e+00 -2.204402125096748488e+00 1.790655110833425656e+00 -1.201626298094201850e+00 4.949739310749544652e-01 2.601299330040307001e-01 -9.897704668088351809e-01 1.622525371186224863e+00 -2.096456187433175078e+00 2.365171265185336935e+00
-2.862802069515132608e+00 2.617071212321103957e+00 -2.115163190658128745e+00 1.406208258685309520e+00 -5.596038647235019869e-01 -3.417784545067856783e-01 1.209705117299530563e+00 -1.959217414700043403e+00 2.516947860879633403e+00 -2.828301913829797343e+00 2.862802069516566572e+00 -2.617071212324586504e+00 2.115163190663317483e+00 -1.406208258691702184e+00 5.596038647304698577e-01 3.417784544999246110e-01 -1.209705117293438548e+00 1.959217414695327397e+00 -2.516947860876753484e+00 2.828301913829038394e+00
-3.136240191378934838e+00 2.807597496188927622e+00 -2.204127596390338173e+00 1.384902330397382864e+00 -4.301131751233848721e-01 -5.667784545063717649e-01 1.508189860031483143e+00 -2.301969133880315432e+00 2.870415630143262398e+00 -3.157885845166550354e+00 3.136240191380972764e+00 -2.807597496193173559e+00 2.204127596396376010e+00 -1.384902330404626847e+00 4.301131751311235707e-01 5.667784544988958562e-01 -1.508189860024991891e+00 2.301969133875456208e+00 -2.870415630140508600e+00 3.157885845166175098e+00
