8.864745084403840014e-01 4.353444185378362086e+00 6.157546151627430575e+00 5.609674775251174417e+00 2.919098300562263049e+00 -8.864745084390274199e-01 -4.353444185376764253e+00 -6.157546151626199560e+00 -5.609674775250782730e+00 -2.919098300562859905e+00 8.864745084376707274e-01 4.353444185375164643e+00 6.157546151624972097e+00 5.609674775250391043e+00 2.919098300563454984e+00 -8.864745084363142569e-01 -4.353444185373565922e+00 -6.157546151623739306e+00 -5.609674775250001133e+00 -2.919098300564052284e+00
-8.248743750368339178e-01 -8.681356214850698194e+00 -1.322185504903671927e+01 -1.271205464881559344e+01 -7.346681439593799823e+00 8.248743750340317149e-01 8.681356214847196995e+00 1.322185504903385400e+01 1.271205464881446190e+01 7.346681439594833662e+00 -8.248743750312290679e-01 -8.681356214843692243e+00 -1.322185504903099407e+01 -1.271205464881333214e+01 -7.346681439595863949e+00 8.248743750284264209e-01 8.681356214840191043e+00 1.322185504902812880e+01 1.271205464881220237e+01 7.346681439596899565e+00
2.143566144658549444e+00 3.880166278064646423e+00 4.134674775251338197e+00 2.809878040719075099e+00 4.118033988743399210e-01 -2.143566144657480077e+00 -3.880166278063672536e+00 -4.134674775250829271e+00 -2.809878040719228309e+00 -4.118033988750952057e-01 2.143566144656410710e+00 3.880166278062697316e+00 4.134674775250323009e+00 2.809878040719381076e+00 4.118033988758506014e-01 -2.143566144655341787e+00 -3.880166278061722984e+00 -4.134674775249814971e+00 -2.809878040719535619e+00 -4.118033988766066633e-01
-1.963196601128195606e+00 -5.583813728909571950e+00 -7.071603799095871778e+00 -5.858281573000745368e+00 -2.407294901686958699e+00 1.963196601126541152e+00 5.583813728907797369e+00 7.071603799094651421e+00 5.858281573000549969e+00 2.407294901687860200e+00 -1.963196601124886476e+00 -5.583813728906021012e+00 -7.071603799093435505e+00 -5.858281573000353681e+00 -2.407294901688760369e+00 1.963196601123231799e+00 5.583813728904245544e+00 7.071603799092215148e+00 5.858281573000160058e+00 2.407294901689663646e+00
-2.392705098315966783e+00 -6.088322226097286460e+00 -7.458407197970977620e+00 -5.979634122156966214e+00 -2.216844051968084095e+00 2.392705098314189094e+00 6.088322226095434608e+00 7.458407197969757263e+00 5.979634122156846310e+00 2.216844051969108609e+00 -2.392705098312410961e+00 -6.088322226093580980e+00 -7.458407197968540459e+00 -5.979634122156725518e+00 -2.216844051970133123e+00 2.392705098310632827e+00 6.088322226091729128e+00 7.458407197967320101e+00 5.979634122156607390e+00 2.216844051971158081e+00
5.218566144662519335e+00 1.094070209966226237e+01 1.248386171337862649e+01 9.258610463438477822e+00 2.496884705061007015e+00 -5.218566144659419592e+00 -1.094070209965924256e+01 -1.248386171337683237e+01 -9.258610463438605720e+00 -2.496884705063000975e+00 5.218566144656318073e+00 1.094070209965621565e+01 1.248386171337504535e+01 9.258610463438730065e+00 2.496884705064993160e+00 -5.218566144653218331e+00 -1.094070209965319584e+01 -1.248386171337325301e+01 -9.258610463438857963e+00 -2.496884705066988008e+00
5.251722092693563049e+00 1.085164445219333729e+01 1.230660746478475787e+01 9.060864712032197232e+00 2.354179606748615150e+00 -5.251722092690496169e+00 -1.085164445219036722e+01 -1.230660746478301171e+01 -9.060864712032351775e+00 -2.354179606750604670e+00 5.251722092687428400e+00 1.085164445218739004e+01 1.230660746478127265e+01 9.060864712032504542e+00 2.354179606752594189e+00 -5.251722092684360632e+00 -1.085164445218441820e+01 -1.230660746477952827e+01 -9.060864712032659085e+00 -2.354179606754585485e+00
2.855369543534837629e+00 6.291437521034986879e+00 7.324390203596295557e+00 5.559674775250941003e+00 1.671352549155603828e+00 -2.855369543533039955e+00 -6.291437521033201641e+00 -7.324390203595201321e+00 -5.559674775250958767e+00 -1.671352549156725598e+00 2.855369543531241838e+00 6.291437521031412849e+00 7.324390203594110638e+00 5.559674775250977419e+00 1.671352549157847367e+00 -2.855369543529444165e+00 -6.291437521029627611e+00 -7.324390203593016402e+00 -5.559674775250996070e+00 -1.671352549158970691e+00
-1.143237254221823651e+00 -4.719756081440833029e+00 -6.493488504158501762e+00 -5.786929023844598063e+00 -2.869959346905694986e+00 1.143237254220371923e+00 4.719756081439161477e+00 6.493488504157245877e+00 5.786929023844240128e+00 2.869959346906371334e+00 -1.143237254218919752e+00 -4.719756081437487261e+00 -6.493488504155993546e+00 -5.786929023843883080e+00 -2.869959346907047237e+00 1.143237254217468024e+00 4.719756081435815709e+00 6.493488504154738550e+00 5.786929023843527808e+00 2.869959346907724473e+00
8.315594803166302673e-02 4.463525491566970316e-01 6.390576474690332631e-01 5.876644452187714807e-01 3.118033988748276641e-01 -8.315594803152313863e-02 -4.463525491565306647e-01 -6.390576474689035891e-01 -5.876644452187284040e-01 -3.118033988748875052e-01 8.315594803138323665e-02 4.463525491563640757e-01 6.390576474687743591e-01 5.876644452186854384e-01 3.118033988749472352e-01 -8.315594803124337631e-02 -4.463525491561975977e-01 -6.390576474686447961e-01 -5.876644452186425838e-01 -3.118033988750071872e-01
-8.704915028150288503e-01 -3.890779740159159061e+00 -5.424922359502003744e+00 -4.886929023844573727e+00 -2.482294901687184918e+00 8.704915028138248134e-01 3.890779740157756628e+00 5.424922359500936153e+00 4.886929023844252207e+00 2.482294901687731148e+00 -8.704915028126202214e-01 -3.890779740156352418e+00 -5.424922359499873004e+00 -4.886929023843931574e+00 -2.482294901688276489e+00 8.704915028114161846e-01 3.890779740154950428e+00 5.424922359498806301e+00 4.886929023843610942e+00 2.482294901688822719e+00
-1.690983005633359681e-01 -1.334016994375880616e+00 -1.989386537906817409e+00 -1.884878040718903858e+00 -1.060410196624795187e+00 1.690983005629096980e-01 1.334016994375356813e+00 1.989386537906395525e+00 1.884878040718745762e+00 1.060410196624960832e+00 -1.690983005624833724e-01 -1.334016994374832343e+00 -1.989386537905974528e+00 -1.884878040718587666e+00 -1.060410196625126256e+00 1.690983005620571022e-01 1.334016994374308540e+00 1.989386537905552421e+00 1.884878040718430015e+00 1.060410196625292123e+00
-2.009549150284348329e+00 -5.463322226096842371e+00 -6.830291903033174350e+00 -5.588322226094342149e+00 -2.211803398874356841e+00 2.009549150282738506e+00 5.463322226095136180e+00 6.830291903032018830e+00 5.588322226094183165e+00 2.211803398875253457e+00 -2.009549150281128682e+00 -5.463322226093427325e+00 -6.830291903030867751e+00 -5.588322226094024181e+00 -2.211803398876149629e+00 2.009549150279518859e+00 5.463322226091719358e+00 6.830291903029712230e+00 5.588322226093866973e+00 2.211803398877047577e+00
7.227583139039685634e+00 1.513320393250815243e+01 1.725845518244243948e+01 1.279156314600135147e+01 3.438728757029329230e+00 -7.227583139035399284e+00 -1.513320393250397800e+01 -1.725845518243996324e+01 -1.279156314600152911e+01 -3.438728757032087469e+00 7.227583139031111159e+00 1.513320393249979467e+01 1.725845518243749765e+01 1.279156314600170496e+01 3.438728757034845263e+00 -7.227583139026823034e+00 -1.513320393249561846e+01 -1.725845518243502141e+01 -1.279156314600188615e+01 -3.438728757037607053e+00
-4.960236587212532022e-01 -3.804837387627921785e+00 -5.660332556127087855e+00 -5.353773075813485605e+00 -3.002254248593534847e+00 4.960236587200390623e-01 3.804837387626433198e+00 5.660332556125889703e+00 5.353773075813039739e+00 3.002254248594010022e+00 -4.960236587188242563e-01 -3.804837387624941947e+00 -5.660332556124695991e+00 -5.353773075812593873e+00 -3.002254248594483865e+00 4.960236587176101164e-01 3.804837387623452472e+00 5.660332556123497838e+00 5.353773075812148896e+00 3.002254248594959485e+00
-2.796352549160410206e+00 -7.265044318785488286e+00 -8.958736088408969067e+00 -7.230495168500915781e+00 -2.740450849717951609e+00 2.796352549158282574e+00 7.265044318783259847e+00 8.958736088407485809e+00 7.230495168500751468e+00 2.740450849719164417e+00 -2.796352549156154055e+00 -7.265044318781028743e+00 -8.958736088406009657e+00 -7.230495168500586267e+00 -2.740450849720376780e+00 2.796352549154026423e+00 7.265044318778799415e+00 8.958736088404526399e+00 7.230495168500422842e+00 2.740450849721590920e+00
-5.887287570337308429e-01 -3.651189936784106749e+00 -5.319020660064545325e+00 -4.955166278063429353e+00 -2.698606797749710129e+00 5.887287570325770991e-01 3.651189936782714973e+00 5.319020660063445760e+00 4.955166278063042995e+00 2.698606797750184860e+00 -5.887287570314232443e-01 -3.651189936781321421e+00 -5.319020660062348860e+00 -4.955166278062657526e+00 -2.698606797750658259e+00 5.887287570302696116e-01 3.651189936779930090e+00 5.319020660061248407e+00 4.955166278062272944e+00 2.698606797751133435e+00
-1.100532155909345944e+00 -5.073403532284642026e+00 -7.108407197971015279e+00 -6.428240919907143081e+00 -3.292705098312056045e+00 1.100532155907772092e+00 5.073403532282802608e+00 7.108407197969609292e+00 6.428240919906711426e+00 3.292705098312762146e+00 -1.100532155906197795e+00 -5.073403532280960526e+00 -7.108407197968207747e+00 -6.428240919906279771e+00 -3.292705098313467360e+00 1.100532155904623943e+00 5.073403532279120220e+00 7.108407197966801760e+00 6.428240919905849893e+00 3.292705098314173906e+00
-2.464589803378844479e+00 -6.830495168503918357e+00 -8.587383539252549269e+00 -7.064183272438458339e+00 -2.842705098311850698e+00 2.464589803376827426e+00 6.830495168501768966e+00 8.587383539251085551e+00 7.064183272438241623e+00 2.842705098312963585e+00 -2.464589803374809041e+00 -6.830495168499616909e+00 -8.587383539249625386e+00 -7.064183272438025796e+00 -2.842705098314075585e+00 2.464589803372791987e+00 6.830495168497466629e+00 8.587383539248159892e+00 7.064183272437811745e+00 2.842705098315190693e+00
-2.489589803378704502e+00 -6.642830723285095829e+00 -8.258736088408744180e+00 -6.720084971875983193e+00 -2.614589803374475885e+00 2.489589803376752286e+00 6.642830723283036143e+00 8.258736088407358622e+00 6.720084971875808222e+00 2.614589803375573673e+00 -2.489589803374799626e+00 -6.642830723280973793e+00 -8.258736088405980169e+00 -6.720084971875631474e+00 -2.614589803376671018e+00 2.489589803372847410e+00 6.642830723278913219e+00 8.258736088404594611e+00 6.720084971875457391e+00 2.614589803377769694e+00
