-5.105715878530726393e+00 -2.357896628500944836e+00 6.207299719583341258e-01 3.538595197882310472e+00 6.110078070995086819e+00 8.083463931101693589e+00 9.265584020827127176e+00 9.540724189474087069e+00 8.881951800321129298e+00 7.353752084755682539e+00 5.105715878530795671e+00 2.357896628501010117e+00 -6.207299719582781705e-01 -3.538595197882266064e+00 -6.110078070995059285e+00 -8.083463931101691813e+00 -9.265584020827141387e+00 -9.540724189474122596e+00 -8.881951800321182589e+00 -7.353752084755745599e+00
-3.513895773475891549e+00 -8.158145581128810164e+00 -1.200381925815825035e+01 -1.467447547067251534e+01 -1.590869178103472592e+01 -1.558565449749595544e+01 -1.373698476010206804e+01 -1.054364324318862778e+01 -6.318216463749749323e+00 -1.474318635236415709e+00 3.513895773475804951e+00 8.158145581128753321e+00 1.200381925815822370e+01 1.467447547067252422e+01 1.590869178103477388e+01 1.558565449749602827e+01 1.373698476010216218e+01 1.054364324318873791e+01 6.318216463749857681e+00 1.474318635236520958e+00
-3.353899164001061362e+00 -8.119665633120595416e+00 -1.209062265703325956e+01 -1.487806529495401797e+01 -1.620913924022833896e+01 -1.595354970095526070e+01 -1.413631556203586825e+01 -1.093532036240234007e+01 -6.663899814839779445e+00 -1.740170323280541442e+00 3.353899164000971655e+00 8.119665633120536796e+00 1.209062265703323114e+01 1.487806529495402863e+01 1.620913924022838160e+01 1.595354970095533353e+01 1.413631556203596240e+01 1.093532036240245020e+01 6.663899814839890468e+00 1.740170323280648912e+00
5.668391827880917333e+00 1.198545864724606957e+01 1.712930526661804009e+01 2.059641613960588913e+01 2.204740629717967693e+01 2.134024271307319509e+01 1.854414748599718621e+01 1.393282189831883855e+01 7.957654627554696880e+00 1.203536677605516303e+00 -5.668391827880801870e+00 -1.198545864724599852e+01 -1.712930526661800812e+01 -2.059641613960591044e+01 -2.204740629717974798e+01 -2.134024271307329812e+01 -1.854414748599731766e+01 -1.393282189831899309e+01 -7.957654627554845206e+00 -1.203536677605658856e+00
5.791092701549594324e+00 1.230083406281539560e+01 1.760648408106236218e+01 2.118868876586710215e+01 2.269679696399329316e+01 2.198318453740067469e+01 1.911770484243425372e+01 1.438085099660835375e+01 8.236299257953797692e+00 1.285521162259439576e+00 -5.791092701549474420e+00 -1.230083406281532099e+01 -1.760648408106232665e+01 -2.118868876586712346e+01 -2.269679696399336422e+01 -2.198318453740078482e+01 -1.911770484243439228e+01 -1.438085099660851185e+01 -8.236299257953948683e+00 -1.285521162259586125e+00
1.368442928634925559e+00 5.503643306957837211e+00 9.100108732258000543e+00 1.180579211065896494e+01 1.335584230147825302e+01 1.359852959220374835e+01 1.251009805991746049e+01 1.019709096654796987e+01 6.885921562062325307e+00 2.900710178045386112e+00 -1.368442928634844069e+00 -5.503643306957779480e+00 -9.100108732257966793e+00 -1.180579211065896139e+01 -1.335584230147827967e+01 -1.359852959220380342e+01 -1.251009805991753332e+01 -1.019709096654806046e+01 -6.885921562062419454e+00 -2.900710178045479815e+00
-1.629392083059205465e+00 -5.541222389647098900e+00 -8.910639240769752334e+00 -1.140782063893165166e+01 -1.278832506999482987e+01 -1.291701914170687537e+01 -1.178130538166428387e+01 -9.492355365683089019e+00 -6.274227469380044830e+00 -2.441934473260799265e+00 1.629392083059129082e+00 5.541222389647046498e+00 8.910639240769723912e+00 1.140782063893165166e+01 1.278832506999486007e+01 1.291701914170692866e+01 1.178130538166435670e+01 9.492355365683174284e+00 6.274227469380133648e+00 2.441934473260888083e+00
-2.864675744780940114e+00 -2.288249747801480272e+00 -1.487833922333740233e+00 -5.417785461994810703e-01 4.573098888298771092e-01 1.411633645675216098e+00 2.227776865851920807e+00 2.825849764564911659e+00 3.147308799469249685e+00 3.160687320491704533e+00 2.864675744780958766e+00 2.288249747801502032e+00 1.487833922333761993e+00 5.417785461995029417e-01 -4.573098888298578468e-01 -1.411633645675203663e+00 -2.227776865851913701e+00 -2.825849764564911215e+00 -3.147308799469257679e+00 -3.160687320491718300e+00
-2.692913011046244254e+00 -6.501187365396093654e+00 -9.673080203985115588e+00 -1.189810455589530491e+01 -1.295845953490545632e+01 -1.275035020774250327e+01 -1.129414776533209164e+01 -8.732395448696365747e+00 -5.315855423365547061e+00 -1.378962431453106818e+00 2.692913011046172755e+00 6.501187365396046580e+00 9.673080203985092496e+00 1.189810455589531202e+01 1.295845953490549363e+01 1.275035020774256189e+01 1.129414776533216802e+01 8.732395448696454565e+00 5.315855423365635879e+00 1.378962431453192750e+00
2.539567905634620981e-01 -1.328550311348576374e+00 -2.781009652231501317e+00 -3.961244391920401231e+00 -4.753724930915562474e+00 -5.080877752523550228e+00 -4.910678859157633802e+00 -4.259788504345888072e+00 -3.191920371037052284e+00 -1.811604832394178910e+00 -2.539567905634952938e-01 1.328550311348550617e+00 2.781009652231483997e+00 3.961244391920394570e+00 4.753724930915566915e+00 5.080877752523565327e+00 4.910678859157657783e+00 4.259788504345920046e+00 3.191920371037086923e+00 1.811604832394214881e+00
-8.883663543246549388e-01 -5.138108837840332122e+00 -8.884897428998884905e+00 -1.176197035508656263e+01 -1.348769967235211276e+01 -1.389315897135841738e+01 -1.293865907091768186e+01 -1.071763307167690726e+01 -7.447490473239843922e+00 -3.448335617564758149e+00 8.883663543245698957e-01 5.138108837840270837e+00 8.884897428998847602e+00 1.176197035508655553e+01 1.348769967235213763e+01 1.389315897135846889e+01 1.293865907091775469e+01 1.071763307167699608e+01 7.447490473239938957e+00 3.448335617564854516e+00
7.744471792652436015e+00 1.749697142886481060e+01 2.553674559305158809e+01 3.107680517362171102e+01 3.357485053896416360e+01 3.278635560381374603e+01 2.878850374619022290e+01 2.197263256058956316e+01 1.300592700762530995e+01 2.766110701532796590e+00 -7.744471792652255715e+00 -1.749697142886469337e+01 -2.553674559305153124e+01 -3.107680517362173234e+01 -3.357485053896427019e+01 -3.278635560381390235e+01 -2.878850374619042185e+01 -2.197263256058979408e+01 -1.300592700762553910e+01 -2.766110701533017746e+00
-1.602796026837642884e+00 -5.332506549742437763e+00 -8.540234177800627435e+00 -1.091198418122530356e+01 -1.221559314472730051e+01 -1.232345474018131526e+01 -1.122501072310838133e+01 -9.027784447209088015e+00 -5.946855729344106223e+00 -2.283807338510672746e+00 1.602796026837570276e+00 5.332506549742387136e+00 8.540234177800599014e+00 1.091198418122530356e+01 1.221559314472732716e+01 1.232345474018136677e+01 1.122501072310845061e+01 9.027784447209173280e+00 5.946855729344190600e+00 2.283807338510757123e+00
-3.811696330999614357e+00 -9.431400705781502580e+00 -1.412789386704881167e+01 -1.744145034178471576e+01 -1.904771613533657515e+01 -1.878945876031967188e+01 -1.669195824798559613e+01 -1.296053256262700515e+01 -7.960439648698278248e+00 -2.181123438310596185e+00 3.811696330999508664e+00 9.431400705781431526e+00 1.412789386704877792e+01 1.744145034178472997e+01 1.904771613533662844e+01 1.878945876031975715e+01 1.669195824798570982e+01 1.296053256262713660e+01 7.960439648698407922e+00 2.181123438310723639e+00
1.022960189948450171e+00 -2.034190399206236677e+00 -4.892220259048716713e+00 -7.271365513832658500e+00 -8.938738849540099451e+00 -9.731126146798862564e+00 -9.570963016066317053e+00 -8.473927340500717165e+00 -6.547404615523417348e+00 -3.979976308328306622e+00 -1.022960189948515231e+00 2.034190399206184718e+00 4.892220259048680298e+00 7.271365513832641625e+00 8.938738849540106557e+00 9.731126146798889209e+00 9.570963016066359685e+00 8.473927340500775784e+00 6.547404615523483074e+00 3.979976308328376788e+00
1.763105987438297273e+00 -2.570056240274062986e+00 -6.651643456553644640e+00 -1.008212146658066466e+01 -1.252569118118794300e+01 -1.374315897135840991e+01 -1.361535060719329238e+01 -1.215477686187030848e+01 -9.504408869997337916e+00 -5.923683116818544647e+00 -1.763105987438390088e+00 2.570056240273988823e+00 6.651643456553591349e+00 1.008212146658063801e+01 1.252569118118794833e+01 1.374315897135844544e+01 1.361535060719335277e+01 1.215477686187039197e+01 9.504408869997430287e+00 5.923683116818644123e+00
-4.790642115868963380e+00 -1.049690859993541636e+01 -1.517566453397747672e+01 -1.836892068836165848e+01 -1.976409890197295383e+01 -1.922462941048489071e+01 -1.680331924642927532e+01 -1.273718311892377919e+01 -7.424242762564896125e+00 -1.384565796865175891e+00 4.790642115868858575e+00 1.049690859993535064e+01 1.517566453397744830e+01 1.836892068836167269e+01 1.976409890197301777e+01 1.922462941048498664e+01 1.680331924642939256e+01 1.273718311892391597e+01 7.424242762565030240e+00 1.384565796865304232e+00
-4.031793797379768840e+00 -9.844729785491008300e+00 -1.469399502993266893e+01 -1.810490966176112337e+01 -1.974358959157333970e+01 -1.944962941048488503e+01 -1.725180398916169011e+01 -1.336525179299302657e+01 -8.170415630141310004e+00 -2.175802258778307241e+00 4.031793797379660482e+00 9.844729785490935470e+00 1.469399502993263162e+01 1.810490966176113403e+01 1.974358959157339655e+01 1.944962941048497029e+01 1.725180398916180735e+01 1.336525179299316157e+01 8.170415630141445007e+00 2.175802258778438691e+00
1.035065109252121252e-01 -1.279821458581001714e+00 -2.537871586680873204e+00 -3.547497161485329453e+00 -4.209868997257494527e+00 -4.460149523696043339e+00 -4.273839539066201176e+00 -3.669176362761529919e+00 -2.705348639414805856e+00 -1.476702541969828530e+00 -1.035065109252407689e-01 1.279821458580979732e+00 2.537871586680858993e+00 3.547497161485324568e+00 4.209868997257500745e+00 4.460149523696057550e+00 4.273839539066221604e+00 3.669176362761557897e+00 2.705348639414836054e+00 1.476702541969860061e+00
-4.104979128772631825e+00 -9.734842482209030479e+00 -1.441179162685095072e+01 -1.767801419420003128e+01 -1.921378956225337475e+01 -1.886878533760973653e+01 -1.667677293756300827e+01 -1.285232180847820871e+01 -7.769795873388012808e+00 -1.926708182859521390e+00 4.104979128772527019e+00 9.734842482208962977e+00 1.441179162685091875e+01 1.767801419420004194e+01 1.921378956225342804e+01 1.886878533760982180e+01 1.667677293756312196e+01 1.285232180847834194e+01 7.769795873388144258e+00 1.926708182859648399e+00
