-3.865850963440355059e+00 -1.070104550410117383e+01 -8.713982499403082116e+00 4.571447003323909630e-01 9.251388325440609961e+00 1.041851454151756862e+01 2.996310071157888721e+00 -6.896140799272705735e+00 -1.110320979024785792e+01 -6.156465136362450075e+00 3.865850963433596021e+00 1.070104550409606681e+01 8.713982499403829962e+00 -4.571447003264121900e-01 -9.251388325434319881e+00 -1.041851454151615286e+01 -2.996310071162521016e+00 6.896140799265843668e+00 1.110320979024442956e+01 6.156465136365268265e+00
2.280506786279367759e+00 2.123312834903996915e+00 2.155971544406654061e-01 -1.869863179270955023e+00 -2.413753155601106037e+00 -9.676738358027792142e-01 1.276184336172579092e+00 2.467918499820576983e+00 1.625027859936218677e+00 -5.575836785505232651e-01 -2.280506786278105213e+00 -2.123312834903966273e+00 -2.155971544418922026e-01 1.869863179269484199e+00 2.413753155600602440e+00 9.676738358036554022e-01 -1.276184336171041878e+00 -2.467918499819648837e+00 -1.625027859936664099e+00 5.575836785490736469e-01
-1.473967733413956704e+00 -4.735253895096601440e+00 -4.092657077382903630e+00 -7.595305045607203542e-02 4.003368911533218721e+00 4.782195461827046579e+00 1.618439020551127205e+00 -2.879606285797401188e+00 -5.003619234951987238e+00 -3.002500902986469100e+00 1.473967733410953551e+00 4.735253895094187371e+00 4.092657077383067055e+00 7.595305045867317695e-02 -4.003368911530318819e+00 -4.782195461826239224e+00 -1.618439020553080088e+00 2.879606285794297005e+00 5.003619234950294370e+00 3.002500902987576659e+00
-2.053666335748292493e+00 -5.112003057934245476e+00 -3.955853678507628146e+00 4.616181530262961630e-01 4.498518363586082813e+00 4.826707349539480774e+00 1.175616430796433409e+00 -3.444687348789390757e+00 -5.225089275550239165e+00 -2.697773487371063261e+00 2.053666335745074623e+00 5.112003057931939765e+00 3.955853678508133520e+00 -4.616181530234010344e-01 -4.498518363583178470e+00 -4.826707349538962966e+00 -1.175616430798730683e+00 3.444687348786171999e+00 5.225089275548755907e+00 2.697773487372530976e+00
4.245247086739903253e+00 7.967910806507426003e+00 5.121593840554525379e+00 -1.947116151086825120e+00 -7.410566156772914859e+00 -6.764526845091309859e+00 -5.416120797902911344e-01 6.127823659162462633e+00 7.745300830799724423e+00 2.977323546663735332e+00 -4.245247086734941000e+00 -7.967910806504510113e+00 -5.121593840556057486e+00 1.947116151082116442e+00 7.410566156768903845e+00 6.764526845091300089e+00 5.416120797942981513e-01 -6.127823659157744629e+00 -7.745300830798190539e+00 -2.977323546666637899e+00
4.322142554300963724e+00 8.053870966625654049e+00 5.145750601797863588e+00 -2.004678335201079076e+00 -7.502391323840458703e+00 -6.814911618960253215e+00 -5.090177667632680425e-01 6.216525346043180633e+00 7.816981604576611176e+00 2.972887663180959095e+00 -4.322142554295950845e+00 -8.053870966622728389e+00 -5.145750601799433888e+00 2.004678335196313554e+00 7.502391323836419268e+00 6.814911618960268314e+00 5.090177667673312367e-01 -6.216525346038420885e+00 -7.816981604575081732e+00 -2.972887663183910956e+00
3.088192703369583292e+00 5.457349227882323461e+00 3.327306082148763000e+00 -1.545866337981626870e+00 -5.144580953110558852e+00 -4.501951288944997742e+00 -1.477801952519081086e-01 4.328225250244745581e+00 5.235914136639618022e+00 1.826960973328671134e+00 -3.088192703366194003e+00 -5.457349227880444076e+00 -3.327306082149940281e+00 1.545866337978367921e+00 5.144580953107900534e+00 4.501951288945129193e+00 1.477801952547264097e-01 -4.328225250241565902e+00 -5.235914136638700533e+00 -1.826960973330765459e+00
-1.927118949567465434e+00 -4.162202596274013899e+00 -2.965843656719469923e+00 6.756442722238322762e-01 3.760111134737404104e+00 3.744631471735112349e+00 6.419671739753324280e-01 -2.989953797097681498e+00 -4.156868667915225579e+00 -1.896738400337162345e+00 1.927118949564858630e+00 4.162202596272302380e+00 2.965843656720063226e+00 -6.756442722214270891e-01 -3.760111134735165894e+00 -3.744631471734885864e+00 -6.419671739773070707e-01 2.989953797095133758e+00 4.156868667914207727e+00 1.896738400338507491e+00
8.248258538543293827e-01 3.091351273503850638e-03 -8.211917524778324928e-01 -9.684601540949033804e-01 -3.173014395420268863e-01 5.954499407068740702e-01 1.017294826793890383e+00 6.004518521389609065e-01 -3.114213399958314366e-01 -9.665495939363550892e-01 -8.248258538543702389e-01 -3.091351274037174024e-03 8.211917524772454069e-01 9.684601540947468390e-01 3.173014395424303413e-01 -5.954499407062447958e-01 -1.017294826793552431e+00 -6.004518521391948305e-01 3.114213399952198147e-01 9.665495939358694777e-01
-1.545153349814333943e+00 -3.553370342241380708e+00 -2.632084016391814885e+00 4.591700069813259288e-01 3.171870733188973279e+00 3.269587671312036203e+00 6.717600953603970471e-01 -2.479886317048935584e+00 -3.587041304406988207e+00 -1.736933639140160190e+00 1.545153349812103283e+00 3.553370342239854374e+00 2.632084016392250092e+00 -4.591700069792914451e-01 -3.171870733187013069e+00 -3.269587671311766197e+00 -6.717600953620418425e-01 2.479886317046732014e+00 3.587041304406044517e+00 1.736933639141249763e+00
-1.374099116172166624e-01 -7.025231035214456465e-01 -6.884555276721131545e-01 -1.068049085284341199e-01 5.628988274611423925e-01 7.685321671572229452e-01 3.405649200737091986e-01 -3.681740922221743428e-01 -7.733795234424295506e-01 -5.409880643867678307e-01 1.374099116167668833e-01 7.025231035210347530e-01 6.884555276720794037e-01 1.068049085288047678e-01 -5.628988274606721021e-01 -7.685321671570409796e-01 -3.405649200739657156e-01 3.681740922216905076e-01 7.733795234421180220e-01 5.409880643868842931e-01
-1.704550059296045417e+00 -4.159086224022449763e+00 -3.184749031690628840e+00 4.151891978610555700e-01 3.672833206518177906e+00 3.902485187982062342e+00 9.148132750535971081e-01 -2.827057684625998046e+00 -4.238218903860200726e+00 -2.155267450726778833e+00 1.704550059293429065e+00 4.159086224020596134e+00 3.184749031691063603e+00 -4.151891978586937926e-01 -3.672833206515831783e+00 -3.902485187981667103e+00 -9.148132750554799353e-01 2.827057684623389022e+00 4.238218903859020337e+00 2.155267450727992529e+00
5.972041127317386788e+00 1.154663205057395814e+01 7.601838938633482812e+00 -2.610134413709988443e+00 -1.067023596839268329e+01 -9.933480267694511312e+00 -1.007270442186720238e+00 8.749362845718863468e+00 1.129276333752556027e+01 4.526076649135542418e+00 -5.972041127310187214e+00 -1.154663205056961672e+01 -7.601838938635574472e+00 2.610134413703198319e+00 1.067023596838678401e+01 9.933480267694360322e+00 1.007270442192454096e+00 -8.749362845711974757e+00 -1.129276333752320305e+01 -4.526076649139642250e+00
-9.467539696116913372e-01 -3.697332266461092587e+00 -3.399720788490411927e+00 -2.992792163129135430e-01 3.047896969157414038e+00 3.882296994268345181e+00 1.516016867343625174e+00 -2.100112280565584300e+00 -3.984846920693147609e+00 -2.584356224687750725e+00 9.467539696093358881e-01 3.697332266459075534e+00 3.399720788490393719e+00 2.992792163149062823e-01 -3.047896969155049707e+00 -3.882296994267558699e+00 -1.516016867345066466e+00 2.100112280563101841e+00 3.984846920691674121e+00 2.584356224688495463e+00
-2.585473959267379662e+00 -5.860832089743601259e+00 -4.304347377760592508e+00 8.007682709601050552e-01 5.245706938108530615e+00 5.365930081177189948e+00 1.062322194989074431e+00 -4.117095442381693005e+00 -5.902258161614223120e+00 -2.821425162858300251e+00 2.585473959263702159e+00 5.860832089741108142e+00 4.304347377761336801e+00 -8.007682709567424117e-01 -5.245706938105315409e+00 -5.365930081176772504e+00 -1.062322194991802471e+00 4.117095442378069237e+00 5.902258161612694565e+00 2.821425162860119240e+00
-1.743909167277605476e+00 -4.005876780664669567e+00 -2.965281421073781232e+00 5.199794042561969309e-01 3.576553871708846088e+00 3.684511835384015388e+00 7.548495657631529854e-01 -2.797132950473819601e+00 -4.043076559742919684e+00 -1.955788600939103894e+00 1.743909167275090821e+00 4.005876780662950942e+00 2.965281421074272838e+00 -5.199794042539028771e-01 -3.576553871706637189e+00 -3.684511835383712075e+00 -7.548495657650080570e-01 2.797132950471335366e+00 4.043076559741857423e+00 1.955788600940333133e+00
-1.041047910755411809e+00 -3.890441995402472930e+00 -3.532440948838587058e+00 -2.621913932406514380e-01 3.224216480388598871e+00 4.052485187982308723e+00 1.539765576871184205e+00 -2.242382191836981065e+00 -4.175843941601282694e+00 -2.666616777659570392e+00 1.041047910752936012e+00 3.890441995400379493e+00 3.532440948838599493e+00 2.621913932427565319e-01 -3.224216480386132844e+00 -4.052485187981514692e+00 -1.539765576872719421e+00 2.242382191834381366e+00 4.175843941599765685e+00 2.666616777660380411e+00
-1.983267408855933223e+00 -5.711061707823592570e+00 -4.730488284726408033e+00 1.500392080139966167e-01 4.906869952198641194e+00 5.618332377625109508e+00 1.697875875892632447e+00 -3.622359577478950765e+00 -5.956214952177729671e+00 -3.379591039269537855e+00 1.983267408852321667e+00 5.711061707820815236e+00 4.730488284726749981e+00 -1.500392080108207127e-01 -4.906869952195244799e+00 -5.618332377624293272e+00 -1.697875875895071829e+00 3.622359577475264825e+00 5.956214952175841404e+00 3.379591039270994912e+00
-1.954127621080928190e+00 -5.511904946580227893e+00 -4.525505258195035907e+00 1.918544467014887678e-01 4.751043686910479735e+00 5.393332377625221774e+00 1.589198777649291516e+00 -3.525117168697834202e+00 -5.733222546376518736e+00 -3.214690153044297283e+00 1.954127621077444532e+00 5.511904946577573128e+00 4.525505258195394731e+00 -1.918544466984162256e-01 -4.751043686907221897e+00 -5.393332377624464158e+00 -1.589198777651662287e+00 3.525117168694289038e+00 5.733222546374725503e+00 3.214690153045726806e+00
1.330677650560050385e-01 -1.208413797265146084e+00 -1.553643382454450883e+00 -6.180035377920469752e-01 8.271366516968410298e-01 1.590360988788002583e+00 1.042444818365013681e+00 -3.648936076605278078e-01 -1.471402980842269503e+00 -1.364844336976104966e+00 -1.330677650567978487e-01 1.208413797264199285e+00 1.553643382454129362e+00 6.180035377926150764e-01 -8.271366516958503778e-01 -1.590360988787407281e+00 -1.042444818365304116e+00 3.648936076595898914e-01 1.471402980841459041e+00 1.364844336976087869e+00
