-1.717854223483260778e+00 -4.310175145316394563e+00 -3.349060546945823447e+00 3.731183482570353260e-01 3.787687471875399225e+00 4.079575324265330316e+00 1.008140950564011984e+00 -2.894434558317156458e+00 -4.410752844772489745e+00 -2.290716389011803411e+00 1.717854223480029363e+00 4.310175145310882527e+00 3.349060546942571381e+00 -3.731183482553448449e-01 -3.787687471870163414e+00 -4.079575324260860114e+00 -1.008140950563995997e+00 2.894434558312709349e+00 4.410752844767241498e+00 2.290716389010080789e+00
3.204787539881920888e-01 2.584115589477625763e-01 -1.669774724533565347e-02 -2.780409381023293269e-01 -3.101589786548684113e-01 -8.657280893656336962e-02 2.083865379699097742e-01 3.315458765265189012e-01 1.813690153914466197e-01 -1.183338115866581913e-01 -3.204787539877788638e-01 -2.584115589475072805e-01 1.669774724522249398e-02 2.780409381019410264e-01 3.101589786545251304e-01 8.657280893654782650e-02 -2.083865379695845621e-01 -3.315458765261212748e-01 -1.813690153913046221e-01 1.183338115864279588e-01
2.576777976123759917e+00 5.238174521313286647e+00 3.581065489000624158e+00 -1.028379557456161608e+00 -4.789998164263238323e+00 -4.602601001467525599e+00 -6.206838174358320082e-01 3.872943413015717873e+00 5.173601859703135020e+00 2.208990335717552433e+00 -2.576777976119339453e+00 -5.238174521306756759e+00 -3.581065488997364543e+00 1.028379557453461990e+00 4.789998164256809687e+00 4.602601001462660157e+00 6.206838174365459926e-01 -3.872943413010018876e+00 -5.173601859697144256e+00 -2.208990335716209064e+00
1.974564212320948808e+00 4.552028048352147138e+00 3.376665697365248242e+00 -5.825194506850258636e-01 -4.061458381936714268e+00 -4.192011228718824256e+00 -8.665463734346108282e-01 3.173324871253110580e+00 4.597013493545070162e+00 2.230788600937799515e+00 -1.974564212317374556e+00 -4.552028048346381084e+00 -3.376665697362040586e+00 5.825194506830289054e-01 4.061458381931162265e+00 4.192011228714288329e+00 8.665463734348342051e-01 -3.173324871248317969e+00 -4.597013493539654050e+00 -2.230788600936225663e+00
-3.865850963440642829e+00 -1.070104550410459510e+01 -8.713982499405961590e+00 4.571447003317867797e-01 9.251388325441174842e+00 1.041851454151759171e+01 2.996310071157487265e+00 -6.896140799271792687e+00 -1.110320979024486299e+01 -6.156465136359476453e+00 3.865850963433023146e+00 1.070104550409077326e+01 8.713982499397321391e+00 -4.571447003281161603e-01 -9.251388325428230530e+00 -1.041851454150602763e+01 -2.996310071156848664e+00 6.896140799260992438e+00 1.110320979023151367e+01 6.156465136354586143e+00
2.280506786280811937e+00 2.123312834905449975e+00 2.155971544410277829e-01 -1.869863179271637810e+00 -2.413753155601964462e+00 -9.676738358030899656e-01 1.276184336172785150e+00 2.467918499820775935e+00 1.625027859936117869e+00 -5.575836785506371740e-01 -2.280506786277772147e+00 -2.123312834903230417e+00 -2.155971544414578833e-01 1.869863179268912878e+00 2.413753155599191569e+00 9.676738358025527287e-01 -1.276184336170641975e+00 -2.467918499817721489e+00 -1.625027859934670804e+00 5.575836785492864767e-01
-1.473967733413251047e+00 -4.735253895097811139e+00 -4.092657077384611597e+00 -7.595305045711941982e-02 4.003368911532984242e+00 4.782195461827230432e+00 1.618439020551597718e+00 -2.879606285796419751e+00 -5.003619234950604344e+00 -3.002500902985619557e+00 1.473967733410117997e+00 4.735253895091612542e+00 4.092657077380452257e+00 7.595305045843148140e-02 -4.003368911527287466e+00 -4.782195461821838300e+00 -1.618439020550960006e+00 2.879606285791783460e+00 5.003619234944509664e+00 3.002500902983093134e+00
-2.053666335747892369e+00 -5.112003057935541328e+00 -3.955853678509180682e+00 4.616181530254315213e-01 4.498518363585853663e+00 4.826707349539513636e+00 1.175616430796800671e+00 -3.444687348788307624e+00 -5.225089275548630674e+00 -2.697773487370118684e+00 2.053666335744043003e+00 5.112003057929009664e+00 3.955853678505346416e+00 -4.616181530234050312e-01 -4.498518363579640855e+00 -4.826707349534228975e+00 -1.175616430796806000e+00 3.444687348783023850e+00 5.225089275542418754e+00 2.697773487368099854e+00
4.245247086740285170e+00 7.967910806510240640e+00 5.121593840557057575e+00 -1.947116151085990676e+00 -7.410566156773281676e+00 -6.764526845091856977e+00 -5.416120797909039775e-01 6.127823659161172110e+00 7.745300830797846814e+00 2.977323546662793419e+00 -4.245247086733232145e+00 -7.967910806500420051e+00 -5.121593840552560728e+00 1.947116151081454305e+00 7.410566156763457535e+00 6.764526845084833262e+00 5.416120797924783847e-01 -6.127823659152307201e+00 -7.745300830788992563e+00 -2.977323546661248876e+00
4.322142554301352746e+00 8.053870966628560168e+00 5.145750601800497037e+00 -2.004678335200203776e+00 -7.502391323840866377e+00 -6.814911618960885598e+00 -5.090177667639498305e-01 6.216525346041882116e+00 7.816981604574784193e+00 2.972887663180091788e+00 -4.322142554294192252e+00 -8.053870966618644545e+00 -5.145750601795994861e+00 2.004678335195578143e+00 7.502391323830932102e+00 6.814911618953822803e+00 5.090177667655877425e-01 -6.216525346032904409e+00 -7.816981604565859776e+00 -2.972887663178577888e+00
3.088192703370475467e+00 5.457349227884775722e+00 3.327306082150514488e+00 -1.545866337981533167e+00 -5.144580953111390187e+00 -4.501951288945605256e+00 -1.477801952520513273e-01 4.328225250244410738e+00 5.235914136638720962e+00 1.826960973327967697e+00 -3.088192703365462588e+00 -5.457349227878111719e+00 -3.327306082147690525e+00 1.545866337978188065e+00 5.144580953104637366e+00 4.501951288941003604e+00 1.477801952534004704e-01 -4.328225250238229904e+00 -5.235914136632800364e+00 -1.826960973327186322e+00
-1.927118949567642181e+00 -4.162202596275069943e+00 -2.965843656720277277e+00 6.756442722236293275e-01 3.760111134737352145e+00 3.744631471734834349e+00 6.419671739751836581e-01 -2.989953797097010035e+00 -4.156868667913744098e+00 -1.896738400336027475e+00 1.927118949564250894e+00 4.162202596269839461e+00 2.965843656717516819e+00 -6.756442722216429164e-01 -3.760111134732259774e+00 -3.744631471730828665e+00 -6.419671739755702378e-01 2.989953797092554044e+00 4.156868667908888426e+00 1.896738400334775143e+00
8.248258538552227792e-01 3.091351273791981269e-03 -8.211917524782418321e-01 -9.684601540955543042e-01 -3.173014395423888745e-01 5.954499407069741013e-01 1.017294826794228113e+00 6.004518521392170349e-01 -3.114213399957744266e-01 -9.665495939363939470e-01 -8.248258538543891127e-01 -3.091351274072728916e-03 8.211917524770773191e-01 9.684601540944666187e-01 3.173014395422737999e-01 -5.954499407060211968e-01 -1.017294826792992879e+00 -6.004518521387177676e-01 3.114213399951242800e-01 9.665495939351322896e-01
-1.545153349814563093e+00 -3.553370342242561986e+00 -2.632084016392737258e+00 4.591700069811730511e-01 3.171870733189184666e+00 3.269587671312064625e+00 6.717600953603084513e-01 -2.479886317048586974e+00 -3.587041304406015207e+00 -1.736933639139290886e+00 1.545153349811769106e+00 3.553370342238062474e+00 2.632084016390238368e+00 -4.591700069796093575e-01 -3.171870733184850799e+00 -3.269587671308527899e+00 -6.717600953604885294e-01 2.479886317044843302e+00 3.587041304401790587e+00 1.736933639138068308e+00
-1.374099116169152091e-01 -7.025231035212496922e-01 -6.884555276721073813e-01 -1.068049085286488231e-01 5.628988274607780173e-01 7.685321671569097512e-01 3.405649200736943216e-01 -3.681740922217918710e-01 -7.733795234418521236e-01 -5.409880643864261041e-01 1.374099116165324319e-01 7.025231035203018948e-01 6.884555276713754113e-01 1.068049085287362532e-01 -5.628988274599439068e-01 -7.685321671560155776e-01 -3.405649200734778281e-01 3.681740922211529377e-01 7.733795234408833430e-01 5.409880643859266147e-01
-1.704550059295614650e+00 -4.159086224023380574e+00 -3.184749031691858967e+00 4.151891978602635924e-01 3.672833206517854610e+00 3.902485187982021930e+00 9.148132750539597069e-01 -2.827057684624973533e+00 -4.238218903858791187e+00 -2.155267450726040757e+00 1.704550059292449182e+00 4.159086224018079037e+00 3.184749031688787202e+00 -4.151891978585704468e-01 -3.672833206512795989e+00 -3.902485187977761782e+00 -9.148132750540145519e-01 2.827057684620654321e+00 4.238218903853764097e+00 2.155267450724450029e+00
5.972041127317500475e+00 1.154663205057770092e+01 7.601838938637165199e+00 -2.610134413708452783e+00 -1.067023596839284494e+01 -9.933480267695166788e+00 -1.007270442187787385e+00 8.749362845716655457e+00 1.129276333752259909e+01 4.526076649134200380e+00 -5.972041127307461394e+00 -1.154663205056341013e+01 -7.601838938630393727e+00 2.610134413702116518e+00 1.067023596837863408e+01 9.933480267684780429e+00 1.007270442189798887e+00 -8.749362845703917202e+00 -1.129276333750962635e+01 -4.526076649131685947e+00
-9.467539696113609349e-01 -3.697332266462064254e+00 -3.399720788491519485e+00 -2.992792163134102568e-01 3.047896969157380731e+00 3.882296994268312762e+00 1.516016867343600527e+00 -2.100112280565112677e+00 -3.984846920691999195e+00 -2.584356224686674697e+00 9.467539696091207269e-01 3.697332266457153516e+00 3.399720788487983203e+00 2.992792163141654305e-01 -3.047896969152960267e+00 -3.882296994263865653e+00 -1.516016867342796726e+00 2.100112280561615030e+00 3.984846920687078242e+00 2.584356224684388970e+00
-2.585473959267098110e+00 -5.860832089745147577e+00 -4.304347377762306692e+00 8.007682709592180981e-01 5.245706938108327222e+00 5.365930081177228139e+00 1.062322194989476776e+00 -4.117095442380462877e+00 -5.902258161612400578e+00 -2.821425162857273072e+00 2.585473959262452492e+00 5.860832089737738393e+00 4.304347377758238835e+00 -8.007682709565899781e-01 -5.245706938101173833e+00 -5.365930081171438104e+00 -1.062322194989829383e+00 4.117095442374265168e+00 5.902258161605461240e+00 2.821425162855312863e+00
-1.743909167277850392e+00 -4.005876780665979631e+00 -2.965281421074807966e+00 5.199794042560168528e-01 3.576553871709063248e+00 3.684511835384029599e+00 7.548495657630546196e-01 -2.797132950473407043e+00 -4.043076559741801468e+00 -1.955788600938118904e+00 1.743909167274698691e+00 4.005876780660908132e+00 2.965281421071994217e+00 -5.199794042542512651e-01 -3.576553871704176935e+00 -3.684511835380045230e+00 -7.548495657632605660e-01 2.797132950469185531e+00 4.043076559737040832e+00 1.955788600936743560e+00
