5.604101966249875888e-01 4.772542485936082102e-01 2.118033988748202479e-01 -1.345491502813715157e-01 -4.295084971875121060e-01 -5.604101966249627198e-01 -4.772542485937567025e-01 -2.118033988750848973e-01 1.345491502810915729e-01 4.295084971873239787e-01 5.604101966249379618e-01 4.772542485939047507e-01 2.118033988753497410e-01 -1.345491502808121020e-01 -4.295084971871355184e-01 -5.604101966249133149e-01 -4.772542485940530765e-01 -2.118033988756145847e-01 1.345491502805319095e-01 4.295084971869470025e-01
4.106134621005463892e-01 4.906559480316459165e+00 7.528366544875085609e+00 7.274593469059939643e+00 4.242172942402783420e+00 -4.106134620965651294e-01 -4.906559480313326560e+00 -7.528366544874000255e+00 -7.274593469061317208e+00 -4.242172942406096325e+00 4.106134620925829815e-01 4.906559480310199284e+00 7.528366544872916677e+00 7.274593469062694773e+00 4.242172942409412784e+00 -4.106134620886052744e-01 -4.906559480307064902e+00 -7.528366544871833987e+00 -7.274593469064073226e+00 -4.242172942412726577e+00
8.864745084427299027e-01 4.353444185377795428e+00 6.157546151624657682e+00 5.609674775247751377e+00 2.919098300559810788e+00 -8.864745084395609931e-01 -4.353444185375471065e+00 -6.157546151624066155e+00 -5.609674775249120060e+00 -2.919098300562615655e+00 8.864745084363915284e-01 4.353444185373149367e+00 6.157546151623476405e+00 5.609674775250488743e+00 2.919098300565423632e+00 -8.864745084332253944e-01 -4.353444185370823227e+00 -6.157546151622887542e+00 -5.609674775251859202e+00 -2.919098300568229831e+00
-8.248743750424165633e-01 -8.681356214849632380e+00 -1.322185504903044873e+01 -1.271205464880762293e+01 -7.346681439587930740e+00 8.248743750354403659e-01 8.681356214844175412e+00 1.322185504902859776e+01 1.271205464881008851e+01 7.346681439593767848e+00 -8.248743750284632803e-01 -8.681356214838727325e+00 -1.322185504902675035e+01 -1.271205464881255232e+01 -7.346681439599610286e+00 8.248743750214933002e-01 8.681356214833266804e+00 1.322185504902490649e+01 1.271205464881502145e+01 7.346681439605448283e+00
2.143566144659400763e+00 3.880166278063941210e+00 4.134674775249696843e+00 2.809878040717397774e+00 4.118033988733571515e-01 -2.143566144657518713e+00 -3.880166278063048146e+00 -4.134674775250132051e+00 -2.809878040718996939e+00 -4.118033988755084307e-01 2.143566144655637107e+00 3.880166278062154639e+00 4.134674775250569034e+00 2.809878040720595216e+00 4.118033988776623744e-01 -2.143566144653756833e+00 -3.880166278061260687e+00 -4.134674775251006018e+00 -2.809878040722195713e+00 -4.118033988798153189e-01
-1.963196601130308361e+00 -5.583813728908233465e+00 -7.071603799092168963e+00 -5.858281572996627773e+00 -2.407294901684284394e+00 1.963196601126819152e+00 5.583813728905971274e+00 7.071603799091998432e+00 5.858281572998615516e+00 2.407294901687669242e+00 -1.963196601123329499e+00 -5.583813728903710860e+00 -7.071603799091829679e+00 -5.858281573000601483e+00 -2.407294901691057643e+00 1.963196601119843399e+00 5.583813728901448670e+00 7.071603799091661813e+00 5.858281573002590115e+00 2.407294901694444267e+00
-2.392705098317903900e+00 -6.088322226095581158e+00 -7.458407197966892888e+00 -5.979634122152613251e+00 -2.216844051965402684e+00 2.392705098314275247e+00 6.088322226093333178e+00 7.458407197966885782e+00 5.979634122154850573e+00 2.216844051969027785e+00 -2.392705098310646150e+00 -6.088322226091088751e+00 -7.458407197966880453e+00 -5.979634122157087006e+00 -2.216844051972657326e+00 2.392705098307020606e+00 6.088322226088839884e+00 7.458407197966876900e+00 5.979634122159326104e+00 2.216844051976285979e+00
5.218566144665065742e+00 1.094070209965910401e+01 1.248386171337201134e+01 9.258610463431807602e+00 2.496884705057197174e+00 -5.218566144659185113e+00 -1.094070209965586571e+01 -1.248386171337265083e+01 -9.258610463436086846e+00 -2.496884705063475707e+00 5.218566144653303596e+00 1.094070209965263096e+01 1.248386171337329564e+01 9.258610463440360761e+00 2.496884705069761345e+00 -5.218566144647427407e+00 -1.094070209964939089e+01 -1.248386171337394224e+01 -9.258610463444641780e+00 -2.496884705076044320e+00
5.251722092695970900e+00 1.085164445219013274e+01 1.230660746477819423e+01 9.060864712025638923e+00 2.354179606744921660e+00 -5.251722092690190635e+00 -1.085164445218698681e+01 -1.230660746477888345e+01 -9.060864712029902179e+00 -2.354179606751130027e+00 5.251722092684408594e+00 1.085164445218384444e+01 1.230660746477957623e+01 9.060864712034163659e+00 2.354179606757344612e+00 -5.251722092678633658e+00 -1.085164445218069496e+01 -1.230660746478027079e+01 -9.060864712038432245e+00 -2.354179606763557864e+00
2.855369543536361299e+00 6.291437521033140357e+00 7.324390203592392901e+00 5.559674775246993050e+00 1.671352549153351630e+00 -2.855369543532877863e+00 -6.291437521031151725e+00 -7.324390203592656690e+00 -5.559674775249412448e+00 -1.671352549156999823e+00 2.855369543529393983e+00 6.291437521029164870e+00 7.324390203592924919e+00 5.559674775251830070e+00 1.671352549160651346e+00 -2.855369543525914100e+00 -6.291437521027174462e+00 -7.324390203593193149e+00 -5.559674775254250356e+00 -1.671352549164302204e+00
-1.143237254224116040e+00 -4.719756081440098505e+00 -6.493488504155540575e+00 -5.786929023841056896e+00 -2.869959346903240949e+00 1.143237254220807353e+00 4.719756081437736839e+00 6.493488504155028984e+00 5.786929023842592557e+00 2.869959346906235442e+00 -1.143237254217498222e+00 -4.719756081435378725e+00 -6.493488504154519170e+00 -5.786929023844126441e+00 -2.869959346909232600e+00 1.143237254214192422e+00 4.719756081433015282e+00 6.493488504154010243e+00 5.786929023845662989e+00 2.869959346912227538e+00
8.315594803202967789e-02 4.463525491570448089e-01 6.390576474692799547e-01 5.876644452188749534e-01 3.118033988747814234e-01 -8.315594803169937266e-02 -4.463525491567997827e-01 -6.390576474692137854e-01 -5.876644452190131762e-01 -3.118033988750710250e-01 8.315594803136903967e-02 4.463525491565550896e-01 6.390576474691479492e-01 5.876644452191512880e-01 3.118033988753609043e-01 -8.315594803103903976e-02 -4.463525491563098968e-01 -6.390576474690820019e-01 -5.876644452192895107e-01 -3.118033988756506170e-01
-8.704915028170731039e-01 -3.890779740158696320e+00 -5.424922359499643854e+00 -4.886929023841653397e+00 -2.482294901685087929e+00 8.704915028142955480e-01 3.890779740156687261e+00 5.424922359499170454e+00 4.886929023842898623e+00 2.482294901687574828e+00 -8.704915028115174369e-01 -3.890779740154680866e+00 -5.424922359498700608e+00 -4.886929023844142961e+00 -2.482294901690063949e+00 8.704915028087422124e-01 3.890779740152670474e+00 5.424922359498228985e+00 4.886929023845389075e+00 2.482294901692551736e+00
-1.690983005642939796e-01 -1.334016994375919696e+00 -1.989386537906078889e+00 -1.884878040717835379e+00 -1.060410196623915002e+00 1.690983005632515357e-01 1.334016994375117893e+00 1.989386537905824870e+00 1.884878040718226400e+00 1.060410196624800960e+00 -1.690983005622089252e-01 -1.334016994374317422e+00 -1.989386537905571517e+00 -1.884878040718616976e+00 -1.060410196625687806e+00 1.690983005611673140e-01 1.334016994373515619e+00 1.989386537905317942e+00 1.884878040719007775e+00 1.060410196626574209e+00
-2.009549150286331631e+00 -5.463322226095637113e+00 -6.830291903029796607e+00 -5.588322226090595812e+00 -2.211803398871939663e+00 2.009549150282979202e+00 5.463322226093500156e+00 6.830291903029692691e+00 5.588322226092564904e+00 2.211803398875228588e+00 -2.009549150279627217e+00 -5.463322226091366751e+00 -6.830291903029591438e+00 -5.588322226094532219e+00 -2.211803398878521065e+00 2.009549150276277896e+00 5.463322226089228906e+00 6.830291903029489298e+00 5.588322226096503087e+00 2.211803398881812210e+00
7.227583139042970117e+00 1.513320393250339713e+01 1.725845518243290400e+01 1.279156314599188526e+01 3.438728757024056115e+00 -7.227583139034841508e+00 -1.513320393249892781e+01 -1.725845518243379928e+01 -1.279156314599780586e+01 -3.438728757032738059e+00 7.227583139026712900e+00 1.513320393249446028e+01 1.725845518243469812e+01 1.279156314600372113e+01 3.438728757041429329e+00 -7.227583139018592284e+00 -1.513320393248998563e+01 -1.725845518243559695e+01 -1.279156314600964528e+01 -3.438728757050118379e+00
-4.960236587237083494e-01 -3.804837387627618028e+00 -5.660332556124586745e+00 -5.353773075810213555e+00 -3.002254248591052388e+00 4.960236587207444980e-01 3.804837387625343403e+00 5.660332556123871761e+00 5.353773075811330884e+00 3.002254248593575703e+00 -4.960236587177802026e-01 -3.804837387623073219e+00 -5.660332556123158554e+00 -5.353773075812449100e+00 -3.002254248596101238e+00 4.960236587148192378e-01 3.804837387620797706e+00 5.660332556122445347e+00 5.353773075813567317e+00 3.002254248598625885e+00
-2.796352549162794965e+00 -7.265044318783628441e+00 -8.958736088404307907e+00 -7.230495168495899350e+00 -2.740450849714833659e+00 2.796352549158424239e+00 7.265044318780896404e+00 8.958736088404256392e+00 7.230495168498552339e+00 2.740450849719175075e+00 -2.796352549154052625e+00 -7.265044318778166144e+00 -8.958736088404210207e+00 -7.230495168501204439e+00 -2.740450849723521376e+00 2.796352549149685007e+00 7.265044318775431442e+00 8.958736088404162246e+00 7.230495168503859205e+00 2.740450849727865457e+00
-5.887287570357242483e-01 -3.651189936783620471e+00 -5.319020660062187211e+00 -4.955166278060533891e+00 -2.698606797747669983e+00 5.887287570329586828e-01 3.651189936781536360e+00 5.319020660061580585e+00 4.955166278061638785e+00 2.698606797750062292e+00 -5.887287570301926731e-01 -3.651189936779454914e+00 -5.319020660060975736e+00 -4.955166278062742791e+00 -2.698606797752456821e+00 5.887287570274294390e-01 3.651189936777369915e+00 5.319020660060371775e+00 4.955166278063847685e+00 2.698606797754850462e+00
-1.100532155912222976e+00 -5.073403532284119777e+00 -7.108407197967859581e+00 -6.428240919903130290e+00 -3.292705098309074430e+00 1.100532155908577003e+00 5.073403532281469452e+00 7.108407197967217428e+00 6.428240919904744999e+00 3.292705098312326051e+00 -1.100532155904930587e+00 -5.073403532278822681e+00 -7.108407197966578828e+00 -6.428240919906357931e+00 -3.292705098315580781e+00 1.100532155901287501e+00 5.073403532276171468e+00 7.108407197965939339e+00 6.428240919907973527e+00 3.292705098318834178e+00
