8.864745084404483944e-01 4.353444185378370967e+00 6.157546151627381725e+00 5.609674775251084711e+00 2.919098300562167125e+00 -8.864745084390918128e-01 -4.353444185376773135e+00 -6.157546151626149822e+00 -5.609674775250692136e+00 -2.919098300562763981e+00 8.864745084377351203e-01 4.353444185375173525e+00 6.157546151624919695e+00 5.609674775250300449e+00 2.919098300563359949e+00 -8.864745084363786498e-01 -4.353444185373576580e+00 -6.157546151623690456e+00 -5.609674775249910539e+00 -2.919098300563957249e+00
-8.248743750369871286e-01 -8.681356214850731945e+00 -1.322185504903662512e+01 -1.271205464881540337e+01 -7.346681439593586660e+00 8.248743750341853698e-01 8.681356214847234298e+00 1.322185504903375985e+01 1.271205464881427183e+01 7.346681439594620500e+00 -8.248743750313822787e-01 -8.681356214843731323e+00 -1.322185504903089459e+01 -1.271205464881313851e+01 -7.346681439595653451e+00 8.248743750285800758e-01 8.681356214840230123e+00 1.322185504902803466e+01 1.271205464881201230e+01 7.346681439596688179e+00
2.143566144658570760e+00 3.880166278064627328e+00 4.134674775251285794e+00 2.809878040719008929e+00 4.118033988742855200e-01 -2.143566144657501393e+00 -3.880166278063652996e+00 -4.134674775250776868e+00 -2.809878040719161696e+00 -4.118033988750406937e-01 2.143566144656432471e+00 3.880166278062678220e+00 4.134674775250268830e+00 2.809878040719314463e+00 4.118033988757967556e-01 -2.143566144655363104e+00 -3.880166278061704332e+00 -4.134674775249760792e+00 -2.809878040719468562e+00 -4.118033988765524844e-01
-1.963196601128256669e+00 -5.583813728909566620e+00 -7.071603799095803389e+00 -5.858281573000639675e+00 -2.407294901686854338e+00 1.963196601126601992e+00 5.583813728907792040e+00 7.071603799094583032e+00 5.858281573000442499e+00 2.407294901687755839e+00 -1.963196601124946872e+00 -5.583813728906014795e+00 -7.071603799093364451e+00 -5.858281573000246212e+00 -2.407294901688657784e+00 1.963196601123292639e+00 5.583813728904240214e+00 7.071603799092146758e+00 5.858281573000051701e+00 2.407294901689560174e+00
-2.392705098316026291e+00 -6.088322226097274026e+00 -7.458407197970900349e+00 -5.979634122156852527e+00 -2.216844051967976181e+00 2.392705098314248602e+00 6.088322226095423950e+00 7.458407197969679991e+00 5.979634122156731735e+00 2.216844051969001139e+00 -2.392705098312470025e+00 -6.088322226093570322e+00 -7.458407197968460522e+00 -5.979634122156610943e+00 -2.216844051970026097e+00 2.392705098310691891e+00 6.088322226091719358e+00 7.458407197967243718e+00 5.979634122156492815e+00 2.216844051971051943e+00
5.218566144662601936e+00 1.094070209966222507e+01 1.248386171337848261e+01 9.258610463438284199e+00 2.496884705060835152e+00 -5.218566144659501305e+00 -1.094070209965920171e+01 -1.248386171337668848e+01 -9.258610463438408544e+00 -2.496884705062828225e+00 5.218566144656401562e+00 1.094070209965617835e+01 1.248386171337489792e+01 9.258610463438532889e+00 2.496884705064822185e+00 -5.218566144653300931e+00 -1.094070209965315854e+01 -1.248386171337310913e+01 -9.258610463438660787e+00 -2.496884705066817922e+00
5.251722092693642097e+00 1.085164445219329643e+01 1.230660746478461398e+01 9.060864712032005386e+00 2.354179606748445952e+00 -5.251722092690575217e+00 -1.085164445219032636e+01 -1.230660746478286782e+01 -9.060864712032156376e+00 -2.354179606750435028e+00 5.251722092687507448e+00 1.085164445218735096e+01 1.230660746478112522e+01 9.060864712032307366e+00 2.354179606752426324e+00 -5.251722092684440568e+00 -1.085164445218438090e+01 -1.230660746477938439e+01 -9.060864712032463686e+00 -2.354179606754417176e+00
2.855369543534889143e+00 6.291437521034968228e+00 7.324390203596214732e+00 5.559674775250827317e+00 1.671352549155500800e+00 -2.855369543533091026e+00 -6.291437521033182101e+00 -7.324390203595119608e+00 -5.559674775250844192e+00 -1.671352549156623235e+00 2.855369543531293353e+00 6.291437521031395086e+00 7.324390203594026261e+00 5.559674775250862844e+00 1.671352549157745893e+00 -2.855369543529495679e+00 -6.291437521029608959e+00 -7.324390203592933801e+00 -5.559674775250882384e+00 -1.671352549158869216e+00
-1.143237254221888710e+00 -4.719756081440838358e+00 -6.493488504158447583e+00 -5.786929023844502140e+00 -2.869959346905595066e+00 1.143237254220436983e+00 4.719756081439166806e+00 6.493488504157190810e+00 5.786929023844144204e+00 2.869959346906271414e+00 -1.143237254218985033e+00 -4.719756081437493478e+00 -6.493488504155936702e+00 -5.786929023843787157e+00 -2.869959346906948205e+00 1.143237254217532861e+00 4.719756081435821926e+00 6.493488504154683483e+00 5.786929023843430997e+00 2.869959346907625886e+00
8.315594803166984073e-02 4.463525491566981418e-01 6.390576474690281561e-01 5.876644452187622658e-01 3.118033988748176166e-01 -8.315594803152995262e-02 -4.463525491565317749e-01 -6.390576474688985931e-01 -5.876644452187190781e-01 -3.118033988748775132e-01 8.315594803139005065e-02 4.463525491563651304e-01 6.390576474687690300e-01 5.876644452186760015e-01 3.118033988749372987e-01 -8.315594803125019030e-02 -4.463525491561987635e-01 -6.390576474686396891e-01 -5.876644452186331469e-01 -3.118033988749973062e-01
-8.704915028150844725e-01 -3.890779740159165279e+00 -5.424922359501958447e+00 -4.886929023844494679e+00 -2.482294901687101429e+00 8.704915028138801025e-01 3.890779740157762845e+00 5.424922359500891744e+00 4.886929023844172271e+00 2.482294901687647215e+00 -8.704915028126758436e-01 -3.890779740156359523e+00 -5.424922359499826818e+00 -4.886929023843850750e+00 -2.482294901688193001e+00 8.704915028114714737e-01 3.890779740154957977e+00 5.424922359498761004e+00 4.886929023843531894e+00 2.482294901688739674e+00
-1.690983005633584502e-01 -1.334016994375885279e+00 -1.989386537906802754e+00 -1.884878040718875436e+00 -1.060410196624763213e+00 1.690983005629322355e-01 1.334016994375361476e+00 1.989386537906380870e+00 1.884878040718716896e+00 1.060410196624929302e+00 -1.690983005625059099e-01 -1.334016994374837228e+00 -1.989386537905959207e+00 -1.884878040718558800e+00 -1.060410196625094947e+00 1.690983005620796398e-01 1.334016994374313647e+00 1.989386537905537988e+00 1.884878040718401149e+00 1.060410196625261037e+00
-2.009549150284405616e+00 -5.463322226096836154e+00 -6.830291903033105960e+00 -5.588322226094238232e+00 -2.211803398874256921e+00 2.009549150282795793e+00 5.463322226095129075e+00 6.830291903031950440e+00 5.588322226094079248e+00 2.211803398875153537e+00 -2.009549150281185970e+00 -5.463322226093420220e+00 -6.830291903030796696e+00 -5.588322226093919376e+00 -2.211803398876050597e+00 2.009549150279576146e+00 5.463322226091713141e+00 6.830291903029644729e+00 5.588322226093763057e+00 2.211803398876948545e+00
7.227583139039799320e+00 1.513320393250809914e+01 1.725845518244224408e+01 1.279156314600108146e+01 3.438728757029090755e+00 -7.227583139035512971e+00 -1.513320393250392293e+01 -1.725845518243976784e+01 -1.279156314600125910e+01 -3.438728757031849437e+00 7.227583139031224846e+00 1.513320393249974316e+01 1.725845518243729515e+01 1.279156314600143318e+01 3.438728757034609895e+00 -7.227583139026938497e+00 -1.513320393249556872e+01 -1.725845518243482246e+01 -1.279156314600161615e+01 -3.438728757037369910e+00
-4.960236587213169290e-01 -3.804837387627935108e+00 -5.660332556127046111e+00 -5.353773075813403892e+00 -3.002254248593444252e+00 4.960236587201025671e-01 3.804837387626446521e+00 5.660332556125848846e+00 5.353773075812958027e+00 3.002254248593919428e+00 -4.960236587188882051e-01 -3.804837387624955269e+00 -5.660332556124651582e+00 -5.353773075812511273e+00 -3.002254248594394603e+00 4.960236587176738432e-01 3.804837387623466238e+00 5.660332556123456094e+00 5.353773075812068072e+00 3.002254248594870223e+00
-2.796352549160482592e+00 -7.265044318785476740e+00 -8.958736088408876697e+00 -7.230495168500779890e+00 -2.740450849717821491e+00 2.796352549158354961e+00 7.265044318783248301e+00 8.958736088407395215e+00 7.230495168500613801e+00 2.740450849719034743e+00 -2.796352549156226885e+00 -7.265044318781017196e+00 -8.958736088405915510e+00 -7.230495168500448600e+00 -2.740450849720247994e+00 2.796352549154099254e+00 7.265044318778788757e+00 8.958736088404435804e+00 7.230495168500285175e+00 2.740450849721462578e+00
-5.887287570337890186e-01 -3.651189936784116963e+00 -5.319020660064504469e+00 -4.955166278063352081e+00 -2.698606797749626196e+00 5.887287570326353858e-01 3.651189936782726075e+00 5.319020660063404904e+00 4.955166278062965723e+00 2.698606797750100927e+00 -5.887287570314814200e-01 -3.651189936781332523e+00 -5.319020660062305339e+00 -4.955166278062579366e+00 -2.698606797750575215e+00 5.887287570303277873e-01 3.651189936779940748e+00 5.319020660061207550e+00 4.955166278062194785e+00 2.698606797751050834e+00
-1.100532155909418996e+00 -5.073403532284650908e+00 -7.108407197970956659e+00 -6.428240919907039164e+00 -3.292705098311945910e+00 1.100532155907845144e+00 5.073403532282811490e+00 7.108407197969551561e+00 6.428240919906606621e+00 3.292705098312652012e+00 -1.100532155906271292e+00 -5.073403532280970296e+00 -7.108407197968146463e+00 -6.428240919906174966e+00 -3.292705098313358114e+00 1.100532155904697440e+00 5.073403532279129990e+00 7.108407197966743141e+00 6.428240919905745088e+00 3.292705098314065104e+00
-2.464589803378917310e+00 -6.830495168503911252e+00 -8.587383539252465781e+00 -7.064183272438328665e+00 -2.842705098311724576e+00 2.464589803376899368e+00 6.830495168501761860e+00 8.587383539251000286e+00 7.064183272438111061e+00 2.842705098312837908e+00 -2.464589803374881871e+00 -6.830495168499608916e+00 -8.587383539249536568e+00 -7.064183272437894345e+00 -2.842705098313951240e+00 2.464589803372864374e+00 6.830495168497459524e+00 8.587383539248074626e+00 7.064183272437680294e+00 2.842705098315065904e+00
-2.489589803378772892e+00 -6.642830723285086059e+00 -8.258736088408660692e+00 -6.720084971875857960e+00 -2.614589803374355537e+00 2.489589803376820232e+00 6.642830723283026373e+00 8.258736088407276910e+00 6.720084971875681212e+00 2.614589803375453325e+00 -2.489589803374867572e+00 -6.642830723280964023e+00 -8.258736088405894904e+00 -6.720084971875505353e+00 -2.614589803376552002e+00 2.489589803372915355e+00 6.642830723278904337e+00 8.258736088404512898e+00 6.720084971875331270e+00 2.614589803377651123e+00
