3.445652267838179572e-01 4.910378316771552676e+00 8.995529364496228197e+00 1.220013532248554888e+01 1.421050703176890195e+01 1.482985530235829863e+01 1.399755401027531576e+01 1.179507460497310589e+01 8.438011116218998353e+00 4.254976308328934920e+00 -3.445652267835443983e-01 -4.910378316771357277e+00 -8.995529364496135827e+00 -1.220013532248555777e+01 -1.421050703176902985e+01 -1.482985530235852600e+01 -1.399755401027561241e+01 -1.179507460497344162e+01 -8.438011116219351848e+00 -4.254976308329263546e+00
9.732145694521783241e+00 -1.451140694045674806e+00 -1.249237932078824365e+01 -2.231077682008734087e+01 -2.994524003591365613e+01 -3.464845451626911910e+01 -3.596003685859438548e+01 -3.375160024489110100e+01 -2.823932183799119855e+01 -1.996278185466404054e+01 -9.732145694522575496e+00 1.451140694045012225e+00 1.249237932078779068e+01 2.231077682008710639e+01 2.994524003591371653e+01 3.464845451626944595e+01 3.596003685859493260e+01 3.375160024489181154e+01 2.823932183799203344e+01 1.996278185466489319e+01
-5.105715878530661556e+00 -2.357896628500858682e+00 6.207299719584362663e-01 3.538595197882428600e+00 6.110078070995218269e+00 8.083463931101832145e+00 9.265584020827271061e+00 9.540724189474232730e+00 8.881951800321269630e+00 7.353752084755801555e+00 5.105715878530887153e+00 2.357896628501070513e+00 -6.207299719582675124e-01 -3.538595197882306920e+00 -6.110078070995166755e+00 -8.083463931101851685e+00 -9.265584020827359879e+00 -9.540724189474376615e+00 -8.881951800321465029e+00 -7.353752084756022711e+00
-3.513895773475407047e+00 -8.158145581128355417e+00 -1.200381925815788620e+01 -1.467447547067229863e+01 -1.590869178103469039e+01 -1.558565449749610998e+01 -1.373698476010242153e+01 -1.054364324318914470e+01 -6.318216463750377265e+00 -1.474318635237090946e+00 3.513895773475165907e+00 8.158145581128213308e+00 1.200381925815785955e+01 1.467447547067238389e+01 1.590869178103489645e+01 1.558565449749640841e+01 1.373698476010277503e+01 1.054364324318951773e+01 6.318216463750747636e+00 1.474318635237410247e+00
-3.353899164000586630e+00 -8.119665633120160209e+00 -1.209062265703292205e+01 -1.487806529495383501e+01 -1.620913924022833541e+01 -1.595354970095545255e+01 -1.413631556203625372e+01 -1.093532036240288186e+01 -6.663899814840425151e+00 -1.740170323281223785e+00 3.353899164000336164e+00 8.119665633120010995e+00 1.209062265703289185e+01 1.487806529495391494e+01 1.620913924022854147e+01 1.595354970095575275e+01 1.413631556203661077e+01 1.093532036240326200e+01 6.663899814840803515e+00 1.740170323281552855e+00
5.668391827880304490e+00 1.198545864724559351e+01 1.712930526661776653e+01 2.059641613960587847e+01 2.204740629717994693e+01 2.134024271307372445e+01 1.854414748599795359e+01 1.393282189831977291e+01 7.957654627555697857e+00 1.203536677606484862e+00 -5.668391827879986522e+00 -1.198545864724541588e+01 -1.712930526661774877e+01 -2.059641613960601703e+01 -2.204740629718024536e+01 -2.134024271307414722e+01 -1.854414748599845097e+01 -1.393282189832028983e+01 -7.957654627556204119e+00 -1.203536677606915184e+00
5.791092701548962829e+00 1.230083406281489289e+01 1.760648408106206020e+01 2.118868876586705952e+01 2.269679696399353475e+01 2.198318453740118272e+01 1.911770484243501400e+01 1.438085099660928634e+01 8.236299257954806663e+00 1.285521162260425232e+00 -5.791092701548635091e+00 -1.230083406281470992e+01 -1.760648408106203888e+01 -2.118868876586720162e+01 -2.269679696399384383e+01 -2.198318453740161615e+01 -1.911770484243551849e+01 -1.438085099660981747e+01 -8.236299257955327136e+00 -1.285521162260869321e+00
1.368442928634609146e+00 5.503643306957599179e+00 9.100108732257876198e+00 1.180579211065898626e+01 1.335584230147842888e+01 1.359852959220406987e+01 1.251009805991791168e+01 1.019709096654851344e+01 6.885921562062905288e+00 2.900710178045943888e+00 -1.368442928634373779e+00 -5.503643306957441972e+00 -9.100108732257815802e+00 -1.180579211065902001e+01 -1.335584230147856921e+01 -1.359852959220429724e+01 -1.251009805991819590e+01 -1.019709096654882607e+01 -6.885921562063228585e+00 -2.900710178046236098e+00
-1.629392083058850194e+00 -5.541222389646772939e+00 -8.910639240769501868e+00 -1.140782063893151488e+01 -1.278832506999483343e+01 -1.291701914170702459e+01 -1.178130538166458408e+01 -9.492355365683508239e+00 -6.274227469380546651e+00 -2.441934473261330840e+00 1.629392083058631258e+00 5.541222389646629054e+00 8.910639240769450353e+00 1.140782063893155396e+01 1.278832506999497554e+01 1.291701914170724486e+01 1.178130538166485763e+01 9.492355365683808444e+00 6.274227469380853073e+00 2.441934473261606620e+00
-2.864675744780852185e+00 -2.288249747801406997e+00 -1.487833922333689163e+00 -5.417785461994562013e-01 4.573098888298755549e-01 1.411633645675190118e+00 2.227776865851875954e+00 2.825849764564856148e+00 3.147308799469192842e+00 3.160687320491652130e+00 2.864675744780920130e+00 2.288249747801482936e+00 1.487833922333763326e+00 5.417785461995247021e-01 -4.573098888298215980e-01 -1.411633645675155924e+00 -2.227776865851864851e+00 -2.825849764564868138e+00 -3.147308799469228369e+00 -3.160687320491706753e+00
-2.692913011045865446e+00 -6.501187365395740159e+00 -9.673080203984834924e+00 -1.189810455589513971e+01 -1.295845953490543501e+01 -1.275035020774263295e+01 -1.129414776533237941e+01 -8.732395448696781415e+00 -5.315855423366050658e+00 -1.378962431453644832e+00 2.692913011045665606e+00 6.501187365395620255e+00 9.673080203984808279e+00 1.189810455589520544e+01 1.295845953490559843e+01 1.275035020774287275e+01 1.129414776533266362e+01 8.732395448697086948e+00 5.315855423366352639e+00 1.378962431453907511e+00
2.539567905635748968e-01 -1.328550311348446922e+00 -2.781009652231372531e+00 -3.961244391920291541e+00 -4.753724930915487867e+00 -5.080877752523520030e+00 -4.910678859157659559e+00 -4.259788504345968896e+00 -3.191920371037180626e+00 -1.811604832394341891e+00 -2.539567905636739287e-01 1.328550311348372315e+00 2.781009652231332119e+00 3.961244391920285768e+00 4.753724930915522506e+00 5.080877752523590196e+00 4.910678859157755483e+00 4.259788504346080806e+00 3.191920371037302306e+00 1.811604832394457354e+00
-8.883663543243095484e-01 -5.138108837840006160e+00 -8.884897428998623781e+00 -1.176197035508640987e+01 -1.348769967235209677e+01 -1.389315897135854527e+01 -1.293865907091796252e+01 -1.071763307167731227e+01 -7.447490473240338638e+00 -3.448335617565291056e+00 8.883663543240616356e-01 5.138108837839835630e+00 8.884897428998549174e+00 1.176197035508643118e+01 1.348769967235222822e+01 1.389315897135876732e+01 1.293865907091824496e+01 1.071763307167763024e+01 7.447490473240669928e+00 3.448335617565594369e+00
7.744471792651513198e+00 1.749697142886405032e+01 2.553674559305109781e+01 3.107680517362158668e+01 3.357485053896444782e+01 3.278635560381441394e+01 2.878850374619126029e+01 2.197263256059086700e+01 1.300592700762675236e+01 2.766110701534227445e+00 -7.744471792651012265e+00 -1.749697142886375900e+01 -2.553674559305105163e+01 -3.107680517362177497e+01 -3.357485053896488125e+01 -3.278635560381504632e+01 -2.878850374619200636e+01 -2.197263256059165570e+01 -1.300592700762753040e+01 -2.766110701534896243e+00
-1.602796026837276955e+00 -5.332506549742087820e+00 -8.540234177800339666e+00 -1.091198418122512415e+01 -1.221559314472725433e+01 -1.232345474018141651e+01 -1.122501072310863535e+01 -9.027784447209471708e+00 -5.946855729344582286e+00 -2.283807338511191887e+00 1.602796026837069121e+00 5.332506549741952817e+00 8.540234177800293480e+00 1.091198418122516323e+01 1.221559314472739111e+01 1.232345474018162967e+01 1.122501072310889825e+01 9.027784447209759477e+00 5.946855729344874497e+00 2.283807338511454343e+00
-3.811696330999068572e+00 -9.431400705781005200e+00 -1.412789386704842975e+01 -1.744145034178451681e+01 -1.904771613533658936e+01 -1.878945876031990991e+01 -1.669195824798605798e+01 -1.296053256262764464e+01 -7.960439648699034976e+00 -2.181123438311391993e+00 3.811696330998771476e+00 9.431400705780824012e+00 1.412789386704839067e+01 1.744145034178460918e+01 1.904771613533682739e+01 1.878945876032025808e+01 1.669195824798647365e+01 1.296053256262809228e+01 7.960439648699479953e+00 2.181123438311780127e+00
1.022960189948661558e+00 -2.034190399206047495e+00 -4.892220259048575492e+00 -7.271365513832591887e+00 -8.938738849540124320e+00 -9.731126146798978027e+00 -9.570963016066530216e+00 -8.473927340501008487e+00 -6.547404615523762850e+00 -3.979976308328671664e+00 -1.022960189948859178e+00 2.034190399205894728e+00 4.892220259048486675e+00 7.271365513832567018e+00 8.938738849540177611e+00 9.731126146799102372e+00 9.570963016066706075e+00 8.473927340501219874e+00 6.547404615523995552e+00 3.979976308328897261e+00
1.763105987438583266e+00 -2.570056240273777437e+00 -6.651643456553395950e+00 -1.008212146658049946e+01 -1.252569118118788616e+01 -1.374315897135847564e+01 -1.361535060719349843e+01 -1.215477686187063533e+01 -9.504408869997760689e+00 -5.923683116819020711e+00 -1.763105987438866817e+00 2.570056240273555392e+00 6.651643456553262723e+00 1.008212146658045505e+01 1.252569118118795544e+01 1.374315897135864439e+01 1.361535060719374179e+01 1.215477686187093198e+01 9.504408869998089315e+00 5.923683116819342231e+00
-4.790642115868358530e+00 -1.049690859993484970e+01 -1.517566453397702375e+01 -1.836892068836138847e+01 -1.976409890197291119e+01 -1.922462941048508611e+01 -1.680331924642971586e+01 -1.273718311892442401e+01 -7.424242762565675946e+00 -1.384565796866013443e+00 4.790642115868068096e+00 1.049690859993468273e+01 1.517566453397700243e+01 1.836892068836150571e+01 1.976409890197317409e+01 1.922462941048546270e+01 1.680331924643015995e+01 1.273718311892488586e+01 7.424242762566130693e+00 1.384565796866403353e+00
-4.031793797379194189e+00 -9.844729785490468288e+00 -1.469399502993223727e+01 -1.810490966176087113e+01 -1.974358959157330773e+01 -1.944962941048507687e+01 -1.725180398916212710e+01 -1.336525179299365540e+01 -8.170415630142073837e+00 -2.175802258779125253e+00 4.031793797378887767e+00 9.844729785490285323e+00 1.469399502993219642e+01 1.810490966176096705e+01 1.974358959157355642e+01 1.944962941048543925e+01 1.725180398916255697e+01 1.336525179299411903e+01 8.170415630142533914e+00 2.175802258779527154e+00
