4.106134620993011630e-01 4.906559480317392641e+00 7.528366544877448163e+00 7.274593469062436313e+00 4.242172942404209834e+00 -4.106134620967640814e-01 -4.906559480314844457e+00 -7.528366544875860100e+00 -7.274593469062416773e+00 -4.242172942405765923e+00 4.106134620942263336e-01 4.906559480312290056e+00 7.528366544874275590e+00 7.274593469062395457e+00 4.242172942407318459e+00 -4.106134620916923605e-01 -4.906559480309744536e+00 -7.528366544872683974e+00 -7.274593469062378581e+00 -4.242172942408876324e+00
8.864745084419378696e-01 4.353444185378818609e+00 6.157546151626780429e+00 5.609674775249858136e+00 2.919098300560920123e+00 -8.864745084398507613e-01 -4.353444185376839748e+00 -6.157546151625666653e+00 -5.609674775250034884e+00 -2.919098300562319004e+00 8.864745084377633200e-01 4.353444185374858222e+00 6.157546151624555542e+00 5.609674775250209855e+00 2.919098300563715220e+00 -8.864745084356787652e-01 -4.353444185372882913e+00 -6.157546151623438213e+00 -5.609674775250387491e+00 -2.919098300565116322e+00
-8.248743750403599861e-01 -8.681356214851886577e+00 -1.322185504903546693e+01 -1.271205464881279745e+01 -7.346681439590851070e+00 8.248743750359017746e-01 8.681356214847433250e+00 1.322185504903271180e+01 1.271205464881279923e+01 7.346681439593607088e+00 -8.248743750314426748e-01 -8.681356214842967489e+00 -1.322185504902996200e+01 -1.271205464881279745e+01 -7.346681439596358665e+00 8.248743750269902364e-01 8.681356214838517715e+00 1.322185504902720332e+01 1.271205464881280456e+01 7.346681439599118235e+00
2.143566144659144523e+00 3.880166278064597574e+00 4.134674775250790191e+00 2.809878040718351677e+00 4.118033988737681561e-01 -2.143566144657709227e+00 -3.880166278063569951e+00 -4.134674775250562817e+00 -2.809878040719010706e+00 -4.118033988750624541e-01 2.143566144656274375e+00 3.880166278062540997e+00 4.134674775250334555e+00 2.809878040719668846e+00 4.118033988763549758e-01 -2.143566144654840411e+00 -3.880166278061514262e+00 -4.134674775250106293e+00 -2.809878040720329206e+00 -4.118033988776508281e-01
-1.963196601129840957e+00 -5.583813728909921892e+00 -7.071603799094993370e+00 -5.858281572999184839e+00 -2.407294901685443911e+00 1.963196601127422891e+00 5.583813728907832896e+00 7.071603799094031473e+00 5.858281572999717746e+00 2.407294901687267341e+00 -1.963196601125005492e+00 -5.583813728905741236e+00 -7.071603799093071352e+00 -5.858281573000248876e+00 -2.407294901689087219e+00 1.963196601122590756e+00 5.583813728903656681e+00 7.071603799092106790e+00 5.858281573000783560e+00 2.407294901690912869e+00
-2.392705098317589485e+00 -6.088322226097528933e+00 -7.458407197969963320e+00 -5.979634122155300879e+00 -2.216844051966535112e+00 2.392705098315032419e+00 6.088322226095390199e+00 7.458407197969056490e+00 5.979634122155974119e+00 2.216844051968531737e+00 -2.392705098312475798e+00 -6.088322226093246137e+00 -7.458407197968152325e+00 -5.979634122156646470e+00 -2.216844051970525253e+00 2.392705098309921841e+00 6.088322226091109179e+00 7.458407197967243718e+00 5.979634122157324150e+00 2.216844051972524543e+00
5.218566144664808171e+00 1.094070209966228902e+01 1.248386171337675243e+01 9.258610463435774207e+00 2.496884705058692422e+00 -5.218566144660501394e+00 -1.094070209965894236e+01 -1.248386171337564043e+01 -9.258610463437324967e+00 -2.496884705062313081e+00 5.218566144656196393e+00 1.094070209965559037e+01 1.248386171337453554e+01 9.258610463438875726e+00 2.496884705065928411e+00 -5.218566144651894945e+00 -1.094070209965225082e+01 -1.248386171337342354e+01 -9.258610463440433591e+00 -2.496884705069552624e+00
5.251722092695817246e+00 1.085164445219334972e+01 1.230660746478289091e+01 9.060864712029514934e+00 2.354179606746320541e+00 -5.251722092691569088e+00 -1.085164445219007234e+01 -1.230660746478183398e+01 -9.060864712031079904e+00 -2.354179606749914111e+00 5.251722092687322707e+00 1.085164445218678786e+01 1.230660746478077883e+01 9.060864712032644874e+00 2.354179606753502796e+00 -5.251722092683079879e+00 -1.085164445218351403e+01 -1.230660746477971657e+01 -9.060864712034216950e+00 -2.354179606757099918e+00
2.855369543536204535e+00 6.291437521035013525e+00 7.324390203595187998e+00 5.559674775249332512e+00 1.671352549154222933e+00 -2.855369543533682553e+00 -6.291437521033010682e+00 -7.324390203594466797e+00 -5.559674775250170065e+00 -1.671352549156299716e+00 2.855369543531161014e+00 6.291437521031004287e+00 7.324390203593748261e+00 5.559674775251006729e+00 1.671352549158373613e+00 -2.855369543528641696e+00 -6.291437521029003221e+00 -7.324390203593027060e+00 -5.559674775251847834e+00 -1.671352549160453060e+00
-1.143237254223342880e+00 -4.719756081441227380e+00 -6.493488504157797436e+00 -5.786929023843264908e+00 -2.869959346904380038e+00 1.143237254221137533e+00 4.719756081439182793e+00 6.493488504156692542e+00 5.786929023843522479e+00 2.869959346905902819e+00 -1.143237254218931520e+00 -4.719756081437132877e+00 -6.493488504155590313e+00 -5.786929023843780051e+00 -2.869959346907423381e+00 1.143237254216728616e+00 4.719756081435090067e+00 6.493488504154482754e+00 5.786929023844041176e+00 2.869959346908948383e+00
8.315594803176497296e-02 4.463525491567832959e-01 6.390576474690881081e-01 5.876644452187939072e-01 3.118033988748234453e-01 -8.315594803154856274e-02 -4.463525491565762948e-01 -6.390576474689695363e-01 -5.876644452188091172e-01 -3.118033988749666641e-01 8.315594803133208313e-02 4.463525491563689607e-01 6.390576474688510755e-01 5.876644452188242163e-01 3.118033988751094943e-01 -8.315594803111596434e-02 -4.463525491561623482e-01 -6.390576474687322817e-01 -5.876644452188395373e-01 -3.118033988752528796e-01
-8.704915028164088575e-01 -3.890779740159582722e+00 -5.424922359501456626e+00 -4.886929023843433306e+00 -2.482294901686004529e+00 8.704915028145679967e-01 3.890779740157857880e+00 5.424922359500504498e+00 4.886929023843618936e+00 2.482294901687257749e+00 -8.704915028127270249e-01 -3.890779740156129041e+00 -5.424922359499555924e+00 -4.886929023843804565e+00 -2.482294901688508304e+00 8.704915028108883845e-01 3.890779740154406419e+00 5.424922359498602908e+00 4.886929023843993747e+00 2.482294901689762856e+00
-1.690983005638764802e-01 -1.334016994376109988e+00 -1.989386537906700614e+00 -1.884878040718548586e+00 -1.060410196624384405e+00 1.690983005632046843e-01 1.334016994375448295e+00 1.989386537906301156e+00 1.884878040718564574e+00 1.060410196624809398e+00 -1.690983005625328328e-01 -1.334016994374785270e+00 -1.989386537905903030e+00 -1.884878040718580339e+00 -1.060410196625233503e+00 1.690983005618619250e-01 1.334016994374124465e+00 1.989386537905502683e+00 1.884878040718596992e+00 1.060410196625659163e+00
-2.009549150285827146e+00 -5.463322226097139911e+00 -6.830291903032369660e+00 -5.588322226092946821e+00 -2.211803398873027682e+00 2.009549150283489460e+00 5.463322226095144174e+00 6.830291903031478817e+00 5.588322226093500156e+00 2.211803398874814697e+00 -2.009549150281152219e+00 -5.463322226093146661e+00 -6.830291903030589751e+00 -5.588322226094052603e+00 -2.211803398876598603e+00 2.009549150278817198e+00 5.463322226091154477e+00 6.830291903029697131e+00 5.588322226094609491e+00 2.211803398878387839e+00
7.227583139042888405e+00 1.513320393250817375e+01 1.725845518243979271e+01 1.279156314599752875e+01 3.438728757026051852e+00 -7.227583139036934057e+00 -1.513320393250355167e+01 -1.725845518243825794e+01 -1.279156314599967814e+01 -3.438728757031060290e+00 7.227583139030982373e+00 1.513320393249892071e+01 1.725845518243673382e+01 1.279156314600182220e+01 3.438728757036060735e+00 -7.227583139025035130e+00 -1.513320393249430396e+01 -1.725845518243520260e+01 -1.279156314600398225e+01 -3.438728757041075390e+00
-4.960236587227735416e-01 -3.804837387628449363e+00 -5.660332556126570935e+00 -5.353773075812300775e+00 -3.002254248592268304e+00 4.960236587208619596e-01 3.804837387626569978e+00 5.660332556125440284e+00 5.353773075812351401e+00 3.002254248593481556e+00 -4.960236587189499335e-01 -3.804837387624685707e+00 -5.660332556124310521e+00 -5.353773075812401139e+00 -3.002254248594692143e+00 4.960236587170407940e-01 3.804837387622808986e+00 5.660332556123177206e+00 5.353773075812454429e+00 3.002254248595906283e+00
-2.796352549162335333e+00 -7.265044318785791155e+00 -8.958736088407789566e+00 -7.230495168498969782e+00 -2.740450849716140613e+00 2.796352549159265788e+00 7.265044318783206556e+00 8.958736088406674014e+00 7.230495168499751379e+00 2.740450849718521376e+00 -2.796352549156196687e+00 -7.265044318780616628e+00 -8.958736088405562015e+00 -7.230495168500532088e+00 -2.740450849720898585e+00 2.796352549153130695e+00 7.265044318778034693e+00 8.958736088404444686e+00 7.230495168501318126e+00 2.740450849723282012e+00
-5.887287570349946098e-01 -3.651189936784466461e+00 -5.319020660064006201e+00 -4.955166278062363538e+00 -2.698606797748648312e+00 5.887287570331954933e-01 3.651189936782723411e+00 5.319020660062983907e+00 4.955166278062453245e+00 2.698606797749815822e+00 -5.887287570313961549e-01 -3.651189936780978140e+00 -5.319020660061965167e+00 -4.955166278062542951e+00 -2.698606797750981556e+00 5.887287570295994810e-01 3.651189936779236866e+00 5.319020660060941097e+00 4.955166278062635321e+00 2.698606797752151287e+00
-1.100532155911087440e+00 -5.073403532285211348e+00 -7.108407197970388225e+00 -6.428240919905778838e+00 -3.292705098310632295e+00 1.100532155908676479e+00 5.073403532282943829e+00 7.108407197969127012e+00 6.428240919906009765e+00 3.292705098312264322e+00 -1.100532155906264631e+00 -5.073403532280671868e+00 -7.108407197967870239e+00 -6.428240919906238915e+00 -3.292705098313894130e+00 1.100532155903856779e+00 5.073403532278406125e+00 7.108407197966608138e+00 6.428240919906471618e+00 3.292705098315528822e+00
-2.464589803380836219e+00 -6.830495168504342018e+00 -8.587383539251485232e+00 -7.064183272436569183e+00 -2.842705098310016165e+00 2.464589803377898569e+00 6.830495168501821368e+00 8.587383539250343034e+00 7.064183272437243311e+00 2.842705098312248602e+00 -2.464589803374961363e+00 -6.830495168499297165e+00 -8.587383539249204389e+00 -7.064183272437916550e+00 -2.842705098314477485e+00 2.464589803372026822e+00 6.830495168496780067e+00 8.587383539248062192e+00 7.064183272438594230e+00 2.842705098316713030e+00
