-2.599999999985221688e+00 2.599999999986700061e+00 -2.599999999988178434e+00 2.599999999989657695e+00 -2.599999999991135180e+00 2.599999999992614441e+00 -2.599999999994092370e+00 2.599999999995571631e+00 -2.599999999997049560e+00 2.599999999998528821e+00 -2.600000000000006750e+00 2.600000000001485567e+00 -2.600000000002963496e+00 2.600000000004442757e+00 -2.600000000005920686e+00 2.600000000007399503e+00 -2.600000000008877876e+00 2.600000000010356693e+00 -2.600000000011834622e+00 2.600000000013313439e+00
2.749999999984217514e+00 -2.749999999985781152e+00 2.749999999987345234e+00 -2.749999999988909760e+00 2.749999999990472510e+00 -2.749999999992037036e+00 2.749999999993600230e+00 -2.749999999995164757e+00 2.749999999996727951e+00 -2.749999999998292477e+00 2.749999999999855671e+00 -2.750000000001419753e+00 2.750000000002983391e+00 -2.750000000004547474e+00 2.750000000006111112e+00 -2.750000000007675194e+00 2.750000000009238832e+00 -2.750000000010802914e+00 2.750000000012366108e+00 -2.750000000013930634e+00
3.399999999981062171e+00 -3.399999999982995735e+00 3.399999999984929300e+00 -3.399999999986863752e+00 3.399999999988795985e+00 -3.399999999990729993e+00 3.399999999992663113e+00 -3.399999999994597122e+00 3.399999999996529798e+00 -3.399999999998464251e+00 3.400000000000396927e+00 -3.400000000002330491e+00 3.400000000004263612e+00 -3.400000000006197620e+00 3.400000000008130296e+00 -3.400000000010064749e+00 3.400000000011997425e+00 -3.400000000013931878e+00 3.400000000015864110e+00 -3.400000000017798119e+00
1.899999999989486765e+00 -1.899999999990567012e+00 1.899999999991647703e+00 -1.899999999992728617e+00 1.899999999993808419e+00 -1.899999999994889333e+00 1.899999999995969358e+00 -1.899999999997050271e+00 1.899999999998130296e+00 -1.899999999999211209e+00 1.900000000000291234e+00 -1.900000000001371925e+00 1.900000000002451950e+00 -1.900000000003532863e+00 1.900000000004612888e+00 -1.900000000005693801e+00 1.900000000006773826e+00 -1.900000000007854739e+00 1.900000000008934542e+00 -1.900000000010015455e+00
-2.249999999987834176e+00 2.249999999989113597e+00 -2.249999999990393018e+00 2.249999999991673327e+00 -2.249999999992951860e+00 2.249999999994231725e+00 -2.249999999995511146e+00 2.249999999996791011e+00 -2.249999999998069988e+00 2.249999999999349853e+00 -2.250000000000628830e+00 2.250000000001908695e+00 -2.250000000003187672e+00 2.250000000004467982e+00 -2.250000000005746958e+00 2.250000000007026824e+00 -2.250000000008305800e+00 2.250000000009586110e+00 -2.250000000010864643e+00 2.250000000012144508e+00
1.999999999990838551e-01 -1.999999999991975697e-01 1.999999999993113120e-01 -1.999999999994251099e-01 1.999999999995387689e-01 -1.999999999996525391e-01 1.999999999997662259e-01 -1.999999999998800237e-01 1.999999999999937106e-01 -2.000000000001074807e-01 2.000000000002211675e-01 -2.000000000003349376e-01 2.000000000004486245e-01 -2.000000000005623946e-01 2.000000000006760814e-01 -2.000000000007898793e-01 2.000000000009035661e-01 -2.000000000010173362e-01 2.000000000011309953e-01 -2.000000000012447932e-01
-2.399999999986574206e+00 2.399999999987938892e+00 -2.399999999989304023e+00 2.399999999990669153e+00 -2.399999999992032951e+00 2.399999999993398525e+00 -2.399999999994762767e+00 2.399999999996128341e+00 -2.399999999997492584e+00 2.399999999998857714e+00 -2.400000000000221956e+00 2.400000000001587086e+00 -2.400000000002951328e+00 2.400000000004316902e+00 -2.400000000005681144e+00 2.400000000007046275e+00 -2.400000000008410517e+00 2.400000000009776091e+00 -2.400000000011139889e+00 2.400000000012505463e+00
-5.999999999971263875e-01 5.999999999974675591e-01 -5.999999999978088416e-01 5.999999999981501242e-01 -5.999999999984911847e-01 5.999999999988324673e-01 -5.999999999991735278e-01 5.999999999995149214e-01 -5.999999999998559819e-01 6.000000000001972644e-01 -6.000000000005384360e-01 6.000000000008796075e-01 -6.000000000012206680e-01 6.000000000015620616e-01 -6.000000000019031221e-01 6.000000000022445157e-01 -6.000000000025855762e-01 6.000000000029268588e-01 -6.000000000032678082e-01 6.000000000036092018e-01
-2.349999999987030908e+00 2.349999999988367172e+00 -2.349999999989703436e+00 2.349999999991040589e+00 -2.349999999992375965e+00 2.349999999993713118e+00 -2.349999999995048938e+00 2.349999999996385647e+00 -2.349999999997721467e+00 2.349999999999058620e+00 -2.350000000000394440e+00 2.350000000001731149e+00 -2.350000000003066969e+00 2.350000000004403677e+00 -2.350000000005739498e+00 2.350000000007076650e+00 -2.350000000008412471e+00 2.350000000009749179e+00 -2.350000000011085000e+00 2.350000000012421708e+00
4.699999999973434761e+00 -4.699999999976107290e+00 4.699999999978779819e+00 -4.699999999981454124e+00 4.699999999984124877e+00 -4.699999999986799182e+00 4.699999999989470822e+00 -4.699999999992144240e+00 4.699999999994815880e+00 -4.699999999997490185e+00 4.700000000000161826e+00 -4.700000000002834355e+00 4.700000000005506884e+00 -4.700000000008180301e+00 4.700000000010851942e+00 -4.700000000013526247e+00 4.700000000016197887e+00 -4.700000000018871305e+00 4.700000000021542057e+00 -4.700000000024216362e+00
-2.299999999987123012e+00 2.299999999988430854e+00 -2.299999999989739141e+00 2.299999999991047428e+00 -2.299999999992354827e+00 2.299999999993663113e+00 -2.299999999994970512e+00 2.299999999996279243e+00 -2.299999999997586642e+00 2.299999999998894928e+00 -2.300000000000202327e+00 2.300000000001510614e+00 -2.300000000002818012e+00 2.300000000004126299e+00 -2.300000000005434142e+00 2.300000000006742429e+00 -2.300000000008049827e+00 2.300000000009358114e+00 -2.300000000010665513e+00 2.300000000011973800e+00
-2.399999999986407229e+00 2.399999999987771915e+00 -2.399999999989137045e+00 2.399999999990502175e+00 -2.399999999991865973e+00 2.399999999993231548e+00 -2.399999999994595790e+00 2.399999999995961364e+00 -2.399999999997325606e+00 2.399999999998690736e+00 -2.400000000000054978e+00 2.400000000001420108e+00 -2.400000000002784351e+00 2.400000000004149925e+00 -2.400000000005514167e+00 2.400000000006879297e+00 -2.400000000008243539e+00 2.400000000009609114e+00 -2.400000000010972911e+00 2.400000000012338486e+00
-2.349999999985949550e+00 2.349999999987285815e+00 -2.349999999988622079e+00 2.349999999989959232e+00 -2.349999999991294608e+00 2.349999999992631317e+00 -2.349999999993967581e+00 2.349999999995304290e+00 -2.349999999996640110e+00 2.349999999997977262e+00 -2.349999999999313083e+00 2.350000000000649347e+00 -2.350000000001985168e+00 2.350000000003322320e+00 -2.350000000004658141e+00 2.350000000005995293e+00 -2.350000000007331113e+00 2.350000000008667822e+00 -2.350000000010003198e+00 2.350000000011340351e+00
-2.499999999985747845e+00 2.499999999987169375e+00 -2.499999999988591348e+00 2.499999999990013322e+00 -2.499999999991433963e+00 2.499999999992856381e+00 -2.499999999994277466e+00 2.499999999995699884e+00 -2.499999999997120970e+00 2.499999999998543387e+00 -2.499999999999964473e+00 2.500000000001386002e+00 -2.500000000002807532e+00 2.500000000004229506e+00 -2.500000000005650591e+00 2.500000000007073009e+00 -2.500000000008494094e+00 2.500000000009916512e+00 -2.500000000011337153e+00 2.500000000012759571e+00
-3.049999999982603072e+00 3.049999999984337240e+00 -3.049999999986072297e+00 3.049999999987807353e+00 -3.049999999989540633e+00 3.049999999991275690e+00 -3.049999999993009414e+00 3.049999999994744915e+00 -3.049999999996478639e+00 3.049999999998213696e+00 -3.049999999999947420e+00 3.050000000001682032e+00 -3.050000000003415757e+00 3.050000000005151257e+00 -3.050000000006884981e+00 3.050000000008620038e+00 -3.050000000010353762e+00 3.050000000012088819e+00 -3.050000000013822099e+00 3.050000000015557600e+00
-3.199999999982217069e+00 3.199999999984036503e+00 -3.199999999985856380e+00 3.199999999987677146e+00 -3.199999999989495691e+00 3.199999999991316013e+00 -3.199999999993135003e+00 3.199999999994955768e+00 -3.199999999996774758e+00 3.199999999998595079e+00 -3.200000000000414069e+00 3.200000000002234390e+00 -3.200000000004053380e+00 3.200000000005873702e+00 -3.200000000007692691e+00 3.200000000009513457e+00 -3.200000000011332446e+00 3.200000000013152768e+00 -3.200000000014971313e+00 3.200000000016792079e+00
-9.999999999938735673e-01 9.999999999944421125e-01 -9.999999999950108798e-01 9.999999999955797580e-01 -9.999999999961480812e-01 9.999999999967169595e-01 -9.999999999972853937e-01 9.999999999978543830e-01 -9.999999999984228172e-01 9.999999999989916954e-01 -9.999999999995601296e-01 1.000000000000128786e+00 -1.000000000000697442e+00 1.000000000001266320e+00 -1.000000000001834755e+00 1.000000000002403633e+00 -1.000000000002972067e+00 1.000000000003540945e+00 -1.000000000004109157e+00 1.000000000004678258e+00
-2.799999999983974419e+00 2.799999999985566479e+00 -2.799999999987158983e+00 2.799999999988751931e+00 -2.799999999990343102e+00 2.799999999991936050e+00 -2.799999999993527666e+00 2.799999999995120614e+00 -2.799999999996712230e+00 2.799999999998305178e+00 -2.799999999999896794e+00 2.800000000001489298e+00 -2.800000000003080913e+00 2.800000000004673861e+00 -2.800000000006265921e+00 2.800000000007858869e+00 -2.800000000009450485e+00 2.800000000011043433e+00 -2.800000000012634604e+00 2.800000000014227552e+00
-2.349999999986364774e+00 2.349999999987701038e+00 -2.349999999989037747e+00 2.349999999990374455e+00 -2.349999999991709831e+00 2.349999999993046984e+00 -2.349999999994382804e+00 2.349999999995719513e+00 -2.349999999997055333e+00 2.349999999998392486e+00 -2.349999999999728306e+00 2.350000000001065015e+00 -2.350000000002400835e+00 2.350000000003737544e+00 -2.350000000005073364e+00 2.350000000006410517e+00 -2.350000000007746337e+00 2.350000000009083045e+00 -2.350000000010418866e+00 2.350000000011755574e+00
-2.949999999983106580e+00 2.949999999984783905e+00 -2.949999999986461674e+00 2.949999999988139887e+00 -2.949999999989816324e+00 2.949999999991494537e+00 -2.949999999993171418e+00 2.949999999994849631e+00 -2.949999999996526512e+00 2.949999999998205169e+00 -2.949999999999882050e+00 2.950000000001559819e+00 -2.950000000003236700e+00 2.950000000004914913e+00 -2.950000000006591794e+00 2.950000000008270007e+00 -2.950000000009946888e+00 2.950000000011625545e+00 -2.950000000013301982e+00 2.950000000014980195e+00
