1.295084971853909250e-01 -7.274575140384509364e-02 -1.180339887690943883e-02 9.184405196959317952e-02 -1.368033988745342155e-01 1.295084971859868928e-01 -7.274575140430282472e-02 -1.180339887676436911e-02 9.184405196981657027e-02 -1.368033988750406438e-01 1.295084971865828327e-01 -7.274575140476072233e-02 -1.180339887661991521e-02 9.184405197003990551e-02 -1.368033988755468777e-01 1.295084971871785506e-01 -7.274575140521859218e-02 -1.180339887647448988e-02 9.184405197026368484e-02 -1.368033988760533892e-01
2.390450849700676894e+00 -1.662790070165850009e+00 2.999999999823452779e-01 1.177379873571636537e+00 -2.205040653093702119e+00 2.390450849710928694e+00 -1.662790070174981594e+00 2.999999999868750433e-01 1.177379873573445090e+00 -2.205040653101156600e+00 2.390450849721180049e+00 -1.662790070184115399e+00 2.999999999913941506e-01 1.177379873575252756e+00 -2.205040653108606197e+00 2.390450849731429628e+00 -1.662790070193248981e+00 2.999999999959301888e-01 1.177379873577068858e+00 -2.205040653116063787e+00
2.030901699422944517e+00 -1.428773075794739000e+00 2.809016994227256925e-01 9.742645786330053070e-01 -1.857294901688057109e+00 2.030901699431616692e+00 -1.428773075802531212e+00 2.809016994266672063e-01 9.742645786344255043e-01 -1.857294901694295453e+00 2.030901699440288422e+00 -1.428773075810325643e+00 2.809016994305996717e-01 9.742645786358451465e-01 -1.857294901700529355e+00 2.030901699448959263e+00 -1.428773075818119853e+00 2.809016994345465146e-01 9.742645786372717831e-01 -1.857294901706770140e+00
-5.798074641794754847e+00 3.426441186668980787e+00 2.539763413155856075e-01 -3.837383539261870702e+00 5.955040653085311497e+00 -5.798074641821039599e+00 3.426441186689835217e+00 2.539763413081093102e-01 -3.837383539270644572e+00 5.955040653106979498e+00 -5.798074641847322575e+00 3.426441186710696751e+00 2.539763413006601578e-01 -3.837383539279417555e+00 5.955040653128640393e+00 -5.798074641873599333e+00 3.426441186731556954e+00 2.539763412931680953e-01 -3.837383539288208745e+00 5.955040653150314611e+00
5.272542485896384301e-01 -2.868033988707818782e-01 -6.319660112810264463e-02 3.890576474700862541e-01 -5.663118960621017495e-01 5.272542485920864719e-01 -2.868033988726254591e-01 -6.319660112756619874e-02 3.890576474710634169e-01 -5.663118960642187227e-01 5.272542485945346247e-01 -2.868033988744696505e-01 -6.319660112703226473e-02 3.890576474720404132e-01 -5.663118960663351409e-01 5.272542485969817783e-01 -2.868033988763137865e-01 -6.319660112649436168e-02 3.890576474730190748e-01 -5.663118960684525582e-01
-2.505901699415043815e+00 1.254634122134691498e+00 4.758610463577203076e-01 -2.024593469066365170e+00 2.799999999995240518e+00 -2.505901699426932527e+00 1.254634122143222008e+00 4.758610463557984005e-01 -2.024593469071793717e+00 2.800000000005943512e+00 -2.505901699438820796e+00 1.254634122151756070e+00 4.758610463538885949e-01 -2.024593469077221375e+00 2.800000000016644286e+00 -2.505901699450705067e+00 1.254634122160289689e+00 4.758610463519596934e-01 -2.024593469082657471e+00 2.800000000027348612e+00
-2.157294901670107290e+00 1.254634122137312735e+00 1.272542486079819846e-01 -1.460535821600082773e+00 2.235942352529872501e+00 -2.157294901679934540e+00 1.254634122145028785e+00 1.272542486053174215e-01 -1.460535821603493822e+00 2.235942352538053957e+00 -2.157294901689760458e+00 1.254634122152747500e+00 1.272542486026629893e-01 -1.460535821606904205e+00 2.235942352546233192e+00 -2.157294901699584599e+00 1.254634122160465992e+00 1.272542485999925421e-01 -1.460535821610321694e+00 2.235942352554417312e+00
2.674138953634085158e+00 -1.551847717631271717e+00 -1.631966011445205034e-01 1.815905365134329097e+00 -2.774999999998799094e+00 2.674138953646274519e+00 -1.551847717640829183e+00 -1.631966011412370743e-01 1.815905365138581695e+00 -2.775000000008961187e+00 2.674138953658462992e+00 -1.551847717650390202e+00 -1.631966011379662462e-01 1.815905365142833627e+00 -2.775000000019119728e+00 2.674138953670648355e+00 -1.551847717659950554e+00 -1.631966011346754897e-01 1.815905365147094219e+00 -2.775000000029284042e+00
3.326393202222534207e+00 -2.152708763969128025e+00 1.567627457574340133e-01 1.899061313167051956e+00 -3.229508497185068716e+00 3.326393202237176716e+00 -2.152708763981491025e+00 1.567627457628049670e-01 1.899061313170733900e+00 -3.229508497196394767e+00 3.326393202251818337e+00 -2.152708763993858021e+00 1.567627457681607384e-01 1.899061313174414289e+00 -3.229508497207714601e+00 3.326393202266456850e+00 -2.152708764006224129e+00 1.567627457735405461e-01 1.899061313178106891e+00 -3.229508497219044205e+00
1.946352549139767962e+00 -1.177912029451277043e+00 -4.045084973145307572e-02 1.243362879192544623e+00 -1.971352549153967848e+00 1.946352549148526734e+00 -1.177912029458336951e+00 -4.045084972878311425e-02 1.243362879195289761e+00 -1.971352549161077938e+00 1.946352549157284839e+00 -1.177912029465398858e+00 -4.045084972612222191e-02 1.243362879198034232e+00 -1.971352549168185364e+00 1.946352549166040946e+00 -1.177912029472460542e+00 -4.045084972344698687e-02 1.243362879200785365e+00 -1.971352549175297453e+00
-2.444959346885273277e+00 1.371478174104153291e+00 2.258610463578140659e-01 -1.736929023848286846e+00 2.584549150277348328e+00 -2.444959346896528718e+00 1.371478174112790827e+00 2.258610463550861924e-01 -1.736929023852517684e+00 2.584549150286919783e+00 -2.444959346907783271e+00 1.371478174121431248e+00 2.258610463523698653e-01 -1.736929023856747634e+00 2.584549150296488129e+00 -2.444959346919034715e+00 1.371478174130071226e+00 2.258610463496352472e-01 -1.736929023860985577e+00 2.584549150306061360e+00
9.045084971741755575e-02 -6.094235253034813865e-02 8.155948031017337674e-03 4.774575140576915733e-02 -8.541019662404557289e-02 9.045084971781008898e-02 -6.094235253068945590e-02 8.155948031177306934e-03 4.774575140585186894e-02 -8.541019662433931015e-02 9.045084971820259445e-02 -6.094235253103085642e-02 8.155948031336868534e-03 4.774575140593455280e-02 -8.541019662463288087e-02 9.045084971859504441e-02 -6.094235253137225000e-02 8.155948031497077186e-03 4.774575140601755585e-02 -8.541019662492672915e-02
-2.210410196605572697e+00 1.158813728887945427e+00 3.354101966365456988e-01 -1.701518827221572439e+00 2.417705098308042810e+00 -2.210410196615938183e+00 1.158813728895581097e+00 3.354101966345487962e-01 -1.701518827225984021e+00 2.417705098317175061e+00 -2.210410196626302337e+00 1.158813728903219875e+00 3.354101966325624962e-01 -1.701518827230394715e+00 2.417705098326305535e+00 -2.210410196636663827e+00 1.158813728910858432e+00 3.354101966305594873e-01 -1.701518827234812736e+00 2.417705098335440006e+00
-6.809016994315765237e-01 4.076237921200013270e-01 2.135254915872635342e-02 -4.421729424059643865e-01 6.940983005603575950e-01 -6.809016994346510643e-01 4.076237921224615812e-01 2.135254915781806609e-02 -4.421729424069569259e-01 6.940983005628712510e-01 -6.809016994377252718e-01 4.076237921249225571e-01 2.135254915691295330e-02 -4.421729424079492432e-01 6.940983005653839077e-01 -6.809016994407988133e-01 4.076237921273835330e-01 2.135254915600281675e-02 -4.421729424089438365e-01 6.940983005678983409e-01
-2.197745751388630264e+00 1.275125624950449232e+00 1.345491502943179374e-01 -1.492830723286344696e+00 2.280901699435285312e+00 -2.197745751398648473e+00 1.275125624958303394e+00 1.345491502916209836e-01 -1.492830723289841677e+00 2.280901699443638186e+00 -2.197745751408666237e+00 1.275125624966160665e+00 1.345491502889343549e-01 -1.492830723293337769e+00 2.280901699451988840e+00 -2.197745751418681781e+00 1.275125624974017269e+00 1.345491502862313782e-01 -1.492830723296841633e+00 2.280901699460343934e+00
4.762335554743421184e+00 -3.026973342582989446e+00 1.354101965929884188e-01 2.807875042076881211e+00 -4.678647450840701438e+00 4.762335554764512757e+00 -3.026973342600571826e+00 1.354101966003595781e-01 2.807875042082550454e+00 -4.678647450857241985e+00 4.762335554785603442e+00 -3.026973342618159979e+00 1.354101966077087826e-01 2.807875042088217921e+00 -4.678647450873774538e+00 4.762335554806689686e+00 -3.026973342635747244e+00 1.354101966150926817e-01 2.807875042093902263e+00 -4.678647450890320414e+00
-2.044959346888183038e+00 1.061067977481683577e+00 3.281152949502780802e-01 -1.591969676942171397e+00 2.247745751403403158e+00 -2.044959346897798014e+00 1.061067977488724390e+00 3.281152949484943404e-01 -1.591969676946332291e+00 2.247745751411917237e+00 -2.044959346907412545e+00 1.061067977495767867e+00 3.281152949467204816e-01 -1.591969676950492518e+00 2.247745751420429539e+00 -2.044959346917023968e+00 1.061067977502811122e+00 3.281152949449309686e-01 -1.591969676954659407e+00 2.247745751428944949e+00
-2.430040653074146739e+00 1.365044318761005515e+00 2.213525491705869153e-01 -1.723200266818004645e+00 2.566844051966274964e+00 -2.430040653085328906e+00 1.365044318769594200e+00 2.213525491678644819e-01 -1.723200266822195514e+00 2.566844051975776253e+00 -2.430040653096510184e+00 1.365044318778186216e+00 2.213525491651535670e-01 -1.723200266826385718e+00 2.566844051985274877e+00 -2.430040653107688353e+00 1.365044318786777788e+00 2.213525491624244168e-01 -1.723200266830584138e+00 2.566844051994777942e+00
-1.940450849704307368e+00 1.226518827203305406e+00 -4.409830055116976261e-02 -1.155166278067307095e+00 1.913196601123732021e+00 -1.940450849712917591e+00 1.226518827210455020e+00 -4.409830055413357236e-02 -1.155166278069666541e+00 1.913196601130511931e+00 -1.940450849721526927e+00 1.226518827217606855e+00 -4.409830055708845176e-02 -1.155166278072025543e+00 1.913196601137288955e+00 -1.940450849730134708e+00 1.226518827224758246e+00 -4.409830056005745874e-02 -1.155166278074390762e+00 1.913196601144070863e+00
-2.183155948014057657e+00 1.348732422699995936e+00 8.610463577963037296e-04 -1.350125624974971794e+00 2.183688103936093583e+00 -2.183155948023817405e+00 1.348732422707972889e+00 8.610463546423127723e-04 -1.350125624977851935e+00 2.183688103943906444e+00 -2.183155948033576710e+00 1.348732422715952950e+00 8.610463514984248445e-04 -1.350125624980731631e+00 2.183688103951715309e+00 -2.183155948043333794e+00 1.348732422723932345e+00 8.610463483385497052e-04 -1.350125624983618655e+00 2.183688103959529947e+00
