2.563525491559599967e+00 1.446555814622255021e+00 -3.457546151619969255e+00 6.903252247489126692e-01 3.030901699434600971e+00 -2.563525491558480418e+00 -1.446555814626062864e+00 3.457546151621202934e+00 -6.903252247458699919e-01 -3.030901699437715369e+00 2.563525491557360869e+00 1.446555814629865377e+00 -3.457546151622437502e+00 6.903252247428303123e-01 3.030901699440831543e+00 -2.563525491556249314e+00 -1.446555814633672998e+00 3.457546151623670738e+00 -6.903252247397848596e-01 -3.030901699443941943e+00
-5.800125624957583881e+00 -1.693643785151162984e+00 6.846855049016581596e+00 -2.537945351182417930e+00 -5.278318560398152393e+00 5.800125624956691262e+00 1.693643785158527981e+00 -6.846855049020239115e+00 2.537945351177318898e+00 5.278318560404962945e+00 -5.800125624955798642e+00 -1.693643785165882321e+00 6.846855049023901074e+00 -2.537945351172226083e+00 -5.278318560411777938e+00 5.800125624954919346e+00 1.693643785173247984e+00 -6.846855049027560369e+00 2.537945351167122165e+00 5.278318560418576944e+00
1.081433855340509842e+00 -4.801662780626687610e-01 -7.846747752466035619e-01 9.651219592795956537e-01 1.881966011233753289e-01 -1.081433855341170203e+00 4.801662780619255777e-01 7.846747752477228888e-01 -9.651219592795448055e-01 -1.881966011245261861e-01 1.081433855341830785e+00 -4.801662780611840042e-01 -7.846747752488429928e-01 9.651219592794944013e-01 1.881966011256778204e-01 -1.081433855342490702e+00 4.801662780604404879e-01 7.846747752499627637e-01 -9.651219592794431090e-01 -1.881966011268254579e-01
-2.186803398871546733e+00 -1.391186271090835369e+00 3.046603799087878706e+00 -4.917184269987997514e-01 -2.742705098308716227e+00 2.186803398870428516e+00 1.391186271094208005e+00 -3.046603799088845044e+00 4.917184269960265253e-01 2.742705098311395862e+00 -2.186803398869310300e+00 -1.391186271097576199e+00 3.046603799089810938e+00 -4.917184269932559082e-01 -2.742705098314077716e+00 2.186803398868199633e+00 1.391186271100948835e+00 -3.046603799090776832e+00 4.917184269904802396e-01 2.742705098316754686e+00
-2.057294901684937116e+00 -1.336677773903774513e+00 2.883407197963979929e+00 -4.453658778428941645e-01 -2.608155948028321625e+00 2.057294901683855759e+00 1.336677773906969513e+00 -2.883407197964873880e+00 4.453658778402535545e-01 2.608155948030847604e+00 -2.057294901682774846e+00 -1.336677773910160294e+00 2.883407197965767832e+00 -4.453658778376156091e-01 -2.608155948033374472e+00 2.057294901681701038e+00 1.336677773913355072e+00 -2.883407197966660895e+00 4.453658778349727787e-01 2.608155948035897342e+00
4.156433855337295036e+00 9.342979003397017257e-01 -4.733861713365378421e+00 1.991389536560235207e+00 3.503115294931774759e+00 -4.156433855336945982e+00 -9.342979003447583475e-01 4.733861713368153978e+00 -1.991389536556896989e+00 -3.503115294936613555e+00 4.156433855336596039e+00 9.342979003498075308e-01 -4.733861713370931312e+00 1.991389536553562989e+00 3.503115294941455016e+00 -4.156433855336255867e+00 -9.342979003548648187e-01 4.733861713373706870e+00 -1.991389536550221440e+00 -3.503115294946284930e+00
3.798277907306803591e+00 1.348355547808895771e+00 -4.631607464772472760e+00 1.514135287966498433e+00 3.695820393244918733e+00 -3.798277907305970924e+00 -1.348355547813908428e+00 4.631607464774736727e+00 -1.514135287962888876e+00 -3.695820393249414249e+00 3.798277907305137813e+00 1.348355547818913314e+00 -4.631607464777003358e+00 1.514135287959283316e+00 3.695820393253912872e+00 -3.798277907304314027e+00 -1.348355547823926193e+00 4.631607464779267325e+00 -1.514135287955670428e+00 -3.695820393258401282e+00
1.569630456464320423e+00 5.335624789682811286e-01 -1.899390203588495529e+00 6.403252247472878134e-01 1.503647450841317124e+00 -1.569630456464000678e+00 -5.335624789703339310e-01 1.899390203589444326e+00 -6.403252247458227631e-01 -1.503647450843171196e+00 1.569630456463681378e+00 5.335624789723835137e-01 -1.899390203590393567e+00 6.403252247443596001e-01 1.503647450845026601e+00 -1.569630456463365409e+00 -5.335624789744364271e-01 1.899390203591342585e+00 -6.403252247428932176e-01 -1.503647450846878009e+00
-1.981762745777651880e+00 -1.030243918560436622e+00 2.618488504150926932e+00 -5.880709761546804026e-01 -2.255040653090684799e+00 1.981762745776877832e+00 1.030243918563310546e+00 -2.618488504151928797e+00 5.880709761524277601e-01 2.255040653093078884e+00 -1.981762745776104007e+00 -1.030243918566180472e+00 2.618488504152931551e+00 -5.880709761501773380e-01 -2.255040653095475189e+00 1.981762745775335954e+00 1.030243918569054395e+00 -2.618488504153933416e+00 5.880709761479226971e-01 2.255040653097865722e+00
-3.081559480305827714e-01 2.786474508437493669e-01 1.359423525307765779e-01 -3.626644452183988565e-01 8.819660112517754835e-02 3.081559480309183363e-01 -2.786474508436498354e-01 -1.359423525311734549e-01 3.626644452185446843e-01 -8.819660112487083536e-02 -3.081559480312539012e-01 2.786474508435507480e-01 1.359423525315705816e-01 -3.626644452186906231e-01 8.819660112456385870e-02 3.081559480315887445e-01 -2.786474508434511055e-01 -1.359423525319676251e-01 3.626644452188363954e-01 -8.819660112425822818e-02
-1.429508497186117388e+00 -1.934220259840650602e+00 2.624922359495948321e+00 3.119290238437822937e-01 -2.817705098309377210e+00 1.429508497184321714e+00 1.934220259843666412e+00 -2.624922359496016266e+00 -3.119290238467538057e-01 2.817705098311282352e+00 -1.429508497182525817e+00 -1.934220259846678669e+00 2.624922359496085100e+00 3.119290238497226531e-01 -2.817705098313188383e+00 1.429508497180739246e+00 1.934220259849694479e+00 -2.624922359496153046e+00 -3.119290238526964965e-01 2.817705098315092638e+00
-2.809016994367752318e-01 -2.159830056248857044e-01 4.143865379052986686e-01 -4.012195928081321861e-02 -3.895898033746075240e-01 2.809016994365928221e-01 2.159830056253484176e-01 -4.143865379054022524e-01 4.012195928041484283e-02 3.895898033749572997e-01 -2.809016994364104125e-01 -2.159830056258105480e-01 4.143865379055059472e-01 -4.012195928001684175e-02 -3.895898033753073531e-01 2.809016994362291686e-01 2.159830056262732612e-01 -4.143865379056094755e-01 4.012195927961810515e-02 3.895898033756569068e-01
-2.065450849715197990e+00 -7.116777739045675455e-01 2.505291903026246381e+00 -8.366777739046284967e-01 -1.988196601122323326e+00 2.065450849714767223e+00 7.116777739072761566e-01 -2.505291903027489830e+00 8.366777739026900473e-01 1.988196601124764484e+00 -2.065450849714336456e+00 -7.116777739099808819e-01 2.505291903028733724e+00 -8.366777739007537074e-01 -1.988196601127207419e+00 2.065450849713910575e+00 7.116777739126898261e-01 -2.505291903029976730e+00 8.366777738988133706e-01 1.988196601129644803e+00
5.047416860959915930e+00 1.716796067496201950e+00 -6.108455182425132968e+00 2.058436853995705640e+00 4.836271242962184580e+00 -5.047416860958885643e+00 -1.716796067502803558e+00 6.108455182428182972e+00 -2.058436853990993409e+00 -4.836271242968146922e+00 5.047416860957858020e+00 1.716796067509395618e+00 -6.108455182431235642e+00 2.058436853986286952e+00 4.836271242974113704e+00 -5.047416860956840168e+00 -1.716796067515997670e+00 6.108455182434285646e+00 -2.058436853981570724e+00 -4.836271242980067164e+00
-2.228976341278115392e+00 -1.345162612371504363e+00 3.060332556119297998e+00 -5.462269241868413783e-01 -2.722745751402267711e+00 2.228976341277051354e+00 1.345162612374884326e+00 -3.060332556120322511e+00 5.462269241840969070e-01 2.722745751404988201e+00 -2.228976341275987316e+00 -1.345162612378259848e+00 3.060332556121347913e+00 -5.462269241813553222e-01 -2.722745751407710912e+00 2.228976341274930828e+00 1.345162612381639811e+00 -3.060332556122372427e+00 5.462269241786085194e-01 2.722745751410428738e+00
-2.628647450839534994e+00 -1.059955681216463219e+00 3.283736088400016850e+00 -9.695048314981337123e-01 -2.684549150277856011e+00 2.628647450838826671e+00 1.059955681220032808e+00 -3.283736088401513875e+00 9.695048314954921587e-01 2.684549150280986396e+00 -2.628647450838118793e+00 -1.059955681223597068e+00 3.283736088403012676e+00 -9.695048314928537136e-01 -2.684549150284118113e+00 2.628647450837417576e+00 1.059955681227166657e+00 -3.283736088404510145e+00 9.695048314902099396e-01 2.684549150287243613e+00
-1.986271242966159534e+00 -1.023810063216199939e+00 2.619020660057998828e+00 -5.948337219368025064e-01 -2.251393202247132130e+00 1.986271242965392592e+00 1.023810063219073641e+00 -2.619020660059007799e+00 5.948337219345546378e-01 2.251393202249530656e+00 -1.986271242964626094e+00 -1.023810063221943123e+00 2.619020660060017214e+00 -5.948337219323091007e-01 -2.251393202251930958e+00 1.986271242963865147e+00 1.023810063224816602e+00 -2.619020660061026629e+00 5.948337219300591228e-01 2.251393202254325931e+00
-2.274467844091197843e+00 -1.551596467715598004e+00 3.233407197963651836e+00 -4.467590800931795503e-01 -2.957294901684180743e+00 2.274467844089925972e+00 1.551596467719188688e+00 -3.233407197964599522e+00 4.467590800901768411e-01 2.957294901686983835e+00 -2.274467844088654100e+00 -1.551596467722774486e+00 3.233407197965547208e+00 -4.467590800871770185e-01 -2.957294901689788702e+00 2.274467844087390223e+00 1.551596467726365169e+00 -3.233407197966494007e+00 4.467590800841717558e-01 2.957294901692588684e+00
-3.135410196619176748e+00 -5.695048314974825443e-01 3.487383539242312480e+00 -1.585816727559954398e+00 -2.507294901683287947e+00 3.135410196619053291e+00 5.695048315011900231e-01 -3.487383539244480080e+00 1.585816727557589179e+00 2.507294901686917488e+00 -3.135410196618930723e+00 -5.695048315048917287e-01 3.487383539246649455e+00 -1.585816727555226624e+00 -2.507294901690549693e+00 3.135410196618813483e+00 5.695048315085997626e-01 -3.487383539248817499e+00 1.585816727552859184e+00 2.507294901694172573e+00
-3.160410196620294432e+00 -1.332169276714759931e+00 3.983736088398551978e+00 -1.129915028123584797e+00 -3.285410196619991563e+00 3.160410196619382717e+00 1.332169276719097128e+00 -3.983736088400320785e+00 1.129915028120343612e+00 3.285410196623763657e+00 -3.160410196618471446e+00 -1.332169276723428109e+00 3.983736088402090925e+00 -1.129915028117105980e+00 -3.285410196627537971e+00 3.160410196617568612e+00 1.332169276727765528e+00 -3.983736088403859732e+00 1.129915028113861908e+00 3.285410196631304736e+00
