-2.425513271002726068e+00 2.401183528704597114e-01 2.143237217759103252e+00 -2.759644810397078984e+00 1.100919824474580144e+00 1.465435936832287123e+00 -2.823643088173810600e+00 1.853955593100086841e+00 6.441875761153350588e-01 -2.611243507001761888e+00 2.425513271005104610e+00 -2.401183528710257586e-01 -2.143237217760816105e+00 2.759644810399659143e+00 -1.100919824475900199e+00 -1.465435936833314967e+00 2.823643088176339244e+00 -1.853955593102031063e+00 -6.441875761155780866e-01 2.611243507003991660e+00
3.676637618323696621e+00 -7.623379975053927726e-01 -2.780455553932574375e+00 4.030959536018414724e+00 -1.958221581786100174e+00 -1.728932003029479691e+00 3.990703048981101730e+00 -2.962420793910109040e+00 -5.081685414916059518e-01 3.559808742646192847e+00 -3.676637618327240897e+00 7.623379975065759373e-01 2.780455553934727764e+00 -4.030959536022129974e+00 1.958221581788314181e+00 1.728932003030591913e+00 -3.990703048984622914e+00 2.962420793913135952e+00 5.081685414915689813e-01 -3.559808742649176683e+00
3.314331954137853309e+00 -5.673964581865186263e-01 -2.647317413488345039e+00 3.679504725757964945e+00 -1.678199813593625134e+00 -1.706662524097798173e+00 3.684501938204012728e+00 -2.624729278541062083e+00 -5.989476158309496867e-01 3.328834429503953363e+00 -3.314331954141066738e+00 5.673964581874875179e-01 2.647317413490420268e+00 -3.679504725761372885e+00 1.678199813595557144e+00 1.706662524098935041e+00 -3.684501938207280336e+00 2.624729278543766586e+00 5.989476158310382825e-01 -3.328834429506761783e+00
2.137136187069002435e+00 -4.674305340687259780e-01 -1.587638638275747915e+00 2.333811689165389058e+00 -1.155921546762662011e+00 -9.749444131772717625e-01 2.302037442504075049e+00 -1.731262904680797021e+00 -2.668158360794683492e-01 2.044923731732338990e+00 -2.137136187071059013e+00 4.674305340694336341e-01 1.587638638276972491e+00 -2.333811689167536674e+00 1.155921546763961860e+00 9.749444131778910450e-01 -2.302037442506102316e+00 1.731262904682561610e+00 2.668158360794221085e-01 -2.044923731734049177e+00
-2.184684449308193166e+00 4.813008968351319417e-01 1.618881311158865133e+00 -2.384410016657589892e+00 1.184160775260706400e+00 9.923455365749425106e-01 -2.350732918415071371e+00 1.771106746470823445e+00 2.686720667927643413e-01 -2.086949703598628858e+00 2.184684449310295040e+00 -4.813008968358581940e-01 -1.618881311160113023e+00 2.384410016659783693e+00 -1.184160775262037113e+00 -9.923455365755715629e-01 2.350732918417141271e+00 -1.771106746472628002e+00 -2.686720667927134931e-01 2.086949703600373240e+00
7.583192702011942732e-02 1.494263747572094347e-02 -9.339805089729824594e-02 9.485335634487554457e-02 -1.810875708261788092e-02 -7.356523564387110192e-02 1.045898782684065303e-01 -4.938754032659753435e-02 -4.653134256647155353e-02 1.040884141864943380e-01 -7.583192702019719844e-02 -1.494263747572157144e-02 9.339805089737676647e-02 -9.485335634496723511e-02 1.810875708264715264e-02 7.356523564392838943e-02 -1.045898782685031198e-01 4.938754032665381571e-02 4.653134256650201528e-02 -1.040884141865863893e-01
-1.903124557498813596e+00 3.741907354900685378e-01 1.463236965768039077e+00 -2.094328953665600679e+00 9.987943790594933091e-01 9.201757414982769667e-01 -2.080525839799747700e+00 1.525629069797227677e+00 2.870413044089422661e-01 -1.863066360858281589e+00 1.903124557500651237e+00 -3.741907354906643945e-01 -1.463236965769176390e+00 2.094328953667533799e+00 -9.987943790606285122e-01 -9.201757414988754880e-01 2.080525839801586230e+00 -1.525629069798790649e+00 -2.870413044089438759e-01 1.863066360859846338e+00
-3.361968861331288694e-01 2.379333001462833330e-01 5.648951642263194683e-02 -3.043407094710465777e-01 3.012844449760151422e-01 -4.984039753298592779e-02 -2.426935436994968609e-01 3.351437691593518453e-01 -1.512915861196615919e-01 -1.572898429252460040e-01 3.361968861334272973e-01 -2.379333001465288588e-01 -5.648951642264174455e-02 3.043407094713036498e-01 -3.012844449763074639e-01 4.984039753307259457e-02 2.426935436996873752e-01 -3.351437691596624857e-01 1.512915861198362300e-01 1.572898429253512809e-01
-2.373565235641811100e+00 7.472828251461822724e-01 1.495081587817385094e+00 -2.504856641732652101e+00 1.449553998417269174e+00 8.008037163904073719e-01 -2.390955227368205538e+00 2.009932726687005289e+00 2.813759767514395493e-02 -2.043010456584150258e+00 2.373565235644060412e+00 -7.472828251471544947e-01 -1.495081587818491542e+00 2.504856641734925393e+00 -1.449553998418834810e+00 -8.008037163908396927e-01 2.390955227370278546e+00 -2.009932726689010796e+00 -2.813759767486029295e-02 2.043010456585822254e+00
5.014433381122149314e+00 -9.764694381965192127e-01 -3.866524710950473676e+00 5.521841843639395897e+00 -2.624789691414958881e+00 -2.436216501674015600e+00 5.488733953566839574e+00 -4.016177241653332786e+00 -7.674344470943389451e-01 4.918350541860718295e+00 -5.014433381126992550e+00 9.764694381980812965e-01 3.866524710953481048e+00 -5.521841843644494041e+00 2.624789691417944493e+00 2.436216501675603663e+00 -5.488733953571690805e+00 4.016177241657448604e+00 7.674344470943528229e-01 -4.918350541864850101e+00
-2.317835833763861153e+00 2.355288675843187907e-01 2.040955044053832879e+00 -2.634815418558174915e+00 1.056456247028760398e+00 1.392876615167000010e+00 -2.693880912345570700e+00 1.773970328250926265e+00 6.084537184451700442e-01 -2.489250573060499683e+00 2.317835833766133113e+00 -2.355288675848646596e-01 -2.040955044055463130e+00 2.634815418560637390e+00 -1.056456247030025164e+00 -1.392876615167975451e+00 2.693880912347982104e+00 -1.773970328252785444e+00 -6.084537184453961967e-01 2.489250573062624650e+00
-2.817312445233730145e+00 7.170626796168888539e-01 1.974354709137890351e+00 -3.038055841268163082e+00 1.597094129138993512e+00 1.160559090006929139e+00 -2.961413164179522273e+00 2.320790877692258114e+00 2.331598610549368011e-01 -2.594886733202015794e+00 2.817312445236425766e+00 -7.170626796179039308e-01 -1.974354709139392705e+00 3.038055841270943969e+00 -1.597094129140760987e+00 -1.160559090007632577e+00 2.961413164182116198e+00 -2.320790877694604681e+00 -2.331598610547731543e-01 2.594886733204169627e+00
-1.574124821473680491e+00 7.431730035149267111e-02 1.486759595200361161e+00 -1.822108027877892944e+00 6.552568585402958057e-01 1.051807392051177903e+00 -1.891730605140327537e+00 1.172055309972471315e+00 5.138969529947181591e-01 -1.776177410309415672e+00 1.574124821475236358e+00 -7.431730035179351379e-02 -1.486759595201563311e+00 1.822108027879607350e+00 -6.552568585411090440e-01 -1.051807392051936185e+00 1.891730605142031951e+00 -1.172055309973716763e+00 -5.138969529949588555e-01 1.776177410310944005e+00
-2.169691176307821046e+00 5.060961105884417277e-01 1.574739516215217128e+00 -2.357313438255709492e+00 1.196448631859934331e+00 9.508037163904333733e-01 -2.314185436498615633e+00 1.769684424897498776e+00 2.337966241659378275e-01 -2.044528840338857734e+00 2.169691176309904268e+00 -5.060961105891859102e-01 -1.574739516216425494e+00 2.357313438257873983e+00 -1.196448631861271039e+00 -9.508037163910266765e-01 2.314185436500650006e+00 -1.769684424899296449e+00 -2.337966241658587796e-01 2.044528840340562148e+00
-2.763288405770345513e+00 2.908990954469095058e-01 2.421316009352981524e+00 -3.137326778321961385e+00 1.266832814486788195e+00 1.648075487371368331e+00 -3.204261746770467489e+00 2.118760111101937849e+00 7.135098538682176361e-01 -2.957541250040603753e+00 2.763288405773052236e+00 -2.908990954475686452e-01 -2.421316009354914200e+00 3.137326778324891929e+00 -1.266832814488301429e+00 -1.648075487372519854e+00 3.204261746773334085e+00 -2.118760111104156074e+00 -7.135098538684769842e-01 2.957541250043126624e+00
-2.977838390169901039e+00 5.990372358905646788e-01 2.273627884509322072e+00 -3.271847115321988131e+00 1.572659079774550106e+00 1.423075487371716852e+00 -3.245584648527053417e+00 2.392338095570539558e+00 4.332225463796904319e-01 -2.901621743016175259e+00 2.977838390172774297e+00 -5.990372358915080353e-01 -2.273627884511087327e+00 3.271847115325006161e+00 -1.572659079776333568e+00 -1.423075487372638337e+00 3.245584648529919569e+00 -2.392338095572986933e+00 -4.332225463796791631e-01 2.901621743018609756e+00
-8.212643661812735196e-01 -2.006031971102567035e-01 1.057087567829705588e+00 -1.042077768393881110e+00 1.679483201777841050e-01 8.446426768984567346e-01 -1.160885338053420313e+00 5.200598857222620275e-01 5.495182757806554852e-01 -1.166057362460540592e+00 8.212643661821217300e-01 2.006031971102951728e-01 -1.057087567830599095e+00 1.042077768394893189e+00 -1.679483201780805346e-01 -8.446426768991204259e-01 1.160885338054496785e+00 -5.200598857228637684e-01 -5.495182757810247454e-01 1.166057362461576208e+00
-2.438309033802361192e+00 1.760835717509703913e-01 2.231310380510373115e+00 -2.799146241653491796e+00 1.059283379197228037e+00 1.553883945072532580e+00 -2.885983512572981358e+00 1.838793149026805906e+00 7.243525225444868987e-01 -2.690320609452231171e+00 2.438309033804761938e+00 -1.760835717514861454e-01 -2.231310380512167235e+00 2.799146241656117695e+00 -1.059283379198520114e+00 -1.553883945073639250e+00 2.885983512575573950e+00 -1.838793149028747020e+00 -7.243525225447977611e-01 2.690320609454537770e+00
-2.513162729079028157e+00 3.008988314087989724e-01 2.159434938011183025e+00 -2.839466851105295397e+00 1.178558540894864892e+00 1.453988192502986054e+00 -2.887824174016552004e+00 1.940852728898359469e+00 6.062149521807153052e-01 -2.653501146120810450e+00 2.513162729081484414e+00 -3.008988314094280803e-01 -2.159434938012899874e+00 2.839466851107942613e+00 -1.178558540896260443e+00 -1.453988192503993027e+00 2.887824174019131274e+00 -1.940852728900384072e+00 -6.062149521809141461e-01 2.653501146123068644e+00
-3.004527688128013185e+00 6.904954366765488905e-01 2.192801619221016907e+00 -3.268288342639289024e+00 1.649301756864565816e+00 1.329417844109556546e+00 -3.212126162669136420e+00 2.446662929730072378e+00 3.359013878173443546e-01 -2.841538693697777340e+00 3.004527688130899321e+00 -6.904954366775709618e-01 -2.192801619222701781e+00 3.268288342642291955e+00 -1.649301756866411228e+00 -1.329417844110389657e+00 3.212126162671960827e+00 -2.446662929732559721e+00 -3.359013878172453227e-01 2.841538693700147888e+00
