-1.794098300556260739e+00 1.050657780872714886e+00 9.409830056068010928e-02 -1.202912029464496380e+00 1.852254248589591867e+00 -1.794098300559840098e+00 1.050657780874012515e+00 9.409830056215731653e-02 -1.202912029468184540e+00 1.852254248594083386e+00 -1.794098300563418569e+00 1.050657780875315694e+00 9.409830056363649442e-02 -1.202912029471868927e+00 1.852254248598575348e+00 -1.794098300566999260e+00 1.050657780876612657e+00 9.409830056511547802e-02 -1.202912029475559530e+00 1.852254248603067088e+00
-1.859549150273846374e+00 1.264715428339010073e+00 -1.868033988741058804e-01 -9.624611797477325981e-01 1.744098300558975412e+00 -1.859549150277753471e+00 1.264715428340909220e+00 -1.868033988732741846e-01 -9.624611797509773359e-01 1.744098300563395654e+00 -1.859549150281659680e+00 1.264715428342813475e+00 -1.868033988724407402e-01 -9.624611797542188540e-01 1.744098300567816784e+00 -1.859549150285567665e+00 1.264715428344712400e+00 -1.868033988716073790e-01 -9.624611797574663674e-01 1.744098300572237914e+00
-1.527786404494899886e+00 9.551662780602142577e-01 -1.770509831343299034e-02 -9.265188272157695026e-01 1.516844051965783535e+00 -1.527786404498015838e+00 9.551662780615099990e-01 -1.770509831241573115e-02 -9.265188272187112606e-01 1.516844051969527429e+00 -1.527786404501131345e+00 9.551662780628102922e-01 -1.770509831139685172e-02 -9.265188272216501320e-01 1.516844051973271768e+00 -1.527786404504247963e+00 9.551662780641055894e-01 -1.770509831037813883e-02 -9.265188272245939993e-01 1.516844051977016106e+00
2.934549150270324258e+00 -1.863651116525839146e+00 8.090169943860291146e-02 1.732749417088179866e+00 -2.884549150274906548e+00 2.934549150276342111e+00 -1.863651116528419527e+00 8.090169943676431275e-02 1.732749417093734978e+00 -2.884549150282059049e+00 2.934549150282358188e+00 -1.863651116531008123e+00 8.090169943492267479e-02 1.732749417099284983e+00 -2.884549150289212438e+00 2.934549150288376929e+00 -1.863651116533587615e+00 8.090169943308131439e-02 1.732749417104844092e+00 -2.884549150296365827e+00
3.267705098299324096e+00 -2.129101966242941124e+00 1.772542485942665835e-01 1.842298567368906070e+00 -3.158155948023604331e+00 3.267705098306084910e+00 -2.129101966245984023e+00 1.772542485924336608e-01 1.842298567374915041e+00 -3.158155948031496685e+00 3.267705098312844836e+00 -2.129101966249036249e+00 1.772542485905974075e-01 1.842298567380917795e+00 -3.158155948039389926e+00 3.267705098319607426e+00 -2.129101966252078260e+00 1.772542485887614871e-01 1.842298567386931207e+00 -3.158155948047284056e+00
5.458155948010267267e+00 -3.510129290645259470e+00 2.213525491574235282e-01 3.151973342615144169e+00 -5.321352549144339861e+00 5.458155948021508941e+00 -3.510129290650196854e+00 2.213525491541781243e-01 3.151973342625332464e+00 -5.321352549157585266e+00 5.458155948032747951e+00 -3.510129290655149781e+00 2.213525491509271137e-01 3.151973342635510988e+00 -5.321352549170831558e+00 5.458155948043992289e+00 -3.510129290660085832e+00 2.213525491476766860e-01 3.151973342645707721e+00 -5.321352549184077851e+00
5.177254248573851747e+00 -3.248325891771129736e+00 7.864745084535400277e-02 3.121071643177684596e+00 -5.128647450832181320e+00 5.177254248584423735e+00 -3.248325891775557306e+00 7.864745084195262637e-02 3.121071643187614875e+00 -5.128647450844852962e+00 5.177254248594993058e+00 -3.248325891779999086e+00 7.864745083854585150e-02 3.121071643197536716e+00 -5.128647450857527268e+00 5.177254248605568598e+00 -3.248325891784425323e+00 7.864745083513956236e-02 3.121071643207474988e+00 -5.128647450870199798e+00
-1.582294901680535215e+00 1.227912029464169219e+00 -4.045084971866330648e-01 -5.734035322789279299e-01 1.332294901683875654e+00 -1.582294901684030197e+00 1.227912029466263988e+00 -4.045084971865293699e-01 -5.734035322811901203e-01 1.332294901687433697e+00 -1.582294901687524069e+00 1.227912029468362753e+00 -4.045084971864244539e-01 -5.734035322834493131e-01 1.332294901690993072e+00 -1.582294901691019273e+00 1.227912029470457522e+00 -4.045084971863195378e-01 -5.734035322857140571e-01 1.332294901694552225e+00
-9.881966011216309909e-01 5.525831390300914858e-01 9.409830056140644494e-02 -7.048373876226008417e-01 1.046352549153963807e+00 -9.881966011235733260e-01 5.525831390307238689e-01 9.409830056232405815e-02 -7.048373876247180370e-01 1.046352549156472689e+00 -9.881966011255149951e-01 5.525831390313591385e-01 9.409830056324280934e-02 -7.048373876268334559e-01 1.046352549158981571e+00 -9.881966011274579964e-01 5.525831390319911884e-01 9.409830056416143562e-02 -7.048373876289518725e-01 1.046352549161490453e+00
-7.654508497153933444e-01 4.826237921231739669e-01 -1.545084971885400324e-02 -4.576237921234262984e-01 7.559016994354490482e-01 -7.654508497169590919e-01 4.826237921238359929e-01 -1.545084971836051951e-02 -4.576237921248867968e-01 7.559016994373193299e-01 -7.654508497185243954e-01 4.826237921245001838e-01 -1.545084971786623781e-02 -4.576237921263459074e-01 7.559016994391899447e-01 -7.654508497200905870e-01 4.826237921251620433e-01 -1.545084971737203071e-02 -4.576237921278075160e-01 7.559016994410604484e-01
-6.332294901663447995e+00 3.926770077144087878e+00 -2.135254915828879718e-02 -3.892220926863040553e+00 6.319098300548546376e+00 -6.332294901676326582e+00 3.926770077149356997e+00 -2.135254915394449449e-02 -3.892220926875338716e+00 6.319098300564107262e+00 -6.332294901689202504e+00 3.926770077154645211e+00 -2.135254914959353045e-02 -3.892220926887626220e+00 6.319098300579668148e+00 -6.332294901702085532e+00 3.926770077159912553e+00 -2.135254914524314929e-02 -3.892220926899933264e+00 6.319098300595230810e+00
-6.376393202226488199e+00 4.015827724613264316e+00 -1.213525491584924870e-01 -3.819475175456920280e+00 6.301393202236544866e+00 -6.376393202239525770e+00 4.015827724618763916e+00 -1.213525491543635537e-01 -3.819475175469101202e+00 6.301393202252131509e+00 -6.376393202252560677e+00 4.015827724624283057e+00 -1.213525491502279452e-01 -3.819475175481271467e+00 6.301393202267719040e+00 -6.376393202265601801e+00 4.015827724629782658e+00 -1.213525491460929751e-01 -3.819475175493461716e+00 6.301393202283307460e+00
-1.905901699430384344e+00 1.412461179746033357e+00 -3.795084971875671287e-01 -7.984035322782083721e-01 1.671352549152477440e+00 -1.905901699434519481e+00 1.412461179748346618e+00 -3.795084971871772739e-01 -7.984035322811521285e-01 1.671352549156852607e+00 -1.905901699438653507e+00 1.412461179750664542e+00 -3.795084971867856982e-01 -7.984035322840922211e-01 1.671352549161228440e+00 -1.905901699442788866e+00 1.412461179752977802e+00 -3.795084971863942891e-01 -7.984035322870387530e-01 1.671352549165604495e+00
1.723606797743138852e+00 -1.060206931153400811e+00 -8.155948029659645937e-03 1.073403532276824945e+00 -1.728647450839043032e+00 1.723606797746634722e+00 -1.060206931154807464e+00 -8.155948030876492005e-03 1.073403532280200912e+00 -1.728647450843290079e+00 1.723606797750129704e+00 -1.060206931156219667e+00 -8.155948032095176881e-03 1.073403532283573769e+00 -1.728647450847537570e+00 1.723606797753626685e+00 -1.060206931157626098e+00 -8.155948033313681345e-03 1.073403532286952178e+00 -1.728647450851784839e+00
-1.389589803369376542e+00 9.306984339654954530e-01 -1.163118960623782394e-01 -7.425018328413923729e-01 1.317705098309371659e+00 -1.389589803372280219e+00 9.306984339668694650e-01 -1.163118960616994768e-01 -7.425018328438643955e-01 1.317705098312694112e+00 -1.389589803375183230e+00 9.306984339682471408e-01 -1.163118960610193542e-01 -7.425018328463339756e-01 1.317705098316017009e+00 -1.389589803378087352e+00 9.306984339696207087e-01 -1.163118960603393426e-01 -7.425018328488079966e-01 1.317705098319339907e+00
-1.635942352524993204e+00 1.067501832840952902e+00 -9.131189606361728162e-02 -9.197560814337293333e-01 1.579508497183413906e+00 -1.635942352528380050e+00 1.067501832842481235e+00 -9.131189606270596892e-02 -9.197560814367322646e-01 1.579508497187362970e+00 -1.635942352531765787e+00 1.067501832844014231e+00 -9.131189606179301865e-02 -9.197560814397323092e-01 1.579508497191312699e+00 -1.635942352535153521e+00 1.067501832845542564e+00 -9.131189606088019328e-02 -9.197560814427376830e-01 1.579508497195262429e+00
-1.710942352525329113e+00 9.793052317167977305e-01 1.263932022479363759e-01 -1.183813728901850659e+00 1.789057647464573630e+00 -1.710942352528717292e+00 9.793052317179635757e-01 1.263932022494352603e-01 -1.183813728905442231e+00 1.789057647468887291e+00 -1.710942352532104582e+00 9.793052317191349720e-01 1.263932022509360875e-01 -1.183813728909030472e+00 1.789057647473201174e+00 -1.710942352535493871e+00 9.793052317203003732e-01 1.263932022524367205e-01 -1.183813728912624264e+00 1.789057647477515056e+00
-1.097745751401477454e+00 8.180339887470882143e-01 -2.258610463434416182e-01 -4.525831390293905132e-01 9.581559480285752883e-01 -1.097745751403864212e+00 8.180339887484348038e-01 -2.258610463432349502e-01 -4.525831390310712798e-01 9.581559480310890553e-01 -1.097745751406250081e+00 8.180339887497840579e-01 -2.258610463430273663e-01 -4.525831390327498815e-01 9.581559480336034884e-01 -1.097745751408637060e+00 8.180339887511305363e-01 -2.258610463428198101e-01 -4.525831390344323135e-01 9.581559480361181436e-01
-1.194098300557744796e+00 7.084848384664796939e-01 4.774575140566959114e-02 -7.857390870599202382e-01 1.223606797746999320e+00 -1.194098300560137549e+00 7.084848384673724242e-01 4.774575140661615341e-02 -7.857390870623445212e-01 1.223606797749976272e+00 -1.194098300562529635e+00 7.084848384682685962e-01 4.774575140756403407e-02 -7.857390870647666947e-01 1.223606797752953668e+00 -1.194098300564923054e+00 7.084848384691609935e-01 4.774575140851177596e-02 -7.857390870671926431e-01 1.223606797755931064e+00
-1.013196601121389762e+00 6.871322893111643237e-01 -9.860679775108274758e-02 -5.275831390286869205e-01 9.522542485912487420e-01 -1.013196601123516505e+00 6.871322893121930564e-01 -9.860679775062178298e-02 -5.275831390304613899e-01 9.522542485936597023e-01 -1.013196601125642582e+00 6.871322893132244536e-01 -9.860679775015983306e-02 -5.275831390322339720e-01 9.522542485960712177e-01 -1.013196601127769769e+00 6.871322893142529642e-01 -9.860679774969796640e-02 -5.275831390340098848e-01 9.522542485984827332e-01
