3.538549741271195259e+00 6.364232780740340267e+00 3.943054600079740180e+00 -1.728894094917825086e+00 -5.975491503615259603e+00 -5.295717467129882117e+00 -2.499977513584763500e-01 5.001827484419296255e+00 6.129998611063502523e+00 2.204418075893917806e+00 -3.538549741267779325e+00 -6.364232780734182526e+00 -3.943054600075912131e+00 1.728894094916166413e+00 5.975491503609485555e+00 5.295717467124750222e+00 2.499977513582251065e-01 -5.001827484414469005e+00 -6.129998611057570379e+00 -2.204418075891765305e+00
-2.220907910410078401e+00 -6.572129325552146462e+00 -5.505093477026460569e+00 1.005038089762104736e-01 5.623242790456255413e+00 6.510014555603492070e+00 2.029738305530227827e+00 -4.123914071594897202e+00 -6.877690051539138594e+00 -3.961295492671850216e+00 2.220907910407939223e+00 6.572129325545789769e+00 5.505093477021123505e+00 -1.005038089761295383e-01 -5.623242790450824202e+00 -6.510014555597188668e+00 -2.029738305528254294e+00 4.123914071590924380e+00 6.877690051532485249e+00 3.961295492667998630e+00
-1.717854223482439879e+00 -4.310175145317198364e+00 -3.349060546947432826e+00 3.731183482562163700e-01 3.787687471876203027e+00 4.079575324267013414e+00 1.008140950564930582e+00 -2.894434558317974471e+00 -4.410752844774372683e+00 -2.290716389012981580e+00 1.717854223480783649e+00 4.310175145313028366e+00 3.349060546944184757e+00 -3.731183482558655395e-01 -3.787687471872544176e+00 -4.079575324263061908e+00 -1.008140950563948701e+00 2.894434558315184258e+00 4.410752844770104986e+00 2.290716389010752696e+00
3.204787539879690450e-01 2.584115589476545516e-01 -1.669774724525963094e-02 -2.780409381021445303e-01 -3.101589786547216399e-01 -8.657280893655674991e-02 2.083865379697875664e-01 3.315458765263691876e-01 1.813690153913772030e-01 -1.183338115866093831e-01 -3.204787539876591262e-01 -2.584115589474043073e-01 1.669774724524439313e-02 2.780409381018758563e-01 3.101589786544213245e-01 8.657280893647222031e-02 -2.083865379695862829e-01 -3.315458765260483887e-01 -1.813690153912013714e-01 1.183338115864959461e-01
2.576777976122527125e+00 5.238174521314127752e+00 3.581065489002632329e+00 -1.028379557454961457e+00 -4.789998164263993274e+00 -4.602601001469483144e+00 -6.206838174370641337e-01 3.872943413016460390e+00 5.173601859705207140e+00 2.208990335718968634e+00 -2.576777976120040226e+00 -5.238174521309059806e+00 -3.581065488999157331e+00 1.028379557453978244e+00 4.789998164259364977e+00 4.602601001465023600e+00 6.206838174364557315e-01 -3.872943413012724267e+00 -5.173601859700201366e+00 -2.208990335716815245e+00
1.974564212319893208e+00 4.552028048352771528e+00 3.376665697366864727e+00 -5.825194506840314368e-01 -4.061458381937316453e+00 -4.192011228720430971e+00 -8.665463734356257941e-01 3.173324871253742963e+00 4.597013493546818097e+00 2.230788600938989230e+00 -1.974564212317989176e+00 -4.552028048348368827e+00 -3.376665697363589569e+00 5.825194506834784347e-01 4.061458381933392481e+00 4.192011228716370219e+00 8.665463734347805813e-01 -3.173324871250682744e+00 -4.597013493542370099e+00 -2.230788600936818078e+00
-3.865850963438043131e+00 -1.070104550410595401e+01 -8.713982499409791416e+00 4.571447003293191980e-01 9.251388325442521321e+00 1.041851454152146594e+01 2.996310071160062982e+00 -6.896140799273196009e+00 -1.110320979024912269e+01 -6.156465136362554880e+00 3.865850963434318111e+00 1.070104550409560495e+01 8.713982499401341286e+00 -4.571447003289028643e-01 -9.251388325433588022e+00 -1.041851454151137624e+01 -2.996310071157147092e+00 6.896140799266550658e+00 1.110320979023837928e+01 6.156465136356566781e+00
2.280506786280359854e+00 2.123312834906137869e+00 2.155971544421408925e-01 -1.869863179271126441e+00 -2.413753155602455180e+00 -9.676738358040458676e-01 1.276184336172287548e+00 2.467918499821172063e+00 1.625027859936977404e+00 -5.575836785501707693e-01 -2.280506786278154951e+00 -2.123312834904082180e+00 -2.155971544419252872e-01 1.869863179269320774e+00 2.413753155600118827e+00 9.676738358031040654e-01 -1.276184336171055644e+00 -2.467918499818784639e+00 -1.625027859935402885e+00 5.575836785496394166e-01
-1.473967733412455683e+00 -4.735253895098620269e+00 -4.092657077386204989e+00 -7.595305045788269815e-02 4.003368911533882191e+00 4.782195461828987249e+00 1.618439020552485896e+00 -2.879606285797391863e+00 -5.003619234952666694e+00 -3.002500902986847464e+00 1.473967733411036596e+00 4.735253895094039933e+00 4.092657077382238384e+00 7.595305045779754405e-02 -4.003368911530016838e+00 -4.782195461824355398e+00 -1.618439020550912932e+00 2.879606285794618525e+00 5.003619234947827010e+00 3.002500902983928910e+00
-2.053666335747034832e+00 -5.112003057936433059e+00 -3.955853678510899307e+00 4.616181530246214471e-01 4.498518363586804902e+00 4.826707349541345060e+00 1.175616430797698619e+00 -3.444687348789338799e+00 -5.225089275550740986e+00 -2.697773487371311951e+00 2.053666335745055083e+00 5.112003057931487682e+00 3.955853678507062821e+00 -4.616181530241869058e-01 -4.498518363582459934e+00 -4.826707349536669689e+00 -1.175616430796553313e+00 3.444687348786017456e+00 5.225089275545686363e+00 2.697773487368686940e+00
4.245247086738716646e+00 7.967910806511653732e+00 5.121593840559946820e+00 -1.947116151084487656e+00 -7.410566156774620161e+00 -6.764526845094716023e+00 -5.416120797924449670e-01 6.127823659162556780e+00 7.745300830800941227e+00 2.977323546664615961e+00 -4.245247086734618591e+00 -7.967910806503944343e+00 -5.121593840554974797e+00 1.947116151082621371e+00 7.410566156767458779e+00 6.764526845088160378e+00 5.416120797919090624e-01 -6.127823659156644176e+00 -7.745300830793445890e+00 -2.977323546661710285e+00
4.322142554299932549e+00 8.053870966630020334e+00 5.145750601803285917e+00 -2.004678335198869288e+00 -7.502391323842305226e+00 -6.814911618963688689e+00 -5.090177667653204008e-01 6.216525346043413336e+00 7.816981604577875942e+00 2.972887663181760232e+00 -4.322142554295760775e+00 -8.053870966622227456e+00 -5.145750601798291690e+00 2.004678335196947270e+00 7.502391323835054138e+00 6.814911618957085082e+00 5.090177667648159154e-01 -6.216525346037414579e+00 -7.816981604570312214e+00 -2.972887663178858997e+00
3.088192703369218695e+00 5.457349227885485377e+00 3.327306082152363231e+00 -1.545866337980395411e+00 -5.144580953112037669e+00 -4.501951288947341645e+00 -1.477801952531163643e-01 4.328225250245116840e+00 5.235914136640551497e+00 1.826960973329113891e+00 -3.088192703366237080e+00 -5.457349227880204268e+00 -3.327306082149132038e+00 1.545866337978911709e+00 5.144580953107065646e+00 4.501951288942979801e+00 1.477801952529653740e-01 -4.328225250240939737e+00 -5.235914136635485328e+00 -1.826960973327328874e+00
-1.927118949566623662e+00 -4.162202596275876409e+00 -2.965843656722078947e+00 6.756442722225726172e-01 3.760111134738045369e+00 3.744631471736610262e+00 6.419671739763291862e-01 -2.989953797097631760e+00 -4.156868667915603055e+00 -1.896738400337374175e+00 1.927118949564764705e+00 4.162202596271849409e+00 2.965843656719201249e+00 -6.756442722219284658e-01 -3.760111134734412275e+00 -3.744631471732982497e+00 -6.419671739757017992e-01 2.989953797094747845e+00 4.156868667911581383e+00 1.896738400335526542e+00
8.248258538551614949e-01 3.091351273975501135e-03 -8.211917524780054656e-01 -9.684601540954465015e-01 -3.173014395424419432e-01 5.954499407068569727e-01 1.017294826794149065e+00 6.004518521391950525e-01 -3.114213399957812545e-01 -9.665495939364040501e-01 -8.248258538543625784e-01 -3.091351273971421065e-03 8.211917524772125443e-01 9.684601540945086962e-01 3.173014395421326905e-01 -5.954499407062827654e-01 -1.017294826793164519e+00 -6.004518521386115193e-01 3.114213399954813832e-01 9.665495939354699084e-01
-1.545153349813771282e+00 -3.553370342243183266e+00 -2.632084016394124149e+00 4.591700069803835160e-01 3.171870733189764202e+00 3.269587671313460397e+00 6.717600953611578829e-01 -2.479886317049154520e+00 -3.587041304407523779e+00 -1.736933639140314956e+00 1.545153349812281141e+00 3.553370342239746016e+00 2.632084016391571524e+00 -4.591700069799475870e-01 -3.171870733186699987e+00 -3.269587671310293153e+00 -6.717600953605025182e-01 2.479886317046763544e+00 3.587041304404053221e+00 1.736933639138623864e+00
-1.374099116168618351e-01 -7.025231035216221720e-01 -6.884555276725803363e-01 -1.068049085287859218e-01 5.628988274611251841e-01 7.685321671574509850e-01 3.405649200739425675e-01 -3.681740922220844148e-01 -7.733795234424548637e-01 -5.409880643868110184e-01 1.374099116167299961e-01 7.025231035209427155e-01 6.884555276719133143e-01 1.068049085286807698e-01 -5.628988274605820630e-01 -7.685321671567071355e-01 -3.405649200736119431e-01 3.681740922217302536e-01 7.733795234417069064e-01 5.409880643862857719e-01
-1.704550059294957176e+00 -4.159086224024330036e+00 -3.184749031693478560e+00 4.151891978595670385e-01 3.672833206518804516e+00 3.902485187983753878e+00 9.148132750547984804e-01 -2.827057684625924772e+00 -4.238218903860746956e+00 -2.155267450727177625e+00 1.704550059293313602e+00 4.159086224020307476e+00 3.184749031690390364e+00 -4.151891978591751853e-01 -3.672833206515256688e+00 -3.902485187979973791e+00 -9.148132750539070823e-01 2.827057684623198952e+00 4.238218903856646236e+00 2.155267450725080192e+00
5.972041127315653952e+00 1.154663205058002440e+01 7.601838938641256149e+00 -2.610134413706664436e+00 -1.067023596839516131e+01 -9.933480267699373201e+00 -1.007270442189720505e+00 8.749362845719087289e+00 1.129276333752729755e+01 4.526076649136671293e+00 -5.972041127309890562e+00 -1.154663205056885289e+01 -7.601838938633878051e+00 2.610134413704164658e+00 1.067023596838484956e+01 9.933480267689745347e+00 1.007270442188728854e+00 -8.749362845710644265e+00 -1.129276333751636940e+01 -4.526076649132257046e+00
-9.467539696103554059e-01 -3.697332266462494577e+00 -3.399720788492923251e+00 -2.992792163143902506e-01 3.047896969157803504e+00 3.882296994269753831e+00 1.516016867344656127e+00 -2.100112280565527456e+00 -3.984846920693582373e+00 -2.584356224687950565e+00 9.467539696094451340e-01 3.697332266458918326e+00 3.399720788489628109e+00 2.992792163140912676e-01 -3.047896969154860969e+00 -3.882296994265995504e+00 -1.516016867343183527e+00 2.100112280563505962e+00 3.984846920689728123e+00 2.584356224685440129e+00
