2.334549150277240859e+00 4.262790070183374525e+00 3.000000000002897016e-01 -4.077379873558812484e+00 -2.819959346903400110e+00 2.334549150280746499e+00 4.262790070183838154e+00 2.999999999970703879e-01 -4.077379873561264745e+00 -2.819959346901696584e+00 2.334549150284252583e+00 4.262790070184301783e+00 2.999999999938502970e-01 -4.077379873563713453e+00 -2.819959346899992170e+00 2.334549150287765329e+00 4.262790070184764524e+00 2.999999999906384773e-01 -4.077379873566170154e+00 -2.819959346898282426e+00
1.919098300559720860e+00 3.378773075809468285e+00 1.690983005624817626e-01 -3.274264578622456234e+00 -2.192705098310212986e+00 1.919098300562503301e+00 3.378773075809781368e+00 1.690983005598927780e-01 -3.274264578624368482e+00 -2.192705098308806111e+00 1.919098300565285964e+00 3.378773075810094451e+00 1.690983005573031828e-01 -3.274264578626278510e+00 -2.192705098307398348e+00 1.919098300568073734e+00 3.378773075810406645e+00 1.690983005547201656e-01 -3.274264578628193867e+00 -2.192705098305986589e+00
-4.176925358147422607e+00 -9.151441186710107090e+00 -1.478976341282308038e+00 8.237383539242141950e+00 6.569959346900969166e+00 -4.176925358154905510e+00 -9.151441186711762654e+00 -1.478976341275850315e+00 8.237383539247787212e+00 6.569959346898002650e+00 -4.176925358162387525e+00 -9.151441186713421772e+00 -1.478976341269390815e+00 8.237383539253427145e+00 6.569959346895032581e+00 -4.176925358169885527e+00 -9.151441186715077336e+00 -1.478976341262948413e+00 8.237383539259083065e+00 6.569959346892054519e+00
2.477457514060876498e-01 -6.319660112611341640e-02 -2.868033988755093744e-01 -1.140576474678654251e-01 2.163118960635778965e-01 2.477457514060505406e-01 -6.319660112634432891e-02 -2.868033988756149566e-01 -1.140576474676998353e-01 2.163118960637858967e-01 2.477457514060134869e-01 -6.319660112657525530e-02 -2.868033988757205388e-01 -1.140576474675345786e-01 2.163118960639938693e-01 2.477457514059761556e-01 -6.319660112680616781e-02 -2.868033988758261210e-01 -1.140576474673685309e-01 2.163118960642022581e-01
-2.394098300558273440e+00 -4.279634122152878639e+00 -2.508610463446684924e-01 4.124593469059085749e+00 2.799999999998018740e+00 -2.394098300561795511e+00 -4.279634122153303188e+00 -2.508610463414092107e-01 4.124593469061523798e+00 2.799999999996267253e+00 -2.394098300565318471e+00 -4.279634122153729514e+00 -2.508610463381490963e-01 4.124593469063960072e+00 2.799999999994513988e+00 -2.394098300568847204e+00 -4.279634122154154063e+00 -2.508610463348972530e-01 4.124593469066402562e+00 2.799999999992756283e+00
-2.492705098307719691e+00 -4.279634122152408793e+00 -1.522542485949202329e-01 4.185535821589722261e+00 2.739057647466555334e+00 -2.492705098311247092e+00 -4.279634122152756071e+00 -1.522542485916073551e-01 4.185535821592115902e+00 2.739057647464722134e+00 -2.492705098314774936e+00 -4.279634122153103348e+00 -1.522542485882937002e-01 4.185535821594507766e+00 2.739057647462888045e+00 -2.492705098318308998e+00 -4.279634122153448850e+00 -1.522542485849883720e-01 4.185535821596904071e+00 2.739057647461048628e+00
3.400861046338318427e+00 4.876847717651249248e+00 -3.868033988741211848e-01 -5.115905365119925996e+00 -2.774999999996607514e+00 3.400861046342367189e+00 4.876847717651200398e+00 -3.868033988782007548e-01 -5.115905365122397797e+00 -2.774999999994055777e+00 3.400861046346416838e+00 4.876847717651151548e+00 -3.868033988822809355e-01 -5.115905365124866044e+00 -2.774999999991502264e+00 3.400861046350473593e+00 4.876847717651100922e+00 -3.868033988863515682e-01 -5.115905365127340509e+00 -2.774999999988942534e+00
3.773606797744295971e+00 5.002708763995270758e+00 -6.817627457799442237e-01 -5.424061313151158359e+00 -2.670491502809419160e+00 3.773606797748464636e+00 5.002708763994992758e+00 -6.817627457842838634e-01 -5.424061313153562658e+00 -2.670491502806566331e+00 3.773606797752633746e+00 5.002708763994717422e+00 -6.817627457886241693e-01 -5.424061313155965180e+00 -2.670491502803711725e+00 3.773606797756809961e+00 5.002708763994440311e+00 -6.817627457929542611e-01 -5.424061313158373032e+00 -2.670491502800850014e+00
1.778647450840572963e+00 2.902912029465291699e+00 1.545084971897523612e-02 -2.893362879184249614e+00 -1.803647450841374678e+00 1.778647450842970157e+00 2.902912029465457344e+00 1.545084971668038432e-02 -2.893362879185833236e+00 -1.803647450840058841e+00 1.778647450845368017e+00 2.902912029465623434e+00 1.545084971438502597e-02 -2.893362879187414638e+00 -1.803647450838742117e+00 1.778647450847769651e+00 2.902912029465788635e+00 1.545084971209534364e-02 -2.893362879189000481e+00 -1.803647450837421617e+00
-1.830040653089573421e+00 -3.771478174121368987e+00 -5.008610463446651062e-01 3.461929023840106812e+00 2.640450849716789339e+00 -1.830040653092662950e+00 -3.771478174121965843e+00 -5.008610463419447267e-01 3.461929023842383657e+00 2.640450849715476611e+00 -1.830040653095752257e+00 -3.771478174122563143e+00 -5.008610463392236811e-01 3.461929023844658726e+00 2.640450849714163439e+00 -1.830040653098847780e+00 -3.771478174123159111e+00 -5.008610463365097409e-01 3.461929023846939124e+00 2.640450849712845827e+00
3.454915028156085866e-02 -5.640576474684462216e-01 -3.831559480312297095e-01 3.272542485936213441e-01 5.854101966248588251e-01 3.454915028111504860e-02 -5.640576474687800657e-01 -3.831559480309902344e-01 3.272542485941029589e-01 5.854101966249172229e-01 3.454915028066929406e-02 -5.640576474691140207e-01 -3.831559480307506482e-01 3.272542485945839630e-01 5.854101966249753985e-01 3.454915028022237378e-02 -5.640576474694476428e-01 -3.831559480305119503e-01 3.272542485950665769e-01 5.854101966250335742e-01
-1.539589803372151788e+00 -3.033813728903714591e+00 -3.354101966254604550e-01 2.826518827216341734e+00 2.082294901685983746e+00 -1.539589803374640464e+00 -3.033813728904140916e+00 -3.354101966232355125e-01 2.826518827218142960e+00 2.082294901684872190e+00 -1.539589803377129140e+00 -3.033813728904568130e+00 -3.354101966210099595e-01 2.826518827219941965e+00 2.082294901683759747e+00 -1.539589803379622701e+00 -3.033813728904993567e+00 -3.354101966187902351e-01 2.826518827221745411e+00 2.082294901682644195e+00
-5.690983005612231249e-01 -1.157623792124201190e+00 -1.463525491567184700e-01 1.067172942405334446e+00 8.059016994371994702e-01 -5.690983005621716995e-01 -1.157623792124378381e+00 -1.463525491558794744e-01 1.067172942406030112e+00 8.059016994367905751e-01 -5.690983005631203850e-01 -1.157623792124555795e+00 -1.463525491550402569e-01 1.067172942406724889e+00 8.059016994363812358e-01 -5.690983005640710690e-01 -1.157623792124732987e+00 -1.463525491542032320e-01 1.067172942407421665e+00 8.059016994359706754e-01
-2.477254248589599417e+00 -3.700125624966014826e+00 1.904508497173769133e-01 3.817830723278047511e+00 2.169098300561072445e+00 -2.477254248592665853e+00 -3.700125624966059235e+00 1.904508497204161488e-01 3.817830723279969085e+00 2.169098300559221482e+00 -2.477254248595733621e+00 -3.700125624966104088e+00 1.904508497234559394e-01 3.817830723281889771e+00 2.169098300557369186e+00 -2.477254248598805830e+00 -3.700125624966147608e+00 1.904508497264884304e-01 3.817830723283814454e+00 2.169098300555512449e+00
5.712664445208698538e+00 8.376973342617814566e+00 -5.354101966218485220e-01 -8.707875042054249448e+00 -4.846352549152354250e+00 5.712664445215647646e+00 8.376973342617832330e+00 -5.354101966287858616e-01 -8.707875042058553561e+00 -4.846352549148077671e+00 5.712664445222596754e+00 8.376973342617851870e+00 -5.354101966357245335e-01 -8.707875042062852344e+00 -4.846352549143798427e+00 5.712664445229558297e+00 8.376973342617867857e+00 -5.354101966426465520e-01 -8.707875042067161786e+00 -4.846352549139508525e+00
-1.430040653090945524e+00 -3.411067977496891057e+00 -6.781152949374705807e-01 2.991969676934952638e+00 2.527254248591645602e+00 -1.430040653093727743e+00 -3.411067977497608705e+00 -6.781152949351325621e-01 2.991969676937115352e+00 2.527254248590644625e+00 -1.430040653096510184e+00 -3.411067977498327686e+00 -6.781152949327935442e-01 2.991969676939274958e+00 2.527254248589642316e+00 -1.430040653099297954e+00 -3.411067977499045778e+00 -6.781152949304611877e-01 2.991969676941441225e+00 2.527254248588636898e+00
-3.044959346900788955e+00 -4.840044318777282584e+00 5.364745084217154014e-02 4.873200266808100700e+00 2.958155948029064231e+00 -3.044959346904790642e+00 -4.840044318777495747e+00 5.364745084604093106e-02 4.873200266810703951e+00 2.958155948026804261e+00 -3.044959346908791886e+00 -4.840044318777708909e+00 5.364745084991109914e-02 4.873200266813304538e+00 2.958155948024543402e+00 -3.044959346912801124e+00 -4.840044318777922072e+00 5.364745085377176093e-02 4.873200266815911341e+00 2.958155948022275883e+00
-1.884549150277942120e+00 -3.301518827215906615e+00 -1.559016994381287047e-01 3.205166278059706997e+00 2.136803398873239779e+00 -1.884549150280661278e+00 -3.301518827216204599e+00 -1.559016994355938435e-01 3.205166278061570395e+00 2.136803398871857329e+00 -1.884549150283380659e+00 -3.301518827216503027e+00 -1.559016994330584271e-01 3.205166278063432905e+00 2.136803398870473991e+00 -1.884549150286105368e+00 -3.301518827216800567e+00 -1.559016994305293669e-01 3.205166278065299856e+00 2.136803398869087101e+00
-1.791844051964859075e+00 -4.073732422715229617e+00 -7.258610463443737615e-01 3.625125624965512827e+00 2.966311896060444209e+00 -1.791844051968186413e+00 -4.073732422716020096e+00 -7.258610463415358094e-01 3.625125624968057014e+00 2.966311896059178999e+00 -1.791844051971513530e+00 -4.073732422716812351e+00 -7.258610463386969691e-01 3.625125624970598537e+00 2.966311896057912900e+00 -1.791844051974847751e+00 -4.073732422717602830e+00 -7.258610463358657894e-01 3.625125624973147165e+00 2.966311896056642805e+00
-2.899999999995566569e+00 -4.530495168496107006e+00 9.999999999926974248e-02 4.592298567371162932e+00 2.738196601122396157e+00 -2.899999999999314237e+00 -4.530495168496266878e+00 1.000000000029186709e-01 4.592298567373577001e+00 2.738196601120239659e+00 -2.900000000003062794e+00 -4.530495168496427638e+00 1.000000000065683625e-01 4.592298567375988405e+00 2.738196601118082274e+00 -2.900000000006817569e+00 -4.530495168496586622e+00 1.000000000102091169e-01 4.592298567378406915e+00 2.738196601115919115e+00
