-3.192705098270535391e+00 1.949061313099612613e+00 3.905764751969740406e-02 -2.012257914312996832e+00 3.216844051977419738e+00 -3.192705098300979039e+00 1.949061313131574824e+00 3.905764749842930567e-02 -2.012257914310547235e+00 3.216844051994721454e+00 -3.192705098331424463e+00 1.949061313163527931e+00 3.905764747715801538e-02 -2.012257914308092754e+00 3.216844052012020949e+00 -3.192705098361870775e+00 1.949061313195490586e+00 3.905764745589872938e-02 -2.012257914305648043e+00 3.216844052029325329e+00
-2.594959346870252315e+00 1.514183272392330526e+00 1.449593469446860405e-01 -1.748732422740850279e+00 2.684549150285336694e+00 -2.594959346895757690e+00 1.514183272418408555e+00 1.449593469279993885e-01 -1.748732422739930126e+00 2.684549150300531206e+00 -2.594959346921264398e+00 1.514183272444479034e+00 1.449593469113102107e-01 -1.748732422739005310e+00 2.684549150315723942e+00 -2.594959346946772438e+00 1.514183272470557728e+00 1.449593468946308861e-01 -1.748732422738088488e+00 2.684549150330920675e+00
1.295084971842781207e-01 -7.274575140094412251e-02 -1.180339888049931375e-02 9.184405197262493492e-02 -1.368033988760422315e-01 1.295084971855817724e-01 -7.274575140224966152e-02 -1.180339887969072271e-02 9.184405197262220100e-02 -1.368033988768462550e-01 1.295084971868854795e-01 -7.274575140355479808e-02 -1.180339887888199810e-02 9.184405197261924503e-02 -1.368033988776501952e-01 1.295084971881892422e-01 -7.274575140486037872e-02 -1.180339887807377655e-02 9.184405197261666376e-02 -1.368033988784542743e-01
2.390450849693747770e+00 -1.662790070146469512e+00 2.999999999584788135e-01 1.177379873592420578e+00 -2.205040653106537185e+00 2.390450849714326864e+00 -1.662790070170109047e+00 2.999999999761465141e-01 1.177379873587474535e+00 -2.205040653116199234e+00 2.390450849734907735e+00 -1.662790070193742586e+00 2.999999999938166018e-01 1.177379873582524050e+00 -2.205040653125859507e+00 2.390450849755489049e+00 -1.662790070217382787e+00 3.000000000114780851e-01 1.177379873577581337e+00 -2.205040653135523776e+00
2.030901699417812178e+00 -1.428773075779511847e+00 2.809016994037342174e-01 9.742645786497849958e-01 -1.857294901698801848e+00 2.030901699435121444e+00 -1.428773075799572911e+00 2.809016994188823224e-01 9.742645786453367762e-01 -1.857294901706750379e+00 2.030901699452431597e+00 -1.428773075819628868e+00 2.809016994340324813e-01 9.742645786408847819e-01 -1.857294901714697133e+00 2.030901699469742194e+00 -1.428773075839690376e+00 2.809016994491753683e-01 9.742645786364395599e-01 -1.857294901722647884e+00
-5.798074641759931147e+00 3.426441186612621870e+00 2.539763413719625662e-01 -3.837383539301896906e+00 5.955040653102058101e+00 -5.798074641816448604e+00 3.426441186670827754e+00 2.539763413343083531e-01 -3.837383539299179969e+00 5.955040653135308837e+00 -5.798074641872969615e+00 3.426441186729016763e+00 2.539763412966483669e-01 -3.837383539296452817e+00 5.955040653168556020e+00 -5.798074641929494177e+00 3.426441186787224424e+00 2.539763412590103631e-01 -3.837383539293742984e+00 5.955040653201811196e+00
5.272542485872678819e-01 -2.868033988662876954e-01 -6.319660113306108107e-02 3.890576474741423985e-01 -5.663118960645034949e-01 5.272542485926771105e-01 -2.868033988716162108e-01 -6.319660112984934464e-02 3.890576474742743485e-01 -5.663118960679280889e-01 5.272542485980866722e-01 -2.868033988769430054e-01 -6.319660112663706697e-02 3.890576474744054658e-01 -5.663118960713524608e-01 5.272542486034964559e-01 -2.868033988822716318e-01 -6.319660112342685709e-02 3.890576474745380819e-01 -5.663118960747774988e-01
-2.505901699397765636e+00 1.254634122109683059e+00 4.758610463814243463e-01 -2.024593469082469177e+00 2.800000000001544809e+00 -2.505901699424654794e+00 1.254634122135163121e+00 4.758610463670893131e-01 -2.024593469084755792e+00 2.800000000019576163e+00 -2.505901699451544840e+00 1.254634122160634746e+00 4.758610463527517265e-01 -2.024593469087037967e+00 2.800000000037606629e+00 -2.505901699478437106e+00 1.254634122186115697e+00 4.758610463384241873e-01 -2.024593469089327691e+00 2.800000000055639315e+00
-2.157294901661037212e+00 1.254634122119092421e+00 1.272542486284426733e-01 -1.460535821616937735e+00 2.235942352539823652e+00 -2.157294901682286437e+00 1.254634122140778185e+00 1.272542486146061580e-01 -1.460535821616236296e+00 2.235942352552523271e+00 -2.157294901703536105e+00 1.254634122162457510e+00 1.272542486007674500e-01 -1.460535821615531304e+00 2.235942352565221114e+00 -2.157294901724787550e+00 1.254634122184143719e+00 1.272542485869369577e-01 -1.460535821614832752e+00 2.235942352577922065e+00
2.674138953623526938e+00 -1.551847717608042299e+00 -1.631966011716176057e-01 1.815905365157392426e+00 -2.775000000012917134e+00 2.674138953649903616e+00 -1.551847717634928348e+00 -1.631966011544950246e-01 1.815905365156574414e+00 -2.775000000028713387e+00 2.674138953676281183e+00 -1.551847717661806625e+00 -1.631966011373697234e-01 1.815905365155751960e+00 -2.775000000044508308e+00 2.674138953702660970e+00 -1.551847717688693118e+00 -1.631966011202546918e-01 1.815905365154937723e+00 -2.775000000060306338e+00
3.326393202208089761e+00 -2.152708763938331327e+00 1.567627457224664567e-01 1.899061313195362866e+00 -3.229508497200425321e+00 3.326393202238480118e+00 -2.152708763971457273e+00 1.567627457456708950e-01 1.899061313190944622e+00 -3.229508497216476925e+00 3.326393202268872251e+00 -2.152708764004574338e+00 1.567627457688786641e-01 1.899061313186520161e+00 -3.229508497232526754e+00 3.326393202299265717e+00 -2.152708764037700728e+00 1.567627457920741652e-01 1.899061313182106581e+00 -3.229508497248581023e+00
1.946352549130449638e+00 -1.177912029433734853e+00 -4.045084975045971226e-02 1.243362879207425165e+00 -1.971352549161803136e+00 1.946352549149120703e+00 -1.177912029453234144e+00 -4.045084973758228397e-02 1.243362879206089344e+00 -1.971352549172517010e+00 1.946352549167792878e+00 -1.177912029472728328e+00 -4.045084972470291279e-02 1.243362879204750193e+00 -1.971352549183229774e+00 1.946352549186465719e+00 -1.177912029492228063e+00 -4.045084971183087602e-02 1.243362879203417259e+00 -1.971352549193945203e+00
-2.444959346869587602e+00 1.371478174080091650e+00 2.258610463812315006e-01 -1.736929023864464128e+00 2.584549150283740993e+00 -2.444959346894219010e+00 1.371478174104741266e+00 2.258610463659823098e-01 -1.736929023864441035e+00 2.584549150298950160e+00 -2.444959346918851306e+00 1.371478174129383332e+00 2.258610463507306765e-01 -1.736929023864413724e+00 2.584549150314157995e+00 -2.444959346943485823e+00 1.371478174154033391e+00 2.258610463354884523e-01 -1.736929023864393740e+00 2.584549150329368050e+00
9.045084971685674047e-02 -6.094235252972396433e-02 8.155948030585023767e-03 4.774575140590762989e-02 -8.541019662395651912e-02 9.045084971765693371e-02 -6.094235253062127433e-02 8.155948031236617130e-03 4.774575140575069293e-02 -8.541019662435406223e-02 9.045084971845715471e-02 -6.094235253151835535e-02 8.155948031888300698e-03 4.774575140559358249e-02 -8.541019662475156371e-02 9.045084971925743123e-02 -6.094235253241567923e-02 8.155948032539652934e-03 4.774575140543676349e-02 -8.541019662514919009e-02
-2.210410196590662846e+00 1.158813728866937787e+00 3.354101966559646097e-01 -1.701518827234297593e+00 2.417705098312620482e+00 -2.210410196613813660e+00 1.158813728889338979e+00 3.354101966428733039e-01 -1.701518827235517062e+00 2.417705098327682212e+00 -2.210410196636965807e+00 1.158813728911732621e+00 3.354101966297797222e-01 -1.701518827236732978e+00 2.417705098342743497e+00 -2.210410196660119286e+00 1.158813728934134035e+00 3.354101966166948556e-01 -1.701518827237955112e+00 2.417705098357806559e+00
-6.809016994254776245e-01 4.076237921129320929e-01 2.135254916405504577e-02 -4.421729424081115578e-01 6.940983005594769661e-01 -6.809016994320578053e-01 4.076237921197600200e-01 2.135254915958821956e-02 -4.421729424077123216e-01 6.940983005632970215e-01 -6.809016994386383193e-01 4.076237921265861153e-01 2.135254915512070639e-02 -4.421729424073119752e-01 6.940983005671167438e-01 -6.809016994452193883e-01 4.076237921334142089e-01 2.135254915065577103e-02 -4.421729424069136272e-01 6.940983005709373543e-01
-2.197745751376987577e+00 1.275125624931064960e+00 1.345491503140969769e-01 -1.492830723300976548e+00 2.280901699442385411e+00 -2.197745751398668013e+00 1.275125624953161507e+00 1.345491503000269817e-01 -1.492830723300308415e+00 2.280901699455371023e+00 -2.197745751420349336e+00 1.275125624975252059e+00 1.345491502859547939e-01 -1.492830723299636508e+00 2.280901699468356636e+00 -2.197745751442031992e+00 1.275125624997349050e+00 1.345491502718910160e-01 -1.492830723298971485e+00 2.280901699481344469e+00
4.762335554723549080e+00 -3.026973342541515510e+00 1.354101965462270463e-01 2.807875042114817088e+00 -4.678647450861869395e+00 4.762335554767657797e+00 -3.026973342589019733e+00 1.354101965789769602e-01 2.807875042109333030e+00 -4.678647450885740966e+00 4.762335554811768290e+00 -3.026973342636511077e+00 1.354101966117315925e-01 2.807875042103840535e+00 -4.678647450909608985e+00 4.762335554855880559e+00 -3.026973342684016188e+00 1.354101966444685723e-01 2.807875042098362695e+00 -4.678647450933484109e+00
-2.044959346876452866e+00 1.061067977462499812e+00 3.281152949699256416e-01 -1.591969676956942692e+00 2.247745751410824777e+00 -2.044959346897990748e+00 1.061067977483239666e+00 3.281152949579085321e-01 -1.591969676958239432e+00 2.247745751424937044e+00 -2.044959346919529519e+00 1.061067977503973081e+00 3.281152949458893131e-01 -1.591969676959532620e+00 2.247745751439048867e+00 -2.044959346941070066e+00 1.061067977524713379e+00 3.281152949338782543e-01 -1.591969676960831581e+00 2.247745751453162466e+00
-2.430040653061683820e+00 1.365044318740053608e+00 2.213525491921904120e-01 -1.723200266834338024e+00 2.566844051974708663e+00 -2.430040653086143809e+00 1.365044318764550013e+00 2.213525491770176878e-01 -1.723200266834285177e+00 2.566844051989793485e+00 -2.430040653110605131e+00 1.365044318789038869e+00 2.213525491618424934e-01 -1.723200266834228556e+00 2.566844052004876975e+00 -2.430040653135068229e+00 1.365044318813536162e+00 2.213525491466767359e-01 -1.723200266834179040e+00 2.566844052019963573e+00
