-2.335704549222492155e+00 2.111442712292900037e+00 -1.680498151397638029e+00 1.085054722724835274e+00 -3.833985777716524268e-01 -3.557872912677829125e-01 1.060146221320913629e+00 -1.660730652756842174e+00 2.098751196908881678e+00 -2.331331351047017719e+00 2.335704549203262204e+00 -2.111442712272566968e+00 1.680498151378196248e+00 -1.085054722708175712e+00 3.833985777594212108e-01 3.557872912744040050e-01 -1.060146221321264681e+00 1.660730652750886716e+00 -2.098751196897214566e+00 2.331331351030772936e+00
2.959435255836883050e-01 -2.452669434969692586e-01 1.705819241055225033e-01 -7.919915746856043270e-02 -1.993617451427632387e-02 1.171200148320055562e-01 -2.028393320746827155e-01 2.687033222289962886e-01 -3.082647590372572521e-01 3.176510934239678008e-01 -2.959435255809640952e-01 2.452669434942890136e-01 -1.705819241031493738e-01 7.919915746672473444e-02 1.993617451539256985e-02 -1.171200148322951995e-01 2.028393320741158634e-01 -2.687033222276283828e-01 3.082647590352233236e-01 -3.176510934214663573e-01
2.638433327162017950e+00 -2.420270402752738637e+00 1.965194548306473665e+00 -1.317751759156783775e+00 5.413182465052065462e-01 2.881032676992073549e-01 -1.089323226726404359e+00 1.783912638559007169e+00 -2.303880252077878499e+00 2.598328014444577061e+00 -2.638433327140750961e+00 2.420270402729934656e+00 -1.965194548284369791e+00 1.317751759137530287e+00 -5.413182464907051461e-01 -2.881032677075542892e-01 1.089323226727766158e+00 -1.783912638553248442e+00 2.303880252065576784e+00 -2.598328014426927179e+00
2.372810981109032991e+00 -2.250297010602606562e+00 1.907508289956992620e+00 -1.377999367498835337e+00 7.136022658643104144e-01 2.064719751146726345e-02 -7.528755693362114698e-01 1.411407234840545089e+00 -1.931780526344990978e+00 2.263057680423297580e+00 -2.372810981090859084e+00 2.250297010582442248e+00 -1.907508289936815427e+00 1.377999367480609250e+00 -7.136022658498339943e-01 -2.064719752079191561e-02 7.528755693394595383e-01 -1.411407234837396496e+00 1.931780526335766357e+00 -2.263057680408891326e+00
-5.112138363193027502e+00 4.473934429963211556e+00 -3.397790622994686593e+00 1.989047396049179683e+00 -3.856023514720731127e-01 -1.255588137914302571e+00 2.773872912161937432e+00 -4.020631679055361118e+00 4.873823003812121080e+00 -5.249930575031969582e+00 5.112138363149035136e+00 -4.473934429918021038e+00 3.397790622952732154e+00 -1.989047396014538283e+00 3.856023514481723424e-01 1.255588137925158110e+00 -2.773872912158658721e+00 4.020631679038266348e+00 -4.873823003782906227e+00 5.249930574993481258e+00
7.280071145342491556e-01 -7.708764473149394281e-01 7.382870224202144893e-01 -6.334289198227653905e-01 4.665663811943189798e-01 -2.540330744156197307e-01 1.663324036089630642e-02 2.223947711505938618e-01 -4.396532329459770239e-01 6.138753730560039257e-01 -7.280071145297133395e-01 7.708764473091287428e-01 -7.382870224136977022e-01 6.334289198161791035e-01 -4.665663811883106749e-01 2.540330744107736072e-01 -1.663324035769037090e-02 -2.223947711518445836e-01 4.396532329451551258e-01 -6.138753730531855135e-01
-2.523236515858113815e+00 2.225521789023608754e+00 -1.709957483357459562e+00 1.027010625246431053e+00 -2.435328115333593169e-01 -5.637836905643165419e-01 1.315913116916274994e+00 -1.939231798877292468e+00 2.372724960940483907e+00 -2.573959272078859328e+00 2.523236515836623894e+00 -2.225521789001384310e+00 1.709957483336681516e+00 -1.027010625229119123e+00 2.435328115212258004e-01 5.637836905701011370e-01 -1.315913116915131020e+00 1.939231798869331058e+00 -2.372724960926495541e+00 2.573959272060206249e+00
-2.466921229269371629e+00 2.241550338202678905e+00 -1.796760882233111589e+00 1.176091952341750790e+00 -4.402989478414532920e-01 -3.385935854156767455e-01 1.084342219410841412e+00 -1.723947881912263114e+00 2.194801514279657528e+00 -2.450812682346918070e+00 2.466921229249210867e+00 -2.241550338181256929e+00 1.796760882212531163e+00 -1.176091952324013423e+00 4.402989478283110825e-01 3.385935854229533692e-01 -1.084342219411527530e+00 1.723947881906289448e+00 -2.194801514267621378e+00 2.450812682329989389e+00
3.259723467082082493e+00 -2.991031456270289102e+00 2.429556446777094703e+00 -1.630259524558661077e+00 6.713814413913480328e-01 3.532161350475662709e-01 -1.343238455184873281e+00 2.201775236434316607e+00 -2.844786916869757043e+00 3.209331033084574791e+00 -3.259723467055817725e+00 2.991031456242119191e+00 -2.429556446749782328e+00 1.630259524534863447e+00 -6.713814413734155995e-01 -3.532161350578995052e-01 1.343238455186579028e+00 -2.201775236427224947e+00 2.844786916854578962e+00 -3.209331033062785110e+00
3.522432790042936634e+00 -3.137308571281018033e+00 2.445082730648011182e+00 -1.513515156446695986e+00 4.337941734533640736e-01 6.883896056577405442e-01 -1.743189013872819437e+00 2.627352935896091424e+00 -3.254333246707741267e+00 3.562756745057112706e+00 -3.522432790013330539e+00 3.137308571250135181e+00 -2.445082730618881595e+00 1.513515156422152064e+00 -4.337941734358320423e-01 -6.883896056665681495e-01 1.743189013872060045e+00 -2.627352935885817420e+00 3.254333246688974945e+00 -3.562756745031680605e+00
1.956228180944117323e+00 -1.743562000785631394e+00 1.360223823879487481e+00 -8.437374618557157424e-01 2.446601984015772668e-01 3.783661099190740451e-01 -9.643553071681264521e-01 1.455946687891991331e+00 -1.805019862626922489e+00 1.977405116894199733e+00 -1.956228180927690907e+00 1.743562000768485776e+00 -1.360223823863305093e+00 8.437374618420697692e-01 -2.446601983918169354e-01 -3.783661099240065440e-01 9.643553071677382071e-01 -1.455946687886319202e+00 1.805019862616530801e+00 -1.977405116880099678e+00
-2.258804518086045210e+00 1.972124089103090450e+00 -1.492398413682328506e+00 8.665863833796431104e-01 -1.559468400101939600e-01 -5.699578666039208930e-01 1.240071126103670984e+00 -1.788797583695578064e+00 2.162424070508593754e+00 -2.324377422804856597e+00 2.258804518066546585e+00 -1.972124089083100884e+00 1.492398413663809986e+00 -8.665863833643946412e-01 1.559468399997247234e-01 5.699578666086017043e-01 -1.240071126102093579e+00 1.788797583687895543e+00 -2.162424070495568618e+00 2.324377422787756942e+00
-3.598203609361170369e-02 7.021575905144519791e-02 -9.757627429129878127e-02 1.153853439495821781e-01 -1.218996922050696735e-01 1.164816492623969163e-01 -9.966157091453697880e-02 7.308592362257532171e-02 -3.935611690689128084e-02 1.773859258214962459e-03 3.598203609380262735e-02 -7.021575905130800210e-02 9.757627429084655968e-02 -1.153853439488597421e-01 1.218996922041473141e-01 -1.164816492613650334e-01 9.966157091349664432e-02 -7.308592362162867617e-02 3.935611690613033398e-02 -1.773859257714959642e-03
-2.208809081659420581e+00 1.980366972163395856e+00 -1.558072745403987991e+00 9.832635025936659057e-01 -3.122055773505227894e-01 -3.894132050668859257e-01 1.052913509769868083e+00 -1.613347304055591902e+00 2.015855423367577615e+00 -2.221037568548767105e+00 2.208809081641024186e+00 -1.980366972144091076e+00 1.558072745385668867e+00 -9.832635025781137905e-01 3.122055773392747313e-01 3.894132050727436289e-01 -1.052913509769750400e+00 1.613347304049509212e+00 -2.015855423356135656e+00 2.221037568533079209e+00
-2.803499928173910916e-01 1.931401147269547480e-01 -8.702433652083632620e-02 -2.760999007800027383e-02 1.395416584777105229e-01 -2.378140171015238613e-01 3.128074827835610749e-01 -3.571811725926877790e-01 3.665914806007490867e-01 -3.401172602944962375e-01 2.803499928143036724e-01 -1.931401147242326477e-01 8.702433651874713627e-02 2.760999007925468707e-02 -1.395416584780045377e-01 2.378140171008309711e-01 -3.128074827819475323e-01 3.571811725903118462e-01 -3.665914805978438551e-01 3.401172602913462018e-01
-2.183518350756973092e+00 1.949912236733330806e+00 -1.525435127140832181e+00 9.516377989726839681e-01 -2.846875325913738597e-01 -4.101299330136858323e-01 1.064801023230962151e+00 -1.615241970388242798e+00 2.007571779430244341e+00 -2.203386475125593158e+00 2.183518350738686831e+00 -1.949912236714210767e+00 1.525435127122754420e+00 -9.516377989574058560e-01 2.846875325804061330e-01 4.101299330192844650e-01 -1.064801023230631971e+00 1.615241970382015335e+00 -2.007571779418738878e+00 2.203386475109930132e+00
4.919053698951180387e+00 -4.467134041278913337e+00 3.577940179293167322e+00 -2.338512603583863481e+00 8.701751208618733191e-01 6.833411655545600372e-01 -2.169967257566157937e+00 3.444181835353643972e+00 -4.381255898068275201e+00 4.889462107472986929e+00 -4.919053698910945016e+00 4.467134041236185737e+00 -3.577940179252140140e+00 2.338512603548525970e+00 -8.701751208357170198e-01 -6.833411655690070363e-01 2.169967257567456453e+00 -3.444181835341662890e+00 4.381255898044212671e+00 -4.889462107439181082e+00
-2.332614169806317861e+00 2.094309948635315610e+00 -1.651000077776455077e+00 1.046078816111283727e+00 -3.387600714661972434e-01 -4.017188692531859506e-01 1.102874768108922154e+00 -1.696073600480551669e+00 2.123248931596304345e+00 -2.342585863741207142e+00 2.332614169786928482e+00 -2.094309948614942574e+00 1.651000077757097451e+00 -1.046078816094823338e+00 3.387600714542614022e-01 4.017188692594445554e-01 -1.102874768108878634e+00 1.696073600474208964e+00 -2.123248931584294841e+00 2.342585863724698125e+00
-2.485517264520721969e+00 2.275170115926085757e+00 -1.842113464342214346e+00 1.228737912109664876e+00 -4.950849319201042209e-01 -2.870304108643163543e-01 1.041049217173624752e+00 -1.693162872688247056e+00 2.179537949263446794e+00 -2.452564665629789253e+00 2.485517264500624712e+00 -2.275170115904580737e+00 1.842113464321410987e+00 -1.228737912091586892e+00 4.950849319065374066e-01 2.870304108720603264e-01 -1.041049217174775166e+00 1.693162872682689279e+00 -2.179537949251737494e+00 2.452564665613065742e+00
-2.104926201214493364e+00 2.015749879534887157e+00 -1.729257915090946174e+00 1.273494137469684429e+00 -6.930718807179668817e-01 4.480691936660069485e-02 6.078440554395484474e-01 -1.200995018999614583e+00 1.676584222274550395e+00 -1.988057680423077400e+00 2.104926201198623392e+00 -2.015749879517090726e+00 1.729257915072967888e+00 -1.273494137453275110e+00 6.930718807047451246e-01 -4.480691935784747448e-02 -6.078440554429656029e-01 1.200995018997358610e+00 -1.676584222266854329e+00 1.988057680410685979e+00
