-2.220907910416112685e+00 -6.572129325554810997e+00 -5.505093477023966564e+00 1.005038089807008816e-01 5.623242790458147233e+00 6.510014555601276953e+00 2.029738305526695097e+00 -4.123914071595764952e+00 -6.877690051536323068e+00 -3.961295492668381435e+00 2.220907910408049357e+00 6.572129325541825828e+00 5.505093477016764325e+00 -1.005038089761884912e-01 -5.623242790445633688e+00 -6.510014555591086882e+00 -2.029738305527227116e+00 4.123914071584952268e+00 6.877690051524137260e+00 3.961295492664885565e+00
-1.717854223486391163e+00 -4.310175145318464907e+00 -3.349060546945280326e+00 3.731183482592898559e-01 3.787687471877123180e+00 4.079575324265105607e+00 1.008140950562414373e+00 -2.894434558318355499e+00 -4.410752844772159342e+00 -2.290716389010494236e+00 1.717854223480757891e+00 4.310175145310152445e+00 3.349060546941142302e+00 -3.731183482558463327e-01 -3.787687471868932398e+00 -4.079575324258925662e+00 -1.008140950563338745e+00 2.894434558311091088e+00 4.410752844764539660e+00 2.290716389008811582e+00
3.204787539881138736e-01 2.584115589479097364e-01 -1.669774724505057595e-02 -2.780409381021119453e-01 -3.101589786548970551e-01 -8.657280893684277112e-02 2.083865379695754583e-01 3.315458765263935015e-01 1.813690153916538428e-01 -1.183338115862537232e-01 -3.204787539874884850e-01 -2.584115589475812214e-01 1.669774724481165595e-02 2.780409381015025438e-01 3.101589786544193816e-01 8.657280893689105195e-02 -2.083865379690413300e-01 -3.315458765258136320e-01 -1.813690153915057945e-01 1.183338115858467571e-01
2.576777976128365566e+00 5.238174521315508869e+00 3.581065488998872226e+00 -1.028379557459885518e+00 -4.789998164265448111e+00 -4.602601001466466002e+00 -6.206838174328768165e-01 3.872943413017615466e+00 5.173601859702301908e+00 2.208990335715056652e+00 -2.576777976120872449e+00 -5.238174521305788645e+00 -3.581065488994938484e+00 1.028379557454794480e+00 4.789998164255525381e+00 4.602601001459897923e+00 6.206838174350766124e-01 -3.872943413008462343e+00 -5.173601859693736316e+00 -2.208990335714153819e+00
1.974564212324918744e+00 4.552028048354813450e+00 3.376665697364592766e+00 -5.825194506879808332e-01 -4.061458381939143436e+00 -4.192011228718748761e+00 -8.665463734325139500e-01 3.173324871255033042e+00 4.597013493545103024e+00 2.230788600936224775e+00 -1.974564212318757228e+00 -4.552028048346159927e+00 -3.376665697360581753e+00 5.825194506840469799e-01 4.061458381930503236e+00 4.192011228712531512e+00 8.665463734338429980e-01 -3.173324871247254375e+00 -4.597013493537283502e+00 -2.230788600934821897e+00
-3.865850963449481092e+00 -1.070104550411077327e+01 -8.713982499404719917e+00 4.571447003382977936e-01 9.251388325446594507e+00 1.041851454151740697e+01 2.996310071152800791e+00 -6.896140799275962685e+00 -1.110320979024467292e+01 -6.156465136355738110e+00 3.865850963436021637e+00 1.070104550408982291e+01 8.713982499393551961e+00 -4.571447003304880408e-01 -9.251388325426235681e+00 -1.041851454150129541e+01 -2.996310071154216992e+00 6.896140799258192011e+00 1.110320979022518628e+01 6.156465136350629308e+00
2.280506786282861409e+00 2.123312834906837310e+00 2.155971544408465945e-01 -1.869863179272999831e+00 -2.413753155603341138e+00 -9.676738358035333887e-01 1.276184336173374900e+00 2.467918499821791123e+00 1.625027859936841290e+00 -5.575836785505405846e-01 -2.280506786278189590e+00 -2.123312834903862356e+00 -2.155971544420196562e-01 1.869863179268645981e+00 2.413753155599394518e+00 9.676738358032510590e-01 -1.276184336169762457e+00 -2.467918499817260525e+00 -1.625027859935123775e+00 5.575836785480201563e-01
-1.473967733416846171e+00 -4.735253895100534294e+00 -4.092657077384338038e+00 -7.595305045457101389e-02 4.003368911535242880e+00 4.782195461827286387e+00 1.618439020549813812e+00 -2.879606285798046006e+00 -5.003619234950520855e+00 -3.002500902984165165e+00 1.473967733411203795e+00 4.735253895091079634e+00 4.092657077378866859e+00 7.595305045758826701e-02 -4.003368911526219875e+00 -4.782195461819702231e+00 -1.618439020549919505e+00 2.879606285790339282e+00 5.003619234941561800e+00 3.002500902981351860e+00
-2.053666335751491712e+00 -5.112003057937941186e+00 -3.955853678508585602e+00 4.616181530279910850e-01 4.498518363587813873e+00 4.826707349539263170e+00 1.175616430795011436e+00 -3.444687348789625236e+00 -5.225089275548223888e+00 -2.697773487368653633e+00 2.053666335744788629e+00 5.112003057928095728e+00 3.955853678503713944e+00 -4.616181530238768205e-01 -4.498518363578100754e+00 -4.826707349531965896e+00 -1.175616430796143419e+00 3.444687348780998359e+00 5.225089275539208877e+00 2.697773487366696088e+00
4.245247086745559173e+00 7.967910806514093558e+00 5.121593840556717403e+00 -1.947116151089391956e+00 -7.410566156776339675e+00 -6.764526845092193597e+00 -5.416120797890195959e-01 6.127823659162961789e+00 7.745300830797944514e+00 2.977323546661726272e+00 -4.245247086733730413e+00 -7.967910806499562071e+00 -5.121593840551462939e+00 1.947116151081044411e+00 7.410566156761264622e+00 6.764526845082830420e+00 5.416120797930826791e-01 -6.127823659148822877e+00 -7.745300830785376789e+00 -2.977323546661113429e+00
4.322142554306838136e+00 8.053870966632375783e+00 5.145750601799908175e+00 -2.004678335203850192e+00 -7.502391323843960791e+00 -6.814911618961026818e+00 -5.090177667618079882e-01 6.216525346043773048e+00 7.816981604574745113e+00 2.972887663178772399e+00 -4.322142554294840622e+00 -8.053870966617711957e+00 -5.145750601794666146e+00 2.004678335195354766e+00 7.502391323828724978e+00 6.814911618951621897e+00 5.090177667659832039e-01 -6.216525346029460941e+00 -7.816981604562085906e+00 -2.972887663178226170e+00
3.088192703374242232e+00 5.457349227887414500e+00 3.327306082150147226e+00 -1.545866337984018513e+00 -5.144580953113552013e+00 -4.501951288945782004e+00 -1.477801952506402339e-01 4.328225250245737676e+00 5.235914136638810668e+00 1.826960973327177218e+00 -3.088192703365901792e+00 -5.457349227877602793e+00 -3.327306082146952892e+00 1.545866337977966687e+00 5.144580953103238485e+00 4.501951288939717521e+00 1.477801952538205787e-01 -4.328225250235933963e+00 -5.235914136630459126e+00 -1.826960973327179438e+00
-1.927118949570560513e+00 -4.162202596276949329e+00 -2.965843656719746591e+00 6.756442722256906785e-01 3.760111134738902017e+00 3.744631471734631845e+00 6.419671739737872196e-01 -2.989953797098029664e+00 -4.156868667913444781e+00 -1.896738400334947450e+00 1.927118949564765593e+00 4.162202596269131583e+00 2.965843656716351084e+00 -6.756442722218685137e-01 -3.760111134731008775e+00 -3.744631471729181094e+00 -6.419671739752702555e-01 2.989953797090836751e+00 4.156868667906467252e+00 1.896738400333949137e+00
8.248258538553655539e-01 3.091351273494385987e-03 -8.211917524786409572e-01 -9.684601540957173960e-01 -3.173014395422649181e-01 5.954499407071762729e-01 1.017294826794299389e+00 6.004518521391570829e-01 -3.114213399958072337e-01 -9.665495939363013544e-01 -8.248258538542723173e-01 -3.091351274131598492e-03 8.211917524767996523e-01 9.684601540941889519e-01 3.173014395423097156e-01 -5.954499407055947602e-01 -1.017294826792485951e+00 -6.004518521386053020e-01 3.114213399946433314e-01 9.665495939343793363e-01
-1.545153349817587785e+00 -3.553370342244607016e+00 -2.632084016392256753e+00 4.591700069834059317e-01 3.171870733191026748e+00 3.269587671312015331e+00 6.717600953587382628e-01 -2.479886317050019162e+00 -3.587041304406028086e+00 -1.736933639138114716e+00 1.545153349812773191e+00 3.553370342237854640e+00 2.632084016389134362e+00 -4.591700069803281714e-01 -3.171870733184281921e+00 -3.269587671307169430e+00 -6.717600953597840929e-01 2.479886317043944910e+00 3.587041304399928965e+00 1.736933639137028695e+00
-1.374099116176012159e-01 -7.025231035216500386e-01 -6.884555276719009909e-01 -1.068049085280783905e-01 5.628988274611652631e-01 7.685321671567764135e-01 3.405649200732068227e-01 -3.681740922221474754e-01 -7.733795234417405462e-01 -5.409880643859723559e-01 1.374099116168715495e-01 7.025231035201838781e-01 6.884555276709072302e-01 1.068049085283754723e-01 -5.628988274598214492e-01 -7.685321671554946610e-01 -3.405649200730436754e-01 3.681740922210580136e-01 7.733795234402961460e-01 5.409880643853651749e-01
-1.704550059298568732e+00 -4.159086224025494438e+00 -3.184749031691541443e+00 4.151891978623100110e-01 3.672833206519578120e+00 3.902485187982009940e+00 9.148132750526021262e-01 -2.827057684626123280e+00 -4.238218903858654407e+00 -2.155267450725002476e+00 1.704550059293070685e+00 4.159086224017509714e+00 3.184749031687653442e+00 -4.151891978589004051e-01 -3.672833206511677329e+00 -3.902485187976137304e+00 -9.148132750535973301e-01 2.827057684619082245e+00 4.238218903851367791e+00 2.155267450723488132e+00
5.972041127325513621e+00 1.154663205058330178e+01 7.601838938636301002e+00 -2.610134413713836921e+00 -1.067023596839742083e+01 -9.933480267695347976e+00 -1.007270442184540205e+00 8.749362845719534931e+00 1.129276333752253869e+01 4.526076649132112273e+00 -5.972041127308609809e+00 -1.154663205056210273e+01 -7.601838938628283415e+00 2.610134413702073886e+00 1.067023596837556632e+01 9.933480267681431997e+00 1.007270442190032034e+00 -8.749362845699165447e+00 -1.129276333750406991e+01 -4.526076649130804874e+00
-9.467539696142041050e-01 -3.697332266464275818e+00 -3.399720788491348955e+00 -2.992792163113823234e-01 3.047896969159211267e+00 3.882296994268370494e+00 1.516016867342147023e+00 -2.100112280566452938e+00 -3.984846920691929473e+00 -2.584356224685445458e+00 9.467539696100683022e-01 3.697332266456734295e+00 3.399720788486619405e+00 2.992792163133600747e-01 -3.047896969152152913e+00 -3.882296994262055101e+00 -1.516016867341780205e+00 2.100112280560571421e+00 3.984846920684645077e+00 2.584356224682771597e+00
-2.585473959271366695e+00 -5.860832089748031493e+00 -4.304347377761663651e+00 8.007682709622360173e-01 5.245706938110736850e+00 5.365930081177077149e+00 1.062322194987435742e+00 -4.117095442382113113e+00 -5.902258161612138565e+00 -2.821425162855714763e+00 2.585473959263376198e+00 5.860832089736923045e+00 4.304347377756595705e+00 -8.007682709570912438e-01 -5.245706938099614192e+00 -5.365930081169155486e+00 -1.062322194989241853e+00 4.117095442372068703e+00 5.902258161602130571e+00 2.821425162854009905e+00
