-1.050000000003679990e+00 1.050000000003370237e+00 -1.050000000003060485e+00 1.050000000002750733e+00 -1.050000000002440981e+00 1.050000000002131451e+00 -1.050000000001821476e+00 1.050000000001511946e+00 -1.050000000001202194e+00 1.050000000000892442e+00 -1.050000000000582467e+00 1.050000000000272937e+00 -1.049999999999963185e+00 1.049999999999653433e+00 -1.049999999999343459e+00 1.049999999999033928e+00 -1.049999999998724176e+00 1.049999999998414646e+00 -1.049999999998104672e+00 1.049999999997794919e+00
-1.650000000005589440e+00 1.650000000005102718e+00 -1.650000000004615774e+00 1.650000000004129275e+00 -1.650000000003642553e+00 1.650000000003156053e+00 -1.650000000002668887e+00 1.650000000002182388e+00 -1.650000000001695666e+00 1.650000000001208944e+00 -1.650000000000722000e+00 1.650000000000235501e+00 -1.649999999999748779e+00 1.649999999999262279e+00 -1.649999999998775113e+00 1.649999999998288613e+00 -1.649999999997801892e+00 1.649999999997315392e+00 -1.649999999996828226e+00 1.649999999996341726e+00
-8.000000000032168046e-01 8.000000000029807712e-01 -8.000000000027447378e-01 8.000000000025088154e-01 -8.000000000022728930e-01 8.000000000020369706e-01 -8.000000000018008262e-01 8.000000000015649038e-01 -8.000000000013289814e-01 8.000000000010929480e-01 -8.000000000008568035e-01 8.000000000006208811e-01 -8.000000000003848477e-01 8.000000000001490363e-01 -7.999999999999127809e-01 7.999999999996769695e-01 -7.999999999994409361e-01 7.999999999992051247e-01 -7.999999999989688693e-01 7.999999999987330579e-01
2.850000000010390000e+00 -2.850000000009549339e+00 2.850000000008708234e+00 -2.850000000007868017e+00 2.850000000007027356e+00 -2.850000000006187140e+00 2.850000000005345591e+00 -2.850000000004505374e+00 2.850000000003664713e+00 -2.850000000002824052e+00 2.850000000001982947e+00 -2.850000000001142286e+00 2.850000000000301625e+00 -2.849999999999461409e+00 2.849999999998619860e+00 -2.849999999997779643e+00 2.849999999996938982e+00 -2.849999999996098321e+00 2.849999999995257216e+00 -2.849999999994416555e+00
2.700000000010054357e+00 -2.700000000009257661e+00 2.700000000008460965e+00 -2.700000000007665157e+00 2.700000000006868461e+00 -2.700000000006072209e+00 2.700000000005275069e+00 -2.700000000004479261e+00 2.700000000003682565e+00 -2.700000000002886313e+00 2.700000000002089617e+00 -2.700000000001292921e+00 2.700000000000496669e+00 -2.699999999999700417e+00 2.699999999998903277e+00 -2.699999999998107469e+00 2.699999999997310773e+00 -2.699999999996514521e+00 2.699999999995717381e+00 -2.699999999994921573e+00
5.100000000018727775e+00 -5.100000000017223201e+00 5.100000000015718626e+00 -5.100000000014214940e+00 5.100000000012710366e+00 -5.100000000011206680e+00 5.100000000009701218e+00 -5.100000000008197532e+00 5.100000000006692957e+00 -5.100000000005188383e+00 5.100000000003683809e+00 -5.100000000002179235e+00 5.100000000000674660e+00 -5.099999999999170974e+00 5.099999999997665512e+00 -5.099999999996161826e+00 5.099999999994657252e+00 -5.099999999993153565e+00 5.099999999991647215e+00 -5.099999999990143529e+00
5.250000000019210411e+00 -5.250000000017662316e+00 5.250000000016112445e+00 -5.250000000014564350e+00 5.250000000013016255e+00 -5.250000000011468160e+00 5.250000000009918288e+00 -5.250000000008370193e+00 5.250000000006821210e+00 -5.250000000005273115e+00 5.250000000003723244e+00 -5.250000000002175149e+00 5.250000000000626166e+00 -5.249999999999078071e+00 5.249999999997528199e+00 -5.249999999995980104e+00 5.249999999994432009e+00 -5.249999999992883915e+00 5.249999999991334043e+00 -5.249999999989785948e+00
-1.200000000004720846e+00 1.200000000004366907e+00 -1.200000000004012746e+00 1.200000000003659029e+00 -1.200000000003305090e+00 1.200000000002951150e+00 -1.200000000002596989e+00 1.200000000002243050e+00 -1.200000000001889111e+00 1.200000000001535172e+00 -1.200000000001181011e+00 1.200000000000827072e+00 -1.200000000000473133e+00 1.200000000000119194e+00 -1.199999999999765032e+00 1.199999999999411093e+00 -1.199999999999057154e+00 1.199999999998703215e+00 -1.199999999998349054e+00 1.199999999997995115e+00
-3.000000000013586798e-01 3.000000000012701951e-01 -3.000000000011816548e-01 3.000000000010932255e-01 -3.000000000010046852e-01 3.000000000009162560e-01 -3.000000000008276602e-01 3.000000000007392309e-01 -3.000000000006507461e-01 3.000000000005622613e-01 -3.000000000004737211e-01 3.000000000003852363e-01 -3.000000000002966960e-01 3.000000000002082667e-01 -3.000000000001196709e-01 3.000000000000312417e-01 -2.999999999999427569e-01 2.999999999998542721e-01 -2.999999999997657318e-01 2.999999999996772471e-01
-3.500000000017191026e-01 3.500000000016158519e-01 -3.500000000015125456e-01 3.500000000014093504e-01 -3.500000000013060997e-01 3.500000000012029044e-01 -3.500000000010995982e-01 3.500000000009964030e-01 -3.500000000008931522e-01 3.500000000007899015e-01 -3.500000000006865952e-01 3.500000000005833445e-01 -3.500000000004801493e-01 3.500000000003769540e-01 -3.500000000002735923e-01 3.500000000001703970e-01 -3.500000000000671463e-01 3.499999999999639511e-01 -3.499999999998606448e-01 3.499999999997574496e-01
-6.500000000023593572e+00 6.500000000021675994e+00 -6.500000000019757529e+00 6.500000000017840840e+00 -6.500000000015924151e+00 6.500000000014007462e+00 -6.500000000012088108e+00 6.500000000010171419e+00 -6.500000000008254730e+00 6.500000000006337153e+00 -6.500000000004418688e+00 6.500000000002501110e+00 -6.500000000000584421e+00 6.499999999998667732e+00 -6.499999999996748379e+00 6.499999999994831690e+00 -6.499999999992915001e+00 6.499999999990998312e+00 -6.499999999989078958e+00 6.499999999987162269e+00
-6.750000000024555469e+00 6.750000000022564173e+00 -6.750000000020571989e+00 6.750000000018581581e+00 -6.750000000016590285e+00 6.750000000014600765e+00 -6.750000000012607693e+00 6.750000000010617285e+00 -6.750000000008625989e+00 6.750000000006635581e+00 -6.750000000004643397e+00 6.750000000002652101e+00 -6.750000000000660805e+00 6.749999999998670397e+00 -6.749999999996678213e+00 6.749999999994687805e+00 -6.749999999992696509e+00 6.749999999990706101e+00 -6.749999999988713029e+00 6.749999999986723509e+00
-1.300000000004634337e+00 1.300000000004250866e+00 -1.300000000003867173e+00 1.300000000003483924e+00 -1.300000000003100453e+00 1.300000000002717204e+00 -1.300000000002333289e+00 1.300000000001950040e+00 -1.300000000001566569e+00 1.300000000001183098e+00 -1.300000000000799405e+00 1.300000000000415934e+00 -1.300000000000032463e+00 1.299999999999649214e+00 -1.299999999999265521e+00 1.299999999998882050e+00 -1.299999999998498579e+00 1.299999999998115330e+00 -1.299999999997731637e+00 1.299999999997348166e+00
2.150000000007787015e+00 -2.150000000007152856e+00 2.150000000006518697e+00 -2.150000000005884537e+00 2.150000000005250378e+00 -2.150000000004616663e+00 2.150000000003981615e+00 -2.150000000003347900e+00 2.150000000002713740e+00 -2.150000000002079137e+00 2.150000000001444977e+00 -2.150000000000810818e+00 2.150000000000176659e+00 -2.149999999999542499e+00 2.149999999998907896e+00 -2.149999999998273736e+00 2.149999999997639577e+00 -2.149999999997005862e+00 2.149999999996370814e+00 -2.149999999995737099e+00
-1.050000000004194245e+00 1.050000000003884715e+00 -1.050000000003574741e+00 1.050000000003265210e+00 -1.050000000002955458e+00 1.050000000002645928e+00 -1.050000000002335732e+00 1.050000000002026201e+00 -1.050000000001716449e+00 1.050000000001406697e+00 -1.050000000001096945e+00 1.050000000000787193e+00 -1.050000000000477440e+00 1.050000000000167910e+00 -1.049999999999857936e+00 1.049999999999548184e+00 -1.049999999999238653e+00 1.049999999998928901e+00 -1.049999999998618927e+00 1.049999999998309397e+00
-1.100000000003978462e+00 1.100000000003654055e+00 -1.100000000003329426e+00 1.100000000003005018e+00 -1.100000000002680611e+00 1.100000000002356204e+00 -1.100000000002031575e+00 1.100000000001707168e+00 -1.100000000001382761e+00 1.100000000001058131e+00 -1.100000000000733502e+00 1.100000000000409095e+00 -1.100000000000084688e+00 1.099999999999760281e+00 -1.099999999999435651e+00 1.099999999999111244e+00 -1.099999999998786837e+00 1.099999999998462430e+00 -1.099999999998137579e+00 1.099999999997813394e+00
-2.100000000006617018e+00 2.100000000005997514e+00 -2.100000000005378009e+00 2.100000000004758505e+00 -2.100000000004139000e+00 2.100000000003519940e+00 -2.100000000002899991e+00 2.100000000002280931e+00 -2.100000000001661427e+00 2.100000000001041922e+00 -2.100000000000421974e+00 2.099999999999802469e+00 -2.099999999999183409e+00 2.099999999998563904e+00 -2.099999999997943956e+00 2.099999999997324895e+00 -2.099999999996705391e+00 2.099999999996086331e+00 -2.099999999995466382e+00 2.099999999994846878e+00
-3.500000000015650592e-01 3.500000000014618085e-01 -3.500000000013585022e-01 3.500000000012553070e-01 -3.500000000011520562e-01 3.500000000010488610e-01 -3.500000000009455547e-01 3.500000000008423595e-01 -3.500000000007391088e-01 3.500000000006358580e-01 -3.500000000005325518e-01 3.500000000004293566e-01 -3.500000000003261058e-01 3.500000000002229106e-01 -3.500000000001195488e-01 3.500000000000163536e-01 -3.499999999999131028e-01 3.499999999998099076e-01 -3.499999999997066014e-01 3.499999999996034061e-01
-4.500000000016854962e-01 4.500000000015527690e-01 -4.500000000014199308e-01 4.500000000012872592e-01 -4.500000000011545320e-01 4.500000000010218604e-01 -4.500000000008889667e-01 4.500000000007562950e-01 -4.500000000006235679e-01 4.500000000004908407e-01 -4.500000000003580025e-01 4.500000000002252754e-01 -4.500000000000925482e-01 4.499999999999598765e-01 -4.499999999998269828e-01 4.499999999996943112e-01 -4.499999999995615840e-01 4.499999999994289124e-01 -4.499999999992960187e-01 4.499999999991633470e-01
-4.500000000018921642e-01 4.500000000017594370e-01 -4.500000000016265989e-01 4.500000000014939272e-01 -4.500000000013612000e-01 4.500000000012285284e-01 -4.500000000010956347e-01 4.500000000009629630e-01 -4.500000000008302359e-01 4.500000000006975087e-01 -4.500000000005646705e-01 4.500000000004319434e-01 -4.500000000002992162e-01 4.500000000001665446e-01 -4.500000000000336509e-01 4.499999999999009792e-01 -4.499999999997682520e-01 4.499999999996355804e-01 -4.499999999995026867e-01 4.499999999993700150e-01
