-2.438899977272277031e+00 3.678776872176047763e-01 2.006433818884604481e+00 -2.726582104100532700e+00 1.198855681025408293e+00 1.317242726233107897e+00 -2.747367377364545504e+00 1.912481327855917179e+00 4.991107377676807233e-01 -2.499221189697603762e+00 2.438899977274950892e+00 -3.678776872198621373e-01 -2.006433818884624465e+00 2.726582104102814430e+00 -1.198855681028069720e+00 -1.317242726232251693e+00 2.747367377366210839e+00 -1.912481327858714941e+00 -4.991107377660484179e-01 2.499221189698484391e+00
-2.425513271000469651e+00 2.401183528677304224e-01 2.143237217759939028e+00 -2.759644810395481151e+00 1.100919824472156971e+00 1.465435936833344943e+00 -2.823643088172693716e+00 1.853955593097984744e+00 6.441875761164386205e-01 -2.611243507000930109e+00 2.425513271003241655e+00 -2.401183528699534497e-01 -2.143237217760098012e+00 2.759644810397890780e+00 -1.100919824474830611e+00 -1.465435936832602426e+00 2.823643088174505600e+00 -1.853955593100840460e+00 -6.441875761148841972e-01 2.611243507001961284e+00
3.676637618321151102e+00 -7.623379975014387133e-01 -2.780455553934472412e+00 4.030959536016865741e+00 -1.958221581782793042e+00 -1.728932003031511178e+00 3.990703048980229983e+00 -2.962420793907419192e+00 -5.081685414935173117e-01 3.559808742645667490e+00 -3.676637618324995138e+00 7.623379975048779622e-01 2.780455553934273016e+00 -4.030959536020071177e+00 1.958221581786760090e+00 1.728932003030039688e+00 -3.990703048982483292e+00 2.962420793911515471e+00 5.081685414909424825e-01 -3.559808742646739077e+00
3.314331954134533742e+00 -5.673964581824729736e-01 -2.647317413489605809e+00 3.679504725755573080e+00 -1.678199813589933198e+00 -1.706662524099474165e+00 3.684501938202347393e+00 -2.624729278537771382e+00 -5.989476158328111977e-01 3.328834429502788961e+00 -3.314331954138106884e+00 5.673964581855522882e-01 2.647317413489558291e+00 -3.679504725758597328e+00 1.678199813593535206e+00 1.706662524098251810e+00 -3.684501938204527427e+00 2.624729278541534150e+00 5.989476158305557796e-01 -3.328834429503902737e+00
2.137136187067267823e+00 -4.674305340667396225e-01 -1.587638638276227088e+00 2.333811689164064340e+00 -1.155921546760862340e+00 -9.749444131778823852e-01 2.302037442503017672e+00 -1.731262904679154335e+00 -2.668158360801223816e-01 2.044923731731414840e+00 -2.137136187069480275e+00 4.674305340687430199e-01 1.587638638276084535e+00 -2.333811689165900205e+00 1.155921546763162944e+00 9.749444131770059752e-01 -2.302037442504297537e+00 1.731262904681521109e+00 2.668158360786123673e-01 -2.044923731732007699e+00
-2.184684449306276921e+00 4.813008968332674886e-01 1.618881311159016789e+00 -2.384410016656004050e+00 1.184160775258932263e+00 9.923455365752579249e-01 -2.350732918413692474e+00 1.771106746469102156e+00 2.686720667931842277e-01 -2.086949703597348993e+00 2.184684449308535559e+00 -4.813008968353160721e-01 -1.618881311158866909e+00 2.384410016657876774e+00 -1.184160775261283050e+00 -9.923455365743589773e-01 2.350732918414996320e+00 -1.771106746471519777e+00 -2.686720667916386307e-01 2.086949703597950734e+00
7.583192701997361340e-02 1.494263747569251830e-02 -9.339805089711708530e-02 9.485335634469849175e-02 -1.810875708260173064e-02 -7.356523564370788526e-02 1.045898782682031375e-01 -4.938754032653243364e-02 -4.653134256633686960e-02 1.040884141862723350e-01 -7.583192702008047237e-02 -1.494263747562693534e-02 9.339805089714683928e-02 -9.485335634479906408e-02 1.810875708269019113e-02 7.356523564370419377e-02 -1.045898782682875977e-01 4.938754032663478233e-02 4.653134256630059307e-02 -1.040884141863322870e-01
-1.903124557496688185e+00 3.741907354882912373e-01 1.463236965767898523e+00 -2.094328953663751047e+00 9.987943790576737646e-01 9.201757414984076400e-01 -2.080525839798108567e+00 1.525629069795361836e+00 2.870413044093003130e-01 -1.863066360856796333e+00 1.903124557498696134e+00 -3.741907354900679272e-01 -1.463236965767817699e+00 2.094328953665432813e+00 -9.987943790597315630e-01 -9.201757414976637905e-01 2.080525839799300059e+00 -1.525629069797494131e+00 -2.870413044079787035e-01 1.863066360857376313e+00
-3.361968861327807589e-01 2.379333001462727581e-01 5.648951642226512915e-02 -3.043407094705992688e-01 3.012844449758808607e-01 -4.984039753331007128e-02 -2.426935436989655914e-01 3.351437691590675172e-01 -1.512915861198930456e-01 -1.572898429246648300e-01 3.361968861329809877e-01 -2.379333001466166220e-01 -5.648951642206101464e-02 3.043407094707032967e-01 -3.012844449762072108e-01 4.984039753359090219e-02 2.426935436989633155e-01 -3.351437691593441293e-01 1.512915861202208667e-01 1.572898429245551677e-01
-2.373565235640218152e+00 7.472828251441896441e-01 1.495081587817983060e+00 -2.504856641731443290e+00 1.449553998415495037e+00 8.008037163910748379e-01 -2.390955227367215219e+00 2.009932726685384807e+00 2.813759767581525129e-02 -2.043010456583239431e+00 2.373565235642470128e+00 -7.472828251464544991e-01 -1.495081587817572721e+00 2.504856641733225420e+00 -1.449553998418000811e+00 -8.008037163899028865e-01 2.390955227368354308e+00 -2.009932726687880589e+00 -2.813759767401285972e-02 2.043010456583616019e+00
5.014433381117718191e+00 -9.764694381910145049e-01 -3.866524710952238486e+00 5.521841843636211777e+00 -2.624789691410016612e+00 -2.436216501676224500e+00 5.488733953564564949e+00 -4.016177241648956731e+00 -7.674344470966918408e-01 4.918350541859002334e+00 -5.014433381123017064e+00 9.764694381956940950e-01 3.866524710952036425e+00 -5.521841843640654446e+00 2.624789691415440718e+00 2.436216501674272283e+00 -5.488733953567716206e+00 4.016177241654580676e+00 7.674344470932148443e-01 -4.918350541860541547e+00
-2.317835833761780595e+00 2.355288675819238453e-01 2.040955044054456380e+00 -2.634815418556653910e+00 1.056456247026626993e+00 1.392876615167802701e+00 -2.693880912344440048e+00 1.773970328249050876e+00 6.084537184460047099e-01 -2.489250573059578642e+00 2.317835833764423814e+00 -2.355288675840492285e-01 -2.040955044054601597e+00 2.634815418558949851e+00 -1.056456247029180950e+00 -1.392876615167087939e+00 2.693880912346164003e+00 -1.773970328251776030e+00 -6.084537184445161229e-01 2.489250573060556526e+00
-2.817312445231770379e+00 7.170626796143382276e-01 1.974354709138762098e+00 -3.038055841266753543e+00 1.597094129136770180e+00 1.160559090007892591e+00 -2.961413164178451574e+00 2.320790877690302789e+00 2.331598610558742457e-01 -2.594886733201086315e+00 2.817312445234596563e+00 -7.170626796169967676e-01 -1.974354709138462560e+00 3.038055841269060142e+00 -1.597094129139781105e+00 -1.160559090006649585e+00 2.961413164180013435e+00 -2.320790877693364340e+00 -2.331598610538282434e-01 2.594886733201743123e+00
-1.574124821471707625e+00 7.431730034928615836e-02 1.486759595200912942e+00 -1.822108027876441882e+00 6.552568585382334554e-01 1.051807392052029222e+00 -1.891730605139316346e+00 1.172055309970614356e+00 5.138969529957273519e-01 -1.776177410308735993e+00 1.574124821473579905e+00 -7.431730035071465457e-02 -1.486759595201106121e+00 1.822108027878097669e+00 -6.552568585399864975e-01 -1.051807392051618439e+00 1.891730605140593324e+00 -1.172055309972515058e+00 -5.138969529947634562e-01 1.776177410309505822e+00
-2.169691176305553526e+00 5.060961105858550191e-01 1.574739516215865276e+00 -2.357313438253980209e+00 1.196448631857491840e+00 9.508037163913916068e-01 -2.314185436497320669e+00 1.769684424895228592e+00 2.337966241670881018e-01 -2.044528840337885178e+00 2.169691176307771308e+00 -5.060961105878943878e-01 -1.574739516215685420e+00 2.357313438255808524e+00 -1.196448631859820644e+00 -9.508037163904743405e-01 2.314185436498580994e+00 -1.769684424897613351e+00 -2.337966241655377586e-01 2.044528840338448283e+00
-2.763288405767927003e+00 2.908990954439976129e-01 2.421316009353853271e+00 -3.137326778320240095e+00 1.266832814484224468e+00 1.648075487372440806e+00 -3.204261746769233810e+00 2.118760111099720067e+00 7.135098538693063208e-01 -2.957541250039632530e+00 2.763288405771069378e+00 -2.908990954465331402e-01 -2.421316009354014920e+00 3.137326778322966359e+00 -1.266832814487266923e+00 -1.648075487371579939e+00 3.204261746771276620e+00 -2.118760111102963251e+00 -7.135098538675259672e-01 2.957541250040785830e+00
-2.977838390167275584e+00 5.990372358875140080e-01 2.273627884510118324e+00 -3.271847115320016819e+00 1.572659079771770774e+00 1.423075487372764014e+00 -3.245584648525545290e+00 2.392338095568018463e+00 4.332225463808391241e-01 -2.901621743014939803e+00 2.977838390170405081e+00 -5.990372358902963379e-01 -2.273627884509977104e+00 3.271847115322633393e+00 -1.572659079774987978e+00 -1.423075487371588066e+00 3.245584648527393146e+00 -2.392338095571346912e+00 -4.332225463787637842e-01 2.901621743015830202e+00
-8.212643661803257222e-01 -2.006031971108387102e-01 1.057087567829423591e+00 -1.042077768393053772e+00 1.679483201772137280e-01 8.446426768982455702e-01 -1.160885338052656701e+00 5.200598857216960358e-01 5.495182757804722984e-01 -1.166057362459778979e+00 8.212643661815178797e-01 2.006031971101352451e-01 -1.057087567829788854e+00 1.042077768394186643e+00 -1.679483201781801771e-01 -8.446426768982393529e-01 1.160885338053619487e+00 -5.200598857228271310e-01 -5.495182757801008178e-01 1.166057362460476199e+00
-2.438309033799762382e+00 1.760835717481612495e-01 2.231310380510965086e+00 -2.799146241651535583e+00 1.059283379194634556e+00 1.553883945073433859e+00 -2.885983512571518084e+00 1.838793149024462004e+00 7.243525225455275107e-01 -2.690320609451090306e+00 2.438309033802607662e+00 -1.760835717503845821e-01 -2.231310380511196456e+00 2.799146241654031808e+00 -1.059283379197336838e+00 -1.553883945072744632e+00 2.885983512573420562e+00 -1.838793149027370566e+00 -7.243525225440008430e-01 2.690320609452207634e+00
-2.513162729076617641e+00 3.008988314060498936e-01 2.159434938011881133e+00 -2.839466851103512823e+00 1.178558540892370221e+00 1.453988192503934851e+00 -2.887824174015231282e+00 1.940852728896131918e+00 6.062149521817542519e-01 -2.653501146119769949e+00 2.513162729079443380e+00 -3.008988314083622662e-01 -2.159434938011987715e+00 2.839466851105951317e+00 -1.178558540895129791e+00 -1.453988192503120391e+00 2.887824174017044498e+00 -1.940852728899060020e+00 -6.062149521801151186e-01 2.653501146120774035e+00
