2.349999999985179056e+00 -2.349999999987411048e+00 2.349999999989643484e+00 -2.349999999991875921e+00 2.349999999994107913e+00 -2.349999999996340350e+00 2.349999999998572786e+00 -2.350000000000804778e+00 2.350000000003037215e+00 -2.350000000005269651e+00 2.350000000007501644e+00 -2.350000000009734080e+00 2.350000000011966517e+00 -2.350000000014198953e+00 2.350000000016430945e+00 -2.350000000018662938e+00 2.350000000020895818e+00 -2.350000000023127811e+00 2.350000000025359803e+00 -2.350000000027592684e+00
-4.999999999974364506e+00 4.999999999979113596e+00 -4.999999999983863574e+00 4.999999999988613553e+00 -4.999999999993362643e+00 4.999999999998112621e+00 -5.000000000002861711e+00 5.000000000007610801e+00 -5.000000000012360779e+00 5.000000000017109869e+00 -5.000000000021859847e+00 5.000000000026609825e+00 -5.000000000031358915e+00 5.000000000036108894e+00 -5.000000000040857984e+00 5.000000000045607074e+00 -5.000000000050357052e+00 5.000000000055107030e+00 -5.000000000059856120e+00 5.000000000064606098e+00
5.000000000100812692e-02 -5.000000000105561671e-02 5.000000000110312037e-02 -5.000000000115061016e-02 5.000000000119809995e-02 -5.000000000124560362e-02 5.000000000129309341e-02 -5.000000000134059014e-02 5.000000000138808687e-02 -5.000000000143558360e-02 5.000000000148307339e-02 -5.000000000153057705e-02 5.000000000157806684e-02 -5.000000000162557051e-02 5.000000000167306030e-02 -5.000000000172055009e-02 5.000000000176805376e-02 -5.000000000181554355e-02 5.000000000186304028e-02 -5.000000000191053701e-02
-2.449999999987642063e+00 2.449999999989969091e+00 -2.449999999992296562e+00 2.449999999994623590e+00 -2.449999999996951061e+00 2.449999999999278533e+00 -2.450000000001605560e+00 2.450000000003932588e+00 -2.450000000006260059e+00 2.450000000008587087e+00 -2.450000000010914558e+00 2.450000000013242030e+00 -2.450000000015569057e+00 2.450000000017896529e+00 -2.450000000020223556e+00 2.450000000022551028e+00 -2.450000000024878499e+00 2.450000000027205527e+00 -2.450000000029532554e+00 2.450000000031860026e+00
-2.599999999984932586e+00 2.599999999987402166e+00 -2.599999999989872190e+00 2.599999999992342214e+00 -2.599999999994811795e+00 2.599999999997281819e+00 -2.599999999999751399e+00 2.600000000002220979e+00 -2.600000000004691003e+00 2.600000000007160583e+00 -2.600000000009630163e+00 2.600000000012100188e+00 -2.600000000014569768e+00 2.600000000017039792e+00 -2.600000000019509372e+00 2.600000000021978952e+00 -2.600000000024448976e+00 2.600000000026918556e+00 -2.600000000029388136e+00 2.600000000031858161e+00
2.749999999985014210e+00 -2.749999999987626342e+00 2.749999999990238919e+00 -2.749999999992851052e+00 2.749999999995463185e+00 -2.749999999998075761e+00 2.750000000000687894e+00 -2.750000000003300027e+00 2.750000000005912604e+00 -2.750000000008524736e+00 2.750000000011136869e+00 -2.750000000013749002e+00 2.750000000016361135e+00 -2.750000000018973711e+00 2.750000000021585844e+00 -2.750000000024197977e+00 2.750000000026810554e+00 -2.750000000029422687e+00 2.750000000032034819e+00 -2.750000000034647396e+00
3.399999999980443999e+00 -3.399999999983673860e+00 3.399999999986903720e+00 -3.399999999990133137e+00 3.399999999993362554e+00 -3.399999999996592859e+00 3.399999999999822275e+00 -3.400000000003051692e+00 3.400000000006281553e+00 -3.400000000009511414e+00 3.400000000012740831e+00 -3.400000000015970691e+00 3.400000000019200108e+00 -3.400000000022430413e+00 3.400000000025659830e+00 -3.400000000028889247e+00 3.400000000032119107e+00 -3.400000000035348968e+00 3.400000000038578385e+00 -3.400000000041808246e+00
1.899999999989369970e+00 -1.899999999991174748e+00 1.899999999992979749e+00 -1.899999999994784305e+00 1.899999999996589084e+00 -1.899999999998394085e+00 1.900000000000198863e+00 -1.900000000002003642e+00 1.900000000003808642e+00 -1.900000000005613199e+00 1.900000000007417977e+00 -1.900000000009222978e+00 1.900000000011027756e+00 -1.900000000012832757e+00 1.900000000014637536e+00 -1.900000000016442314e+00 1.900000000018247315e+00 -1.900000000020051871e+00 1.900000000021856650e+00 -1.900000000023661650e+00
-2.249999999988374189e+00 2.249999999990511146e+00 -2.249999999992648991e+00 2.249999999994785949e+00 -2.249999999996923350e+00 2.249999999999060751e+00 -2.250000000001197709e+00 2.250000000003335110e+00 -2.250000000005472511e+00 2.250000000007609913e+00 -2.250000000009746870e+00 2.250000000011884271e+00 -2.250000000014021673e+00 2.250000000016159074e+00 -2.250000000018296475e+00 2.250000000020433433e+00 -2.250000000022570834e+00 2.250000000024708235e+00 -2.250000000026845193e+00 2.250000000028982594e+00
1.999999999983122501e-01 -1.999999999985022092e-01 1.999999999986922239e-01 -1.999999999988821830e-01 1.999999999990721700e-01 -1.999999999992621569e-01 1.999999999994521438e-01 -1.999999999996421030e-01 1.999999999998320899e-01 -2.000000000000220768e-01 2.000000000002120359e-01 -2.000000000004020506e-01 2.000000000005920098e-01 -2.000000000007820244e-01 2.000000000009719836e-01 -2.000000000011619705e-01 2.000000000013519574e-01 -2.000000000015419443e-01 2.000000000017319035e-01 -2.000000000019218904e-01
-2.399999999986438759e+00 2.399999999988718713e+00 -2.399999999990998667e+00 2.399999999993278177e+00 -2.399999999995557687e+00 2.399999999997838085e+00 -2.400000000000117595e+00 2.400000000002397105e+00 -2.400000000004677059e+00 2.400000000006957013e+00 -2.400000000009236523e+00 2.400000000011516477e+00 -2.400000000013795987e+00 2.400000000016076385e+00 -2.400000000018355895e+00 2.400000000020635404e+00 -2.400000000022915358e+00 2.400000000025195313e+00 -2.400000000027474822e+00 2.400000000029754776e+00
-5.999999999963832042e-01 5.999999999969530817e-01 -5.999999999975230702e-01 5.999999999980929477e-01 -5.999999999986629362e-01 5.999999999992329247e-01 -5.999999999998028022e-01 6.000000000003727907e-01 -6.000000000009427792e-01 6.000000000015126567e-01 -6.000000000020825341e-01 6.000000000026525226e-01 -6.000000000032225111e-01 6.000000000037924996e-01 -6.000000000043623771e-01 6.000000000049322546e-01 -6.000000000055023541e-01 6.000000000060722316e-01 -6.000000000066421091e-01 6.000000000072120976e-01
-2.349999999986769783e+00 2.349999999989002220e+00 -2.349999999991234656e+00 2.349999999993466648e+00 -2.349999999995699085e+00 2.349999999997931521e+00 -2.350000000000163514e+00 2.350000000002395506e+00 -2.350000000004628387e+00 2.350000000006860379e+00 -2.350000000009092371e+00 2.350000000011325252e+00 -2.350000000013557244e+00 2.350000000015789681e+00 -2.350000000018021673e+00 2.350000000020254110e+00 -2.350000000022486546e+00 2.350000000024718538e+00 -2.350000000026950975e+00 2.350000000029183411e+00
4.699999999973655918e+00 -4.699999999978119902e+00 4.699999999982584775e+00 -4.699999999987049648e+00 4.699999999991513633e+00 -4.699999999995978506e+00 4.700000000000443379e+00 -4.700000000004907363e+00 4.700000000009372236e+00 -4.700000000013836221e+00 4.700000000018301094e+00 -4.700000000022765967e+00 4.700000000027229952e+00 -4.700000000031695713e+00 4.700000000036159697e+00 -4.700000000040623682e+00 4.700000000045088555e+00 -4.700000000049553428e+00 4.700000000054017413e+00 -4.700000000058482286e+00
-2.299999999987334842e+00 2.299999999989519761e+00 -2.299999999991704680e+00 2.299999999993889155e+00 -2.299999999996074074e+00 2.299999999998258993e+00 -2.300000000000443467e+00 2.300000000002628386e+00 -2.300000000004813305e+00 2.300000000006997780e+00 -2.300000000009182699e+00 2.300000000011367618e+00 -2.300000000013552093e+00 2.300000000015737456e+00 -2.300000000017921931e+00 2.300000000020106850e+00 -2.300000000022291768e+00 2.300000000024476243e+00 -2.300000000026661162e+00 2.300000000028846081e+00
-2.399999999987171506e+00 2.399999999989451016e+00 -2.399999999991730970e+00 2.399999999994010480e+00 -2.399999999996290434e+00 2.399999999998570388e+00 -2.400000000000849898e+00 2.400000000003129852e+00 -2.400000000005409806e+00 2.400000000007689316e+00 -2.400000000009968826e+00 2.400000000012248780e+00 -2.400000000014528734e+00 2.400000000016808688e+00 -2.400000000019088198e+00 2.400000000021368152e+00 -2.400000000023648106e+00 2.400000000025927616e+00 -2.400000000028207126e+00 2.400000000030487080e+00
-2.349999999985634691e+00 2.349999999987866683e+00 -2.349999999990099120e+00 2.349999999992331556e+00 -2.349999999994563549e+00 2.349999999996795985e+00 -2.349999999999028422e+00 2.350000000001260414e+00 -2.350000000003492850e+00 2.350000000005725287e+00 -2.350000000007957279e+00 2.350000000010189716e+00 -2.350000000012422152e+00 2.350000000014654589e+00 -2.350000000016886581e+00 2.350000000019118573e+00 -2.350000000021351454e+00 2.350000000023583446e+00 -2.350000000025815439e+00 2.350000000028048319e+00
-2.499999999984985344e+00 2.499999999987359889e+00 -2.499999999989734878e+00 2.499999999992109423e+00 -2.499999999994483968e+00 2.499999999996858957e+00 -2.499999999999233946e+00 2.500000000001608491e+00 -2.500000000003983480e+00 2.500000000006358025e+00 -2.500000000008732570e+00 2.500000000011107559e+00 -2.500000000013482104e+00 2.500000000015857538e+00 -2.500000000018232083e+00 2.500000000020606628e+00 -2.500000000022981617e+00 2.500000000025356162e+00 -2.500000000027730707e+00 2.500000000030105696e+00
-3.049999999983000087e+00 3.049999999985897325e+00 -3.049999999988794563e+00 3.049999999991691801e+00 -3.049999999994589039e+00 3.049999999997486277e+00 -3.050000000000383515e+00 3.050000000003280309e+00 -3.050000000006177991e+00 3.050000000009075229e+00 -3.050000000011972023e+00 3.050000000014869705e+00 -3.050000000017766499e+00 3.050000000020664181e+00 -3.050000000023561419e+00 3.050000000026458213e+00 -3.050000000029355895e+00 3.050000000032252689e+00 -3.050000000035149927e+00 3.050000000038047610e+00
-3.199999999981977705e+00 3.199999999985017052e+00 -3.199999999988057287e+00 3.199999999991096633e+00 -3.199999999994136424e+00 3.199999999997176214e+00 -3.200000000000215561e+00 3.200000000003255352e+00 -3.200000000006295142e+00 3.200000000009334933e+00 -3.200000000012374279e+00 3.200000000015414514e+00 -3.200000000018453861e+00 3.200000000021494095e+00 -3.200000000024533442e+00 3.200000000027573233e+00 -3.200000000030613023e+00 3.200000000033652370e+00 -3.200000000036692160e+00 3.200000000039731951e+00
