2.959435255849039992e-01 -2.452669434979945773e-01 1.705819241062609681e-01 -7.919915746897622510e-02 -1.993617451415796715e-02 1.171200148321078771e-01 -2.028393320748937967e-01 2.687033222291884682e-01 -3.082647590373122637e-01 3.176510934237964934e-01 -2.959435255805240583e-01 2.452669434935945136e-01 -1.705819241022708266e-01 7.919915746578636007e-02 1.993617451623307113e-02 -1.171200148328672974e-01 2.028393320742630790e-01 -2.687033222272293687e-01 3.082647590342157962e-01 -3.176510934198658598e-01
2.638433327171874954e+00 -2.420270402762096040e+00 1.965194548314212364e+00 -1.317751759162218539e+00 5.413182465081507466e-01 2.881032676984623953e-01 -1.089323226727177296e+00 1.783912638560350761e+00 -2.303880252078783997e+00 2.598328014444136524e+00 -2.638433327138333784e+00 2.420270402725320125e+00 -1.965194548277798381e+00 1.317751759129728528e+00 -5.413182464827821505e-01 -2.881032677142431053e-01 1.089323226731825134e+00 -1.783912638553412755e+00 2.303880252060931610e+00 -2.598328014417112364e+00
2.372810981117132290e+00 -2.250297010610708082e+00 1.907508289964045867e+00 -1.377999367504134876e+00 7.136022658675718056e-01 2.064719751010790638e-02 -7.528755693362572110e-01 1.411407234841234537e+00 -1.931780526345469262e+00 2.263057680422758899e+00 -2.372810981088704807e+00 2.250297010578408141e+00 -1.907508289931032497e+00 1.377999367473638159e+00 -7.136022658425908993e-01 -2.064719752714161416e-02 7.528755693436767205e-01 -1.411407234838315539e+00 1.931780526332489867e+00 -2.263057680400985205e+00
-5.112138363212932468e+00 4.473934429980552352e+00 -3.397790623007591382e+00 1.989047396056758510e+00 -3.856023514744778002e-01 -1.255588137915993219e+00 2.773872912165954219e+00 -4.020631679059546215e+00 4.873823003814356625e+00 -5.249930575030514746e+00 5.112138363142863184e+00 -4.473934429907033383e+00 3.397790622937812088e+00 -1.989047395997544099e+00 3.856023514316595513e-01 1.255588137938258519e+00 -2.773872912165485705e+00 4.020631679036392292e+00 -4.873823003770768381e+00 5.249930574970757213e+00
7.280071145354106710e-01 -7.708764473165308218e-01 7.382870224219187927e-01 -6.334289198243245878e-01 4.665663811955685358e-01 -2.540330744165054666e-01 1.663324036147173501e-02 2.223947711501813029e-01 -4.396532329455290489e-01 6.138753730553068166e-01 -7.280071145285852419e-01 7.708764473074651846e-01 -7.382870224115004598e-01 6.334289198135726329e-01 -4.665663811855388921e-01 2.540330744081765180e-01 -1.663324035565832970e-02 -2.223947711529113413e-01 4.396532329449058807e-01 -6.138753730513879514e-01
-2.523236515867156804e+00 2.225521789031629449e+00 -1.709957483363569564e+00 1.027010625250198039e+00 -2.435328115348373013e-01 -5.637836905646388397e-01 1.315913116917585501e+00 -1.939231798878598534e+00 2.372724960940815198e+00 -2.573959272077426697e+00 2.523236515832979698e+00 -2.225521788995524108e+00 1.709957483329065830e+00 -1.027010625220671214e+00 2.435328115131949467e-01 5.637836905762952933e-01 -1.315913116918114412e+00 1.939231798867949719e+00 -2.372724960920023385e+00 2.573959272048525371e+00
-2.466921229278228100e+00 2.241550338210990034e+00 -1.796760882239896606e+00 1.176091952346436820e+00 -4.402989478439260362e-01 -3.385935854150983193e-01 1.084342219411494668e+00 -1.723947881913261204e+00 2.194801514280082078e+00 -2.450812682345967719e+00 2.466921229246362479e+00 -2.241550338176380386e+00 1.796760882205926890e+00 -1.176091952316429712e+00 4.402989478208353957e-01 3.385935854290282876e-01 -1.084342219414899944e+00 1.723947881905810497e+00 -2.194801514262497033e+00 2.450812682319966296e+00
3.259723467093314397e+00 -2.991031456280902834e+00 2.429556446785799295e+00 -1.630259524564692697e+00 6.713814413945423665e-01 3.532161350468069339e-01 -1.343238455185691960e+00 2.201775236435556504e+00 -2.844786916870212679e+00 3.209331033083189233e+00 -3.259723467051894641e+00 2.991031456235475616e+00 -2.429556446740807285e+00 1.630259524524537484e+00 -6.713814413631752354e-01 -3.532161350663360899e-01 1.343238455191471337e+00 -2.201775236427023330e+00 2.844786916848191183e+00 -3.209331033049830584e+00
3.522432790056566176e+00 -3.137308571293365933e+00 2.445082730657693215e+00 -1.513515156452962529e+00 4.337941734561604479e-01 6.883896056578309164e-01 -1.743189013874718807e+00 2.627352935898417119e+00 -3.254333246709090854e+00 3.562756745056288921e+00 -3.522432790009573988e+00 3.137308571243282884e+00 -2.445082730609416277e+00 1.513515156411214813e+00 -4.337941734250515546e-01 -6.883896056752789594e-01 1.743189013876797366e+00 -2.627352935884924801e+00 3.254333246681338387e+00 -3.562756745016988802e+00
1.956228180951506301e+00 -1.743562000792291622e+00 1.360223823884668226e+00 -8.437374618590185449e-01 2.446601984029877219e-01 3.783661099192190402e-01 -9.643553071692199108e-01 1.455946687893262093e+00 -1.805019862627593286e+00 1.977405116893613535e+00 -1.956228180925437599e+00 1.743562000764490305e+00 -1.360223823857852787e+00 8.437374618358122191e-01 -2.446601983856753204e-01 -3.783661099289559737e-01 9.643553071704277224e-01 -1.455946687885823820e+00 1.805019862612231352e+00 -1.977405116871829405e+00
-2.258804518094783109e+00 1.972124089110719902e+00 -1.492398413688030834e+00 8.665863833830300678e-01 -1.559468400113334097e-01 -5.699578666045553854e-01 1.240071126105305899e+00 -1.788797583697271598e+00 2.162424070509425533e+00 -2.324377422804074111e+00 2.258804518063712852e+00 -1.972124089078186815e+00 1.492398413657215928e+00 -8.665863833569473762e-01 1.559468399925519888e-01 5.699578666142126604e-01 -1.240071126104892896e+00 1.788797583686829951e+00 -2.162424070489970873e+00 2.324377422777509139e+00
-3.598203609339663267e-02 7.021575905143499774e-02 -9.757627429145369902e-02 1.153853439498478545e-01 -1.218996922053861426e-01 1.164816492627080147e-01 -9.966157091479795060e-02 7.308592362275929954e-02 -3.935611690699096499e-02 1.773859258243151715e-03 3.598203609381629697e-02 -7.021575905132400319e-02 9.757627429082321724e-02 -1.153853439487595445e-01 1.218996922039463360e-01 -1.164816492610578347e-01 9.966157091309879590e-02 -7.308592362117723173e-02 3.935611690568103366e-02 -1.773859257334517436e-03
-2.208809081667110430e+00 1.980366972170433559e+00 -1.558072745409561310e+00 9.832635025973394116e-01 -3.122055773522735000e-01 -3.894132050667035161e-01 1.052913509770609934e+00 -1.613347304056439890e+00 2.015855423367712618e+00 -2.221037568547503671e+00 2.208809081637951088e+00 -1.980366972139165238e+00 1.558072745379241342e+00 -9.832635025709343113e-01 3.122055773323823002e-01 3.894132050781481946e-01 -1.052913509772487544e+00 1.613347304048567965e+00 -2.015855423350854547e+00 2.221037568523307915e+00
-2.803499928190241186e-01 1.931401147281011088e-01 -8.702433652142757547e-02 -2.760999007794515125e-02 1.395416584780937164e-01 -2.378140171021892735e-01 3.128074827843211336e-01 -3.571811725933529136e-01 3.665914806011585925e-01 -3.401172602945425338e-01 2.803499928139507880e-01 -1.931401147235213833e-01 8.702433651778876400e-02 2.760999008028711121e-02 -1.395416584789070380e-01 2.378140171013968240e-01 -3.128074827820002124e-01 3.571811725897304779e-01 -3.665914805965886369e-01 3.401172602894733665e-01
-2.183518350765199845e+00 1.949912236740803051e+00 -1.525435127146704595e+00 9.516377989764988055e-01 -2.846875325930990908e-01 -4.101299330136926602e-01 1.064801023232040622e+00 -1.615241970389548198e+00 2.007571779430920245e+00 -2.203386475124911481e+00 2.183518350736190605e+00 -1.949912236709811175e+00 1.525435127116759881e+00 -9.516377989505310220e-01 2.846875325736643036e-01 4.101299330247062946e-01 -1.064801023233554744e+00 1.615241970381415593e+00 -2.007571779413930280e+00 2.203386475100725939e+00
4.919053698969280575e+00 -4.467134041295683922e+00 3.577940179306634327e+00 -2.338512603592891814e+00 8.701751208662699133e-01 6.833411655541046237e-01 -2.169967257568252261e+00 3.444181835356442178e+00 -4.381255898069865928e+00 4.889462107471700847e+00 -4.919053698905681671e+00 4.467134041226644925e+00 -3.577940179238907170e+00 2.338512603533101419e+00 -8.701751208203012400e-01 -6.833411655817835939e-01 2.169967257574931807e+00 -3.444181835341471487e+00 4.381255898034695839e+00 -4.889462107419768166e+00
-2.332614169814530403e+00 2.094309948642862018e+00 -1.651000077782463382e+00 1.046078816115278531e+00 -3.387600714681404668e-01 -4.017188692529320426e-01 1.102874768109685322e+00 -1.696073600481470933e+00 2.123248931596512179e+00 -2.342585863739972574e+00 2.332614169783805647e+00 -2.094309948609871963e+00 1.651000077750433448e+00 -1.046078816087342434e+00 3.387600714470478391e-01 4.017188692651316728e-01 -1.102874768111797188e+00 1.696073600473290366e+00 -2.123248931578832543e+00 2.342585863714521821e+00
-2.485517264529240045e+00 2.275170115934057602e+00 -1.842113464348674068e+00 1.228737912114052921e+00 -4.950849319223215028e-01 -2.870304108639367136e-01 1.041049217174406127e+00 -1.693162872689290444e+00 2.179537949263823382e+00 -2.452564665628691021e+00 2.485517264497528966e+00 -2.275170115899362688e+00 1.842113464314387716e+00 -1.228737912083529782e+00 4.950849318985651726e-01 2.870304108786165820e-01 -1.041049217178572350e+00 1.693162872682537179e+00 -2.179537949246803663e+00 2.452564665603067517e+00
-2.104926201221005044e+00 2.015749879541562262e+00 -1.729257915096882536e+00 1.273494137474267207e+00 -6.930718807209350629e-01 4.480691936805009101e-02 6.078440554392137152e-01 -1.200995018999762021e+00 1.676584222274468905e+00 -1.988057680422095075e+00 2.104926201196246627e+00 -2.015749879513113463e+00 1.729257915067526463e+00 -1.273494137446875341e+00 6.930718806982010260e-01 -4.480691935218722444e-02 -6.078440554466528756e-01 1.200995018998051611e+00 -1.676584222263769464e+00 1.988057680403448657e+00
-2.402366900403936079e+00 2.204402125113618105e+00 -1.790655110844182163e+00 1.201626298097930867e+00 -4.949739310721406604e-01 -2.601299330116366160e-01 9.897704668185318688e-01 -1.622525371194812438e+00 2.096456187437503171e+00 -2.365171265182819393e+00 2.402366900373412051e+00 -2.204402125080139552e+00 1.790655110811023576e+00 -1.201626298068336096e+00 4.949739310490219313e-01 2.601299330260316012e-01 -9.897704668227937930e-01 1.622525371188525911e+00 -2.096456187421276152e+00 2.365171265158236391e+00
