-3.192705098271512387e+00 1.949061313099843984e+00 3.905764752030056741e-02 -2.012257914314203866e+00 3.216844051978769770e+00 -3.192705098301956479e+00 1.949061313131805528e+00 3.905764749903235800e-02 -2.012257914311754270e+00 3.216844051996071485e+00 -3.192705098332401015e+00 1.949061313163758857e+00 3.905764747776130363e-02 -2.012257914309299789e+00 3.216844052013370980e+00 -3.192705098362848215e+00 1.949061313195721512e+00 3.905764745650214254e-02 -2.012257914306854634e+00 3.216844052030675805e+00
-2.594959346871025474e+00 1.514183272392475965e+00 1.449593469452240269e-01 -1.748732422741866577e+00 2.684549150286442920e+00 -2.594959346896531294e+00 1.514183272418553772e+00 1.449593469285373193e-01 -1.748732422740945980e+00 2.684549150301636988e+00 -2.594959346922037557e+00 1.514183272444624473e+00 1.449593469118483080e-01 -1.748732422740021164e+00 2.684549150316830168e+00 -2.594959346947546042e+00 1.514183272470703168e+00 1.449593468951690944e-01 -1.748732422739104342e+00 2.684549150332026457e+00
1.295084971843158961e-01 -7.274575140094967363e-02 -1.180339888052809455e-02 9.184405197267707377e-02 -1.368033988760977981e-01 1.295084971856195200e-01 -7.274575140225519876e-02 -1.180339887971949484e-02 9.184405197267431209e-02 -1.368033988769017939e-01 1.295084971869232271e-01 -7.274575140356036307e-02 -1.180339887891078063e-02 9.184405197267134224e-02 -1.368033988777057341e-01 1.295084971882270175e-01 -7.274575140486591596e-02 -1.180339887810256255e-02 9.184405197266877485e-02 -1.368033988785098132e-01
2.390450849694539137e+00 -1.662790070146765720e+00 2.999999999581661192e-01 1.177379873593223270e+00 -2.205040653107523063e+00 2.390450849715119119e+00 -1.662790070170405254e+00 2.999999999758339309e-01 1.177379873588276560e+00 -2.205040653117185112e+00 2.390450849735699990e+00 -1.662790070194039238e+00 2.999999999935037964e-01 1.177379873583326297e+00 -2.205040653126844497e+00 2.390450849756281304e+00 -1.662790070217678995e+00 3.000000000111651688e-01 1.177379873578383362e+00 -2.205040653136509654e+00
2.030901699418489859e+00 -1.428773075779773416e+00 2.809016994034795323e-01 9.742645786504587901e-01 -1.857294901699636958e+00 2.030901699435799124e+00 -1.428773075799834258e+00 2.809016994186277483e-01 9.742645786460102375e-01 -1.857294901707585710e+00 2.030901699453109277e+00 -1.428773075819890437e+00 2.809016994337776851e-01 9.742645786415584652e-01 -1.857294901715532243e+00 2.030901699470419874e+00 -1.428773075839951723e+00 2.809016994489205166e-01 9.742645786371129102e-01 -1.857294901723482994e+00
-5.798074641761671977e+00 3.426441186612973144e+00 2.539763413731351838e-01 -3.837383539304145774e+00 5.955040653104523685e+00 -5.798074641818189434e+00 3.426441186671178141e+00 2.539763413354807486e-01 -3.837383539301427948e+00 5.955040653137775308e+00 -5.798074641874710444e+00 3.426441186729368038e+00 2.539763412978212065e-01 -3.837383539298700796e+00 5.955040653171021603e+00 -5.798074641931234119e+00 3.426441186787575699e+00 2.539763412601834247e-01 -3.837383539295991408e+00 5.955040653204277667e+00
5.272542485874188722e-01 -2.868033988663046263e-01 -6.319660113318463501e-02 3.890576474743592250e-01 -5.663118960647307576e-01 5.272542485928281009e-01 -2.868033988716330307e-01 -6.319660112997287083e-02 3.890576474744911195e-01 -5.663118960681554626e-01 5.272542485982375515e-01 -2.868033988769599363e-01 -6.319660112676063479e-02 3.890576474746222924e-01 -5.663118960715797234e-01 5.272542486036473353e-01 -2.868033988822885072e-01 -6.319660112355043879e-02 3.890576474747549085e-01 -5.663118960750048725e-01
-2.505901699398450866e+00 1.254634122109697936e+00 4.758610463820855396e-01 -2.024593469083554087e+00 2.800000000002638600e+00 -2.505901699425339579e+00 1.254634122135177554e+00 4.758610463677504510e-01 -2.024593469085840258e+00 2.800000000020669955e+00 -2.505901699452230069e+00 1.254634122160649623e+00 4.758610463534130308e-01 -2.024593469088122877e+00 2.800000000038699977e+00 -2.505901699479122335e+00 1.254634122186130130e+00 4.758610463390856027e-01 -2.024593469090412157e+00 2.800000000056733107e+00
-2.157294901661678921e+00 1.254634122119210993e+00 1.272542486288927854e-01 -1.460535821617784613e+00 2.235942352540743805e+00 -2.157294901682928145e+00 1.254634122140896313e+00 1.272542486150561591e-01 -1.460535821617082730e+00 2.235942352553443424e+00 -2.157294901704177814e+00 1.254634122162576082e+00 1.272542486012176177e-01 -1.460535821616377961e+00 2.235942352566140823e+00 -2.157294901725429259e+00 1.254634122184262068e+00 1.272542485873872364e-01 -1.460535821615679408e+00 2.235942352578841774e+00
2.674138953624321857e+00 -1.551847717608187294e+00 -1.631966011721778798e-01 1.815905365158443807e+00 -2.775000000014057555e+00 2.674138953650698092e+00 -1.551847717635072677e+00 -1.631966011550551876e-01 1.815905365157625573e+00 -2.775000000029854252e+00 2.674138953677075659e+00 -1.551847717661951176e+00 -1.631966011379300530e-01 1.815905365156803342e+00 -2.775000000045648729e+00 2.674138953703455002e+00 -1.551847717688837891e+00 -1.631966011208151046e-01 1.815905365155989104e+00 -2.775000000061447203e+00
3.326393202209143585e+00 -2.152708763938646186e+00 1.567627457219213372e-01 1.899061313196559686e+00 -3.229508497201816652e+00 3.326393202239534386e+00 -2.152708763971771688e+00 1.567627457451258866e-01 1.899061313192140998e+00 -3.229508497217868701e+00 3.326393202269926075e+00 -2.152708764004888753e+00 1.567627457683333780e-01 1.899061313187716982e+00 -3.229508497233917197e+00 3.326393202300319540e+00 -2.152708764038015143e+00 1.567627457915287681e-01 1.899061313183303401e+00 -3.229508497249972798e+00
1.946352549131042275e+00 -1.177912029433869412e+00 -4.045084975083444723e-02 1.243362879208166127e+00 -1.971352549162627144e+00 1.946352549149713118e+00 -1.177912029453368703e+00 -4.045084973795694261e-02 1.243362879206830085e+00 -1.971352549173341462e+00 1.946352549168385293e+00 -1.177912029472863109e+00 -4.045084972507771021e-02 1.243362879205491378e+00 -1.971352549184053782e+00 1.946352549187058578e+00 -1.177912029492362844e+00 -4.045084971220574976e-02 1.243362879204158000e+00 -1.971352549194769432e+00
-2.444959346870299477e+00 1.371478174080195345e+00 2.258610463817760927e-01 -1.736929023865449118e+00 2.584549150284789931e+00 -2.444959346894930885e+00 1.371478174104844516e+00 2.258610463665267909e-01 -1.736929023865425581e+00 2.584549150299998654e+00 -2.444959346919563181e+00 1.371478174129487027e+00 2.258610463512753241e-01 -1.736929023865398491e+00 2.584549150315206489e+00 -2.444959346944197698e+00 1.371478174154137086e+00 2.258610463360332110e-01 -1.736929023865378507e+00 2.584549150330417433e+00
9.045084971688611974e-02 -6.094235252973397715e-02 8.155948030571843338e-03 4.774575140593897982e-02 -8.541019662399404466e-02 9.045084971768631299e-02 -6.094235253063128022e-02 8.155948031223440170e-03 4.774575140578202204e-02 -8.541019662439160165e-02 9.045084971848653399e-02 -6.094235253152836818e-02 8.155948031875115065e-03 4.774575140562492548e-02 -8.541019662478907537e-02 9.045084971928681050e-02 -6.094235253242569206e-02 8.155948032526467301e-03 4.774575140546810648e-02 -8.541019662518671562e-02
-2.210410196591282350e+00 1.158813728866982640e+00 3.354101966565123383e-01 -1.701518827235228404e+00 2.417705098313578826e+00 -2.210410196614433165e+00 1.158813728889383166e+00 3.354101966434209214e-01 -1.701518827236447651e+00 2.417705098328640556e+00 -2.210410196637585756e+00 1.158813728911777252e+00 3.354101966303274507e-01 -1.701518827237663567e+00 2.417705098343701398e+00 -2.210410196660739235e+00 1.158813728934178666e+00 3.354101966172426952e-01 -1.701518827238885923e+00 2.417705098358764904e+00
-6.809016994256835709e-01 4.076237921129765018e-01 2.135254916418918153e-02 -4.421729424083730708e-01 6.940983005597658462e-01 -6.809016994322637517e-01 4.076237921198043734e-01 2.135254915972232409e-02 -4.421729424079737791e-01 6.940983005635859016e-01 -6.809016994388443766e-01 4.076237921266305242e-01 2.135254915525486297e-02 -4.421729424075734327e-01 6.940983005674055129e-01 -6.809016994454253346e-01 4.076237921334586178e-01 2.135254915078995189e-02 -4.421729424071750847e-01 6.940983005712262344e-01
-2.197745751377640389e+00 1.275125624931183754e+00 1.345491503145575807e-01 -1.492830723301840967e+00 2.280901699443322883e+00 -2.197745751399320824e+00 1.275125624953280301e+00 1.345491503004875300e-01 -1.492830723301172391e+00 2.280901699456309384e+00 -2.197745751421002147e+00 1.275125624975370631e+00 1.345491502864155087e-01 -1.492830723300500928e+00 2.280901699469294108e+00 -2.197745751442685247e+00 1.275125624997467844e+00 1.345491502723517863e-01 -1.492830723299835460e+00 2.280901699482281941e+00
4.762335554725042996e+00 -3.026973342541932510e+00 1.354101965454090895e-01 2.807875042116557918e+00 -4.678647450863867796e+00 4.762335554769150825e+00 -3.026973342589436289e+00 1.354101965781591144e-01 2.807875042111073416e+00 -4.678647450887740256e+00 4.762335554813261318e+00 -3.026973342636928521e+00 1.354101966109133581e-01 2.807875042105581365e+00 -4.678647450911606498e+00 4.762335554857373587e+00 -3.026973342684433188e+00 1.354101966436501714e-01 2.807875042100103968e+00 -4.678647450935482510e+00
-2.044959346877022632e+00 1.061067977462534451e+00 3.281152949704398414e-01 -1.591969676957809332e+00 2.247745751411712511e+00 -2.044959346898560959e+00 1.061067977483274083e+00 3.281152949584226208e-01 -1.591969676959105628e+00 2.247745751425825222e+00 -2.044959346920099730e+00 1.061067977504007498e+00 3.281152949464036239e-01 -1.591969676960399038e+00 2.247745751439936601e+00 -2.044959346941640277e+00 1.061067977524748018e+00 3.281152949343925651e-01 -1.591969676961698221e+00 2.247745751454051089e+00
-2.430040653062392142e+00 1.365044318740157747e+00 2.213525491927303412e-01 -1.723200266835315686e+00 2.566844051975750940e+00 -2.430040653086852132e+00 1.365044318764653930e+00 2.213525491775575338e-01 -1.723200266835262839e+00 2.566844051990835762e+00 -2.430040653111313453e+00 1.365044318789143452e+00 2.213525491623825059e-01 -1.723200266835206440e+00 2.566844052005918808e+00 -2.430040653135776552e+00 1.365044318813640079e+00 2.213525491472168039e-01 -1.723200266835156702e+00 2.566844052021005851e+00
