-2.872213595500448413e+00 -3.834345884813290972e+00 -3.331888370750748063e+00 -1.556762745782050317e+00 8.129933356555819612e-01 2.872213595499738759e+00 3.834345884812417893e+00 3.331888370750043737e+00 1.556762745781784751e+00 -8.129933356553095125e-01 -2.872213595499029548e+00 -3.834345884811544369e+00 -3.331888370749337636e+00 -1.556762745781518076e+00 8.129933356550325119e-01 2.872213595498322558e+00 3.834345884810670846e+00 3.331888370748635531e+00 1.556762745781250068e+00 -8.129933356547616174e-01
-2.521352549156577361e+00 -3.879305231719460512e+00 -3.755495168500763814e+00 -2.197213595500884242e+00 2.003288904367785950e-01 2.521352549155933875e+00 3.879305231718562119e+00 3.755495168499951575e+00 2.197213595500470351e+00 -2.003288904366382628e-01 -2.521352549155289946e+00 -3.879305231717661950e+00 -3.755495168499138448e+00 -2.197213595500055572e+00 2.003288904364932677e-01 2.521352549154649125e+00 3.879305231716762226e+00 3.755495168498327541e+00 2.197213595499639016e+00 -2.003288904363549339e-01
-3.176722092688166299e+00 -3.907952682563406555e+00 -3.146478174125778349e+00 -1.183155948031952009e+00 1.232091636218270558e+00 3.176722092687395360e+00 3.907952682562526814e+00 3.146478174125125093e+00 1.183155948031775706e+00 -1.232091636217904851e+00 -3.176722092686624421e+00 -3.907952682561647073e+00 -3.146478174124470062e+00 -1.183155948031598292e+00 1.232091636217535147e+00 3.176722092685855703e+00 3.907952682560766444e+00 3.146478174123818583e+00 1.183155948031418880e+00 -1.232091636217170993e+00
3.127254248594693475e+00 9.788980006972348491e+00 1.271164811787937232e+01 1.077889870078513113e+01 4.728976341283475548e+00 -3.127254248593690722e+00 -9.788980006969948633e+00 -1.271164811787648574e+01 -1.077889870078286805e+01 -4.728976341282690399e+00 3.127254248592687969e+00 9.788980006967543446e+00 1.271164811787360094e+01 1.077889870078059786e+01 4.728976341281919460e+00 -3.127254248591697205e+00 -9.788980006965141811e+00 -1.271164811787071613e+01 -1.077889870077833123e+01 -4.728976341281127205e+00
3.360410196626065105e+00 9.766234255566061506e+00 1.244168877097299486e+01 1.036484105331619077e+01 4.328976341283290452e+00 -3.360410196625018830e+00 -9.766234255563677635e+00 -1.244168877097017756e+01 -1.036484105331402361e+01 -4.328976341282591456e+00 3.360410196623972556e+00 9.766234255561286659e+00 1.244168877096736203e+01 1.036484105331184935e+01 4.328976341281907558e+00 -3.360410196622937384e+00 -9.766234255558901012e+00 -1.244168877096454473e+01 -1.036484105330967864e+01 -4.328976341281201456e+00
5.358155948032642613e+00 1.539275308278667254e+01 1.954784172035036605e+01 1.623631922744350575e+01 6.723074641847332167e+00 -5.358155948030981719e+00 -1.539275308278291732e+01 -1.954784172034593936e+01 -1.623631922744010936e+01 -6.723074641846253030e+00 5.358155948029320825e+00 1.539275308277915499e+01 1.954784172034151979e+01 1.623631922743670941e+01 6.723074641845195210e+00 -5.358155948027676807e+00 -1.539275308277539445e+01 -1.954784172033709311e+01 -1.623631922743330946e+01 -6.723074641844104526e+00
5.731762745782867263e+00 1.549275308278677166e+01 1.933603832147532131e+01 1.579361412913085339e+01 6.218566144659654960e+00 -5.731762745781129986e+00 -1.549275308278300756e+01 -1.933603832147095503e+01 -1.579361412912756535e+01 -6.218566144658686845e+00 5.731762745779392709e+00 1.549275308277923280e+01 1.933603832146658874e+01 1.579361412912427021e+01 6.218566144657742711e+00 -5.731762745777673196e+00 -1.549275308277546337e+01 -1.933603832146222601e+01 -1.579361412912097684e+01 -6.218566144656763939e+00
-3.153115294938062085e+00 -3.923403532281863448e+00 -3.195084971875411295e+00 -1.246352549156689582e+00 1.178444185374607489e+00 3.153115294937294699e+00 3.923403532280979711e+00 3.195084971874746049e+00 1.246352549156499068e+00 -1.178444185374252662e+00 -3.153115294936527313e+00 -3.923403532280094197e+00 -3.195084971874078583e+00 -1.246352549156307221e+00 1.178444185373894726e+00 3.153115294935763036e+00 3.923403532279209127e+00 3.195084971873415558e+00 1.246352549156113376e+00 -1.178444185373541231e+00
-1.939918693812910266e+00 -1.324467844093745406e+00 -2.031152949371527461e-01 9.958203932503676414e-01 1.814386537906448105e+00 1.939918693812483053e+00 1.324467844093482283e+00 2.031152949371550498e-01 -9.958203932501019651e-01 -1.814386537906020225e+00 -1.939918693812055839e+00 -1.324467844093219604e+00 -2.031152949371549943e-01 9.958203932498358446e-01 1.814386537905591679e+00 1.939918693811628403e+00 1.324467844092956703e+00 2.031152949371587135e-01 -9.958203932495717225e-01 -1.814386537905163577e+00
-2.124467844094251046e+00 -1.544427191000079969e+00 -3.744678440934925412e-01 9.385254915627994077e-01 1.893033988750207008e+00 2.124467844093778979e+00 1.544427190999767774e+00 3.744678440934596231e-01 -9.385254915625410588e-01 -1.893033988749756258e+00 -2.124467844093307356e+00 -1.544427190999455579e+00 -3.744678440934241515e-01 9.385254915622831540e-01 1.893033988749305063e+00 2.124467844092835733e+00 1.544427190999143384e+00 3.744678440933927321e-01 -9.385254915620268035e-01 -1.893033988748854091e+00
-5.396884705063282439e+00 -1.458963778784772991e+01 -1.820964511922368345e+01 -1.487418693812990256e+01 -5.857294901690873523e+00 5.396884705061646414e+00 1.458963778784418608e+01 1.820964511921956941e+01 1.487418693812680637e+01 5.857294901689962252e+00 -5.396884705060011278e+00 -1.458963778784063337e+01 -1.820964511921546247e+01 -1.487418693812370130e+01 -5.857294901689072297e+00 5.396884705058391241e+00 1.458963778783708243e+01 1.820964511921135198e+01 1.487418693812059978e+01 5.857294901688151256e+00
-6.100000000000989964e+00 -1.514779373587912836e+01 -1.840964511922372537e+01 -1.463963778784858683e+01 -5.277786404503290285e+00 6.099999999999195843e+00 1.514779373587546729e+01 1.840964511921958291e+01 1.463963778784555814e+01 5.277786404502518458e+00 -6.099999999997402611e+00 -1.514779373587180089e+01 -1.840964511921544045e+01 -1.463963778784252234e+01 -5.277786404501767947e+00 6.099999999995624478e+00 1.514779373586813271e+01 1.840964511921130509e+01 1.463963778783948833e+01 5.277786404500987238e+00
-3.443033988750833885e+00 -4.115247584250854018e+00 -3.215576474687979136e+00 -1.087664445219014953e+00 1.455698433968596772e+00 3.443033988750003438e+00 4.115247584249932089e+00 3.215576474687316555e+00 1.087664445218865961e+00 -1.455698433968177108e+00 -3.443033988749172103e+00 -4.115247584249008383e+00 -3.215576474686651753e+00 -1.087664445218716081e+00 1.455698433967753225e+00 3.443033988748344321e+00 4.115247584248086454e+00 3.215576474685991393e+00 1.087664445218563980e+00 -1.455698433967335559e+00
1.126393202250610459e+00 5.992830723283898209e+00 8.570210596847051221e+00 7.874061313159115727e+00 4.170288237345270765e+00 -1.126393202250147940e+00 -5.992830723282397187e+00 -8.570210596845079465e+00 -7.874061313157431741e+00 -4.170288237344513149e+00 1.126393202249685865e+00 5.992830723280892613e+00 8.570210596843111261e+00 7.874061313155745090e+00 4.170288237343763527e+00 -1.126393202249231562e+00 -5.992830723279389815e+00 -8.570210596841139505e+00 -7.874061313154060215e+00 -4.170288237343000581e+00
-1.513196601125202267e+00 -2.221681439594054286e+00 -2.081559480312761057e+00 -1.146352549156620437e+00 2.267220926871533759e-01 1.513196601124820351e+00 2.221681439593542251e+00 2.081559480312314303e+00 1.146352549156409717e+00 -2.267220926870486819e-01 -1.513196601124438434e+00 -2.221681439593029772e+00 -2.081559480311866217e+00 -1.146352549156198108e+00 2.267220926869413233e-01 1.513196601124057850e+00 2.221681439592517293e+00 2.081559480311419907e+00 1.146352549155986056e+00 -2.267220926868377395e-01
-1.647745751406747505e+00 -2.677583139031976422e+00 -2.684674775250595058e+00 -1.666311896063031206e+00 -1.147450843780184471e-02 1.647745751406320736e+00 2.677583139031352921e+00 2.684674775250010637e+00 1.666311896062710574e+00 1.147450843786612662e-02 -1.647745751405894188e+00 -2.677583139030727644e+00 -2.684674775249425771e+00 -1.666311896062389497e+00 -1.147450843793362818e-02 1.647745751405469861e+00 2.677583139030102810e+00 2.684674775248841794e+00 1.666311896062067310e+00 1.147450843799657783e-02
-2.158155948031478033e+00 -2.696681439594043717e+00 -2.205166278062695273e+00 -8.713525491565922154e-01 7.952882373433243224e-01 2.158155948030952231e+00 2.696681439593435314e+00 2.205166278062235641e+00 8.713525491564575454e-01 -7.952882373430839591e-01 -2.158155948030426874e+00 -2.696681439592826468e+00 -2.205166278061774676e+00 -8.713525491563224312e-01 7.952882373428407092e-01 2.158155948029903293e+00 2.696681439592217622e+00 2.205166278061316376e+00 8.713525491561858738e-01 -7.952882373426013451e-01
-1.744959346906568065e+00 -1.601722092687624777e+00 -8.466814395936680393e-01 2.317627457812919678e-01 1.221681439593707452e+00 1.744959346906166830e+00 1.601722092687281940e+00 8.466814395935151616e-01 -2.317627457811971547e-01 -1.221681439593401475e+00 -1.744959346905765818e+00 -1.601722092686939547e+00 -8.466814395933605075e-01 2.317627457811025637e-01 1.221681439593094165e+00 1.744959346905365027e+00 1.601722092686596932e+00 8.466814395932087400e-01 -2.317627457810094160e-01 -1.221681439592788632e+00
-2.041311896062904196e+00 -1.430369543531241572e+00 -2.730746418434052969e-01 9.885254915627976757e-01 1.872542485937617629e+00 2.041311896062453446e+00 1.430369543530955134e+00 2.730746418433938616e-01 -9.885254915625308891e-01 -1.872542485937174428e+00 -2.041311896062002251e+00 -1.430369543530669363e+00 -2.730746418433799838e-01 9.885254915622638805e-01 1.872542485936730339e+00 2.041311896061551057e+00 1.430369543530382925e+00 2.730746418433699918e-01 -9.885254915619987592e-01 -1.872542485936287138e+00
-1.398606797750187258e+00 -9.663118960623818809e-01 -1.649186938121637580e-01 6.994678440939884334e-01 1.296681439593787122e+00 1.398606797749878838e+00 9.663118960621892573e-01 1.649186938121610935e-01 -6.994678440938009167e-01 -1.296681439593480922e+00 -1.398606797749570418e+00 -9.663118960619969666e-01 -1.649186938121567636e-01 6.994678440936130670e-01 1.296681439593174057e+00 1.398606797749261776e+00 9.663118960618043429e-01 1.649186938121550983e-01 -6.994678440934267716e-01 -1.296681439592867635e+00
