3.449999999998284217e+00 2.649999999994352429e+00 -3.449999999998996536e+00 -2.649999999995654498e+00 3.449999999999707967e+00 2.649999999996960121e+00 -3.450000000000422506e+00 -2.649999999998259526e+00 3.450000000001132161e+00 2.649999999999564704e+00 -3.450000000001841371e+00 -2.650000000000871658e+00 3.450000000002560352e+00 2.650000000002164402e+00 -3.450000000003270006e+00 -2.650000000003470912e+00 3.450000000003979217e+00 2.650000000004776091e+00 -3.450000000004689316e+00 -2.650000000006081713e+00
2.749999999999301004e+00 2.699999999994756816e+00 -2.749999999999787725e+00 -2.699999999995978062e+00 2.750000000000273559e+00 2.699999999997201972e+00 -2.750000000000762945e+00 -2.699999999998421440e+00 2.750000000001247003e+00 2.699999999999645350e+00 -2.750000000001731060e+00 -2.700000000000870148e+00 2.750000000002224443e+00 2.700000000002084732e+00 -2.750000000002708944e+00 -2.700000000003309086e+00 2.750000000003193001e+00 2.700000000004532996e+00 -2.750000000003677059e+00 -2.700000000005757350e+00
-4.599999999999873523e+00 -5.799999999989284838e+00 4.600000000000511235e+00 5.799999999991729105e+00 -4.600000000001147171e+00 -5.799999999994176925e+00 4.600000000001789324e+00 5.799999999996617639e+00 -4.600000000002420819e+00 -5.799999999999065459e+00 4.600000000003053202e+00 5.800000000001515055e+00 -4.600000000003705125e+00 -5.800000000003946887e+00 4.600000000004336620e+00 5.800000000006395595e+00 -4.600000000004968115e+00 -5.800000000008843415e+00 4.600000000005600498e+00 5.800000000011293011e+00
5.999999999993030908e-01 9.499999999972486009e-01 -5.999999999993594901e-01 -9.499999999976278531e-01 5.999999999994158895e-01 9.499999999980075494e-01 -5.999999999994731770e-01 -9.499999999983863574e-01 5.999999999995287991e-01 9.499999999987660537e-01 -5.999999999995841993e-01 -9.499999999991459720e-01 5.999999999996432631e-01 9.499999999995235589e-01 -5.999999999996987743e-01 -9.499999999999034772e-01 5.999999999997543965e-01 9.500000000002830625e-01 -5.999999999998099076e-01 -9.500000000006629808e-01
-2.050000000000385292e+00 -2.699999999995177813e+00 2.050000000000653522e+00 2.699999999996303579e+00 -2.050000000000921307e+00 -2.699999999997430677e+00 2.050000000001191314e+00 2.699999999998553779e+00 -2.050000000001457323e+00 -2.699999999999680877e+00 2.050000000001722888e+00 2.700000000000808420e+00 -2.050000000001997336e+00 -2.700000000001928413e+00 2.050000000002263345e+00 2.700000000003055511e+00 -2.050000000002528910e+00 -2.700000000004182610e+00 2.050000000002794476e+00 2.700000000005310152e+00
-2.449999999999113331e+00 -1.749999999996296518e+00 2.449999999999636913e+00 1.749999999997179811e+00 -2.450000000000160050e+00 -1.749999999998065769e+00 2.450000000000685851e+00 1.749999999998947509e+00 -2.450000000001208100e+00 -1.749999999999833467e+00 2.450000000001730349e+00 1.750000000000719869e+00 -2.450000000002258371e+00 -1.750000000001597167e+00 2.450000000002781064e+00 1.750000000002483569e+00 -2.450000000003302869e+00 -1.750000000003369083e+00 2.450000000003825118e+00 1.750000000004255485e+00
3.399999999998903011e+00 3.049999999992788258e+00 -3.399999999999543832e+00 -3.049999999994208455e+00 3.400000000000185096e+00 3.049999999995631761e+00 -3.400000000000829026e+00 -3.049999999997049294e+00 3.400000000001468070e+00 3.049999999998472600e+00 -3.400000000002106226e+00 -3.049999999999896794e+00 3.400000000002755041e+00 3.050000000001308997e+00 -3.400000000003393641e+00 -3.050000000002732747e+00 3.400000000004031797e+00 3.050000000004156053e+00 -3.400000000004670841e+00 -3.050000000005579803e+00
3.799999999998305178e+00 3.099999999992753441e+00 -3.799999999999064126e+00 -3.099999999994244249e+00 3.799999999999823075e+00 3.099999999995738165e+00 -3.800000000000585576e+00 -3.099999999997226308e+00 3.800000000001341860e+00 3.099999999998721112e+00 -3.800000000002098144e+00 -3.100000000000216360e+00 3.800000000002865530e+00 3.100000000001697398e+00 -3.800000000003622258e+00 -3.100000000003192202e+00 3.800000000004378542e+00 3.100000000004686562e+00 -3.800000000005134826e+00 -3.100000000006181367e+00
2.199999999998819344e+00 2.499999999994717559e+00 -2.199999999999161737e+00 -2.499999999995800692e+00 2.199999999999503686e+00 2.499999999996886046e+00 -2.199999999999848299e+00 -2.499999999997967848e+00 2.200000000000188471e+00 2.499999999999053202e+00 -2.200000000000528644e+00 -2.500000000000139444e+00 2.200000000000877698e+00 2.500000000001217249e+00 -2.200000000001217870e+00 -2.500000000002302603e+00 2.200000000001557598e+00 2.500000000003387512e+00 -2.200000000001897771e+00 -2.500000000004473311e+00
-1.749999999999743316e+00 -1.999999999996262989e+00 1.750000000000014211e+00 1.999999999997128297e+00 -1.750000000000284883e+00 -1.999999999997995159e+00 1.750000000000557332e+00 1.999999999998859135e+00 -1.750000000000826228e+00 -1.999999999999725997e+00 1.750000000001095124e+00 2.000000000000593303e+00 -1.750000000001371347e+00 -2.000000000001453948e+00 1.750000000001640466e+00 2.000000000002321254e+00 -1.750000000001909140e+00 -2.000000000003188116e+00 1.750000000002178258e+00 2.000000000004055423e+00
-3.796407632705722790e-13 -2.999999999998548272e-01 3.383127111789008268e-13 2.999999999999485301e-01 -2.969569035116137456e-13 -3.000000000000422329e-01 2.558786516004829537e-13 3.000000000001358802e-01 -2.142730437526552123e-13 -3.000000000002295275e-01 1.726951914804430999e-13 3.000000000003232303e-01 -1.321442955060092572e-13 -3.000000000004168776e-01 9.053868765818151587e-14 3.000000000005105250e-01 -4.896083538596940343e-14 -3.000000000006041168e-01 7.327471962526033167e-15 3.000000000006978196e-01
-1.400000000000635403e+00 -2.299999999996240163e+00 1.400000000000755751e+00 2.299999999997151434e+00 -1.400000000000875655e+00 -2.299999999998063593e+00 1.400000000000997780e+00 2.299999999998973088e+00 -1.400000000001116129e+00 -2.299999999999885247e+00 1.400000000001234035e+00 2.300000000000797851e+00 -1.400000000001360156e+00 -2.300000000001704681e+00 1.400000000001478506e+00 2.300000000002617284e+00 -1.400000000001596412e+00 -2.300000000003528999e+00 1.400000000001714762e+00 2.300000000004441603e+00
-2.500000000003409495e-01 -6.499999999990622168e-01 2.500000000003294032e-01 6.499999999992996935e-01 -2.500000000003179124e-01 -6.499999999995372812e-01 2.500000000003069767e-01 6.499999999997744249e-01 -2.500000000002948752e-01 -6.500000000000120126e-01 2.500000000002827738e-01 6.500000000002497114e-01 -2.500000000002729483e-01 -6.500000000004862999e-01 2.500000000002609024e-01 6.500000000007239986e-01 -2.500000000002487455e-01 -6.500000000009614753e-01 2.500000000002366995e-01 6.500000000011991741e-01
-1.849999999999930811e+00 -1.899999999996214939e+00 1.850000000000246558e+00 1.899999999997062927e+00 -1.850000000000562084e+00 -1.899999999997912470e+00 1.850000000000879607e+00 1.899999999998758904e+00 -1.850000000001193801e+00 -1.899999999999608447e+00 1.850000000001507772e+00 1.900000000000458655e+00 -1.850000000001828626e+00 -1.900000000001301759e+00 1.850000000002142819e+00 1.900000000002151301e+00 -1.850000000002456790e+00 -1.900000000003000844e+00 1.850000000002770761e+00 1.900000000003850609e+00
4.849999999998513722e+00 4.649999999990392929e+00 -4.849999999999387690e+00 -4.649999999992512123e+00 4.850000000000259881e+00 4.649999999994634869e+00 -4.850000000001138289e+00 -4.649999999996751399e+00 4.850000000002006928e+00 4.649999999998875033e+00 -4.850000000002876455e+00 -4.650000000001000444e+00 4.850000000003761969e+00 4.650000000003107203e+00 -4.850000000004632383e+00 -4.650000000005231726e+00 4.850000000005501022e+00 4.650000000007355361e+00 -4.850000000006369660e+00 -4.650000000009479884e+00
-1.550000000000805400e+00 -2.549999999995601563e+00 1.550000000000937961e+00 2.549999999996611422e+00 -1.550000000001070521e+00 -2.549999999997622169e+00 1.550000000001205525e+00 2.549999999998630251e+00 -1.550000000001335643e+00 -2.549999999999641442e+00 1.550000000001465983e+00 2.550000000000653078e+00 -1.550000000001604983e+00 -2.550000000001658496e+00 1.550000000001735767e+00 2.550000000002669243e+00 -1.550000000001865441e+00 -2.550000000003679990e+00 1.550000000001996003e+00 2.550000000004691181e+00
-2.549999999999608136e+00 -2.449999999995107203e+00 2.550000000000066436e+00 2.449999999996222755e+00 -2.550000000000524736e+00 -2.449999999997340971e+00 2.550000000000985700e+00 2.449999999998455191e+00 -2.550000000001442224e+00 -2.449999999999572964e+00 2.550000000001898304e+00 2.450000000000692069e+00 -2.550000000002363265e+00 -2.450000000001801848e+00 2.550000000002819345e+00 2.450000000002920064e+00 -2.550000000003275424e+00 -2.450000000004038281e+00 2.550000000003732392e+00 2.450000000005156942e+00
-1.849999999999863975e+00 -1.799999999996442224e+00 1.850000000000193490e+00 1.799999999997258904e+00 -1.850000000000523004e+00 -1.799999999998077360e+00 1.850000000000854072e+00 1.799999999998892486e+00 -1.850000000001182254e+00 -1.799999999999710720e+00 1.850000000001509770e+00 1.800000000000529621e+00 -1.850000000001844169e+00 -1.800000000001341416e+00 1.850000000002172351e+00 1.800000000002160094e+00 -1.850000000002500089e+00 -1.800000000002978329e+00 1.850000000002828049e+00 1.800000000003797007e+00
-1.900000000000338751e+00 -2.499999999995895728e+00 1.900000000000587441e+00 2.499999999996938005e+00 -1.900000000000836353e+00 -2.499999999997981615e+00 1.900000000001087042e+00 2.499999999999022560e+00 -1.900000000001333733e+00 -2.500000000000066169e+00 1.900000000001579981e+00 2.500000000001110667e+00 -1.900000000001835332e+00 -2.500000000002147615e+00 1.900000000002082023e+00 2.500000000003192113e+00 -1.900000000002328271e+00 -2.500000000004235723e+00 1.900000000002574962e+00 2.500000000005279777e+00
-2.849999999999456080e+00 -2.699999999994086686e+00 2.849999999999973888e+00 2.699999999995321698e+00 -2.850000000000491251e+00 -2.699999999996559374e+00 2.850000000001011280e+00 2.699999999997792610e+00 -2.850000000001526868e+00 -2.699999999999030731e+00 2.850000000002042455e+00 2.700000000000269296e+00 -2.850000000002566924e+00 -2.700000000001497202e+00 2.850000000003082512e+00 2.700000000002735323e+00 -2.850000000003597656e+00 -2.700000000003973444e+00 2.850000000004112799e+00 2.700000000005211565e+00
