-1.963196601128264884e+00 -5.583813728907977669e+00 -7.071603799093363563e+00 -5.858281572998315312e+00 -2.407294901685441246e+00 1.963196601126744989e+00 5.583813728906811491e+00 7.071603799092994969e+00 5.858281572998886411e+00 2.407294901686731770e+00 -1.963196601125224872e+00 -5.583813728905645313e+00 -7.071603799092628151e+00 -5.858281572999459286e+00 -2.407294901688030286e+00 1.963196601123709861e+00 5.583813728904476470e+00 7.071603799092260445e+00 5.858281573000025055e+00 2.407294901689316369e+00
-2.392705098315855317e+00 -6.088322226095454148e+00 -7.458407197968266900e+00 -5.979634122154437570e+00 -2.216844051966596840e+00 2.392705098314259260e+00 6.088322226094272871e+00 7.458407197967949820e+00 5.979634122155106368e+00 2.216844051967995277e+00 -2.392705098312664092e+00 -6.088322226093091594e+00 -7.458407197967632740e+00 -5.979634122155777831e+00 -2.216844051969401264e+00 2.392705098311073364e+00 6.088322226091908540e+00 7.458407197967317437e+00 5.979634122156441300e+00 2.216844051970794371e+00
5.218566144661462403e+00 1.094070209965855511e+01 1.248386171337389605e+01 9.258610463434537863e+00 2.496884705059151610e+00 -5.218566144658819184e+00 -1.094070209965676099e+01 -1.248386171337363493e+01 -9.258610463435909210e+00 -2.496884705061628740e+00 5.218566144656176853e+00 1.094070209965496865e+01 1.248386171337337203e+01 9.258610463437284110e+00 2.496884705064120524e+00 -5.218566144653543404e+00 -1.094070209965317098e+01 -1.248386171337311268e+01 -9.258610463438644800e+00 -2.496884705066589660e+00
5.251722092692554078e+00 1.085164445218971707e+01 1.230660746478011447e+01 9.060864712028308787e+00 2.354179606746754860e+00 -5.251722092689950827e+00 -1.085164445218796558e+01 -1.230660746477988177e+01 -9.060864712029683687e+00 -2.354179606749209341e+00 5.251722092687349353e+00 1.085164445218621410e+01 1.230660746477964729e+01 9.060864712031060364e+00 2.354179606751677589e+00 -5.251722092684755872e+00 -1.085164445218445906e+01 -1.230660746477941636e+01 -9.060864712032422830e+00 -2.354179606754123633e+00
2.855369543534272303e+00 6.291437521032673175e+00 7.324390203593246440e+00 5.559674775248329759e+00 1.671352549154310418e+00 -2.855369543532717103e+00 -6.291437521031590485e+00 -7.324390203593047488e+00 -5.559674775249091816e+00 -1.671352549155740830e+00 2.855369543531161902e+00 6.291437521030506907e+00 7.324390203592847648e+00 5.559674775249855649e+00 1.671352549157179013e+00 -2.855369543529611587e+00 -6.291437521029421553e+00 -7.324390203592649584e+00 -5.559674775250611489e+00 -1.671352549158604539e+00
-1.143237254221746824e+00 -4.719756081439187234e+00 -6.493488504156060159e+00 -5.786929023842342978e+00 -2.869959346904420006e+00 1.143237254220335286e+00 4.719756081438017503e+00 6.493488504155576102e+00 5.786929023842731112e+00 2.869959346905530673e+00 -1.143237254218923971e+00 -4.719756081436845996e+00 -6.493488504155092933e+00 -5.786929023843120135e+00 -2.869959346906648001e+00 1.143237254217518206e+00 4.719756081435673600e+00 6.493488504154608876e+00 5.786929023843504716e+00 2.869959346907753783e+00
8.315594803147838276e-02 4.463525491564498959e-01 6.390576474688328679e-01 5.876644452187003154e-01 3.118033988749067675e-01 -8.315594803133879998e-02 -4.463525491563303804e-01 -6.390576474687786890e-01 -5.876644452187324008e-01 -3.118033988750127383e-01 8.315594803119921719e-02 4.463525491562107539e-01 6.390576474687247321e-01 5.876644452187645973e-01 3.118033988751193197e-01 -8.315594803106018951e-02 -4.463525491560908498e-01 -6.390576474686705533e-01 -5.876644452187963497e-01 -3.118033988752249019e-01
-8.704915028151047895e-01 -3.890779740157834787e+00 -5.424922359499907643e+00 -4.886929023842550457e+00 -2.482294901685953459e+00 8.704915028139237343e-01 3.890779740156844468e+00 5.424922359499483981e+00 4.886929023842857767e+00 2.482294901686871391e+00 -8.704915028127427901e-01 -3.890779740155853261e+00 -5.424922359499062097e+00 -4.886929023843165076e+00 -2.482294901687795541e+00 8.704915028115660647e-01 3.890779740154861610e+00 5.424922359498638436e+00 4.886929023843468833e+00 2.482294901688709921e+00
-1.690983005634390524e-01 -1.334016994375583076e+00 -1.989386537906281616e+00 -1.884878040718354963e+00 -1.060410196624426593e+00 1.690983005630024572e-01 1.334016994375197385e+00 1.989386537906093100e+00 1.884878040718436232e+00 1.060410196624746115e+00 -1.690983005625658619e-01 -1.334016994374811249e+00 -1.989386537905905028e+00 -1.884878040718517944e+00 -1.060410196625067858e+00 1.690983005621308766e-01 1.334016994374424669e+00 1.989386537905716512e+00 1.884878040718598324e+00 1.060410196625386270e+00
-2.009549150284208441e+00 -5.463322226095232104e+00 -6.830291903030841993e+00 -5.588322226092207856e+00 -2.211803398873143145e+00 2.009549150282742502e+00 5.463322226094122769e+00 6.830291903030511591e+00 5.588322226092783396e+00 2.211803398874403026e+00 -2.009549150281277008e+00 -5.463322226093014322e+00 -6.830291903030182077e+00 -5.588322226093359824e+00 -2.211803398875670013e+00 2.009549150279816843e+00 5.463322226091902323e+00 6.830291903029852563e+00 5.588322226093930922e+00 2.211803398876925009e+00
7.227583139038399551e+00 1.513320393250312001e+01 1.725845518243587762e+01 1.279156314599577193e+01 3.438728757026572325e+00 -7.227583139034746473e+00 -1.513320393250064377e+01 -1.725845518243551879e+01 -1.279156314599767086e+01 -3.438728757029999361e+00 7.227583139031093395e+00 1.513320393249816576e+01 1.725845518243515997e+01 1.279156314599957156e+01 3.438728757033445937e+00 -7.227583139027452752e+00 -1.513320393249568241e+01 -1.725845518243480470e+01 -1.279156314600145805e+01 -3.438728757036860095e+00
-4.960236587215631765e-01 -3.804837387626744949e+00 -5.660332556125011294e+00 -5.353773075811360194e+00 -3.002254248592127084e+00 4.960236587203212810e-01 3.804837387625649825e+00 5.660332556124478387e+00 5.353773075811594673e+00 3.002254248593037467e+00 -4.960236587190796076e-01 -3.804837387624553813e+00 -5.660332556123946368e+00 -5.353773075811830040e+00 -3.002254248593954955e+00 4.960236587178421530e-01 3.804837387623456024e+00 5.660332556123413461e+00 5.353773075812062743e+00 3.002254248594862673e+00
-2.796352549160164624e+00 -7.265044318783203003e+00 -8.958736088405688136e+00 -7.230495168497927061e+00 -2.740450849716269399e+00 2.796352549158245715e+00 7.265044318781773036e+00 8.958736088405290232e+00 7.230495168498713987e+00 2.740450849717939619e+00 -2.796352549156327250e+00 -7.265044318780343069e+00 -8.958736088404892328e+00 -7.230495168499504466e+00 -2.740450849719620052e+00 2.796352549154415446e+00 7.265044318778909549e+00 8.958736088404497977e+00 7.230495168500285175e+00 2.740450849721284055e+00
-5.887287570337835785e-01 -3.651189936782776257e+00 -5.319020660062466099e+00 -4.955166278061446050e+00 -2.698606797748534625e+00 5.887287570326191766e-01 3.651189936781765066e+00 5.319020660061991812e+00 4.955166278061692076e+00 2.698606797749405040e+00 -5.887287570314552188e-01 -3.651189936780753875e+00 -5.319020660061520189e+00 -4.955166278061938989e+00 -2.698606797750280784e+00 5.887287570302952577e-01 3.651189936779740908e+00 5.319020660061045902e+00 4.955166278062181462e+00 2.698606797751147646e+00
-1.100532155909493826e+00 -5.073403532283204065e+00 -7.108407197968702462e+00 -6.428240919904897765e+00 -3.292705098310665601e+00 1.100532155907945064e+00 5.073403532281901107e+00 7.108407197968138469e+00 6.428240919905291229e+00 3.292705098311864198e+00 -1.100532155906396969e+00 -5.073403532280596373e+00 -7.108407197967576252e+00 -6.428240919905686468e+00 -3.292705098313070344e+00 1.100532155904853981e+00 5.073403532279289863e+00 7.108407197967013147e+00 6.428240919906075490e+00 3.292705098314264056e+00
-2.464589803378893329e+00 -6.830495168501964365e+00 -8.587383539249509923e+00 -7.064183272435530903e+00 -2.842705098310038814e+00 2.464589803377049027e+00 6.830495168500561931e+00 8.587383539249080044e+00 7.064183272436241445e+00 2.842705098311615330e+00 -2.464589803375205168e+00 -6.830495168499157721e+00 -8.587383539248651942e+00 -7.064183272436952876e+00 -2.842705098313201617e+00 2.464589803373367527e+00 6.830495168497750846e+00 8.587383539248223840e+00 7.064183272437657202e+00 2.842705098314772361e+00
-2.489589803378725374e+00 -6.642830723283124073e+00 -8.258736088405694176e+00 -6.720084971873053092e+00 -2.614589803372671106e+00 2.489589803376954347e+00 6.642830723281793581e+00 8.258736088405308706e+00 6.720084971873761859e+00 2.614589803374200550e+00 -2.489589803375183763e+00 -6.642830723280461314e+00 -8.258736088404921460e+00 -6.720084971874470625e+00 -2.614589803375739763e+00 2.489589803373419397e+00 6.642830723279126381e+00 8.258736088404535991e+00 6.720084971875172286e+00 2.614589803377263877e+00
2.317627457798857593e-01 -1.593566144657218242e+00 -2.810206931156447929e+00 -2.953444185374576758e+00 -1.968566144655516936e+00 -2.317627457805137015e-01 1.593566144656602068e+00 2.810206931156077115e+00 2.953444185374594522e+00 1.968566144655914618e+00 2.317627457811413105e-01 -1.593566144655985450e+00 -2.810206931155707633e+00 -2.953444185374612729e+00 -1.968566144656315853e+00 -2.317627457817664771e-01 1.593566144655368166e+00 2.810206931155336818e+00 2.953444185374628717e+00 1.968566144656712202e+00
-3.622213595503954942e+00 -8.027708764001825870e+00 -9.366892036436755831e+00 -7.128240919904031081e+00 -2.166844051966203999e+00 3.622213595501964978e+00 8.027708764000436759e+00 9.366892036436492930e+00 7.128240919905000084e+00 2.166844051968029650e+00 -3.622213595499975902e+00 -8.027708763999047648e+00 -9.366892036436230029e+00 -7.128240919905969974e+00 -2.166844051969865959e+00 3.622213595497993044e+00 8.027708763997653207e+00 9.366892036435972457e+00 7.128240919906930984e+00 2.166844051971684948e+00
-2.983155948034986515e+00 -7.190044318783079369e+00 -8.650580140374424687e+00 -6.806888370748007233e+00 -2.363196601122640850e+00 2.983155948033140437e+00 7.190044318781740884e+00 8.650580140374103166e+00 6.806888370748827022e+00 2.363196601124285756e+00 -2.983155948031294802e+00 -7.190044318780403287e+00 -8.650580140373781646e+00 -6.806888370749647699e+00 -2.363196601125940433e+00 2.983155948029454940e+00 7.190044318779061250e+00 8.650580140373461902e+00 6.806888370750461270e+00 2.363196601127579566e+00
