-1.905901699440769370e+00 -2.750657780880300773e+00 2.059016994371768716e-01 2.877912029473267186e+00 1.572745751409341919e+00 -1.905901699439818131e+00 -2.750657780878889458e+00 2.059016994370977405e-01 2.877912029471806576e+00 1.572745751408519466e+00 -1.905901699438866448e+00 -2.750657780877478142e+00 2.059016994370180820e-01 2.877912029470345523e+00 1.572745751407695902e+00 -1.905901699437918984e+00 -2.750657780876067271e+00 2.059016994369335662e-01 2.877912029468886246e+00 1.572745751406868786e+00
-1.915450849722511784e+00 -3.039715428349611948e+00 3.680339887481711564e-02 3.062461179755147089e+00 1.855901699440768882e+00 -1.915450849721558102e+00 -3.039715428348053639e+00 3.680339887482626804e-02 3.062461179753594553e+00 1.855901699439801211e+00 -1.915450849720604198e+00 -3.039715428346496218e+00 3.680339887483494166e-02 3.062461179752041129e+00 1.855901699438832209e+00 -1.915450849719655180e+00 -3.039715428344938353e+00 3.680339887483827926e-02 3.062461179750489482e+00 1.855901699437859875e+00
-2.422213595503633243e+00 -3.405166278068119556e+00 3.177050983122917671e-01 3.601518827223527452e+00 1.908155948034333527e+00 -2.422213595502423100e+00 -3.405166278066371177e+00 3.177050983121620376e-01 3.601518827221699581e+00 1.908155948033334548e+00 -2.422213595501212957e+00 -3.405166278064624130e+00 3.177050983120315863e-01 3.601518827219870378e+00 1.908155948032334237e+00 -2.422213595500007699e+00 -3.405166278062876639e+00 3.177050983118950289e-01 3.601518827218043395e+00 1.908155948031329485e+00
2.990450849722746440e+00 4.788651116540072472e+00 -3.090169943555581139e-02 -4.807749417100402489e+00 -2.940450849724674409e+00 2.990450849721258741e+00 4.788651116537618435e+00 -3.090169943558394861e-02 -4.807749417097965328e+00 -2.940450849723141857e+00 2.990450849719769266e+00 4.788651116535165286e+00 -3.090169943561133295e-02 -4.807749417095526390e+00 -2.940450849721606641e+00 2.990450849718288229e+00 4.788651116532711249e+00 -3.090169943563032470e-02 -4.807749417093091893e+00 -2.940450849720066984e+00
2.932294901691509192e+00 4.579101966258042111e+00 -1.022542485922706690e-01 -4.642298567381208052e+00 -2.766844051973971652e+00 2.932294901690048583e+00 4.579101966255695544e+00 -1.022542485922607602e-01 -4.642298567378853491e+00 -2.766844051972528362e+00 2.932294901688587530e+00 4.579101966253348088e+00 -1.022542485922500882e-01 -4.642298567376498042e+00 -2.766844051971082852e+00 2.932294901687133581e+00 4.579101966251000633e+00 -1.022542485922313671e-01 -4.642298567374147034e+00 -2.766844051969632456e+00
5.066844051975454732e+00 8.285129290671772395e+00 5.364745084749168724e-02 -8.251973342636549802e+00 -5.153647450854402123e+00 5.066844051972934970e+00 8.285129290667528679e+00 5.364745084738875569e-02 -8.251973342632366482e+00 -5.153647450851717160e+00 5.066844051970412544e+00 8.285129290663284962e+00 5.364745084728707314e-02 -8.251973342628183161e+00 -5.153647450849028644e+00 5.066844051967905216e+00 8.285129290659039469e+00 5.364745084719987900e-02 -8.251973342624005170e+00 -5.153647450846331246e+00
4.897745751412522885e+00 8.323325891796825360e+00 2.463525491603912043e-01 -8.171071643198844825e+00 -5.296352549167137269e+00 4.897745751410089277e+00 8.323325891792562103e+00 2.463525491601902817e-01 -8.171071643194704137e+00 -5.296352549164380363e+00 4.897745751407655668e+00 8.323325891788298847e+00 2.463525491599906081e-01 -8.171071643190563449e+00 -5.296352549161620793e+00 4.897745751405233605e+00 8.323325891784035591e+00 2.463525491598053674e-01 -8.171071643186428091e+00 -5.296352549158852341e+00
-1.917705098315578560e+00 -2.852912029473967159e+00 1.545084971870236135e-01 2.948403532285623463e+00 1.667705098315575230e+00 -1.917705098314622436e+00 -2.852912029472503441e+00 1.545084971869714607e-01 2.948403532284128215e+00 1.667705098314703926e+00 -1.917705098313665424e+00 -2.852912029471040611e+00 1.545084971869187529e-01 2.948403532282631634e+00 1.667705098313831513e+00 -1.917705098312713075e+00 -2.852912029469577782e+00 1.545084971868610491e-01 2.948403532281136830e+00 1.667705098312955547e+00
-1.211803398876892368e+00 -1.627583139033943249e+00 2.059016994375307830e-01 1.754837387627357304e+00 8.786474508451753707e-01 -1.211803398876286630e+00 -1.627583139033107473e+00 2.059016994374413823e-01 1.754837387626465794e+00 8.786474508447146281e-01 -1.211803398875680227e+00 -1.627583139032271697e+00 2.059016994373516207e-01 1.754837387625574285e+00 8.786474508442531084e-01 -1.211803398875076709e+00 -1.627583139031435921e+00 2.059016994372589726e-01 1.754837387624683442e+00 8.786474508437895903e-01
-7.095491502828571440e-01 -1.082623792127432871e+00 4.045084971873006557e-02 1.107623792127198969e+00 6.440983005638616365e-01 -7.095491502825036489e-01 -1.082623792126877760e+00 4.045084971871947682e-02 1.107623792126637197e+00 6.440983005635254610e-01 -7.095491502821498209e-01 -1.082623792126322648e+00 4.045084971870870072e-02 1.107623792126075202e+00 6.440983005631887304e-01 -7.095491502817977691e-01 -1.082623792125767537e+00 4.045084971869602336e-02 1.107623792125513651e+00 6.440983005628507785e-01
-6.667705098322179502e+00 -1.055177007717603921e+01 1.463525491526266875e-01 1.064222092689039201e+01 6.430901699450367381e+00 -6.667705098318859491e+00 -1.055177007717063020e+01 1.463525491526490585e-01 1.064222092688499899e+01 6.430901699447014508e+00 -6.667705098315538592e+00 -1.055177007716522297e+01 1.463525491526697087e-01 1.064222092687959886e+01 6.430901699443656305e+00 -6.667705098312233680e+00 -1.055177007715981397e+01 1.463525491526718736e-01 1.064222092687420940e+01 6.430901699440287445e+00
-6.823606797759505405e+00 -1.096582772464428324e+01 4.635254915275204002e-02 1.099447517548364672e+01 6.748606797762385590e+00 -6.823606797756109899e+00 -1.096582772463866284e+01 4.635254915282886051e-02 1.099447517547807429e+01 6.748606797758867515e+00 -6.823606797752713504e+00 -1.096582772463304600e+01 4.635254915290393241e-02 1.099447517547249831e+01 6.748606797755345887e+00 -6.823606797749333097e+00 -1.096582772462742561e+01 4.635254915295981132e-02 1.099447517546693120e+01 6.748606797751811825e+00
-1.794098300565329707e+00 -2.612461179754706819e+00 1.795084971870798130e-01 2.723403532285192608e+00 1.503647450846546496e+00 -1.794098300564434423e+00 -2.612461179753366114e+00 1.795084971870127555e-01 2.723403532283811046e+00 1.503647450845760236e+00 -1.794098300563538917e+00 -2.612461179752026741e+00 1.795084971869452539e-01 2.723403532282428152e+00 1.503647450844973088e+00 -1.794098300562647186e+00 -2.612461179750686480e+00 1.795084971868730894e-01 2.723403532281047923e+00 1.503647450844182609e+00
1.276393202251663528e+00 2.685206931161379096e+00 3.831559480329497225e-01 -2.448403532284805895e+00 -1.896352549160019496e+00 1.276393202251034253e+00 2.685206931160006416e+00 3.831559480327310641e-01 -2.448403532283568218e+00 -1.896352549159036727e+00 1.276393202250404535e+00 2.685206931158633736e+00 3.831559480325126832e-01 -2.448403532282329209e+00 -1.896352549158052847e+00 1.276393202249779257e+00 2.685206931157261501e+00 3.831559480322989653e-01 -2.448403532281093753e+00 -1.896352549157066747e+00
-2.060410196628242208e+00 -2.255698433973164274e+00 6.663118960626456255e-01 2.667501832847763321e+00 9.822949016898712138e-01 -2.060410196627207036e+00 -2.255698433972002537e+00 6.663118960623286569e-01 2.667501832846405296e+00 9.822949016893496310e-01 -2.060410196626171864e+00 -2.255698433970840799e+00 6.663118960620111331e-01 2.667501832845047272e+00 9.822949016888271601e-01 -2.060410196625139800e+00 -2.255698433969679062e+00 6.663118960616896125e-01 2.667501832843689691e+00 9.822949016883010254e-01
-2.139057647472069945e+00 -2.342501832848430610e+00 6.913118960625341813e-01 2.769756081441688611e+00 1.020491502815107809e+00 -2.139057647470995249e+00 -2.342501832847223575e+00 6.913118960622054443e-01 2.769756081440278184e+00 1.020491502814565798e+00 -2.139057647469920553e+00 -2.342501832846017429e+00 6.913118960618760411e-01 2.769756081438868645e+00 1.020491502814023121e+00 -2.139057647468849410e+00 -2.342501832844810838e+00 6.913118960615423081e-01 2.769756081437458661e+00 1.020491502813476670e+00
-2.214057647471855184e+00 -2.654305231723595782e+00 5.736067977497322223e-01 3.008813728910337826e+00 1.285942352534085842e+00 -2.214057647470744961e+00 -2.654305231722230207e+00 5.736067977494658798e-01 3.008813728908807938e+00 1.285942352533407274e+00 -2.214057647469634738e+00 -2.654305231720865077e+00 5.736067977491988712e-01 3.008813728907277607e+00 1.285942352532727817e+00 -2.214057647468528067e+00 -2.654305231719499947e+00 5.736067977489271996e-01 3.008813728905748164e+00 1.285942352532044586e+00
-1.377254248595883857e+00 -1.418033988752758434e+00 5.008610463439063798e-01 1.727583139033806781e+00 5.668440519702087066e-01 -1.377254248595191299e+00 -1.418033988752027241e+00 5.008610463436655724e-01 1.727583139032926818e+00 5.668440519699059488e-01 -1.377254248594498298e+00 -1.418033988751296270e+00 5.008610463434244320e-01 1.727583139032046855e+00 5.668440519696027469e-01 -1.377254248593807517e+00 -1.418033988750565078e+00 5.008610463431807380e-01 1.727583139031166670e+00 5.668440519692972135e-01
-1.305901699439796060e+00 -1.583484838471560519e+00 3.272542485940732049e-01 1.785739087065161046e+00 7.763932022513521103e-01 -1.305901699439141472e+00 -1.583484838470746281e+00 3.272542485939219370e-01 1.785739087064253106e+00 7.763932022509427711e-01 -1.305901699438486663e+00 -1.583484838469932043e+00 3.272542485937702805e-01 1.785739087063345165e+00 7.763932022505326547e-01 -1.305901699437834074e+00 -1.583484838469117584e+00 3.272542485936157930e-01 1.785739087062437447e+00 7.763932022501205399e-01
-1.236803398877320159e+00 -1.437132289315324662e+00 3.486067977503454762e-01 1.652583139033982462e+00 6.727457514076100598e-01 -1.236803398876699767e+00 -1.437132289314585032e+00 3.486067977501819959e-01 1.652583139033141801e+00 6.727457514072543443e-01 -1.236803398876078930e+00 -1.437132289313845623e+00 3.486067977500182380e-01 1.652583139032301141e+00 6.727457514068981848e-01 -1.236803398875460314e+00 -1.437132289313105771e+00 3.486067977498517600e-01 1.652583139031460480e+00 6.727457514065398048e-01
