-3.353899164002179578e+00 -8.119665633121499582e+00 -1.209062265703385819e+01 -1.487806529495426844e+01 -1.620913924022822528e+01 -1.595354970095483793e+01 -1.413631556203521455e+01 -1.093532036240156202e+01 -6.663899814838999625e+00 -1.740170323279868425e+00 3.353899164001441502e+00 8.119665633120741077e+00 1.209062265703314765e+01 1.487806529495367336e+01 1.620913924022781671e+01 1.595354970095464253e+01 1.413631556203525719e+01 1.093532036240184269e+01 6.663899814839475688e+00 1.740170323280510800e+00
5.668391827882437894e+00 1.198545864724719934e+01 1.712930526661866537e+01 2.059641613960597439e+01 2.204740629717923284e+01 2.134024271307231757e+01 1.854414748599601737e+01 1.393282189831754891e+01 7.957654627553474747e+00 1.203536677604525984e+00 -5.668391827881426259e+00 -1.198545864724617438e+01 -1.712930526661772035e+01 -2.059641613960520701e+01 -2.204740629717872480e+01 -2.134024271307210086e+01 -1.854414748599612750e+01 -1.393282189831797879e+01 -7.957654627554161308e+00 -1.203536677605424376e+00
5.791092701551146860e+00 1.230083406281656444e+01 1.760648408106302654e+01 2.118868876586722649e+01 2.269679696399288815e+01 2.198318453739982559e+01 1.911770484243310975e+01 1.438085099660707833e+01 8.236299257952582664e+00 1.285521162258449035e+00 -5.791092701550105915e+00 -1.230083406281550928e+01 -1.760648408106206020e+01 -2.118868876586643779e+01 -2.269679696399236235e+01 -2.198318453739960177e+01 -1.911770484243322343e+01 -1.438085099660752064e+01 -8.236299257953287878e+00 -1.285521162259372741e+00
1.368442928635869693e+00 5.503643306958574399e+00 9.100108732258449962e+00 1.180579211065909462e+01 1.335584230147805584e+01 1.359852959220327406e+01 1.251009805991678370e+01 1.019709096654719538e+01 6.885921562061566803e+00 2.900710178044747956e+00 -1.368442928635271727e+00 -5.503643306957936687e+00 -9.100108732257835342e+00 -1.180579211065855638e+01 -1.335584230147765794e+01 -1.359852959220304491e+01 -1.251009805991675172e+01 -1.019709096654736769e+01 -6.885921562061911416e+00 -2.900710178045246224e+00
-1.629392083060128282e+00 -5.541222389647860957e+00 -8.910639240770272806e+00 -1.140782063893188969e+01 -1.278832506999477125e+01 -1.291701914170655030e+01 -1.178130538166375985e+01 -9.492355365682444202e+00 -6.274227469379385802e+00 -2.441934473260216176e+00 1.629392083059553187e+00 5.541222389647253443e+00 8.910639240769691938e+00 1.140782063893138520e+01 1.278832506999440177e+01 1.291701914170634602e+01 1.178130538166374386e+01 9.492355365682621837e+00 6.274227469379725974e+00 2.441934473260700234e+00
-2.864675744780857958e+00 -2.288249747801364364e+00 -1.487833922333610337e+00 -5.417785461993569474e-01 4.573098888299769182e-01 1.411633645675278048e+00 2.227776865851938126e+00 2.825849764564882793e+00 3.147308799469183516e+00 3.160687320491612162e+00 2.864675744780857070e+00 2.288249747801409217e+00 1.487833922333695824e+00 5.417785461994776286e-01 -4.573098888298344211e-01 -1.411633645675129722e+00 -2.227776865851795129e+00 -2.825849764564762001e+00 -3.147308799469095142e+00 -3.160687320491564645e+00
-2.692913011047145311e+00 -6.501187365396836171e+00 -9.673080203985623626e+00 -1.189810455589553939e+01 -1.295845953490540836e+01 -1.275035020774220484e+01 -1.129414776533160492e+01 -8.732395448695774220e+00 -5.315855423364942212e+00 -1.378962431452575021e+00 2.692913011046555560e+00 6.501187365396228657e+00 9.673080203985056968e+00 1.189810455589506688e+01 1.295845953490508151e+01 1.275035020774204853e+01 1.129414776533164044e+01 8.732395448695998041e+00 5.315855423365323240e+00 1.378962431453088833e+00
2.539567905631131550e-01 -1.328550311348893009e+00 -2.781009652231749563e+00 -3.961244391920558439e+00 -4.753724930915614877e+00 -5.080877752523501378e+00 -4.910678859157499687e+00 -4.259788504345693561e+00 -3.191920371036831128e+00 -1.811604832393964415e+00 -2.539567905633206557e-01 1.328550311348659863e+00 2.781009652231514195e+00 3.961244391920341279e+00 4.753724930915439906e+00 5.080877752523383251e+00 4.910678859157451726e+00 4.259788504345721982e+00 3.191920371036928383e+00 1.811604832394125175e+00
-8.883663543256188344e-01 -5.138108837841133258e+00 -8.884897428999435576e+00 -1.176197035508681488e+01 -1.348769967235205414e+01 -1.389315897135807631e+01 -1.293865907091712764e+01 -1.071763307167622514e+01 -7.447490473239144926e+00 -3.448335617564139532e+00 8.883663543250182038e-01 5.138108837840484888e+00 8.884897428998801416e+00 1.176197035508625532e+01 1.348769967235162959e+01 1.389315897135782052e+01 1.293865907091707079e+01 1.071763307167637613e+01 7.447490473239475328e+00 3.448335617564631583e+00
7.744471792654719522e+00 1.749697142886655854e+01 2.553674559305261482e+01 3.107680517362196326e+01 3.357485053896364491e+01 3.278635560381258074e+01 2.878850374618860641e+01 2.197263256058774417e+01 1.300592700762356202e+01 2.766110701531358629e+00 -7.744471792653184750e+00 -1.749697142886498824e+01 -2.553674559305116532e+01 -3.107680517362075889e+01 -3.357485053896282778e+01 -3.278635560381221126e+01 -2.878850374618873431e+01 -2.197263256058836234e+01 -1.300592700762457810e+01 -2.766110701532706440e+00
-1.602796026838529952e+00 -5.332506549743186497e+00 -8.540234177801158566e+00 -1.091198418122557534e+01 -1.221559314472729163e+01 -1.232345474018105591e+01 -1.122501072310792836e+01 -9.027784447208512475e+00 -5.946855729343502261e+00 -2.283807338510126961e+00 1.602796026837980836e+00 5.332506549742606516e+00 8.540234177800602566e+00 1.091198418122509395e+01 1.221559314472694346e+01 1.232345474018086229e+01 1.122501072310791415e+01 9.027784447208684782e+00 5.946855729343829111e+00 2.283807338510590146e+00
-3.811696331000924864e+00 -9.431400705782548854e+00 -1.412789386704948846e+01 -1.744145034178497511e+01 -1.904771613533640462e+01 -1.878945876031913187e+01 -1.669195824798478966e+01 -1.296053256262605657e+01 -7.960439648697335890e+00 -2.181123438309794160e+00 3.811696331000058446e+00 9.431400705781655347e+00 1.412789386704865180e+01 1.744145034178427522e+01 1.904771613533591790e+01 1.878945876031889739e+01 1.669195824798483230e+01 1.296053256262637987e+01 7.960439648697891890e+00 2.181123438310546003e+00
1.022960189947751175e+00 -2.034190399206845079e+00 -4.892220259049163467e+00 -7.271365513832901861e+00 -8.938738849540118991e+00 -9.731126146798668941e+00 -9.570963016065951123e+00 -8.473927340500235772e+00 -6.547404615522896876e+00 -3.979976308327822565e+00 -1.022960189948137533e+00 2.034190399206403210e+00 4.892220259048707831e+00 7.271365513832474647e+00 8.938738849539765496e+00 9.731126146798420251e+00 9.570963016065833884e+00 8.473927340500264194e+00 6.547404615523060301e+00 3.979976308328112999e+00
1.763105987437326494e+00 -2.570056240274916526e+00 -6.651643456554279688e+00 -1.008212146658102171e+01 -1.252569118118798919e+01 -1.374315897135815945e+01 -1.361535060719280210e+01 -1.215477686186965300e+01 -9.504408869996625597e+00 -5.923683116817876737e+00 -1.763105987437866062e+00 2.570056240274293913e+00 6.651643456553635758e+00 1.008212146658041064e+01 1.252569118118747937e+01 1.374315897135779707e+01 1.361535060719262269e+01 1.215477686186968143e+01 9.504408869996844089e+00 5.923683116818276417e+00
-4.790642115870313411e+00 -1.049690859993650527e+01 -1.517566453397819437e+01 -1.836892068836195335e+01 -1.976409890197282238e+01 -1.922462941048438623e+01 -1.680331924642849728e+01 -1.273718311892285548e+01 -7.424242762563973308e+00 -1.384565796864383636e+00 4.790642115869408357e+00 1.049690859993558334e+01 1.517566453397734350e+01 1.836892068836125347e+01 1.976409890197235342e+01 1.922462941048417662e+01 1.680331924642858610e+01 1.273718311892322852e+01 7.424242762564577269e+00 1.384565796865182552e+00
-4.031793797381109989e+00 -9.844729785492097207e+00 -1.469399502993339190e+01 -1.810490966176143246e+01 -1.974358959157322246e+01 -1.944962941048439120e+01 -1.725180398916092273e+01 -1.336525179299210997e+01 -8.170415630140389851e+00 -2.175802258777515430e+00 4.031793797380211153e+00 9.844729785491169949e+00 1.469399502993252860e+01 1.810490966176070771e+01 1.974358959157272153e+01 1.944962941048414606e+01 1.725180398916097602e+01 1.336525179299244925e+01 8.170415630140968943e+00 2.175802258778297027e+00
1.035065109248534121e-01 -1.279821458581324567e+00 -2.537871586681124558e+00 -3.547497161485486661e+00 -4.209868997257544265e+00 -4.460149523695987384e+00 -4.273839539066054627e+00 -3.669176362761319421e+00 -2.705348639414563827e+00 -1.476702541969589610e+00 -1.035065109250380422e-01 1.279821458581119176e+00 2.537871586680918945e+00 3.547497161485298367e+00 4.209868997257394163e+00 4.460149523695888796e+00 4.273839539066018212e+00 3.669176362761349175e+00 2.705348639414653977e+00 1.476702541969734606e+00
-4.104979128773948105e+00 -9.734842482210069647e+00 -1.441179162685160620e+01 -1.767801419420025510e+01 -1.921378956225316514e+01 -1.886878533760915388e+01 -1.667677293756216272e+01 -1.285232180847722994e+01 -7.769795873387051799e+00 -1.926708182858710039e+00 4.104979128773073249e+00 9.734842482209170811e+00 1.441179162685076776e+01 1.767801419419955877e+01 1.921378956225268553e+01 1.886878533760893006e+01 1.667677293756221957e+01 1.285232180847756744e+01 7.769795873387619345e+00 1.926708182859474316e+00
-3.601241256638413990e+00 -9.092582604773522093e+00 -1.369387861580522525e+01 -1.695472237705933694e+01 -1.855591978154987132e+01 -1.834073447112701416e+01 -1.633023028325916925e+01 -1.272120937586120348e+01 -7.866947860876486232e+00 -2.242614677020438485e+00 3.601241256637570665e+00 9.092582604772649901e+00 1.369387861580440813e+01 1.695472237705865126e+01 1.855591978154939525e+01 1.834073447112677968e+01 1.633023028325920478e+01 1.272120937586151612e+01 7.866947860877022691e+00 2.242614677021168568e+00
-4.450413005024165258e+00 -9.957303809419073559e+00 -1.448950434033297086e+01 -1.760337123210211629e+01 -1.899409749777377954e+01 -1.852554916070439361e+01 -1.624359099669452178e+01 -1.237159697017489002e+01 -7.288584834229943077e+00 -1.492115232153986781e+00 4.450413005023296620e+00 9.957303809418183604e+00 1.448950434033215018e+01 1.760337123210143773e+01 1.899409749777332479e+01 1.852554916070418400e+01 1.624359099669459638e+01 1.237159697017524174e+01 7.288584834230519505e+00 1.492115232154751281e+00
