2.749999999995353495e+00 2.699999999996586464e+00 -2.749999999996359357e+00 -2.699999999997709565e+00 2.749999999997365219e+00 2.699999999998832667e+00 -2.749999999998371525e+00 -2.699999999999955325e+00 2.749999999999377387e+00 2.700000000001077538e+00 -2.750000000000383693e+00 -2.700000000002200640e+00 2.750000000001389111e+00 2.700000000003323297e+00 -2.750000000002395417e+00 -2.700000000004446399e+00 2.750000000003401723e+00 2.700000000005568612e+00 -2.750000000004407585e+00 -2.700000000006691270e+00
-4.599999999991046806e+00 -5.799999999991961808e+00 4.599999999992697930e+00 5.799999999994342126e+00 -4.599999999994348165e+00 -5.799999999996720668e+00 4.599999999995999289e+00 5.799999999999100098e+00 -4.599999999997648636e+00 -5.800000000001479528e+00 4.599999999999300648e+00 5.800000000003858069e+00 -4.600000000000949996e+00 -5.800000000006237499e+00 4.600000000002602007e+00 5.800000000008616041e+00 -4.600000000004253131e+00 -5.800000000010995471e+00 4.600000000005903367e+00 5.800000000013374901e+00
5.999999999985083932e-01 9.499999999973710585e-01 -5.999999999987190025e-01 -9.499999999977571941e-01 5.999999999989292787e-01 9.499999999981429966e-01 -5.999999999991398880e-01 -9.499999999985289101e-01 5.999999999993502753e-01 9.499999999989146016e-01 -5.999999999995608846e-01 -9.499999999993005151e-01 5.999999999997711608e-01 9.499999999996864286e-01 -5.999999999999816591e-01 -9.500000000000722311e-01 6.000000000001922684e-01 9.500000000004580336e-01 -6.000000000004027667e-01 -9.500000000008438361e-01
-2.049999999996247269e+00 -2.699999999996416378e+00 2.049999999996980016e+00 2.699999999997522604e+00 -2.049999999997712319e+00 -2.699999999998627498e+00 2.049999999998445510e+00 2.699999999999732836e+00 -2.049999999999178257e+00 -2.700000000000837730e+00 2.049999999999911005e+00 2.700000000001943068e+00 -2.050000000000643308e+00 -2.700000000003048406e+00 2.050000000001376499e+00 2.700000000004153744e+00 -2.050000000002109690e+00 -2.700000000005258638e+00 2.050000000002841993e+00 2.700000000006363976e+00
-2.449999999995407407e+00 -1.749999999998030908e+00 2.449999999996319566e+00 1.749999999998775424e+00 -2.449999999997232170e+00 -1.749999999999519940e+00 2.449999999998144773e+00 1.750000000000264677e+00 -2.449999999999057820e+00 -1.750000000001008527e+00 2.449999999999970424e+00 1.750000000001753264e+00 -2.450000000000883027e+00 -1.750000000002497558e+00 2.450000000001795186e+00 1.750000000003242073e+00 -2.450000000002708234e+00 -1.750000000003986367e+00 2.450000000003620837e+00 1.750000000004730660e+00
3.399999999994132160e+00 3.049999999995002931e+00 -3.399999999995383604e+00 -3.049999999996279243e+00 3.399999999996634159e+00 3.049999999997554667e+00 -3.399999999997885602e+00 -3.049999999998830535e+00 3.399999999999136158e+00 3.050000000000105516e+00 -3.400000000000387601e+00 -3.050000000001381384e+00 3.400000000001637712e+00 3.050000000002657252e+00 -3.400000000002889156e+00 -3.050000000003932676e+00 3.400000000004140155e+00 3.050000000005208101e+00 -3.400000000005391154e+00 -3.050000000006483525e+00
3.799999999993223909e+00 3.099999999995338484e+00 -3.799999999994630340e+00 -3.099999999996644107e+00 3.799999999996034994e+00 3.099999999997948841e+00 -3.799999999997441424e+00 -3.099999999999254019e+00 3.799999999998847411e+00 3.100000000000559197e+00 -3.800000000000253841e+00 -3.100000000001864375e+00 3.800000000001658940e+00 3.100000000003169554e+00 -3.800000000003064926e+00 -3.100000000004474732e+00 3.800000000004471357e+00 3.100000000005779466e+00 -3.800000000005876899e+00 -3.100000000007084644e+00
2.199999999995168487e+00 2.499999999995623057e+00 -2.199999999995965183e+00 -2.499999999996654676e+00 2.199999999996760547e+00 2.499999999997685407e+00 -2.199999999997557687e+00 -2.499999999998716582e+00 2.199999999998353939e+00 2.499999999999746869e+00 -2.199999999999150191e+00 -2.500000000000778044e+00 2.199999999999945999e+00 2.500000000001808775e+00 -2.200000000000742695e+00 -2.500000000002839950e+00 2.200000000001539391e+00 2.500000000003870682e+00 -2.200000000002335199e+00 -2.500000000004901413e+00
-1.749999999996256550e+00 -1.999999999997521760e+00 1.749999999996890043e+00 1.999999999998346434e+00 -1.749999999997522870e+00 -1.999999999999170885e+00 1.749999999998156142e+00 1.999999999999995559e+00 -1.749999999998789191e+00 -2.000000000000819789e+00 1.749999999999422462e+00 2.000000000001644462e+00 -1.750000000000055289e+00 -2.000000000002469136e+00 1.750000000000688560e+00 2.000000000003293366e+00 -1.750000000001322054e+00 -2.000000000004117595e+00 1.750000000001954881e+00 2.000000000004942269e+00
-2.786382236052986627e-13 -2.999999999996176836e-01 2.711442181890788561e-13 2.999999999997348676e-01 -2.636502127728590494e-13 -2.999999999998519407e-01 2.561284517810236139e-13 2.999999999999690692e-01 -2.486344463648038072e-13 -3.000000000000861977e-01 2.411404409485840006e-13 3.000000000002033262e-01 -2.336464355323641939e-13 -3.000000000003203993e-01 2.261524301161443873e-13 3.000000000004374723e-01 -2.186861802755402095e-13 -3.000000000005546008e-01 2.111644192837047740e-13 3.000000000006717293e-01
-1.399999999997128430e+00 -2.299999999997256683e+00 1.399999999997617595e+00 2.299999999998189715e+00 -1.399999999998106315e+00 -2.299999999999122746e+00 1.399999999998595479e+00 2.300000000000055334e+00 -1.399999999999084421e+00 -2.300000000000988365e+00 1.399999999999573586e+00 2.300000000001920952e+00 -1.400000000000062306e+00 -2.300000000002853984e+00 1.400000000000551470e+00 2.300000000003787015e+00 -1.400000000001040856e+00 -2.300000000004719602e+00 1.400000000001529799e+00 2.300000000005652190e+00
-2.499999999994483302e-01 -6.499999999993444355e-01 2.499999999995297373e-01 6.499999999996046718e-01 -2.499999999996110056e-01 -6.499999999998646860e-01 2.499999999996923572e-01 6.500000000001245892e-01 -2.499999999997736533e-01 -6.500000000003846035e-01 2.499999999998550604e-01 6.500000000006445067e-01 -2.499999999999363287e-01 -6.500000000009045209e-01 2.500000000000177081e-01 6.500000000011645351e-01 -2.500000000000991429e-01 -6.500000000014245494e-01 2.500000000001804112e-01 6.500000000016844526e-01
-1.849999999996718048e+00 -1.899999999997653566e+00 1.849999999997393063e+00 1.899999999998441824e+00 -1.849999999998067191e+00 -1.899999999999229860e+00 1.849999999998741984e+00 1.900000000000017897e+00 -1.849999999999416778e+00 -1.900000000000805711e+00 1.850000000000091571e+00 1.900000000001593525e+00 -1.850000000000765699e+00 -1.900000000002381562e+00 1.850000000001440714e+00 1.900000000003169598e+00 -1.850000000002115730e+00 -1.900000000003957412e+00 1.850000000002790301e+00 1.900000000004745226e+00
4.849999999990751931e+00 4.649999999993764455e+00 -4.849999999992530064e+00 -4.649999999995701572e+00 4.849999999994305533e+00 4.649999999997638689e+00 -4.849999999996082778e+00 -4.649999999999574030e+00 4.849999999997860023e+00 4.650000000001510259e+00 -4.849999999999637268e+00 -4.650000000003446488e+00 4.850000000001413625e+00 4.650000000005383605e+00 -4.850000000003190870e+00 -4.650000000007319834e+00 4.850000000004968115e+00 4.650000000009256063e+00 -4.850000000006745360e+00 -4.650000000011192292e+00
-1.549999999997311306e+00 -2.549999999996456879e+00 1.549999999997852873e+00 2.549999999997491607e+00 -1.549999999998393774e+00 -2.549999999998525446e+00 1.549999999998935341e+00 2.549999999999559730e+00 -1.549999999999476463e+00 -2.550000000000594014e+00 1.550000000000018030e+00 2.550000000001628297e+00 -1.550000000000558931e+00 -2.550000000002662581e+00 1.550000000001100720e+00 2.550000000003696865e+00 -1.550000000001642286e+00 -2.550000000004730705e+00 1.550000000002183409e+00 2.550000000005764988e+00
-2.549999999995312905e+00 -2.449999999996982591e+00 2.549999999996247269e+00 2.449999999998003553e+00 -2.549999999997181188e+00 -2.449999999999023181e+00 2.549999999998115552e+00 2.450000000000043698e+00 -2.549999999999049471e+00 -2.450000000001063771e+00 2.549999999999984279e+00 2.450000000002083844e+00 -2.550000000000917311e+00 -2.450000000003104361e+00 2.550000000001852118e+00 2.450000000004123990e+00 -2.550000000002786482e+00 -2.450000000005144063e+00 2.550000000003720402e+00 2.450000000006164136e+00
-1.849999999996775113e+00 -1.799999999997721423e+00 1.849999999997452349e+00 1.799999999998470823e+00 -1.849999999998129141e+00 -1.799999999999219780e+00 1.849999999998806599e+00 1.799999999999968736e+00 -1.849999999999483613e+00 -1.800000000000717248e+00 1.850000000000160849e+00 1.800000000001466205e+00 -1.850000000000837863e+00 -1.800000000002215161e+00 1.850000000001515321e+00 1.800000000002964118e+00 -1.850000000002192557e+00 -1.800000000003712852e+00 1.850000000002869571e+00 1.800000000004461809e+00
-1.899999999996647038e+00 -2.499999999997165823e+00 1.899999999997326716e+00 2.499999999998189892e+00 -1.899999999998005062e+00 -2.499999999999213074e+00 1.899999999998684963e+00 2.500000000000236700e+00 -1.899999999999363753e+00 -2.500000000001259437e+00 1.900000000000043432e+00 2.500000000002283063e+00 -1.900000000000722000e+00 -2.500000000003306688e+00 1.900000000001401679e+00 2.500000000004329870e+00 -1.900000000002080913e+00 -2.500000000005353495e+00 1.900000000002759926e+00 2.500000000006377121e+00
-2.849999999995126654e+00 -2.699999999995863043e+00 2.849999999996172484e+00 2.699999999996988365e+00 -2.849999999997216538e+00 -2.699999999998113687e+00 2.849999999998261924e+00 2.699999999999239009e+00 -2.849999999999306866e+00 -2.700000000000363887e+00 2.850000000000352252e+00 2.700000000001489209e+00 -2.850000000001396749e+00 -2.700000000002614531e+00 2.850000000002442135e+00 2.700000000003739853e+00 -2.850000000003487521e+00 -2.700000000004864731e+00 2.850000000004532019e+00 2.700000000005990053e+00
-1.899999999996752953e+00 -2.799999999996432010e+00 1.899999999997424860e+00 2.799999999997572875e+00 -1.899999999998096545e+00 -2.799999999998713296e+00 1.899999999998768008e+00 2.799999999999854161e+00 -1.899999999999439915e+00 -2.800000000000994138e+00 1.900000000000111822e+00 2.800000000002135003e+00 -1.900000000000782840e+00 -2.800000000003275424e+00 1.900000000001454969e+00 2.800000000004415845e+00 -1.900000000002126876e+00 -2.800000000005556267e+00 1.900000000002798561e+00 2.800000000006697132e+00
