-5.154156367933606653e+00 9.782517682150472238e-01 4.004152443160876373e+00 -5.685415276256963857e+00 2.679454061924819275e+00 2.535528112666495026e+00 -5.660146124721256555e+00 4.118372723197668783e+00 8.187086244414235603e-01 -5.080822433939642835e+00 5.154156367932202443e+00 -9.782517682216093080e-01 -4.004152443151755669e+00 5.685415276252810735e+00 -2.679454061929054554e+00 -2.535528112657372102e+00 5.660146124714759530e+00 -4.118372723199159147e+00 -8.187086244331605034e-01 5.080822433931445836e+00
4.972019777205243241e-01 -4.445397590913809927e-01 2.538585118273906094e-02 4.146969012070853555e-01 -5.128912965846051941e-01 1.882429791162361365e-01 2.915984026402430596e-01 -5.310374604441877588e-01 3.326735726877481092e-01 1.399562207374414891e-01 -4.972019777198187218e-01 4.445397590913562347e-01 -2.538585118341657454e-02 -4.146969012062655113e-01 5.128912965843176464e-01 -1.882429791167178068e-01 -2.915984026393892425e-01 5.310374604436656210e-01 -3.326735726879895827e-01 -1.399562207366388533e-01
-2.438899977273338404e+00 3.678776872169792211e-01 2.006433818885643650e+00 -2.726582104100818693e+00 1.198855681025096764e+00 1.317242726232990435e+00 -2.747367377363579166e+00 1.912481327855066748e+00 4.991107377670052081e-01 -2.499221189695288281e+00 2.438899977272828590e+00 -3.678776872202629278e-01 -2.006433818881272924e+00 2.726582104098967285e+00 -1.198855681027289455e+00 -1.317242726228565086e+00 2.747367377360566465e+00 -1.912481327855952928e+00 -4.991107377629444564e-01 2.499221189691412714e+00
-2.425513271001938698e+00 2.401183528670888245e-01 2.143237217761396973e+00 -2.759644810396271630e+00 1.100919824472061048e+00 1.465435936833458408e+00 -2.823643088172232307e+00 1.853955593097538213e+00 6.441875761157633828e-01 -2.611243506999023634e+00 2.425513271001636273e+00 -2.401183528705906622e-01 -2.143237217756977842e+00 2.759644810394580983e+00 -1.100919824474491548e+00 -1.465435936828914487e+00 2.823643088169317750e+00 -1.853955593098658650e+00 -6.441875761115253285e-01 2.611243506995173824e+00
3.676637618323343126e+00 -7.623379975010121656e-01 -2.780455553936043600e+00 4.030959536017775235e+00 -1.958221581782808585e+00 -1.728932003031281806e+00 3.990703048979172163e+00 -2.962420793906589189e+00 -5.081685414924228539e-01 3.559808742642537549e+00 -3.676637618322236012e+00 7.623379975055719626e-01 2.780455553929574997e+00 -4.030959536014735001e+00 1.958221581785701160e+00 1.728932003024847175e+00 -3.990703048974495459e+00 2.962420793907530214e+00 5.081685414866308204e-01 -3.559808742636688006e+00
3.314331954136191083e+00 -5.673964581815532648e-01 -2.647317413491320881e+00 3.679504725756233885e+00 -1.678199813589503320e+00 -1.706662524099606948e+00 3.684501938201363735e+00 -2.624729278536688248e+00 -5.989476158321559440e-01 3.328834429500023173e+00 -3.314331954135388170e+00 5.673964581858887968e-01 2.647317413485420712e+00 -3.679504725753637295e+00 1.678199813592349265e+00 1.706662524093670363e+00 -3.684501938197226156e+00 2.624729278537764277e+00 5.989476158267446060e-01 -3.328834429494754055e+00
2.137136187068449100e+00 -4.674305340660614427e-01 -1.587638638277555803e+00 2.333811689164645653e+00 -1.155921546760509733e+00 -9.749444131782316614e-01 2.302037442502605558e+00 -1.731262904678419812e+00 -2.668158360799921525e-01 2.044923731729937355e+00 -2.137136187067766091e+00 4.674305340686663035e-01 1.587638638273809910e+00 -2.333811689162849312e+00 1.155921546762142871e+00 9.749444131745191866e-01 -2.302037442499871744e+00 1.731262904678920300e+00 2.668158360766639259e-01 -2.044923731726536964e+00
-2.184684449307157106e+00 4.813008968326238923e-01 1.618881311159989567e+00 -2.384410016656193676e+00 1.184160775258480625e+00 9.923455365753182100e-01 -2.350732918412830941e+00 1.771106746468129378e+00 2.686720667928726436e-01 -2.086949703595407435e+00 2.184684449306453224e+00 -4.813008968352801564e-01 -1.618881311156162406e+00 2.384410016654353370e+00 -1.184160775260143295e+00 -9.923455365715270204e-01 2.350732918410034067e+00 -1.771106746468634530e+00 -2.686720667894759718e-01 2.086949703591930660e+00
7.583192702014530939e-02 1.494263747580661106e-02 -9.339805089739681987e-02 9.485335634490923984e-02 -1.810875708259099617e-02 -7.356523564390220205e-02 1.045898782684079320e-01 -4.938754032659282978e-02 -4.653134256644142486e-02 1.040884141864350937e-01 -7.583192702017241271e-02 -1.494263747565496153e-02 9.339805089724569076e-02 -9.485335634488324674e-02 1.810875708271161844e-02 7.356523564373460000e-02 -1.045898782683313544e-01 4.938754032667056620e-02 4.653134256627330934e-02 -1.040884141863154949e-01
-1.903124557497561042e+00 3.741907354881072734e-01 1.463236965768405007e+00 -2.094328953663902038e+00 9.987943790576200298e-01 9.201757414980379357e-01 -2.080525839797207066e+00 1.525629069794773640e+00 2.870413044085605159e-01 -1.863066360854813919e+00 1.903124557497021474e+00 -3.741907354905059657e-01 -1.463236965765044806e+00 2.094328953662352610e+00 -9.987943790591577997e-01 -9.201757414946840630e-01 2.080525839794799214e+00 -1.525629069795299442e+00 -2.870413044055300511e-01 1.863066360851786785e+00
-3.361968861327277458e-01 2.379333001460379182e-01 5.648951642240163107e-02 -3.043407094704422278e-01 3.012844449755491816e-01 -4.984039753314702115e-02 -2.426935436987321115e-01 3.351437691585910095e-01 -1.512915861196131029e-01 -1.572898429244226626e-01 3.361968861323526570e-01 -2.379333001461388930e-01 -5.648951642190733202e-02 3.043407094699628890e-01 -3.012844449754793485e-01 4.984039753354399527e-02 2.426935436981954020e-01 -3.351437691583570855e-01 1.512915861198758094e-01 1.572898429238820395e-01
-2.373565235641650339e+00 7.472828251439277425e-01 1.495081587819023561e+00 -2.504856641732019273e+00 1.449553998415378908e+00 8.008037163911138068e-01 -2.390955227366596159e+00 2.009932726684651616e+00 2.813759767547341362e-02 -2.043010456581447087e+00 2.373565235640520132e+00 -7.472828251463922156e-01 -1.495081587814995006e+00 2.504856641729751310e+00 -1.449553998416739375e+00 -8.008037163872501196e-01 2.390955227363411595e+00 -2.009932726684773741e+00 -2.813759767213908081e-02 2.043010456577662115e+00
5.014433381120261046e+00 -9.764694381894756248e-01 -3.866524710955054900e+00 5.521841843637299796e+00 -2.624789691409207038e+00 -2.436216501676723212e+00 5.488733953563253110e+00 -4.016177241647189256e+00 -7.674344470960610121e-01 4.918350541855111224e+00 -5.014433381118855060e+00 9.764694381958135549e-01 3.866524710946195764e+00 -5.521841843633229274e+00 2.624789691413278447e+00 2.436216501667875178e+00 -5.488733953556915957e+00 4.016177241648592577e+00 7.674344470880611890e-01 -4.918350541847136270e+00
-2.317835833762957432e+00 2.355288675814111166e-01 2.040955044055505319e+00 -2.634815418557104216e+00 1.056456247026518414e+00 1.392876615167626619e+00 -2.693880912343647349e+00 1.773970328248492212e+00 6.084537184451639380e-01 -2.489250573057395499e+00 2.317835833762658559e+00 -2.355288675847461433e-01 -2.040955044051286027e+00 2.634815418555481070e+00 -1.056456247028829232e+00 -1.392876615163291643e+00 2.693880912340858469e+00 -1.773970328249551587e+00 -6.084537184411236144e-01 2.489250573053716664e+00
-2.817312445233320695e+00 7.170626796138594994e-01 1.974354709140027753e+00 -3.038055841267342405e+00 1.597094129136547913e+00 1.160559090007910132e+00 -2.961413164177618018e+00 2.320790877689403064e+00 2.331598610553594353e-01 -2.594886733198802808e+00 2.817312445232255769e+00 -7.170626796171039041e-01 -1.974354709135147878e+00 3.038055841264853729e+00 -1.597094129138500351e+00 -1.160559090003130622e+00 2.961413164173948509e+00 -2.320790877689871579e+00 -2.331598610511320946e-01 2.594886733194316175e+00
-1.574124821471990510e+00 7.431730034850864142e-02 1.486759595201605499e+00 -1.822108027876313097e+00 6.552568585376983279e-01 1.051807392052001022e+00 -1.891730605138433940e+00 1.172055309969767922e+00 5.138969529953381077e-01 -1.776177410307000937e+00 1.574124821471927005e+00 -7.431730035093436770e-02 -1.486759595198690498e+00 1.822108027875313230e+00 -6.552568585394378253e-01 -1.051807392048959233e+00 1.891730605136595633e+00 -1.172055309970650105e+00 -5.138969529924584112e-01 1.776177410304505155e+00
-2.169691176306733915e+00 5.060961105857079145e-01 1.574739516216562052e+00 -2.357313438254338145e+00 1.196448631857502720e+00 9.508037163910871836e-01 -2.314185436496492443e+00 1.769684424894649721e+00 2.337966241663585742e-01 -2.044528840335849473e+00 2.169691176305989622e+00 -5.060961105882931799e-01 -1.574739516212777302e+00 2.357313438252476967e+00 -1.196448631859097889e+00 -9.508037163873539477e-01 2.314185436493696457e+00 -1.769684424895098251e+00 -2.337966241630297648e-01 2.044528840332395792e+00
-2.763288405768800970e+00 2.908990954425085262e-01 2.421316009355607868e+00 -3.137326778320490117e+00 1.266832814483249692e+00 1.648075487372939518e+00 -3.204261746768274577e+00 2.118760111098326071e+00 7.135098538691484471e-01 -2.957541250037294844e+00 2.763288405768428380e+00 -2.908990954464653611e-01 -2.421316009350583442e+00 3.137326778318542786e+00 -1.266832814485984393e+00 -1.648075487367782532e+00 3.204261746764943020e+00 -2.118760111099569521e+00 -7.135098538643478427e-01 2.957541250032908131e+00
-2.977838390168610072e+00 5.990372358868712999e-01 2.273627884511297825e+00 -3.271847115320350330e+00 1.572659079771409729e+00 1.423075487372611692e+00 -3.245584648524356464e+00 2.392338095566927780e+00 4.332225463801067100e-01 -2.901621743012167354e+00 2.977838390167743654e+00 -5.990372358905990957e-01 -2.273627884506048691e+00 3.271847115317910504e+00 -1.572659079773789159e+00 -1.423075487367378988e+00 3.245584648520580817e+00 -2.392338095567724920e+00 -4.332225463753863748e-01 2.901621743007430698e+00
-8.212643661801257711e-01 -2.006031971118086843e-01 1.057087567830077957e+00 -1.042077768392817960e+00 1.679483201765256117e-01 8.446426768984964806e-01 -1.160885338052128235e+00 5.200598857209881576e-01 5.495182757804489837e-01 -1.166057362458821522e+00 8.212643661804824857e-01 2.006031971100934175e-01 -1.057087567828418839e+00 1.042077768392582815e+00 -1.679483201779089496e-01 -8.446426768966373011e-01 1.160885338051323989e+00 -5.200598857219037585e-01 -5.495182757785666006e-01 1.166057362457527669e+00
