-2.053666335744481763e+00 -5.112003057932780870e+00 -3.955853678509476890e+00 4.616181530231275865e-01 4.498518363584516067e+00 4.826707349540703795e+00 1.175616430799005130e+00 -3.444687348787995873e+00 -5.225089275551215273e+00 -2.697773487373251289e+00 2.053666335743939531e+00 5.112003057932974492e+00 3.955853678510246496e+00 -4.616181530224157670e-01 -4.498518363584450341e+00 -4.826707349541337955e+00 -1.175616430799816481e+00 3.444687348787668135e+00 5.225089275551649592e+00 2.697773487374076851e+00
4.245247086734199371e+00 7.967910806505816623e+00 5.121593840557880917e+00 -1.947116151081989432e+00 -7.410566156770967972e+00 -6.764526845093587148e+00 -5.416120797942229892e-01 6.127823659160669401e+00 7.745300830801503444e+00 2.977323546667011822e+00 -4.245247086733535902e+00 -7.967910806506304233e+00 -5.121593840559115485e+00 1.947116151081023538e+00 7.410566156771066559e+00 6.764526845094669838e+00 5.416120797953966060e-01 -6.127823659160362979e+00 -7.745300830802326786e+00 -2.977323546668267262e+00
4.322142554295271388e+00 8.053870966624124605e+00 5.145750601801291957e+00 -2.004678335196242500e+00 -7.502391323838584647e+00 -6.814911618962612216e+00 -5.090177667672139972e-01 6.216525346041457567e+00 7.816981604578479903e+00 2.972887663184265339e+00 -4.322142554294607031e+00 -8.053870966624623762e+00 -5.145750601802540736e+00 2.004678335195270389e+00 7.502391323838691228e+00 6.814911618963710005e+00 5.090177667683977170e-01 -6.216525346041153810e+00 -7.816981604579317455e+00 -2.972887663185533214e+00
3.088192703365773006e+00 5.457349227881125309e+00 3.327306082150836453e+00 -1.545866337978479610e+00 -5.144580953109175958e+00 -4.501951288946317575e+00 -1.477801952543642550e-01 4.328225250243542988e+00 5.235914136640609229e+00 1.826960973330613358e+00 -3.088192703365350233e+00 -5.457349227881490350e+00 -3.327306082151687328e+00 1.545866337977842786e+00 5.144580953109278987e+00 4.501951288947076080e+00 1.477801952551525133e-01 -4.328225250243368016e+00 -5.235914136641198091e+00 -1.826960973331468008e+00
-1.927118949564092132e+00 -4.162202596272795319e+00 -2.965843656721195654e+00 6.756442722209640150e-01 3.760111134735986571e+00 3.744631471736202588e+00 6.419671739776755537e-01 -2.989953797096327914e+00 -4.156868667915984972e+00 -1.896738400339107011e+00 1.927118949563695116e+00 4.162202596272998711e+00 2.965843656721830701e+00 -6.756442722204195617e-01 -3.760111134735981686e+00 -3.744631471736742157e+00 -6.419671739783140429e-01 2.989953797096111199e+00 4.156868667916373994e+00 1.896738400339771369e+00
8.248258538545029106e-01 3.091351274079057188e-03 -8.211917524773961752e-01 -9.684601540949537846e-01 -3.173014395424420542e-01 5.954499407065190208e-01 1.017294826793904150e+00 6.004518521392698815e-01 -3.114213399955726436e-01 -9.665495939364033839e-01 -8.248258538546462404e-01 -3.091351274224191092e-03 8.211917524773685306e-01 9.684601540950664722e-01 3.173014395426023704e-01 -5.954499407064435257e-01 -1.017294826793975648e+00 -6.004518521394309749e-01 3.114213399954567363e-01 9.665495939364274758e-01
-1.545153349811419607e+00 -3.553370342240190105e+00 -2.632084016393154258e+00 4.591700069788863248e-01 3.171870733187648561e+00 3.269587671312833788e+00 6.717600953623569238e-01 -2.479886317047701905e+00 -3.587041304407515341e+00 -1.736933639141761354e+00 1.545153349811063226e+00 3.553370342240346424e+00 2.632084016393692938e+00 -4.591700069784078186e-01 -3.171870733187624580e+00 -3.269587671313285426e+00 -6.717600953629107030e-01 2.479886317047497180e+00 3.587041304407833753e+00 1.736933639142331343e+00
-1.374099116165404533e-01 -7.025231035211588759e-01 -6.884555276724310113e-01 -1.068049085290277700e-01 5.628988274608192066e-01 7.685321671574367741e-01 3.405649200742271732e-01 -3.681740922218458834e-01 -7.733795234425834275e-01 -5.409880643872361228e-01 1.374099116164406442e-01 7.025231035211600972e-01 6.884555276725319306e-01 1.068049085291454814e-01 -5.628988274607819031e-01 -7.685321671575106039e-01 -3.405649200743513516e-01 3.681740922217725531e-01 7.733795234426228404e-01 5.409880643873538064e-01
-1.704550059292924802e+00 -4.159086224021358191e+00 -3.184749031692268417e+00 4.151891978584181242e-01 3.672833206516966875e+00 3.902485187983187220e+00 9.148132750557785853e-01 -2.827057684624885603e+00 -4.238218903861107556e+00 -2.155267450728665768e+00 1.704550059292489594e+00 4.159086224021521616e+00 3.184749031692895915e+00 -4.151891978578437503e-01 -3.672833206516918914e+00 -3.902485187983705917e+00 -9.148132750564359483e-01 2.827057684624625367e+00 4.238218903861464604e+00 2.155267450729336343e+00
5.972041127309129394e+00 1.154663205057151920e+01 7.601838938638223020e+00 -2.610134413703017131e+00 -1.067023596838980382e+01 -9.933480267697721189e+00 -1.007270442192377491e+00 8.749362845716238013e+00 1.129276333752808625e+01 4.526076649140263086e+00 -5.972041127308137298e+00 -1.154663205057219422e+01 -7.601838938640005594e+00 2.610134413701592937e+00 1.067023596838991217e+01 9.933480267699275501e+00 1.007270442194093896e+00 -8.749362845715758397e+00 -1.129276333752925332e+01 -4.526076649142088293e+00
-9.467539696085454093e-01 -3.697332266459448125e+00 -3.399720788491494616e+00 -2.992792163154827101e-01 3.047896969155753588e+00 3.882296994268940260e+00 1.516016867345683306e+00 -2.100112280564093492e+00 -3.984846920693544625e+00 -2.584356224689480452e+00 9.467539696080594647e-01 3.697332266459494310e+00 3.399720788492032852e+00 2.992792163160715724e-01 -3.047896969155600821e+00 -3.882296994269349710e+00 -1.516016867346317465e+00 2.100112280563751099e+00 3.984846920693783101e+00 2.584356224690092851e+00
-2.585473959262944099e+00 -5.860832089742004314e+00 -4.304347377762856475e+00 8.007682709563815893e-01 5.245706938106750705e+00 5.365930081178677646e+00 1.062322194992103563e+00 -4.117095442380066750e+00 -5.902258161615365317e+00 -2.821425162860851099e+00 2.585473959262362786e+00 5.860832089742267215e+00 4.304347377763745541e+00 -8.007682709555972167e-01 -5.245706938106718731e+00 -5.365930081179424604e+00 -1.062322194993013724e+00 4.117095442379735459e+00 5.902258161615895560e+00 2.821425162861790348e+00
-1.743909167274458660e+00 -4.005876780663412795e+00 -2.965281421075251167e+00 5.199794042535775818e-01 3.576553871707467636e+00 3.684511835384917777e+00 7.548495657652519730e-01 -2.797132950472561941e+00 -4.043076559743559173e+00 -1.955788600940829403e+00 1.743909167274057204e+00 4.005876780663588654e+00 2.965281421075858681e+00 -5.199794042530382354e-01 -3.576553871707441434e+00 -3.684511835385426703e+00 -7.548495657658761404e-01 2.797132950472331459e+00 4.043076559743918885e+00 1.955788600941472222e+00
-1.041047910752179728e+00 -3.890441995400928388e+00 -3.532440948839862482e+00 -2.621913932433305172e-01 3.224216480387012140e+00 4.052485187983094761e+00 1.539765576873377118e+00 -2.242382191835537775e+00 -4.175843941601869780e+00 -2.666616777661461768e+00 1.041047910751676131e+00 3.890441995400984343e+00 3.532440948840430917e+00 2.621913932439439154e-01 -3.224216480386859818e+00 -4.052485187983529080e+00 -1.539765576874040143e+00 2.242382191835186056e+00 4.175843941602127352e+00 2.666616777662105253e+00
-1.983267408851578484e+00 -5.711061707821790456e+00 -4.730488284728400217e+00 1.500392080103812864e-01 4.906869952196761808e+00 5.618332377626427565e+00 1.697875875895586972e+00 -3.622359577477272108e+00 -5.956214952178794597e+00 -3.379591039272089148e+00 1.983267408850918345e+00 5.711061707821952993e+00 4.730488284729249315e+00 -1.500392080095432901e-01 -4.906869952196626805e+00 -5.618332377627107910e+00 -1.697875875896520448e+00 3.622359577476845338e+00 5.956214952179236910e+00 3.379591039273019959e+00
-1.954127621076738874e+00 -5.511904946578395581e+00 -4.525505258196831804e+00 1.918544466980545149e-01 4.751043686908600350e+00 5.393332377626357754e+00 1.589198777652047756e+00 -3.525117168696187075e+00 -5.733222546377414908e+00 -3.214690153046629639e+00 1.954127621076108934e+00 5.511904946578559006e+00 4.525505258197653369e+00 -1.918544466972512685e-01 -4.751043686908476893e+00 -5.393332377627017671e+00 -1.589198777652945260e+00 3.525117168695783398e+00 5.733222546377847451e+00 3.214690153047527144e+00
1.330677650572200665e-01 -1.208413797264502154e+00 -1.553643382454902078e+00 -6.180035377931010210e-01 8.271366516961871085e-01 1.590360988788325214e+00 1.042444818365956705e+00 -3.648936076598846556e-01 -1.471402980842535069e+00 -1.364844336977008687e+00 -1.330677650574562110e-01 1.208413797264439316e+00 1.553643382455063282e+00 6.180035377933542629e-01 -8.271366516960508841e-01 -1.590360988788418695e+00 -1.042444818366202508e+00 3.648936076596861477e-01 1.471402980842550834e+00 1.364844336977222294e+00
-2.455460376319620330e+00 -5.450754681313330963e+00 -3.952286054760786538e+00 8.045637696541000361e-01 4.898107491423904669e+00 4.953506925550547280e+00 9.250891445106640409e-01 -3.865999413152131581e+00 -5.469844025355156347e+00 -2.564187887735698723e+00 2.455460376319088311e+00 5.450754681313584982e+00 3.952286054761616096e+00 -8.045637696533776140e-01 -4.898107491423886017e+00 -4.953506925551247164e+00 -9.250891445115061451e-01 3.865999413151834041e+00 5.469844025355656392e+00 2.564187887736570470e+00
-2.720525374855409240e+00 -6.041881837033649560e+00 -4.382132704949011526e+00 8.903758819184933726e-01 5.428832329726291483e+00 5.491599279245070520e+00 1.026929805954258423e+00 -4.284370889086146938e+00 -6.063509853866465349e+00 -2.843712449379574903e+00 2.720525374854819933e+00 6.041881837033931113e+00 4.382132704949930790e+00 -8.903758819176923467e-01 -5.428832329726270167e+00 -5.491599279245845899e+00 -1.026929805955191899e+00 4.284370889085818312e+00 6.063509853867019572e+00 2.843712449380541241e+00
-2.451045120868632576e+00 -5.610658049051762575e+00 -4.144678992908879422e+00 7.382956740151940256e-01 5.012597610943886117e+00 5.154366228763553437e+00 1.046723297419381415e+00 -3.923869193855473281e+00 -5.659508185565524485e+00 -2.729281699552544627e+00 2.451045120868072580e+00 5.610658049052011265e+00 4.144678992909731186e+00 -7.382956740144399621e-01 -5.012597610943851478e+00 -5.154366228764266644e+00 -1.046723297420254717e+00 3.923869193855152204e+00 5.659508185566028970e+00 2.729281699553444351e+00
