-2.466921229257498904e+00 2.241550338191440339e+00 -1.796760882223841893e+00 1.176091952335315716e+00 -4.402989478381732491e-01 -3.385935854160316283e-01 1.084342219408978014e+00 -1.723947881909214663e+00 2.194801514276598642e+00 -2.450812682344977844e+00 2.466921229249271708e+00 -2.241550338183795787e+00 1.796760882217533162e+00 -1.176091952330961865e+00 4.402989478361838960e-01 3.385935854154453750e-01 -1.084342219405873609e+00 1.723947881903894475e+00 -2.194801514269591802e+00 2.450812682336972692e+00
3.259723467067780600e+00 -2.991031456256604937e+00 2.429556446765707811e+00 -1.630259524550664363e+00 6.713814413871477260e-01 3.532161350482579398e-01 -1.343238455182946822e+00 2.201775236431071647e+00 -2.844786916866665294e+00 3.209331033083044460e+00 -3.259723467056929280e+00 2.991031456246427300e+00 -2.429556446757204835e+00 1.630259524544671157e+00 -6.713814413842293938e-01 -3.532161350477946438e-01 1.343238455179147195e+00 -2.201775236424305060e+00 2.844786916857605430e+00 -3.209331033072581274e+00
3.522432790025135319e+00 -3.137308571264530332e+00 2.445082730634718704e+00 -1.513515156437768017e+00 4.337941734491616019e-01 6.883896056576548350e-01 -1.743189013869560711e+00 2.627352935891222430e+00 -3.254333246702996174e+00 3.562756745054125762e+00 -3.522432790013344306e+00 3.137308571253782485e+00 -2.445082730626072731e+00 1.513515156432073239e+00 -4.337941734469515920e-01 -6.883896056561404908e-01 1.743189013864470338e+00 -2.627352935883052520e+00 3.254333246692558301e+00 -3.562756745042443107e+00
1.956228180934540539e+00 -1.743562000776814669e+00 1.360223823872443782e+00 -8.437374618510625757e-01 2.446601983994867724e-01 3.783661099188675991e-01 -9.643553071662569476e-01 1.455946687889331903e+00 -1.805019862624431592e+00 1.977405116892771320e+00 -1.956228180927992888e+00 1.743562000770842335e+00 -1.360223823867635184e+00 8.437374618478898913e-01 -2.446601983982472639e-01 -3.783661099180394838e-01 9.643553071634425322e-01 -1.455946687884805746e+00 1.805019862618642890e+00 -1.977405116886288061e+00
-2.258804518073905587e+00 1.972124089092223365e+00 -1.492398413673927671e+00 8.665863833744004152e-01 -1.559468400082498207e-01 -5.699578666029599949e-01 1.240071126100638965e+00 -1.788797583691586590e+00 2.162424070504844753e+00 -2.324377422802457183e+00 2.258804518066316991e+00 -1.972124089085436349e+00 1.492398413668610813e+00 -8.665863833710765185e-01 1.559468400072279715e-01 5.699578666015640005e-01 -1.240071126096961907e+00 1.788797583685987957e+00 -2.162424070497879658e+00 2.324377422794807302e+00
-3.598203609394803881e-02 7.021575905156086927e-02 -9.757627429122540941e-02 1.153853439493693067e-01 -1.218996922047755338e-01 1.164816492620793092e-01 -9.966157091424449055e-02 7.308592362234105078e-02 -3.935611690672952134e-02 1.773859258119979410e-03 3.598203609385405843e-02 -7.021575905135028772e-02 9.757627429091855764e-02 -1.153853439489962857e-01 1.218996922043729669e-01 -1.164816492616865262e-01 9.966157091389997447e-02 -7.308592362207889936e-02 3.935611690657510320e-02 -1.773859258087557428e-03
-2.208809081648994699e+00 1.980366972153758676e+00 -1.558072745396264391e+00 9.832635025885443358e-01 -3.122055773481974827e-01 -3.894132050667068468e-01 1.052913509767886113e+00 -1.613347304052775266e+00 2.015855423364989019e+00 -2.221037568547397090e+00 2.208809081641609939e+00 -1.980366972146984539e+00 1.558072745390768121e+00 -9.832635025848656118e-01 3.122055773466816397e-01 3.894132050658968280e-01 -1.052913509764829669e+00 1.613347304047770381e+00 -2.015855423358532850e+00 2.221037568540122908e+00
-2.803499928147526465e-01 1.931401147248980876e-01 -8.702433651952445892e-02 -2.760999007851416831e-02 1.395416584774801794e-01 -2.378140171006951631e-01 3.128074827823459358e-01 -3.571811725913295876e-01 3.665914805994870962e-01 -3.401172602935327860e-01 2.803499928137749286e-01 -1.931401147241920135e-01 8.702433651916016699e-02 2.760999007850087339e-02 -1.395416584770929891e-01 2.378140170999696601e-01 -3.128074827813531744e-01 3.571811725901672396e-01 -3.665914805982695146e-01 3.401172602923780985e-01
-2.183518350745706993e+00 1.949912236722938230e+00 -1.525435127132501290e+00 9.516377989671548354e-01 -2.846875325888758024e-01 -4.101299330134297039e-01 1.064801023228658883e+00 -1.615241970384886816e+00 2.007571779426942538e+00 -2.203386475123396249e+00 2.183518350738400837e+00 -1.949912236716262015e+00 1.525435127127112489e+00 -9.516377989635826928e-01 2.846875325874548279e-01 4.101299330125457998e-01 -1.064801023225556698e+00 1.615241970379868830e+00 -2.007571779420507241e+00 2.203386475116174470e+00
4.919053698927146279e+00 -4.467134041256272781e+00 3.577940179274601284e+00 -2.338512603571103021e+00 8.701751208555472683e-01 6.833411655549328501e-01 -2.169967257562022134e+00 3.444181835347102094e+00 -4.381255898061715115e+00 4.889462107468705909e+00 -4.919053698910739847e+00 4.467134041241036968e+00 -3.577940179262036224e+00 2.338512603562441949e+00 -8.701751208516058655e-01 -6.833411655537368068e-01 2.169967257555805773e+00 -3.444181835336470598e+00 4.381255898047725417e+00 -4.889462107452732020e+00
-2.332614169795492742e+00 2.094309948625257434e+00 -1.651000077768343122e+00 1.046078816105843412e+00 -3.387600714636406773e-01 -4.017188692531543648e-01 1.102874768107025671e+00 -1.696073600477792098e+00 2.123248931593783251e+00 -2.342585863739949037e+00 2.332614169787696312e+00 -2.094309948618095607e+00 1.651000077762521778e+00 -1.046078816101934539e+00 3.387600714620105924e-01 4.017188692523304683e-01 -1.102874768103828451e+00 1.696073600472533194e+00 -2.123248931586985133e+00 2.342585863732279172e+00
-2.485517264509020219e+00 2.275170115915049251e+00 -1.842113464333177353e+00 1.228737912103488927e+00 -4.950849319171008456e-01 -2.870304108643916829e-01 1.041049217171499341e+00 -1.693162872684978781e+00 2.179537949260236473e+00 -2.452564665627791296e+00 2.485517264500742840e+00 -2.275170115907303447e+00 1.842113464326724959e+00 -1.228737912098964102e+00 4.950849319149300820e-01 2.870304108639799012e-01 -1.041049217168545260e+00 1.693162872679769837e+00 -2.179537949253290918e+00 2.452564665619791917e+00
-2.104926201205633340e+00 2.015749879525899679e+00 -1.729257915083018959e+00 1.273494137463676346e+00 -6.930718807143170235e-01 4.480691936529812569e-02 6.078440554389310524e-01 -1.200995018997817354e+00 1.676584222272485381e+00 -1.988057680421681406e+00 2.104926201198685121e+00 -2.015749879519104670e+00 1.729257915077045293e+00 -1.273494137459110442e+00 6.930718807115929803e-01 -4.480691936469527459e-02 -6.078440554373536475e-01 1.200995018994211572e+00 -1.676584222267212043e+00 1.988057680415260542e+00
-2.402366900384212300e+00 2.204402125094767406e+00 -1.790655110828485608e+00 1.201626298086844180e+00 -4.949739310661579461e-01 -2.601299330129719367e-01 9.897704668164813979e-01 -1.622525371191188892e+00 2.096456187434311058e+00 -2.365171265181932103e+00 2.402366900376215586e+00 -2.204402125087266295e+00 1.790655110822218843e+00 -1.201626298082426825e+00 4.949739310640065559e-01 2.601299330126310982e-01 -9.897704668136817485e-01 1.622525371186202880e+00 -2.096456187427635065e+00 2.365171265174221382e+00
-2.862802069515838266e+00 2.617071212320338347e+00 -2.115163190655803493e+00 1.406208258681735712e+00 -5.596038647193425364e-01 -3.417784545106002936e-01 1.209705117301939525e+00 -1.959217414700058058e+00 2.516947860876463938e+00 -2.828301913823041858e+00 2.862802069506301894e+00 -2.617071212311425477e+00 2.115163190648392089e+00 -1.406208258676552525e+00 5.596038647168766200e-01 3.417784545100889804e-01 -1.209705117298501165e+00 1.959217414694027548e+00 -2.516947860868440578e+00 2.828301913813814128e+00
-3.136240191381212572e+00 2.807597496189293551e+00 -2.204127596388628429e+00 1.384902330393906089e+00 -4.301131751188755903e-01 -5.667784545108559557e-01 1.508189860034719221e+00 -2.301969133881145435e+00 2.870415630140739527e+00 -3.157885845160157690e+00 3.136240191370724073e+00 -2.807597496179686569e+00 2.204127596380848875e+00 -1.384902330388718239e+00 4.301131751167659445e-01 5.667784545096601345e-01 -1.508189860030335172e+00 2.301969133873999596e+00 -2.870415630131543328e+00 3.157885845149812187e+00
-1.015309909803503663e+00 9.888384529594831385e-01 -8.655725986972028219e-01 6.575784676756244451e-01 -3.852159746195165102e-01 7.514585801032225287e-02 2.422800587526953986e-01 -5.359899153003657712e-01 7.772333444769181643e-01 -9.423957585927884573e-01 1.015309909800163446e+00 -9.888384529561619063e-01 8.655725986942267580e-01 -6.575784676732856493e-01 3.852159746180378042e-01 -7.514585800985451591e-02 -2.422800587521063143e-01 5.359899152987763760e-01 -7.772333444744876640e-01 9.423957585897569933e-01
-2.801251461111921692e+00 2.559513591780990804e+00 -2.067232698906936950e+00 1.372596666207093863e+00 -5.436013083760685705e-01 -3.386055330112723860e-01 1.187667305623420821e+00 -1.920471927395916545e+00 2.465287376199722935e+00 -2.768783319953630251e+00 2.801251461102589158e+00 -2.559513591772272889e+00 2.067232698899692078e+00 -1.372596666202032578e+00 5.436013083736686013e-01 3.386055330107583528e-01 -1.187667305620042857e+00 1.920471927390003719e+00 -2.465287376191863444e+00 2.768783319944596144e+00
-2.415070639433513744e+00 2.233565610405621626e+00 -1.833423617264706040e+00 1.253813346252738770e+00 -5.514710890786986841e-01 -2.048530006189008823e-01 9.411246513206442676e-01 -1.585272463949639610e+00 2.074242762564110887e+00 -2.360171727479397408e+00 2.415070639425486387e+00 -2.233565610398034362e+00 1.833423617258305827e+00 -1.253813346248153549e+00 5.514710890763615536e-01 2.048530006187454788e-01 -9.411246513180115958e-01 1.585272463944785493e+00 -2.074242762557518827e+00 2.360171727471715108e+00
-2.794014185986791077e+00 2.577466421802799612e+00 -2.108618285988411944e+00 1.433363900734344165e+00 -6.178018700433373089e-01 -2.582349121656977164e-01 1.108993861942950243e+00 -1.851196765698106317e+00 2.412191631979979878e+00 -2.737064374595973959e+00 2.794014185977500286e+00 -2.577466421794039064e+00 2.108618285981044504e+00 -1.433363900729093698e+00 6.178018700406988639e-01 2.582349121654478052e-01 -1.108993861939836290e+00 1.851196765692431079e+00 -2.412191631972308237e+00 2.737064374587060644e+00
