3.538549741271421301e+00 6.364232780740697315e+00 3.943054600079934247e+00 -1.728894094917954316e+00 -5.975491503615605104e+00 -5.295717467130159228e+00 -2.499977513584565880e-01 5.001827484419596459e+00 6.129998611063836478e+00 2.204418075894008400e+00 -3.538549741268005366e+00 -6.364232780734538686e+00 -3.943054600076105309e+00 1.728894094916295643e+00 5.975491503609830168e+00 5.295717467125026445e+00 2.499977513582053446e-01 -5.001827484414769209e+00 -6.129998611057902558e+00 -2.204418075891856788e+00
-2.220907910410237385e+00 -6.572129325552524826e+00 -5.505093477026746562e+00 1.005038089762531062e-01 5.623242790456590257e+00 6.510014555603843789e+00 2.029738305530306430e+00 -4.123914071595157438e+00 -6.877690051539522287e+00 -3.961295492672040286e+00 2.220907910408097763e+00 6.572129325546168133e+00 5.505093477021409498e+00 -1.005038089761716158e-01 -5.623242790451159934e+00 -6.510014555597539498e+00 -2.029738305528332454e+00 4.123914071591184616e+00 6.877690051532867166e+00 3.961295492668190477e+00
-1.717854223482557563e+00 -4.310175145317443501e+00 -3.349060546947604244e+00 3.731183482562607789e-01 3.787687471876426848e+00 4.079575324267231906e+00 1.008140950564964111e+00 -2.894434558318153883e+00 -4.410752844774617820e+00 -2.290716389013088605e+00 1.717854223480901332e+00 4.310175145313275280e+00 3.349060546944356620e+00 -3.731183482559100040e-01 -3.787687471872767997e+00 -4.079575324263280400e+00 -1.008140950563982008e+00 2.894434558315363670e+00 4.410752844770349235e+00 2.290716389010860166e+00
3.204787539879874192e-01 2.584115589476678743e-01 -1.669774724526235099e-02 -2.780409381021609616e-01 -3.101589786547382932e-01 -8.657280893655988629e-02 2.083865379698005560e-01 3.315458765263876728e-01 1.813690153913858905e-01 -1.183338115866176682e-01 -3.204787539876774449e-01 -2.584115589474176300e-01 1.669774724524708542e-02 2.780409381018923987e-01 3.101589786544379779e-01 8.657280893647535669e-02 -2.083865379695992726e-01 -3.315458765260667628e-01 -1.813690153912099756e-01 1.183338115865042034e-01
2.576777976122695435e+00 5.238174521314423515e+00 3.581065489002811741e+00 -1.028379557455046278e+00 -4.789998164264272162e+00 -4.602601001469726505e+00 -6.206838174370710171e-01 3.872943413016695757e+00 5.173601859705491357e+00 2.208990335719065445e+00 -2.576777976120208979e+00 -5.238174521309356457e+00 -3.581065488999336743e+00 1.028379557454063287e+00 4.789998164259643865e+00 4.602601001465266961e+00 6.206838174364626148e-01 -3.872943413012959635e+00 -5.173601859700482919e+00 -2.208990335716913389e+00
1.974564212320025991e+00 4.552028048353030876e+00 3.376665697367036589e+00 -5.825194506840886133e-01 -4.061458381937554485e+00 -4.192011228720654792e+00 -8.665463734356501080e-01 3.173324871253937918e+00 4.597013493547072116e+00 2.230788600939091815e+00 -1.974564212318121958e+00 -4.552028048348627287e+00 -3.376665697363761431e+00 5.825194506835355002e-01 4.061458381933631401e+00 4.192011228716594040e+00 8.665463734348046732e-01 -3.173324871250877699e+00 -4.597013493542624119e+00 -2.230788600936920663e+00
-3.865850963438314913e+00 -1.070104550410656863e+01 -8.713982499410240834e+00 4.571447003294044631e-01 9.251388325443070215e+00 1.041851454152202727e+01 2.996310071160173116e+00 -6.896140799273627664e+00 -1.110320979024974086e+01 -6.156465136362847090e+00 3.865850963434589449e+00 1.070104550409621780e+01 8.713982499401792481e+00 -4.571447003289874633e-01 -9.251388325434136917e+00 -1.041851454151193757e+01 -2.996310071157258115e+00 6.896140799266983201e+00 1.110320979023899746e+01 6.156465136356861656e+00
2.280506786280492637e+00 2.123312834906249780e+00 2.155971544421395603e-01 -1.869863179271239240e+00 -2.413753155602586631e+00 -9.676738358040877230e-01 1.276184336172370148e+00 2.467918499821311062e+00 1.625027859937058450e+00 -5.575836785502148452e-01 -2.280506786278287290e+00 -2.123312834904194091e+00 -2.155971544419243990e-01 1.869863179269433795e+00 2.413753155600250278e+00 9.676738358031459208e-01 -1.276184336171138023e+00 -2.467918499818923639e+00 -1.625027859935483265e+00 5.575836785496832704e-01
-1.473967733412563375e+00 -4.735253895098892940e+00 -4.092657077386419040e+00 -7.595305045786016063e-02 4.003368911534121999e+00 4.782195461829245708e+00 1.618439020552551177e+00 -2.879606285797574383e+00 -5.003619234952947359e+00 -3.002500902986993125e+00 1.473967733411144287e+00 4.735253895094313492e+00 4.092657077382451547e+00 7.595305045777511754e-02 -4.003368911530255758e+00 -4.782195461824615634e+00 -1.618439020550977991e+00 2.879606285794801046e+00 5.003619234948105898e+00 3.002500902984075459e+00
-2.053666335747175609e+00 -5.112003057936724382e+00 -3.955853678511101812e+00 4.616181530246751263e-01 4.498518363587070468e+00 4.826707349541602632e+00 1.175616430797737033e+00 -3.444687348789551962e+00 -5.225089275551031420e+00 -2.697773487371438073e+00 2.053666335745195415e+00 5.112003057931779892e+00 3.955853678507265325e+00 -4.616181530242405850e-01 -4.498518363582725499e+00 -4.826707349536928149e+00 -1.175616430796591949e+00 3.444687348786231063e+00 5.225089275545975021e+00 2.697773487368813505e+00
4.245247086738989317e+00 7.967910806512102262e+00 5.121593840560199951e+00 -1.947116151084637536e+00 -7.410566156775050928e+00 -6.764526845095070406e+00 -5.416120797924328656e-01 6.127823659162927150e+00 7.745300830801364000e+00 2.977323546664741638e+00 -4.245247086734892150e+00 -7.967910806504392873e+00 -5.121593840555228816e+00 1.947116151082771696e+00 7.410566156767887769e+00 6.764526845088515650e+00 5.416120797918972940e-01 -6.127823659157013658e+00 -7.745300830793866886e+00 -2.977323546661837295e+00
4.322142554300210548e+00 8.053870966630473305e+00 5.145750601803540825e+00 -2.004678335199022943e+00 -7.502391323842738657e+00 -6.814911618964045736e+00 -5.090177667653059679e-01 6.216525346043788147e+00 7.816981604578304044e+00 2.972887663181885465e+00 -4.322142554296037886e+00 -8.053870966622680427e+00 -5.145750601798545709e+00 2.004678335197101369e+00 7.502391323835488457e+00 6.814911618957442130e+00 5.090177667648018156e-01 -6.216525346037789390e+00 -7.816981604570736764e+00 -2.972887663178985118e+00
3.088192703369414982e+00 5.457349227885791798e+00 3.327306082152526212e+00 -1.545866337980509542e+00 -5.144580953112335209e+00 -4.501951288947577012e+00 -1.477801952530957141e-01 4.328225250245376188e+00 5.235914136640836603e+00 1.826960973329187610e+00 -3.088192703366433811e+00 -5.457349227880510689e+00 -3.327306082149295019e+00 1.545866337979025840e+00 5.144580953107362298e+00 4.501951288943214280e+00 1.477801952529447238e-01 -4.328225250241199085e+00 -5.235914136635768656e+00 -1.826960973327403703e+00
-1.927118949566751116e+00 -4.162202596276112665e+00 -2.965843656722229049e+00 6.756442722226324582e-01 3.760111134738265637e+00 3.744631471736808770e+00 6.419671739763429530e-01 -2.989953797097814725e+00 -4.156868667915832205e+00 -1.896738400337459440e+00 1.927118949564892159e+00 4.162202596272085664e+00 2.965843656719351351e+00 -6.756442722219884178e-01 -3.760111134734632543e+00 -3.744631471733181449e+00 -6.419671739757156770e-01 2.989953797094930810e+00 4.156868667911808757e+00 1.896738400335612473e+00
8.248258538552044605e-01 3.091351273970199820e-03 -8.211917524780544264e-01 -9.684601540954989041e-01 -3.173014395424544332e-01 5.954499407068947203e-01 1.017294826794205909e+00 6.004518521392242514e-01 -3.114213399958037920e-01 -9.665495939364596722e-01 -8.248258538544055440e-01 -3.091351273966119750e-03 8.211917524772616161e-01 9.684601540945612097e-01 3.173014395421451805e-01 -5.954499407063205130e-01 -1.017294826793221363e+00 -6.004518521386404961e-01 3.114213399955039208e-01 9.665495939355256416e-01
-1.545153349813874977e+00 -3.553370342243385327e+00 -2.632084016394257819e+00 4.591700069804283135e-01 3.171870733189950720e+00 3.269587671313634480e+00 6.717600953611765346e-01 -2.479886317049307287e+00 -3.587041304407722286e+00 -1.736933639140394670e+00 1.545153349812384835e+00 3.553370342239948076e+00 2.632084016391705195e+00 -4.591700069799923289e-01 -3.171870733186886504e+00 -3.269587671310467236e+00 -6.717600953605211700e-01 2.479886317046915867e+00 3.587041304404250841e+00 1.736933639138704022e+00
-1.374099116168736034e-01 -7.025231035216632502e-01 -6.884555276726167516e-01 -1.068049085287877259e-01 5.628988274611594900e-01 7.685321671574931734e-01 3.405649200739578331e-01 -3.681740922221086176e-01 -7.733795234424987175e-01 -5.409880643868381078e-01 1.374099116167418200e-01 7.025231035209839048e-01 6.884555276719498407e-01 1.068049085286826155e-01 -5.628988274606163689e-01 -7.685321671567492130e-01 -3.405649200736272086e-01 3.681740922217546230e-01 7.733795234417505382e-01 5.409880643863129723e-01
-1.704550059295073083e+00 -4.159086224024567180e+00 -3.184749031693641985e+00 4.151891978596129462e-01 3.672833206519021232e+00 3.902485187983962600e+00 9.148132750548274572e-01 -2.827057684626099299e+00 -4.238218903860982323e+00 -2.155267450727278433e+00 1.704550059293429509e+00 4.159086224020544620e+00 3.184749031690552901e+00 -4.151891978592209265e-01 -3.672833206515472959e+00 -3.902485187980182513e+00 -9.148132750539359481e-01 2.827057684623373923e+00 4.238218903856880715e+00 2.155267450725181000e+00
5.972041127316040310e+00 1.154663205058067454e+01 7.601838938641634513e+00 -2.610134413706870049e+00 -1.067023596839578126e+01 -9.933480267699895450e+00 -1.007270442189715620e+00 8.749362845719616644e+00 1.129276333752791572e+01 4.526076649136866692e+00 -5.972041127310276032e+00 -1.154663205056950481e+01 -7.601838938634256415e+00 2.610134413704370715e+00 1.067023596838546773e+01 9.933480267690269372e+00 1.007270442188723969e+00 -8.749362845711173620e+00 -1.129276333751698402e+01 -4.526076649132452445e+00
-9.467539696104291247e-01 -3.697332266462709516e+00 -3.399720788493101775e+00 -2.992792163143854767e-01 3.047896969157987357e+00 3.882296994269965662e+00 1.516016867344720964e+00 -2.100112280565663347e+00 -3.984846920693807082e+00 -2.584356224688078463e+00 9.467539696095187418e-01 3.697332266459133265e+00 3.399720788489807521e+00 2.992792163140868267e-01 -3.047896969155045266e+00 -3.882296994266207335e+00 -1.516016867343248364e+00 2.100112280563641409e+00 3.984846920689951499e+00 2.584356224685568026e+00
