-5.798074641845325061e+00 3.426441186705635467e+00 2.539763413004831882e-01 -3.837383539267332555e+00 5.955040653104681780e+00 -5.798074641846275412e+00 3.426441186714839215e+00 2.539763412865539416e-01 -3.837383539253978348e+00 5.955040653097014136e+00 -5.798074641847225763e+00 3.426441186724034083e+00 2.539763412726023240e-01 -3.837383539240617480e+00 5.955040653089356262e+00 -5.798074641848173449e+00 3.426441186733244937e+00 2.539763412586515945e-01 -3.837383539227256612e+00 5.955040653081688617e+00
5.272542485931878131e-01 -2.868033988730630535e-01 -6.319660112734983015e-02 3.890576474705286225e-01 -5.663118960631772225e-01 5.272542485933683354e-01 -2.868033988739924767e-01 -6.319660112602754065e-02 3.890576474693167586e-01 -5.663118960625395104e-01 5.272542485935486356e-01 -2.868033988749210117e-01 -6.319660112470318336e-02 3.890576474681042285e-01 -5.663118960619024644e-01 5.272542485937287138e-01 -2.868033988758511565e-01 -6.319660112337892321e-02 3.890576474668916429e-01 -5.663118960612650854e-01
-2.505901699436801522e+00 1.254634122149448583e+00 4.758610463525531076e-01 -2.024593469069783769e+00 2.800000000004168488e+00 -2.505901699438070285e+00 1.254634122154270504e+00 4.758610463460252182e-01 -2.024593469064034590e+00 2.800000000001399147e+00 -2.505901699439338604e+00 1.254634122159087983e+00 4.758610463394873924e-01 -2.024593469058282746e+00 2.799999999998632028e+00 -2.505901699440605590e+00 1.254634122163913457e+00 4.758610463329499551e-01 -2.024593469052530903e+00 2.799999999995863131e+00
-2.157294901688393107e+00 1.254634122151701003e+00 1.272542486005927564e-01 -1.460535821599995954e+00 2.235942352535438715e+00 -2.157294901688823430e+00 1.254634122155200870e+00 1.272542485953646607e-01 -1.460535821595029260e+00 2.235942352532635180e+00 -2.157294901689253308e+00 1.254634122158697407e+00 1.272542485901282383e-01 -1.460535821590060124e+00 2.235942352529834309e+00 -2.157294901689682742e+00 1.254634122162200160e+00 1.272542485848920935e-01 -1.460535821585090988e+00 2.235942352527029886e+00
2.674138953657007711e+00 -1.551847717650131742e+00 -1.631966011339543443e-01 1.815905365132969074e+00 -2.775000000005082512e+00 2.674138953657553941e+00 -1.551847717654482706e+00 -1.631966011274661177e-01 1.815905365126812887e+00 -2.775000000001614620e+00 2.674138953658099727e+00 -1.551847717658829673e+00 -1.631966011209675660e-01 1.815905365120653592e+00 -2.774999999998151168e+00 2.674138953658645068e+00 -1.551847717663183968e+00 -1.631966011144694029e-01 1.815905365114494074e+00 -2.774999999994683719e+00
3.326393202252140746e+00 -2.152708763993600893e+00 1.567627457708304917e-01 1.899061313166019671e+00 -3.229508497194004235e+00 3.326393202251976877e+00 -2.152708763998183450e+00 1.567627457784023515e-01 1.899061313158339814e+00 -3.229508497189155225e+00 3.326393202251813452e+00 -2.152708764002761566e+00 1.567627457859867013e-01 1.899061313150655739e+00 -3.229508497184313764e+00 3.326393202251648251e+00 -2.152708764007348563e+00 1.567627457935706625e-01 1.899061313142972107e+00 -3.229508497179465198e+00
1.946352549157030154e+00 -1.177912029464656563e+00 -4.045084972496722220e-02 1.243362879193168347e+00 -1.971352549159903988e+00 1.946352549157244205e+00 -1.177912029467642840e+00 -4.045084972035344756e-02 1.243362879188683046e+00 -1.971352549157263434e+00 1.946352549157458034e+00 -1.177912029470626010e+00 -4.045084971573222055e-02 1.243362879184195080e+00 -1.971352549154626210e+00 1.946352549157671197e+00 -1.177912029473614730e+00 -4.045084971111127109e-02 1.243362879179706892e+00 -1.971352549151985878e+00
-2.444959346906403930e+00 1.371478174119134197e+00 2.258610463519251654e-01 -1.736929023850871445e+00 2.584549150285558206e+00 -2.444959346907082942e+00 1.371478174123288873e+00 2.258610463458867179e-01 -1.736929023845247277e+00 2.584549150282501540e+00 -2.444959346907762399e+00 1.371478174127439775e+00 2.258610463398387225e-01 -1.736929023839620667e+00 2.584549150279448426e+00 -2.444959346908439635e+00 1.371478174131598005e+00 2.258610463337911156e-01 -1.736929023833993835e+00 2.584549150276392204e+00
9.045084971886149794e-02 -6.094235253128510443e-02 8.155948031178845634e-03 4.774575140634128301e-02 -8.541019662505472398e-02 9.045084971884792546e-02 -6.094235253140073416e-02 8.155948031379339769e-03 4.774575140613221413e-02 -8.541019662491709796e-02 9.045084971883435299e-02 -6.094235253151625287e-02 8.155948031580168706e-03 4.774575140592302730e-02 -8.541019662477965235e-02 9.045084971882076663e-02 -6.094235253163199362e-02 8.155948031780988969e-03 4.774575140571384740e-02 -8.541019662464202633e-02
-2.210410196624443380e+00 1.158813728900563333e+00 3.354101966323803086e-01 -1.701518827224837160e+00 2.417705098315881429e+00 -2.210410196625364865e+00 1.158813728904622087e+00 3.354101966267392099e-01 -1.701518827219760777e+00 2.417705098313313261e+00 -2.210410196626285906e+00 1.158813728908677287e+00 3.354101966210892849e-01 -1.701518827214681950e+00 2.417705098310747314e+00 -2.210410196627206059e+00 1.158813728912739371e+00 3.354101966154397485e-01 -1.701518827209602902e+00 2.417705098308179590e+00
-6.809016994376030363e-01 4.076237921235398298e-01 2.135254915828707287e-02 -4.421729424079999249e-01 6.940983005635490422e-01 -6.809016994376947407e-01 4.076237921246010920e-01 2.135254915666302822e-02 -4.421729424064311798e-01 6.940983005626359947e-01 -6.809016994377865561e-01 4.076237921256614105e-01 2.135254915503637108e-02 -4.421729424048616020e-01 6.940983005617241686e-01 -6.809016994378779275e-01 4.076237921267235609e-01 2.135254915340981108e-02 -4.421729424032920241e-01 6.940983005608111212e-01
-2.197745751406936954e+00 1.275125624964031257e+00 1.345491502882052159e-01 -1.492830723287468908e+00 2.280901699441506114e+00 -2.197745751407386816e+00 1.275125624967607951e+00 1.345491502828722596e-01 -1.492830723282409400e+00 2.280901699438656838e+00 -2.197745751407836678e+00 1.275125624971181537e+00 1.345491502775308379e-01 -1.492830723277347449e+00 2.280901699435810226e+00 -2.197745751408285653e+00 1.275125624974761340e+00 1.345491502721897215e-01 -1.492830723272285276e+00 2.280901699432961394e+00
4.762335554784296932e+00 -3.026973342615669527e+00 1.354101966099373611e-01 2.807875042076641847e+00 -4.678647450853317125e+00 4.762335554784271174e+00 -3.026973342622435670e+00 1.354101966209013130e-01 2.807875042065652416e+00 -4.678647450846507461e+00 4.762335554784245417e+00 -3.026973342629195152e+00 1.354101966318832229e-01 2.807875042054656767e+00 -4.678647450839707567e+00 4.762335554784218772e+00 -3.026973342635967512e+00 1.354101966428646053e-01 2.807875042043661118e+00 -4.678647450832897903e+00
-2.044959346906002562e+00 1.061067977494795089e+00 3.281152949444443578e-01 -1.591969676943423284e+00 2.247745751409783388e+00 -2.044959346906896513e+00 1.061067977498591164e+00 3.281152949392007190e-01 -1.591969676938727929e+00 2.247745751407434600e+00 -2.044959346907790465e+00 1.061067977502383908e+00 3.281152949339489755e-01 -1.591969676934030353e+00 2.247745751405086700e+00 -2.044959346908683528e+00 1.061067977506182647e+00 3.281152949286976761e-01 -1.591969676929332556e+00 2.247745751402737469e+00
-2.430040653094212466e+00 1.365044318775572085e+00 2.213525491643227594e-01 -1.723200266819585602e+00 2.566844051973246277e+00 -2.430040653094879932e+00 1.365044318779694343e+00 2.213525491583254734e-01 -1.723200266813995851e+00 2.566844051970203822e+00 -2.430040653095547398e+00 1.365044318783812827e+00 2.213525491523187505e-01 -1.723200266808403214e+00 2.566844051967164031e+00 -2.430040653096213088e+00 1.365044318787938415e+00 2.213525491463124162e-01 -1.723200266802810576e+00 2.566844051964121576e+00
-1.940450849719935533e+00 1.226518827214979623e+00 -4.409830055645547198e-02 -1.155166278068187502e+00 1.913196601128840824e+00 -1.940450849719950854e+00 1.226518827217762064e+00 -4.409830056093817785e-02 -1.155166278063710639e+00 1.913196601126082586e+00 -1.940450849719966397e+00 1.226518827220541841e+00 -4.409830056542822507e-02 -1.155166278059230889e+00 1.913196601123328344e+00 -1.940450849719981052e+00 1.226518827223326502e+00 -4.409830056991802250e-02 -1.155166278054751361e+00 1.913196601120570328e+00
-2.183155948032178273e+00 1.348732422714260748e+00 8.610463505165505405e-04 -1.350125624974928717e+00 2.183688103941529679e+00 -2.183155948032313720e+00 1.348732422717507706e+00 8.610463454031547226e-04 -1.350125624969894744e+00 2.183688103938501435e+00 -2.183155948032449611e+00 1.348732422720751556e+00 8.610463402814738654e-04 -1.350125624964857884e+00 2.183688103935478075e+00 -2.183155948032584615e+00 1.348732422724001179e+00 8.610463351600705639e-04 -1.350125624959821469e+00 2.183688103932450275e+00
-2.900000000001349942e+00 1.730495168493921154e+00 1.000000000094036778e-01 -1.892298567383698726e+00 2.961803398880765936e+00 -2.900000000001761169e+00 1.730495168498462188e+00 1.000000000024742208e-01 -1.892298567377018070e+00 2.961803398876890814e+00 -2.900000000002173284e+00 1.730495168502998782e+00 9.999999999553360608e-02 -1.892298567370333640e+00 2.961803398873020576e+00 -2.900000000002583622e+00 1.730495168507543369e+00 9.999999998859342154e-02 -1.892298567363649209e+00 2.961803398869145454e+00
-3.036803398875874027e+00 1.782749417087079680e+00 1.522542486035586007e-01 -2.029101966258788803e+00 3.130901699443072062e+00 -3.036803398876416704e+00 1.782749417091944455e+00 1.522542485962363190e-01 -2.029101966251795730e+00 3.130901699439084584e+00 -3.036803398876958937e+00 1.782749417096804567e+00 1.522542485889023245e-01 -2.029101966244799105e+00 3.130901699435101992e+00 -3.036803398877500282e+00 1.782749417101673339e+00 1.522542485815688018e-01 -2.029101966237802035e+00 3.130901699431114960e+00
-1.158155948030590521e+00 5.025831390276894739e-01 3.449593469107122834e-01 -1.060739087066161712e+00 1.371352549158290968e+00 -1.158155948031469817e+00 5.025831390302062385e-01 3.449593469075219465e-01 -1.060739087063512276e+00 1.371352549157196954e+00 -1.158155948032349114e+00 5.025831390327207826e-01 3.449593469043267802e-01 -1.060739087060861729e+00 1.371352549156103384e+00 -1.158155948033227522e+00 5.025831390352395456e-01 3.449593469011318914e-01 -1.060739087058211183e+00 1.371352549155009815e+00
