-2.050000000002298428e+00 -2.699999999998899725e+00 2.050000000002070610e+00 2.699999999999018296e+00 -2.050000000001843237e+00 -2.699999999999137312e+00 2.050000000001615419e+00 2.699999999999256328e+00 -2.050000000001387601e+00 -2.699999999999375788e+00 2.050000000001159783e+00 2.699999999999494360e+00 -2.050000000000931966e+00 -2.699999999999613820e+00 2.050000000000704592e+00 2.699999999999732836e+00 -2.050000000000476330e+00 -2.699999999999851852e+00 2.050000000000249401e+00 2.699999999999969980e+00
-2.450000000001979039e+00 -1.749999999998869571e+00 2.450000000001816947e+00 1.749999999999030109e+00 -2.450000000001655742e+00 -1.749999999999191092e+00 2.450000000001493650e+00 1.749999999999352074e+00 -2.450000000001331557e+00 -1.749999999999513278e+00 2.450000000001170353e+00 1.749999999999673816e+00 -2.450000000001008260e+00 -1.749999999999835021e+00 2.450000000000846612e+00 1.749999999999996003e+00 -2.450000000000684519e+00 -1.750000000000156986e+00 2.450000000000522871e+00 1.750000000000317524e+00
3.400000000002448175e+00 3.049999999997766498e+00 -3.400000000002177281e+00 -3.049999999997981437e+00 3.400000000001906386e+00 3.049999999998196820e+00 -3.400000000001635492e+00 -3.049999999998412203e+00 3.400000000001364153e+00 3.049999999998628475e+00 -3.400000000001093259e+00 -3.049999999998843414e+00 3.400000000000822364e+00 3.049999999999059686e+00 -3.400000000000551470e+00 -3.049999999999274625e+00 3.400000000000279687e+00 3.049999999999490008e+00 -3.400000000000009681e+00 -3.049999999999704947e+00
3.800000000002597744e+00 3.099999999997791633e+00 -3.800000000002317968e+00 -3.099999999998036326e+00 3.800000000002038636e+00 3.099999999998281019e+00 -3.800000000001759304e+00 -3.099999999998525269e+00 3.800000000001478639e+00 3.099999999998770850e+00 -3.800000000001199307e+00 -3.099999999999015099e+00 3.800000000000919531e+00 3.099999999999260236e+00 -3.800000000000639755e+00 -3.099999999999504485e+00 3.800000000000359535e+00 3.099999999999749623e+00 -3.800000000000080203e+00 -3.099999999999993872e+00
2.200000000001407940e+00 2.499999999998999023e+00 -2.200000000001193445e+00 -2.499999999999131362e+00 2.200000000000979394e+00 2.499999999999264588e+00 -2.200000000000764455e+00 -2.499999999999396483e+00 2.200000000000549516e+00 2.499999999999530154e+00 -2.200000000000335021e+00 -2.499999999999662492e+00 2.200000000000120526e+00 2.499999999999795719e+00 -2.199999999999906031e+00 -2.499999999999928058e+00 2.199999999999690647e+00 2.500000000000061284e+00 -2.199999999999476152e+00 -2.500000000000193179e+00
-1.750000000001707745e+00 -1.999999999999025224e+00 1.750000000001536327e+00 1.999999999999130473e+00 -1.750000000001364686e+00 -1.999999999999235945e+00 1.750000000001193046e+00 1.999999999999340972e+00 -1.750000000001021405e+00 -1.999999999999446887e+00 1.750000000000849765e+00 1.999999999999552136e+00 -1.750000000000678124e+00 -1.999999999999658051e+00 1.750000000000506706e+00 1.999999999999763078e+00 -1.750000000000334621e+00 -1.999999999999868550e+00 1.750000000000163203e+00 1.999999999999974021e+00
-5.051514762044462259e-15 -3.000000000001644684e-01 -1.737499033538369986e-14 3.000000000001606937e-01 3.977373985719623306e-14 -3.000000000001569189e-01 -6.220024495462439518e-14 3.000000000001530887e-01 8.462675005205255729e-14 -3.000000000001493139e-01 -1.070532551494807194e-13 3.000000000001454836e-01 1.294520046712932526e-13 -3.000000000001417644e-01 -1.518785097687214147e-13 3.000000000001378786e-01 1.743327704417652058e-13 -3.000000000001341594e-01 -1.967315199635777390e-13 3.000000000001302736e-01
-1.400000000002059375e+00 -2.299999999999261746e+00 1.400000000001869971e+00 2.299999999999336797e+00 -1.400000000001680345e+00 -2.299999999999412292e+00 1.400000000001490719e+00 2.299999999999487788e+00 -1.400000000001301093e+00 -2.299999999999563727e+00 1.400000000001111466e+00 2.299999999999639222e+00 -1.400000000000922062e+00 -2.299999999999714717e+00 1.400000000000732436e+00 2.299999999999790212e+00 -1.400000000000542366e+00 -2.299999999999865707e+00 1.400000000000353184e+00 2.299999999999940758e+00
-2.500000000005301315e-01 -6.499999999998170575e-01 2.500000000004783951e-01 6.499999999998273825e-01 -2.500000000004266587e-01 -6.499999999998379296e-01 2.500000000003749223e-01 6.499999999998482547e-01 -2.500000000003231859e-01 -6.499999999998588018e-01 2.500000000002714495e-01 6.499999999998692379e-01 -2.500000000002197686e-01 -6.499999999998797851e-01 2.500000000001680323e-01 6.499999999998901101e-01 -2.500000000001161293e-01 -6.499999999999006572e-01 2.500000000000645040e-01 6.499999999999110933e-01
-1.850000000001685851e+00 -1.899999999998878142e+00 1.850000000001520428e+00 1.899999999998992051e+00 -1.850000000001355005e+00 -1.899999999999106404e+00 1.850000000001189804e+00 1.899999999999220313e+00 -1.850000000001024159e+00 -1.899999999999334888e+00 1.850000000000858957e+00 1.899999999999448796e+00 -1.850000000000693534e+00 -1.899999999999563371e+00 1.850000000000528111e+00 1.899999999999677280e+00 -1.850000000000362466e+00 -1.899999999999791633e+00 1.850000000000197264e+00 1.899999999999905542e+00
4.850000000003817924e+00 4.649999999997444178e+00 -4.850000000003409362e+00 -4.649999999997747047e+00 4.850000000003000800e+00 4.649999999998050804e+00 -4.850000000002592238e+00 -4.649999999998353672e+00 4.850000000002182787e+00 4.649999999998657430e+00 -4.850000000001773337e+00 -4.649999999998961187e+00 4.850000000001364775e+00 4.649999999999264944e+00 -4.850000000000956213e+00 -4.649999999999568701e+00 4.850000000000545874e+00 4.649999999999871569e+00 -4.850000000000138201e+00 -4.650000000000175326e+00
-1.550000000002039080e+00 -2.549999999999006839e+00 1.550000000001829026e+00 2.549999999999089884e+00 -1.550000000001618528e+00 -2.549999999999173816e+00 1.550000000001408473e+00 2.549999999999257305e+00 -1.550000000001198197e+00 -2.549999999999341238e+00 1.550000000000988143e+00 2.549999999999424727e+00 -1.550000000000777867e+00 -2.549999999999508660e+00 1.550000000000567812e+00 2.549999999999591704e+00 -1.550000000000357092e+00 -2.549999999999675193e+00 1.550000000000147482e+00 2.549999999999758682e+00
-2.550000000002268230e+00 -2.449999999998669686e+00 2.550000000002052847e+00 2.449999999998829114e+00 -2.550000000001837464e+00 -2.449999999998988987e+00 2.550000000001622080e+00 2.449999999999147970e+00 -2.550000000001406697e+00 -2.449999999999308287e+00 2.550000000001191314e+00 2.449999999999467271e+00 -2.550000000000975930e+00 -2.449999999999627143e+00 2.550000000000760991e+00 2.449999999999786127e+00 -2.550000000000544720e+00 -2.449999999999945999e+00 2.550000000000329781e+00 2.450000000000104983e+00
-1.850000000001803313e+00 -1.799999999999081224e+00 1.850000000001645439e+00 1.799999999999196687e+00 -1.850000000001487566e+00 -1.799999999999312150e+00 1.850000000001329692e+00 1.799999999999427391e+00 -1.850000000001171596e+00 -1.799999999999543299e+00 1.850000000001013722e+00 1.799999999999658318e+00 -1.850000000000855849e+00 -1.799999999999774225e+00 1.850000000000697975e+00 1.799999999999889466e+00 -1.850000000000539657e+00 -1.800000000000004929e+00 1.850000000000382006e+00 1.800000000000120171e+00
-1.900000000002093570e+00 -2.499999999999124700e+00 1.900000000001882849e+00 2.499999999999234834e+00 -1.900000000001671907e+00 -2.499999999999344968e+00 1.900000000001461409e+00 2.499999999999455547e+00 -1.900000000001250466e+00 -2.499999999999566125e+00 1.900000000001039524e+00 2.499999999999675815e+00 -1.900000000000828804e+00 -2.499999999999786837e+00 1.900000000000617861e+00 2.499999999999896971e+00 -1.900000000000406253e+00 -2.500000000000007105e+00 1.900000000000196199e+00 2.500000000000117684e+00
-2.850000000002260503e+00 -2.699999999998194511e+00 2.850000000002022915e+00 2.699999999998373035e+00 -2.850000000001784883e+00 -2.699999999998552003e+00 2.850000000001547296e+00 2.699999999998730527e+00 -2.850000000001309264e+00 -2.699999999998909495e+00 2.850000000001071232e+00 2.699999999999088018e+00 -2.850000000000834088e+00 -2.699999999999267430e+00 2.850000000000596057e+00 2.699999999999445954e+00 -2.850000000000357137e+00 -2.699999999999624922e+00 2.850000000000120437e+00 2.699999999999803446e+00
-1.900000000002395328e+00 -2.799999999998654232e+00 1.900000000002161960e+00 2.799999999998760813e+00 -1.900000000001928813e+00 -2.799999999998867395e+00 1.900000000001695444e+00 2.799999999998973532e+00 -1.900000000001462297e+00 -2.799999999999080558e+00 1.900000000001228928e+00 2.799999999999186695e+00 -1.900000000000995559e+00 -2.799999999999293721e+00 1.900000000000762412e+00 2.799999999999399858e+00 -1.900000000000528599e+00 -2.799999999999506883e+00 1.900000000000295675e+00 2.799999999999613021e+00
-6.500000000009759082e-01 -1.049999999999624789e+00 6.500000000008891998e-01 1.049999999999660094e+00 -6.500000000008026024e-01 -1.049999999999695399e+00 6.500000000007160050e-01 1.049999999999730482e+00 -6.500000000006291856e-01 -1.049999999999766009e+00 6.500000000005424772e-01 1.049999999999801092e+00 -6.500000000004558798e-01 -1.049999999999836620e+00 6.500000000003691714e-01 1.049999999999871703e+00 -6.500000000002823519e-01 -1.049999999999907008e+00 6.500000000001957545e-01 1.049999999999942313e+00
-2.450000000002049649e+00 -2.549999999998505462e+00 2.450000000001828493e+00 2.549999999998656008e+00 -2.450000000001606448e+00 -2.549999999998806999e+00 2.450000000001385292e+00 2.549999999998957545e+00 -2.450000000001163691e+00 -2.549999999999108535e+00 2.450000000000941647e+00 2.549999999999259082e+00 -2.450000000000720490e+00 -2.549999999999410516e+00 2.450000000000499334e+00 2.549999999999561062e+00 -2.450000000000276845e+00 -2.549999999999711608e+00 2.450000000000055689e+00 2.549999999999862155e+00
-2.250000000002078782e+00 -2.399999999998518430e+00 2.250000000001870948e+00 2.399999999998655653e+00 -2.250000000001663114e+00 -2.399999999998793765e+00 2.250000000001455280e+00 2.399999999998930988e+00 -2.250000000001247003e+00 -2.399999999999069544e+00 2.250000000001039613e+00 2.399999999999206768e+00 -2.250000000000831779e+00 -2.399999999999344880e+00 2.250000000000624389e+00 2.399999999999482103e+00 -2.250000000000415668e+00 -2.399999999999620215e+00 2.250000000000208278e+00 2.399999999999757438e+00
