2.477457514059480947e-01 -6.319660112540731456e-02 -2.868033988749358887e-01 -1.140576474682639535e-01 2.163118960627315734e-01 2.477457514059564769e-01 -6.319660112551073183e-02 -2.868033988750082197e-01 -1.140576474682051533e-01 2.163118960628403475e-01 2.477457514059648591e-01 -6.319660112561463483e-02 -2.868033988750806063e-01 -1.140576474681465058e-01 2.163118960629490106e-01 2.477457514059733523e-01 -6.319660112571795496e-02 -2.868033988751531038e-01 -1.140576474680873587e-01 2.163118960630578957e-01
-2.394098300559708736e+00 -4.279634122153780140e+00 -2.508610463445334338e-01 4.124593469059899320e+00 2.799999999999025935e+00 -2.394098300561428250e+00 -4.279634122154375220e+00 -2.508610463431833471e-01 4.124593469061331064e+00 2.799999999998557865e+00 -2.394098300563146875e+00 -4.279634122154969411e+00 -2.508610463418349257e-01 4.124593469062758366e+00 2.799999999998092903e+00 -2.394098300564862392e+00 -4.279634122155562714e+00 -2.508610463404791768e-01 4.124593469064190110e+00 2.799999999997621725e+00
-2.492705098309484946e+00 -4.279634122153694875e+00 -1.522542485946957735e-01 4.185535821590992356e+00 2.739057647467766810e+00 -2.492705098311216450e+00 -4.279634122154257980e+00 -1.522542485933135459e-01 4.185535821592410777e+00 2.739057647467258771e+00 -2.492705098312947065e+00 -4.279634122154819309e+00 -1.522542485919329835e-01 4.185535821593825645e+00 2.739057647466753398e+00 -2.492705098314674128e+00 -4.279634122155378861e+00 -1.522542485905450382e-01 4.185535821595242290e+00 2.739057647466241363e+00
3.400861046340012184e+00 4.876847717653101988e+00 -3.868033988738034390e-01 -5.115905365121492743e+00 -2.774999999998706723e+00 3.400861046342052330e+00 4.876847717653555847e+00 -3.868033988755612551e-01 -5.115905365123034620e+00 -2.774999999997898925e+00 3.400861046344090699e+00 4.876847717654006154e+00 -3.868033988773171283e-01 -5.115905365124572057e+00 -2.774999999997094680e+00 3.400861046346126404e+00 4.876847717654458236e+00 -3.868033988790818278e-01 -5.115905365126112159e+00 -2.774999999996282440e+00
3.773606797746024366e+00 5.002708763996952079e+00 -6.817627457797359458e-01 -5.424061313152663821e+00 -2.670491502811429108e+00 3.773606797748151109e+00 5.002708763997321562e+00 -6.817627457816319847e-01 -5.424061313154207475e+00 -2.670491502810483642e+00 3.773606797750276520e+00 5.002708763997688379e+00 -6.817627457835261362e-01 -5.424061313155746689e+00 -2.670491502809542617e+00 3.773606797752398823e+00 5.002708763998056973e+00 -6.817627457854295026e-01 -5.424061313157288566e+00 -2.670491502808592266e+00
1.778647450841452038e+00 2.902912029466665711e+00 1.545084971945369368e-02 -2.893362879185236380e+00 -1.803647450842916333e+00 1.778647450842637312e+00 2.902912029467017874e+00 1.545084971848748046e-02 -2.893362879186186731e+00 -1.803647450842535527e+00 1.778647450843821698e+00 2.902912029467369148e+00 1.545084971752240174e-02 -2.893362879187134418e+00 -1.803647450842157163e+00 1.778647450845003863e+00 2.902912029467719979e+00 1.545084971655224029e-02 -2.893362879188084325e+00 -1.803647450841773914e+00
-1.830040653091168146e+00 -3.771478174122616878e+00 -5.008610463444876926e-01 3.461929023841269881e+00 2.640450849717858262e+00 -1.830040653092650071e+00 -3.771478174123235050e+00 -5.008610463433892379e-01 3.461929023842568398e+00 2.640450849717559834e+00 -1.830040653094131553e+00 -3.771478174123852778e+00 -5.008610463422921155e-01 3.461929023843863362e+00 2.640450849717264514e+00 -1.830040653095609926e+00 -3.771478174124469174e+00 -5.008610463411887759e-01 3.461929023845161879e+00 2.640450849716963866e+00
3.454915028139315947e-02 -5.640576474684502184e-01 -3.831559480311518273e-01 3.272542485935960310e-01 5.854101966248053124e-01 3.454915028120825182e-02 -5.640576474686457287e-01 -3.831559480310881005e-01 3.272542485938313428e-01 5.854101966248865807e-01 3.454915028102345520e-02 -5.640576474688416830e-01 -3.831559480310244847e-01 3.272542485940658219e-01 5.854101966249682931e-01 3.454915028083921369e-02 -5.640576474690368602e-01 -3.831559480309602028e-01 3.272542485943015222e-01 5.854101966250493394e-01
-1.539589803373059285e+00 -3.033813728904436680e+00 -3.354101966255211842e-01 2.826518827216880858e+00 2.082294901686810196e+00 -1.539589803374259658e+00 -3.033813728904911411e+00 -3.354101966246155198e-01 2.826518827217916918e+00 2.082294901686542854e+00 -1.539589803375459365e+00 -3.033813728905386142e+00 -3.354101966237110211e-01 2.826518827218949426e+00 2.082294901686277733e+00 -1.539589803376656629e+00 -3.033813728905859097e+00 -3.354101966228014153e-01 2.826518827219985042e+00 2.082294901686008171e+00
-5.690983005617500368e-01 -1.157623792124389706e+00 -1.463525491565066394e-01 1.067172942405595348e+00 8.059016994373118248e-01 -5.690983005622057833e-01 -1.157623792124576667e+00 -1.463525491561670500e-01 1.067172942405993030e+00 8.059016994372172338e-01 -5.690983005626614188e-01 -1.157623792124764073e+00 -1.463525491558279046e-01 1.067172942406389602e+00 8.059016994371236420e-01 -5.690983005631161662e-01 -1.157623792124950590e+00 -1.463525491554868163e-01 1.067172942406787284e+00 8.059016994370280518e-01
-2.477254248591020058e+00 -3.700125624966757343e+00 1.904508497176843340e-01 3.817830723278895722e+00 2.169098300561893566e+00 -2.477254248592555275e+00 -3.700125624967135707e+00 1.904508497189844329e-01 3.817830723280079219e+00 2.169098300561322024e+00 -2.477254248594090491e+00 -3.700125624967512294e+00 1.904508497202830608e-01 3.817830723281259164e+00 2.169098300560754478e+00 -2.477254248595622155e+00 -3.700125624967889326e+00 1.904508497215883223e-01 3.817830723282441774e+00 2.169098300560179826e+00
5.712664445212168651e+00 8.376973342620164686e+00 -5.354101966223818732e-01 -8.707875042056755888e+00 -4.846352549154750555e+00 5.712664445215658304e+00 8.376973342620985363e+00 -5.354101966253592693e-01 -8.707875042059420423e+00 -4.846352549153414735e+00 5.712664445219144405e+00 8.376973342621804264e+00 -5.354101966283332237e-01 -8.707875042062077853e+00 -4.846352549152086020e+00 5.712664445222625176e+00 8.376973342622623164e+00 -5.354101966313222771e-01 -8.707875042064740612e+00 -4.846352549150743094e+00
-1.430040653091811720e+00 -3.411067977497816095e+00 -6.781152949377536876e-01 2.991969676935491762e+00 2.527254248592710084e+00 -1.430040653093125780e+00 -3.411067977498450254e+00 -6.781152949368335348e-01 2.991969676936696132e+00 2.527254248592532893e+00 -1.430040653094438508e+00 -3.411067977499084414e+00 -6.781152949359147142e-01 2.991969676937896949e+00 2.527254248592357477e+00 -1.430040653095748571e+00 -3.411067977499717685e+00 -6.781152949349902315e-01 2.991969676939101763e+00 2.527254248592177177e+00
-3.044959346902720299e+00 -4.840044318778547350e+00 5.364745084247121709e-02 4.873200266809408987e+00 2.958155948030338767e+00 -3.044959346904705377e+00 -4.840044318779106902e+00 5.364745084410808135e-02 4.873200266810982839e+00 2.958155948029671745e+00 -3.044959346906689568e+00 -4.840044318779665566e+00 5.364745084574305822e-02 4.873200266812552250e+00 2.958155948029008275e+00 -3.044959346908670206e+00 -4.840044318780224231e+00 5.364745084738655606e-02 4.873200266814126103e+00 2.958155948028336812e+00
-1.884549150279062113e+00 -3.301518827216832097e+00 -1.559016994381546284e-01 3.205166278060489926e+00 2.136803398874247861e+00 -1.884549150280393270e+00 -3.301518827217278407e+00 -1.559016994371008880e-01 3.205166278061589491e+00 2.136803398873871718e+00 -1.884549150281724206e+00 -3.301518827217724272e+00 -1.559016994360483688e-01 3.205166278062685503e+00 2.136803398873497795e+00 -1.884549150283051588e+00 -3.301518827218169694e+00 -1.559016994349902152e-01 3.205166278063784624e+00 2.136803398873118542e+00
-1.791844051966238194e+00 -4.073732422716350499e+00 -7.258610463443800898e-01 3.625125624966391236e+00 2.966311896061539777e+00 -1.791844051967816931e+00 -4.073732422717079693e+00 -7.258610463432537685e-01 3.625125624967818538e+00 2.966311896061293751e+00 -1.791844051969395224e+00 -4.073732422717808888e+00 -7.258610463421290016e-01 3.625125624969241844e+00 2.966311896061049946e+00 -1.791844051970969964e+00 -4.073732422718536306e+00 -7.258610463409976843e-01 3.625125624970669147e+00 2.966311896060799924e+00
-2.899999999996899724e+00 -4.530495168497266967e+00 9.999999999908887327e-02 4.592298567372087525e+00 2.738196601123871421e+00 -2.899999999998764011e+00 -4.530495168497775005e+00 1.000000000006372874e-01 4.592298567373553908e+00 2.738196601123226603e+00 -2.900000000000627409e+00 -4.530495168498280378e+00 1.000000000021839253e-01 4.592298567375016738e+00 2.738196601122585339e+00 -2.900000000002486811e+00 -4.530495168498787528e+00 1.000000000037385706e-01 4.592298567376482232e+00 2.738196601121936524e+00
-2.813196601121695561e+00 -4.757749417091042154e+00 -1.272542485948728874e-01 4.679101966247017685e+00 3.019098300561566361e+00 -2.813196601123625573e+00 -4.757749417091653221e+00 -1.272542485933225442e-01 4.679101966248588873e+00 3.019098300560984161e+00 -2.813196601125554253e+00 -4.757749417092263400e+00 -1.272542485917740329e-01 4.679101966250155620e+00 3.019098300560405956e+00 -2.813196601127480267e+00 -4.757749417092872690e+00 -1.272542485902173059e-01 4.679101966251725919e+00 3.019098300559819315e+00
-7.668440519678260126e-01 -1.677583139030225379e+00 -2.699593469063683582e-01 1.510739087061540253e+00 1.203647450843269739e+00 -7.668440519684797119e-01 -1.677583139030516257e+00 -2.699593469058951256e-01 1.510739087062124453e+00 1.203647450843156275e+00 -7.668440519691330781e-01 -1.677583139030806914e+00 -2.699593469054225592e-01 1.510739087062706654e+00 1.203647450843044142e+00 -7.668440519697850011e-01 -1.677583139031096682e+00 -2.699593469049471617e-01 1.510739087063290853e+00 1.203647450842929567e+00
-2.774999999996859312e+00 -4.237790070184951574e+00 1.559016994364007258e-01 4.334142619340879854e+00 2.522745751405340631e+00 -2.774999999998610800e+00 -4.237790070185405433e+00 1.559016994378694398e-01 4.334142619342244096e+00 2.522745751404712244e+00 -2.775000000000360956e+00 -4.237790070185857516e+00 1.559016994393364886e-01 4.334142619343603009e+00 2.522745751404086967e+00 -2.775000000002108003e+00 -4.237790070186310487e+00 1.559016994408110868e-01 4.334142619344965475e+00 2.522745751403454584e+00
