2.308059579803398709e+00 -6.621093545317220386e-01 -1.529703351805343337e+00 2.460383495678463817e+00 -1.362650915682238839e+00 -8.584912711559641307e-01 2.371867932496274367e+00 -1.929806711057674651e+00 -1.032440834260698048e-01 2.051177410305565108e+00 -2.308059579799977890e+00 6.621093545325886787e-01 1.529703351800902666e+00 -2.460383495674110854e+00 1.362650915681562047e+00 8.584912711523986495e-01 -2.371867932491415143e+00 1.929806711055514157e+00 1.032440834237439431e-01 -2.051177410300671244e+00
-5.154156367928881544e+00 9.782517682099941547e-01 4.004152443161351549e+00 -5.685415276251589489e+00 2.679454061917729391e+00 2.535528112668918421e+00 -5.660146124716098015e+00 4.118372723188623574e+00 8.187086244466191820e-01 -5.080822433935836102e+00 5.154156367921779669e+00 -9.782517682131488534e-01 -4.004152443150539753e+00 5.685415276242035354e+00 -2.679454061917309282e+00 -2.535528112659839461e+00 5.660146124705025095e+00 -4.118372723184653417e+00 -8.187086244401970969e-01 5.080822433924321757e+00
4.972019777192702716e-01 -4.445397590904921481e-01 2.538585118295771936e-02 4.146969012058653870e-01 -5.128912965833116733e-01 1.882429791159187793e-01 2.915984026392658968e-01 -5.310374604426360001e-01 3.326735726868594312e-01 1.399562207368998390e-01 -4.972019777182088429e-01 4.445397590899429763e-01 -2.538585118337371993e-02 -4.146969012048272729e-01 5.128912965825073167e-01 -1.882429791160128985e-01 -2.915984026383527938e-01 5.310374604416550071e-01 -3.326735726866194010e-01 -1.399562207361993160e-01
-2.438899977271293373e+00 3.678776872152651478e-01 2.006433818885246634e+00 -2.726582104098218551e+00 1.198855681022309883e+00 1.317242726233393224e+00 -2.747367377360823593e+00 1.912481327851169421e+00 4.991107377686809232e-01 -2.499221189692935496e+00 2.438899977268034647e+00 -3.678776872169895462e-01 -2.006433818879960196e+00 2.726582104093729253e+00 -1.198855681022318320e+00 -1.317242726228885275e+00 2.747367377355542040e+00 -1.912481327849453017e+00 -4.991107377654088184e-01 2.499221189687375499e+00
-2.425513271000908855e+00 2.401183528658670796e-01 2.143237217761416957e+00 -2.759644810394651593e+00 1.100919824470028674e+00 1.465435936833931585e+00 -2.823643088170304960e+00 1.853955593094556820e+00 6.441875761171664827e-01 -2.611243506997251718e+00 2.425513270997803339e+00 -2.401183528678884627e-01 -2.143237217755934232e+00 2.759644810390228908e+00 -1.100919824470311337e+00 -1.465435936829167840e+00 2.823643088164996762e+00 -1.853955593093064902e+00 -6.441875761136037770e-01 2.611243506991574925e+00
3.676637618321524137e+00 -7.623379974991543184e-01 -2.780455553935892610e+00 4.030959536015113365e+00 -1.958221581779610254e+00 -1.728932003032009224e+00 3.990703048976181222e+00 -2.962420793901942240e+00 -5.081685414947089141e-01 3.559808742639966272e+00 -3.676637618316388689e+00 7.623379975012474219e-01 2.780455553928295576e+00 -4.030959536008277055e+00 1.958221581779169718e+00 1.728932003025677400e+00 -3.990703048968311073e+00 2.962420793898999705e+00 5.081685414902861186e-01 -3.559808742631827894e+00
3.314331954133987956e+00 -5.673964581790358341e-01 -2.647317413491591775e+00 3.679504725753465877e+00 -1.678199813585797395e+00 -1.706662524100838629e+00 3.684501938198510462e+00 -2.624729278531749532e+00 -5.989476158349169577e-01 3.328834429497761871e+00 -3.314331954129487556e+00 5.673964581812147578e-01 2.647317413484528537e+00 -3.679504725747342775e+00 1.678199813585661504e+00 1.706662524094862965e+00 -3.684501938191362846e+00 2.624729278529302157e+00 5.989476158306359377e-01 -3.328834429490285629e+00
2.137136187067167015e+00 -4.674305340646673357e-01 -1.587638638277616865e+00 2.333811689162959446e+00 -1.155921546758335472e+00 -9.749444131788912449e-01 2.302037442500832309e+00 -1.731262904675438641e+00 -2.668158360816197394e-01 2.044923731728518046e+00 -2.137136187064156090e+00 4.674305340658247987e-01 1.587638638273244363e+00 -2.333811689158977298e+00 1.155921546758026608e+00 9.749444131752648124e-01 -2.302037442496267960e+00 1.731262904673686931e+00 2.668158360791085260e-01 -2.044923731723816029e+00
-2.184684449305276388e+00 4.813008968308797320e-01 1.618881311159857894e+00 -2.384410016653923048e+00 1.184160775255808762e+00 9.923455365759745739e-01 -2.350732918410547878e+00 1.771106746464546911e+00 2.686720667946961294e-01 -2.086949703593608874e+00 2.184684449302194409e+00 -4.813008968320545145e-01 -1.618881311155394354e+00 2.384410016649851194e+00 -1.184160775255485243e+00 -9.923455365722753108e-01 2.350732918405884053e+00 -1.771106746462750126e+00 -2.686720667921376204e-01 2.086949703588806049e+00
7.583192702029116494e-02 1.494263747563074826e-02 -9.339805089731989529e-02 9.485335634498079371e-02 -1.810875708275183280e-02 -7.356523564377104307e-02 1.045898782683984257e-01 -4.938754032670729377e-02 -4.653134256628752019e-02 1.040884141863517159e-01 -7.583192702021822329e-02 -1.494263747551282870e-02 9.339805089710828678e-02 -9.485335634484998169e-02 1.810875708280963725e-02 7.356523564357199396e-02 -1.045898782682225386e-01 4.938754032669896710e-02 4.653134256612102837e-02 -1.040884141861479484e-01
-1.903124557495568192e+00 3.741907354868116986e-01 1.463236965767664488e+00 -2.094328953661410697e+00 9.987943790553210910e-01 9.201757414980538119e-01 -2.080525839794589160e+00 1.525629069791473835e+00 2.870413044097220867e-01 -1.863066360852559722e+00 1.903124557492932079e+00 -3.741907354879449032e-01 -1.463236965763695441e+00 2.094328953657878856e+00 -9.987943790551375711e-01 -9.201757414947306923e-01 2.080525839790506204e+00 -1.525629069789985692e+00 -2.870413044073826803e-01 1.863066360848323555e+00
-3.361968861320624447e-01 2.379333001455025687e-01 5.648951642234822934e-02 -3.043407094697920257e-01 3.012844449747943409e-01 -4.984039753291082120e-02 -2.426935436982108896e-01 3.351437691576899525e-01 -1.512915861190590461e-01 -1.572898429241405549e-01 3.361968861314120760e-01 -2.379333001452839380e-01 -5.648951642195476630e-02 3.043407094691109593e-01 -3.012844449743871111e-01 4.984039753311436671e-02 2.426935436975657112e-01 -3.351437691571336197e-01 1.512915861190505251e-01 1.572898429235934925e-01
-2.373565235640344717e+00 7.472828251426941737e-01 1.495081587818879676e+00 -2.504856641730219824e+00 1.449553998413229738e+00 8.008037163916522649e-01 -2.390955227364683910e+00 2.009932726681582515e+00 2.813759767709994586e-02 -2.043010456579930523e+00 2.373565235636755144e+00 -7.472828251434235902e-01 -1.495081587814431900e+00 2.504856641725721644e+00 -1.449553998412388855e+00 -8.008037163881340792e-01 2.390955227359716329e+00 -2.009932726679247050e+00 -2.813759767487100660e-02 2.043010456574975819e+00
5.014433381117189725e+00 -9.764694381858231020e-01 -3.866524710955562050e+00 5.521841843633386482e+00 -2.624789691403809133e+00 -2.436216501678638569e+00 5.488733953559217227e+00 -4.016177241639984352e+00 -7.674344471002285673e-01 4.918350541851963520e+00 -5.014433381110253052e+00 9.764694381888320285e-01 3.866524710945086873e+00 -5.521841843624083701e+00 2.624789691403346392e+00 2.436216501669861589e+00 -5.488733953548456057e+00 4.016177241636079920e+00 7.674344470940412943e-01 -4.918350541840790235e+00
-2.317835833761439979e+00 2.355288675801501252e-01 2.040955044055102086e+00 -2.634815418554965927e+00 1.056456247024304407e+00 1.392876615167810028e+00 -2.693880912341218181e+00 1.773970328245221051e+00 6.084537184464147153e-01 -2.489250573055175053e+00 2.317835833758466357e+00 -2.355288675820670086e-01 -2.040955044049873823e+00 2.634815418550737753e+00 -1.056456247024561090e+00 -1.392876615163270992e+00 2.693880912336148015e+00 -1.773970328243784866e+00 -6.084537184430249823e-01 2.489250573049757609e+00
-2.817312445231637152e+00 7.170626796121966073e-01 1.974354709139928055e+00 -3.038055841265085544e+00 1.597094129133807661e+00 1.160559090008616678e+00 -2.961413164175223933e+00 2.320790877685560805e+00 2.331598610573657193e-01 -2.594886733196868800e+00 2.817312445227559525e+00 -7.170626796134764724e-01 -1.974354709134344299e+00 3.038055841259802659e+00 -1.597094129133180385e+00 -1.160559090004061211e+00 2.961413164169252266e+00 -2.320790877683079678e+00 -2.331598610543029193e-01 2.594886733190788775e+00
-1.574124821470449742e+00 7.431730034684441710e-02 1.486759595201755824e+00 -1.822108027874549396e+00 6.552568585354161534e-01 1.051807392052712453e+00 -1.891730605136687782e+00 1.172055309966854031e+00 5.138969529968884231e-01 -1.776177410305612270e+00 1.574124821468521951e+00 -7.431730034835498655e-02 -1.486759595198051676e+00 1.822108027871706115e+00 -6.552568585357773090e-01 -1.051807392049438628e+00 1.891730605133206788e+00 -1.172055309966024694e+00 -5.138969529943762105e-01 1.776177410301832627e+00
-2.169691176305002411e+00 5.060961105842963770e-01 1.574739516216195234e+00 -2.357313438252127469e+00 1.196448631855132616e+00 9.508037163914546674e-01 -2.314185436494177406e+00 1.769684424891317276e+00 2.337966241678621493e-01 -2.044528840333931452e+00 2.169691176301911550e+00 -5.060961105853944986e-01 -1.574739516211812518e+00 2.357313438248074267e+00 -1.196448631854749811e+00 -9.508037163878436671e-01 2.314185436489557990e+00 -1.769684424889484964e+00 -2.337966241653902100e-01 2.044528840329195241e+00
-2.763288405766944678e+00 2.908990954400764162e-01 2.421316009356172749e+00 -3.137326778318241693e+00 1.266832814479916802e+00 1.648075487374276227e+00 -3.204261746766000840e+00 2.118760111094037946e+00 7.135098538717195016e-01 -2.957541250035530478e+00 2.763288405763387967e+00 -2.908990954423371078e-01 -2.421316009349957277e+00 3.137326778313197284e+00 -1.266832814480200797e+00 -1.648075487368887426e+00 3.204261746759960783e+00 -2.118760111092308662e+00 -7.135098538677031588e-01 2.957541250029083635e+00
-2.977838390166351434e+00 5.990372358848494727e-01 2.273627884510995401e+00 -3.271847115317464194e+00 1.572659079768144119e+00 1.423075487373260506e+00 -3.245584648521326887e+00 2.392338095562393185e+00 4.332225463822545475e-01 -2.901621743009659582e+00 2.977838390162211635e+00 -5.990372358865897473e-01 -2.273627884504808794e+00 3.271847115311933507e+00 -1.572659079767827706e+00 -1.423075487368091085e+00 3.245584648514944881e+00 -2.392338095560041289e+00 -4.332225463786272823e-01 2.901621743003046650e+00
