2.362585029621588895e+00 6.885601522691568555e+00 1.073460736391367121e+01 1.353283504394847903e+01 1.500637454107553026e+01 1.501098554256266837e+01 1.354621669145760343e+01 1.075544976855120538e+01 6.911864484674071996e+00 2.391697747245463912e+00 -2.362585029621559585e+00 -6.885601522691351839e+00 -1.073460736391328929e+01 -1.353283504394796211e+01 -1.500637454107494051e+01 -1.501098554256205730e+01 -1.354621669145703500e+01 -1.075544976855073642e+01 -6.911864484673738040e+00 -2.391697747245297379e+00
-2.792843217786959542e+00 -8.377142760749013206e+00 -1.314142920330324138e+01 -1.661934099371690365e+01 -1.847043589390799667e+01 -1.851351583770929210e+01 -1.674436386006589572e+01 -1.333615688295621560e+01 -8.622513951674077859e+00 -3.064839278214833040e+00 2.792843217786928012e+00 8.377142760748752082e+00 1.314142920330277597e+01 1.661934099371627127e+01 1.847043589390727547e+01 1.851351583770853537e+01 1.674436386006519584e+01 1.333615688295563473e+01 8.622513951673660415e+00 3.064839278214623430e+00
-2.380607346860692974e+00 -6.646852908900016565e+00 -1.026245819686878846e+01 -1.287350257377730323e+01 -1.422439882379786269e+01 -1.418291180973083776e+01 -1.275310256957014410e+01 -1.007493079380947876e+01 -6.410554595780301845e+00 -2.118668648955948086e+00 2.380607346860659668e+00 6.646852908899806067e+00 1.026245819686842431e+01 1.287350257377681295e+01 1.422439882379730314e+01 1.418291180973026044e+01 1.275310256956960586e+01 1.007493079380904000e+01 6.410554595779990095e+00 2.118668648955796208e+00
1.305778567106058663e+00 7.143652440577732410e-01 5.302487364579167028e-02 -6.135059408446533746e-01 -1.219982519297979184e+00 -1.707038708644384339e+00 -2.026998055550628397e+00 -2.148540709853675512e+00 -2.059769229712876903e+00 -1.769373186111686369e+00 -1.305778567105999599e+00 -7.143652440577358265e-01 -5.302487364578012397e-02 6.135059408446364992e-01 1.219982519297938106e+00 1.707038708644322389e+00 2.026998055550550681e+00 2.148540709853590247e+00 2.059769229712792526e+00 1.769373186111609986e+00
2.330664973422926778e+00 8.167483998232560438e+00 1.320481278308797179e+01 1.694956248939411836e+01 1.903517092469235905e+01 1.925748420404729444e+01 1.759474075472797239e+01 1.420970149056861764e+01 9.433717639700539337e+00 3.734295777682887785e+00 -2.330664973422917008e+00 -8.167483998232311748e+00 -1.320481278308750817e+01 -1.694956248939347532e+01 -1.903517092469161653e+01 -1.925748420404651284e+01 -1.759474075472723698e+01 -1.420970149056800302e+01 -9.433717639700091695e+00 -3.734295777682648865e+00
3.445652267845569217e-01 4.910378316772725071e+00 8.995529364497665270e+00 1.220013532248705346e+01 1.421050703177028396e+01 1.482985530235939464e+01 1.399755401027598367e+01 1.179507460497328175e+01 8.438011116218685714e+00 4.254976308328190626e+00 -3.445652267846071037e-01 -4.910378316772590068e+00 -8.995529364497356184e+00 -1.220013532248659871e+01 -1.421050703176973506e+01 -1.482985530235880134e+01 -1.399755401027540458e+01 -1.179507460497277727e+01 -8.438011116218296692e+00 -4.254976308327953483e+00
9.732145694521300072e+00 -1.451140694047349911e+00 -1.249237932079082114e+01 -2.231077682009043173e+01 -2.994524003591684291e+01 -3.464845451627198258e+01 -3.596003685859653132e+01 -3.375160024489229471e+01 -2.823932183799132645e+01 -1.996278185466312038e+01 -9.732145694520763612e+00 1.451140694047449387e+00 1.249237932079047297e+01 2.231077682008964658e+01 2.994524003591573091e+01 3.464845451627063966e+01 3.596003685859509602e+01 3.375160024489090205e+01 2.823932183799011142e+01 1.996278185466218247e+01
-5.105715878530906693e+00 -2.357896628500783187e+00 6.207299719587986431e-01 3.538595197883007248e+00 6.110078070995921706e+00 8.083463931102562228e+00 9.265584020827919431e+00 9.540724189474717676e+00 8.881951800321536084e+00 7.353752084755822871e+00 5.105715878530668661e+00 2.357896628500648628e+00 -6.207299719588164066e-01 -3.538595197882898002e+00 -6.110078070995709432e+00 -8.083463931102262023e+00 -9.265584020827562384e+00 -9.540724189474335759e+00 -8.881951800321168378e+00 -7.353752084755500462e+00
-3.513895773476598983e+00 -8.158145581129918611e+00 -1.200381925815961104e+01 -1.467447547067395952e+01 -1.590869178103608661e+01 -1.558565449749708343e+01 -1.373698476010284786e+01 -1.054364324318899726e+01 -6.318216463749706691e+00 -1.474318635235994934e+00 3.513895773476526152e+00 8.158145581129653934e+00 1.200381925815917761e+01 1.467447547067339464e+01 1.590869178103545956e+01 1.558565449749644216e+01 1.373698476010226699e+01 1.054364324318853186e+01 6.318216463749390499e+00 1.474318635235860597e+00
-3.353899164001774125e+00 -8.119665633121716297e+00 -1.209062265703463446e+01 -1.487806529495547991e+01 -1.620913924022971386e+01 -1.595354970095640290e+01 -1.413631556203665518e+01 -1.093532036240271132e+01 -6.663899814839730595e+00 -1.740170323280107789e+00 3.353899164001709732e+00 8.119665633121455173e+00 1.209062265703420103e+01 1.487806529495490970e+01 1.620913924022907437e+01 1.595354970095574743e+01 1.413631556203605655e+01 1.093532036240222816e+01 6.663899814839400193e+00 1.740170323279961684e+00
5.668391827882024891e+00 1.198545864724774823e+01 1.712930526662006159e+01 2.059641613960802076e+01 2.204740629718166645e+01 2.134024271307482934e+01 1.854414748599830531e+01 1.393282189831935192e+01 7.957654627554601845e+00 1.203536677604866600e+00 -5.668391827881891665e+00 -1.198545864724735210e+01 -1.712930526661943986e+01 -2.059641613960722495e+01 -2.204740629718079248e+01 -2.134024271307394827e+01 -1.854414748599751661e+01 -1.393282189831873197e+01 -7.957654627554195059e+00 -1.203536677604714722e+00
5.791092701550725863e+00 1.230083406281711333e+01 1.760648408106443341e+01 2.118868876586928351e+01 2.269679696399533242e+01 2.198318453740235157e+01 1.911770484243540125e+01 1.438085099660888311e+01 8.236299257953699993e+00 1.285521162258774996e+00 -5.791092701550589972e+00 -1.230083406281670477e+01 -1.760648408106379392e+01 -2.118868876586846639e+01 -2.269679696399443358e+01 -2.198318453740144207e+01 -1.911770484243458768e+01 -1.438085099660824184e+01 -8.236299257953280772e+00 -1.285521162258616901e+00
1.368442928635410283e+00 5.503643306958720061e+00 9.100108732259156952e+00 1.180579211066025280e+01 1.335584230147951601e+01 1.359852959220485147e+01 1.251009805991827939e+01 1.019709096654843883e+01 6.885921562062419454e+00 2.900710178045119658e+00 -1.368442928635414502e+00 -5.503643306958555748e+00 -9.100108732258838984e+00 -1.180579211065980516e+01 -1.335584230147899731e+01 -1.359852959220429902e+01 -1.251009805991775714e+01 -1.019709096654799829e+01 -6.885921562062094381e+00 -2.900710178044940690e+00
-1.629392083059680418e+00 -5.541222389647952440e+00 -8.910639240770864333e+00 -1.140782063893288445e+01 -1.278832506999603780e+01 -1.291701914170792520e+01 -1.178130538166506724e+01 -9.492355365683533108e+00 -6.274227469380133648e+00 -2.441934473260545690e+00 1.629392083059671315e+00 5.541222389647782798e+00 8.910639240770549918e+00 1.140782063893245102e+01 1.278832506999553864e+01 1.291701914170739940e+01 1.178130538166457342e+01 9.492355365683120993e+00 6.274227469379834332e+00 2.441934473260387595e+00
-2.864675744781137734e+00 -2.288249747801576195e+00 -1.487833922333729131e+00 -5.417785461993706031e-01 4.573098888300679565e-01 1.411633645675459903e+00 2.227776865852184596e+00 2.825849764565162570e+00 3.147308799469458407e+00 3.160687320491844865e+00 2.864675744781017830e+00 2.288249747801474943e+00 1.487833922333656966e+00 5.417785461993372964e-01 -4.573098888300632936e-01 -1.411633645675417048e+00 -2.227776865852105992e+00 -2.825849764565055988e+00 -3.147308799469335838e+00 -3.160687320491716523e+00
-2.692913011046793592e+00 -6.501187365397003148e+00 -9.673080203986259562e+00 -1.189810455589654481e+01 -1.295845953490665003e+01 -1.275035020774351757e+01 -1.129414776533282705e+01 -8.732395448696760099e+00 -5.315855423365587029e+00 -1.378962431452812387e+00 2.692913011046741634e+00 6.501187365396793538e+00 9.673080203985913172e+00 1.189810455589608829e+01 1.295845953490613844e+01 1.275035020774299532e+01 1.129414776533234921e+01 8.732395448696376405e+00 5.315855423365323240e+00 1.378962431452696702e+00
2.539567905633437483e-01 -1.328550311348849489e+00 -2.781009652231888118e+00 -3.961244391920851537e+00 -4.753724930916020774e+00 -5.080877752523964119e+00 -4.910678859157957099e+00 -4.259788504346090576e+00 -3.191920371037119786e+00 -1.811604832394112519e+00 -2.539567905633118294e-01 1.328550311348817736e+00 2.781009652231796192e+00 3.961244391920704988e+00 4.753724930915838698e+00 5.080877752523762503e+00 4.910678859157755483e+00 4.259788504345910276e+00 3.191920371036975901e+00 1.811604832394017484e+00
-8.883663543251114625e-01 -5.138108837841182996e+00 -8.884897429000009339e+00 -1.176197035508781674e+01 -1.348769967235334732e+01 -1.389315897135949207e+01 -1.293865907091848300e+01 -1.071763307167736023e+01 -7.447490473239930076e+00 -3.448335617564489475e+00 8.883663543251358874e-01 5.138108837841035559e+00 8.884897428999702029e+00 1.176197035508737443e+01 1.348769967235282508e+01 1.389315897135893252e+01 1.293865907091794476e+01 1.071763307167690016e+01 7.447490473239582798e+00 3.448335617564288302e+00
7.744471792654019637e+00 1.749697142886725487e+01 2.553674559305456171e+01 3.107680517362485517e+01 3.357485053896711236e+01 3.278635560381618319e+01 2.878850374619189978e+01 2.197263256059034475e+01 1.300592700762519094e+01 2.766110701531853344e+00 -7.744471792653852660e+00 -1.749697142886667933e+01 -2.553674559305363800e+01 -3.107680517362365791e+01 -3.357485053896579075e+01 -3.278635560381483316e+01 -2.878850374619067765e+01 -2.197263256058937486e+01 -1.300592700762453902e+01 -2.766110701531584226e+00
-1.602796026838086307e+00 -5.332506549743236235e+00 -8.540234177801668380e+00 -1.091198418122645819e+01 -1.221559314472843027e+01 -1.232345474018229758e+01 -1.122501072310911141e+01 -9.027784447209503682e+00 -5.946855729344187935e+00 -2.283807338510435603e+00 1.602796026838075871e+00 5.332506549743072810e+00 8.540234177801366400e+00 1.091198418122604430e+01 1.221559314472795243e+01 1.232345474018179488e+01 1.122501072310864245e+01 9.027784447209112884e+00 5.946855729343903718e+00 2.283807338510286389e+00
