-2.050000000004130296e+00 -1.649999999997610933e+00 2.050000000003588063e+00 1.649999999998636779e+00 -2.050000000003045386e+00 -1.649999999999664180e+00 2.050000000002503153e+00 1.650000000000689804e+00 -2.050000000001960032e+00 -1.650000000001716982e+00 2.050000000001416911e+00 1.650000000002743938e+00 -2.050000000000876454e+00 -1.650000000003771561e+00 2.050000000000332889e+00 1.650000000004798961e+00 -2.049999999999789768e+00 -1.650000000005818368e+00 2.049999999999246647e+00 1.650000000006845990e+00
-2.500000000004220624e+00 -1.599999999996719380e+00 2.500000000003737899e+00 1.599999999997936184e+00 -2.500000000003254730e+00 -1.599999999999154099e+00 2.500000000002772005e+00 1.600000000000370015e+00 -2.500000000002288392e+00 -1.600000000001588374e+00 2.500000000001804779e+00 1.600000000002806511e+00 -2.500000000001323386e+00 -1.600000000004024869e+00 2.500000000000839773e+00 1.600000000005243006e+00 -2.500000000000356160e+00 -1.600000000006452039e+00 2.499999999999872102e+00 1.600000000007670176e+00
-2.000000000003625100e+00 -1.399999999997205924e+00 2.000000000003186340e+00 1.399999999998189359e+00 -2.000000000002748024e+00 -1.399999999999173683e+00 2.000000000002309708e+00 1.400000000000156675e+00 -2.000000000001870948e+00 -1.400000000001141220e+00 2.000000000001431744e+00 1.400000000002125766e+00 -2.000000000000995204e+00 -1.400000000003110534e+00 2.000000000000556000e+00 1.400000000004095302e+00 -2.000000000000117240e+00 -1.400000000005072298e+00 1.999999999999678035e+00 1.400000000006057066e+00
2.850000000006518874e+00 2.799999999996967581e+00 -2.850000000005545875e+00 -2.799999999998436628e+00 2.850000000004571987e+00 2.799999999999907452e+00 -2.850000000003599876e+00 -2.800000000001375611e+00 2.850000000002625100e+00 2.800000000002846434e+00 -2.850000000001650324e+00 -2.800000000004316369e+00 2.850000000000680878e+00 2.800000000005787637e+00 -2.849999999999705658e+00 -2.800000000007258016e+00 2.849999999998731326e+00 2.800000000008718182e+00 -2.849999999997756106e+00 -2.800000000010189005e+00
2.500000000006137313e+00 2.449999999997199307e+00 -2.500000000005285994e+00 -2.449999999998486722e+00 2.500000000004434675e+00 2.449999999999776357e+00 -2.500000000003584244e+00 -2.450000000001063771e+00 2.500000000002732037e+00 2.450000000002352962e+00 -2.500000000001879830e+00 -2.450000000003642597e+00 2.500000000001032063e+00 2.450000000004932232e+00 -2.500000000000179412e+00 -2.450000000006221867e+00 2.499999999999327205e+00 2.450000000007501733e+00 -2.499999999998474554e+00 -2.450000000008791812e+00
5.200000000011717027e+00 5.199999999994339817e+00 -5.200000000009901591e+00 -5.199999999997027444e+00 5.200000000008086154e+00 5.199999999999717737e+00 -5.200000000006272494e+00 -5.200000000002404477e+00 5.200000000004453504e+00 5.200000000005095657e+00 -5.200000000002636291e+00 -5.200000000007786838e+00 5.200000000000827072e+00 5.200000000010478018e+00 -5.199999999999009859e+00 -5.200000000013168311e+00 5.199999999997191757e+00 5.200000000015839952e+00 -5.199999999995373656e+00 -5.200000000018531132e+00
4.700000000012940049e+00 5.649999999994844480e+00 -4.700000000010888357e+00 -5.649999999997352695e+00 4.700000000008834888e+00 5.649999999999864464e+00 -4.700000000006784084e+00 -5.650000000002372680e+00 4.700000000004729728e+00 5.650000000004884448e+00 -4.700000000002674483e+00 -5.650000000007396217e+00 4.700000000000629896e+00 5.650000000009908874e+00 -4.699999999998574651e+00 -5.650000000012420642e+00 4.699999999996519406e+00 5.650000000014914647e+00 -4.699999999994465050e+00 -5.650000000017426416e+00
-1.900000000003988720e+00 -1.549999999997660804e+00 1.900000000003476908e+00 1.549999999998613598e+00 -1.900000000002965095e+00 -1.549999999999567279e+00 1.900000000002453504e+00 1.550000000000519629e+00 -1.900000000001941247e+00 -1.550000000001473532e+00 1.900000000001428768e+00 1.550000000002427214e+00 -1.900000000000919176e+00 -1.550000000003381340e+00 1.900000000000406253e+00 1.550000000004335243e+00 -1.899999999999893774e+00 -1.550000000005281819e+00 1.899999999999381295e+00 1.550000000006235945e+00
-1.000000000002120082e+00 -8.499999999983096632e-01 1.000000000001835865e+00 8.499999999988138155e-01 -1.000000000001551648e+00 -8.499999999993186339e-01 1.000000000001267653e+00 8.499999999998227862e-01 -1.000000000000983214e+00 -8.500000000003277156e-01 1.000000000000698552e+00 8.500000000008325340e-01 -1.000000000000415668e+00 -8.500000000013375745e-01 1.000000000000130784e+00 8.500000000018423929e-01 -9.999999999998464562e-01 -8.500000000023435476e-01 9.999999999995617950e-01 8.500000000028484770e-01
-1.150000000002728395e+00 -1.149999999997984412e+00 1.150000000002326939e+00 1.149999999998578826e+00 -1.150000000001925482e+00 -1.149999999999173905e+00 1.150000000001524247e+00 1.149999999999767875e+00 -1.150000000001122125e+00 -1.150000000000363176e+00 1.150000000000720224e+00 1.150000000000958256e+00 -1.150000000000320322e+00 -1.150000000001553335e+00 1.149999999999918199e+00 1.150000000002148415e+00 -1.149999999999516076e+00 -1.150000000002739275e+00 1.149999999999113953e+00 1.150000000003334577e+00
-7.000000000014719781e+00 -6.399999999991578647e+00 7.000000000012535750e+00 6.399999999995146460e+00 -7.000000000010351719e+00 -6.399999999998717826e+00 7.000000000008169465e+00 6.400000000002284750e+00 -7.000000000005982770e+00 -6.400000000005857004e+00 7.000000000003795186e+00 6.400000000009428369e+00 -7.000000000001620037e+00 -6.400000000013001511e+00 6.999999999999432454e+00 6.400000000016573765e+00 -6.999999999997245759e+00 -6.400000000020119373e+00 6.999999999995058175e+00 6.400000000023692515e+00
-6.550000000013453061e+00 -5.699999999992298783e+00 6.550000000011533707e+00 5.699999999995612576e+00 -6.550000000009614354e+00 -5.699999999998930811e+00 6.550000000007697665e+00 5.700000000002243716e+00 -6.550000000005776535e+00 -5.700000000005561951e+00 6.550000000003855405e+00 5.700000000008880185e+00 -6.550000000001944045e+00 -5.700000000012198420e+00 6.550000000000022027e+00 5.700000000015516655e+00 -6.549999999998100897e+00 -5.700000000018810020e+00 6.549999999996179767e+00 5.700000000022128255e+00
-2.100000000003054534e+00 -1.499999999997077005e+00 2.100000000002581135e+00 1.499999999998111955e+00 -2.100000000002107736e+00 -1.499999999999148237e+00 2.100000000001634781e+00 1.500000000000182743e+00 -2.100000000001160938e+00 -1.500000000001219247e+00 2.100000000000686651e+00 1.500000000002255529e+00 -2.100000000000215472e+00 -1.500000000003292033e+00 2.099999999999741185e+00 1.500000000004328538e+00 -2.099999999999267342e+00 -1.500000000005356826e+00 2.099999999998793054e+00 1.500000000006393330e+00
1.350000000004667911e+00 1.949999999998723865e+00 -1.350000000003936718e+00 -1.949999999999471934e+00 1.350000000003205303e+00 1.950000000000220890e+00 -1.350000000002474776e+00 -1.950000000000968736e+00 1.350000000001742695e+00 1.950000000001717693e+00 -1.350000000001010614e+00 -1.950000000002466649e+00 1.350000000000282308e+00 1.950000000003215828e+00 -1.349999999999550004e+00 -1.950000000003964562e+00 1.349999999998817923e+00 1.950000000004708411e+00 -1.349999999998085620e+00 -1.950000000005457812e+00
-1.700000000003329514e+00 -1.299999999997598632e+00 1.700000000002908962e+00 1.299999999998443956e+00 -1.700000000002488854e+00 -1.299999999999289946e+00 1.700000000002068745e+00 1.300000000000134825e+00 -1.700000000001647749e+00 -1.300000000000980815e+00 1.700000000001227196e+00 1.300000000001827027e+00 -1.700000000000808420e+00 -1.300000000002673239e+00 1.700000000000387423e+00 1.300000000003519451e+00 -1.699999999999966649e+00 -1.300000000004359224e+00 1.699999999999545430e+00 1.300000000005205436e+00
-1.950000000003930589e+00 -1.649999999997253441e+00 1.950000000003379697e+00 1.649999999998236211e+00 -1.950000000002828804e+00 -1.649999999999220091e+00 1.950000000002278355e+00 1.650000000000202194e+00 -1.950000000001726796e+00 -1.650000000001186073e+00 1.950000000001175238e+00 1.650000000002170175e+00 -1.950000000000626565e+00 -1.650000000003154277e+00 1.950000000000074785e+00 1.650000000004138156e+00 -1.949999999999523004e+00 -1.650000000005114709e+00 1.949999999998971223e+00 1.650000000006098810e+00
-1.500000000003374856e+00 -1.299999999998336264e+00 1.500000000002937650e+00 1.299999999999094769e+00 -1.500000000002500666e+00 -1.299999999999854161e+00 1.500000000002063905e+00 1.300000000000612443e+00 -1.500000000001626255e+00 -1.300000000001371836e+00 1.500000000001188605e+00 1.300000000002131229e+00 -1.500000000000753175e+00 -1.300000000002890843e+00 1.500000000000315525e+00 1.300000000003650236e+00 -1.499999999999877653e+00 -1.300000000004404077e+00 1.499999999999440004e+00 1.300000000005163470e+00
-1.100000000002327560e+00 -9.499999999983392840e-01 1.100000000002008482e+00 9.499999999988951727e-01 -1.100000000001689404e+00 -9.499999999994519495e-01 1.100000000001370548e+00 9.500000000000075051e-01 -1.100000000001051026e+00 -9.500000000005642820e-01 1.100000000000731726e+00 9.500000000011208368e-01 -1.100000000000413536e+00 -9.500000000016777246e-01 1.100000000000094236e+00 9.500000000022342794e-01 -1.099999999999774491e+00 -9.500000000027868374e-01 1.099999999999454969e+00 9.500000000033433922e-01
-1.300000000001825251e+00 -6.499999999981931342e-01 1.300000000001652944e+00 6.499999999988105293e-01 -1.300000000001480638e+00 -6.499999999994288125e-01 1.300000000001308331e+00 6.500000000000458744e-01 -1.300000000001135803e+00 -6.500000000006640466e-01 1.300000000000963052e+00 6.500000000012821078e-01 -1.300000000000791633e+00 -6.500000000019003910e-01 1.300000000000618883e+00 6.500000000025185631e-01 -1.300000000000446132e+00 -6.500000000031319614e-01 1.300000000000273381e+00 6.500000000037502446e-01
-1.150000000002479705e+00 -9.499999999981686427e-01 1.150000000002164846e+00 9.499999999987461807e-01 -1.150000000001849987e+00 -9.499999999993244959e-01 1.150000000001535128e+00 9.499999999999019229e-01 -1.150000000001219824e+00 -9.500000000004801270e-01 1.150000000000904743e+00 9.500000000010585532e-01 -1.150000000000590994e+00 -9.500000000016368684e-01 1.150000000000275469e+00 9.500000000022152946e-01 -1.149999999999960165e+00 -9.500000000027892799e-01 1.149999999999645084e+00 9.500000000033675951e-01
