-8.248743750357308002e-01 -8.681356214847257391e+00 -1.322185504903247555e+01 -1.271205464881215264e+01 -7.346681439592233076e+00 8.248743750335032487e-01 8.681356214845138197e+00 1.322185504903127651e+01 1.271205464881233382e+01 7.346681439593723439e+00 -8.248743750312756973e-01 -8.681356214843029662e+00 -1.322185504903008280e+01 -1.271205464881252034e+01 -7.346681439595217356e+00 8.248743750290423726e-01 8.681356214840908692e+00 1.322185504902888908e+01 1.271205464881269798e+01 7.346681439596701502e+00
2.143566144657525374e+00 3.880166278063272411e+00 4.134674775250152479e+00 2.809878040718473358e+00 4.118033988744400631e-01 -2.143566144656835259e+00 -3.880166278062811447e+00 -4.134674775250096523e+00 -2.809878040718844616e+00 -4.118033988750959828e-01 2.143566144656144701e+00 3.880166278062351370e+00 4.134674775250042345e+00 2.809878040719217651e+00 4.118033988757542341e-01 -2.143566144655453254e+00 -3.880166278061889962e+00 -4.134674775249986389e+00 -2.809878040719586689e+00 -4.118033988764080444e-01
-1.963196601127353169e+00 -5.583813728907762730e+00 -7.071603799093860943e+00 -5.858281572999248787e+00 -2.407294901686389821e+00 1.963196601126167007e+00 5.583813728906791951e+00 7.071603799093477249e+00 5.858281572999599618e+00 2.407294901687340172e+00 -1.963196601124980623e+00 -5.583813728905825613e+00 -7.071603799093096221e+00 -5.858281572999954001e+00 -2.407294901688293631e+00 1.963196601123791574e+00 5.583813728904853946e+00 7.071603799092712528e+00 5.858281573000303055e+00 2.407294901689239985e+00
-2.392705098314952039e+00 -6.088322226095304046e+00 -7.458407197968853986e+00 -5.979634122155448317e+00 -2.216844051967578721e+00 2.392705098313702372e+00 6.088322226094314615e+00 7.458407197968503155e+00 5.979634122155871090e+00 2.216844051968613449e+00 -2.392705098312451817e+00 -6.088322226093329625e+00 -7.458407197968155877e+00 -5.979634122156299192e+00 -2.216844051969651730e+00 2.392705098311199041e+00 6.088322226092339307e+00 7.458407197967806823e+00 5.979634122156719300e+00 2.216844051970682461e+00
5.218566144660268691e+00 1.094070209965858709e+01 1.248386171337500983e+01 9.258610463436163229e+00 2.496884705060561593e+00 -5.218566144658180583e+00 -1.094070209965706120e+01 -1.248386171337462969e+01 -9.258610463437072724e+00 -2.496884705062416110e+00 5.218566144656092476e+00 1.094070209965553886e+01 1.248386171337425310e+01 9.258610463437989324e+00 2.496884705064276400e+00 -5.218566144653999928e+00 -1.094070209965401119e+01 -1.248386171337387118e+01 -9.258610463438897042e+00 -2.496884705066124255e+00
5.251722092691352373e+00 1.085164445218973484e+01 1.230660746478121403e+01 9.060864712029925272e+00 2.354179606748171061e+00 -5.251722092689295351e+00 -1.085164445218824092e+01 -1.230660746478085699e+01 -9.060864712030841872e+00 -2.354179606750009590e+00 5.251722092687236554e+00 1.085164445218675411e+01 1.230660746478050527e+01 9.060864712031763801e+00 2.354179606751854337e+00 -5.251722092685174204e+00 -1.085164445218525842e+01 -1.230660746478014644e+01 -9.060864712032673296e+00 -2.354179606753686649e+00
2.855369543533524457e+00 6.291437521032721136e+00 7.324390203593995174e+00 5.559674775249407119e+00 1.671352549155243228e+00 -2.855369543532298771e+00 -6.291437521031803648e+00 -7.324390203593736715e+00 -5.559674775249906276e+00 -1.671352549156310374e+00 2.855369543531072640e+00 6.291437521030888824e+00 7.324390203593480919e+00 5.559674775250411649e+00 1.671352549157381073e+00 -2.855369543529844290e+00 -6.291437521029971336e+00 -7.324390203593221571e+00 -5.559674775250909029e+00 -1.671352549158444667e+00
-1.143237254221006971e+00 -4.719756081439078876e+00 -6.493488504156565533e+00 -5.786929023843191189e+00 -2.869959346905222031e+00 1.143237254219915844e+00 4.719756081438116979e+00 6.493488504156102792e+00 5.786929023843403463e+00 2.869959346906028497e+00 -1.143237254218824273e+00 -4.719756081437159523e+00 -6.493488504155640939e+00 -5.786929023843618403e+00 -2.869959346906837183e+00 1.143237254217730037e+00 4.719756081436196737e+00 6.493488504155178198e+00 5.786929023843828901e+00 2.869959346907640096e+00
8.315594803146537928e-02 4.463525491564700465e-01 6.390576474688729469e-01 5.876644452187372858e-01 3.118033988749198682e-01 -8.315594803135785418e-02 -4.463525491563722913e-01 -6.390576474688224318e-01 -5.876644452187532730e-01 -3.118033988749963070e-01 8.315594803125032908e-02 4.463525491562749803e-01 6.390576474687720276e-01 5.876644452187694823e-01 3.118033988750729124e-01 -8.315594803114252642e-02 -4.463525491561771141e-01 -6.390576474687215125e-01 -5.876644452187853584e-01 -3.118033988751489627e-01
-8.704915028144262212e-01 -3.890779740157696232e+00 -5.424922359500315316e+00 -4.886929023843282316e+00 -2.482294901686674660e+00 8.704915028135141730e-01 3.890779740156884436e+00 5.424922359499912972e+00 4.886929023843445741e+00 2.482294901687339905e+00 -8.704915028126019028e-01 -3.890779740156074862e+00 -5.424922359499513291e+00 -4.886929023843610942e+00 -2.482294901688006927e+00 8.704915028116873010e-01 3.890779740155262179e+00 5.424922359499111835e+00 4.886929023843772590e+00 2.482294901688669064e+00
-1.690983005631722658e-01 -1.334016994375468279e+00 -1.989386537906346009e+00 -1.884878040718549697e+00 -1.060410196624655965e+00 1.690983005628373115e-01 1.334016994375154530e+00 1.989386537906173258e+00 1.884878040718584336e+00 1.060410196624884893e+00 -1.690983005625022462e-01 -1.334016994374842113e+00 -1.989386537906001173e+00 -1.884878040718620085e+00 -1.060410196625114043e+00 1.690983005621664592e-01 1.334016994374527920e+00 1.989386537905829089e+00 1.884878040718654502e+00 1.060410196625341861e+00
-2.009549150283405083e+00 -5.463322226095073120e+00 -6.830291903031320722e+00 -5.588322226093061396e+00 -2.211803398873982029e+00 2.009549150282260221e+00 5.463322226094147638e+00 6.830291903030969891e+00 5.588322226093418443e+00 2.211803398874911064e+00 -2.009549150281114471e+00 -5.463322226093225709e+00 -6.830291903030620837e+00 -5.588322226093779044e+00 -2.211803398875843651e+00 2.009549150279966501e+00 5.463322226092299339e+00 6.830291903030270007e+00 5.588322226094135203e+00 2.211803398876769577e+00
7.227583139036658721e+00 1.513320393250313423e+01 1.725845518243745857e+01 1.279156314599811317e+01 3.438728757028637339e+00 -7.227583139033773030e+00 -1.513320393250102569e+01 -1.725845518243693277e+01 -1.279156314599937438e+01 -3.438728757031202843e+00 7.227583139030885562e+00 1.513320393249892426e+01 1.725845518243641763e+01 1.279156314600064448e+01 3.438728757033775452e+00 -7.227583139027991876e+00 -1.513320393249681395e+01 -1.725845518243589183e+01 -1.279156314600190036e+01 -3.438728757036331629e+00
-4.960236587207729198e-01 -3.804837387626502476e+00 -5.660332556125362125e+00 -5.353773075812101823e+00 -3.002254248592914454e+00 4.960236587198196823e-01 3.804837387625611189e+00 5.660332556124872738e+00 5.353773075812203075e+00 3.002254248593566821e+00 -4.960236587188664448e-01 -3.804837387624723011e+00 -5.660332556124386905e+00 -5.353773075812306992e+00 -3.002254248594221409e+00 4.960236587179107648e-01 3.804837387623831724e+00 5.660332556123898406e+00 5.353773075812407356e+00 3.002254248594870667e+00
-2.796352549159141443e+00 -7.265044318783073329e+00 -8.958736088406414666e+00 -7.230495168499124325e+00 -2.740450849717400050e+00 2.796352549157639533e+00 7.265044318781876953e+00 8.958736088405979459e+00 7.230495168499619041e+00 2.740450849718635062e+00 -2.796352549156138068e+00 -7.265044318780685906e+00 -8.958736088405549580e+00 -7.230495168500119973e+00 -2.740450849719874071e+00 2.796352549154632605e+00 7.265044318779487753e+00 8.958736088405116149e+00 7.230495168500612913e+00 2.740450849721104642e+00
-5.887287570331192210e-01 -3.651189936782647916e+00 -5.319020660062876438e+00 -4.955166278062175245e+00 -2.698606797749246944e+00 5.887287570322241592e-01 3.651189936781823242e+00 5.319020660062438566e+00 4.955166278062289820e+00 2.698606797749872666e+00 -5.887287570313286533e-01 -3.651189936781001677e+00 -5.319020660062001582e+00 -4.955166278062408836e+00 -2.698606797750499720e+00 5.887287570304311490e-01 3.651189936780175671e+00 5.319020660061564598e+00 4.955166278062523411e+00 2.698606797751122333e+00
-1.100532155908567233e+00 -5.073403532282895867e+00 -7.108407197969067504e+00 -6.428240919905711337e+00 -3.292705098311543566e+00 1.100532155907371967e+00 5.073403532281826500e+00 7.108407197968534597e+00 6.428240919905917394e+00 3.292705098312411316e+00 -1.100532155906176257e+00 -5.073403532280763351e+00 -7.108407197968003466e+00 -6.428240919906127893e+00 -3.292705098313281731e+00 1.100532155904977882e+00 5.073403532279693096e+00 7.108407197967471447e+00 6.428240919906333062e+00 3.292705098314145040e+00
-2.464589803377810640e+00 -6.830495168501737879e+00 -8.587383539250140529e+00 -7.064183272436678429e+00 -2.842705098311184564e+00 2.464589803376370014e+00 6.830495168500567260e+00 8.587383539249689335e+00 7.064183272437117189e+00 2.842705098312346745e+00 -2.464589803374929833e+00 -6.830495168499401970e+00 -8.587383539249239917e+00 -7.064183272437560390e+00 -2.842705098313512480e+00 2.464589803373486543e+00 6.830495168498231351e+00 8.587383539248788722e+00 7.064183272437997374e+00 2.842705098314670220e+00
-2.489589803377673771e+00 -6.642830723282936667e+00 -8.258736088406362086e+00 -6.720084971874222823e+00 -2.614589803373819965e+00 2.489589803376289101e+00 6.642830723281823779e+00 8.258736088405946418e+00 6.720084971874665136e+00 2.614589803374949728e+00 -2.489589803374904431e+00 -6.642830723280717109e+00 -8.258736088405536080e+00 -6.720084971875111890e+00 -2.614589803376083044e+00 2.489589803373516208e+00 6.642830723279603333e+00 8.258736088405120412e+00 6.720084971875550650e+00 2.614589803377208366e+00
2.317627457803044244e-01 -1.593566144656951344e+00 -2.810206931156414623e+00 -2.953444185374755726e+00 -1.968566144655804706e+00 -2.317627457807792668e-01 1.593566144656457739e+00 2.810206931156091770e+00 2.953444185374726416e+00 1.968566144656080485e+00 2.317627457812542202e-01 -1.593566144655966355e+00 -2.810206931155769361e+00 -2.953444185374697994e+00 -1.968566144656357153e+00 -2.317627457817302838e-01 1.593566144655472527e+00 2.810206931155446508e+00 2.953444185374668685e+00 1.968566144656631378e+00
