-2.505901699430647778e+00 1.254634122146162323e+00 4.758610463528164525e-01 -2.024593469067689888e+00 2.800000000000658851e+00 -2.505901699433948249e+00 1.254634122150099174e+00 4.758610463497418008e-01 -2.024593469066660045e+00 2.800000000002063949e+00 -2.505901699437249164e+00 1.254634122154041131e+00 4.758610463466769747e-01 -2.024593469065634199e+00 2.800000000003464606e+00 -2.505901699440552299e+00 1.254634122157973319e+00 4.758610463436124816e-01 -2.024593469064607909e+00 2.800000000004870149e+00
-2.157294901682432098e+00 1.254634122147605169e+00 1.272542486021721042e-01 -1.460535821599153294e+00 2.235942352532714228e+00 -2.157294901684912780e+00 1.254634122150820374e+00 1.272542485994451744e-01 -1.460535821597963357e+00 2.235942352533514033e+00 -2.157294901687393462e+00 1.254634122154040021e+00 1.272542485967263770e-01 -1.460535821596776973e+00 2.235942352534308064e+00 -2.157294901689875033e+00 1.254634122157252119e+00 1.272542485940078294e-01 -1.460535821595590367e+00 2.235942352535106981e+00
2.674138953650106121e+00 -1.551847717644977642e+00 -1.631966011365245661e-01 1.815905365132838067e+00 -2.775000000002569411e+00 2.674138953653187656e+00 -1.551847717648966896e+00 -1.631966011331458521e-01 1.815905365131368576e+00 -2.775000000003567280e+00 2.674138953656269635e+00 -1.551847717652961034e+00 -1.631966011297772412e-01 1.815905365129903970e+00 -2.775000000004560263e+00 2.674138953659352946e+00 -1.551847717656945846e+00 -1.631966011264089356e-01 1.815905365128438920e+00 -2.775000000005558132e+00
3.326393202242817537e+00 -2.152708763987073226e+00 1.567627457682273795e-01 1.899061313164827958e+00 -3.229508497189929717e+00 3.326393202246190839e+00 -2.152708763991814322e+00 1.567627457725321583e-01 1.899061313162613729e+00 -3.229508497190649141e+00 3.326393202249564585e+00 -2.152708763996561192e+00 1.567627457768248356e-01 1.899061313160405495e+00 -3.229508497191358796e+00 3.326393202252938774e+00 -2.152708764001297403e+00 1.567627457811170688e-01 1.899061313158196818e+00 -3.229508497192078220e+00
1.946352549151862288e+00 -1.177912029461347654e+00 -4.045084972596763029e-02 1.243362879192118076e+00 -1.971352549157426415e+00 1.946352549154005018e+00 -1.177912029464202925e+00 -4.045084972348626795e-02 1.243362879190964554e+00 -1.971352549158039258e+00 1.946352549156148193e+00 -1.177912029467061972e+00 -4.045084972101215676e-02 1.243362879189814141e+00 -1.971352549158647216e+00 1.946352549158292033e+00 -1.177912029469914357e+00 -4.045084971853826761e-02 1.243362879188663950e+00 -1.971352549159260281e+00
-2.444959346900242192e+00 1.371478174115761561e+00 2.258610463522648659e-01 -1.736929023848828191e+00 2.584549150282132501e+00 -2.444959346903157638e+00 1.371478174119455939e+00 2.258610463491974307e-01 -1.736929023847567199e+00 2.584549150283157015e+00 -2.444959346906073527e+00 1.371478174123155203e+00 2.258610463461393214e-01 -1.736929023846310205e+00 2.584549150284176200e+00 -2.444959346908990749e+00 1.371478174126845584e+00 2.258610463430815174e-01 -1.736929023845052988e+00 2.584549150285200270e+00
9.045084971843640742e-02 -6.094235253112133266e-02 8.155948031302309373e-03 4.774575140600881978e-02 -8.541019662465401674e-02 9.045084971852315747e-02 -6.094235253124784257e-02 8.155948031420466593e-03 4.774575140594443379e-02 -8.541019662466792228e-02 9.045084971860992140e-02 -6.094235253137451902e-02 8.155948031538301154e-03 4.774575140588019351e-02 -8.541019662468153639e-02 9.045084971869667145e-02 -6.094235253150091791e-02 8.155948031656123573e-03 4.774575140581596711e-02 -8.541019662469542806e-02
-2.210410196619067236e+00 1.158813728897647666e+00 3.354101966326821227e-01 -1.701518827223097219e+00 2.417705098312918022e+00 -2.210410196621871215e+00 1.158813728901068485e+00 3.354101966299461446e-01 -1.701518827222098018e+00 2.417705098314034906e+00 -2.210410196624675194e+00 1.158813728904493523e+00 3.354101966272188262e-01 -1.701518827221102592e+00 2.417705098315147350e+00 -2.210410196627480506e+00 1.158813728907910345e+00 3.354101966244916189e-01 -1.701518827220107166e+00 2.417705098316264234e+00
-6.809016994360307384e-01 4.076237921231137262e-01 2.135254915769017534e-02 -4.421729424068308045e-01 6.940983005623295732e-01 -6.809016994367896869e-01 4.076237921241169793e-01 2.135254915682414933e-02 -4.421729424064349545e-01 6.940983005625545044e-01 -6.809016994375486354e-01 4.076237921251215646e-01 2.135254915596066644e-02 -4.421729424060403257e-01 6.940983005627775482e-01 -6.809016994383078059e-01 4.076237921261238184e-01 2.135254915509726334e-02 -4.421729424056456415e-01 6.940983005630024794e-01
-2.197745751401383174e+00 1.275125624960650406e+00 1.345491502890525937e-01 -1.492830723286169503e+00 2.280901699438776742e+00 -2.197745751403916703e+00 1.275125624963929116e+00 1.345491502862759259e-01 -1.492830723284962247e+00 2.280901699439598307e+00 -2.197745751406450232e+00 1.275125624967212046e+00 1.345491502835075293e-01 -1.492830723283758987e+00 2.280901699440414099e+00 -2.197745751408984649e+00 1.275125624970487426e+00 1.345491502807394102e-01 -1.492830723282555505e+00 2.280901699441235220e+00
4.762335554771453872e+00 -3.026973342606970707e+00 1.354101966067415563e-01 2.807875042074710503e+00 -4.678647450847620348e+00 4.762335554776396584e+00 -3.026973342613812790e+00 1.354101966128793688e-01 2.807875042071636074e+00 -4.678647450848780309e+00 4.762335554781341074e+00 -3.026973342620663754e+00 1.354101966189998063e-01 2.807875042068570082e+00 -4.678647450849926059e+00 4.762335554786286451e+00 -3.026973342627498731e+00 1.354101966251196054e-01 2.807875042065503646e+00 -4.678647450851085132e+00
-2.044959346900757424e+00 1.061067977491459757e+00 3.281152949454866352e-01 -1.591969676942407652e+00 2.247745751407234316e+00 -2.044959346903373998e+00 1.061067977494635217e+00 3.281152949429604893e-01 -1.591969676941502598e+00 2.247745751408293469e+00 -2.044959346905990571e+00 1.061067977497815118e+00 3.281152949404423369e-01 -1.591969676940600653e+00 2.247745751409348625e+00 -2.044959346908608921e+00 1.061067977500987025e+00 3.281152949379244066e-01 -1.591969676939698708e+00 2.247745751410407777e+00
-2.430040653088283875e+00 1.365044318771952536e+00 2.213525491652892641e-01 -1.723200266818305293e+00 2.566844051970427198e+00 -2.430040653091178005e+00 1.365044318775622267e+00 2.213525491622396757e-01 -1.723200266817048520e+00 2.566844051971440610e+00 -2.430040653094072134e+00 1.365044318779297106e+00 2.213525491591993577e-01 -1.723200266815795745e+00 2.566844051972449137e+00 -2.430040653096967596e+00 1.365044318782963062e+00 2.213525491561593173e-01 -1.723200266814543191e+00 2.566844051973462992e+00
-1.940450849714973280e+00 1.226518827211704465e+00 -4.409830055531649418e-02 -1.155166278067404573e+00 1.913196601126685215e+00 -1.940450849717001658e+00 1.226518827214499119e+00 -4.409830055781426006e-02 -1.155166278066163787e+00 1.913196601127173935e+00 -1.940450849719030479e+00 1.226518827217297325e+00 -4.409830056030490664e-02 -1.155166278064926555e+00 1.913196601127656882e+00 -1.940450849721059523e+00 1.226518827220089314e+00 -4.409830056279531729e-02 -1.155166278063688878e+00 1.913196601128145380e+00
-2.183155948026460624e+00 1.348732422710320122e+00 8.610463520838940177e-04 -1.350125624974247707e+00 2.183688103939124936e+00 -2.183155948028807636e+00 1.348732422713495360e+00 8.610463492880193748e-04 -1.350125624972905891e+00 2.183688103939747993e+00 -2.183155948031154647e+00 1.348732422716674817e+00 8.610463465002216044e-04 -1.350125624971567850e+00 2.183688103940364833e+00 -2.183155948033502103e+00 1.348732422719846946e+00 8.610463437126875119e-04 -1.350125624970229810e+00 2.183688103940987890e+00
-2.899999999993824851e+00 1.730495168489380342e+00 1.000000000104448450e-01 -1.892298567381790253e+00 2.961803398876954763e+00 -2.899999999997068478e+00 1.730495168493658920e+00 1.000000000067589601e-01 -1.892298567380114260e+00 2.961803398877925542e+00 -2.900000000000312550e+00 1.730495168497943270e+00 1.000000000030838998e-01 -1.892298567378442931e+00 2.961803398878889215e+00 -2.900000000003557510e+00 1.730495168502217629e+00 9.999999999940920037e-02 -1.892298567376771823e+00 2.961803398879860438e+00
-3.036803398868046955e+00 1.782749417082134746e+00 1.522542486050148247e-01 -2.029101966257186085e+00 3.130901699439339048e+00 -3.036803398871504189e+00 1.782749417086644472e+00 1.522542486011685403e-01 -2.029101966255481670e+00 3.130901699440424846e+00 -3.036803398874962312e+00 1.782749417091159971e+00 1.522542485973336357e-01 -2.029101966253782585e+00 3.130901699441503094e+00 -3.036803398878420879e+00 1.782749417095665256e+00 1.522542485934991197e-01 -2.029101966252083944e+00 3.130901699442589337e+00
-1.158155948028133597e+00 5.025831390269555055e-01 3.449593469099666021e-01 -1.060739087064558328e+00 1.371352549156465317e+00 -1.158155948029818916e+00 5.025831390288517664e-01 3.449593469085810993e-01 -1.060739087064216601e+00 1.371352549157296208e+00 -1.158155948031504456e+00 5.025831390307506918e-01 3.449593469072002039e-01 -1.060739087063876873e+00 1.371352549158125989e+00 -1.158155948033191107e+00 5.025831390326447323e-01 3.449593469058194195e-01 -1.060739087063536923e+00 1.371352549158957101e+00
-2.774999999993904343e+00 1.687790070177054069e+00 4.409830057276126203e-02 -1.759142619350371417e+00 2.802254248595535291e+00 -2.774999999996941913e+00 1.687790070181116597e+00 4.409830056921962282e-02 -1.759142619348712078e+00 2.802254248596389719e+00 -2.774999999999980371e+00 1.687790070185184232e+00 4.409830056568829482e-02 -1.759142619347057401e+00 2.802254248597236597e+00 -2.775000000003018830e+00 1.687790070189242764e+00 4.409830056215730681e-02 -1.759142619345402947e+00 2.802254248598091024e+00
-2.597745751401080216e+00 1.654634122146892983e+00 -7.950849717806819650e-02 -1.525986671318762644e+00 2.548606797751933328e+00 -2.597745751403769621e+00 1.654634122150621778e+00 -7.950849718141783651e-02 -1.525986671317079546e+00 2.548606797752557274e+00 -2.597745751406459025e+00 1.654634122154355236e+00 -7.950849718475797023e-02 -1.525986671315400889e+00 2.548606797753174114e+00 -2.597745751409149317e+00 1.654634122158080256e+00 -7.950849718809779865e-02 -1.525986671313722010e+00 2.548606797753798503e+00
