-3.000000000001022737e+00 -3.199999999974211473e+00 3.000000000002139178e+00 3.199999999979615151e+00 -3.000000000003256062e+00 -3.199999999985021049e+00 3.000000000004373835e+00 3.199999999990423394e+00 -3.000000000005488943e+00 -3.199999999995829292e+00 3.000000000006604051e+00 3.200000000001229417e+00 -3.000000000007725376e+00 -3.200000000006634426e+00 3.000000000008839596e+00 3.200000000012040324e+00 -3.000000000009955148e+00 -3.200000000017445334e+00 3.000000000011070256e+00 3.200000000022851232e+00
-1.600000000002448797e+00 -1.849999999984567323e+00 1.600000000002949951e+00 1.849999999987603116e+00 -1.600000000003451772e+00 -1.849999999990640021e+00 1.600000000003953593e+00 1.849999999993674926e+00 -1.600000000004454082e+00 -1.849999999996711830e+00 1.600000000004954792e+00 1.849999999999745848e+00 -1.600000000005458611e+00 -1.850000000002782308e+00 1.600000000005958878e+00 1.850000000005819212e+00 -1.600000000006459588e+00 -1.850000000008855672e+00 1.600000000006960077e+00 1.850000000011892354e+00
-2.082778394196793670e-13 1.999999999994640509e-01 3.396866121718744580e-13 -1.999999999996786293e-01 -4.710398737728382912e-13 1.999999999998932354e-01 6.023515020103786810e-13 -2.000000000001078138e-01 -7.338296637016128443e-13 2.000000000003223644e-01 8.652939476050391931e-13 -2.000000000005369705e-01 -9.964112868132701806e-13 2.000000000007515488e-01 1.127889448504504344e-12 -2.000000000009661272e-01 -1.259367610195738507e-12 2.000000000011807333e-01 1.390845771886972670e-12 -2.000000000013953116e-01
3.449999999996158806e+00 2.649999999975349851e+00 -3.449999999998119460e+00 -2.649999999980458654e+00 3.450000000000080558e+00 2.649999999985570120e+00 -3.450000000002042100e+00 -2.649999999990678035e+00 3.450000000004001421e+00 2.649999999995789501e+00 -3.450000000005961187e+00 -2.650000000000894751e+00 3.450000000007925838e+00 2.650000000006005330e+00 -3.450000000009884715e+00 -2.650000000011116796e+00 3.450000000011844037e+00 2.650000000016227375e+00 -3.450000000013804247e+00 -2.650000000021339286e+00
2.749999999999352518e+00 2.699999999978651033e+00 -2.750000000000528910e+00 -2.699999999983354382e+00 2.750000000001706191e+00 2.699999999988059063e+00 -2.750000000002884359e+00 -2.699999999992761079e+00 2.750000000004059864e+00 2.699999999997465761e+00 -2.750000000005235812e+00 -2.700000000002166001e+00 2.750000000006416201e+00 2.700000000006870238e+00 -2.750000000007591261e+00 -2.700000000011574919e+00 2.750000000008767209e+00 2.700000000016279600e+00 -2.750000000009942713e+00 -2.700000000020984281e+00
-4.600000000006467360e+00 -5.799999999954200902e+00 4.600000000007591794e+00 5.799999999963445063e+00 -4.600000000008718004e+00 -5.799999999972692777e+00 4.600000000009845991e+00 5.799999999981934273e+00 -4.600000000010968648e+00 -5.799999999991181099e+00 4.600000000012091306e+00 5.800000000000420819e+00 -4.600000000013223733e+00 -5.800000000009666756e+00 4.600000000014346391e+00 5.800000000018914470e+00 -4.600000000015469048e+00 -5.800000000028160407e+00 4.600000000016591706e+00 5.800000000037407233e+00
6.000000000002367884e-01 9.499999999920792915e-01 -6.000000000002563283e-01 -9.499999999934927164e-01 6.000000000002762013e-01 9.499999999949064744e-01 -6.000000000002961853e-01 -9.499999999963195663e-01 6.000000000003153922e-01 9.499999999977332132e-01 -6.000000000003347100e-01 -9.499999999991459720e-01 6.000000000003556933e-01 9.500000000005596190e-01 -6.000000000003747891e-01 -9.500000000019732660e-01 6.000000000003941070e-01 9.500000000033869130e-01 -6.000000000004134248e-01 -9.500000000048006710e-01
-2.050000000003462386e+00 -2.699999999979684429e+00 2.050000000003887379e+00 2.699999999983928145e+00 -2.050000000004314149e+00 -2.699999999988172750e+00 2.050000000004740919e+00 2.699999999992415134e+00 -2.050000000005165468e+00 -2.699999999996659739e+00 2.050000000005590017e+00 2.700000000000900791e+00 -2.050000000006019008e+00 -2.700000000005144951e+00 2.050000000006444001e+00 2.700000000009389556e+00 -2.050000000006868550e+00 -2.700000000013633716e+00 2.050000000007293099e+00 2.700000000017878765e+00
-2.449999999998360156e+00 -1.749999999983077315e+00 2.449999999999838973e+00 1.749999999986564081e+00 -2.450000000001318234e+00 -1.749999999990052402e+00 2.450000000002797940e+00 1.749999999993538280e+00 -2.450000000004276757e+00 -1.749999999997026601e+00 2.450000000005754686e+00 1.750000000000510703e+00 -2.450000000007236167e+00 -1.750000000003998579e+00 2.450000000008714096e+00 1.750000000007487122e+00 -2.450000000010192469e+00 -1.750000000010974999e+00 2.450000000011670842e+00 1.750000000014463319e+00
3.399999999998587707e+00 3.049999999972309972e+00 -3.400000000000231282e+00 -3.049999999977815790e+00 3.400000000001876632e+00 3.049999999983323384e+00 -3.400000000003521983e+00 -3.049999999988827870e+00 3.400000000005164669e+00 3.049999999994335020e+00 -3.400000000006807799e+00 -3.049999999999836842e+00 3.400000000008456258e+00 3.050000000005343992e+00 -3.400000000010098944e+00 -3.050000000010851586e+00 3.400000000011742074e+00 3.050000000016358737e+00 -3.400000000013385204e+00 -3.050000000021866775e+00
3.799999999996534150e+00 3.099999999971189801e+00 -3.799999999998574296e+00 -3.099999999977011811e+00 3.800000000000615330e+00 3.099999999982836041e+00 -3.800000000002657252e+00 -3.099999999988656274e+00 3.800000000004696510e+00 3.099999999994480948e+00 -3.800000000006735767e+00 -3.100000000000298073e+00 3.800000000008780354e+00 3.100000000006121859e+00 -3.800000000010819168e+00 -3.100000000011946533e+00 3.800000000012858425e+00 3.100000000017769874e+00 -3.800000000014898127e+00 -3.100000000023594104e+00
2.199999999998826006e+00 2.499999999979396037e+00 -2.199999999999543654e+00 -2.499999999983523846e+00 2.200000000000262190e+00 2.499999999987652544e+00 -2.200000000000981171e+00 -2.499999999991778576e+00 2.200000000001697931e+00 2.499999999995907274e+00 -2.200000000002415135e+00 -2.500000000000031974e+00 2.200000000003136780e+00 2.500000000004160672e+00 -2.200000000003853540e+00 -2.500000000008288925e+00 2.200000000004570744e+00 2.500000000012417622e+00 -2.200000000005287504e+00 -2.500000000016545876e+00
-1.750000000001345590e+00 -1.999999999983790300e+00 1.750000000001909140e+00 1.999999999987085664e+00 -1.750000000002473133e+00 -1.999999999990381916e+00 1.750000000003037570e+00 1.999999999993676392e+00 -1.750000000003600453e+00 -1.999999999996972866e+00 1.750000000004163558e+00 2.000000000000266009e+00 -1.750000000004729772e+00 -2.000000000003562040e+00 1.750000000005292655e+00 2.000000000006858514e+00 -1.750000000005855316e+00 -2.000000000010154544e+00 1.750000000006418421e+00 2.000000000013451018e+00
-1.666750071294131885e-12 -2.999999999990971555e-01 1.469629973271935341e-12 2.999999999994190647e-01 -1.272593141976585684e-12 -2.999999999997409184e-01 1.075639577408082914e-12 3.000000000000627720e-01 -8.784084570834238548e-13 -3.000000000003846812e-01 6.812328479099960532e-13 3.000000000007065903e-01 -4.845290835220339432e-13 -3.000000000010284440e-01 2.873257187729905127e-13 3.000000000013502977e-01 -9.012235402394708217e-14 -3.000000000016721513e-01 -1.071087663007119772e-13 3.000000000019940605e-01
-1.400000000004183232e+00 -2.299999999984355448e+00 1.400000000004174128e+00 2.299999999987742960e+00 -1.400000000004165690e+00 -2.299999999991130917e+00 1.400000000004157474e+00 2.299999999994517541e+00 -1.400000000004147704e+00 -2.299999999997905942e+00 1.400000000004137934e+00 2.300000000001291234e+00 -1.400000000004132383e+00 -2.300000000004679190e+00 1.400000000004122169e+00 2.300000000008067147e+00 -1.400000000004112399e+00 -2.300000000011455548e+00 1.400000000004102407e+00 2.300000000014843504e+00
-2.500000000018293145e-01 -6.499999999955992092e-01 2.500000000016704416e-01 6.499999999964607422e-01 -2.500000000015117352e-01 -6.499999999973226084e-01 2.500000000013532508e-01 6.499999999981840304e-01 -2.500000000011941559e-01 -6.499999999990457855e-01 2.500000000010351164e-01 6.499999999999070965e-01 -2.500000000008771872e-01 -6.500000000007688516e-01 2.500000000007180923e-01 6.500000000016306068e-01 -2.500000000005590528e-01 -6.500000000024923619e-01 2.500000000004000134e-01 6.500000000033541170e-01
-1.850000000000840750e+00 -1.899999999983646548e+00 1.850000000001577050e+00 1.899999999986899946e+00 -1.850000000002314238e+00 -1.899999999990154897e+00 1.850000000003051648e+00 1.899999999993407851e+00 -1.850000000003787504e+00 -1.899999999996662581e+00 1.850000000004523582e+00 1.899999999999914202e+00 -1.850000000005262768e+00 -1.900000000003168488e+00 1.850000000005998402e+00 1.900000000006423440e+00 -1.850000000006734480e+00 -1.900000000009677947e+00 1.850000000007470335e+00 1.900000000012932677e+00
4.849999999999244693e+00 4.649999999959142372e+00 -4.850000000001392308e+00 -4.649999999967317166e+00 4.850000000003542588e+00 4.649999999975495513e+00 -4.850000000005692868e+00 -4.649999999983667642e+00 4.850000000007840484e+00 4.649999999991845989e+00 -4.850000000009987211e+00 -4.650000000000014566e+00 4.850000000012141932e+00 4.650000000008191137e+00 -4.850000000014288659e+00 -4.650000000016369484e+00 4.850000000016435386e+00 4.650000000024546054e+00 -4.850000000018583002e+00 -4.650000000032723513e+00
-1.550000000004750023e+00 -2.549999999982281551e+00 1.550000000004737588e+00 2.549999999986035437e+00 -1.550000000004725820e+00 -2.549999999989790656e+00 1.550000000004714718e+00 2.549999999993543653e+00 -1.550000000004701617e+00 -2.549999999997298872e+00 1.550000000004688294e+00 2.550000000001050982e+00 -1.550000000004679634e+00 -2.550000000004805756e+00 1.550000000004665868e+00 2.550000000008560530e+00 -1.550000000004652989e+00 -2.550000000012315304e+00 1.550000000004639444e+00 2.550000000016070523e+00
-2.550000000000633094e+00 -2.449999999978600851e+00 2.550000000001759304e+00 2.449999999982904075e+00 -2.550000000002885958e+00 -2.449999999987209520e+00 2.550000000004013501e+00 2.449999999991512301e+00 -2.550000000005138823e+00 -2.449999999995816857e+00 2.550000000006264145e+00 2.450000000000117417e+00 -2.550000000007393908e+00 -2.450000000004422418e+00 2.550000000008519230e+00 2.450000000008727419e+00 -2.550000000009644552e+00 -2.450000000013031975e+00 2.550000000010769874e+00 2.450000000017337420e+00
