1.974564212326154644e+00 4.552028048352807055e+00 3.376665697361649787e+00 -5.825194506895061686e-01 -4.061458381938729545e+00 -4.192011228717529292e+00 -8.665463734316922739e-01 3.173324871255343460e+00 4.597013493545502705e+00 2.230788600936834953e+00 -1.974564212318782097e+00 -4.552028048347628975e+00 -3.376665697362938978e+00 5.825194506828171859e-01 4.061458381932149919e+00 4.192011228716485682e+00 8.665463734370431048e-01 -3.173324871248011991e+00 -4.597013493542233320e+00 -2.230788600940323718e+00
-3.865850963453985933e+00 -1.070104550410750122e+01 -8.713982499398039039e+00 4.571447003428772415e-01 9.251388325446965766e+00 1.041851454151522383e+01 2.996310071150507959e+00 -6.896140799277691968e+00 -1.110320979024647059e+01 -6.156465136357352819e+00 3.865850963436582521e+00 1.070104550409403821e+01 8.713982499399627102e+00 -4.571447003275590504e-01 -9.251388325430532689e+00 -1.041851454151123235e+01 -2.996310071162241240e+00 6.896140799259911525e+00 1.110320979023729748e+01 6.156465136364351665e+00
2.280506786281512710e+00 2.123312834903737123e+00 2.155971544386099392e-01 -1.869863179272862608e+00 -2.413753155601395584e+00 -9.676738358015800623e-01 1.276184336173944445e+00 2.467918499820965117e+00 1.625027859935615604e+00 -5.575836785512360283e-01 -2.280506786278201581e+00 -2.123312834903579915e+00 -2.155971544417383257e-01 1.869863179269030784e+00 2.413753155600017131e+00 9.676738358037904053e-01 -1.276184336169966738e+00 -2.467918499818498645e+00 -1.625027859936698071e+00 5.575836785475017932e-01
-1.473967733420000314e+00 -4.735253895099365451e+00 -4.092657077380592590e+00 -7.595305045138966982e-02 4.003368911535956087e+00 4.782195461825841321e+00 1.618439020547741025e+00 -2.879606285799542142e+00 -5.003619234951132810e+00 -3.002500902983983089e+00 1.473967733412276715e+00 4.735253895093015863e+00 4.092657077380855490e+00 7.595305045804412458e-02 -4.003368911528390583e+00 -4.782195461823605775e+00 -1.618439020552675078e+00 2.879606285791508569e+00 5.003619234946619088e+00 3.002500902986712905e+00
-2.053666335754538608e+00 -5.112003057936668426e+00 -3.955853678504803295e+00 4.616181530312090664e-01 4.498518363588628333e+00 4.826707349537912251e+00 1.175616430792870037e+00 -3.444687348791402481e+00 -5.225089275549142265e+00 -2.697773487368499534e+00 2.053666335746243909e+00 5.112003057930580852e+00 3.955853678505946380e+00 -4.616181530237828956e-01 -4.498518363581034407e+00 -4.826707349536415670e+00 -1.175616430798700485e+00 3.444687348783054048e+00 5.225089275545157008e+00 2.697773487372163270e+00
4.245247086749318832e+00 7.967910806510309030e+00 5.121593840549507171e+00 -1.947116151094384184e+00 -7.410566156776349445e+00 -6.764526845088499662e+00 -5.416120797848331669e-01 6.127823659165289705e+00 7.745300830797943625e+00 2.977323546660018749e+00 -4.245247086736488207e+00 -7.967910806502555232e+00 -5.121593840553229526e+00 1.947116151082262547e+00 7.410566156765812984e+00 6.764526845088238538e+00 5.416120797950593202e-01 -6.127823659153009750e+00 -7.745300830793734548e+00 -2.977323546667347998e+00
4.322142554310361540e+00 8.053870966628407402e+00 5.145750601792724588e+00 -2.004678335208637918e+00 -7.502391323843774273e+00 -6.814911618957315120e+00 -5.090177667577930887e-01 6.216525346045898459e+00 7.816981604574691822e+00 2.972887663177205653e+00 -4.322142554297395023e+00 -8.053870966620621630e+00 -5.145750601796544643e+00 2.004678335196369510e+00 7.502391323833163206e+00 6.814911618957113504e+00 5.090177667681633489e-01 -6.216525346033508370e+00 -7.816981604570496955e+00 -2.972887663184662355e+00
3.088192703375882697e+00 5.457349227884266796e+00 3.327306082145456756e+00 -1.545866337986629535e+00 -5.144580953112871669e+00 -4.501951288943229379e+00 -1.477801952483918102e-01 4.328225250246607203e+00 5.235914136638564642e+00 1.826960973326407167e+00 -3.088192703367112379e+00 -5.457349227879255693e+00 -3.327306082148342448e+00 1.545866337978232696e+00 5.144580953105879928e+00 4.501951288943408791e+00 1.477801952555927167e-01 -4.328225250238323163e+00 -5.235914136636028893e+00 -1.826960973331706484e+00
-1.927118949572758311e+00 -4.162202596275998090e+00 -2.965843656717003896e+00 6.756442722280558977e-01 3.760111134739622329e+00 3.744631471733822714e+00 6.419671739722688786e-01 -2.989953797099539567e+00 -4.156868667914475957e+00 -1.896738400335037156e+00 1.927118949566028583e+00 4.162202596271465715e+00 2.965843656718408550e+00 -6.756442722218760633e-01 -3.760111134733757687e+00 -3.744631471733110395e+00 -6.419671739772940811e-01 2.989953797092920862e+00 4.156868667911719939e+00 1.896738400338415564e+00
8.248258538540529372e-01 3.091351272671682970e-03 -8.211917524784431155e-01 -9.684601540948443166e-01 -3.173014395415028055e-01 5.954499407073032824e-01 1.017294826793875062e+00 6.004518521386490448e-01 -3.114213399960303330e-01 -9.665495939362318545e-01 -8.248258538541252127e-01 -3.091351274036091556e-03 8.211917524769115628e-01 9.684601540944085540e-01 3.173014395425222123e-01 -5.954499407056703664e-01 -1.017294826792974005e+00 -6.004518521392218089e-01 3.114213399944530947e-01 9.665495939349532106e-01
-1.545153349818839228e+00 -3.553370342243264979e+00 -2.632084016389935943e+00 4.591700069848494437e-01 3.171870733190977454e+00 3.269587671311132038e+00 6.717600953579029310e-01 -2.479886317050559619e+00 -3.587041304406495268e+00 -1.736933639138475982e+00 1.545153349813084720e+00 3.553370342239229096e+00 2.632084016390949355e+00 -4.591700069796260109e-01 -3.171870733185846003e+00 -3.269587671310325572e+00 -6.717600953620840309e-01 2.479886317044838417e+00 3.587041304403950637e+00 1.736933639141204910e+00
-1.374099116183201963e-01 -7.025231035219604570e-01 -6.884555276716775030e-01 -1.068049085275311338e-01 5.628988274616851806e-01 7.685321671569840252e-01 3.405649200729998216e-01 -3.681740922226617307e-01 -7.733795234422803366e-01 -5.409880643861983973e-01 1.374099116171667023e-01 7.025231035208833186e-01 6.884555276715653704e-01 1.068049085284758504e-01 -5.628988274604617148e-01 -7.685321671564910861e-01 -3.405649200736432514e-01 3.681740922214128409e-01 7.733795234414549968e-01 5.409880643864775074e-01
-1.704550059301253917e+00 -4.159086224024363787e+00 -3.184749031688140164e+00 4.151891978652215709e-01 3.672833206520263349e+00 3.902485187980640813e+00 9.148132750505111321e-01 -2.827057684627714007e+00 -4.238218903859221065e+00 -2.155267450724512202e+00 1.704550059294508424e+00 4.159086224019467259e+00 3.184749031689132703e+00 -4.151891978591620291e-01 -3.672833206514128257e+00 -3.902485187979489734e+00 -9.148132750552915304e-01 2.827057684620945199e+00 4.238218903856044051e+00 2.155267450727545331e+00
5.972041127331012333e+00 1.154663205057812903e+01 7.601838938626200637e+00 -2.610134413720933466e+00 -1.067023596839760735e+01 -9.933480267690356413e+00 -1.007270442178769931e+00 8.749362845722897575e+00 1.129276333752283179e+01 4.526076649130033047e+00 -5.972041127312403219e+00 -1.154663205056659514e+01 -7.601838938631261477e+00 2.610134413703462108e+00 1.067023596838211574e+01 9.933480267689621002e+00 1.007270442193392457e+00 -8.749362845704975911e+00 -1.129276333751638717e+01 -4.526076649140375885e+00
-9.467539696167275309e-01 -3.697332266463785100e+00 -3.399720788488894918e+00 -2.992792163090759461e-01 3.047896969160014180e+00 3.882296994267735002e+00 1.516016867340908458e+00 -2.100112280567638212e+00 -3.984846920692819872e+00 -2.584356224685814940e+00 9.467539696106775926e-01 3.697332266458487560e+00 3.399720788488720835e+00 2.992792163141649864e-01 -3.047896969153852886e+00 -3.882296994265584278e+00 -1.516016867344538444e+00 2.100112280561222011e+00 3.984846920688903893e+00 2.584356224687629933e+00
-2.585473959274546374e+00 -5.860832089746200069e+00 -4.304347377757162363e+00 8.007682709657988340e-01 5.245706938111373674e+00 5.365930081175278588e+00 1.062322194984929080e+00 -4.117095442383994275e+00 -5.902258161612941478e+00 -2.821425162855351054e+00 2.585473959265058408e+00 5.860832089739604456e+00 4.304347377758902304e+00 -8.007682709571640745e-01 -5.245706938102956407e+00 -5.365930081174020927e+00 -1.062322194991865532e+00 4.117095442374584024e+00 5.902258161608815890e+00 2.821425162859909630e+00
-1.743909167282629458e+00 -4.005876780666659975e+00 -2.965281421071559897e+00 5.199794042601560973e-01 3.576553871710987487e+00 3.684511835382870526e+00 7.548495657603118136e-01 -2.797132950475559099e+00 -4.043076559742228682e+00 -1.955788600937136135e+00 1.743909167276142425e+00 4.005876780662113390e+00 2.965281421072705648e+00 -5.199794042542662531e-01 -3.576553871705205001e+00 -3.684511835381964584e+00 -7.548495657650274859e-01 2.797132950469111812e+00 4.043076559739363418e+00 1.955788600940216115e+00
-1.041047910760873885e+00 -3.890441995405146347e+00 -3.532440948836645500e+00 -2.621913932363638677e-01 3.224216480391290940e+00 4.052485187981372583e+00 1.539765576868023844e+00 -2.242382191839210392e+00 -4.175843941600724918e+00 -2.666616777657217163e+00 1.041047910754512085e+00 3.890441995399646746e+00 3.532440948836545580e+00 2.621913932417421211e-01 -3.224216480384863637e+00 -4.052485187979198322e+00 -1.539765576871892083e+00 2.242382191832491323e+00 4.175843941596690811e+00 2.666616777659196469e+00
-1.983267408863023329e+00 -5.711061707826618594e+00 -4.730488284723479708e+00 1.500392080195148692e-01 4.906869952201690310e+00 5.618332377623519669e+00 1.697875875888639863e+00 -3.622359577481322646e+00 -5.956214952176581257e+00 -3.379591039266622854e+00 1.983267408853727209e+00 5.711061707819300892e+00 4.730488284724178705e+00 -1.500392080113814863e-01 -4.906869952192820072e+00 -5.618332377621230833e+00 -1.697875875894814701e+00 3.622359577471777836e+00 5.956214952171532850e+00 3.379591039270234187e+00
-1.954127621087815569e+00 -5.511904946583242371e+00 -4.525505258192279889e+00 1.918544467068291626e-01 4.751043686913517305e+00 5.393332377623790919e+00 1.589198777645464578e+00 -3.525117168700202530e+00 -5.733222546375537299e+00 -3.214690153041555476e+00 1.954127621078848076e+00 5.511904946576247077e+00 4.525505258193029512e+00 -1.918544466989582364e-01 -4.751043686905006780e+00 -5.393332377621660179e+00 -1.589198777651467553e+00 3.525117168691018321e+00 5.733222546370741135e+00 3.214690153045103305e+00
