-4.599999999997894662e+00 -5.799999999997094591e+00 4.599999999998218847e+00 5.799999999997782041e+00 -4.599999999998543920e+00 -5.799999999998468603e+00 4.599999999998868994e+00 5.799999999999150724e+00 -4.599999999999194955e+00 -5.799999999999845279e+00 4.599999999999519140e+00 5.800000000000523848e+00 -4.599999999999844214e+00 -5.800000000001217515e+00 4.600000000000179057e+00 5.800000000001896971e+00 -4.600000000000494360e+00 -5.800000000002590639e+00 4.600000000000808775e+00 5.800000000003267431e+00
5.999999999994894972e-01 9.499999999990128563e-01 -5.999999999995273559e-01 -9.499999999991218802e-01 5.999999999995652145e-01 9.499999999992309041e-01 -5.999999999996031841e-01 -9.499999999993391508e-01 5.999999999996411537e-01 9.499999999994489519e-01 -5.999999999996790123e-01 -9.499999999995567546e-01 5.999999999997168709e-01 9.499999999996667777e-01 -5.999999999997563949e-01 -9.499999999997745803e-01 5.999999999997926992e-01 9.499999999998844924e-01 -5.999999999998288924e-01 -9.499999999999920730e-01
-2.049999999999263522e+00 -2.699999999998691447e+00 2.049999999999405631e+00 2.699999999999009415e+00 -2.049999999999547740e+00 -2.699999999999327382e+00 2.049999999999689848e+00 2.699999999999642686e+00 -2.049999999999832401e+00 -2.699999999999963762e+00 2.049999999999974065e+00 2.700000000000277289e+00 -2.050000000000116174e+00 -2.700000000000598366e+00 2.050000000000263167e+00 2.700000000000911893e+00 -2.050000000000400391e+00 -2.700000000001232969e+00 2.050000000000537614e+00 2.700000000001546052e+00
-2.449999999998878408e+00 -1.749999999999173328e+00 2.449999999999082245e+00 1.749999999999405143e+00 -2.449999999999286082e+00 -1.749999999999636957e+00 2.449999999999490807e+00 1.749999999999866773e+00 -2.449999999999695088e+00 -1.750000000000102585e+00 2.449999999999898925e+00 1.750000000000330180e+00 -2.450000000000103206e+00 -1.750000000000565992e+00 2.450000000000310152e+00 1.750000000000793587e+00 -2.450000000000511324e+00 -1.750000000001029843e+00 2.450000000000712497e+00 1.750000000001256995e+00
3.399999999998557509e+00 3.049999999998002309e+00 -3.399999999998826627e+00 -3.049999999998386446e+00 3.399999999999095301e+00 3.049999999998770583e+00 -3.399999999999364420e+00 -3.049999999999151168e+00 3.399999999999633538e+00 3.049999999999540634e+00 -3.399999999999902656e+00 -3.049999999999918554e+00 3.400000000000170886e+00 3.050000000000308020e+00 -3.400000000000445333e+00 -3.050000000000685496e+00 3.400000000000709122e+00 3.050000000001075406e+00 -3.400000000000972467e+00 -3.050000000001452882e+00
3.799999999998294076e+00 3.099999999998131806e+00 -3.799999999998601385e+00 -3.099999999998530154e+00 3.799999999998909139e+00 3.099999999998928502e+00 -3.799999999999217337e+00 -3.099999999999322853e+00 3.799999999999525091e+00 3.099999999999727862e+00 -3.799999999999832845e+00 -3.100000000000119105e+00 3.800000000000140155e+00 3.100000000000523670e+00 -3.800000000000453682e+00 -3.100000000000914913e+00 3.800000000000756106e+00 3.100000000001319478e+00 -3.800000000001058087e+00 -3.100000000001710276e+00
2.199999999998612843e+00 2.499999999998418154e+00 -2.199999999998774936e+00 -2.499999999998719247e+00 2.199999999998936584e+00 2.499999999999020783e+00 -2.199999999999098232e+00 -2.499999999999319211e+00 2.199999999999260325e+00 2.499999999999623856e+00 -2.199999999999421973e+00 -2.499999999999921396e+00 2.199999999999583622e+00 2.500000000000226041e+00 -2.199999999999750155e+00 -2.500000000000523137e+00 2.199999999999907363e+00 2.500000000000827782e+00 -2.200000000000064571e+00 -2.500000000001123990e+00
-1.749999999999027445e+00 -1.999999999999067857e+00 1.749999999999155786e+00 1.999999999999308553e+00 -1.749999999999284128e+00 -1.999999999999549249e+00 1.749999999999412692e+00 1.999999999999788169e+00 -1.749999999999541256e+00 -2.000000000000031530e+00 1.749999999999669598e+00 2.000000000000269118e+00 -1.749999999999797939e+00 -2.000000000000512479e+00 1.749999999999929834e+00 2.000000000000750067e+00 -1.750000000000054845e+00 -2.000000000000993428e+00 1.750000000000179634e+00 2.000000000001230571e+00
-1.595668042142506238e-13 -2.999999999999594658e-01 1.526001547347277665e-13 2.999999999999894973e-01 -1.456335052552049092e-13 -3.000000000000195288e-01 1.386668557756820519e-13 3.000000000000494493e-01 -1.317002062961591946e-13 -3.000000000000794254e-01 1.247613123922519662e-13 3.000000000001094014e-01 -1.177669073371134800e-13 -3.000000000001393774e-01 1.113276137942875721e-13 3.000000000001693534e-01 -1.038613639536833944e-13 -3.000000000001993294e-01 9.633960296184795880e-14 3.000000000002293055e-01
-1.399999999999419709e+00 -2.299999999999042810e+00 1.399999999999506084e+00 2.299999999999305711e+00 -1.399999999999592237e+00 -2.299999999999568168e+00 1.399999999999679279e+00 2.299999999999829292e+00 -1.399999999999765876e+00 -2.300000000000093969e+00 1.399999999999852029e+00 2.300000000000353761e+00 -1.399999999999938405e+00 -2.300000000000618439e+00 1.400000000000028999e+00 2.300000000000878675e+00 -1.400000000000111378e+00 -2.300000000001142908e+00 1.400000000000193978e+00 2.300000000001402700e+00
-2.499999999999014677e-01 -6.499999999998247180e-01 2.499999999999113764e-01 6.499999999998955502e-01 -2.499999999999212019e-01 -6.499999999999663824e-01 2.499999999999311662e-01 6.500000000000368816e-01 -2.499999999999411027e-01 -6.500000000001080469e-01 2.499999999999509559e-01 6.500000000001784350e-01 -2.499999999999607814e-01 -6.500000000002494893e-01 2.499999999999718281e-01 6.500000000003198775e-01 -2.499999999999806266e-01 -6.500000000003910428e-01 2.499999999999893419e-01 6.500000000004613199e-01
-1.849999999999215605e+00 -1.899999999999120837e+00 1.849999999999356159e+00 1.899999999999353983e+00 -1.849999999999496936e+00 -1.899999999999586908e+00 1.849999999999637934e+00 1.899999999999818279e+00 -1.849999999999778932e+00 -1.900000000000054090e+00 1.849999999999919487e+00 1.900000000000283684e+00 -1.850000000000060041e+00 -1.900000000000519718e+00 1.850000000000204148e+00 1.900000000000749312e+00 -1.850000000000341593e+00 -1.900000000000985345e+00 1.850000000000478817e+00 1.900000000001214495e+00
4.849999999997652189e+00 4.649999999997700861e+00 -4.849999999998028777e+00 -4.649999999998278177e+00 4.849999999998404476e+00 4.649999999998856381e+00 -4.849999999998782840e+00 -4.649999999999429257e+00 4.849999999999159428e+00 4.650000000000014566e+00 -4.849999999999536016e+00 -4.650000000000583000e+00 4.849999999999912603e+00 4.650000000001170086e+00 -4.850000000000296296e+00 -4.650000000001738520e+00 4.850000000000665779e+00 4.650000000002323830e+00 -4.850000000001034373e+00 -4.650000000002892264e+00
-1.549999999999500666e+00 -2.549999999998700417e+00 1.549999999999596367e+00 2.549999999998991296e+00 -1.549999999999691846e+00 -2.549999999999282618e+00 1.549999999999787770e+00 2.549999999999571720e+00 -1.549999999999883471e+00 -2.549999999999865707e+00 1.549999999999979172e+00 2.550000000000153033e+00 -1.550000000000074651e+00 -2.550000000000447020e+00 1.550000000000174794e+00 2.550000000000735234e+00 -1.550000000000266276e+00 -2.550000000001028333e+00 1.550000000000357092e+00 2.550000000001316103e+00
-2.549999999998906031e+00 -2.449999999998896172e+00 2.549999999999103650e+00 2.449999999999200373e+00 -2.549999999999301270e+00 -2.449999999999505018e+00 2.549999999999499778e+00 2.449999999999806111e+00 -2.549999999999697398e+00 -2.450000000000114753e+00 2.549999999999895017e+00 2.450000000000414069e+00 -2.550000000000093081e+00 -2.450000000000723155e+00 2.550000000000295142e+00 2.450000000001022471e+00 -2.550000000000488765e+00 -2.450000000001330669e+00 2.550000000000682387e+00 2.450000000001629985e+00
-1.849999999999353051e+00 -1.799999999999123190e+00 1.849999999999495826e+00 1.799999999999346123e+00 -1.849999999999638822e+00 -1.799999999999569278e+00 1.849999999999782041e+00 1.799999999999790212e+00 -1.849999999999925482e+00 -1.800000000000016254e+00 1.850000000000068257e+00 1.800000000000235856e+00 -1.850000000000211475e+00 -1.800000000000461897e+00 1.850000000000357359e+00 1.800000000000681499e+00 -1.850000000000497469e+00 -1.800000000000907541e+00 1.850000000000637357e+00 1.800000000001126921e+00
-1.899999999999270273e+00 -2.499999999999132694e+00 1.899999999999401723e+00 2.499999999999427125e+00 -1.899999999999533395e+00 -2.499999999999721112e+00 1.899999999999665512e+00 2.500000000000013767e+00 -1.899999999999797629e+00 -2.500000000000310418e+00 1.899999999999929301e+00 2.500000000000601297e+00 -1.900000000000060973e+00 -2.500000000000898392e+00 1.900000000000197309e+00 2.500000000001188827e+00 -1.900000000000324540e+00 -2.500000000001486367e+00 1.900000000000451994e+00 2.500000000001776357e+00
-2.849999999998919620e+00 -2.699999999998278888e+00 2.849999999999141220e+00 2.699999999998615063e+00 -2.849999999999363265e+00 -2.699999999998951239e+00 2.849999999999585754e+00 2.699999999999284306e+00 -2.849999999999807798e+00 -2.699999999999625366e+00 2.850000000000029843e+00 2.699999999999956657e+00 -2.850000000000251887e+00 -2.700000000000297273e+00 2.850000000000478373e+00 2.700000000000628120e+00 -2.850000000000695977e+00 -2.700000000000969180e+00 2.850000000000913136e+00 2.700000000001299583e+00
-1.899999999999361533e+00 -2.799999999998715960e+00 1.899999999999486544e+00 2.799999999999039701e+00 -1.899999999999611111e+00 -2.799999999999364331e+00 1.899999999999736122e+00 2.799999999999686295e+00 -1.899999999999860911e+00 -2.800000000000014033e+00 1.899999999999985922e+00 2.800000000000334222e+00 -1.900000000000110489e+00 -2.800000000000661515e+00 1.900000000000240163e+00 2.800000000000982148e+00 -1.900000000000360512e+00 -2.800000000001309441e+00 1.900000000000479972e+00 2.800000000001629186e+00
-6.499999999997621014e-01 -1.049999999999389644e+00 6.499999999998025135e-01 1.049999999999509770e+00 -6.499999999998431477e-01 -1.049999999999629896e+00 6.499999999998836708e-01 1.049999999999749356e+00 -6.499999999999244160e-01 -1.049999999999870370e+00 6.499999999999648281e-01 1.049999999999989164e+00 -6.500000000000054623e-01 -1.050000000000110401e+00 6.500000000000477618e-01 1.050000000000229416e+00 -6.500000000000866196e-01 -1.050000000000350431e+00 6.500000000001252554e-01 1.050000000000469225e+00
