-2.438899977272193986e+00 3.678776872175405499e-01 2.006433818884596043e+00 -2.726582104100459425e+00 1.198855681025329911e+00 1.317242726233126549e+00 -2.747367377364489105e+00 1.912481327855832136e+00 4.991107377677242996e-01 -2.499221189697570011e+00 2.438899977274867847e+00 -3.678776872197982439e-01 -2.006433818884616471e+00 2.726582104102740711e+00 -1.198855681027990894e+00 -1.317242726232270122e+00 2.747367377366153995e+00 -1.912481327858629454e+00 -4.991107377660919386e-01 2.499221189698450640e+00
-2.425513271000383497e+00 2.401183528676676393e-01 2.143237217759926594e+00 -2.759644810395403436e+00 1.100919824472078368e+00 1.465435936833359820e+00 -2.823643088172632876e+00 1.853955593097898591e+00 6.441875761164794767e-01 -2.611243507000891473e+00 2.425513271003155946e+00 -2.401183528698910274e-01 -2.143237217760085578e+00 2.759644810397813952e+00 -1.100919824474752229e+00 -1.465435936832617525e+00 2.823643088174444316e+00 -1.853955593100753863e+00 -6.441875761149251645e-01 2.611243507001922648e+00
3.676637618321030754e+00 -7.623379975013401255e-01 -2.780455553934467527e+00 4.030959536016761824e+00 -1.958221581782675580e+00 -1.728932003031545150e+00 3.990703048980152268e+00 -2.962420793907293959e+00 -5.081685414935870337e-01 3.559808742645624857e+00 -3.676637618324874346e+00 7.623379975047798185e-01 2.780455553934268575e+00 -4.030959536019967260e+00 1.958221581786642185e+00 1.728932003030073883e+00 -3.990703048982405576e+00 2.962420793911389794e+00 5.081685414910123155e-01 -3.559808742646696000e+00
3.314331954134422276e+00 -5.673964581823849329e-01 -2.647317413489597371e+00 3.679504725755475381e+00 -1.678199813589826839e+00 -1.706662524099501477e+00 3.684501938202273230e+00 -2.624729278537656807e+00 -5.989476158328717048e-01 3.328834429502745884e+00 -3.314331954137994973e+00 5.673964581854649136e-01 2.647317413489550297e+00 -3.679504725758499184e+00 1.678199813593428624e+00 1.706662524098279121e+00 -3.684501938204452376e+00 2.624729278541419131e+00 5.989476158306163978e-01 -3.328834429503859216e+00
2.137136187067198545e+00 -4.674305340666820574e-01 -1.587638638276225089e+00 2.333811689164004388e+00 -1.155921546760793950e+00 -9.749444131779029243e-01 2.302037442502973263e+00 -1.731262904679081949e+00 -2.668158360801634044e-01 2.044923731731390859e+00 -2.137136187069410997e+00 4.674305340686857324e-01 1.587638638276082537e+00 -2.333811689165840253e+00 1.155921546763094554e+00 9.749444131770264033e-01 -2.302037442504252684e+00 1.731262904681448500e+00 2.668158360786533900e-01 -2.044923731731983718e+00
-2.184684449306206311e+00 4.813008968332086468e-01 1.618881311159014791e+00 -2.384410016655942766e+00 1.184160775258862319e+00 9.923455365752791302e-01 -2.350732918413647177e+00 1.771106746469028215e+00 2.686720667932262496e-01 -2.086949703597324568e+00 2.184684449308464504e+00 -4.813008968352575079e-01 -1.618881311158865355e+00 2.384410016657815934e+00 -1.184160775261213328e+00 -9.923455365743799605e-01 2.350732918414951023e+00 -1.771106746471445392e+00 -2.686720667916806526e-01 2.086949703597925865e+00
7.583192701997037988e-02 1.494263747569429118e-02 -9.339805089711589181e-02 9.485335634469534150e-02 -1.810875708259920489e-02 -7.356523564370770485e-02 1.045898782682004036e-01 -4.938754032652939441e-02 -4.653134256633770227e-02 1.040884141862702811e-01 -7.583192702007723884e-02 -1.494263747562869088e-02 9.339805089714567354e-02 -9.485335634479591382e-02 1.810875708268765497e-02 7.356523564370401336e-02 -1.045898782682848499e-01 4.938754032663174309e-02 4.653134256630143961e-02 -1.040884141863302192e-01
-1.903124557496625124e+00 3.741907354882403891e-01 1.463236965767895192e+00 -2.094328953663695980e+00 9.987943790576127023e-01 9.201757414984248484e-01 -2.080525839798067711e+00 1.525629069795296999e+00 2.870413044093360067e-01 -1.863066360856773462e+00 1.903124557498633296e+00 -3.741907354900173566e-01 -1.463236965767814590e+00 2.094328953665378190e+00 -9.987943790596703897e-01 -9.201757414976807770e-01 2.080525839799259202e+00 -1.525629069797428849e+00 -2.870413044080144527e-01 1.863066360857353221e+00
-3.361968861327739866e-01 2.379333001462622943e-01 5.648951642227056924e-02 -3.043407094705952720e-01 3.012844449758707022e-01 -4.984039753330210543e-02 -2.426935436989648143e-01 3.351437691590585799e-01 -1.512915861198833589e-01 -1.572898429246672725e-01 3.361968861329741598e-01 -2.379333001466061859e-01 -5.648951642206651025e-02 3.043407094706992999e-01 -3.012844449761969967e-01 4.984039753358293634e-02 2.426935436989623995e-01 -3.351437691593351920e-01 1.512915861202112078e-01 1.572898429245576102e-01
-2.373565235640146653e+00 7.472828251441239189e-01 1.495081587817989055e+00 -2.504856641731383782e+00 1.449553998415419986e+00 8.008037163911043699e-01 -2.390955227367174807e+00 2.009932726685307980e+00 2.813759767586526683e-02 -2.043010456583221224e+00 2.373565235642398630e+00 -7.472828251463889959e-01 -1.495081587817578495e+00 2.504856641733166356e+00 -1.449553998417925538e+00 -8.008037163899324185e-01 2.390955227368313452e+00 -2.009932726687803317e+00 -2.813759767406287526e-02 2.043010456583597811e+00
5.014433381117552102e+00 -9.764694381908805010e-01 -3.866524710952229604e+00 5.521841843636067892e+00 -2.624789691409855852e+00 -2.436216501676269353e+00 5.488733953564456591e+00 -4.016177241648785312e+00 -7.674344470967857657e-01 4.918350541858941938e+00 -5.014433381122850975e+00 9.764694381955608682e-01 3.866524710952027988e+00 -5.521841843640510561e+00 2.624789691415279513e+00 2.436216501674317136e+00 -5.488733953567607848e+00 4.016177241654408370e+00 7.674344470933087692e-01 -4.918350541860481151e+00
-2.317835833761697995e+00 2.355288675818637822e-01 2.040955044054444834e+00 -2.634815418556580191e+00 1.056456247026552164e+00 1.392876615167816912e+00 -2.693880912344382317e+00 1.773970328248968276e+00 6.084537184460439008e-01 -2.489250573059542671e+00 2.317835833764341658e+00 -2.355288675839895263e-01 -2.040955044054589607e+00 2.634815418558876132e+00 -1.056456247029105899e+00 -1.392876615167102372e+00 2.693880912346105827e+00 -1.773970328251692985e+00 -6.084537184445553137e-01 2.489250573060520111e+00
-2.817312445231681561e+00 7.170626796142615111e-01 1.974354709138762987e+00 -3.038055841266678048e+00 1.597094129136680252e+00 1.160559090007922789e+00 -2.961413164178396951e+00 2.320790877690209086e+00 2.331598610559303397e-01 -2.594886733201057893e+00 2.817312445234507301e+00 -7.170626796169204953e-01 -1.974354709138463893e+00 3.038055841268984647e+00 -1.597094129139691177e+00 -1.160559090006679561e+00 2.961413164179958368e+00 -2.320790877693270193e+00 -2.331598610538843097e-01 2.594886733201715145e+00
-1.574124821471649671e+00 7.431730034924607931e-02 1.486759595200902062e+00 -1.822108027876389036e+00 6.552568585381822741e-01 1.051807392052036549e+00 -1.891730605139273713e+00 1.172055309970557069e+00 5.138969529957523319e-01 -1.776177410308708016e+00 1.574124821473521951e+00 -7.431730035067479756e-02 -1.486759595201095463e+00 1.822108027878044600e+00 -6.552568585399350942e-01 -1.051807392051625545e+00 1.891730605140550692e+00 -1.172055309972457549e+00 -5.138969529947883252e-01 1.776177410309477844e+00
-2.169691176305483804e+00 5.060961105857962883e-01 1.574739516215864388e+00 -2.357313438253920701e+00 1.196448631857422784e+00 9.508037163914133671e-01 -2.314185436497277149e+00 1.769684424895155761e+00 2.337966241671304013e-01 -2.044528840337862086e+00 2.169691176307701586e+00 -5.060961105878361010e-01 -1.574739516215684754e+00 2.357313438255749016e+00 -1.196448631859751366e+00 -9.508037163904961009e-01 2.314185436498537030e+00 -1.769684424897540076e+00 -2.337966241655800304e-01 2.044528840338424747e+00
-2.763288405767829303e+00 2.908990954439258370e-01 2.421316009353839505e+00 -3.137326778320153053e+00 1.266832814484135206e+00 1.648075487372458126e+00 -3.204261746769164976e+00 2.118760111099621923e+00 7.135098538693531722e-01 -2.957541250039589453e+00 2.763288405770971679e+00 -2.908990954464619749e-01 -2.421316009354001597e+00 3.137326778322878873e+00 -1.266832814487177661e+00 -1.648075487371597481e+00 3.204261746771207342e+00 -2.118760111102864663e+00 -7.135098538675728186e-01 2.957541250040742753e+00
-2.977838390167177440e+00 5.990372358874341829e-01 2.273627884510113439e+00 -3.271847115319931998e+00 1.572659079771675739e+00 1.423075487372791104e+00 -3.245584648525481786e+00 2.392338095567916323e+00 4.332225463808952459e-01 -2.901621743014903831e+00 2.977838390170307381e+00 -5.990372358902169569e-01 -2.273627884509972663e+00 3.271847115322548571e+00 -1.572659079774892277e+00 -1.423075487371615377e+00 3.245584648527329197e+00 -2.392338095571244327e+00 -4.332225463788198505e-01 2.901621743015794674e+00
-8.212643661802895290e-01 -2.006031971108575840e-01 1.057087567829409380e+00 -1.042077768393018466e+00 1.679483201771862499e-01 8.446426768982424615e-01 -1.160885338052625837e+00 5.200598857216627291e-01 5.495182757804806251e-01 -1.166057362459755220e+00 8.212643661814816864e-01 2.006031971101538969e-01 -1.057087567829774866e+00 1.042077768394151338e+00 -1.679483201781526991e-01 -8.446426768982363553e-01 1.160885338053588400e+00 -5.200598857227936023e-01 -5.495182757801091444e-01 1.166057362460452218e+00
-2.438309033799674008e+00 1.760835717480986884e-01 2.231310380510949543e+00 -2.799146241651456091e+00 1.059283379194555508e+00 1.553883945073446959e+00 -2.885983512571454579e+00 1.838793149024374074e+00 7.243525225455673677e-01 -2.690320609451049005e+00 2.438309033802519288e+00 -1.760835717503223541e-01 -2.231310380511182245e+00 2.799146241653951872e+00 -1.059283379197257569e+00 -1.553883945072757511e+00 2.885983512573356613e+00 -1.838793149027282414e+00 -7.243525225440405890e-01 2.690320609452166778e+00
-2.513162729076530155e+00 3.008988314059843350e-01 2.159434938011869587e+00 -2.839466851103434664e+00 1.178558540892289175e+00 1.453988192503951726e+00 -2.887824174015170442e+00 1.940852728896042878e+00 6.062149521817976616e-01 -2.653501146119732201e+00 2.513162729079355451e+00 -3.008988314082972071e-01 -2.159434938011976612e+00 2.839466851105873157e+00 -1.178558540895048301e+00 -1.453988192503137267e+00 2.887824174016983214e+00 -1.940852728898970980e+00 -6.062149521801585283e-01 2.653501146120736287e+00
