2.372810981096288074e+00 -2.250297010590822211e+00 1.907508289947849711e+00 -1.377999367493299099e+00 7.136022658625387205e-01 2.064719751011306892e-02 -7.528755693330329013e-01 1.411407234837230407e+00 -1.931780526343348514e+00 2.263057680424923834e+00 -2.372810981096839633e+00 2.250297010593121261e+00 -1.907508289951668434e+00 1.377999367498268457e+00 -7.136022658681702158e-01 -2.064719750437082890e-02 7.528755693277341399e-01 -1.411407234832902091e+00 1.931780526340413751e+00 -2.263057680423671503e+00
-5.112138363162856081e+00 4.473934429939552260e+00 -3.397790622980283448e+00 1.989047396044838045e+00 -3.856023514766592775e-01 -1.255588137903626667e+00 2.773872912149215164e+00 -4.020631679045080453e+00 4.873823003808531062e+00 -5.249930575038320946e+00 5.112138363166981669e+00 -4.473934429947215463e+00 3.397790622990731535e+00 -1.989047396057061601e+00 3.856023514894550974e-01 1.255588137891511025e+00 -2.773872912138949598e+00 4.020631679037688144e+00 -4.873823003804734988e+00 5.249930575038495029e+00
7.280071145325288651e-01 -7.708764473123121963e-01 7.382870224172508600e-01 -6.334289198199403170e-01 4.665663811919482096e-01 -2.540330744138236674e-01 1.663324035959501401e-02 2.223947711516358616e-01 -4.396532329471036782e-01 6.138753730575862155e-01 -7.280071145320666792e-01 7.708764473124346539e-01 -7.382870224179451935e-01 6.334289198211389138e-01 -4.665663811935334415e-01 2.540330744156404363e-01 -1.663324036146818230e-02 -2.223947711498922009e-01 4.396532329456600552e-01 -6.138753730565844613e-01
-2.523236515844734296e+00 2.225521789012919527e+00 -1.709957483350750929e+00 1.027010625244096254e+00 -2.435328115348912026e-01 -5.637836905602175985e-01 1.315913116911467506e+00 -1.939231798873835233e+00 2.372724960940314265e+00 -2.573959272083432559e+00 2.523236515846634997e+00 -2.225521789016577490e+00 1.709957483355805330e+00 -1.027010625250059483e+00 2.435328115411763139e-01 5.637836905542257249e-01 -1.315913116906347602e+00 1.939231798870097778e+00 -2.372724960938323413e+00 2.573959272083385930e+00
-2.466921229255940151e+00 2.241550338191220515e+00 -1.796760882225110878e+00 1.176091952337866786e+00 -4.402989478414744973e-01 -3.385935854127638533e-01 1.084342219406662977e+00 -1.723947881908731494e+00 2.194801514278673871e+00 -2.450812682350020033e+00 2.466921229257283077e+00 -2.241550338194320258e+00 1.796760882229662792e+00 -1.176091952343430336e+00 4.402989478475028973e-01 3.385935854068607975e-01 -1.084342219401455143e+00 1.723947881904738022e+00 -2.194801514276284671e+00 2.450812682349469807e+00
3.259723467064377100e+00 -2.991031456254659382e+00 2.429556446765603894e+00 -1.630259524552328809e+00 6.713814413900697220e-01 3.532161350449525283e-01 -1.343238455180358004e+00 2.201775236430306926e+00 -2.844786916868697002e+00 3.209331033088488105e+00 -3.259723467065922975e+00 2.991031456258544274e+00 -2.429556446771446332e+00 1.630259524559562356e+00 -6.713814413979839468e-01 -3.532161350371325614e-01 1.343238455173387136e+00 -2.201775236424879267e+00 2.844786916865343240e+00 -3.209331033087537755e+00
3.522432790021365889e+00 -3.137308571263106582e+00 2.445082730635911084e+00 -1.513515156441285425e+00 4.337941734542047900e-01 6.883896056522834650e-01 -1.743189013865275916e+00 2.627352935889393670e+00 -3.254333246704773419e+00 3.562756745060190688e+00 -3.522432790023780402e+00 3.137308571267992008e+00 -2.445082730642786473e+00 1.513515156449486421e+00 -4.337941734629248147e-01 -6.883896056438979505e-01 1.743189013858034597e+00 -2.627352935884018414e+00 3.254333246701788696e+00 -3.562756745059890928e+00
1.956228180932878757e+00 -1.743562000776419207e+00 1.360223823873426996e+00 -8.437374618532325066e-01 2.446601984023793475e-01 3.783661099159254526e-01 -9.643553071640462715e-01 1.455946687888596491e+00 -1.805019862625782734e+00 1.977405116896551851e+00 -1.956228180934210137e+00 1.743562000779123489e+00 -1.360223823877237725e+00 8.437374618577819785e-01 -2.446601984072199754e-01 -3.783661099112676229e-01 9.643553071600210469e-01 -1.455946687885605106e+00 1.805019862624116733e+00 -1.977405116896376436e+00
-2.258804518072969003e+00 1.972124089092841981e+00 -1.492398413676091717e+00 8.665863833777517344e-01 -1.559468400121350184e-01 -5.699578665994009530e-01 1.240071126098345466e+00 -1.788797583691404292e+00 2.162424070507414253e+00 -2.324377422808064697e+00 2.258804518074828849e+00 -1.972124089096262356e+00 1.492398413680736002e+00 -8.665863833831717322e-01 1.559468400177971836e-01 5.699578665940507882e-01 -1.240071126093823972e+00 1.788797583688162440e+00 -2.162424070505768015e+00 2.324377422808177496e+00
-3.598203609386770724e-02 7.021575905120211458e-02 -9.757627429065644786e-02 1.153853439486776655e-01 -1.218996922040561925e-01 1.164816492614230564e-01 -9.966157091372650212e-02 7.308592362201339621e-02 -3.935611690661468959e-02 1.773859258210521567e-03 3.598203609359279520e-02 -7.021575905097547643e-02 9.757627429050021173e-02 -1.153853439486067362e-01 1.218996922040776476e-01 -1.164816492615347865e-01 9.966157091391783518e-02 -7.308592362226551398e-02 3.935611690690284103e-02 -1.773859258506552128e-03
-2.208809081648197559e+00 1.980366972154250949e+00 -1.558072745398090930e+00 9.832635025914285842e-01 -3.122055773515827193e-01 -3.894132050635838449e-01 1.052913509765881717e+00 -1.613347304052677567e+00 2.015855423367416854e+00 -2.221037568552651553e+00 2.208809081649608874e+00 -1.980366972157219685e+00 1.558072745402324655e+00 -9.832635025965181796e-01 3.122055773570275861e-01 3.894132050583166693e-01 -1.052913509761300714e+00 1.613347304049239650e+00 -2.015855423365456645e+00 2.221037568552363783e+00
-2.803499928150841591e-01 1.931401147258257622e-01 -8.702433652092095295e-02 -2.760999007684933337e-02 1.395416584757934453e-01 -2.378140170992485147e-01 3.128074827813813741e-01 -3.571811725910336022e-01 3.665914805999663795e-01 -3.401172602947938328e-01 2.803499928157202059e-01 -1.931401147266244012e-01 8.702433652180369128e-02 2.760999007596739996e-02 -1.395416584749992195e-01 2.378140170986197399e-01 -3.128074827809789182e-01 3.571811725908980439e-01 -3.665914806001107085e-01 3.401172602952041157e-01
-2.183518350744594549e+00 1.949912236723221115e+00 -1.525435127134237900e+00 9.516377989700711693e-01 -2.846875325924086986e-01 -4.101299330100587337e-01 1.064801023226327858e+00 -1.615241970384411863e+00 2.007571779428972025e+00 -2.203386475128262578e+00 2.183518350746050718e+00 -1.949912236726212278e+00 1.525435127138469182e+00 -9.516377989751341193e-01 2.846875325978050486e-01 4.101299330048571168e-01 -1.064801023221823462e+00 1.615241970381053216e+00 -2.007571779427087311e+00 2.203386475128037425e+00
4.919053698923234741e+00 -4.467134041255172328e+00 3.577940179276674293e+00 -2.338512603575978233e+00 8.701751208621839595e-01 6.833411655481052005e-01 -2.169967257556868034e+00 3.444181835345428322e+00 -4.381255898065040455e+00 4.889462107477921649e+00 -4.919053698925933027e+00 4.467134041261372701e+00 -3.577940179285765687e+00 2.338512603587082683e+00 -8.701751208742092292e-01 -6.833411655363361703e-01 2.169967257546491890e+00 -3.444181835337478237e+00 4.381255898060292253e+00 -4.889462107476844288e+00
-2.332614169793953529e+00 2.094309948624966999e+00 -1.651000077769430918e+00 1.046078816108102050e+00 -3.387600714665616741e-01 -4.017188692503108616e-01 1.102874768105117642e+00 -1.696073600477631116e+00 2.123248931596027678e+00 -2.342585863744949926e+00 2.332614169795421244e+00 -2.094309948628080953e+00 1.651000077773884245e+00 -1.046078816113465093e+00 3.387600714723065787e-01 4.017188692447464238e-01 -1.102874768100271075e+00 1.696073600473985366e+00 -2.123248931593937794e+00 2.342585863744623520e+00
-2.485517264508009472e+00 2.275170115915230884e+00 -1.842113464334677042e+00 1.228737912106091068e+00 -4.950849319202809129e-01 -2.870304108613972449e-01 1.041049217169578656e+00 -1.693162872684972564e+00 2.179537949262829954e+00 -2.452564665633350405e+00 2.485517264509231605e+00 -2.275170115918233371e+00 1.842113464339163897e+00 -1.228737912111628861e+00 4.950849319263251891e-01 2.870304108554382894e-01 -1.041049217164280449e+00 1.693162872680862741e+00 -2.179537949260309304e+00 2.452564665632668284e+00
-2.104926201205015612e+00 2.015749879526027133e+00 -1.729257915084075226e+00 1.273494137465577714e+00 -6.930718807167235429e-01 4.480691936765529571e-02 6.078440554373112370e-01 -1.200995018997620178e+00 1.676584222274309699e+00 -1.988057680425895812e+00 2.104926201205352232e+00 -2.015749879527925170e+00 1.729257915087347275e+00 -1.273494137469906917e+00 6.930718807216846855e-01 -4.480691937276259917e-02 -6.078440554325506007e-01 1.200995018993679997e+00 -1.676584222271574331e+00 1.988057680424635265e+00
-2.402366900382117976e+00 2.204402125093977372e+00 -1.790655110829221019e+00 1.201626298088970701e+00 -4.949739310692112260e-01 -2.601299330097239793e-01 9.897704668139288842e-01 -1.622525371190211452e+00 2.096456187435665974e+00 -2.365171265186085670e+00 2.402366900383256620e+00 -2.204402125096840415e+00 1.790655110833526020e+00 -1.201626298094301548e+00 4.949739310750437826e-01 2.601299330039607005e-01 -9.897704668087913271e-01 1.622525371186211096e+00 -2.096456187433193286e+00 2.365171265185385341e+00
-2.862802069515221426e+00 2.617071212321213647e+00 -2.115163190658249537e+00 1.406208258685428536e+00 -5.596038647236080132e-01 -3.417784545067031887e-01 1.209705117299479493e+00 -1.959217414700028748e+00 2.516947860879656496e+00 -2.828301913829856407e+00 2.862802069516655390e+00 -2.617071212324696639e+00 2.115163190663437387e+00 -1.406208258691820978e+00 5.596038647305758840e-01 3.417784544998420104e-01 -1.209705117293387477e+00 1.959217414695312742e+00 -2.516947860876776577e+00 2.828301913829097014e+00
-3.136240191379038311e+00 2.807597496189051967e+00 -2.204127596390472732e+00 1.384902330397512538e+00 -4.301131751234978928e-01 -5.667784545062864998e-01 1.508189860031433849e+00 -2.301969133880306995e+00 2.870415630143296148e+00 -3.157885845166622296e+00 3.136240191381076237e+00 -2.807597496193298792e+00 2.204127596396509237e+00 -1.384902330404756521e+00 4.301131751312365914e-01 5.667784544988107021e-01 -1.508189860024942819e+00 2.301969133875448215e+00 -2.870415630140541907e+00 3.157885845166247041e+00
