5.272542485931652756e-01 -2.868033988732114348e-01 -6.319660112712725819e-02 3.890576474703373866e-01 -5.663118960630836307e-01 5.272542485933763290e-01 -2.868033988740548712e-01 -6.319660112597377810e-02 3.890576474693143716e-01 -5.663118960625816989e-01 5.272542485935874934e-01 -2.868033988748981411e-01 -6.319660112482028413e-02 3.890576474682914121e-01 -5.663118960620799891e-01 5.272542485937984358e-01 -2.868033988757415220e-01 -6.319660112366681792e-02 3.890576474672683416e-01 -5.663118960615781683e-01
-2.505901699435872487e+00 1.254634122149402842e+00 4.758610463518874734e-01 -2.024593469068749929e+00 2.800000000003115108e+00 -2.505901699437235841e+00 1.254634122153755360e+00 4.758610463462096263e-01 -2.024593469063914686e+00 2.800000000000969269e+00 -2.505901699438599639e+00 1.254634122158107212e+00 4.758610463405316127e-01 -2.024593469059079887e+00 2.799999999998824762e+00 -2.505901699439962993e+00 1.254634122162459064e+00 4.758610463348537656e-01 -2.024593469054244643e+00 2.799999999996678923e+00
-2.157294901687358379e+00 1.254634122151390363e+00 1.272542486002250506e-01 -1.460535821599181050e+00 2.235942352534471045e+00 -2.157294901687952127e+00 1.254634122154584031e+00 1.272542485956519587e-01 -1.460535821594974859e+00 2.235942352532238164e+00 -2.157294901688546318e+00 1.254634122157777476e+00 1.272542485910788668e-01 -1.460535821590768890e+00 2.235942352530006172e+00 -2.157294901689139621e+00 1.254634122160970700e+00 1.272542485865058581e-01 -1.460535821586562921e+00 2.235942352527773291e+00
2.674138953655825546e+00 -1.551847717649849079e+00 -1.631966011334335387e-01 1.815905365131955884e+00 -2.775000000003942091e+00 2.674138953656572948e+00 -1.551847717653818570e+00 -1.631966011277587447e-01 1.815905365126742721e+00 -2.775000000001182077e+00 2.674138953657320794e+00 -1.551847717657787618e+00 -1.631966011220839508e-01 1.815905365121530446e+00 -2.774999999998422950e+00 2.674138953658067752e+00 -1.551847717661756887e+00 -1.631966011164092678e-01 1.815905365116317283e+00 -2.774999999995662936e+00
3.326393202250633507e+00 -2.152708763993167906e+00 1.567627457713814954e-01 1.899061313164852605e+00 -3.229508497192667971e+00 3.326393202250824466e+00 -2.152708763997400965e+00 1.567627457780392530e-01 1.899061313158312503e+00 -3.229508497188743554e+00 3.326393202251015424e+00 -2.152708764001633135e+00 1.567627457846969552e-01 1.899061313151773067e+00 -3.229508497184820026e+00 3.326393202251205938e+00 -2.152708764005865749e+00 1.567627457913544631e-01 1.899061313145232965e+00 -3.229508497180896054e+00
1.946352549156180833e+00 -1.177912029464456722e+00 -4.045084972458973943e-02 1.243362879192443371e+00 -1.971352549159098633e+00 1.946352549156563860e+00 -1.177912029467192534e+00 -4.045084972054672351e-02 1.243362879188637082e+00 -1.971352549156982770e+00 1.946352549156947109e+00 -1.177912029469927679e+00 -4.045084971650373534e-02 1.243362879184831016e+00 -1.971352549154867351e+00 1.946352549157329692e+00 -1.177912029472663269e+00 -4.045084971246081657e-02 1.243362879181024505e+00 -1.971352549152751932e+00
-2.444959346905471342e+00 1.371478174119030280e+00 2.258610463513466282e-01 -1.736929023849929754e+00 2.584549150284587871e+00 -2.444959346906312003e+00 1.371478174122809701e+00 2.258610463460727080e-01 -1.736929023845175335e+00 2.584549150282168473e+00 -2.444959346907152664e+00 1.371478174126588678e+00 2.258610463407987323e-01 -1.736929023840421360e+00 2.584549150279750407e+00 -2.444959346907993325e+00 1.371478174130367877e+00 2.258610463355248676e-01 -1.736929023835666941e+00 2.584549150277331453e+00
9.045084971881460489e-02 -6.094235253124698215e-02 8.155948031157116487e-03 4.774575140634280263e-02 -8.541019662503580856e-02 9.045084971881181546e-02 -6.094235253135445868e-02 8.155948031333811951e-03 4.774575140616436897e-02 -8.541019662492377318e-02 9.045084971880899827e-02 -6.094235253146192133e-02 8.155948031510502211e-03 4.774575140598594919e-02 -8.541019662481179331e-02 9.045084971880616720e-02 -6.094235253156939092e-02 8.155948031687190736e-03 4.774575140580751553e-02 -8.541019662469977181e-02
-2.210410196623659562e+00 1.158813728900485396e+00 3.354101966318908667e-01 -1.701518827224049568e+00 2.417705098315062973e+00 -2.210410196624689405e+00 1.158813728904159124e+00 3.354101966269765200e-01 -1.701518827219771435e+00 2.417705098313054801e+00 -2.210410196625719248e+00 1.158813728907832630e+00 3.354101966220621733e-01 -1.701518827215493745e+00 2.417705098311047518e+00 -2.210410196626748647e+00 1.158813728911506358e+00 3.354101966171478821e-01 -1.701518827211215612e+00 2.417705098309039791e+00
-6.809016994373648934e-01 4.076237921235134620e-01 2.135254915814358695e-02 -4.421729424077709414e-01 6.940983005633180047e-01 -6.809016994375136633e-01 4.076237921244845741e-01 2.135254915672116921e-02 -4.421729424064405056e-01 6.940983005625877000e-01 -6.809016994376625442e-01 4.076237921254556862e-01 2.135254915529875841e-02 -4.421729424051101254e-01 6.940983005618575064e-01 -6.809016994378112031e-01 4.076237921264267428e-01 2.135254915387637190e-02 -4.421729424037796341e-01 6.940983005611272016e-01
-2.197745751405989267e+00 1.275125624963789672e+00 1.345491502878159995e-01 -1.492830723286689532e+00 2.280901699440616603e+00 -2.197745751406604331e+00 1.275125624967052840e+00 1.345491502831517028e-01 -1.492830723282405181e+00 2.280901699438348640e+00 -2.197745751407219394e+00 1.275125624970315563e+00 1.345491502784873783e-01 -1.492830723278121496e+00 2.280901699436081120e+00 -2.197745751407834458e+00 1.275125624973578509e+00 1.345491502738231371e-01 -1.492830723273837146e+00 2.280901699433813601e+00
4.762335554782094249e+00 -3.026973342615059792e+00 1.354101966107894572e-01 2.807875042074874372e+00 -4.678647450851304512e+00 4.762335554782549885e+00 -3.026973342621294805e+00 1.354101966204205587e-01 2.807875042065524962e+00 -4.678647450845807576e+00 4.762335554783006408e+00 -3.026973342627528485e+00 1.354101966300515214e-01 2.807875042056175996e+00 -4.678647450840311528e+00 4.762335554783462044e+00 -3.026973342633762609e+00 1.354101966396822621e-01 2.807875042046827030e+00 -4.678647450834815480e+00
-2.044959346905168562e+00 1.061067977494662973e+00 3.281152949439795075e-01 -1.591969676942614154e+00 2.247745751408907200e+00 -2.044959346906157549e+00 1.061067977498096671e+00 3.281152949394131602e-01 -1.591969676938659095e+00 2.247745751407073556e+00 -2.044959346907146980e+00 1.061067977501530146e+00 3.281152949348467573e-01 -1.591969676934704259e+00 2.247745751405240799e+00 -2.044959346908135522e+00 1.061067977504963622e+00 3.281152949302804656e-01 -1.591969676930749200e+00 2.247745751403408043e+00
-2.430040653093192393e+00 1.365044318775371135e+00 2.213525491638137221e-01 -1.723200266818659010e+00 2.566844051972229757e+00 -2.430040653094021952e+00 1.365044318779121246e+00 2.213525491585754956e-01 -1.723200266813933013e+00 2.566844051969821461e+00 -2.430040653094851066e+00 1.365044318782870914e+00 2.213525491533371858e-01 -1.723200266809207459e+00 2.566844051967413609e+00 -2.430040653095680181e+00 1.365044318786621025e+00 2.213525491480989871e-01 -1.723200266804481684e+00 2.566844051965005313e+00
-1.940450849719083104e+00 1.226518827214738705e+00 -4.409830055676924876e-02 -1.155166278067528474e+00 1.913196601128085428e+00 -1.940450849719292048e+00 1.226518827217300656e+00 -4.409830056070584980e-02 -1.155166278063720853e+00 1.913196601125860541e+00 -1.940450849719500548e+00 1.226518827219862384e+00 -4.409830056464240922e-02 -1.155166278059913232e+00 1.913196601123636542e+00 -1.940450849719708826e+00 1.226518827222424113e+00 -4.409830056857889924e-02 -1.155166278056105611e+00 1.913196601121412099e+00
-2.183155948031215932e+00 1.348732422713976087e+00 8.610463501823872878e-04 -1.350125624974201077e+00 2.183688103940679692e+00 -2.183155948031554328e+00 1.348732422716957258e+00 8.610463456971140239e-04 -1.350125624969924942e+00 2.183688103938245639e+00 -2.183155948031892724e+00 1.348732422719938207e+00 8.610463412118685156e-04 -1.350125624965649029e+00 2.183688103935812030e+00 -2.183155948032230675e+00 1.348732422722919377e+00 8.610463367267201518e-04 -1.350125624961372672e+00 2.183688103933377977e+00
-2.900000000000059863e+00 1.730495168493633162e+00 1.000000000088016594e-01 -1.892298567382561858e+00 2.961803398879510940e+00 -2.900000000000712230e+00 1.730495168497786951e+00 1.000000000027334024e-01 -1.892298567376896612e+00 2.961803398876412530e+00 -2.900000000001364597e+00 1.730495168501940517e+00 9.999999999666515926e-02 -1.892298567371232254e+00 2.961803398873315007e+00 -2.900000000002016964e+00 1.730495168506094084e+00 9.999999999059702716e-02 -1.892298567365567008e+00 2.961803398870217485e+00
-3.036803398874604820e+00 1.782749417086801458e+00 1.522542486029717368e-01 -2.029101966257689682e+00 3.130901699441858366e+00 -3.036803398875385973e+00 1.782749417091244570e+00 1.522542485965641956e-01 -2.029101966251764644e+00 3.130901699438678687e+00 -3.036803398876166682e+00 1.782749417095687017e+00 1.522542485901566822e-01 -2.029101966245840050e+00 3.130901699435499896e+00 -3.036803398876947391e+00 1.782749417100129463e+00 1.522542485837492798e-01 -2.029101966239915011e+00 3.130901699432320662e+00
-1.158155948030210380e+00 5.025831390277799571e-01 3.449593469102730792e-01 -1.060739087065576181e+00 1.371352549157751621e+00 -1.158155948031097449e+00 5.025831390300363744e-01 3.449593469075095120e-01 -1.060739087063360619e+00 1.371352549156930500e+00 -1.158155948031984517e+00 5.025831390322925696e-01 3.449593469047458894e-01 -1.060739087061145502e+00 1.371352549156110046e+00 -1.158155948032871585e+00 5.025831390345487648e-01 3.449593469019822667e-01 -1.060739087058930163e+00 1.371352549155288925e+00
-2.775000000000084288e+00 1.687790070181383273e+00 4.409830057098920730e-02 -1.759142619351041992e+00 2.802254248598058162e+00 -2.775000000000602984e+00 1.687790070185257063e+00 4.409830056524004921e-02 -1.759142619345613001e+00 2.802254248595023256e+00 -2.775000000001121236e+00 1.687790070189130631e+00 4.409830055949091887e-02 -1.759142619340184455e+00 2.802254248591988350e+00 -2.775000000001639044e+00 1.687790070193003977e+00 4.409830055374189955e-02 -1.759142619334755686e+00 2.802254248588953889e+00
