-4.599999999997694822e+00 -5.799999999997048405e+00 4.599999999998019007e+00 5.799999999997735856e+00 -4.599999999998343192e+00 -5.799999999998423306e+00 4.599999999998669153e+00 5.799999999999105427e+00 -4.599999999998995115e+00 -5.799999999999799094e+00 4.599999999999319300e+00 5.800000000000476774e+00 -4.599999999999643485e+00 -5.800000000001172218e+00 4.599999999999979217e+00 5.800000000001849898e+00 -4.600000000000293632e+00 -5.800000000002544454e+00 4.600000000000608935e+00 5.800000000003222134e+00
5.999999999994600763e-01 9.499999999990026422e-01 -5.999999999994978239e-01 -9.499999999991116661e-01 5.999999999995357935e-01 9.499999999992206901e-01 -5.999999999995737632e-01 -9.499999999993289368e-01 5.999999999996117328e-01 9.499999999994387379e-01 -5.999999999996494804e-01 -9.499999999995465405e-01 5.999999999996874500e-01 9.499999999996565636e-01 -5.999999999997269740e-01 -9.499999999997643663e-01 5.999999999997631672e-01 9.499999999998742783e-01 -5.999999999997993605e-01 -9.499999999999818590e-01
-2.049999999999172484e+00 -2.699999999998668798e+00 2.049999999999314149e+00 2.699999999998985878e+00 -2.049999999999456257e+00 -2.699999999999303846e+00 2.049999999999598810e+00 2.699999999999619149e+00 -2.049999999999740918e+00 -2.699999999999940226e+00 2.049999999999883027e+00 2.700000000000254197e+00 -2.050000000000025135e+00 -2.700000000000575273e+00 2.050000000000171685e+00 2.700000000000889244e+00 -2.050000000000309353e+00 -2.700000000001209877e+00 2.050000000000446576e+00 2.700000000001523404e+00
-2.449999999998794920e+00 -1.749999999999177769e+00 2.449999999998998756e+00 1.749999999999409583e+00 -2.449999999999202593e+00 -1.749999999999641842e+00 2.449999999999406874e+00 1.749999999999871214e+00 -2.449999999999611600e+00 -1.750000000000107025e+00 2.449999999999815437e+00 1.750000000000334621e+00 -2.450000000000019718e+00 -1.750000000000570877e+00 2.450000000000227107e+00 1.750000000000797806e+00 -2.450000000000428280e+00 -1.750000000001034062e+00 2.450000000000629008e+00 1.750000000001261213e+00
3.399999999998431388e+00 3.049999999997995204e+00 -3.399999999998700062e+00 -3.049999999998378897e+00 3.399999999998968736e+00 3.049999999998763478e+00 -3.399999999999238298e+00 -3.049999999999143618e+00 3.399999999999506972e+00 3.049999999999533529e+00 -3.399999999999776090e+00 -3.049999999999911005e+00 3.400000000000044764e+00 3.050000000000300915e+00 -3.400000000000318767e+00 -3.050000000000678391e+00 3.400000000000582556e+00 3.050000000001068301e+00 -3.400000000000845901e+00 -3.050000000001445333e+00
3.799999999998158184e+00 3.099999999998130029e+00 -3.799999999998465494e+00 -3.099999999998528821e+00 3.799999999998773248e+00 3.099999999998927169e+00 -3.799999999999081002e+00 -3.099999999999321521e+00 3.799999999999389200e+00 3.099999999999726086e+00 -3.799999999999696954e+00 -3.100000000000117772e+00 3.800000000000004263e+00 3.100000000000521894e+00 -3.800000000000316902e+00 -3.100000000000913580e+00 3.800000000000619771e+00 3.100000000001317702e+00 -3.800000000000921752e+00 -3.100000000001708944e+00
2.199999999998521805e+00 2.499999999998402167e+00 -2.199999999998683453e+00 -2.499999999998703260e+00 2.199999999998845546e+00 2.499999999999004796e+00 -2.199999999999007194e+00 -2.499999999999303224e+00 2.199999999999169287e+00 2.499999999999607869e+00 -2.199999999999331379e+00 -2.499999999999904965e+00 2.199999999999492584e+00 2.500000000000210054e+00 -2.199999999999659117e+00 -2.500000000000507150e+00 2.199999999999816325e+00 2.500000000000811795e+00 -2.199999999999973532e+00 -2.500000000001108003e+00
-1.749999999998954836e+00 -1.999999999999054534e+00 1.749999999999083178e+00 1.999999999999295452e+00 -1.749999999999211520e+00 -1.999999999999536149e+00 1.749999999999340083e+00 1.999999999999774847e+00 -1.749999999999468647e+00 -2.000000000000018652e+00 1.749999999999596989e+00 2.000000000000255795e+00 -1.749999999999725553e+00 -2.000000000000499600e+00 1.749999999999857447e+00 2.000000000000736744e+00 -1.749999999999982458e+00 -2.000000000000980105e+00 1.750000000000107025e+00 2.000000000001217693e+00
-1.543765115741280169e-13 -2.999999999999529710e-01 1.474098620946051597e-13 2.999999999999830025e-01 -1.404154570394666735e-13 -3.000000000000130340e-01 1.334765631355594451e-13 3.000000000000430100e-01 -1.265376692316522167e-13 -3.000000000000729861e-01 1.195710197521293594e-13 3.000000000001029066e-01 -1.125766146969908732e-13 -3.000000000001328826e-01 1.061373211541649653e-13 3.000000000001629141e-01 -9.867107131356078753e-14 -3.000000000001928901e-01 9.114931032172535197e-14 3.000000000002228107e-01
-1.399999999999349320e+00 -2.299999999999017053e+00 1.399999999999435918e+00 2.299999999999279954e+00 -1.399999999999522293e+00 -2.299999999999542855e+00 1.399999999999608891e+00 2.299999999999803535e+00 -1.399999999999695710e+00 -2.300000000000068212e+00 1.399999999999782085e+00 2.300000000000328448e+00 -1.399999999999868239e+00 -2.300000000000593126e+00 1.399999999999958833e+00 2.300000000000852918e+00 -1.400000000000041211e+00 -2.300000000001117595e+00 1.400000000000123812e+00 2.300000000001376943e+00
-2.499999999998848144e-01 -6.499999999998149480e-01 2.499999999998947231e-01 6.499999999998857803e-01 -2.499999999999045486e-01 -6.499999999999566125e-01 2.499999999999145128e-01 6.500000000000271116e-01 -2.499999999999243938e-01 -6.500000000000982769e-01 2.499999999999343026e-01 6.500000000001686651e-01 -2.499999999999441280e-01 -6.500000000002397194e-01 2.499999999999551747e-01 6.500000000003101075e-01 -2.499999999999639178e-01 -6.500000000003812728e-01 2.499999999999726885e-01 6.500000000004515499e-01
-1.849999999999142553e+00 -1.899999999999111733e+00 1.849999999999283329e+00 1.899999999999344880e+00 -1.849999999999424105e+00 -1.899999999999577804e+00 1.849999999999564881e+00 1.899999999999808731e+00 -1.849999999999705880e+00 -1.900000000000044986e+00 1.849999999999846434e+00 1.900000000000274580e+00 -1.849999999999986988e+00 -1.900000000000510614e+00 1.850000000000131095e+00 1.900000000000739986e+00 -1.850000000000268541e+00 -1.900000000000976241e+00 1.850000000000405986e+00 1.900000000001205391e+00
4.849999999997466560e+00 4.649999999997683986e+00 -4.849999999997843148e+00 -4.649999999998262190e+00 4.849999999998219735e+00 4.649999999998839506e+00 -4.849999999998597211e+00 -4.649999999999412381e+00 4.849999999998973799e+00 4.649999999999998579e+00 -4.849999999999350386e+00 -4.650000000000567013e+00 4.849999999999726086e+00 4.650000000001152323e+00 -4.850000000000111555e+00 -4.650000000001720757e+00 4.850000000000479261e+00 4.650000000002306955e+00 -4.850000000000847855e+00 -4.650000000002874501e+00
-1.549999999999422950e+00 -2.549999999998671552e+00 1.549999999999518430e+00 2.549999999998963318e+00 -1.549999999999614131e+00 -2.549999999999254197e+00 1.549999999999710054e+00 2.549999999999543299e+00 -1.549999999999805755e+00 -2.549999999999836842e+00 1.549999999999901235e+00 2.550000000000125056e+00 -1.549999999999996936e+00 -2.550000000000418154e+00 1.550000000000097078e+00 2.550000000000706368e+00 -1.550000000000188560e+00 -2.550000000000999911e+00 1.550000000000279377e+00 2.550000000001287681e+00
-2.549999999998807887e+00 -2.449999999998887290e+00 2.549999999999005507e+00 2.449999999999191491e+00 -2.549999999999203126e+00 -2.449999999999496136e+00 2.549999999999401634e+00 2.449999999999797229e+00 -2.549999999999599698e+00 -2.450000000000105871e+00 2.549999999999797318e+00 2.450000000000405187e+00 -2.549999999999995381e+00 -2.450000000000714273e+00 2.550000000000197886e+00 2.450000000001013589e+00 -2.550000000000391509e+00 -2.450000000001321787e+00 2.550000000000584688e+00 2.450000000001621103e+00
-1.849999999999281775e+00 -1.799999999999116085e+00 1.849999999999424549e+00 1.799999999999339018e+00 -1.849999999999567768e+00 -1.799999999999562172e+00 1.849999999999710765e+00 1.799999999999783107e+00 -1.849999999999853983e+00 -1.800000000000009148e+00 1.849999999999996980e+00 1.800000000000228750e+00 -1.850000000000139977e+00 -1.800000000000454792e+00 1.850000000000286082e+00 1.800000000000674394e+00 -1.850000000000426192e+00 -1.800000000000900435e+00 1.850000000000565858e+00 1.800000000001119815e+00
-1.899999999999185674e+00 -2.499999999999111377e+00 1.899999999999317346e+00 2.499999999999405809e+00 -1.899999999999449019e+00 -2.499999999999700240e+00 1.899999999999581135e+00 2.499999999999992006e+00 -1.899999999999713252e+00 -2.500000000000289546e+00 1.899999999999844924e+00 2.500000000000579981e+00 -1.899999999999976374e+00 -2.500000000000877076e+00 1.900000000000112488e+00 2.500000000001167955e+00 -1.900000000000240163e+00 -2.500000000001465050e+00 1.900000000000367395e+00 2.500000000001755485e+00
-2.849999999998810374e+00 -2.699999999998269118e+00 2.849999999999032418e+00 2.699999999998605738e+00 -2.849999999999254463e+00 -2.699999999998941913e+00 2.849999999999476508e+00 2.699999999999275424e+00 -2.849999999999699440e+00 -2.699999999999616040e+00 2.849999999999921485e+00 2.699999999999946887e+00 -2.850000000000143086e+00 -2.700000000000287947e+00 2.850000000000370015e+00 2.700000000000618794e+00 -2.850000000000587619e+00 -2.700000000000959854e+00 2.850000000000804778e+00 2.700000000001290701e+00
-1.899999999999272049e+00 -2.799999999998687983e+00 1.899999999999396616e+00 2.799999999999012168e+00 -1.899999999999521183e+00 -2.799999999999336353e+00 1.899999999999646638e+00 2.799999999999658762e+00 -1.899999999999771649e+00 -2.799999999999985612e+00 1.899999999999896216e+00 2.800000000000306244e+00 -1.900000000000021227e+00 -2.800000000000633538e+00 1.900000000000150902e+00 2.800000000000954170e+00 -1.900000000000270806e+00 -2.800000000001281020e+00 1.900000000000390710e+00 2.800000000001601652e+00
-6.499999999997297939e-01 -1.049999999999378097e+00 6.499999999997703171e-01 1.049999999999498224e+00 -6.499999999998107292e-01 -1.049999999999618350e+00 6.499999999998514744e-01 1.049999999999737810e+00 -6.499999999998922195e-01 -1.049999999999858824e+00 6.499999999999326317e-01 1.049999999999977618e+00 -6.499999999999731548e-01 -1.050000000000098854e+00 6.500000000000155653e-01 1.050000000000217870e+00 -6.500000000000543121e-01 -1.050000000000339107e+00 6.500000000000929479e-01 1.050000000000457678e+00
