-1.104101966250516237e-01 1.977457514064341337e-01 -1.180339887494952916e-02 -1.904508497189862926e-01 1.295084971875455626e-01 1.104101966252281075e-01 -1.977457514065000255e-01 1.180339887481361184e-02 1.904508497191360894e-01 -1.295084971875024027e-01 -1.104101966254045913e-01 1.977457514065660560e-01 -1.180339887467751064e-02 -1.904508497192860805e-01 1.295084971874590207e-01 1.104101966255814082e-01 -1.977457514066319200e-01 1.180339887454212242e-02 1.904508497194357663e-01 -1.295084971874161106e-01
2.814386537904399521e+00 9.934405196797200244e-01 -3.428366544868206134e+00 1.125406530940978422e+00 2.732827057586503905e+00 -2.814386537904489671e+00 -9.934405196825176754e-01 3.428366544870022903e+00 -1.125406530939307537e+00 -2.732827057589352293e+00 2.814386537904578933e+00 9.934405196853045572e-01 -3.428366544871839228e+00 1.125406530937630878e+00 2.732827057592204678e+00 -2.814386537904665531e+00 -9.934405196881039846e-01 3.428366544873655108e+00 -1.125406530935965765e+00 -2.732827057595049070e+00
2.563525491561075231e+00 1.446555814617055624e+00 -3.457546151618446029e+00 6.903252247535475172e-01 3.030901699430195162e+00 -2.563525491560761704e+00 -1.446555814620005931e+00 3.457546151619953267e+00 -6.903252247515327955e-01 -3.030901699432946295e+00 2.563525491560447289e+00 1.446555814622945579e+00 -3.457546151621458730e+00 6.903252247495119676e-01 3.030901699435701424e+00 -2.563525491560129765e+00 -1.446555814625897662e+00 3.457546151622965969e+00 -6.903252247475030190e-01 -3.030901699438449448e+00
-5.800125624966868010e+00 -1.693643785137532998e+00 6.846855049017743333e+00 -2.537945351197532950e+00 -5.278318560389799963e+00 5.800125624967312099e+00 1.693643785143036373e+00 -6.846855049021584705e+00 2.537945351194411447e+00 5.278318560395567793e+00 -5.800125624967754412e+00 -1.693643785148517766e+00 6.846855049025423412e+00 -2.537945351191278842e+00 -5.278318560401343618e+00 5.800125624968192284e+00 1.693643785154024695e+00 -6.846855049029261231e+00 2.537945351188168441e+00 5.278318560407103455e+00
1.081433855340614869e+00 -4.801662780638811245e-01 -7.846747752459225511e-01 9.651219592804876068e-01 1.881966011220450041e-01 -1.081433855341279227e+00 4.801662780634457506e-01 7.846747752468560266e-01 -9.651219592806294933e-01 -1.881966011228897173e-01 1.081433855341943362e+00 -4.801662780630133742e-01 -7.846747752477899462e-01 9.651219592807709358e-01 1.881966011237363734e-01 -1.081433855342608163e+00 4.801662780625773896e-01 7.846747752487213123e-01 -9.651219592809139325e-01 -1.881966011245791992e-01
-2.186803398875734494e+00 -1.391186271084850379e+00 3.046603799088568820e+00 -4.917184270055412476e-01 -2.742705098305236788e+00 2.186803398875351689e+00 1.391186271087483828e+00 -3.046603799089811382e+00 4.917184270036795146e-01 2.742705098307629985e+00 -2.186803398874968885e+00 -1.391186271090107951e+00 3.046603799091053055e+00 -4.917184270018124526e-01 -2.742705098310024958e+00 2.186803398874582527e+00 1.391186271092742732e+00 -3.046603799092295617e+00 4.917184269999560486e-01 2.742705098312415046e+00
-2.057294901688671018e+00 -1.336677773898562460e+00 2.883407197964685587e+00 -4.453658778488537862e-01 -2.608155948025344006e+00 2.057294901688290434e+00 1.336677773901060906e+00 -2.883407197965846880e+00 4.453658778470770407e-01 2.608155948027603088e+00 -2.057294901687909849e+00 -1.336677773903550248e+00 2.883407197967007285e+00 -4.453658778452951328e-01 -2.608155948029864390e+00 2.057294901687526156e+00 1.336677773906049582e+00 -2.883407197968169022e+00 4.453658778435233279e-01 2.608155948032120808e+00
4.156433855341108874e+00 9.342979003326878917e-01 -4.733861713365040913e+00 1.991389536567575558e+00 3.503115294926754331e+00 -4.156433855341631123e+00 -9.342979003364241253e-01 4.733861713367870649e+00 -1.991389536565592699e+00 -3.503115294930806201e+00 4.156433855342152484e+00 9.342979003401453708e-01 -4.733861713370697721e+00 1.991389536563602292e+00 3.503115294934864288e+00 -4.156433855342671180e+00 -9.342979003438842689e-01 4.733861713373523905e+00 -1.991389536561627205e+00 -3.503115294938910385e+00
3.798277907310318557e+00 1.348355547801531440e+00 -4.631607464771661853e+00 1.514135287973876753e+00 3.695820393239454660e+00 -3.798277907310434465e+00 -1.348355547805313082e+00 4.631607464774111449e+00 -1.514135287971614785e+00 -3.695820393243300916e+00 3.798277907310549484e+00 1.348355547809079846e+00 -4.631607464776560157e+00 1.514135287969345267e+00 3.695820393247152502e+00 -3.798277907310661838e+00 -1.348355547812863708e+00 4.631607464779007977e+00 -1.514135287967091070e+00 -3.695820393250993874e+00
1.569630456466978075e+00 5.335624789628552467e-01 -1.899390203587890014e+00 6.403252247525511587e-01 1.503647450837418242e+00 -1.569630456467043134e+00 -5.335624789644004551e-01 1.899390203588908976e+00 -6.403252247516378892e-01 -1.503647450839000754e+00 1.569630456467108193e+00 5.335624789659396683e-01 -1.899390203589927273e+00 6.403252247507215111e-01 1.503647450840585709e+00 -1.569630456467171475e+00 -5.335624789674856538e-01 1.899390203590945569e+00 -6.403252247498114613e-01 -1.503647450842166222e+00
-1.981762745781465496e+00 -1.030243918554905269e+00 2.618488504151477159e+00 -5.880709761608388098e-01 -2.255040653087407865e+00 1.981762745781287416e+00 1.030243918557120608e+00 -2.618488504152666874e+00 5.880709761593614360e-01 2.255040653089509739e+00 -1.981762745781108670e+00 -1.030243918559327954e+00 2.618488504153854812e+00 -5.880709761578793993e-01 -2.255040653091613834e+00 1.981762745780927482e+00 1.030243918561544847e+00 -2.618488504155043639e+00 5.880709761564063554e-01 2.255040653093712599e+00
-3.081559480308063703e-01 2.786474508433411379e-01 1.359423525312254966e-01 -3.626644452182890555e-01 8.819660112470049940e-02 3.081559480310992472e-01 -2.786474508433223196e-01 -1.359423525315302250e-01 3.626644452184585865e-01 -8.819660112450090905e-02 -3.081559480313921795e-01 2.786474508433041675e-01 1.359423525318352033e-01 -3.626644452186280621e-01 8.819660112430066645e-02 3.081559480316855004e-01 -2.786474508432851827e-01 -1.359423525321390158e-01 3.626644452187976486e-01 -8.819660112410164510e-02
-1.429508497189124760e+00 -1.934220259835441880e+00 2.624922359495987401e+00 3.119290238382785851e-01 -2.817705098306098055e+00 1.429508497188125560e+00 1.934220259837923894e+00 -2.624922359496520308e+00 -3.119290238404278659e-01 2.817705098307959233e+00 -1.429508497187126581e+00 -1.934220259840398359e+00 2.624922359497050550e+00 3.119290238425824757e-01 -2.817705098309821743e+00 1.429508497186123828e+00 1.934220259842881262e+00 -2.624922359497585234e+00 -3.119290238447268715e-01 2.817705098311681144e+00
-2.809016994375590492e-01 -2.159830056231802631e-01 4.143865379050586384e-01 -4.012195928241470144e-02 -3.895898033733804500e-01 2.809016994374826104e-01 2.159830056235462203e-01 -4.143865379052080744e-01 4.012195928214164209e-02 3.895898033736986399e-01 -2.809016994374061715e-01 -2.159830056239109286e-01 4.143865379053573439e-01 -4.012195928186783334e-02 -3.895898033740171074e-01 2.809016994373292331e-01 2.159830056242770246e-01 -4.143865379055068909e-01 4.012195928159550951e-02 3.895898033743349642e-01
-2.065450849718386994e+00 -7.116777738990094360e-01 2.505291903026120259e+00 -8.366777739103878897e-01 -1.988196601118585427e+00 2.065450849718465598e+00 7.116777739010498038e-01 -2.505291903027458744e+00 8.366777739091774135e-01 1.988196601120670648e+00 -2.065450849718544202e+00 -7.116777739030821781e-01 2.505291903028796341e+00 -8.366777739079629406e-01 -1.988196601122758977e+00 2.065450849718620585e+00 7.116777739051236562e-01 -2.505291903030133494e+00 8.366777739067567943e-01 1.988196601124841534e+00
5.047416860966875696e+00 1.716796067483866928e+00 -6.108455182424759045e+00 2.058436854008491412e+00 4.836271242953779748e+00 -5.047416860967084418e+00 -1.716796067488836064e+00 6.108455182428036423e+00 -2.058436854005553762e+00 -4.836271242958869010e+00 5.047416860967292251e+00 1.716796067493786326e+00 -6.108455182431311137e+00 2.058436854002605898e+00 4.836271242963965378e+00 -5.047416860967495644e+00 -1.716796067498758793e+00 6.108455182434584074e+00 -2.058436853999678462e+00 -4.836271242969048423e+00
-2.228976341281658780e+00 -1.345162612366440191e+00 3.060332556119908176e+00 -5.462269241926148711e-01 -2.722745751399300307e+00 2.228976341281321716e+00 1.345162612369070310e+00 -3.060332556121194703e+00 5.462269241907835582e-01 2.722745751401718373e+00 -2.228976341280984652e+00 -1.345162612371691324e+00 3.060332556122479897e+00 -5.462269241889468052e-01 -2.722745751404138659e+00 2.228976341280644924e+00 1.345162612374322775e+00 -3.060332556123766867e+00 5.462269241871208214e-01 2.722745751406553616e+00
-2.628647450843578426e+00 -1.059955681209729494e+00 3.283736088400068809e+00 -9.695048315052633425e-01 -2.684549150273448426e+00 2.628647450843565991e+00 1.059955681212440659e+00 -3.283736088401730147e+00 9.695048315035825759e-01 2.684549150276147156e+00 -2.628647450843553113e+00 -1.059955681215141610e+00 3.283736088403390152e+00 -9.695048315018962581e-01 -2.684549150278849439e+00 2.628647450843537570e+00 1.059955681217854329e+00 -3.283736088405050157e+00 9.695048315002210426e-01 2.684549150281544172e+00
-1.986271242969360307e+00 -1.023810063211664234e+00 2.619020660058551275e+00 -5.948337219419664867e-01 -2.251393202244471148e+00 1.986271242969188000e+00 1.023810063213878241e+00 -2.619020660059745431e+00 5.948337219404936649e-01 2.251393202246575242e+00 -1.986271242969015471e+00 -1.023810063216084254e+00 2.619020660060938699e+00 -5.948337219390164021e-01 -2.251393202248681558e+00 1.986271242968840278e+00 1.023810063218299371e+00 -2.619020660062132411e+00 5.948337219375480212e-01 2.251393202250782100e+00
-2.274467844093965407e+00 -1.551596467710533167e+00 3.233407197963511059e+00 -4.467590800985059563e-01 -2.957294901680754151e+00 2.274467844093491120e+00 1.551596467713349803e+00 -3.233407197964774937e+00 4.467590800964744702e-01 2.957294901683273025e+00 -2.274467844093016389e+00 -1.551596467716156447e+00 3.233407197966037483e+00 -4.467590800944370999e-01 -2.957294901685794564e+00 2.274467844092538105e+00 1.551596467718974637e+00 -3.233407197967302249e+00 4.467590800924112759e-01 2.957294901688310773e+00
