2.576777976125776082e+00 5.238174521312188858e+00 3.581065488997820623e+00 -1.028379557458374505e+00 -4.789998164263550962e+00 -4.602601001466269715e+00 -6.206838174342281800e-01 3.872943413016725955e+00 5.173601859703342853e+00 2.208990335717144315e+00 -2.576777976120231184e+00 -5.238174521308000209e+00 -3.581065488998437019e+00 1.028379557453464654e+00 4.789998164258388869e+00 4.602601001465113306e+00 6.206838174380320261e-01 -3.872943413011097125e+00 -5.173601859700533545e+00 -2.208990335719462461e+00
1.974564212322873269e+00 4.552028048351131062e+00 3.376665697362592145e+00 -5.825194506871053113e-01 -4.061458381936930984e+00 -4.192011228717530180e+00 -8.665463734330706158e-01 3.173324871253927260e+00 4.597013493545039964e+00 2.230788600937290145e+00 -1.974564212318085543e+00 -4.552028048347224853e+00 -3.376665697362785767e+00 5.825194506829758367e-01 4.061458381932263606e+00 4.192011228716174820e+00 8.665463734361457115e-01 -3.173324871248956569e+00 -4.597013493542275064e+00 -2.230788600939003441e+00
-3.865850963445932820e+00 -1.070104550410294664e+01 -8.713982499399902437e+00 4.571447003370869844e-01 9.251388325442301053e+00 1.041851454151490941e+01 2.996310071153788890e+00 -6.896140799274083300e+00 -1.110320979024516497e+01 -6.156465136358447943e+00 3.865850963434767085e+00 1.070104550409299016e+01 8.713982499399353543e+00 -4.571447003277815391e-01 -9.251388325430799142e+00 -1.041851454151070122e+01 -2.996310071160341870e+00 6.896140799262166610e+00 1.110320979023772026e+01 6.156465136361593871e+00
2.280506786280366516e+00 2.123312834903880564e+00 2.155971544397048412e-01 -1.869863179271809006e+00 -2.413753155601137124e+00 -9.676738358021063080e-01 1.276184336173218581e+00 2.467918499820585865e+00 1.625027859935690211e+00 -5.575836785509658000e-01 -2.280506786277976428e+00 -2.123312834903419155e+00 -2.155971544415526964e-01 1.869863179269177778e+00 2.413753155599889233e+00 9.676738358032692666e-01 -1.276184336170600897e+00 -2.467918499818673617e+00 -1.625027859936059693e+00 5.575836785486213421e-01
-1.473967733416167825e+00 -4.735253895097202737e+00 -4.092657077381519848e+00 -7.595305045420575052e-02 4.003368911533724095e+00 4.782195461825773819e+00 1.618439020549437224e+00 -2.879606285797754683e+00 -5.003619234950596351e+00 -3.002500902984707842e+00 1.473967733411254422e+00 4.735253895092559340e+00 4.092657077380970954e+00 7.595305045820055501e-02 -4.003368911528472296e+00 -4.782195461823599558e+00 -1.618439020552131291e+00 2.879606285792410958e+00 5.003619234947012551e+00 3.002500902985830944e+00
-2.053666335750574667e+00 -5.112003057934656702e+00 -3.955853678505995230e+00 4.616181530282382761e-01 4.498518363586438085e+00 4.826707349537998404e+00 1.175616430794683032e+00 -3.444687348789603032e+00 -5.225089275548657319e+00 -2.697773487369260259e+00 2.053666335745216731e+00 5.112003057930107452e+00 3.955853678506000559e+00 -4.616181530236857511e-01 -4.498518363581085033e+00 -4.826707349536261127e+00 -1.175616430797993939e+00 3.444687348783972425e+00 5.225089275545353296e+00 2.697773487370997980e+00
4.245247086743399123e+00 7.967910806507883414e+00 5.121593840551903476e+00 -1.947116151089760994e+00 -7.410566156773365165e+00 -6.764526845089061879e+00 -5.416120797877680415e-01 6.127823659162674019e+00 7.745300830797423153e+00 2.977323546661291509e+00 -4.245247086734927677e+00 -7.967910806501836696e+00 -5.121593840553262389e+00 1.947116151082123325e+00 7.410566156765735712e+00 6.764526845087733165e+00 5.416120797938375198e-01 -6.127823659154209679e+00 -7.745300830793546254e+00 -2.977323546665187504e+00
4.322142554304423179e+00 8.053870966626067940e+00 5.145750601795230139e+00 -2.004678335203975426e+00 -7.502391323840851278e+00 -6.814911618957980366e+00 -5.090177667607811429e-01 6.216525346043321854e+00 7.816981604574262832e+00 2.972887663178540141e+00 -4.322142554295856698e+00 -8.053870966619987470e+00 -5.145750601796644119e+00 2.004678335196239836e+00 7.502391323833160541e+00 6.814911618956677408e+00 5.090177667669431028e-01 -6.216525346034775801e+00 -7.816981604570383269e+00 -2.972887663182513407e+00
3.088192703372084402e+00 5.457349227882876797e+00 3.327306082147154953e+00 -1.545866337983656802e+00 -5.144580953111091759e+00 -4.501951288943718765e+00 -1.477801952502670879e-01 4.328225250245059108e+00 5.235914136638343486e+00 1.826960973327193427e+00 -3.088192703366261505e+00 -5.457349227878915521e+00 -3.327306082148318911e+00 1.545866337978332172e+00 5.144580953105989174e+00 4.501951288943047302e+00 1.477801952545813036e-01 -4.328225250239315258e+00 -5.235914136635908989e+00 -1.826960973330067350e+00
-1.927118949569606832e+00 -4.162202596274361177e+00 -2.965843656717889409e+00 6.756442722257203215e-01 3.760111134737823768e+00 3.744631471733774308e+00 6.419671739736297900e-01 -2.989953797098063859e+00 -4.156868667913929727e+00 -1.896738400335489239e+00 1.927118949565215233e+00 4.162202596270911492e+00 2.965843656718223809e+00 -6.756442722218813923e-01 -3.760111134733639116e+00 -3.744631471732696060e+00 -6.419671739765474561e-01 2.989953797093555465e+00 4.156868667911550297e+00 1.896738400337194319e+00
8.248258538544109841e-01 3.091351273269260513e-03 -8.211917524781282562e-01 -9.684601540950179555e-01 -3.173014395419291311e-01 5.954499407070303896e-01 1.017294826793953888e+00 6.004518521389257124e-01 -3.114213399958588036e-01 -9.665495939363081268e-01 -8.248258538543126184e-01 -3.091351274090492485e-03 8.211917524770635524e-01 9.684601540945880771e-01 3.173014395424885725e-01 -5.954499407059442584e-01 -1.017294826793234908e+00 -6.004518521391685182e-01 3.114213399948556615e-01 9.665495939353710986e-01
-1.545153349816253519e+00 -3.553370342241904289e+00 -2.632084016390634496e+00 4.591700069829667830e-01 3.171870733189526170e+00 3.269587671311084964e+00 6.717600953589707435e-01 -2.479886317049415645e+00 -3.587041304406080489e+00 -1.736933639138806384e+00 1.545153349812515620e+00 3.553370342238859614e+00 2.632084016390790815e+00 -4.591700069797413630e-01 -3.171870733185885527e+00 -3.269587671310032917e+00 -6.717600953613744874e-01 2.479886317045536970e+00 3.587041304403927100e+00 1.736933639140148422e+00
-1.374099116176267232e-01 -7.025231035214138942e-01 -6.884555276716777250e-01 -1.068049085280077110e-01 5.628988274611566034e-01 7.685321671568061674e-01 3.405649200732488446e-01 -3.681740922222406232e-01 -7.733795234420224318e-01 -5.409880643862521321e-01 1.374099116169071322e-01 7.025231035206438435e-01 6.884555276714913186e-01 1.068049085285582289e-01 -5.628988274603220487e-01 -7.685321671563762891e-01 -3.405649200735778037e-01 3.681740922214234990e-01 7.733795234413914921e-01 5.409880643863262950e-01
-1.704550059297933240e+00 -4.159086224022690459e+00 -3.184749031689161125e+00 4.151891978627053614e-01 3.672833206518412386e+00 3.902485187980726522e+00 9.148132750520748813e-01 -2.827057684626157918e+00 -4.238218903858804509e+00 -2.155267450725196543e+00 1.704550059293570285e+00 4.159086224019022282e+00 3.184749031689209087e+00 -4.151891978589840049e-01 -3.672833206514080295e+00 -3.902485187979357395e+00 -9.148132750547979253e-01 2.827057684621586464e+00 4.238218903856155961e+00 2.155267450726648715e+00
5.972041127322309961e+00 1.154663205057452302e+01 7.601838938629695619e+00 -2.610134413714128687e+00 -1.067023596839320376e+01 -9.933480267691194854e+00 -1.007270442183123560e+00 8.749362845719030446e+00 1.129276333752210348e+01 4.526076649131987040e+00 -5.972041127310054875e+00 -1.154663205056558262e+01 -7.601838938631432896e+00 2.610134413703154355e+00 1.067023596838202337e+01 9.933480267689029475e+00 1.007270442191762427e+00 -8.749362845706709635e+00 -1.129276333751626638e+01 -4.526076649137428021e+00
-9.467539696137360350e-01 -3.697332266461822226e+00 -3.399720788489303924e+00 -2.992792163111639425e-01 3.047896969158108149e+00 3.882296994267394386e+00 1.516016867342049990e+00 -2.100112280566191814e+00 -3.984846920692176830e+00 -2.584356224686167991e+00 9.467539696099231961e-01 3.697332266457992844e+00 3.399720788488611589e+00 2.992792163141773099e-01 -3.047896969153868874e+00 -3.882296994265426626e+00 -1.516016867343975782e+00 2.100112280561957867e+00 3.984846920689129490e+00 2.584356224686812808e+00
-2.585473959270034428e+00 -5.860832089744003603e+00 -4.304347377758618087e+00 8.007682709623834549e-01 5.245706938108915196e+00 5.365930081175432242e+00 1.062322194987028290e+00 -4.117095442381937254e+00 -5.902258161612391696e+00 -2.821425162856224134e+00 2.585473959263865140e+00 5.860832089739019146e+00 4.304347377758922732e+00 -8.007682709570442814e-01 -5.245706938102935091e+00 -5.365930081173744703e+00 -1.062322194991025093e+00 4.117095442375549474e+00 5.902258161608886056e+00 2.821425162858479663e+00
-1.743909167279641181e+00 -4.005876780665166947e+00 -2.965281421072469392e+00 5.199794042579312103e-01 3.576553871709353238e+00 3.684511835382921596e+00 7.548495657616364207e-01 -2.797132950474231716e+00 -4.043076559741836107e+00 -1.955788600937636179e+00 1.743909167275426997e+00 4.005876780661736802e+00 2.965281421072647916e+00 -5.199794042542940087e-01 -3.576553871705250298e+00 -3.684511835381737654e+00 -7.548495657643480294e-01 2.797132950469859658e+00 4.043076559739410492e+00 1.955788600939151189e+00
-1.041047910757523898e+00 -3.890441995402957875e+00 -3.532440948837131334e+00 -2.621913932387530677e-01 3.224216480389110906e+00 4.052485187980996884e+00 1.539765576869381647e+00 -2.242382191837482885e+00 -4.175843941599959308e+00 -2.666616777657689674e+00 1.041047910753506667e+00 3.890441995398973063e+00 3.532440948836461203e+00 2.621913932419470683e-01 -3.224216480384680228e+00 -4.052485187978986048e+00 -1.539765576871447106e+00 2.242382191833041549e+00 4.175843941596808051e+00 2.666616777658419313e+00
-1.983267408858552017e+00 -5.711061707824221401e+00 -4.730488284724688519e+00 1.500392080162104014e-01 4.906869952199172324e+00 5.618332377623538321e+00 1.697875875890635156e+00 -3.622359577479303816e+00 -5.956214952176027921e+00 -3.379591039267467956e+00 1.983267408852602109e+00 5.711061707818827493e+00 4.730488284724292392e+00 -1.500392080112857851e-01 -4.906869952192979056e+00 -5.618332377621187312e+00 -1.697875875894063302e+00 3.622359577472920478e+00 5.956214952171956512e+00 3.379591039269056019e+00
