2.576777976125645520e+00 5.238174521312025433e+00 3.581065488997758450e+00 -1.028379557458283466e+00 -4.789998164263383096e+00 -4.602601001466162245e+00 -6.206838174342703685e-01 3.872943413016568304e+00 5.173601859703199857e+00 2.208990335717134101e+00 -2.576777976120101066e+00 -5.238174521307835896e+00 -3.581065488998374402e+00 1.028379557453373616e+00 4.789998164258219226e+00 4.602601001465005837e+00 6.206838174380742146e-01 -3.872943413010939029e+00 -5.173601859700391437e+00 -2.208990335719451359e+00
1.974564212322765355e+00 4.552028048350984513e+00 3.376665697362527752e+00 -5.825194506870343680e-01 -4.061458381936783546e+00 -4.192011228717427151e+00 -8.665463734330975942e-01 3.173324871253793145e+00 4.597013493544909402e+00 2.230788600937270605e+00 -1.974564212317977629e+00 -4.552028048347078304e+00 -3.376665697362720930e+00 5.825194506829048935e-01 4.061458381932116168e+00 4.192011228716073568e+00 8.665463734361725789e-01 -3.173324871248822010e+00 -4.597013493542144502e+00 -2.230788600938983901e+00
-3.865850963445695676e+00 -1.070104550410259314e+01 -8.713982499399723025e+00 4.571447003369435436e-01 9.251388325441954663e+00 1.041851454151464296e+01 2.996310071153823529e+00 -6.896140799273775102e+00 -1.110320979024483989e+01 -6.156465136358371559e+00 3.865850963434530385e+00 1.070104550409263489e+01 8.713982499399172355e+00 -4.571447003276385423e-01 -9.251388325430450976e+00 -1.041851454151043477e+01 -2.996310071160376509e+00 6.896140799261857524e+00 1.110320979023739341e+01 6.156465136361517487e+00
2.280506786280287468e+00 2.123312834903832158e+00 2.155971544397270456e-01 -1.869863179271734177e+00 -2.413753155601072287e+00 -9.676738358021037545e-01 1.276184336173155742e+00 2.467918499820509926e+00 1.625027859935663344e+00 -5.575836785509210580e-01 -2.280506786277896936e+00 -2.123312834903370305e+00 -2.155971544415746788e-01 1.869863179269103171e+00 2.413753155599823508e+00 9.676738358032668241e-01 -1.276184336170538058e+00 -2.467918499818597233e+00 -1.625027859936033048e+00 5.575836785485768221e-01
-1.473967733416068349e+00 -4.735253895097042864e+00 -4.092657077381431030e+00 -7.595305045426181678e-02 4.003368911533569552e+00 4.782195461825647698e+00 1.618439020549443885e+00 -2.879606285797621013e+00 -5.003619234950446248e+00 -3.002500902984664322e+00 1.473967733411154724e+00 4.735253895092399468e+00 4.092657077380882136e+00 7.595305045825673229e-02 -4.003368911528316865e+00 -4.782195461823474325e+00 -1.618439020552137730e+00 2.879606285792276399e+00 5.003619234946863337e+00 3.002500902985787423e+00
-2.053666335750456984e+00 -5.112003057934490613e+00 -3.955853678505917070e+00 4.616181530281635026e-01 4.498518363586272883e+00 4.826707349537877612e+00 1.175616430794707234e+00 -3.444687348789454262e+00 -5.225089275548506329e+00 -2.697773487369231837e+00 2.053666335745099492e+00 5.112003057929940475e+00 3.955853678505921955e+00 -4.616181530236110331e-01 -4.498518363580918944e+00 -4.826707349536141223e+00 -1.175616430798017920e+00 3.444687348783822767e+00 5.225089275545202305e+00 2.697773487370969558e+00
4.245247086743193066e+00 7.967910806507639165e+00 5.121593840551821764e+00 -1.947116151089612224e+00 -7.410566156773111146e+00 -6.764526845088909113e+00 -5.416120797878440918e-01 6.127823659162431547e+00 7.745300830797213543e+00 2.977323546661288844e+00 -4.245247086734721620e+00 -7.967910806501591559e+00 -5.121593840553179788e+00 1.947116151081975222e+00 7.410566156765479029e+00 6.764526845087580398e+00 5.416120797939135700e-01 -6.127823659153966318e+00 -7.745300830793338420e+00 -2.977323546665184395e+00
4.322142554304214457e+00 8.053870966625821026e+00 5.145750601795149315e+00 -2.004678335203824879e+00 -7.502391323840592818e+00 -6.814911618957827599e+00 -5.090177667608590806e-01 6.216525346043076716e+00 7.816981604574053222e+00 2.972887663178538808e+00 -4.322142554295647976e+00 -8.053870966619738780e+00 -5.145750601796561519e+00 2.004678335196088845e+00 7.502391323832900305e+00 6.814911618956524642e+00 5.090177667670212625e-01 -6.216525346034527999e+00 -7.816981604570174547e+00 -2.972887663182511186e+00
3.088192703371940073e+00 5.457349227882711595e+00 3.327306082147105659e+00 -1.545866337983549554e+00 -5.144580953110917676e+00 -4.501951288943620177e+00 -1.477801952503259297e-01 4.328225250244891242e+00 5.235914136638204930e+00 1.826960973327198978e+00 -3.088192703366116731e+00 -5.457349227878751208e+00 -3.327306082148269173e+00 1.545866337978224925e+00 5.144580953105813315e+00 4.501951288942948715e+00 1.477801952546401454e-01 -4.328225250239146504e+00 -5.235914136635771321e+00 -1.826960973330071791e+00
-1.927118949569506023e+00 -4.162202596274228839e+00 -2.965843656717835675e+00 6.756442722256517097e-01 3.760111134737689653e+00 3.744631471733684602e+00 6.419671739736587668e-01 -2.989953797097939958e+00 -4.156868667913813375e+00 -1.896738400335476582e+00 1.927118949565113981e+00 4.162202596270778265e+00 2.965843656718169630e+00 -6.756442722218127805e-01 -3.760111134733505001e+00 -3.744631471732606798e+00 -6.419671739765764329e-01 2.989953797093430676e+00 4.156868667911434834e+00 1.896738400337180996e+00
8.248258538543932206e-01 3.091351273281028877e-03 -8.211917524780968369e-01 -9.684601540949926424e-01 -3.173014395419310185e-01 5.954499407070030781e-01 1.017294826793923468e+00 6.004518521389173857e-01 -3.114213399958383199e-01 -9.665495939362757083e-01 -8.248258538542949658e-01 -3.091351274102205338e-03 8.211917524770320220e-01 9.684601540945627640e-01 3.173014395424904044e-01 -5.954499407059169469e-01 -1.017294826793204487e+00 -6.004518521391600805e-01 3.114213399948351224e-01 9.665495939353385690e-01
-1.545153349816169364e+00 -3.553370342241790159e+00 -2.632084016390584758e+00 4.591700069829112718e-01 3.171870733189411595e+00 3.269587671311005472e+00 6.717600953589917268e-01 -2.479886317049311284e+00 -3.587041304405978792e+00 -1.736933639138791285e+00 1.545153349812431465e+00 3.553370342238745039e+00 2.632084016390740633e+00 -4.591700069796857409e-01 -3.171870733185770064e+00 -3.269587671309953425e+00 -6.717600953613954706e-01 2.479886317045431721e+00 3.587041304403825404e+00 1.736933639140133323e+00
-1.374099116176136781e-01 -7.025231035213890252e-01 -6.884555276716614047e-01 -1.068049085280135535e-01 5.628988274611335108e-01 7.685321671567848512e-01 3.405649200732467907e-01 -3.681740922222216383e-01 -7.733795234419980069e-01 -5.409880643862424732e-01 1.374099116168940871e-01 7.025231035206187524e-01 6.884555276714749983e-01 1.068049085285640853e-01 -5.628988274602988451e-01 -7.685321671563548618e-01 -3.405649200735757498e-01 3.681740922214044032e-01 7.733795234413672892e-01 5.409880643863167471e-01
-1.704550059297837095e+00 -4.159086224022555456e+00 -3.184749031689098953e+00 4.151891978626435220e-01 3.672833206518278271e+00 3.902485187980629266e+00 9.148132750520957535e-01 -2.827057684626036682e+00 -4.238218903858681941e+00 -2.155267450725174783e+00 1.704550059293474140e+00 4.159086224018887279e+00 3.184749031689146470e+00 -4.151891978589221099e-01 -3.672833206513945292e+00 -3.902485187979260584e+00 -9.148132750548187975e-01 2.827057684621464784e+00 4.238218903856034281e+00 2.155267450726626954e+00
5.972041127322016862e+00 1.154663205057416775e+01 7.601838938629569498e+00 -2.610134413713919077e+00 -1.067023596839283250e+01 -9.933480267690967480e+00 -1.007270442183227033e+00 8.749362845718680504e+00 1.129276333752179617e+01 4.526076649131975493e+00 -5.972041127309760888e+00 -1.154663205056522379e+01 -7.601838938631305886e+00 2.610134413702944745e+00 1.067023596838165034e+01 9.933480267688802101e+00 1.007270442191866122e+00 -8.749362845706357916e+00 -1.129276333751595907e+01 -4.526076649137415586e+00
-9.467539696136626493e-01 -3.697332266461694328e+00 -3.399720788489226653e+00 -2.992792163112015791e-01 3.047896969157987801e+00 3.882296994267289580e+00 1.516016867342047547e+00 -2.100112280566089229e+00 -3.984846920692054262e+00 -2.584356224686126247e+00 9.467539696098498103e-01 3.697332266457864058e+00 3.399720788488533874e+00 2.992792163142149464e-01 -3.047896969153747637e+00 -3.882296994265321821e+00 -1.516016867343973118e+00 2.100112280561854838e+00 3.984846920689007366e+00 2.584356224686771064e+00
-2.585473959269894983e+00 -5.860832089743817086e+00 -4.304347377758536375e+00 8.007682709622907513e-01 5.245706938108725126e+00 5.365930081175302568e+00 1.062322194987064483e+00 -4.117095442381764059e+00 -5.902258161612224718e+00 -2.821425162856201485e+00 2.585473959263725696e+00 5.860832089738831741e+00 4.304347377758841020e+00 -8.007682709569514667e-01 -5.245706938102745909e+00 -5.365930081173615918e+00 -1.062322194991061286e+00 4.117095442375377168e+00 5.902258161608719078e+00 2.821425162858456570e+00
-1.743909167279546146e+00 -4.005876780665039050e+00 -2.965281421072413437e+00 5.199794042578685938e-01 3.576553871709224453e+00 3.684511835382831890e+00 7.548495657616602905e-01 -2.797132950474114033e+00 -4.043076559741722420e+00 -1.955788600937619526e+00 1.743909167275332184e+00 4.005876780661608016e+00 2.965281421072591517e+00 -5.199794042542313921e-01 -3.576553871705120180e+00 -3.684511835381647948e+00 -7.548495657643718992e-01 2.797132950469741086e+00 4.043076559739296805e+00 1.955788600939134314e+00
-1.041047910757445738e+00 -3.890441995402823316e+00 -3.532440948837051842e+00 -2.621913932387940349e-01 3.224216480388983452e+00 4.052485187980888526e+00 1.539765576869380759e+00 -2.242382191837374528e+00 -4.175843941599831410e+00 -2.666616777657647486e+00 1.041047910753428285e+00 3.890441995398838060e+00 3.532440948836381267e+00 2.621913932419880355e-01 -3.224216480384552774e+00 -4.052485187978876802e+00 -1.539765576871446218e+00 2.242382191832933191e+00 4.175843941596680153e+00 2.666616777658377124e+00
-1.983267408858427450e+00 -5.711061707824030442e+00 -4.730488284724589931e+00 1.500392080161363495e-01 4.906869952198986695e+00 5.618332377623394436e+00 1.697875875890650699e+00 -3.622359577479141279e+00 -5.956214952175851174e+00 -3.379591039267423991e+00 1.983267408852477987e+00 5.711061707818635647e+00 4.730488284724192027e+00 -1.500392080112117332e-01 -4.906869952192793427e+00 -5.618332377621042539e+00 -1.697875875894078623e+00 3.622359577472757053e+00 5.956214952171780652e+00 3.379591039269012054e+00
