1.974564212326192836e+00 4.552028048352942058e+00 3.376665697361770579e+00 -5.825194506894991742e-01 -4.061458381938842344e+00 -4.192011228717668736e+00 -8.665463734317434552e-01 3.173324871255422952e+00 4.597013493545647478e+00 2.230788600936925992e+00 -1.974564212318820289e+00 -4.552028048347763978e+00 -3.376665697363059770e+00 5.825194506828100804e-01 4.061458381932262718e+00 4.192011228716625126e+00 8.665463734370942861e-01 -3.173324871248091039e+00 -4.597013493542378093e+00 -2.230788600940413868e+00
-3.865850963454048106e+00 -1.070104550410781385e+01 -8.713982499398344572e+00 4.571447003428310563e-01 9.251388325447218008e+00 1.041851454151556666e+01 2.996310071150658061e+00 -6.896140799277856281e+00 -1.110320979024681520e+01 -6.156465136357594403e+00 3.865850963436644694e+00 1.070104550409434907e+01 8.713982499399932635e+00 -4.571447003275128651e-01 -9.251388325430784931e+00 -1.041851454151157341e+01 -2.996310071162390898e+00 6.896140799260075838e+00 1.110320979023764210e+01 6.156465136364591473e+00
2.280506786281577547e+00 2.123312834903809065e+00 2.155971544386299232e-01 -1.869863179272911458e+00 -2.413753155601472855e+00 -9.676738358016222508e-01 1.276184336173972422e+00 2.467918499821039724e+00 1.625027859935675778e+00 -5.575836785512399141e-01 -2.280506786278266418e+00 -2.123312834903651858e+00 -2.155971544417583097e-01 1.869863179269079412e+00 2.413753155600094402e+00 9.676738358038325938e-01 -1.276184336169994715e+00 -2.467918499818573252e+00 -1.625027859936758468e+00 5.575836785475061230e-01
-1.473967733420019410e+00 -4.735253895099502230e+00 -4.092657077380733810e+00 -7.595305045141920175e-02 4.003368911536063557e+00 4.782195461825996752e+00 1.618439020547816298e+00 -2.879606285799608756e+00 -5.003619234951286465e+00 -3.002500902984097220e+00 1.473967733412296255e+00 4.735253895093151755e+00 4.092657077380996711e+00 7.595305045807365651e-02 -4.003368911528498053e+00 -4.782195461823761207e+00 -1.618439020552750574e+00 2.879606285791574738e+00 5.003619234946772742e+00 3.002500902986827036e+00
-2.053666335754575467e+00 -5.112003057936818529e+00 -3.955853678504943627e+00 4.616181530311948000e-01 4.498518363588751789e+00 4.826707349538072123e+00 1.175616430792933764e+00 -3.444687348791486858e+00 -5.225089275549305690e+00 -2.697773487368607004e+00 2.053666335746280769e+00 5.112003057930731842e+00 3.955853678506086712e+00 -4.616181530237687403e-01 -4.498518363581159640e+00 -4.826707349536576430e+00 -1.175616430798764434e+00 3.444687348783138425e+00 5.225089275545320433e+00 2.697773487372270296e+00
4.245247086749412979e+00 7.967910806510550614e+00 5.121593840549697241e+00 -1.947116151094401948e+00 -7.410566156776561719e+00 -6.764526845088729701e+00 -5.416120797848926749e-01 6.127823659165450465e+00 7.745300830798192315e+00 2.977323546660151532e+00 -4.245247086736582354e+00 -7.967910806502796817e+00 -5.121593840553420485e+00 1.947116151082280533e+00 7.410566156766025259e+00 6.764526845088468576e+00 5.416120797951188282e-01 -6.127823659153170510e+00 -7.745300830793983238e+00 -2.977323546667479448e+00
4.322142554310457463e+00 8.053870966628652539e+00 5.145750601792915546e+00 -2.004678335208657458e+00 -7.502391323843989213e+00 -6.814911618957548711e+00 -5.090177667578520415e-01 6.216525346046060996e+00 7.816981604574943177e+00 2.972887663177338435e+00 -4.322142554297490946e+00 -8.053870966620866767e+00 -5.145750601796736490e+00 2.004678335196388606e+00 7.502391323833378145e+00 6.814911618957346207e+00 5.090177667682223017e-01 -6.216525346033670907e+00 -7.816981604570749198e+00 -2.972887663184793361e+00
3.088192703375953307e+00 5.457349227884431997e+00 3.327306082145582433e+00 -1.545866337986648853e+00 -5.144580953113019994e+00 -4.501951288943383922e+00 -1.477801952484257830e-01 4.328225250246722666e+00 5.235914136638735172e+00 1.826960973326491544e+00 -3.088192703367182546e+00 -5.457349227879422671e+00 -3.327306082148468125e+00 1.545866337978252014e+00 5.144580953106028254e+00 4.501951288943563334e+00 1.477801952556265785e-01 -4.328225250238437738e+00 -5.235914136636198535e+00 -1.826960973331790417e+00
-1.927118949572797169e+00 -4.162202596276122435e+00 -2.965843656717110921e+00 6.756442722280542323e-01 3.760111134739728023e+00 3.744631471733948391e+00 6.419671739723110671e-01 -2.989953797099615063e+00 -4.156868667914607407e+00 -1.896738400335115982e+00 1.927118949566067663e+00 4.162202596271589172e+00 2.965843656718516019e+00 -6.756442722218742869e-01 -3.760111134733863381e+00 -3.744631471733236072e+00 -6.419671739773362695e-01 2.989953797092996801e+00 4.156868667911851389e+00 1.896738400338493946e+00
8.248258538540814699e-01 3.091351272677345108e-03 -8.211917524784652089e-01 -9.684601540948757359e-01 -3.173014395415176825e-01 5.954499407073171602e-01 1.017294826793906370e+00 6.004518521386720264e-01 -3.114213399960346074e-01 -9.665495939362598321e-01 -8.248258538541539675e-01 -3.091351274041836961e-03 8.211917524769334342e-01 9.684601540944399733e-01 3.173014395425370893e-01 -5.954499407056841331e-01 -1.017294826793005091e+00 -6.004518521392446795e-01 3.114213399944574245e-01 9.665495939349812993e-01
-1.545153349818868982e+00 -3.553370342243370228e+00 -2.632084016390030534e+00 4.591700069848441146e-01 3.171870733191065828e+00 3.269587671311241284e+00 6.717600953579427880e-01 -2.479886317050621347e+00 -3.587041304406608511e+00 -1.736933639138546592e+00 1.545153349813114252e+00 3.553370342239334345e+00 2.632084016391043946e+00 -4.591700069796207373e-01 -3.171870733185934377e+00 -3.269587671310433930e+00 -6.717600953621237769e-01 2.479886317044900590e+00 3.587041304404063879e+00 1.736933639141275298e+00
-1.374099116183203073e-01 -7.025231035219801079e-01 -6.884555276717005956e-01 -1.068049085275386278e-01 5.628988274616996135e-01 7.685321671570083391e-01 3.405649200730140880e-01 -3.681740922226692803e-01 -7.733795234423036513e-01 -5.409880643862181593e-01 1.374099116171667578e-01 7.025231035209029695e-01 6.884555276715885741e-01 1.068049085284833444e-01 -5.628988274604761477e-01 -7.685321671565154000e-01 -3.405649200736575177e-01 3.681740922214203904e-01 7.733795234414780895e-01 5.409880643864971583e-01
-1.704550059301285225e+00 -4.159086224024486356e+00 -3.184749031688253407e+00 4.151891978652113568e-01 3.672833206520365046e+00 3.902485187980770043e+00 9.148132750505617583e-01 -2.827057684627783729e+00 -4.238218903859354292e+00 -2.155267450724598799e+00 1.704550059294539732e+00 4.159086224019589828e+00 3.184749031689245946e+00 -4.151891978591518706e-01 -3.672833206514229509e+00 -3.902485187979619408e+00 -9.148132750553421566e-01 2.827057684621014921e+00 4.238218903856176389e+00 2.155267450727631484e+00
5.972041127331142008e+00 1.154663205057847719e+01 7.601838938626481301e+00 -2.610134413720952562e+00 -1.067023596839791288e+01 -9.933480267690695698e+00 -1.007270442178862968e+00 8.749362845723124948e+00 1.129276333752319239e+01 4.526076649130231999e+00 -5.972041127312532005e+00 -1.154663205056694508e+01 -7.601838938631542142e+00 2.610134413703480760e+00 1.067023596838241950e+01 9.933480267689960286e+00 1.007270442193485938e+00 -8.749362845705205061e+00 -1.129276333751674777e+01 -4.526076649140573060e+00
-9.467539696167355245e-01 -3.697332266463890349e+00 -3.399720788489011269e+00 -2.992792163091068103e-01 3.047896969160094116e+00 3.882296994267859791e+00 1.516016867340975294e+00 -2.100112280567684397e+00 -3.984846920692940664e+00 -2.584356224685911307e+00 9.467539696106855862e-01 3.697332266458592809e+00 3.399720788488836742e+00 2.992792163141958506e-01 -3.047896969153932822e+00 -3.882296994265709067e+00 -1.516016867344605057e+00 2.100112280561268197e+00 3.984846920689025129e+00 2.584356224687725856e+00
-2.585473959274597000e+00 -5.860832089746374152e+00 -4.304347377757316906e+00 8.007682709657915066e-01 5.245706938111520223e+00 5.365930081175458000e+00 1.062322194984993473e+00 -4.117095442384097304e+00 -5.902258161613127996e+00 -2.821425162855466517e+00 2.585473959265108590e+00 5.860832089739778539e+00 4.304347377759056847e+00 -8.007682709571566360e-01 -5.245706938103102956e+00 -5.365930081174200339e+00 -1.062322194991929925e+00 4.117095442374687941e+00 5.902258161609001519e+00 2.821425162860024649e+00
-1.743909167282663208e+00 -4.005876780666778991e+00 -2.965281421071666035e+00 5.199794042601501021e-01 3.576553871711087407e+00 3.684511835382993095e+00 7.548495657603566666e-01 -2.797132950475629709e+00 -4.043076559742355691e+00 -1.955788600937216071e+00 1.743909167276175953e+00 4.005876780662232406e+00 2.965281421072812229e+00 -5.199794042542604799e-01 -3.576553871705304921e+00 -3.684511835382087597e+00 -7.548495657650723389e-01 2.797132950469181534e+00 4.043076559739491316e+00 1.955788600940295385e+00
-1.041047910760883877e+00 -3.890441995405257369e+00 -3.532440948836766292e+00 -2.621913932363946209e-01 3.224216480391375761e+00 4.052485187981503145e+00 1.539765576868092234e+00 -2.242382191839260130e+00 -4.175843941600851927e+00 -2.666616777657316639e+00 1.041047910754522299e+00 3.890441995399757324e+00 3.532440948836666372e+00 2.621913932417728743e-01 -3.224216480384948458e+00 -4.052485187979328884e+00 -1.539765576871960473e+00 2.242382191832541061e+00 4.175843941596817821e+00 2.666616777659295501e+00
-1.983267408863053527e+00 -5.711061707826784684e+00 -4.730488284723644909e+00 1.500392080194872246e-01 4.906869952201822649e+00 5.618332377623703522e+00 1.697875875888722685e+00 -3.622359577481407911e+00 -5.956214952176765109e+00 -3.379591039266753416e+00 1.983267408853757630e+00 5.711061707819466982e+00 4.730488284724343018e+00 -1.500392080113537308e-01 -4.906869952192953299e+00 -5.618332377621413798e+00 -1.697875875894897746e+00 3.622359577471863101e+00 5.956214952171716703e+00 3.379591039270364305e+00
-1.954127621087846656e+00 -5.511904946583403131e+00 -4.525505258192437985e+00 1.918544467068039605e-01 4.751043686913646091e+00 5.393332377623967666e+00 1.589198777645543181e+00 -3.525117168700286463e+00 -5.733222546375714934e+00 -3.214690153041680709e+00 1.954127621078878718e+00 5.511904946576406950e+00 4.525505258193187608e+00 -1.918544466989331454e-01 -4.751043686905136454e+00 -5.393332377621837814e+00 -1.589198777651546157e+00 3.525117168691102254e+00 5.733222546370918771e+00 3.214690153045227206e+00
