-1.600000000003278799e+00 -1.849999999993851674e+00 1.600000000003350742e+00 1.849999999995153299e+00 -1.600000000003422684e+00 -1.849999999996456923e+00 1.600000000003495737e+00 1.849999999997757660e+00 -1.600000000003565903e+00 -1.849999999999061284e+00 1.600000000003636291e+00 1.850000000000362022e+00 -1.600000000003712897e+00 -1.850000000001666089e+00 1.600000000003782841e+00 1.850000000002969269e+00 -1.600000000003852785e+00 -1.850000000004267342e+00 1.600000000003922951e+00 1.850000000005571188e+00
-2.232242168886955369e-13 1.999999999996705802e-01 2.884636973732312981e-13 -1.999999999997549849e-01 -3.536615444943436160e-13 1.999999999998393341e-01 4.187067359495699748e-13 -1.999999999999237110e-01 -4.840988720999916950e-13 2.000000000000080602e-01 5.494771304626056008e-13 -2.000000000000924649e-01 -6.141753772226365982e-13 2.000000000001768696e-01 6.795813911608661329e-13 -2.000000000002611911e-01 -7.449596495234800386e-13 2.000000000003455680e-01 8.103656634617095733e-13 -2.000000000004299727e-01
3.450000000001254286e+00 2.649999999989357313e+00 -3.450000000001845812e+00 -2.649999999991598632e+00 3.450000000002437339e+00 2.649999999993844835e+00 -3.450000000003030642e+00 -2.649999999996084821e+00 3.450000000003619949e+00 2.649999999998330580e+00 -3.450000000004208811e+00 -2.650000000000570566e+00 3.450000000004806999e+00 2.650000000002816769e+00 -3.450000000005396306e+00 -2.650000000005062528e+00 3.450000000005984724e+00 2.650000000007296297e+00 -3.450000000006574030e+00 -2.650000000009542944e+00
2.750000000002203127e+00 2.699999999990462474e+00 -2.750000000002482903e+00 -2.699999999992497290e+00 2.750000000002762679e+00 2.699999999994535216e+00 -2.750000000003044232e+00 -2.699999999996568700e+00 2.750000000003322231e+00 2.699999999998606626e+00 -2.750000000003599343e+00 -2.700000000000640554e+00 2.750000000003886225e+00 2.700000000002678924e+00 -2.750000000004163780e+00 -2.700000000004716849e+00 2.750000000004440448e+00 2.700000000006745449e+00 -2.750000000004718448e+00 -2.700000000008783818e+00
-4.600000000008398260e+00 -5.799999999981414689e+00 4.600000000008447998e+00 5.799999999985359977e+00 -4.600000000008497736e+00 -5.799999999989309707e+00 4.600000000008551915e+00 5.799999999993254107e+00 -4.600000000008595435e+00 -5.799999999997203837e+00 4.600000000008640733e+00 5.800000000001146461e+00 -4.600000000008705570e+00 -5.800000000005097966e+00 4.600000000008749090e+00 5.800000000009048584e+00 -4.600000000008793499e+00 -5.800000000012983215e+00 4.600000000008837020e+00 5.800000000016934720e+00
5.999999999999816591e-01 9.499999999959182206e-01 -5.999999999999251488e-01 -9.499999999965145214e-01 5.999999999998684164e-01 9.499999999971113773e-01 -5.999999999998126832e-01 -9.499999999977073450e-01 5.999999999997551736e-01 9.499999999983043120e-01 -5.999999999996976641e-01 -9.499999999989001687e-01 5.999999999996435962e-01 9.499999999994972466e-01 -5.999999999995859756e-01 -9.500000000000941025e-01 5.999999999995284661e-01 9.500000000006889600e-01 -5.999999999994709565e-01 -9.500000000012860379e-01
-2.050000000004318146e+00 -2.699999999991659294e+00 2.050000000004303047e+00 2.699999999993465849e+00 -2.050000000004287504e+00 -2.699999999995275068e+00 2.050000000004273737e+00 2.699999999997080735e+00 -2.050000000004255973e+00 -2.699999999998889955e+00 2.050000000004238210e+00 2.700000000000696065e+00 -2.050000000004229772e+00 -2.700000000002505729e+00 2.050000000004211564e+00 2.700000000004314504e+00 -2.050000000004193357e+00 -2.700000000006117062e+00 2.050000000004175593e+00 2.700000000007926282e+00
-2.450000000001951062e+00 -1.749999999992855271e+00 2.450000000002413802e+00 1.749999999994391375e+00 -2.450000000002876988e+00 -1.749999999995931033e+00 2.450000000003341061e+00 1.749999999997466027e+00 -2.450000000003802469e+00 -1.749999999999005018e+00 2.450000000004264322e+00 1.750000000000540012e+00 -2.450000000004731504e+00 -1.750000000002079670e+00 2.450000000005193357e+00 1.750000000003618883e+00 -2.450000000005654321e+00 -1.750000000005149658e+00 2.450000000006116174e+00 1.750000000006689094e+00
3.400000000002795009e+00 3.049999999987401011e+00 -3.400000000003234657e+00 -3.049999999989795541e+00 3.400000000003674749e+00 3.049999999992193622e+00 -3.400000000004117062e+00 -3.049999999994585931e+00 3.400000000004554046e+00 3.049999999996984457e+00 -3.400000000004991474e+00 -3.049999999999376765e+00 3.400000000005439560e+00 3.050000000001775291e+00 -3.400000000005876544e+00 -3.050000000004173817e+00 3.400000000006313083e+00 3.050000000006559908e+00 -3.400000000006750511e+00 -3.050000000008958878e+00
3.800000000002150102e+00 3.099999999986863930e+00 -3.800000000002742517e+00 -3.099999999989409449e+00 3.800000000003334932e+00 3.099999999991959854e+00 -3.800000000003929568e+00 -3.099999999994503153e+00 3.800000000004518874e+00 3.099999999997054001e+00 -3.800000000005108625e+00 -3.099999999999597300e+00 3.800000000005709477e+00 3.100000000002148148e+00 -3.800000000006299228e+00 -3.100000000004697664e+00 3.800000000006888090e+00 3.100000000007234746e+00 -3.800000000007477841e+00 -3.100000000009785595e+00
2.200000000001838263e+00 2.499999999990916155e+00 -2.200000000001951062e+00 -2.499999999992687183e+00 2.200000000002064748e+00 2.499999999994460875e+00 -2.200000000002179323e+00 -2.499999999996231459e+00 2.200000000002290346e+00 2.499999999998005151e+00 -2.200000000002400924e+00 -2.499999999999775735e+00 2.200000000002520384e+00 2.500000000001549871e+00 -2.200000000002631406e+00 -2.500000000003323120e+00 2.200000000002741984e+00 2.500000000005089706e+00 -2.200000000002852119e+00 -2.500000000006863843e+00
-1.750000000002875256e+00 -1.999999999993295363e+00 1.750000000002961631e+00 1.999999999994709121e+00 -1.750000000003047562e+00 -1.999999999996125100e+00 1.750000000003135492e+00 1.999999999997537969e+00 -1.750000000003219647e+00 -1.999999999998953948e+00 1.750000000003304246e+00 2.000000000000366818e+00 -1.750000000003395506e+00 -2.000000000001783018e+00 1.750000000003479883e+00 2.000000000003198330e+00 -1.750000000003564038e+00 -2.000000000004608314e+00 1.750000000003648637e+00 2.000000000006024514e+00
-8.729406086871449588e-13 -3.000000000000396794e-01 7.751022046420530387e-13 3.000000000001662448e-01 -6.773193117481923764e-13 -3.000000000002928102e-01 5.797307078836411165e-13 3.000000000004194312e-01 -4.816425036580085361e-13 -3.000000000005459411e-01 3.835820550079915847e-13 3.000000000006725620e-01 -2.865208070801372742e-13 -3.000000000007991829e-01 1.884326028545046938e-13 3.000000000009256373e-01 -9.034439862887211348e-14 -3.000000000010522028e-01 -7.743805596760466869e-15 3.000000000011787682e-01
-1.400000000003829070e+00 -2.299999999993416644e+00 1.400000000003669864e+00 2.299999999994843058e+00 -1.400000000003510658e+00 -2.299999999996270805e+00 1.400000000003353229e+00 2.299999999997696776e+00 -1.400000000003191802e+00 -2.299999999999124967e+00 1.400000000003030598e+00 2.300000000000550493e+00 -1.400000000002877165e+00 -2.300000000001978684e+00 1.400000000002715739e+00 2.300000000003406431e+00 -1.400000000002554090e+00 -2.300000000004829737e+00 1.400000000002392664e+00 2.300000000006257928e+00
-2.500000000013608004e-01 -6.499999999983945287e-01 2.500000000012543300e-01 6.499999999987502441e-01 -2.500000000011478596e-01 -6.499999999991061816e-01 2.500000000010419443e-01 6.499999999994616751e-01 -2.500000000009348078e-01 -6.499999999998176126e-01 2.500000000008277823e-01 6.500000000001732170e-01 -2.500000000007230883e-01 -6.500000000005292655e-01 2.500000000006159517e-01 6.500000000008850920e-01 -2.500000000005088707e-01 -6.500000000012402523e-01 2.500000000004017897e-01 6.500000000015961898e-01
-1.850000000002812950e+00 -1.899999999993015498e+00 1.850000000002974154e+00 1.899999999994419486e+00 -1.850000000003135137e+00 -1.899999999995826139e+00 1.850000000003297451e+00 1.899999999997229239e+00 -1.850000000003456879e+00 -1.899999999998635669e+00 1.850000000003616085e+00 1.900000000000038769e+00 -1.850000000003781953e+00 -1.900000000001445422e+00 1.850000000003941381e+00 1.900000000002851630e+00 -1.850000000004100364e+00 -1.900000000004251621e+00 1.850000000004259570e+00 1.900000000005658496e+00
4.850000000005217693e+00 4.649999999982266985e+00 -4.850000000005747935e+00 -4.649999999985807264e+00 4.850000000006277290e+00 4.649999999989355537e+00 -4.850000000006811085e+00 -4.649999999992894040e+00 4.850000000007336887e+00 4.649999999996442313e+00 -4.850000000007862688e+00 -4.649999999999980815e+00 4.850000000008404477e+00 4.650000000003528200e+00 -4.850000000008931167e+00 -4.650000000007075585e+00 4.850000000009456080e+00 4.650000000010606094e+00 -4.850000000009980994e+00 -4.650000000014154367e+00
-1.550000000004335021e+00 -2.549999999992778044e+00 1.550000000004157386e+00 2.549999999994358557e+00 -1.550000000003979972e+00 -2.549999999995941291e+00 1.550000000003804335e+00 2.549999999997520916e+00 -1.550000000003624478e+00 -2.549999999999103206e+00 1.550000000003444622e+00 2.550000000000683720e+00 -1.550000000003273648e+00 -2.550000000002266010e+00 1.550000000003094236e+00 2.550000000003848299e+00 -1.550000000002914158e+00 -2.550000000005425704e+00 1.550000000002734080e+00 2.550000000007008438e+00
-2.550000000003309619e+00 -2.449999999990917665e+00 2.550000000003586731e+00 2.449999999992781952e+00 -2.550000000003863398e+00 -2.449999999994649347e+00 2.550000000004142287e+00 2.449999999996511857e+00 -2.550000000004417622e+00 -2.449999999998379252e+00 2.550000000004692069e+00 2.450000000000242206e+00 -2.550000000004975398e+00 -2.450000000002109601e+00 2.550000000005250289e+00 2.450000000003976552e+00 -2.550000000005524736e+00 -2.450000000005835066e+00 2.550000000005799183e+00 2.450000000007702905e+00
-1.850000000002614442e+00 -1.799999999993468158e+00 1.850000000002807843e+00 1.799999999994830180e+00 -1.850000000003001466e+00 -1.799999999996194644e+00 1.850000000003196643e+00 1.799999999997555555e+00 -1.850000000003388489e+00 -1.799999999998919797e+00 1.850000000003580558e+00 1.800000000000280709e+00 -1.850000000003778622e+00 -1.800000000001645173e+00 1.850000000003970690e+00 1.800000000003009193e+00 -1.850000000004162537e+00 -1.800000000004366996e+00 1.850000000004354606e+00 1.800000000005731682e+00
