-2.234891420136603912e+00 2.077288816408668470e+00 -1.716346710007240706e+00 1.187396629138629978e+00 -5.422158931304716933e-01 -1.560407123378727001e-01 8.390229656829167881e-01 -1.439875805329703828e+00 1.899783568945357937e+00 -2.173727280261108508e+00 2.234891420135145967e+00 -2.077288816400946647e+00 1.716346709994013509e+00 -1.187396629121180158e+00 5.422158931105233171e-01 1.560407123583820999e-01 -8.390229657019722120e-01 1.439875805345432802e+00 -1.899783568956233237e+00 2.173727280266057882e+00
-2.001894219614059001e+00 1.776973835801209267e+00 -1.378110872034402634e+00 8.443488142490421788e-01 -2.279360116003923686e-01 -4.107887559874084937e-01 1.009302658005360342e+00 -1.509018983632058442e+00 1.861022017186499733e+00 -2.030855249194827739e+00 2.001894219610265591e+00 -1.776973835791928469e+00 1.378110872020545274e+00 -8.443488142319524048e-01 2.279360115817583576e-01 4.107887560057764675e-01 -1.009302658021657528e+00 1.509018983644683676e+00 -1.861022017194226663e+00 2.030855249196895418e+00
-1.980340064428234959e+00 1.840980298825320549e+00 -1.521412554708362341e+00 1.052918349431108291e+00 -4.813571599974252324e-01 -1.373226220696199817e-01 7.425603091054366889e-01 -1.275111019363702525e+00 1.682844978825048354e+00 -1.925850346687625114e+00 1.980340064426951541e+00 -1.840980298818486460e+00 1.521412554696648600e+00 -1.052918349415651322e+00 4.813571599797517031e-01 1.373226220877933890e-01 -7.425603091223242913e-01 1.275111019377645150e+00 -1.682844978834691752e+00 1.925850346692018933e+00
2.921165711163490997e+00 -2.598856188580372262e+00 2.022152514961735648e+00 -1.247506464012468230e+00 3.507457884763210409e-01 5.803483286256918561e-01 -1.454633907796910819e+00 2.186529785041762874e+00 -2.704392892476665811e+00 2.957531180981164187e+00 -2.921165711158130840e+00 2.598856188566995851e+00 -2.022152514941656154e+00 1.247506463987633429e+00 -3.507457884491841371e-01 -5.803483286524946383e-01 1.454633907820745753e+00 -2.186529785060288500e+00 2.704392892488083344e+00 -2.957531180984347863e+00
2.625344240600132828e+00 -2.304716908038631829e+00 1.758487826610078741e+00 -1.040125704606809975e+00 2.199488316541184374e-01 6.217581654146229209e-01 -1.402603141208349280e+00 2.046151549029093353e+00 -2.489408386853570576e+00 2.688984587043282026e+00 -2.625344240594395639e+00 2.304716908025735922e+00 -1.758487826591289993e+00 1.040125704583950705e+00 -2.199488316294467560e-01 -6.217581654387103196e-01 1.402603141229485262e+00 -2.046151549045201801e+00 2.489408386863086520e+00 -2.688984587045268437e+00
5.260306978026208391e+00 -4.684301478165139088e+00 3.649763912171089419e+00 -2.257962025051211796e+00 6.451350827715374159e-01 1.030842176330606597e+00 -2.605913420913133827e+00 3.925899703388792350e+00 -4.861591569542877522e+00 5.321396980167119040e+00 -5.260306978016686230e+00 4.684301478141176034e+00 -3.649763912135036481e+00 2.257962025006567064e+00 -6.451350827227106954e-01 -1.030842176378872210e+00 2.605913420956095017e+00 -3.925899703422229159e+00 4.861591569563543658e+00 -5.321396980172976576e+00
5.021790031487486594e+00 -4.474991874343498210e+00 3.490150333434472341e+00 -2.163668560579645295e+00 6.253918338487494122e-01 9.741026029407382492e-01 -2.478245089981895966e+00 3.739799680665372605e+00 -4.635276621886653459e+00 5.077020391483769934e+00 -5.021790031478487570e+00 4.474991874320709329e+00 -3.490150333400128257e+00 2.163668560537078456e+00 -6.253918338021648982e-01 -9.741026029868153913e-01 2.478245090022937802e+00 -3.739799680697347917e+00 4.635276621906455397e+00 -5.077020391489448059e+00
-1.718546147220035403e+00 1.565981822854388472e+00 -1.260128286829935274e+00 8.309246142598156748e-01 -3.203842510532611820e-01 -2.215175548949034623e-01 7.417356791662630400e-01 -1.189347547184052445e+00 1.520537790611162121e+00 -1.702887200882646779e+00 1.718546147217982156e+00 -1.565981822847565041e+00 1.260128286819011345e+00 -8.309246142458508455e-01 3.203842510376349040e-01 2.215175549106732089e-01 -7.417356791806268834e-01 1.189347547195599208e+00 -1.520537790618770257e+00 1.702887200885566221e+00
-1.042970190890857296e+00 9.736518461155784232e-01 -8.090256748106451345e-01 5.652064336414597268e-01 -2.660608487223427021e-01 -5.912862582480377105e-02 3.785301785028199473e-01 -6.608785599339335182e-01 8.785355433066537323e-01 -1.010195346582959397e+00 1.042970190890302185e+00 -9.736518461120942103e-01 8.090256748045737689e-01 -5.652064336333901817e-01 2.660608487130719513e-01 5.912862583437515640e-02 -3.785301785117515805e-01 6.608785599413479206e-01 -8.785355433118305912e-01 1.010195346585388565e+00
-8.558125745585974942e-01 8.115362870756358538e-01 -6.878211735074585276e-01 4.967773311440705220e-01 -2.571054623568264641e-01 -7.733680445139640147e-03 2.718157967214074322e-01 -5.092906889624154720e-01 6.969126601306098179e-01 -8.163159644488006128e-01 8.558125745585165589e-01 -8.115362870731326339e-01 6.878211735027789375e-01 -4.967773311376686984e-01 2.571054623493345126e-01 7.733680452993940690e-03 -2.718157967288524768e-01 5.092906889687196514e-01 -6.969126601351608441e-01 8.163159644511499557e-01
-6.438265500941580122e+00 5.795062668812872353e+00 -4.584598726081667408e+00 2.925362317261395173e+00 -9.797710626281487256e-01 -1.061727010082091249e+00 2.999295845557806039e+00 -4.643272706345693557e+00 5.832733683050564721e+00 -6.451246047809934048e+00 6.438265500931760421e+00 -5.795062668785287308e+00 4.584598726039023298e+00 -2.925362317207829577e+00 9.797710625689527442e-01 1.061727010141167327e+00 -2.999295845610957745e+00 4.643272706387699067e+00 -5.832733683077344189e+00 6.451246047818847806e+00
-6.560078258115783711e+00 5.942126473328230851e+00 -4.742517948098358360e+00 3.078678723040417342e+00 -1.113476974153552401e+00 -9.607196590143521897e-01 2.940874358229895957e+00 -4.633155784983739700e+00 5.871911642406215215e+00 -6.535883876252540858e+00 6.560078258106889493e+00 -5.942126473301180489e+00 4.742517948055805732e+00 -3.078678722986490701e+00 1.113476974093578376e+00 9.607196590745474829e-01 -2.940874358284397694e+00 4.633155785027192941e+00 -5.871911642434400669e+00 6.535883876262681191e+00
-1.912544763924886704e+00 1.839677298763145785e+00 -1.586729401811982409e+00 1.178461375616750129e+00 -6.548373391522692710e-01 6.711326141117007760e-02 5.271803299624726602e-01 -1.069869837557754222e+00 1.507833031230797705e+00 -1.798199022115636758e+00 1.912544763925480229e+00 -1.839677298758287671e+00 1.586729401802150274e+00 -1.178461375602897654e+00 6.548373391357646955e-01 -6.711326139361645238e-02 -5.271803299793507147e-01 1.069869837572298366e+00 -1.507833031241595512e+00 1.798199022121623525e+00
1.429337228464451659e+00 -1.332183243208592049e+00 1.104625880240279079e+00 -7.689400397323575831e-01 3.579849906147097860e-01 8.801212361260152273e-02 -5.253939979641324420e-01 9.113466471594061646e-01 -1.208090336804735987e+00 1.386577727022609174e+00 -1.429337228463627429e+00 1.332183243203756140e+00 -1.104625880231906665e+00 7.689400397212610150e-01 -3.579849906019849648e-01 -8.801212362571855796e-02 5.253939979763528889e-01 -9.113466471695292892e-01 1.208090336811778798e+00 -1.386577727025877227e+00
-1.447526386260269193e+00 1.316119942328187076e+00 -1.055882508493433125e+00 6.922879379607206340e-01 -2.609274006063297402e-01 -1.959745287076558595e-01 6.336931057167881631e-01 -1.009381386338518816e+00 1.286264384091206692e+00 -1.437238861997378825e+00 1.447526386258453757e+00 -1.316119942322357961e+00 1.055882508484162097e+00 -6.922879379489075280e-01 2.609274005931412899e-01 1.959745287209385955e-01 -6.336931057288599511e-01 1.009381386348193965e+00 -1.286264384097544955e+00 1.437238861999755812e+00
-1.762094484287460627e+00 1.652805849759906520e+00 -1.381729062881418058e+00 9.753990082548491536e-01 -4.735901026952366033e-01 -7.457710181272528271e-02 6.154441799859861062e-01 -1.096067293770129458e+00 1.469399704089542347e+00 -1.698897033462094974e+00 1.762094484286755636e+00 -1.652805849754240830e+00 1.381729062871348113e+00 -9.753990082413520613e-01 4.735901026796451863e-01 7.457710182889643047e-02 -6.154441800011480890e-01 1.096067293782792440e+00 -1.469399704098476978e+00 1.698897033466420181e+00
-1.754047842445822569e+00 1.749512616369869322e+00 -1.573722905831480778e+00 1.243886232497187772e+00 -7.922893080603703453e-01 2.631375859459509359e-01 2.917718764683669419e-01 -8.181206747196004825e-01 1.264386121146894748e+00 -1.586884644539496181e+00 1.754047842448217098e+00 -1.749512616367172146e+00 1.573722905823958129e+00 -1.243886232485569066e+00 7.922893080458028869e-01 -2.631375859298497044e-01 -2.917718764844203228e-01 8.181206747340283858e-01 -1.264386121158295850e+00 1.586884644546746381e+00
-9.685507107959195894e-01 9.166933542975423954e-01 -7.751036653018400502e-01 5.576414290811644303e-01 -2.855933644654094494e-01 -1.441056851035707465e-02 3.130038946359829377e-01 -5.809582187280946108e-01 7.920443045968457163e-01 -9.255995754340423654e-01 9.685507107957760375e-01 -9.166933542946600344e-01 7.751036652965022089e-01 -5.576414290738888058e-01 2.855933644569145780e-01 1.441056851924599203e-02 -3.130038946443925996e-01 5.809582187351987059e-01 -7.920443046019541855e-01 9.255995754366518335e-01
-1.024064815920217919e+00 9.265286719072520771e-01 -7.382974459826299185e-01 4.777965220240292243e-01 -1.705255454853259467e-01 -1.534376595669156018e-01 4.623813174376197321e-01 -7.260638703571974384e-01 9.186742328613518582e-01 -1.021358360672760535e+00 1.024064815918797944e+00 -9.265286719029990348e-01 7.382974459759614749e-01 -4.777965220155923620e-01 1.705255454759539158e-01 1.534376595763123907e-01 -4.623813174461179343e-01 7.260638703639620273e-01 -9.186742328657261369e-01 1.021358360674313071e+00
-1.134384591252852736e+00 1.075281774380806521e+00 -9.109228855030999661e-01 6.573965178188927450e-01 -3.395195986193283444e-01 -1.159186446543017390e-02 3.615686350910323199e-01 -6.761525485169095351e-01 9.245499394617466837e-01 -1.082445940613332880e+00 1.134384591252733054e+00 -1.075281774377476740e+00 9.109228854968871580e-01 -6.573965178103997609e-01 3.395195986093939022e-01 1.159186447584109603e-02 -3.615686351008968180e-01 6.761525485252584122e-01 -9.245499394677691996e-01 1.082445940616435287e+00
