2.280506786278891251e+00 2.123312834903977819e+00 2.155971544410328899e-01 -1.869863179270575326e+00 -2.413753155601023437e+00 -9.676738358029863818e-01 1.276184336172336398e+00 2.467918499820524580e+00 1.625027859936344798e+00 -5.575836785504143522e-01 -2.280506786278153175e+00 -2.123312834904099944e+00 -2.155971544419148511e-01 1.869863179269659836e+00 2.413753155600830702e+00 9.676738358036752752e-01 -1.276184336171333866e+00 -2.467918499820035194e+00 -1.625027859936768015e+00 5.575836785494252545e-01
-1.473967733412901993e+00 -4.735253895096012577e+00 -4.092657077383190511e+00 -7.595305045681999268e-02 4.003368911532760421e+00 4.782195461827235761e+00 1.618439020551650120e+00 -2.879606285797140952e+00 -5.003619234952243033e+00 -3.002500902986906528e+00 1.473967733410880276e+00 4.735253895094625243e+00 4.092657077383582198e+00 7.595305045866962423e-02 -4.003368911530980512e+00 -4.782195461826990623e+00 -1.618439020553144925e+00 2.879606285795146103e+00 5.003619234951383277e+00 3.002500902987895515e+00
-2.053666335747159621e+00 -5.112003057933690364e+00 -3.955853678508013171e+00 4.616181530254794829e-01 4.498518363585633395e+00 4.826707349539729464e+00 1.175616430797000067e+00 -3.444687348789137182e+00 -5.225089275550530488e+00 -2.697773487371514012e+00 2.053666335745025329e+00 5.112003057932405170e+00 3.955853678508637117e+00 -4.616181530234582109e-01 -4.498518363583884572e+00 -4.826707349539693048e+00 -1.175616430798708700e+00 3.444687348787100145e+00 5.225089275549833268e+00 2.697773487372737478e+00
4.245247086738182851e+00 7.967910806506725230e+00 5.121593840555239474e+00 -1.947116151085577673e+00 -7.410566156772317115e+00 -6.764526845091748619e+00 -5.416120797911250229e-01 6.127823659162146441e+00 7.745300830800175618e+00 2.977323546664332188e+00 -4.245247086734964981e+00 -7.967910806505202004e+00 -5.121593840556667665e+00 1.947116151082371793e+00 7.410566156769982094e+00 6.764526845092206919e+00 5.416120797940023879e-01 -6.127823659159231440e+00 -7.745300830799610736e+00 -2.977323546666590826e+00
4.322142554299236217e+00 8.053870966624970151e+00 5.145750601798600776e+00 -2.004678335199822747e+00 -7.502391323839875170e+00 -6.814911618960714179e+00 -5.090177667641115899e-01 6.216525346042877764e+00 7.816981604577084575e+00 2.972887663181566165e+00 -4.322142554295986372e+00 -8.053870966623444261e+00 -5.145750601800058277e+00 2.004678335196580896e+00 7.502391323837526826e+00 6.814911618961193795e+00 5.090177667670261474e-01 -6.216525346039939670e+00 -7.816981604576529463e+00 -2.972887663183859885e+00
3.088192703368338066e+00 5.457349227881817200e+00 3.327306082149280808e+00 -1.545866337980710270e+00 -5.144580953110098775e+00 -4.501951288945292617e+00 -1.477801952525229501e-01 4.328225250244466693e+00 5.235914136639889804e+00 1.826960973329093907e+00 -3.088192703366152259e+00 -5.457349227880856191e+00 -3.327306082150338185e+00 1.545866337978504923e+00 5.144580953108566668e+00 4.501951288945696739e+00 1.477801952545307884e-01 -4.328225250242516253e+00 -5.235914136639593153e+00 -1.826960973330701954e+00
-1.927118949566501982e+00 -4.162202596273635535e+00 -2.965843656719902022e+00 6.756442722230994180e-01 3.760111134737067484e+00 3.744631471735405892e+00 6.419671739758704421e-01 -2.989953797097469224e+00 -4.156868667915520454e+00 -1.896738400337597774e+00 1.927118949564790684e+00 4.162202596272705613e+00 2.965843656720521526e+00 -6.756442722214400787e-01 -3.760111134735739213e+00 -3.744631471735502259e+00 -6.419671739773138430e-01 2.989953797095873611e+00 4.156868667915079918e+00 1.896738400338679797e+00
8.248258538543392637e-01 3.091351273693448976e-03 -8.211917524776466415e-01 -9.684601540948700737e-01 -3.173014395421414058e-01 5.954499407067402883e-01 1.017294826793853746e+00 6.004518521390271868e-01 -3.114213399957536099e-01 -9.665495939363487610e-01 -8.248258538544235297e-01 -3.091351274071091337e-03 8.211917524772869292e-01 9.684601540948249987e-01 3.173014395424484380e-01 -5.954499407063341687e-01 -1.017294826793683882e+00 -6.004518521392321340e-01 3.114213399953428274e-01 9.665495939360704281e-01
-1.545153349813508159e+00 -3.553370342241030766e+00 -2.632084016392159498e+00 4.591700069807030937e-01 3.171870733188668190e+00 3.269587671312268018e+00 6.717600953608521275e-01 -2.479886317048743294e+00 -3.587041304407227127e+00 -1.736933639140530339e+00 1.545153349812036669e+00 3.553370342240191437e+00 2.632084016392644887e+00 -4.591700069792918337e-01 -3.171870733187497127e+00 -3.269587671312300881e+00 -6.717600953620638249e-01 2.479886317047356403e+00 3.587041304406801245e+00 1.736933639141420516e+00
-1.374099116170681145e-01 -7.025231035213833630e-01 -6.884555276721801009e-01 -1.068049085285481120e-01 5.628988274610984277e-01 7.685321671572856728e-01 3.405649200738040117e-01 -3.681740922221525825e-01 -7.733795234425082654e-01 -5.409880643868655303e-01 1.374099116167597223e-01 7.025231035211402242e-01 6.884555276722027495e-01 1.068049085288181876e-01 -5.628988274608038855e-01 -7.685321671572092894e-01 -3.405649200740091254e-01 3.681740922218361689e-01 7.733795234423401777e-01 5.409880643869848793e-01
-1.704550059295154796e+00 -4.159086224022053635e+00 -3.184749031690975674e+00 4.151891978604074218e-01 3.672833206517863935e+00 3.902485187982307924e+00 9.148132750540570735e-01 -2.827057684625835510e+00 -4.238218903860486719e+00 -2.155267450727158085e+00 1.704550059293421960e+00 4.159086224021023348e+00 3.184749031691498367e+00 -4.151891978587611831e-01 -3.672833206516453952e+00 -3.902485187982295045e+00 -9.148132750554540671e-01 2.827057684624186606e+00 4.238218903859936937e+00 2.155267450728164835e+00
5.972041127314878572e+00 1.154663205057294384e+01 7.601838938634537080e+00 -2.610134413708157464e+00 -1.067023596839181820e+01 -9.933480267695179222e+00 -1.007270442187966353e+00 8.749362845718396287e+00 1.129276333752624950e+01 4.526076649136460794e+00 -5.972041127310196984e+00 -1.154663205057065234e+01 -7.601838938636529264e+00 2.610134413703521172e+00 1.067023596838836674e+01 9.933480267695752985e+00 1.007270442192099269e+00 -8.749362845714129477e+00 -1.129276333752534178e+01 -4.526076649139673336e+00
-9.467539696108147051e-01 -3.697332266460578332e+00 -3.399720788490632195e+00 -2.992792163135461481e-01 3.047896969157003255e+00 3.882296994268487733e+00 1.516016867344081698e+00 -2.100112280565324951e+00 -3.984846920693339456e+00 -2.584356224688143300e+00 9.467539696092149848e-01 3.697332266459401495e+00 3.399720788490848467e+00 2.992792163149794460e-01 -3.047896969155536873e+00 -3.882296994268195967e+00 -1.516016867345207020e+00 2.100112280563716460e+00 3.984846920692566297e+00 2.584356224688846293e+00
-2.585473959266097133e+00 -5.860832089743036377e+00 -4.304347377761093441e+00 8.007682709591686931e-01 5.245706938108066097e+00 5.365930081177524791e+00 1.062322194989730573e+00 -4.117095442381437209e+00 -5.902258161614594378e+00 -2.821425162858820723e+00 2.585473959263674182e+00 5.860832089741669471e+00 4.304347377761909677e+00 -8.007682709568391122e-01 -5.245706938106147632e+00 -5.365930081177597621e+00 -1.062322194991736746e+00 4.117095442379159032e+00 5.902258161613910481e+00 2.821425162860301317e+00
-1.743909167276654459e+00 -4.005876780664241466e+00 -2.965281421074148938e+00 5.199794042554846119e-01 3.576553871708469945e+00 3.684511835384248535e+00 7.548495657636653533e-01 -2.797132950473574908e+00 -4.043076559743155052e+00 -1.955788600939509569e+00 1.743909167274995786e+00 4.005876780663296444e+00 2.965281421074696944e+00 -5.199794042538934402e-01 -3.576553871707150112e+00 -3.684511835384286282e+00 -7.548495657650318158e-01 2.797132950472012158e+00 4.043076559742676324e+00 1.955788600940513877e+00
-1.041047910754531847e+00 -3.890441995401983988e+00 -3.532440948838836192e+00 -2.621913932412858195e-01 3.224216480388219175e+00 4.052485187982487247e+00 1.539765576871645614e+00 -2.242382191836758132e+00 -4.175843941601522502e+00 -2.666616777659976734e+00 1.041047910752853189e+00 3.890441995400766295e+00 3.532440948839083994e+00 2.621913932427963889e-01 -3.224216480386693284e+00 -4.052485187982202142e+00 -1.539765576872838881e+00 2.242382191835076810e+00 4.175843941600731135e+00 2.666616777660732129e+00
-1.983267408854670677e+00 -5.711061707822914890e+00 -4.730488284726776627e+00 1.500392080130998895e-01 4.906869952198110063e+00 5.618332377625348428e+00 1.697875875893253284e+00 -3.622359577478652781e+00 -5.956214952178038757e+00 -3.379591039270045005e+00 1.983267408852253944e+00 5.711061707821336597e+00 4.730488284727338844e+00 -1.500392080108581272e-01 -4.906869952196039719e+00 -5.618332377625154805e+00 -1.697875875895098252e+00 3.622359577476299108e+00 5.956214952177105282e+00 3.379591039271306663e+00
-1.954127621079702504e+00 -5.511904946579569753e+00 -4.525505258195392067e+00 1.918544467006180199e-01 4.751043686909960151e+00 5.393332377625447371e+00 1.589198777649892147e+00 -3.525117168697540215e+00 -5.733222546376809170e+00 -3.214690153044782228e+00 1.954127621077374144e+00 5.511904946578064290e+00 4.525505258195952507e+00 -1.918544466984524188e-01 -4.751043686907976848e+00 -5.393332377625280394e+00 -1.589198777651680938e+00 3.525117168695277137e+00 5.733222546375927209e+00 3.214690153046014132e+00
1.330677650562652747e-01 -1.208413797264961342e+00 -1.553643382454491517e+00 -6.180035377922310502e-01 8.271366516967193494e-01 1.590360988788060093e+00 1.042444818365166226e+00 -3.648936076604634149e-01 -1.471402980842379193e+00 -1.364844336976277939e+00 -1.330677650568340420e-01 1.208413797264373368e+00 1.553643382454369393e+00 6.180035377926761386e-01 -8.271366516960745319e-01 -1.590360988787746566e+00 -1.042444818365443338e+00 3.648936076598270351e-01 1.471402980841905572e+00 1.364844336976358541e+00
-2.455460376322474492e+00 -5.450754681314077921e+00 -3.952286054758977762e+00 8.045637696566789732e-01 4.898107491424946502e+00 4.953506925549277184e+00 9.250891445084072906e-01 -3.865999413153270226e+00 -5.469844025354231754e+00 -2.564187887733704763e+00 2.455460376320226068e+00 5.450754681312829142e+00 3.952286054759759359e+00 -8.045637696545095974e-01 -4.898107491423180804e+00 -4.953506925549369555e+00 -9.250891445102836785e-01 3.865999413151163910e+00 5.469844025353621575e+00 2.564187887735098759e+00
