-2.064589803383207745e+00 -6.761929023845803854e+00 -8.876441186714806975e+00 -7.600454515399188260e+00 -3.421352549149189848e+00 2.064589803379896171e+00 6.761929023845127062e+00 8.876441186717020315e+00 7.600454515403452405e+00 3.421352549153866107e+00 -2.064589803376584598e+00 -6.761929023844450271e+00 -8.876441186719235432e+00 -7.600454515407713885e+00 -3.421352549158554801e+00 2.064589803373280130e+00 6.761929023843770814e+00 8.876441186721452326e+00 7.600454515411971812e+00 3.421352549163228840e+00
-1.585942352537389466e+00 -4.931559480314001931e+00 -6.393488504153231666e+00 -5.413322226088351563e+00 -2.365450849713309989e+00 1.585942352535046673e+00 4.931559480313570276e+00 6.393488504154873020e+00 5.413322226091443312e+00 2.365450849716665083e+00 -1.585942352532703881e+00 -4.931559480313138621e+00 -6.393488504156515262e+00 -5.413322226094532397e+00 -2.365450849720028614e+00 1.585942352530366639e+00 4.931559480312704302e+00 6.393488504158158392e+00 5.413322226097620593e+00 2.365450849723380600e+00
5.604101966243876243e-01 4.772542485932164125e-01 2.118033988747587970e-01 -1.345491502811181073e-01 -4.295084971870761215e-01 -5.604101966245295108e-01 -4.772542485934861967e-01 -2.118033988750537833e-01 1.345491502809108564e-01 4.295084971870357649e-01 5.604101966246713973e-01 4.772542485937562029e-01 2.118033988753482422e-01 -1.345491502807035777e-01 -4.295084971869950752e-01 -5.604101966248131728e-01 -4.772542485940261536e-01 -2.118033988756437280e-01 1.345491502804967154e-01 4.295084971869549406e-01
4.106134621032850873e-01 4.906559480316571964e+00 7.528366544872875821e+00 7.274593469056279460e+00 4.242172942398779512e+00 -4.106134620998973528e-01 -4.906559480315247690e+00 -7.528366544874119271e+00 -7.274593469059620787e+00 -4.242172942402932634e+00 4.106134620965091742e-01 4.906559480313924304e+00 7.528366544875362720e+00 7.274593469062956785e+00 4.242172942407095526e+00 -4.106134620931276569e-01 -4.906559480312596477e+00 -7.528366544876607058e+00 -7.274593469066292784e+00 -4.242172942411246872e+00
8.864745084446229439e-01 4.353444185378000597e+00 6.157546151623344066e+00 5.609674775245402145e+00 2.919098300557058767e+00 -8.864745084420895260e-01 -4.353444185377226106e+00 -6.157546151624621267e+00 -5.609674775248247869e+00 -2.919098300560378778e+00 8.864745084395564412e-01 4.353444185376451614e+00 6.157546151625898467e+00 5.609674775251090928e+00 2.919098300563707671e+00 -8.864745084370284633e-01 -4.353444185375673570e+00 -6.157546151627178332e+00 -5.609674775253933099e+00 -2.919098300567025461e+00
-8.248743750473259695e-01 -8.681356214851147612e+00 -1.322185504902859243e+01 -1.271205464880314828e+01 -7.346681439582026130e+00 8.248743750414204712e-01 8.681356214848880981e+00 1.322185504903082531e+01 1.271205464880903513e+01 7.346681439589305640e+00 -8.248743750355154170e-01 -8.681356214846612573e+00 -1.322185504903305819e+01 -1.271205464881491665e+01 -7.346681439596604690e+00 8.248743750296210209e-01 8.681356214844340613e+00 1.322185504903529285e+01 1.271205464882079639e+01 7.346681439603879760e+00
2.143566144659705852e+00 3.880166278063949648e+00 4.134674775249465917e+00 2.809878040716892400e+00 4.118033988725146033e-01 -2.143566144658673789e+00 -3.880166278064296037e+00 -4.134674775251056644e+00 -2.809878040719122616e+00 -4.118033988745283258e-01 2.143566144657642170e+00 3.880166278064642427e+00 4.134674775252646484e+00 2.809878040721351500e+00 4.118033988765478215e-01 -2.143566144656613215e+00 -3.880166278064987484e+00 -4.134674775254239876e+00 -2.809878040723578607e+00 -4.118033988785596566e-01
-1.963196601131579566e+00 -5.583813728907692564e+00 -7.071603799090241615e+00 -5.858281572993962349e+00 -2.407294901681545252e+00 1.963196601129078900e+00 5.583813728907331075e+00 7.071603799092157416e+00 5.858281572997425357e+00 2.407294901685226751e+00 -1.963196601126578233e+00 -5.583813728906971363e+00 -7.071603799094070553e+00 -5.858281573000885700e+00 -2.407294901688918021e+00 1.963196601124083340e+00 5.583813728906607210e+00 7.071603799095989018e+00 5.858281573004344267e+00 2.407294901692596856e+00
-2.392705098318959500e+00 -6.088322226094811995e+00 -7.458407197964803004e+00 -5.979634122149883879e+00 -2.216844051962688411e+00 2.392705098316461054e+00 6.088322226094611267e+00 7.458407197966974600e+00 5.979634122153602682e+00 2.216844051966526674e+00 -2.392705098313962608e+00 -6.088322226094411427e+00 -7.458407197969146196e+00 -5.979634122157319709e+00 -2.216844051970374707e+00 2.392705098311470380e+00 6.088322226094208922e+00 7.458407197971321345e+00 5.979634122161033183e+00 2.216844051974209862e+00
5.218566144665325979e+00 1.094070209965705409e+01 1.248386171336870021e+01 9.258610463428221138e+00 2.496884705053993070e+00 -5.218566144661668460e+00 -1.094070209965739693e+01 -1.248386171337291195e+01 -9.258610463434695959e+00 -2.496884705060248510e+00 5.218566144658010941e+00 1.094070209965774154e+01 1.248386171337712014e+01 9.258610463441165450e+00 2.496884705066520382e+00 -5.218566144654363193e+00 -1.094070209965808083e+01 -1.248386171338133543e+01 -9.258610463447633165e+00 -2.496884705072769606e+00
5.251722092696393673e+00 1.085164445218817697e+01 1.230660746477486356e+01 9.060864712021921008e+00 2.354179606741531483e+00 -5.251722092692832966e+00 -1.085164445218857487e+01 -1.230660746477906642e+01 -9.060864712028326551e+00 -2.354179606747682119e+00 5.251722092689274035e+00 1.085164445218897455e+01 1.230660746478326573e+01 9.060864712034726765e+00 2.354179606753850518e+00 -5.251722092685725762e+00 -1.085164445218937068e+01 -1.230660746478747214e+01 -9.060864712041123425e+00 -2.354179606759996268e+00
2.855369543536877774e+00 6.291437521032339220e+00 7.324390203590749771e+00 5.559674775244986655e+00 1.671352549151340794e+00 -2.855369543534642673e+00 -6.291437521032424485e+00 -7.324390203593122983e+00 -5.559674775248742762e+00 -1.671352549155039391e+00 2.855369543532408017e+00 6.291437521032511526e+00 7.324390203595493531e+00 5.559674775252496204e+00 1.671352549158747980e+00 -2.855369543530179133e+00 -6.291437521032595015e+00 -7.324390203597869409e+00 -5.559674775256247869e+00 -1.671352549162443690e+00
-1.143237254225273558e+00 -4.719756081439588691e+00 -6.493488504153804186e+00 -5.786929023838723651e+00 -2.869959346900912145e+00 1.143237254222692068e+00 4.719756081438887918e+00 6.493488504155250141e+00 5.786929023841768327e+00 2.869959346904384034e+00 -1.143237254220110799e+00 -4.719756081438188033e+00 -6.493488504156696095e+00 -5.786929023844809450e+00 -2.869959346907865694e+00 1.143237254217535082e+00 4.719756081437485484e+00 6.493488504158143826e+00 5.786929023847849685e+00 2.869959346911335363e+00
8.315594803221683373e-02 4.463525491571447845e-01 6.390576474692807318e-01 5.876644452187751444e-01 3.118033988745919083e-01 -8.315594803195011653e-02 -4.463525491570594639e-01 -6.390576474694091846e-01 -5.876644452190685763e-01 -3.118033988749377428e-01 8.315594803168338545e-02 4.463525491569740877e-01 6.390576474695375264e-01 5.876644452193617862e-01 3.118033988752844099e-01 -8.315594803141720948e-02 -4.463525491568884895e-01 -6.390576474696660902e-01 -5.876644452196549961e-01 -3.118033988756300223e-01
-8.704915028185801207e-01 -3.890779740158599953e+00 -5.424922359498191682e+00 -4.886929023839378772e+00 -2.482294901682620569e+00 8.704915028163869861e-01 3.890779740157967570e+00 5.424922359499359636e+00 4.886929023841903863e+00 2.482294901685533350e+00 -8.704915028141938516e-01 -3.890779740157335631e+00 -5.424922359500527591e+00 -4.886929023844426290e+00 -2.482294901688453681e+00 8.704915028120054910e-01 3.890779740156700583e+00 5.424922359501696434e+00 4.886929023846949605e+00 2.482294901691364242e+00
-1.690983005649267512e-01 -1.334016994375921250e+00 -1.989386537905536656e+00 -1.884878040716959191e+00 -1.060410196622959322e+00 1.690983005640575576e-01 1.334016994375605503e+00 1.989386537905893926e+00 1.884878040717854475e+00 1.060410196624048451e+00 -1.690983005631884195e-01 -1.334016994375289311e+00 -1.989386537906251196e+00 -1.884878040718748649e+00 -1.060410196625140244e+00 1.690983005623211133e-01 1.334016994374972676e+00 1.989386537906608909e+00 1.884878040719642600e+00 1.060410196626228707e+00
-2.009549150287239794e+00 -5.463322226095002065e+00 -6.830291903028066436e+00 -5.588322226088336286e+00 -2.211803398869668591e+00 2.009549150284873242e+00 5.463322226094716960e+00 6.830291903029969802e+00 5.588322226091704259e+00 2.211803398873208870e+00 -2.009549150282506691e+00 -5.463322226094431855e+00 -6.830291903031871392e+00 -5.588322226095070455e+00 -2.211803398876757587e+00 2.009549150280145913e+00 5.463322226094144973e+00 6.830291903033777423e+00 5.588322226098433987e+00 2.211803398880295202e+00
7.227583139044055471e+00 1.513320393250104878e+01 1.725845518242838850e+01 1.279156314598653665e+01 3.438728757018935323e+00 -7.227583139039003512e+00 -1.513320393250153195e+01 -1.725845518243421850e+01 -1.279156314599549127e+01 -3.438728757027580851e+00 7.227583139033953330e+00 1.513320393250201512e+01 1.725845518244003785e+01 1.279156314600443878e+01 3.438728757036249473e+00 -7.227583139028917358e+00 -1.513320393250249296e+01 -1.725845518244587851e+01 -1.279156314601338096e+01 -3.438728757044887008e+00
-4.960236587251440898e-01 -3.804837387627445722e+00 -5.660332556123119474e+00 -5.353773075808018866e+00 -3.002254248588741348e+00 4.960236587226776184e-01 3.804837387626554879e+00 5.660332556124142656e+00 5.353773075810569715e+00 3.002254248591837538e+00 -4.960236587202111469e-01 -3.804837387625664924e+00 -5.660332556125166725e+00 -5.353773075813117011e+00 -3.002254248594941721e+00 4.960236587177497825e-01 3.804837387624771861e+00 5.660332556126191683e+00 5.353773075815664306e+00 3.002254248598037023e+00
-2.796352549164092594e+00 -7.265044318782767796e+00 -8.958736088401872522e+00 -7.230495168492687696e+00 -2.740450849711609127e+00 2.796352549161057688e+00 7.265044318782482691e+00 8.958736088404446463e+00 7.230495168497138359e+00 2.740450849716230319e+00 -2.796352549158023670e+00 -7.265044318782199362e+00 -8.958736088407015075e+00 -7.230495168501585468e+00 -2.740450849720863058e+00 2.796352549154996314e+00 7.265044318781912480e+00 8.958736088409592568e+00 7.230495168506031689e+00 2.740450849725480253e+00
