-2.089057647467221557e+00 -1.018440519683322165e+00 2.718488504151935103e+00 -6.616777739079545695e-01 -2.309549150277057983e+00 2.089057647467511991e+00 1.018440519684911783e+00 -2.718488504153207863e+00 6.616777739071537656e-01 2.309549150278829899e+00 -2.089057647467802870e+00 -1.018440519686501844e+00 2.718488504154481955e+00 -6.616777739063504082e-01 -2.309549150280596486e+00 2.089057647468096857e+00 1.018440519688087686e+00 -2.718488504155755159e+00 6.616777739055431651e-01 2.309549150282364405e+00
-1.104101966251754968e-01 1.977457514062746224e-01 -1.180339887474752929e-02 -1.904508497189489613e-01 1.295084971873393942e-01 1.104101966253042133e-01 -1.977457514063508948e-01 1.180339887466603371e-02 1.904508497190755822e-01 -1.295084971873360358e-01 -1.104101966254329159e-01 1.977457514064271671e-01 -1.180339887458448957e-02 -1.904508497192022587e-01 1.295084971873329827e-01 1.104101966255612993e-01 -1.977457514065035227e-01 1.180339887450326981e-02 1.904508497193291017e-01 -1.295084971873300406e-01
2.814386537902653362e+00 9.934405196839978247e-01 -3.428366544869184018e+00 1.125406530937653748e+00 2.732827057589399367e+00 -2.814386537903215579e+00 -9.934405196858981935e-01 3.428366544870919963e+00 -1.125406530936829075e+00 -2.732827057591650011e+00 2.814386537903778240e+00 9.934405196877991173e-01 -3.428366544872658128e+00 1.125406530936001293e+00 2.732827057593894438e+00 -2.814386537904343566e+00 -9.934405196896942680e-01 3.428366544874394517e+00 -1.125406530935168847e+00 -2.732827057596140197e+00
2.563525491559365488e+00 1.446555814621025560e+00 -3.457546151619316444e+00 6.903252247504703121e-01 3.030901699432872576e+00 -2.563525491559633274e+00 -1.446555814623101899e+00 3.457546151620866759e+00 -6.903252247493555371e-01 -3.030901699435117003e+00 2.563525491559901504e+00 1.446555814625178460e+00 -3.457546151622419295e+00 6.903252247482372095e-01 3.030901699437355656e+00 -2.563525491560173730e+00 -1.446555814627249470e+00 3.457546151623970943e+00 -6.903252247471141079e-01 -3.030901699439596086e+00
-5.800125624962259252e+00 -1.693643785146966341e+00 6.846855049019095141e+00 -2.537945351189629939e+00 -5.278318560395732995e+00 5.800125624963577309e+00 1.693643785150657166e+00 -6.846855049022692263e+00 2.537945351188168441e+00 5.278318560400244941e+00 -5.800125624964896254e+00 -1.693643785154349324e+00 6.846855049026293827e+00 -2.537945351186699838e+00 -5.278318560404743565e+00 5.800125624966220528e+00 1.693643785158029935e+00 -6.846855049029892726e+00 2.537945351185222798e+00 5.278318560409243076e+00
1.081433855340908856e+00 -4.801662780628732086e-01 -7.846747752467845283e-01 9.651219592800868163e-01 1.881966011230526425e-01 -1.081433855341513262e+00 4.801662780626920757e-01 7.846747752475002891e-01 -9.651219592803487179e-01 -1.881966011236081981e-01 1.081433855342117667e+00 -4.801662780625109983e-01 -7.846747752482168270e-01 9.651219592806100644e-01 1.881966011241612002e-01 -1.081433855342721628e+00 4.801662780623315308e-01 7.846747752489316996e-01 -9.651219592808709669e-01 -1.881966011247140358e-01
-2.186803398873249815e+00 -1.391186271088966198e+00 3.046603799088752229e+00 -4.917184270018520875e-01 -2.742705098307628653e+00 2.186803398873407467e+00 1.391186271090837367e+00 -3.046603799090065845e+00 4.917184270007955438e-01 2.742705098309599521e+00 -2.186803398873565563e+00 -1.391186271092708981e+00 3.046603799091380793e+00 -4.917184269997358914e-01 -2.742705098311565504e+00 2.186803398873727211e+00 1.391186271094575932e+00 -3.046603799092696185e+00 4.917184269986718537e-01 2.742705098313533263e+00
-2.057294901686366195e+00 -1.336677773902325894e+00 2.883407197964826363e+00 -4.453658778454744893e-01 -2.608155948027507165e+00 2.057294901686502087e+00 1.336677773904104249e+00 -2.883407197966060487e+00 4.453658778444618549e-01 2.608155948029371451e+00 -2.057294901686637978e+00 -1.336677773905882605e+00 2.883407197967296831e+00 -4.453658778434461674e-01 -2.608155948031231741e+00 2.057294901686777866e+00 1.336677773907656741e+00 -2.883407197968532287e+00 4.453658778424263720e-01 2.608155948033092475e+00
4.156433855338927508e+00 9.342979003383983239e-01 -4.733861713366454893e+00 1.991389536563216600e+00 3.503115294930627677e+00 -4.156433855339997763e+00 -9.342979003408653504e-01 4.733861713369047486e+00 -1.991389536562356621e+00 -3.503115294933760726e+00 4.156433855341068906e+00 9.342979003433330432e-01 -4.733861713371644520e+00 1.991389536561492424e+00 3.503115294936883561e+00 -4.156433855342142714e+00 -9.342979003457927423e-01 4.733861713374238889e+00 -1.991389536560622009e+00 -3.503115294940008617e+00
3.798277907307975099e+00 1.348355547807242649e+00 -4.631607464772956817e+00 1.514135287969437194e+00 3.695820393243308022e+00 -3.798277907308730494e+00 -1.348355547809812149e+00 4.631607464775298055e+00 -1.514135287968319199e+00 -3.695820393246348701e+00 3.798277907309486334e+00 1.348355547812382538e+00 -4.631607464777643735e+00 1.514135287967196986e+00 3.695820393249380054e+00 -3.798277907310245727e+00 -1.348355547814945155e+00 4.631607464779986749e+00 -1.514135287966068333e+00 -3.695820393252413627e+00
1.569630456465773261e+00 5.335624789660384781e-01 -1.899390203588695369e+00 6.403252247500585970e-01 1.503647450839685984e+00 -1.569630456466095891e+00 -5.335624789670854184e-01 1.899390203589664372e+00 -6.403252247496125094e-01 -1.503647450840933653e+00 1.569630456466418966e+00 5.335624789681323588e-01 -1.899390203590634929e+00 6.403252247491645344e-01 1.503647450842177991e+00 -1.569630456466743595e+00 -5.335624789691763015e-01 1.899390203591604376e+00 -6.403252247487141169e-01 -1.503647450843422995e+00
-1.981762745779376500e+00 -1.030243918558566563e+00 2.618488504151740504e+00 -5.880709761576080608e-01 -2.255040653089589231e+00 1.981762745779623192e+00 1.030243918560115546e+00 -2.618488504152943985e+00 5.880709761568053695e-01 2.255040653091293201e+00 -1.981762745779870105e+00 -1.030243918561664973e+00 2.618488504154148799e+00 -5.880709761560001247e-01 -2.255040653092991842e+00 1.981762745780119905e+00 1.030243918563209959e+00 -2.618488504155353613e+00 5.880709761551911052e-01 2.255040653094692260e+00
-3.081559480308674881e-01 2.786474508433458008e-01 1.359423525312538350e-01 -3.626644452183227507e-01 8.819660112473012847e-02 3.081559480311035770e-01 -2.786474508433846031e-01 -1.359423525314658321e-01 3.626644452184926148e-01 -8.819660112462270052e-02 -3.081559480313397215e-01 2.786474508434234054e-01 1.359423525316779957e-01 -3.626644452186624235e-01 8.819660112451606360e-02 3.081559480315754773e-01 -2.786474508434625408e-01 -1.359423525318895487e-01 3.626644452188323431e-01 -8.819660112440953770e-02
-1.429508497186689375e+00 -1.934220259838840494e+00 2.624922359495835966e+00 3.119290238414954564e-01 -2.817705098307945910e+00 1.429508497186330551e+00 1.934220259840716771e+00 -2.624922359496636215e+00 -3.119290238428742423e-01 2.817705098309602363e+00 -1.429508497185972171e+00 -1.934220259842593270e+00 2.624922359497438684e+00 3.119290238442561369e-01 -2.817705098311255263e+00 1.429508497185617788e+00 1.934220259844466216e+00 -2.624922359498241597e+00 -3.119290238456421394e-01 2.817705098312910827e+00
-2.809016994371334452e-01 -2.159830056240392981e-01 4.143865379051836495e-01 -4.012195928167576475e-02 -3.895898033739551014e-01 2.809016994371368869e-01 2.159830056243033924e-01 -4.143865379053502940e-01 4.012195928151500446e-02 3.895898033742216660e-01 -2.809016994371403841e-01 -2.159830056245675978e-01 4.143865379055171605e-01 -4.012195928135382783e-02 -3.895898033744876199e-01 2.809016994371444365e-01 2.159830056248311370e-01 -4.143865379056839715e-01 4.012195928119204058e-02 3.895898033747537959e-01
-2.065450849716723436e+00 -7.116777739026651783e-01 2.505291903026773959e+00 -8.366777739073903986e-01 -1.988196601120988838e+00 2.065450849717143544e+00 7.116777739040488493e-01 -2.505291903028048051e+00 8.366777739067970954e-01 1.988196601122634410e+00 -2.065450849717564097e+00 -7.116777739054327423e-01 2.505291903029324807e+00 -8.366777739062012387e-01 -1.988196601124275320e+00 2.065450849717987314e+00 7.116777739068125275e-01 -2.505291903030600231e+00 8.366777739056019403e-01 1.988196601125917118e+00
5.047416860963144458e+00 1.716796067492301736e+00 -6.108455182426379082e+00 2.058436854001678196e+00 4.836271242959360173e+00 -5.047416860964181851e+00 -1.716796067495668821e+00 6.108455182429495700e+00 -2.058436854000242899e+00 -4.836271242963372963e+00 5.047416860965220131e+00 1.716796067499036349e+00 -6.108455182432617647e+00 2.058436853998801830e+00 4.836271242967374207e+00 -5.047416860966263741e+00 -1.716796067502394108e+00 6.108455182435734265e+00 -2.058436853997352767e+00 -4.836271242971378115e+00
-2.228976341279359286e+00 -1.345162612370235822e+00 3.060332556120073377e+00 -5.462269241892359073e-01 -2.722745751401476344e+00 2.228976341279552464e+00 1.345162612372096778e+00 -3.060332556121416303e+00 5.462269241882078408e-01 2.722745751403459646e+00 -2.228976341279746531e+00 -1.345162612373957955e+00 3.060332556122761005e+00 -5.462269241871768877e-01 -2.722745751405438064e+00 2.228976341279943707e+00 1.345162612375814470e+00 -3.060332556124105707e+00 5.462269241861413827e-01 2.722745751407416925e+00
-2.628647450841361533e+00 -1.059955681214268308e+00 3.283736088400745157e+00 -9.695048315014770379e-01 -2.684549150276342999e+00 2.628647450841826938e+00 1.059955681216127710e+00 -3.283736088402358977e+00 9.695048315006181694e-01 2.684549150278493279e+00 -2.628647450842292788e+00 -1.059955681217987111e+00 3.283736088403975018e+00 -9.695048314997560812e-01 -2.684549150280636454e+00 2.628647450842761746e+00 1.059955681219841406e+00 -3.283736088405589282e+00 9.695048314988896632e-01 2.684549150282781405e+00
-1.986271242967369677e+00 -1.023810063215045307e+00 2.619020660058739125e+00 -5.948337219389698838e-01 -2.251393202246432690e+00 1.986271242967621253e+00 1.023810063216592070e+00 -2.619020660059946159e+00 5.948337219381713004e-01 2.251393202248136660e+00 -1.986271242967872830e+00 -1.023810063218139499e+00 2.619020660061154526e+00 -5.948337219373700524e-01 -2.251393202249836634e+00 1.986271242968127293e+00 1.023810063219682265e+00 -2.619020660062362005e+00 5.948337219365651407e-01 2.251393202251537495e+00
