2.917705098296063948e+00 -1.829634122133596108e+00 4.270509829183357503e-02 1.760535821607007279e+00 -2.891311896066899756e+00 2.917705098308833289e+00 -1.829634122146787778e+00 4.270509830041557819e-02 1.760535821606319162e+00 -2.891311896074367116e+00 2.917705098321599966e+00 -1.829634122159980780e+00 4.270509830898413378e-02 1.760535821605631712e+00 -2.891311896081830479e+00 2.917705098334366642e+00 -1.829634122173174671e+00 4.270509831757413055e-02 1.760535821604952034e+00 -2.891311896089300060e+00
-3.192705098294881250e+00 1.949061313131773998e+00 3.905764749118012524e-02 -2.012257914295932704e+00 3.216844051974154350e+00 -3.192705098309102762e+00 1.949061313146223329e+00 3.905764748201443620e-02 -2.012257914295559225e+00 3.216844051982713282e+00 -3.192705098323322499e+00 1.949061313160674436e+00 3.905764747286361027e-02 -2.012257914295185746e+00 3.216844051991268216e+00 -3.192705098337540459e+00 1.949061313175126653e+00 3.905764746368905332e-02 -2.012257914294821148e+00 3.216844051999829812e+00
-2.594959346891215990e+00 1.514183272418247128e+00 1.449593469228977194e-01 -1.748732422728876967e+00 2.684549150284296193e+00 -2.594959346903102926e+00 1.514183272430010385e+00 1.449593469157452463e-01 -1.748732422729073255e+00 2.684549150291764885e+00 -2.594959346914988974e+00 1.514183272441775419e+00 1.449593469086050135e-01 -1.748732422729270208e+00 2.684549150299230469e+00 -2.594959346926873245e+00 1.514183272453541118e+00 1.449593469014451852e-01 -1.748732422729473823e+00 2.684549150306701382e+00
1.295084971859912504e-01 -7.274575140387985750e-02 -1.180339887741557563e-02 9.184405197043427060e-02 -1.368033988754063790e-01 1.295084971865977930e-01 -7.274575140446772059e-02 -1.180339887707060505e-02 9.184405197046427438e-02 -1.368033988757998143e-01 1.295084971872042523e-01 -7.274575140505566695e-02 -1.180339887672625376e-02 9.184405197049429204e-02 -1.368033988761930830e-01 1.295084971878106284e-01 -7.274575140564364106e-02 -1.180339887638090848e-02 9.184405197052462888e-02 -1.368033988765865738e-01
2.390450849708225078e+00 -1.662790070169597456e+00 2.999999999816131968e-01 1.177379873576186675e+00 -2.205040653100464265e+00 2.390450849717917770e+00 -1.662790070180360180e+00 2.999999999893400160e-01 1.177379873574452063e+00 -2.205040653105383441e+00 2.390450849727608240e+00 -1.662790070191123792e+00 2.999999999970561770e-01 1.177379873572717672e+00 -2.205040653110298621e+00 2.390450849737300043e+00 -1.662790070201888071e+00 3.000000000047892135e-01 1.177379873570990165e+00 -2.205040653115220017e+00
2.030901699429354945e+00 -1.428773075798222880e+00 2.809016994225941311e-01 9.742645786363701710e-01 -1.857294901693472777e+00 2.030901699437513752e+00 -1.428773075807362014e+00 2.809016994292271030e-01 9.742645786347813308e-01 -1.857294901697534417e+00 2.030901699445671671e+00 -1.428773075816502258e+00 2.809016994358510266e-01 9.742645786331929347e-01 -1.857294901701592060e+00 2.030901699453829590e+00 -1.428773075825642946e+00 2.809016994424892166e-01 9.742645786316103118e-01 -1.857294901705655699e+00
-5.798074641808496743e+00 3.426441186673270689e+00 2.539763413206604925e-01 -3.837383539273727884e+00 5.955040653100099668e+00 -5.798074641834855214e+00 3.426441186699542119e+00 2.539763413044957563e-01 -3.837383539273858002e+00 5.955040653116471461e+00 -5.798074641861209244e+00 3.426441186725817101e+00 2.539763412883582205e-01 -3.837383539273989008e+00 5.955040653132837036e+00 -5.798074641887560610e+00 3.426441186752094303e+00 2.539763412721771640e-01 -3.837383539274135114e+00 5.955040653149213270e+00
5.272542485911101418e-01 -2.868033988715094074e-01 -6.319660112824443399e-02 3.890576474709961929e-01 -5.663118960635085131e-01 5.272542485936235757e-01 -2.868033988739053242e-01 -6.319660112687974785e-02 3.890576474711852639e-01 -5.663118960651786216e-01 5.272542485961364545e-01 -2.868033988763015185e-01 -6.319660112551758746e-02 3.890576474713743904e-01 -5.663118960668483970e-01 5.272542485986490002e-01 -2.868033988786979349e-01 -6.319660112415134701e-02 3.890576474715647937e-01 -5.663118960685188386e-01
-2.505901699420914674e+00 1.254634122136306429e+00 4.758610463602697127e-01 -2.024593469071932272e+00 2.800000000002125233e+00 -2.505901699433369156e+00 1.254634122147723074e+00 4.758610463542444213e-01 -2.024593469073606045e+00 2.800000000010856471e+00 -2.505901699445821862e+00 1.254634122159141718e+00 4.758610463482313424e-01 -2.024593469075280261e+00 2.800000000019586821e+00 -2.505901699458271459e+00 1.254634122170561472e+00 4.758610463421984460e-01 -2.024593469076960695e+00 2.800000000028319391e+00
-2.157294901676557686e+00 1.254634122140147134e+00 1.272542486092074487e-01 -1.460535821604669993e+00 2.235942352536333555e+00 -2.157294901686459987e+00 1.254634122149927533e+00 1.272542486032790243e-01 -1.460535821604863171e+00 2.235942352542573008e+00 -2.157294901696360512e+00 1.254634122159709486e+00 1.272542485973607584e-01 -1.460535821605056572e+00 2.235942352548810241e+00 -2.157294901706260148e+00 1.254634122169491883e+00 1.272542485914262000e-01 -1.460535821605255746e+00 2.235942352555051027e+00
2.674138953642853256e+00 -1.551847717635570501e+00 -1.631966011455416588e-01 1.815905365139996341e+00 -2.775000000007277201e+00 2.674138953655143869e+00 -1.551847717647695246e+00 -1.631966011382071924e-01 1.815905365140260130e+00 -2.775000000015036328e+00 2.674138953667432261e+00 -1.551847717659821546e+00 -1.631966011308853826e-01 1.815905365140523919e+00 -2.775000000022792346e+00 2.674138953679719322e+00 -1.551847717671948734e+00 -1.631966011235433112e-01 1.815905365140794814e+00 -2.775000000030553693e+00
3.326393202232423185e+00 -2.152708763973342432e+00 1.567627457553853465e-01 1.899061313174124965e+00 -3.229508497194743200e+00 3.326393202246666903e+00 -2.152708763988363305e+00 1.567627457654531820e-01 1.899061313172862864e+00 -3.229508497202767892e+00 3.326393202260908843e+00 -2.152708764003385955e+00 1.567627457755057518e-01 1.899061313171601872e+00 -3.229508497210786810e+00 3.326393202275149896e+00 -2.152708764018409493e+00 1.567627457855825246e-01 1.899061313170349319e+00 -3.229508497218814167e+00
1.946352549145351940e+00 -1.177912029453618281e+00 -4.045084973266506456e-02 1.243362879196617810e+00 -1.971352549159557821e+00 1.946352549154070299e+00 -1.177912029462429677e+00 -4.045084972712111732e-02 1.243362879196463489e+00 -1.971352549164850920e+00 1.946352549162786882e+00 -1.177912029471242628e+00 -4.045084972158624614e-02 1.243362879196309390e+00 -1.971352549170141355e+00 1.946352549171502799e+00 -1.177912029480055800e+00 -4.045084971603687268e-02 1.243362879196160620e+00 -1.971352549175436009e+00
-2.444959346890846597e+00 1.371478174105741576e+00 2.258610463601014862e-01 -1.736929023853339027e+00 2.584549150283564689e+00 -2.444959346902305874e+00 1.371478174116840254e+00 2.258610463535968282e-01 -1.736929023853918563e+00 2.584549150291005404e+00 -2.444959346913763820e+00 1.371478174127940486e+00 2.258610463471038277e-01 -1.736929023854498766e+00 2.584549150298443898e+00 -2.444959346925219990e+00 1.371478174139041384e+00 2.258610463405920921e-01 -1.736929023855084742e+00 2.584549150305886389e+00
9.045084971788192041e-02 -6.094235253053385815e-02 8.155948030881618113e-03 4.774575140616094115e-02 -8.541019662454993333e-02 9.045084971825793907e-02 -6.094235253094164306e-02 8.155948031165601020e-03 4.774575140610941987e-02 -8.541019662475050900e-02 9.045084971863390222e-02 -6.094235253134946267e-02 8.155948031449174532e-03 4.774575140605791940e-02 -8.541019662495095977e-02 9.045084971900986537e-02 -6.094235253175731698e-02 8.155948031733395095e-03 4.774575140600666179e-02 -8.541019662515161870e-02
-2.210410196610607336e+00 1.158813728889383832e+00 3.354101966386191513e-01 -1.701518827226188968e+00 2.417705098313783552e+00 -2.210410196621348522e+00 1.158813728899440010e+00 3.354101966330829687e-01 -1.701518827227292752e+00 2.417705098321104362e+00 -2.210410196632087487e+00 1.158813728909497742e+00 3.354101966275574997e-01 -1.701518827228396979e+00 2.417705098328423396e+00 -2.210410196642825120e+00 1.158813728919556141e+00 3.354101966220147113e-01 -1.701518827229506758e+00 2.417705098335745095e+00
-6.809016994323745520e-01 4.076237921198325176e-01 2.135254915959393721e-02 -4.421729424071212944e-01 6.940983005614383972e-01 -6.809016994354453178e-01 4.076237921229163286e-01 2.135254915767337974e-02 -4.421729424070991454e-01 6.940983005633227787e-01 -6.809016994385156396e-01 4.076237921260005281e-01 2.135254915575600376e-02 -4.421729424070771075e-01 6.940983005652061610e-01 -6.809016994415856283e-01 4.076237921290849497e-01 2.135254915383353116e-02 -4.421729424070567904e-01 6.940983005670909867e-01
-2.197745751394087677e+00 1.275125624952563319e+00 1.345491502957041341e-01 -1.492830723290468731e+00 2.280901699440842645e+00 -2.197745751404189818e+00 1.275125624962528237e+00 1.345491502896774272e-01 -1.492830723290687445e+00 2.280901699447221986e+00 -2.197745751414290627e+00 1.275125624972494265e+00 1.345491502836610731e-01 -1.492830723290905937e+00 2.280901699453597775e+00 -2.197745751424389660e+00 1.275125624982461181e+00 1.345491502776280934e-01 -1.492830723291130646e+00 2.280901699459978005e+00
4.762335554757212819e+00 -3.026973342589038385e+00 1.354101965904365990e-01 2.807875042086431350e+00 -4.678647450854033885e+00 4.762335554777863855e+00 -3.026973342610558504e+00 1.354101966046167838e-01 2.807875042085018258e+00 -4.678647450865925705e+00 4.762335554798512227e+00 -3.026973342632081287e+00 1.354101966187751249e-01 2.807875042083605610e+00 -4.678647450877809533e+00 4.762335554819158823e+00 -3.026973342653605403e+00 1.354101966329682716e-01 2.807875042082206285e+00 -4.678647450889704018e+00
-2.044959346893835850e+00 1.061067977483849178e+00 3.281152949518426620e-01 -1.591969676946709988e+00 2.247745751409508053e+00 -2.044959346903824748e+00 1.061067977493155512e+00 3.281152949467676105e-01 -1.591969676947809997e+00 2.247745751416361237e+00 -2.044959346913811871e+00 1.061067977502463622e+00 3.281152949417024400e-01 -1.591969676948910228e+00 2.247745751423213090e+00 -2.044959346923797217e+00 1.061067977511772176e+00 3.281152949366212823e-01 -1.591969676950015566e+00 2.247745751430067163e+00
