2.627786404495427330e+00 8.554471840280604145e-01 -3.156481839805503675e+00 1.095365877842836122e+00 2.479508497182548954e+00 -2.627786404495604078e+00 -8.554471840303065067e-01 3.156481839807068202e+00 -1.095365877841559366e+00 -2.479508497184905735e+00 2.627786404495780825e+00 8.554471840325532650e-01 -3.156481839808633172e+00 1.095365877840280167e+00 2.479508497187258520e+00 -2.627786404495959349e+00 -8.554471840347943612e-01 3.156481839810197698e+00 -1.095365877838995416e+00 -2.479508497189610861e+00
-2.735410196620126744e+00 -1.563070976150976898e+00 3.701441186710153541e+00 -7.245454845937105981e-01 -3.253647450836799404e+00 2.735410196619881606e+00 1.563070976153764668e+00 -3.701441186711631914e+00 7.245454845918390951e-01 3.253647450839437294e+00 -2.735410196619636469e+00 -1.563070976156553105e+00 3.701441186713109843e+00 -7.245454845899648166e-01 -3.253647450842070743e+00 2.735410196619395329e+00 1.563070976159334879e+00 -3.701441186714588660e+00 7.245454845880837658e-01 3.253647450844704636e+00
-2.089057647465837331e+00 -1.018440519682930256e+00 2.718488504150213370e+00 -6.616777739071003639e-01 -2.309549150275882923e+00 2.089057647465761836e+00 1.018440519684941981e+00 -2.718488504151381324e+00 6.616777739058125052e-01 2.309549150277849794e+00 -2.089057647465686784e+00 -1.018440519686954371e+00 2.718488504152549279e+00 -6.616777739045226481e-01 -2.309549150279812668e+00 2.089057647465613510e+00 1.018440519688961876e+00 -2.718488504153718122e+00 6.616777739032276839e-01 2.309549150281775987e+00
-1.104101966250042033e-01 1.977457514061657373e-01 -1.180339887483870462e-02 -1.904508497187825111e-01 1.295084971873141089e-01 1.104101966251605366e-01 -1.977457514062276045e-01 1.180339887472068965e-02 1.904508497189172922e-01 -1.295084971872791924e-01 -1.104101966253168837e-01 1.977457514062894439e-01 -1.180339887460253416e-02 -1.904508497190521010e-01 1.295084971872446367e-01 1.104101966254729117e-01 -1.977457514063513666e-01 1.180339887448476552e-02 1.904508497191870486e-01 -1.295084971872101365e-01
2.814386537900807284e+00 9.934405196838517194e-01 -3.428366544867146537e+00 1.125406530936307936e+00 2.732827057588238073e+00 -2.814386537900947172e+00 -9.934405196863088650e-01 3.428366544868805210e+00 -1.125406530934877969e+00 -2.732827057590783593e+00 2.814386537901086616e+00 9.934405196887668987e-01 -3.428366544870463439e+00 1.125406530933445559e+00 2.732827057593324227e+00 -2.814386537901229168e+00 -9.934405196912186042e-01 3.428366544872122113e+00 -1.125406530932007376e+00 -2.732827057595864861e+00
2.563525491558124259e+00 1.446555814621156344e+00 -3.457546151618025476e+00 6.903252247493121274e-01 3.030901699432310803e+00 -2.563525491557906655e+00 -1.446555814623756264e+00 3.457546151619415475e+00 -6.903252247475729630e-01 -3.030901699434778607e+00 2.563525491557688163e+00 1.446555814626357295e+00 -3.457546151620804142e+00 6.903252247458312452e-01 3.030901699437241081e+00 -2.563525491557474112e+00 -1.446555814628952330e+00 3.457546151622194586e+00 -6.903252247440831990e-01 -3.030901699439704888e+00
-5.800125624958552883e+00 -1.693643785146011549e+00 6.846855049014615169e+00 -2.537945351187348209e+00 -5.278318560392773584e+00 5.800125624959067139e+00 1.693643785150838799e+00 -6.846855049018112815e+00 2.537945351184687226e+00 5.278318560397921466e+00 -5.800125624959580506e+00 -1.693643785155667825e+00 6.846855049021610462e+00 -2.537945351182020470e+00 -5.278318560403060467e+00 5.800125624960099202e+00 1.693643785160484416e+00 -6.846855049025107220e+00 2.537945351179342168e+00 5.278318560408199467e+00
1.081433855341127126e+00 -4.801662780628119798e-01 -7.846747752470629722e-01 9.651219592801368874e-01 1.881966011233603409e-01 -1.081433855341730199e+00 4.801662780624439408e-01 7.846747752478930860e-01 -9.651219592802824376e-01 -1.881966011241019698e-01 1.081433855342333050e+00 -4.801662780620757354e-01 -7.846747752487236438e-01 9.651219592804275438e-01 1.881966011248409898e-01 -1.081433855342935679e+00 4.801662780617093063e-01 7.846747752495527584e-01 -9.651219592805715397e-01 -1.881966011255800098e-01
-2.186803398871644433e+00 -1.391186271088727722e+00 3.046603799086876396e+00 -4.917184270007302627e-01 -2.742705098306450040e+00 2.186803398871358883e+00 1.391186271091050752e+00 -3.046603799088027031e+00 4.917184269991199952e-01 2.742705098308597655e+00 -2.186803398871072446e+00 -1.391186271093374671e+00 3.046603799089176334e+00 -4.917184269975075073e-01 -2.742705098310742162e+00 2.186803398870789561e+00 1.391186271095693483e+00 -3.046603799090327414e+00 4.917184269958891907e-01 2.742705098312886669e+00
-2.057294901684742605e+00 -1.336677773902231969e+00 2.883407197963027357e+00 -4.453658778442662891e-01 -2.608155948026456894e+00 2.057294901684455724e+00 1.336677773904436206e+00 -2.883407197964102942e+00 4.453658778427287968e-01 2.608155948028485493e+00 -2.057294901684168842e+00 -1.336677773906641109e+00 2.883407197965178526e+00 -4.453658778411892505e-01 -2.608155948030510096e+00 2.057294901683885069e+00 1.336677773908840905e+00 -2.883407197966254998e+00 4.453658778396442641e-01 2.608155948032535587e+00
4.156433855336687522e+00 9.342979003385126768e-01 -4.733861713364174051e+00 1.991389536561366969e+00 3.503115294929582735e+00 -4.156433855337234640e+00 -9.342979003417852812e-01 4.733861713366742663e+00 -1.991389536559685203e+00 -3.503115294933195845e+00 4.156433855337779981e+00 9.342979003450589959e-01 -4.733861713369311275e+00 1.991389536557999662e+00 3.503115294936801405e+00 -4.156433855338328875e+00 -9.342979003483239397e-01 4.733861713371878999e+00 -1.991389536556306350e+00 -3.503115294940406965e+00
3.798277907305821266e+00 1.348355547807415844e+00 -4.631607464770771898e+00 1.514135287967599997e+00 3.695820393242319479e+00 -3.798277907306005119e+00 -1.348355547810736965e+00 4.631607464773009220e+00 -1.514135287965664212e+00 -3.695820393245756286e+00 3.798277907306188528e+00 1.348355547814059197e+00 -4.631607464775245653e+00 1.514135287963725096e+00 3.695820393249187763e+00 -3.798277907306376378e+00 -1.348355547817373212e+00 4.631607464777482086e+00 -1.514135287961777765e+00 -3.695820393252618796e+00
1.569630456464100599e+00 5.335624789663543366e-01 -1.899390203587162818e+00 6.403252247486667104e-01 1.503647450839039612e+00 -1.569630456464191859e+00 -5.335624789677110291e-01 1.899390203588092518e+00 -6.403252247478858905e-01 -1.503647450840453592e+00 1.569630456464282675e+00 5.335624789690680547e-01 -1.899390203589021997e+00 6.403252247471036274e-01 1.503647450841864686e+00 -1.569630456464375268e+00 -5.335624789704218607e-01 1.899390203589951476e+00 -6.403252247463179225e-01 -1.503647450843276445e+00
-1.981762745777894574e+00 -1.030243918558473970e+00 2.618488504150106699e+00 -5.880709761565162674e-01 -2.255040653088645097e+00 1.981762745777782442e+00 1.030243918560425298e+00 -2.618488504151200491e+00 5.880709761552429526e-01 2.255040653090528480e+00 -1.981762745777670087e+00 -1.030243918562377070e+00 2.618488504152294283e+00 -5.880709761539675284e-01 -2.255040653092407865e+00 1.981762745777559953e+00 1.030243918564324179e+00 -2.618488504153388519e+00 5.880709761526873303e-01 2.255040653094288583e+00
-3.081559480307813348e-01 2.786474508435917707e-01 1.359423525310321512e-01 -3.626644452184190626e-01 8.819660112498710347e-02 3.081559480310435695e-01 -2.786474508435817232e-01 -1.359423525313004089e-01 3.626644452185749379e-01 -8.819660112481467196e-02 -3.081559480313057486e-01 2.786474508435716202e-01 1.359423525315688885e-01 -3.626644452187306467e-01 8.819660112464310087e-02 3.081559480315675392e-01 -2.786474508435619057e-01 -1.359423525318367298e-01 3.626644452188864109e-01 -8.819660112447154365e-02
-1.429508497185873139e+00 -1.934220259838747236e+00 2.624922359494809232e+00 3.119290238422023354e-01 -2.817705098307307310e+00 1.429508497185033367e+00 1.934220259840951028e+00 -2.624922359495331925e+00 -3.119290238440812768e-01 2.817705098308992628e+00 -1.429508497184193150e+00 -1.934220259843155265e+00 2.624922359495853286e+00 3.119290238459622167e-01 -2.817705098310676615e+00 1.429508497183357152e+00 1.934220259845355505e+00 -2.624922359496377755e+00 -3.119290238478485966e-01 2.817705098312360157e+00
-2.809016994368316311e-01 -2.159830056240198970e-01 4.143865379048515263e-01 -4.012195928146275459e-02 -3.895898033737532073e-01 2.809016994367711795e-01 2.159830056243432772e-01 -4.143865379049909148e-01 4.012195928122586075e-02 3.895898033740392563e-01 -2.809016994367106168e-01 -2.159830056246667129e-01 4.143865379051301923e-01 -4.012195928098861997e-02 -3.895898033743250277e-01 2.809016994366506093e-01 2.159830056249894548e-01 -4.143865379052697473e-01 4.012195928075061591e-02 3.895898033746107991e-01
-2.065450849715026571e+00 -7.116777739028884442e-01 2.505291903025141043e+00 -8.366777739059881869e-01 -1.988196601120256535e+00 2.065450849715140258e+00 7.116777739046801221e-01 -2.505291903026362288e+00 8.366777739049530149e-01 1.988196601122120377e+00 -2.065450849715253501e+00 -7.116777739064723551e-01 2.505291903027583533e+00 -8.366777739039158446e-01 -1.988196601123979779e+00 2.065450849715368964e+00 7.116777739082600363e-01 -2.505291903028804334e+00 8.366777739028743444e-01 1.988196601125839846e+00
5.047416860959626383e+00 1.716796067492312172e+00 -6.108455182422690477e+00 2.058436853998973248e+00 4.836271242957426608e+00 -5.047416860959918594e+00 -1.716796067496675793e+00 6.108455182425680086e+00 -2.058436853996461036e+00 -4.836271242961973194e+00 5.047416860960210805e+00 1.716796067501040302e+00 -6.108455182428667918e+00 2.058436853993944382e+00 4.836271242966511785e+00 -5.047416860960507456e+00 -1.716796067505394152e+00 6.108455182431657526e+00 -2.058436853991417514e+00 -4.836271242971050377e+00
-2.228976341277940865e+00 -1.345162612369883881e+00 3.060332556118317893e+00 -5.462269241883002113e-01 -2.722745751400306613e+00 2.228976341277695727e+00 1.345162612372203137e+00 -3.060332556119506719e+00 5.462269241867176994e-01 2.722745751402475989e+00 -2.228976341277450146e+00 -1.345162612374523059e+00 3.060332556120694658e+00 -5.462269241851327450e-01 -2.722745751404641812e+00 2.228976341277208562e+00 1.345162612376837874e+00 -3.060332556121883929e+00 5.462269241835422395e-01 2.722745751406807635e+00
