1.305778567106045784e+00 7.143652440578405205e-01 5.302487364593111430e-02 -6.135059408444580864e-01 -1.219982519297751367e+00 -1.707038708644149416e+00 -2.026998055550412570e+00 -2.148540709853502317e+00 -2.059769229712765437e+00 -1.769373186111648844e+00 -1.305778567106038679e+00 -7.143652440578470708e-01 -5.302487364595132036e-02 6.135059408444272222e-01 1.219982519297712509e+00 1.707038708644106562e+00 2.026998055550370381e+00 2.148540709853464570e+00 2.059769229712734795e+00 1.769373186111628860e+00
2.330664973422211350e+00 8.167483998231649167e+00 1.320481278308698414e+01 1.694956248939318044e+01 1.903517092469158811e+01 1.925748420404679351e+01 1.759474075472780541e+01 1.420970149056880061e+01 9.433717639701047375e+00 3.734295777683653839e+00 -2.330664973421987973e+00 -8.167483998231338305e+00 -1.320481278308660933e+01 -1.694956248939278609e+01 -1.903517092469121508e+01 -1.925748420404647376e+01 -1.759474075472757093e+01 -1.420970149056867626e+01 -9.433717639701038493e+00 -3.734295777683768414e+00
3.445652267841642358e-01 4.910378316772183283e+00 8.995529364497048874e+00 1.220013532248644950e+01 1.421050703176977237e+01 1.482985530235904292e+01 1.399755401027584156e+01 1.179507460497336524e+01 8.438011116218984142e+00 4.254976308328664913e+00 -3.445652267840179084e-01 -4.910378316771964791e+00 -8.995529364496771763e+00 -1.220013532248614929e+01 -1.421050703176947927e+01 -1.482985530235878358e+01 -1.399755401027564083e+01 -1.179507460497324445e+01 -8.438011116218948615e+00 -4.254976308328724421e+00
9.732145694521477708e+00 -1.451140694046602064e+00 -1.249237932078962388e+01 -2.231077682008896090e+01 -2.994524003591530459e+01 -3.464845451627057571e+01 -3.596003685859544419e+01 -3.375160024489165522e+01 -2.823932183799120921e+01 -1.996278185466352539e+01 -9.732145694521632251e+00 1.451140694046237911e+00 1.249237932078907320e+01 2.231077682008829299e+01 2.994524003591457628e+01 3.464845451626986517e+01 3.596003685859481891e+01 3.375160024489117916e+01 2.823932183799091433e+01 1.996278185466345434e+01
-5.105715878530491025e+00 -2.357896628500426139e+00 6.207299719590722020e-01 3.538595197883182220e+00 6.110078070996000754e+00 8.083463931102548017e+00 9.265584020827834166e+00 9.540724189474575567e+00 8.881951800321358448e+00 7.353752084755630136e+00 5.105715878530476814e+00 2.357896628500471881e+00 -6.207299719589673970e-01 -3.538595197883033894e+00 -6.110078070995820454e+00 -8.083463931102356170e+00 -9.265584020827647649e+00 -9.540724189474413919e+00 -8.881951800321232326e+00 -7.353752084755557306e+00
-3.513895773475949724e+00 -8.158145581129154777e+00 -1.200381925815882944e+01 -1.467447547067326141e+01 -1.590869178103556614e+01 -1.558565449749680099e+01 -1.373698476010284963e+01 -1.054364324318927615e+01 -6.318216463750228051e+00 -1.474318635236691932e+00 3.513895773475740114e+00 8.158145581128881219e+00 1.200381925815851325e+01 1.467447547067293989e+01 1.590869178103526949e+01 1.558565449749656118e+01 1.373698476010268443e+01 1.054364324318920509e+01 6.318216463750252032e+00 1.474318635236817165e+00
-3.353899164001148847e+00 -8.119665633120973780e+00 -1.209062265703387240e+01 -1.487806529495479957e+01 -1.620913924022920227e+01 -1.595354970095612401e+01 -1.413631556203665518e+01 -1.093532036240298311e+01 -6.663899814840240410e+00 -1.740170323280791687e+00 3.353899164000938349e+00 8.119665633120696668e+00 1.209062265703355266e+01 1.487806529495447094e+01 1.620913924022889674e+01 1.595354970095587532e+01 1.413631556203648110e+01 1.093532036240290672e+01 6.663899814840260838e+00 1.740170323280914699e+00
5.668391827881269940e+00 1.198545864724699328e+01 1.712930526661941499e+01 2.059641613960758022e+01 2.204740629718150302e+01 2.134024271307497855e+01 1.854414748599877072e+01 1.393282189832008200e+01 7.957654627555511340e+00 1.203536677605844485e+00 -5.668391827880967071e+00 -1.198545864724660603e+01 -1.712930526661897801e+01 -2.059641613960713613e+01 -2.204740629718110156e+01 -2.134024271307465881e+01 -1.854414748599855756e+01 -1.393282189832000029e+01 -7.957654627555561966e+00 -1.203536677606032779e+00
5.791092701549934496e+00 1.230083406281629266e+01 1.760648408106370155e+01 2.118868876586874705e+01 2.269679696399507307e+01 2.198318453740241196e+01 1.911770484243579915e+01 1.438085099660956701e+01 8.236299257954595276e+00 1.285521162259767092e+00 -5.791092701549623634e+00 -1.230083406281589475e+01 -1.760648408106325036e+01 -2.118868876586829231e+01 -2.269679696399465740e+01 -2.198318453740208156e+01 -1.911770484243557888e+01 -1.438085099660947996e+01 -8.236299257954645014e+00 -1.285521162259960271e+00
1.368442928635096756e+00 5.503643306958363013e+00 9.100108732258812339e+00 1.180579211065997569e+01 1.335584230147935614e+01 1.359852959220483370e+01 1.251009805991842683e+01 1.019709096654873193e+01 6.885921562062824464e+00 2.900710178045587728e+00 -1.368442928634943767e+00 -5.503643306958148074e+00 -9.100108732258551214e+00 -1.180579211065969858e+01 -1.335584230147909146e+01 -1.359852959220460811e+01 -1.251009805991825807e+01 -1.019709096654863956e+01 -6.885921562062812029e+00 -2.900710178045663223e+00
-1.629392083059222784e+00 -5.541222389647402657e+00 -8.910639240770297675e+00 -1.140782063893237464e+01 -1.278832506999565766e+01 -1.291701914170772092e+01 -1.178130538166507435e+01 -9.492355365683748047e+00 -6.274227469380532440e+00 -2.441934473261078153e+00 1.629392083059071794e+00 5.541222389647193936e+00 8.910639240770047209e+00 1.140782063893211173e+01 1.278832506999540541e+01 1.291701914170750953e+01 1.178130538166491803e+01 9.492355365683668111e+00 6.274227469380527999e+00 2.441934473261156313e+00
-2.864675744780895705e+00 -2.288249747801350154e+00 -1.487833922333540393e+00 -5.417785461992359330e-01 4.573098888301408982e-01 1.411633645675468118e+00 2.227776865852131749e+00 2.825849764565059541e+00 3.147308799469318963e+00 3.160687320491687213e+00 2.864675744780857958e+00 2.288249747801330614e+00 1.487833922333541503e+00 5.417785461992568052e-01 -4.573098888301019294e-01 -1.411633645675415494e+00 -2.227776865852070909e+00 -2.825849764564996036e+00 -3.147308799469258123e+00 -3.160687320491635699e+00
-2.692913011046263350e+00 -6.501187365396377871e+00 -9.673080203985623626e+00 -1.189810455589597638e+01 -1.295845953490622549e+01 -1.275035020774329197e+01 -1.129414776533283060e+01 -8.732395448696991025e+00 -5.315855423366016019e+00 -1.378962431453386372e+00 2.692913011046094596e+00 6.501187365396156714e+00 9.673080203985366055e+00 1.189810455589571525e+01 1.295845953490598390e+01 1.275035020774309302e+01 1.129414776533269205e+01 8.732395448696930629e+00 5.315855423366032895e+00 1.378962431453484960e+00
2.539567905634627087e-01 -1.328550311348658308e+00 -2.781009652231651419e+00 -3.961244391920600183e+00 -4.753724930915788072e+00 -5.080877752523777602e+00 -4.910678859157842524e+00 -4.259788504346059490e+00 -3.191920371037175741e+00 -1.811604832394246412e+00 -2.539567905635061185e-01 1.328550311348588586e+00 2.781009652231560381e+00 3.961244391920499375e+00 4.753724930915685931e+00 5.080877752523686119e+00 4.910678859157768805e+00 4.259788504346011528e+00 3.191920371037156201e+00 1.811604832394259734e+00
-8.883663543247335426e-01 -5.138108837840695386e+00 -8.884897428999481761e+00 -1.176197035508732291e+01 -1.348769967235295653e+01 -1.389315897135925759e+01 -1.293865907091844214e+01 -1.071763307167751655e+01 -7.447490473240266695e+00 -3.448335617564963318e+00 8.883663543245864380e-01 5.138108837840484000e+00 8.884897428999218860e+00 1.176197035508704225e+01 1.348769967235268297e+01 1.389315897135902134e+01 1.293865907091826095e+01 1.071763307167741353e+01 7.447490473240244491e+00 3.448335617565030375e+00
7.744471792652845465e+00 1.749697142886596168e+01 2.553674559305333247e+01 3.107680517362386396e+01 3.357485053896650129e+01 3.278635560381604108e+01 2.878850374619226571e+01 2.197263256059117964e+01 1.300592700762638998e+01 2.766110701533269989e+00 -7.744471792652397824e+00 -1.749697142886538259e+01 -2.553674559305266456e+01 -3.107680517362318540e+01 -3.357485053896588312e+01 -3.278635560381553660e+01 -2.878850374619192110e+01 -2.197263256059103753e+01 -1.300592700762644860e+01 -2.766110701533539995e+00
-1.602796026837612686e+00 -5.332506549742656254e+00 -8.540234177801059090e+00 -1.091198418122589864e+01 -1.221559314472799329e+01 -1.232345474018203824e+01 -1.122501072310906878e+01 -9.027784447209679541e+00 -5.946855729344560082e+00 -2.283807338510957852e+00 1.602796026837467691e+00 5.332506549742457302e+00 8.540234177800819282e+00 1.091198418122564640e+01 1.221559314472775526e+01 1.232345474018183751e+01 1.122501072310892134e+01 9.027784447209601382e+00 5.946855729344556529e+00 2.283807338511033791e+00
-3.811696330999726712e+00 -9.431400705781985749e+00 -1.412789386704959682e+01 -1.744145034178572118e+01 -1.904771613533769070e+01 -1.878945876032078388e+01 -1.669195824798661221e+01 -1.296053256262783293e+01 -7.960439648698868886e+00 -2.181123438310910156e+00 3.811696330999481130e+00 9.431400705781662452e+00 1.412789386704922023e+01 1.744145034178533393e+01 1.904771613533732832e+01 1.878945876032048901e+01 1.669195824798640615e+01 1.296053256262774234e+01 7.960439648698889314e+00 2.181123438311052265e+00
1.022960189948496801e+00 -2.034190399206432964e+00 -4.892220259049123499e+00 -7.271365513833226935e+00 -8.938738849540769138e+00 -9.731126146799560672e+00 -9.570963016066979634e+00 -8.473927340501278493e+00 -6.547404615523836569e+00 -3.979976308328550871e+00 -1.022960189948570520e+00 2.034190399206307287e+00 4.892220259048954745e+00 7.271365513833034200e+00 8.938738849540571962e+00 9.731126146799379484e+00 9.570963016066828644e+00 8.473927340501177241e+00 6.547404615523788607e+00 3.979976308328565082e+00
1.763105987438280398e+00 -2.570056240274375181e+00 -6.651643456554202416e+00 -1.008212146658140185e+01 -1.252569118118877611e+01 -1.374315897135925191e+01 -1.361535060719406154e+01 -1.215477686187093553e+01 -9.504408869997774900e+00 -5.923683116818761363e+00 -1.763105987438378763e+00 2.570056240274201542e+00 6.651643456553965272e+00 1.008212146658113006e+01 1.252569118118849723e+01 1.374315897135899256e+01 1.361535060719384660e+01 1.215477686187078454e+01 9.504408869997700293e+00 5.923683116818774685e+00
