2.030901699444166209e+00 -1.428773075811568649e+00 2.809016994316389515e-01 9.742645786321457724e-01 -1.857294901693199218e+00 2.030901699440208041e+00 -1.428773075812722615e+00 2.809016994374654019e-01 9.742645786238728345e-01 -1.857294901685639710e+00 2.030901699436248542e+00 -1.428773075813877025e+00 2.809016994432916858e-01 9.742645786156001186e-01 -1.857294901678079535e+00 2.030901699432290375e+00 -1.428773075815031657e+00 2.809016994491181918e-01 9.742645786073272918e-01 -1.857294901670520249e+00
-5.798074641858741884e+00 3.426441186709481279e+00 2.539763413046471352e-01 -3.837383539275268873e+00 5.955040653112114057e+00 -5.798074641850990751e+00 3.426441186717294141e+00 2.539763412842523937e-01 -3.837383539250084130e+00 5.955040653091758784e+00 -5.798074641843236954e+00 3.426441186725108334e+00 2.539763412638578188e-01 -3.837383539224898499e+00 5.955040653071399070e+00 -5.798074641835486709e+00 3.426441186732922528e+00 2.539763412434627998e-01 -3.837383539199712867e+00 5.955040653051043797e+00
5.272542485935436396e-01 -2.868033988723759364e-01 -6.319660112853264788e-02 3.890576474715181088e-01 -5.663118960634969667e-01 5.272542485929736511e-01 -2.868033988732579531e-01 -6.319660112653521788e-02 3.890576474691684328e-01 -5.663118960616924102e-01 5.272542485924034406e-01 -2.868033988741401363e-01 -6.319660112453778789e-02 3.890576474668186457e-01 -5.663118960598876317e-01 5.272542485918332300e-01 -2.868033988750223195e-01 -6.319660112254031625e-02 3.890576474644688032e-01 -5.663118960580830752e-01
-2.505901699441993813e+00 1.254634122150304121e+00 4.758610463549666214e-01 -2.024593469073431962e+00 2.800000000007255352e+00 -2.505901699439874619e+00 1.254634122155247056e+00 4.758610463448482708e-01 -2.024593469062004214e+00 2.799999999998882494e+00 -2.505901699437753649e+00 1.254634122160190657e+00 4.758610463347299202e-01 -2.024593469050575578e+00 2.799999999990507860e+00 -2.505901699435634455e+00 1.254634122165134702e+00 4.758610463246113476e-01 -2.024593469039146942e+00 2.799999999982135002e+00
-2.157294901693334488e+00 1.254634122153586162e+00 1.272542486013490959e-01 -1.460535821602122919e+00 2.235942352537672928e+00 -2.157294901690561151e+00 1.254634122156633058e+00 1.272542485936441203e-01 -1.460535821592703787e+00 2.235942352530137178e+00 -2.157294901687786037e+00 1.254634122159680620e+00 1.272542485859392281e-01 -1.460535821583284655e+00 2.235942352522600096e+00 -2.157294901685012256e+00 1.254634122162728405e+00 1.272542485782341970e-01 -1.460535821573864856e+00 2.235942352515064790e+00
2.674138953662155149e+00 -1.551847717651586134e+00 -1.631966011353400692e-01 1.815905365135449090e+00 -2.775000000007152412e+00 2.674138953658734774e+00 -1.551847717655386649e+00 -1.631966011257697247e-01 1.815905365123765103e+00 -2.774999999997817657e+00 2.674138953655313511e+00 -1.551847717659187609e+00 -1.631966011161994357e-01 1.815905365112081116e+00 -2.774999999988481125e+00 2.674138953651893580e+00 -1.551847717662988568e+00 -1.631966011066289801e-01 1.815905365100396462e+00 -2.774999999979146370e+00
3.326393202260087723e+00 -2.152708763997012387e+00 1.567627457700715432e-01 1.899061313169114973e+00 -3.229508497197427275e+00 3.326393202254624093e+00 -2.152708764000200503e+00 1.567627457806949343e-01 1.899061313155115283e+00 -3.229508497185398230e+00 3.326393202249159131e+00 -2.152708764003389064e+00 1.567627457913180755e-01 1.899061313141115148e+00 -3.229508497173367410e+00 3.326393202243695502e+00 -2.152708764006577624e+00 1.567627458019415221e-01 1.899061313127114348e+00 -3.229508497161337921e+00
1.946352549161333823e+00 -1.177912029466095634e+00 -4.045084972593526729e-02 1.243362879195281767e+00 -1.971352549161920598e+00 1.946352549158581136e+00 -1.177912029468526578e+00 -4.045084971924854667e-02 1.243362879186893810e+00 -1.971352549155035661e+00 1.946352549155827782e+00 -1.177912029470957966e+00 -4.045084971256189543e-02 1.243362879178505853e+00 -1.971352549148149169e+00 1.946352549153075095e+00 -1.177912029473389355e+00 -4.045084970587509154e-02 1.243362879170117674e+00 -1.971352549141264010e+00
-2.444959346911976361e+00 1.371478174120618787e+00 2.258610463537900070e-01 -1.736929023854267617e+00 2.584549150288707686e+00 -2.444959346909107101e+00 1.371478174124421523e+00 2.258610463447668359e-01 -1.736929023843471143e+00 2.584549150280261998e+00 -2.444959346906236508e+00 1.371478174128224925e+00 2.258610463357437759e-01 -1.736929023832674668e+00 2.584549150271814533e+00 -2.444959346903367248e+00 1.371478174132028105e+00 2.258610463267205493e-01 -1.736929023821877749e+00 2.584549150263368844e+00
9.045084971925426709e-02 -6.094235253161157245e-02 8.155948031358785030e-03 4.774575140633427472e-02 -8.541019662519942768e-02 9.045084971909260474e-02 -6.094235253168159283e-02 8.155948031633789008e-03 4.774575140595937323e-02 -8.541019662486781794e-02 9.045084971893092851e-02 -6.094235253175165484e-02 8.155948031908784313e-03 4.774575140558445785e-02 -8.541019662453615269e-02 9.045084971876926616e-02 -6.094235253182170298e-02 8.155948032183790025e-03 4.774575140520953553e-02 -8.541019662420454295e-02
-2.210410196629115642e+00 1.158813728901598505e+00 3.354101966341674901e-01 -1.701518827227775477e+00 2.417705098318462031e+00 -2.210410196626962698e+00 1.158813728905597529e+00 3.354101966255426115e-01 -1.701518827217820107e+00 2.417705098310978684e+00 -2.210410196624808865e+00 1.158813728909597662e+00 3.354101966169177884e-01 -1.701518827207864737e+00 2.417705098303494005e+00 -2.210410196622655921e+00 1.158813728913597352e+00 3.354101966082927988e-01 -1.701518827197908701e+00 2.417705098296010213e+00
-6.809016994394196942e-01 4.076237921240786211e-01 2.135254915887807581e-02 -4.421729424091834781e-01 6.940983005647236581e-01 -6.809016994384810006e-01 4.076237921249598051e-01 2.135254915651317587e-02 -4.421729424062384450e-01 6.940983005623234670e-01 -6.809016994375419740e-01 4.076237921258412666e-01 2.135254915414830368e-02 -4.421729424032934119e-01 6.940983005599226097e-01 -6.809016994366032804e-01 4.076237921267226727e-01 2.135254915178337945e-02 -4.421729424003482123e-01 6.940983005575223075e-01
-2.197745751411963155e+00 1.275125624965642190e+00 1.345491502894673175e-01 -1.492830723290122119e+00 2.280901699444079611e+00 -2.197745751409153847e+00 1.275125624968767246e+00 1.345491502816003881e-01 -1.492830723280519134e+00 2.280901699436407970e+00 -2.197745751406343651e+00 1.275125624971892968e+00 1.345491502737335421e-01 -1.492830723270915705e+00 2.280901699428735441e+00 -2.197745751403534342e+00 1.275125624975018912e+00 1.345491502658665295e-01 -1.492830723261312276e+00 2.280901699421063800e+00
4.762335554795351200e+00 -3.026973342619919016e+00 1.354101966081680819e-01 2.807875042081550365e+00 -4.678647450858340662e+00 4.762335554787828329e+00 -3.026973342624863950e+00 1.354101966236944399e-01 2.807875042061375392e+00 -4.678647450841221911e+00 4.762335554780302793e+00 -3.026973342629810215e+00 1.354101966392204925e-01 2.807875042041199087e+00 -4.678647450824100495e+00 4.762335554772780810e+00 -3.026973342634756481e+00 1.354101966547469615e-01 2.807875042021022782e+00 -4.678647450806982633e+00
-2.044959346910103282e+00 1.061067977495758541e+00 3.281152949458620016e-01 -1.591969676945767631e+00 2.247745751411808435e+00 -2.044959346908171050e+00 1.061067977499534631e+00 3.281152949378192130e-01 -1.591969676936531020e+00 2.247745751404905956e+00 -2.044959346906238373e+00 1.061067977503311610e+00 3.281152949297765908e-01 -1.591969676927294408e+00 2.247745751398001701e+00 -2.044959346904306141e+00 1.061067977507088145e+00 3.281152949217337467e-01 -1.591969676918057131e+00 2.247745751391099667e+00
-2.430040653099298176e+00 1.365044318776774901e+00 2.213525491661665068e-01 -1.723200266822672244e+00 2.566844051975917473e+00 -2.430040653096436021e+00 1.365044318780540777e+00 2.213525491572095882e-01 -1.723200266811946380e+00 2.566844051967519302e+00 -2.430040653093572534e+00 1.365044318784307542e+00 2.213525491482526975e-01 -1.723200266801220293e+00 2.566844051959119799e+00 -2.430040653090710379e+00 1.365044318788074307e+00 2.213525491392956401e-01 -1.723200266790493984e+00 2.566844051950722072e+00
-1.940450849724529192e+00 1.226518827216781515e+00 -4.409830055576176300e-02 -1.155166278070215213e+00 1.913196601130963570e+00 -1.940450849721501170e+00 1.226518827218843866e+00 -4.409830056212753202e-02 -1.155166278061978247e+00 1.913196601124001361e+00 -1.940450849718472037e+00 1.226518827220906660e+00 -4.409830056849320390e-02 -1.155166278053741058e+00 1.913196601117038043e+00 -1.940450849715444237e+00 1.226518827222969454e+00 -4.409830057485901456e-02 -1.155166278045503647e+00 1.913196601110075834e+00
-2.183155948037042382e+00 1.348732422716119705e+00 8.610463512541965958e-04 -1.350125624976976413e+00 2.183688103943601799e+00 -2.183155948033805416e+00 1.348732422718655899e+00 8.610463439124443896e-04 -1.350125624967634330e+00 2.183688103935827574e+00 -2.183155948030567117e+00 1.348732422721192759e+00 8.610463365708032057e-04 -1.350125624958292025e+00 2.183688103928051572e+00 -2.183155948027330151e+00 1.348732422723729618e+00 8.610463292289816106e-04 -1.350125624948949277e+00 2.183688103920277346e+00
-2.900000000008220447e+00 1.730495168496221092e+00 1.000000000110441573e-01 -1.892298567387326935e+00 2.961803398884363503e+00 -2.900000000004252954e+00 1.730495168500012948e+00 1.000000000009396428e-01 -1.892298567374770757e+00 2.961803398874150339e+00 -2.900000000000283684e+00 1.730495168503805692e+00 9.999999999083525326e-02 -1.892298567362213912e+00 2.961803398863936287e+00 -2.899999999996316191e+00 1.730495168507598436e+00 9.999999998073064167e-02 -1.892298567349656624e+00 2.961803398853724012e+00
-3.036803398882696126e+00 1.782749417089350974e+00 1.522542486051144117e-01 -2.029101966262192747e+00 3.130901699446378750e+00 -3.036803398878700655e+00 1.782749417093524968e+00 1.522542485943639556e-01 -2.029101966248973543e+00 3.130901699435739705e+00 -3.036803398874704296e+00 1.782749417097700073e+00 1.522542485836135828e-01 -2.029101966235753896e+00 3.130901699425098439e+00 -3.036803398870709270e+00 1.782749417101875178e+00 1.522542485728629880e-01 -2.029101966222533804e+00 3.130901699414459394e+00
