-5.798074641845255783e+00 3.426441186705495134e+00 2.539763413006416171e-01 -3.837383539267447574e+00 5.955040653104710202e+00 -5.798074641846206134e+00 3.426441186714698439e+00 2.539763412867120929e-01 -3.837383539254093812e+00 5.955040653097042558e+00 -5.798074641847156485e+00 3.426441186723892862e+00 2.539763412727605307e-01 -3.837383539240732500e+00 5.955040653089385572e+00 -5.798074641848103283e+00 3.426441186733103716e+00 2.539763412588098013e-01 -3.837383539227372076e+00 5.955040653081718816e+00
5.272542485931804856e-01 -2.868033988730495087e-01 -6.319660112736447122e-02 3.890576474705386700e-01 -5.663118960631787768e-01 5.272542485933608969e-01 -2.868033988739788209e-01 -6.319660112604216784e-02 3.890576474693268061e-01 -5.663118960625410647e-01 5.272542485935411971e-01 -2.868033988749073560e-01 -6.319660112471781055e-02 3.890576474681142760e-01 -5.663118960619043518e-01 5.272542485937212753e-01 -2.868033988758375008e-01 -6.319660112339353653e-02 3.890576474669017459e-01 -5.663118960612667507e-01
-2.505901699436761554e+00 1.254634122149380637e+00 4.758610463526237733e-01 -2.024593469069829510e+00 2.800000000004172040e+00 -2.505901699438030317e+00 1.254634122154202114e+00 4.758610463460958284e-01 -2.024593469064080775e+00 2.800000000001402700e+00 -2.505901699439299080e+00 1.254634122159019372e+00 4.758610463395579471e-01 -2.024593469058328488e+00 2.799999999998635580e+00 -2.505901699440565622e+00 1.254634122163845067e+00 4.758610463330205098e-01 -2.024593469052576644e+00 2.799999999995867128e+00
-2.157294901688366906e+00 1.254634122151648157e+00 1.272542486006519036e-01 -1.460535821600038586e+00 2.235942352535448929e+00 -2.157294901688796784e+00 1.254634122155147802e+00 1.272542485954237246e-01 -1.460535821595071893e+00 2.235942352532644062e+00 -2.157294901689227107e+00 1.254634122158644338e+00 1.272542485901872467e-01 -1.460535821590102534e+00 2.235942352529844079e+00 -2.157294901689656097e+00 1.254634122162147092e+00 1.272542485849511573e-01 -1.460535821585133620e+00 2.235942352527040544e+00
2.674138953656974405e+00 -1.551847717650066238e+00 -1.631966011340276745e-01 1.815905365133021698e+00 -2.775000000005094947e+00 2.674138953657520634e+00 -1.551847717654416758e+00 -1.631966011275393369e-01 1.815905365126865734e+00 -2.775000000001626610e+00 2.674138953658066864e+00 -1.551847717658763504e+00 -1.631966011210407852e-01 1.815905365120706216e+00 -2.774999999998164046e+00 2.674138953658611761e+00 -1.551847717663118020e+00 -1.631966011145426498e-01 1.815905365114546699e+00 -2.774999999994696154e+00
3.326393202252109216e+00 -2.152708763993526730e+00 1.567627457707414518e-01 1.899061313166089171e+00 -3.229508497194027772e+00 3.326393202251945347e+00 -2.152708763998108843e+00 1.567627457783133671e-01 1.899061313158409314e+00 -3.229508497189178318e+00 3.326393202251781478e+00 -2.152708764002686959e+00 1.567627457858977724e-01 1.899061313150725239e+00 -3.229508497184337301e+00 3.326393202251616721e+00 -2.152708764007273512e+00 1.567627457934817337e-01 1.899061313143041385e+00 -3.229508497179489179e+00
1.946352549157008172e+00 -1.177912029464610377e+00 -4.045084972502012433e-02 1.243362879193207426e+00 -1.971352549159914425e+00 1.946352549157222001e+00 -1.177912029467596433e+00 -4.045084972040625948e-02 1.243362879188722125e+00 -1.971352549157273648e+00 1.946352549157436052e+00 -1.177912029470579602e+00 -4.045084971578505328e-02 1.243362879184234160e+00 -1.971352549154637090e+00 1.946352549157648992e+00 -1.177912029473568323e+00 -4.045084971116408995e-02 1.243362879179746194e+00 -1.971352549151996758e+00
-2.444959346906371955e+00 1.371478174119072690e+00 2.258610463519926670e-01 -1.736929023850918741e+00 2.584549150285567531e+00 -2.444959346907050524e+00 1.371478174123227145e+00 2.258610463459541084e-01 -1.736929023845294795e+00 2.584549150282510865e+00 -2.444959346907729536e+00 1.371478174127378047e+00 2.258610463399061408e-01 -1.736929023839667963e+00 2.584549150279458196e+00 -2.444959346908407660e+00 1.371478174131536054e+00 2.258610463338585339e-01 -1.736929023834041130e+00 2.584549150276401974e+00
9.045084971886076242e-02 -6.094235253128316154e-02 8.155948031176446511e-03 4.774575140634320508e-02 -8.541019662505545951e-02 9.045084971884717606e-02 -6.094235253139879127e-02 8.155948031376944116e-03 4.774575140613415702e-02 -8.541019662491780573e-02 9.045084971883360359e-02 -6.094235253151430304e-02 8.155948031577774787e-03 4.774575140592495631e-02 -8.541019662478041563e-02 9.045084971882000335e-02 -6.094235253163004379e-02 8.155948031778595050e-03 4.774575140571578336e-02 -8.541019662464277573e-02
-2.210410196624410517e+00 1.158813728900505158e+00 3.354101966324421480e-01 -1.701518827224878461e+00 2.417705098315886758e+00 -2.210410196625332002e+00 1.158813728904563689e+00 3.354101966268009383e-01 -1.701518827219802299e+00 2.417705098313318590e+00 -2.210410196626253487e+00 1.158813728908618446e+00 3.354101966211510133e-01 -1.701518827214723473e+00 2.417705098310752643e+00 -2.210410196627172752e+00 1.158813728912680530e+00 3.354101966155015324e-01 -1.701518827209644646e+00 2.417705098308185363e+00
-6.809016994375951537e-01 4.076237921235235651e-01 2.135254915830562400e-02 -4.421729424080135806e-01 6.940983005635525949e-01 -6.809016994376868581e-01 4.076237921245847717e-01 2.135254915668155160e-02 -4.421729424064448910e-01 6.940983005626394364e-01 -6.809016994377785625e-01 4.076237921256449792e-01 2.135254915505489445e-02 -4.421729424048752022e-01 6.940983005617277213e-01 -6.809016994378700449e-01 4.076237921267071851e-01 2.135254915342833099e-02 -4.421729424033056799e-01 6.940983005608147849e-01
-2.197745751406909864e+00 1.275125624963977300e+00 1.345491502882654733e-01 -1.492830723287512207e+00 2.280901699441516328e+00 -2.197745751407359727e+00 1.275125624967553994e+00 1.345491502829324615e-01 -1.492830723282453143e+00 2.280901699438666164e+00 -2.197745751407809589e+00 1.275125624971127358e+00 1.345491502775910120e-01 -1.492830723277390748e+00 2.280901699435820884e+00 -2.197745751408258563e+00 1.275125624974707161e+00 1.345491502722498955e-01 -1.492830723272328575e+00 2.280901699432971608e+00
4.762335554784249858e+00 -3.026973342615561169e+00 1.354101966098093524e-01 2.807875042076739991e+00 -4.678647450853348211e+00 4.762335554784224101e+00 -3.026973342622326868e+00 1.354101966207734709e-01 2.807875042065751003e+00 -4.678647450846538547e+00 4.762335554784198344e+00 -3.026973342629086350e+00 1.354101966317553807e-01 2.807875042054754910e+00 -4.678647450839739541e+00 4.762335554784170810e+00 -3.026973342635858710e+00 1.354101966427367076e-01 2.807875042043759706e+00 -4.678647450832929877e+00
-2.044959346905971476e+00 1.061067977494740688e+00 3.281152949445016453e-01 -1.591969676943461254e+00 2.247745751409787829e+00 -2.044959346906865427e+00 1.061067977498536763e+00 3.281152949392579510e-01 -1.591969676938766121e+00 2.247745751407438597e+00 -2.044959346907760267e+00 1.061067977502329063e+00 3.281152949340062075e-01 -1.591969676934068323e+00 2.247745751405091141e+00 -2.044959346908652886e+00 1.061067977506128246e+00 3.281152949287549081e-01 -1.591969676929370969e+00 2.247745751402742354e+00
-2.430040653094180048e+00 1.365044318775511023e+00 2.213525491643898446e-01 -1.723200266819632676e+00 2.566844051973255603e+00 -2.430040653094847514e+00 1.365044318779633059e+00 2.213525491583924754e-01 -1.723200266814043147e+00 2.566844051970212703e+00 -2.430040653095514980e+00 1.365044318783751320e+00 2.213525491523857247e-01 -1.723200266808450065e+00 2.566844051967173357e+00 -2.430040653096181114e+00 1.365044318787876909e+00 2.213525491463793626e-01 -1.723200266802857650e+00 2.566844051964131346e+00
-1.940450849719915771e+00 1.226518827214934992e+00 -4.409830055640323598e-02 -1.155166278068227692e+00 1.913196601128853480e+00 -1.940450849719931314e+00 1.226518827217717433e+00 -4.409830056088602512e-02 -1.155166278063750829e+00 1.913196601126095020e+00 -1.940450849719946635e+00 1.226518827220497210e+00 -4.409830056537605847e-02 -1.155166278059271079e+00 1.913196601123341223e+00 -1.940450849719961512e+00 1.226518827223282093e+00 -4.409830056986585589e-02 -1.155166278054791551e+00 1.913196601120583429e+00
-2.183155948032154736e+00 1.348732422714209900e+00 8.610463505756144054e-04 -1.350125624974973126e+00 2.183688103941542558e+00 -2.183155948032290627e+00 1.348732422717456636e+00 8.610463454621491985e-04 -1.350125624969939375e+00 2.183688103938514313e+00 -2.183155948032425631e+00 1.348732422720700264e+00 8.610463403404544636e-04 -1.350125624964902293e+00 2.183688103935491398e+00 -2.183155948032560634e+00 1.348732422723949886e+00 8.610463352190650399e-04 -1.350125624959865878e+00 2.183688103932463598e+00
-2.900000000001315748e+00 1.730495168493851654e+00 1.000000000094827396e-01 -1.892298567383756680e+00 2.961803398880781035e+00 -2.900000000001727418e+00 1.730495168498392466e+00 1.000000000025531577e-01 -1.892298567377076024e+00 2.961803398876905469e+00 -2.900000000002139533e+00 1.730495168502928838e+00 9.999999999561255681e-02 -1.892298567370391593e+00 2.961803398873036119e+00 -2.900000000002549871e+00 1.730495168507473425e+00 9.999999998867237228e-02 -1.892298567363707162e+00 2.961803398869160997e+00
-3.036803398875836724e+00 1.782749417087005961e+00 1.522542486036416731e-01 -2.029101966258848755e+00 3.130901699443086272e+00 -3.036803398876379401e+00 1.782749417091870292e+00 1.522542485963192804e-01 -2.029101966251856126e+00 3.130901699439098795e+00 -3.036803398876922522e+00 1.782749417096730182e+00 1.522542485889852859e-01 -2.029101966244858612e+00 3.130901699435116647e+00 -3.036803398877463867e+00 1.782749417101599176e+00 1.522542485816517632e-01 -2.029101966237862431e+00 3.130901699431129614e+00
-1.158155948030568760e+00 5.025831390276555011e-01 3.449593469107457011e-01 -1.060739087066181474e+00 1.371352549158289857e+00 -1.158155948031448057e+00 5.025831390301721546e-01 3.449593469075552532e-01 -1.060739087063532260e+00 1.371352549157195844e+00 -1.158155948032327354e+00 5.025831390326866988e-01 3.449593469043601424e-01 -1.060739087060881491e+00 1.371352549156102496e+00 -1.158155948033205762e+00 5.025831390352053507e-01 3.449593469011653091e-01 -1.060739087058230945e+00 1.371352549155008926e+00
