2.582294901688551025e+00 3.704634122155592735e+00 -2.927050983144965368e-01 -3.885535821594208628e+00 -2.108688103935167035e+00 2.582294901690080469e+00 3.704634122154633502e+00 -2.927050983166211706e-01 -3.885535821594563455e+00 -2.108688103933265889e+00 2.582294901691609912e+00 3.704634122153676490e+00 -2.927050983187415301e-01 -3.885535821594918726e+00 -2.108688103931356306e+00 2.582294901693144684e+00 3.704634122152719033e+00 -2.927050983208625001e-01 -3.885535821595272221e+00 -2.108688103929460933e+00
-2.857294901688799182e+00 -5.374061313156999198e+00 -4.640576474670436435e-01 5.087257914283058291e+00 3.608155948029804883e+00 -2.857294901691208366e+00 -5.374061313156107467e+00 -4.640576474640804028e-01 5.087257914283998872e+00 3.608155948027428561e+00 -2.857294901693616662e+00 -5.374061313155220176e+00 -4.640576474611227686e-01 5.087257914284942117e+00 3.608155948025042470e+00 -2.857294901696033840e+00 -5.374061313154331110e+00 -4.640576474581648014e-01 5.087257914285879146e+00 3.608155948022673254e+00
-1.980040653093885217e+00 -3.964183272437642458e+00 -4.699593469055669548e-01 3.673732422719332202e+00 2.740450849717837034e+00 -1.980040653095689107e+00 -3.964183272437056704e+00 -4.699593469033981341e-01 3.673732422720087154e+00 2.740450849716139281e+00 -1.980040653097493664e+00 -3.964183272436473171e+00 -4.699593469012333657e-01 3.673732422720844326e+00 2.740450849714434423e+00 -1.980040653099303771e+00 -3.964183272435889638e+00 -4.699593468990685974e-01 3.673732422721596613e+00 2.740450849712741110e+00
-4.295084971873313617e-01 -3.522542485939815782e-01 2.118033988747624885e-01 4.831559480312860311e-01 8.680339887515287067e-02 -4.295084971874374435e-01 -3.522542485937869006e-01 2.118033988749891128e-01 4.831559480312315191e-01 8.680339887489299522e-02 -4.295084971875435254e-01 -3.522542485935923340e-01 2.118033988752151819e-01 4.831559480311767851e-01 8.680339887463212056e-02 -4.295084971876499957e-01 -3.522542485933979894e-01 2.118033988754415009e-01 4.831559480311224397e-01 8.680339887437310553e-02
2.334549150282988705e+00 4.262790070187331359e+00 2.999999999974803933e-01 -4.077379873563912405e+00 -2.819959346903873065e+00 2.334549150284884966e+00 4.262790070186586178e+00 2.999999999951207807e-01 -4.077379873564626500e+00 -2.819959346901958597e+00 2.334549150286780783e+00 4.262790070185843661e+00 2.999999999927656646e-01 -4.077379873565341484e+00 -2.819959346900036135e+00 2.334549150288683705e+00 4.262790070185100255e+00 2.999999999904102710e-01 -4.077379873566052915e+00 -2.819959346898127883e+00
1.919098300564469062e+00 3.378773075813121363e+00 1.690983005603912126e-01 -3.274264578626933542e+00 -2.192705098311003464e+00 1.919098300565957205e+00 3.378773075812491644e+00 1.690983005585117716e-01 -3.274264578627466449e+00 -2.192705098309457146e+00 1.919098300567445348e+00 3.378773075811864146e+00 1.690983005566359110e-01 -3.274264578628000244e+00 -2.192705098307903722e+00 1.919098300568938820e+00 3.378773075811236648e+00 1.690983005547598284e-01 -3.274264578628530931e+00 -2.192705098306361844e+00
-4.176925358158496415e+00 -9.151441186719678100e+00 -1.478976341278095408e+00 8.237383539253007925e+00 6.569959346903617714e+00 -4.176925358162745461e+00 -9.151441186718548337e+00 -1.478976341273141371e+00 8.237383539254942377e+00 6.569959346899867825e+00 -4.176925358166994506e+00 -9.151441186717422127e+00 -1.478976341268196659e+00 8.237383539256878606e+00 6.569959346896101060e+00 -4.176925358171258651e+00 -9.151441186716295917e+00 -1.478976341263251726e+00 8.237383539258804177e+00 6.569959346892360941e+00
2.477457514074118405e-01 -6.319660112524172479e-02 -2.868033988762639930e-01 -1.140576474692240050e-01 2.163118960634492216e-01 2.477457514073233558e-01 -6.319660112538949548e-02 -2.868033988762667130e-01 -1.140576474690779274e-01 2.163118960635422028e-01 2.477457514072348432e-01 -6.319660112553744657e-02 -2.868033988762693776e-01 -1.140576474689314612e-01 2.163118960636354893e-01 2.477457514071460531e-01 -6.319660112568505073e-02 -2.868033988762722086e-01 -1.140576474687860220e-01 2.163118960637281096e-01
-2.394098300563491932e+00 -4.279634122157317755e+00 -2.508610463426962922e-01 4.124593469064151918e+00 2.799999999999315925e+00 -2.394098300565384196e+00 -4.279634122156541487e+00 -2.508610463403206370e-01 4.124593469064843809e+00 2.799999999997373035e+00 -2.394098300567277349e+00 -4.279634122155766995e+00 -2.508610463379494782e-01 4.124593469065537477e+00 2.799999999995421707e+00 -2.394098300569176718e+00 -4.279634122154993392e+00 -2.508610463355781528e-01 4.124593469066227591e+00 2.799999999993483701e+00
-2.492705098313088286e+00 -4.279634122156402931e+00 -1.522542485925355016e-01 4.185535821594601913e+00 2.739057647467340484e+00 -2.492705098314959677e+00 -4.279634122155570708e+00 -1.522542485901466902e-01 4.185535821595246730e+00 2.739057647465354517e+00 -2.492705098316831958e+00 -4.279634122154740261e+00 -1.522542485877624585e-01 4.185535821595892436e+00 2.739057647463360556e+00 -2.492705098318710011e+00 -4.279634122153911591e+00 -1.522542485853778660e-01 4.185535821596535477e+00 2.739057647461380807e+00
3.400861046345469152e+00 4.876847717656598746e+00 -3.868033988773028065e-01 -5.115905365126594440e+00 -2.774999999997813660e+00 3.400861046347482208e+00 4.876847717655335757e+00 -3.868033988800999023e-01 -5.115905365127059845e+00 -2.774999999995309885e+00 3.400861046349495265e+00 4.876847717654074543e+00 -3.868033988828913361e-01 -5.115905365127527027e+00 -2.774999999992795896e+00 3.400861046351514982e+00 4.876847717652815106e+00 -3.868033988856837135e-01 -5.115905365127991544e+00 -2.774999999990299671e+00
3.773606797751952513e+00 5.002708764000526998e+00 -6.817627457836336058e-01 -5.424061313158041742e+00 -2.670491502810303786e+00 3.773606797753956243e+00 5.002708763999070385e+00 -6.817627457865410578e-01 -5.424061313158382802e+00 -2.670491502807613049e+00 3.773606797755960862e+00 5.002708763997616437e+00 -6.817627457894424037e-01 -5.424061313158724751e+00 -2.670491502804911654e+00 3.773606797757971698e+00 5.002708763996164265e+00 -6.817627457923448597e-01 -5.424061313159064923e+00 -2.670491502802228911e+00
1.778647450845203704e+00 2.902912029468849742e+00 1.545084971690485753e-02 -2.893362879188691394e+00 -1.803647450842168709e+00 1.778647450846454481e+00 2.902912029468236010e+00 1.545084971527274642e-02 -2.893362879189086190e+00 -1.803647450840784039e+00 1.778647450847705258e+00 2.902912029467623611e+00 1.545084971364382720e-02 -2.893362879189483206e+00 -1.803647450839393596e+00 1.778647450848960476e+00 2.902912029467011656e+00 1.545084971201457491e-02 -2.893362879189876669e+00 -1.803647450838012922e+00
-1.830040653093911729e+00 -3.771478174125032723e+00 -5.008610463429953308e-01 3.461929023844267928e+00 2.640450849717768111e+00 -1.830040653095639680e+00 -3.771478174124506033e+00 -5.008610463409390867e-01 3.461929023845012221e+00 2.640450849716176052e+00 -1.830040653097367631e+00 -3.771478174123981120e+00 -5.008610463388867284e-01 3.461929023845757847e+00 2.640450849714576886e+00 -1.830040653099101577e+00 -3.771478174123455762e+00 -5.008610463368343702e-01 3.461929023846499476e+00 2.640450849712989267e+00
3.454915028139138311e-02 -5.640576474691630926e-01 -3.831559480315220867e-01 3.272542485940647117e-01 5.854101966253871803e-01 3.454915028106703145e-02 -5.640576474692575726e-01 -3.831559480312557997e-01 3.272542485943239488e-01 5.854101966252815981e-01 3.454915028074267980e-02 -5.640576474693527187e-01 -3.831559480309898458e-01 3.272542485945838520e-01 5.854101966251752387e-01 3.454915028041721792e-02 -5.640576474694473097e-01 -3.831559480307241694e-01 3.272542485948419788e-01 5.854101966250697675e-01
-1.539589803375921662e+00 -3.033813728906926688e+00 -3.354101966240103372e-01 2.826518827220022789e+00 2.082294901686881694e+00 -1.539589803377297006e+00 -3.033813728906464391e+00 -3.354101966223472786e-01 2.826518827220589003e+00 2.082294901685571631e+00 -1.539589803378672572e+00 -3.033813728906004759e+00 -3.354101966206873842e-01 2.826518827221156993e+00 2.082294901684256239e+00 -1.539589803380052802e+00 -3.033813728905543794e+00 -3.354101966190274342e-01 2.826518827221720986e+00 2.082294901682949728e+00
-5.690983005623362345e-01 -1.157623792125257900e+00 -1.463525491563837377e-01 1.067172942406434455e+00 8.059016994375695075e-01 -5.690983005628649227e-01 -1.157623792125092033e+00 -1.463525491557516323e-01 1.067172942406659386e+00 8.059016994370775677e-01 -5.690983005633937220e-01 -1.157623792124926831e+00 -1.463525491551207203e-01 1.067172942406884761e+00 8.059016994365835185e-01 -5.690983005639244086e-01 -1.157623792124761408e+00 -1.463525491544897528e-01 1.067172942407108804e+00 8.059016994360930219e-01
-2.477254248594212616e+00 -3.700125624969481386e+00 1.904508497193589667e-01 3.817830723282242822e+00 2.169098300561868697e+00 -2.477254248595762043e+00 -3.700125624968580329e+00 1.904508497214673635e-01 3.817830723282645611e+00 2.169098300560013737e+00 -2.477254248597311470e+00 -3.700125624967681937e+00 1.904508497235716524e-01 3.817830723283049732e+00 2.169098300558150783e+00 -2.477254248598866671e+00 -3.700125624966783544e+00 1.904508497256764410e-01 3.817830723283451633e+00 2.169098300556301151e+00
5.712664445220383413e+00 8.376973342626076402e+00 -5.354101966273048241e-01 -8.707875042064765481e+00 -4.846352549153834843e+00 5.712664445223868626e+00 8.376973342623980301e+00 -5.354101966320922168e-01 -8.707875042065628790e+00 -4.846352549149589350e+00 5.712664445227353838e+00 8.376973342621885976e+00 -5.354101966368698395e-01 -8.707875042066493876e+00 -4.846352549145327870e+00 5.712664445230851484e+00 8.376973342619793428e+00 -5.354101966416491276e-01 -8.707875042067353633e+00 -4.846352549141094812e+00
-1.430040653094681424e+00 -3.411067977500705339e+00 -6.781152949364275262e-01 2.991969676938918798e+00 2.527254248593087560e+00 -1.430040653096292358e+00 -3.411067977500355397e+00 -6.781152949345979897e-01 2.991969676939699951e+00 2.527254248591744190e+00 -1.430040653097903292e+00 -3.411067977500007231e+00 -6.781152949327717838e-01 2.991969676940483325e+00 2.527254248590394603e+00 -1.430040653099519998e+00 -3.411067977499659065e+00 -6.781152949309455780e-01 2.991969676941261369e+00 2.527254248589055230e+00
