1.069235066637910903e+00 -2.372916695567239831e+00 -5.582790838527450283e+00 -8.246182516621558989e+00 -1.010238039545671995e+01 -1.096968689376145178e+01 -1.076320400860199555e+01 -9.503143723428619793e+00 -7.312849518310344799e+00 -4.406722650721241585e+00 -1.069235066637443943e+00 2.372916695567566236e+00 5.582790838527612820e+00 8.246182516621541225e+00 1.010238039545651745e+01 1.096968689376108763e+01 1.076320400860150528e+01 9.503143723428051359e+00 7.312849518309754160e+00 4.406722650720690027e+00
-3.562482756213580792e-02 -3.414095530918191734e+00 -6.458370776305645933e+00 -8.870455691993120340e+00 -1.041423860044930905e+01 -1.093860327442651403e+01 -1.039222124617234755e+01 -8.828576195479774569e+00 -6.400728594466270849e+00 -3.346333082127966652e+00 3.562482756256057925e-02 3.414095530918465293e+00 6.458370776305749850e+00 8.870455691993045733e+00 1.041423860044905503e+01 1.093860327442610725e+01 1.039222124617183063e+01 8.828576195479197253e+00 6.400728594465689980e+00 3.346333082127441294e+00
-1.205560725991945858e+00 -3.672545831526702997e+00 -5.780036562940173539e+00 -7.321737043690260904e+00 -8.146734889062273055e+00 -8.174273561853215853e+00 -7.401657384897101899e+00 -5.904515412727845636e+00 -3.829398332782864234e+00 -1.379433063038043361e+00 1.205560725992219862e+00 3.672545831526852211e+00 5.780036562940189526e+00 7.321737043690140112e+00 8.146734889062026141e+00 8.174273561852865910e+00 7.401657384896686231e+00 5.904515412727403323e+00 3.829398332782437464e+00 1.379433063037678764e+00
8.937227217197415641e+00 1.399961713957434029e+01 1.769162699526150107e+01 1.965185713583899840e+01 1.968842657742063551e+01 1.779775564827011891e+01 1.416491639201168873e+01 9.145516426527386500e+00 3.230889592654802023e+00 -2.999999225478263032e+00 -8.937227217197779794e+00 -1.399961713957436871e+01 -1.769162699526120619e+01 -1.965185713583840155e+01 -1.968842657741979352e+01 -1.779775564826910994e+01 -1.416491639201062291e+01 -9.145516426526366871e+00 -3.230889592653916509e+00 2.999999225478910958e+00
8.530554892707886694e+00 1.334808153035969625e+01 1.685900494626719137e+01 1.871965149443952470e+01 1.874788812685480011e+01 1.694095084519602779e+01 1.347571526026432487e+01 8.691382774828827706e+00 3.056277186968507031e+00 -2.877998106287550595e+00 -8.530554892708233083e+00 -1.334808153035972111e+01 -1.685900494626690715e+01 -1.871965149443895626e+01 -1.874788812685399719e+01 -1.694095084519506855e+01 -1.347571526026330879e+01 -8.691382774827857816e+00 -3.056277186967665926e+00 2.877998106288167879e+00
1.115355011895397830e+01 2.071099716652428668e+01 2.824110750943266623e+01 3.300678148195147088e+01 3.454152171124754034e+01 3.269509713051343880e+01 2.764824864250797276e+01 1.989499694069823121e+01 1.019428432173842580e+01 -5.043158743884745832e-01 -1.115355011895484161e+01 -2.071099716652458511e+01 -2.824110750943239623e+01 -3.300678148195065376e+01 -3.454152171124624715e+01 -3.269509713051178323e+01 -2.764824864250614667e+01 -1.989499694069640512e+01 -1.019428432173676669e+01 5.043158743897873109e-01
1.100383454315126208e+01 2.019759265266542059e+01 2.741426966843374657e+01 3.194744696260746153e+01 3.335338555712944242e+01 3.149446238661767694e+01 2.655264180288123299e+01 1.901166363634488832e+01 9.609691371033612484e+00 -7.329444403311811129e-01 -1.100383454315208454e+01 -2.019759265266569770e+01 -2.741426966843346946e+01 -3.194744696260666217e+01 -3.335338555712817765e+01 -3.149446238661608533e+01 -2.655264180287946729e+01 -1.901166363634312617e+01 -9.609691371032017315e+00 7.329444403324396617e-01
3.039058532388022371e+00 -6.519296456467911227e-01 -4.279102407704733935e+00 -7.487406811836910592e+00 -9.962791669395659966e+00 -1.146294906350267340e+01 -1.184103313621159970e+01 -1.106003438421906182e+01 -9.196402406908369187e+00 -6.432562486906214794e+00 -3.039058532387464151e+00 6.519296456472232215e-01 4.279102407705003941e+00 7.487406811836992304e+00 9.962791669395539174e+00 1.146294906350236786e+01 1.184103313621113607e+01 1.106003438421848628e+01 9.196402406907738580e+00 6.432562486905593957e+00
3.789295258402976430e+00 2.109146652515055287e+00 2.225400769901377807e-01 -1.685850271798450262e+00 -3.429217849973864585e+00 -4.836909692228129387e+00 -5.771131113075612440e+00 -6.140434010740380089e+00 -5.908668444514416862e+00 -5.098521242825583499e+00 -3.789295258402648248e+00 -2.109146652514755083e+00 -2.225400769898917552e-01 1.685850271798618127e+00 3.429217849973934307e+00 4.836909692228098301e+00 5.771131113075480989e+00 6.140434010740161597e+00 5.908668444514133533e+00 5.098521242825261979e+00
3.538746372223575243e+00 2.093531690485920915e+00 4.433875403905176427e-01 -1.250158471420944606e+00 -2.821330261683458573e+00 -4.116330588568566817e+00 -5.008395797282922501e+00 -5.410204329813787183e+00 -5.282424367432374090e+00 -4.637563903151932898e+00 -3.538746372223284808e+00 -2.093531690485650465e+00 -4.433875403902911572e-01 1.250158471421104034e+00 2.821330261683533180e+00 4.116330588568551718e+00 5.008395797282818585e+00 5.410204329813602442e+00 5.282424367432129841e+00 4.637563903151653122e+00
3.224718506644929761e+00 -1.044691878062610257e+01 -2.309593886968615095e+01 -3.348416754331283585e+01 -4.059473259988642013e+01 -4.373160238944958422e+01 -4.258771824114293736e+01 -3.727505150531229106e+01 -2.831364301758645396e+01 -1.658069787854847377e+01 -3.224718506643107219e+00 1.044691878062735668e+01 2.309593886968674070e+01 3.348416754331270084e+01 4.059473259988556038e+01 4.373160238944809208e+01 4.258771824114096205e+01 3.727505150531001732e+01 2.831364301758410562e+01 1.658069787854629951e+01
3.384871349223065984e+00 -1.031338798710597437e+01 -2.300210104965752578e+01 -3.343920819640664632e+01 -4.060305266022804460e+01 -4.379238743156351177e+01 -4.269501820159276662e+01 -3.741836311636639323e+01 -2.847893794024416181e+01 -1.675179589410259950e+01 -3.384871349221237224e+00 1.031338798710723559e+01 2.300210104965812263e+01 3.343920819640652553e+01 4.060305266022719195e+01 4.379238743156201252e+01 4.269501820159078420e+01 3.741836311636411949e+01 2.847893794024180991e+01 1.675179589410041459e+01
2.173180851507384936e+00 -9.198087846497311482e-01 -3.922761128280663812e+00 -6.541726281191545311e+00 -8.520341686812271220e+00 -9.664926683416522835e+00 -9.863441316744079757e+00 -9.096453591352073431e+00 -7.439041609719586390e+00 -5.053444404477127172e+00 -2.173180851506928413e+00 9.198087846500770937e-01 3.922761128280871645e+00 6.541726281191595049e+00 8.520341686812152204e+00 9.664926683416247499e+00 9.863441316743680076e+00 9.096453591351584933e+00 7.439041609719057035e+00 5.053444404476612917e+00
7.382263075567093935e+00 9.720401804002847257e+00 1.110703987784101443e+01 1.140644350113876726e+01 1.058930496118002473e+01 8.735611471594936006e+00 6.026815466586091574e+00 2.728072772415309544e+00 -8.377126923201432263e-01 -4.321497002043740210e+00 -7.382263075567161437e+00 -9.720401804002719359e+00 -1.110703987784070890e+01 -1.140644350113831429e+01 -1.058930496117946696e+01 -8.735611471594323163e+00 -6.026815466585490277e+00 -2.728072772414780189e+00 8.377126923205562292e-01 4.321497002043988900e+00
3.067614484626036475e+00 3.036570731816969904e-01 -2.490024408288880053e+00 -5.039964951655918846e+00 -7.096558610054192862e+00 -8.458491667069086617e+00 -8.992448625934400752e+00 -8.646162059219520302e+00 -7.453528908794872621e+00 -5.531292416987816374e+00 -3.067614484625594162e+00 -3.036570731813399426e-01 2.490024408289123414e+00 5.039964951656022762e+00 7.096558610054144900e+00 8.458491667068891218e+00 8.992448625934081008e+00 8.646162059219101081e+00 7.453528908794401886e+00 5.531292416987338534e+00
3.609536209061729117e+00 6.963045449318676638e-01 -2.285086259494939487e+00 -5.042796899710200620e+00 -7.306883444149802287e+00 -8.855721327025454670e+00 -9.537699504973213394e+00 -9.286061202314195739e+00 -8.125438529379811925e+00 -6.169441319930558443e+00 -3.609536209061251277e+00 -6.963045449314750890e-01 2.285086259495214378e+00 5.042796899710332070e+00 7.306883444149771201e+00 8.855721327025266376e+00 9.537699504972888320e+00 9.286061202313762308e+00 8.125438529379316321e+00 6.169441319930048628e+00
2.931185931239924880e+00 -1.725243185758098541e-01 -3.259346686041709962e+00 -6.027121490674125504e+00 -8.204919650374632667e+00 -9.579563107659735621e+00 -1.001649218322622481e+01 -9.472937214893782709e+00 -8.002105150132948097e+00 -5.747971279332110051e+00 -2.931185931239443931e+00 1.725243185761886622e-01 3.259346686041956875e+00 6.027121490674215210e+00 8.204919650374550955e+00 9.579563107659494037e+00 1.001649218322584645e+01 9.472937214893304869e+00 8.002105150132416966e+00 5.747971279331581584e+00
3.148370956654139352e+00 1.402505961751318697e+00 -4.806460885213428291e-01 -2.316749150791304501e+00 -3.926072664441306870e+00 -5.151084831139035813e+00 -5.871872924846475605e+00 -6.017881184925594873e+00 -5.574817305580482163e+00 -4.586051466329014836e+00 -3.148370956653822716e+00 -1.402505961751040697e+00 4.806460885215582124e-01 2.316749150791436396e+00 3.926072664441338400e+00 5.151084831138967424e+00 5.871872924846313069e+00 6.017881184925352400e+00 5.574817305580186400e+00 4.586051466328694204e+00
4.066338773818119812e+00 2.275027153840285976e+00 2.610200249983312126e-01 -1.778537562523898163e+00 -3.643999501626419057e+00 -5.152761380272274927e+00 -6.157135073617473253e+00 -6.558805486674382124e+00 -6.318454320810662495e+00 -5.459608822766107927e+00 -4.066338773817770758e+00 -2.275027153839965788e+00 -2.610200249980674236e-01 1.778537562524078464e+00 3.643999501626494553e+00 5.152761380272242064e+00 6.157135073617333809e+00 6.558805486674149421e+00 6.318454320810360514e+00 5.459608822765765979e+00
3.647288171437840454e+00 2.082259370203229487e+00 3.134045138590160207e-01 -1.486128559919353886e+00 -3.140189015786268190e+00 -4.486865891804617590e+00 -5.394337072500205998e+00 -5.773772955983053734e+00 -5.588031714292604590e+00 -4.855294994300857425e+00 -3.647288171437530924e+00 -2.082259370202945270e+00 -3.134045138587806534e-01 1.486128559919516423e+00 3.140189015786339688e+00 4.486865891804593609e+00 5.394337072500087871e+00 5.773772955982851229e+00 5.588031714292339913e+00 4.855294994300556333e+00
