5.604101966249929179e-01 4.772542485936170920e-01 2.118033988748290464e-01 -1.345491502813660201e-01 -4.295084971875120505e-01 -5.604101966249681599e-01 -4.772542485937654178e-01 -2.118033988750937235e-01 1.345491502810861051e-01 4.295084971873238677e-01 5.604101966249434019e-01 4.772542485939135215e-01 2.118033988753585117e-01 -1.345491502808065509e-01 -4.295084971871354629e-01 -5.604101966249186439e-01 -4.772542485940618473e-01 -2.118033988756233554e-01 1.345491502805264694e-01 4.295084971869469470e-01
4.106134621004526863e-01 4.906559480316434296e+00 7.528366544875138011e+00 7.274593469060052442e+00 4.242172942402911318e+00 -4.106134620964709825e-01 -4.906559480313301691e+00 -7.528366544874053545e+00 -7.274593469061429118e+00 -4.242172942406223335e+00 4.106134620924888345e-01 4.906559480310173527e+00 7.528366544872969079e+00 7.274593469062807571e+00 4.242172942409539793e+00 -4.106134620885111275e-01 -4.906559480307040033e+00 -7.528366544871887278e+00 -7.274593469064185136e+00 -4.242172942412853587e+00
8.864745084426610688e-01 4.353444185377785658e+00 6.157546151624708308e+00 5.609674775247846412e+00 2.919098300559911596e+00 -8.864745084394920482e-01 -4.353444185375460407e+00 -6.157546151624117670e+00 -5.609674775249214207e+00 -2.919098300562716464e+00 8.864745084363226946e-01 4.353444185373138708e+00 6.157546151623527919e+00 5.609674775250582890e+00 2.919098300565524440e+00 -8.864745084331565605e-01 -4.353444185370812569e+00 -6.157546151622938169e+00 -5.609674775251951573e+00 -2.919098300568330195e+00
-8.248743750422526944e-01 -8.681356214849589747e+00 -1.322185504903054110e+01 -1.271205464880782188e+01 -7.346681439588154561e+00 8.248743750352764970e-01 8.681356214844132779e+00 1.322185504902869546e+01 1.271205464881028568e+01 7.346681439593990781e+00 -8.248743750282998555e-01 -8.681356214838682916e+00 -1.322185504902684627e+01 -1.271205464881274949e+01 -7.346681439599832331e+00 8.248743750213294312e-01 8.681356214833224172e+00 1.322185504902499886e+01 1.271205464881521685e+01 7.346681439605671216e+00
2.143566144659377226e+00 3.880166278063961638e+00 4.134674775249750134e+00 2.809878040717467940e+00 4.118033988734148831e-01 -2.143566144657495620e+00 -3.880166278063067242e+00 -4.134674775250186229e+00 -2.809878040719066661e+00 -4.118033988755661623e-01 2.143566144655613570e+00 3.880166278062174179e+00 4.134674775250623213e+00 2.809878040720664938e+00 4.118033988777198839e-01 -2.143566144653733296e+00 -3.880166278061279783e+00 -4.134674775251060197e+00 -2.809878040722264991e+00 -4.118033988798728284e-01
-1.963196601130242858e+00 -5.583813728908237906e+00 -7.071603799092240017e+00 -5.858281572996740572e+00 -2.407294901684394084e+00 1.963196601126753649e+00 5.583813728905974827e+00 7.071603799092070375e+00 5.858281572998727427e+00 2.407294901687778488e+00 -1.963196601123264440e+00 -5.583813728903715301e+00 -7.071603799091900733e+00 -5.858281573000713394e+00 -2.407294901691166888e+00 1.963196601119778339e+00 5.583813728901451334e+00 7.071603799091731979e+00 5.858281573002701137e+00 2.407294901694553513e+00
-2.392705098317839951e+00 -6.088322226095590928e+00 -7.458407197966971047e+00 -5.979634122152733156e+00 -2.216844051965515927e+00 2.392705098314211298e+00 6.088322226093342948e+00 7.458407197966965718e+00 5.979634122154969589e+00 2.216844051969141915e+00 -2.392705098310582201e+00 -6.088322226091097633e+00 -7.458407197966960389e+00 -5.979634122157206022e+00 -2.216844051972771013e+00 2.392705098306956213e+00 6.088322226088848765e+00 7.458407197966955060e+00 5.979634122159444232e+00 2.216844051976398777e+00
5.218566144664976036e+00 1.094070209965914131e+01 1.248386171337215700e+01 9.258610463432013660e+00 2.496884705057379694e+00 -5.218566144659095407e+00 -1.094070209965590301e+01 -1.248386171337280182e+01 -9.258610463436291127e+00 -2.496884705063657783e+00 5.218566144653213890e+00 1.094070209965266827e+01 1.248386171337344486e+01 9.258610463440565042e+00 2.496884705069943422e+00 -5.218566144647338589e+00 -1.094070209964942642e+01 -1.248386171337408967e+01 -9.258610463444846062e+00 -2.496884705076226396e+00
5.251722092695883859e+00 1.085164445219017182e+01 1.230660746477833989e+01 9.060864712025843204e+00 2.354179606745100628e+00 -5.251722092690103594e+00 -1.085164445218702411e+01 -1.230660746477903089e+01 -9.060864712030106460e+00 -2.354179606751308995e+00 5.251722092684322440e+00 1.085164445218388174e+01 1.230660746477972367e+01 9.060864712034367940e+00 2.354179606757523135e+00 -5.251722092678546616e+00 -1.085164445218073226e+01 -1.230660746478041645e+01 -9.060864712038632973e+00 -2.354179606763735499e+00
2.855369543536305343e+00 6.291437521033159008e+00 7.324390203592476389e+00 5.559674775247113843e+00 1.671352549153459766e+00 -2.855369543532822352e+00 -6.291437521031169489e+00 -7.324390203592742843e+00 -5.559674775249532352e+00 -1.671352549157107958e+00 2.855369543529338472e+00 6.291437521029182633e+00 7.324390203593009296e+00 5.559674775251949086e+00 1.671352549160759926e+00 -2.855369543525858589e+00 -6.291437521027192226e+00 -7.324390203593276638e+00 -5.559674775254369372e+00 -1.671352549164409673e+00
-1.143237254224046540e+00 -4.719756081440091400e+00 -6.493488504155596530e+00 -5.786929023841157260e+00 -2.869959346903346198e+00 1.143237254220737853e+00 4.719756081437729733e+00 6.493488504155085828e+00 5.786929023842692033e+00 2.869959346906340247e+00 -1.143237254217428722e+00 -4.719756081435369843e+00 -6.493488504154576013e+00 -5.786929023844226805e+00 -2.869959346909337405e+00 1.143237254214122700e+00 4.719756081433008177e+00 6.493488504154066199e+00 5.786929023845761577e+00 2.869959346912332343e+00
8.315594803202240592e-02 4.463525491570435877e-01 6.390576474692850617e-01 5.876644452188847234e-01 3.118033988747919705e-01 -8.315594803169210070e-02 -4.463525491567985615e-01 -6.390576474692191145e-01 -5.876644452190229462e-01 -3.118033988750815722e-01 8.315594803136176771e-02 4.463525491565537018e-01 6.390576474691530562e-01 5.876644452191610579e-01 3.118033988753713959e-01 -8.315594803103176780e-02 -4.463525491563085090e-01 -6.390576474690871089e-01 -5.876644452192991697e-01 -3.118033988756611086e-01
-8.704915028170139291e-01 -3.890779740158689215e+00 -5.424922359499690039e+00 -4.886929023841736885e+00 -2.482294901685175859e+00 8.704915028142361511e-01 3.890779740156679267e+00 5.424922359499217528e+00 4.886929023842981223e+00 2.482294901687662758e+00 -8.704915028114581510e-01 -3.890779740154671984e+00 -5.424922359498745017e+00 -4.886929023844226450e+00 -2.482294901690152322e+00 8.704915028086828155e-01 3.890779740152661592e+00 5.424922359498275171e+00 4.886929023845471676e+00 2.482294901692639666e+00
-1.690983005642701098e-01 -1.334016994375914367e+00 -1.989386537906093988e+00 -1.884878040717865577e+00 -1.060410196623948309e+00 1.690983005632274994e-01 1.334016994375112564e+00 1.989386537905839969e+00 1.884878040718256376e+00 1.060410196624834267e+00 -1.690983005621849444e-01 -1.334016994374311871e+00 -1.989386537905586172e+00 -1.884878040718646730e+00 -1.060410196625721113e+00 1.690983005611433887e-01 1.334016994373509846e+00 1.989386537905332375e+00 1.884878040719037529e+00 1.060410196626607293e+00
-2.009549150286269903e+00 -5.463322226095642442e+00 -6.830291903029866774e+00 -5.588322226090705058e+00 -2.211803398872044468e+00 2.009549150282917918e+00 5.463322226093506373e+00 6.830291903029763745e+00 5.588322226092673262e+00 2.211803398875333393e+00 -2.009549150279565488e+00 -5.463322226091372080e+00 -6.830291903029660716e+00 -5.588322226094641465e+00 -2.211803398878626314e+00 2.009549150276216611e+00 5.463322226089234235e+00 6.830291903029559464e+00 5.588322226096611445e+00 2.211803398881917015e+00
7.227583139042846661e+00 1.513320393250345219e+01 1.725845518243311005e+01 1.279156314599217126e+01 3.438728757024307470e+00 -7.227583139034718940e+00 -1.513320393249897933e+01 -1.725845518243400534e+01 -1.279156314599808830e+01 -3.438728757032989858e+00 7.227583139026590331e+00 1.513320393249451001e+01 1.725845518243490062e+01 1.279156314600400535e+01 3.438728757041681128e+00 -7.227583139018468827e+00 -1.513320393249003715e+01 -1.725845518243580301e+01 -1.279156314600992772e+01 -3.438728757050369289e+00
-4.960236587236404038e-01 -3.804837387627602929e+00 -5.660332556124629377e+00 -5.353773075810298820e+00 -3.002254248591146979e+00 4.960236587206765524e-01 3.804837387625328748e+00 5.660332556123915282e+00 5.353773075811416149e+00 3.002254248593670294e+00 -4.960236587177122569e-01 -3.804837387623056344e+00 -5.660332556123201186e+00 -5.353773075812534366e+00 -3.002254248596195829e+00 4.960236587147512921e-01 3.804837387620781275e+00 5.660332556122487091e+00 5.353773075813652582e+00 3.002254248598720032e+00
-2.796352549162717249e+00 -7.265044318783639987e+00 -8.958736088404400277e+00 -7.230495168496042346e+00 -2.740450849714969994e+00 2.796352549158346079e+00 7.265044318780906174e+00 8.958736088404352316e+00 7.230495168498695335e+00 2.740450849719312298e+00 -2.796352549153974465e+00 -7.265044318778175914e+00 -8.958736088404302578e+00 -7.230495168501347436e+00 -2.740450849723658155e+00 2.796352549149607292e+00 7.265044318775441212e+00 8.958736088404256392e+00 7.230495168504001313e+00 2.740450849728002236e+00
-5.887287570356621869e-01 -3.651189936783608925e+00 -5.319020660062227179e+00 -4.955166278060614715e+00 -2.698606797747757913e+00 5.887287570328966213e-01 3.651189936781523926e+00 5.319020660061623218e+00 4.955166278061719609e+00 2.698606797750150665e+00 -5.887287570301307227e-01 -3.651189936779441592e+00 -5.319020660061017480e+00 -4.955166278062824503e+00 -2.698606797752545194e+00 5.887287570273675996e-01 3.651189936777356593e+00 5.319020660060412631e+00 4.955166278063928509e+00 2.698606797754938391e+00
-1.100532155912144816e+00 -5.073403532284110007e+00 -7.108407197967919089e+00 -6.428240919903240425e+00 -3.292705098309190337e+00 1.100532155908498400e+00 5.073403532281458794e+00 7.108407197967278712e+00 6.428240919904853357e+00 3.292705098312441514e+00 -1.100532155904851983e+00 -5.073403532278811134e+00 -7.108407197966638336e+00 -6.428240919906467177e+00 -3.292705098315696688e+00 1.100532155901209563e+00 5.073403532276159922e+00 7.108407197965998847e+00 6.428240919908080997e+00 3.292705098318949197e+00
