-3.012780193510162796e+00 5.176208283389530651e-01 2.404280415155032991e+00 -3.344021969149511442e+00 1.526853178465821470e+00 1.549098407710941760e+00 -3.347927575272132916e+00 2.386626501270096679e+00 5.422798549147516134e-01 -3.024114703938900917e+00 3.012780193521438221e+00 -5.176208283668908283e-01 -2.404280415133465798e+00 3.344021969152095153e+00 -1.526853178490426011e+00 -1.549098407684601053e+00 3.347927575265773559e+00 -2.386626501288960256e+00 -5.422798548862157730e-01 3.024114703924219327e+00
-2.215833880444058934e+00 4.455853419263222093e-01 1.692016895199235815e+00 -2.434670497184080684e+00 1.170109929676890426e+00 1.059123776732157296e+00 -2.415184602309057738e+00 1.780096004873349402e+00 3.225562436478551231e-01 -2.159283610975688994e+00 2.215833880451675508e+00 -4.455853419464333998e-01 -1.692016895183209968e+00 2.434670497185351667e+00 -1.170109929694411077e+00 -1.059123776712832088e+00 2.415184602303861006e+00 -1.780096004886564831e+00 -3.225562436271221523e-01 2.159283610964531697e+00
-1.722008466786110192e-01 3.224901404916326597e-01 -2.069090505032459837e-01 -7.925396358803329933e-02 3.000776724688652419e-01 -2.735084972512649149e-01 2.145084965346462369e-02 2.482915111003053954e-01 -3.133350266421283670e-01 1.200559042739544613e-01 1.722008466762009471e-01 -3.224901404912597358e-01 2.069090505052176010e-01 7.925396358534254893e-02 -3.000776724676736396e-01 2.735084972525548830e-01 -2.145084965617263806e-02 -2.482915110984118545e-01 3.133350266426105368e-01 -1.200559042764146878e-01
2.504123723299821247e+00 -3.853881167889803283e-01 -2.051072820384360451e+00 2.796568827191302731e+00 -1.236491006907316503e+00 -1.342986470284585954e+00 2.815266289432114100e+00 -1.966557542127920666e+00 -5.034392473345813412e-01 2.558385872145317652e+00 -2.504123723309661376e+00 3.853881168125026790e-01 2.051072820366547589e+00 -2.796568827193884665e+00 1.236491006928164715e+00 1.342986470262659493e+00 -2.815266289427187374e+00 1.966557542144054427e+00 5.034392473106873434e-01 -2.558385872133363215e+00
2.308059579793388494e+00 -6.621093545190376295e-01 -1.529703351809898138e+00 2.460383495673385656e+00 -1.362650915674706420e+00 -8.584912711584743450e-01 2.371867932493195053e+00 -1.929806711054578683e+00 -1.032440834245670902e-01 2.051177410301311177e+00 -2.308059579799257133e+00 6.621093545386544932e-01 1.529703351792706112e+00 -2.460383495672791465e+00 1.362650915691200337e+00 8.584912711384906636e-01 -2.371867932486197095e+00 1.929806711066335501e+00 1.032440834037476884e-01 -2.051177410288593794e+00
-5.154156367907213543e+00 9.782517681876681248e-01 4.004152443165840403e+00 -5.685415276240251004e+00 2.679454061906712425e+00 2.535528112668245626e+00 -5.660146124708401949e+00 4.118372723187371243e+00 8.187086244361370113e-01 -5.080822433924378601e+00 5.154156367925536664e+00 -9.782517682348392807e-01 -4.004152443128710104e+00 5.685415276243770855e+00 -2.679454061947982524e+00 -2.535528112623251396e+00 5.660146124696779246e+00 -4.118372723218701736e+00 -8.187086243876826597e-01 5.080822433898748436e+00
4.972019777210269775e-01 -4.445397590892327666e-01 2.538585118020775244e-02 4.146969012079118055e-01 -5.128912965835402682e-01 1.882429791147415543e-01 2.915984026407450469e-01 -5.310374604436418622e-01 3.326735726872178667e-01 1.399562207371582434e-01 -4.972019777191428180e-01 4.445397590914282882e-01 -2.538585118467295842e-02 -4.146969012048581371e-01 5.128912965844156790e-01 -1.882429791188242607e-01 -2.915984026368210191e-01 5.310374604431115086e-01 -3.326735726905185597e-01 -1.399562207327477992e-01
-2.438899977261835161e+00 3.678776872047672120e-01 2.006433818888217147e+00 -2.726582104094044556e+00 1.198855681017673147e+00 1.317242726233691652e+00 -2.747367377358627127e+00 1.912481327851725421e+00 4.991107377638825948e-01 -2.499221189688995981e+00 2.438899977271496322e+00 -3.678776872277272347e-01 -2.006433818870887453e+00 2.726582104096631376e+00 -1.198855681038044629e+00 -1.317242726212330961e+00 2.747367377353887807e+00 -1.912481327867514569e+00 -4.991107377405816781e-01 2.499221189677394150e+00
-2.425513270989631653e+00 2.401183528527289224e-01 2.143237217765843194e+00 -2.759644810389704883e+00 1.100919824463039820e+00 1.465435936836364306e+00 -2.823643088168444226e+00 1.853955593093441490e+00 6.441875761147670687e-01 -2.611243506994644914e+00 2.425513271000550919e+00 -2.401183528764085917e-01 -2.143237217748925616e+00 2.759644810393496073e+00 -1.100919824484414722e+00 -1.465435936815028040e+00 2.823643088164737414e+00 -1.853955593110419908e+00 -6.441875760911008886e-01 2.611243506983802920e+00
3.676637618305570676e+00 -7.623379974759714184e-01 -2.780455553947041025e+00 4.030959536009021349e+00 -1.958221581766136588e+00 -1.728932003040056342e+00 3.990703048975002165e+00 -2.962420793897545757e+00 -5.081685414956162994e-01 3.559808742638048695e+00 -3.676637618317968315e+00 7.623379975091864047e-01 2.780455553920391676e+00 -4.030959536010907840e+00 1.958221581795003940e+00 1.728932003008007756e+00 -3.990703048966195432e+00 2.962420793919239959e+00 5.081685414613051899e-01 -3.559808742619409383e+00
3.314331954116594314e+00 -5.673964581590101863e-01 -2.647317413497765948e+00 3.679504725744454863e+00 -1.678199813573417964e+00 -1.706662524104977985e+00 3.684501938193734283e+00 -2.624729278526618970e+00 -5.989476158334778866e-01 3.328834429492393721e+00 -3.314331954129019486e+00 5.673964581897578130e-01 2.647317413474045367e+00 -3.679504725747317018e+00 1.678199813600503409e+00 1.706662524075999166e+00 -3.684501938186754089e+00 2.624729278547390798e+00 5.989476158020778929e-01 -3.328834429476253742e+00
2.137136187058217729e+00 -4.674305340535196973e-01 -1.587638638281650527e+00 2.333811689158837410e+00 -1.155921546752261220e+00 -9.749444131808951974e-01 2.302037442498725106e+00 -1.731262904673868119e+00 -2.668158360795503392e-01 2.044923731725298399e+00 -2.137136187065169945e+00 4.674305340726632729e-01 1.587638638266098967e+00 -2.333811689159698499e+00 1.155921546768825525e+00 9.749444131622840848e-01 -2.302037442493411135e+00 1.731262904686231785e+00 2.668158360597014389e-01 -2.044923731714329396e+00
-2.184684449297499942e+00 4.813008968221252903e-01 1.618881311162243763e+00 -2.384410016650302833e+00 1.184160775252034226e+00 9.923455365757508639e-01 -2.350732918408152461e+00 1.771106746464927273e+00 2.686720667900021620e-01 -2.086949703589267457e+00 2.184684449304571618e+00 -4.813008968416714328e-01 -1.618881311146337376e+00 2.384410016651149711e+00 -1.184160775268936039e+00 -9.923455365567283026e-01 2.350732918402692384e+00 -1.771106746477530747e+00 -2.686720667697253262e-01 2.086949703578034665e+00
7.583192701959448612e-02 1.494263747557714184e-02 -9.339805089659894421e-02 9.485335634431092677e-02 -1.810875708279232818e-02 -7.356523564305178509e-02 1.045898782676982913e-01 -4.938754032672862393e-02 -4.653134256552013404e-02 1.040884141855464851e-01 -7.583192702016998410e-02 -1.494263747468584091e-02 9.339805089612665534e-02 -9.485335634464700516e-02 1.810875708365971767e-02 7.356523564236820689e-02 -1.045898782677621014e-01 4.938754032748720463e-02 4.653134256469216440e-02 -1.040884141853317679e-01
-1.903124557489069835e+00 3.741907354810303787e-01 1.463236965767911624e+00 -2.094328953658010750e+00 9.987943790535851463e-01 9.201757414958366965e-01 -2.080525839791745657e+00 1.525629069792968862e+00 2.870413044035394767e-01 -1.863066360847548841e+00 1.903124557495700087e+00 -3.741907354983606271e-01 -1.463236965754169061e+00 2.094328953659185366e+00 -9.987943790687088264e-01 -9.201757414792325340e-01 2.080525839787349618e+00 -1.525629069804405491e+00 -2.870413043856990809e-01 1.863066360838013580e+00
-3.361968861321781299e-01 2.379333001468533770e-01 5.648951642063207434e-02 -3.043407094692602843e-01 3.012844449762875909e-01 -4.984039753553606844e-02 -2.426935436966226878e-01 3.351437691587919598e-01 -1.512915861223420033e-01 -1.572898429212576110e-01 3.361968861315574597e-01 -2.379333001487592691e-01 -5.648951641777089083e-02 3.043407094678026170e-01 -3.012844449774352285e-01 4.984039753834283715e-02 2.426935436944708258e-01 -3.351437691590689605e-01 1.512915861248196048e-01 1.572898429186221358e-01
-2.373565235633762871e+00 7.472828251325686066e-01 1.495081587823754665e+00 -2.504856641728050004e+00 1.449553998408865230e+00 8.008037163932386626e-01 -2.390955227363628754e+00 2.009932726681829873e+00 2.813759767358592345e-02 -2.043010456576572320e+00 2.373565235639106152e+00 -7.472828251522958265e-01 -1.495081587805907164e+00 2.504856641726795896e+00 -1.449553998425238355e+00 -8.008037163727366181e-01 2.390955227355901158e+00 -2.009932726693246963e+00 -2.813759765243606381e-02 2.043010456563127075e+00
5.014433381094806741e+00 -9.764694381592614603e-01 -3.866524710964283074e+00 5.521841843622598667e+00 -2.624789691389017410e+00 -2.436216501682989755e+00 5.488733953553502687e+00 -4.016177241635828565e+00 -7.674344470952404462e-01 4.918350541843964585e+00 -5.014433381112375798e+00 9.764694382049876609e-01 3.866524710928097353e+00 -5.521841843625785451e+00 2.624789691428949467e+00 2.436216501639233645e+00 -5.488733953541998112e+00 4.016177241666059494e+00 7.674344470481965219e-01 -4.918350541818893973e+00
-2.317835833750476748e+00 2.355288675677346122e-01 2.040955044058973211e+00 -2.634815418549948163e+00 1.056456247017641514e+00 1.392876615169819088e+00 -2.693880912339075007e+00 1.773970328244038219e+00 6.084537184438907342e-01 -2.489250573052285809e+00 2.317835833760848452e+00 -2.355288675903221829e-01 -2.040955044042791489e+00 2.634815418553512867e+00 -1.056456247038013663e+00 -1.392876615149434727e+00 2.693880912335484545e+00 -1.773970328260200846e+00 -6.084537184212989169e-01 2.489250573041891457e+00
-2.817312445222526218e+00 7.170626795995169722e-01 1.974354709145424103e+00 -3.038055841261740220e+00 1.597094129128052487e+00 1.160559090010589545e+00 -2.961413164173759771e+00 2.320790877685633191e+00 2.331598610533615890e-01 -2.594886733193114914e+00 2.817312445230639728e+00 -7.170626796240749945e-01 -1.974354709124668705e+00 3.038055841261897427e+00 -1.597094129148993957e+00 -1.160559089986129555e+00 2.961413164165947354e+00 -2.320790877700908528e+00 -2.331598610275911476e-01 2.594886733178096261e+00
