-8.895898033740927691e-01 5.820916362169641367e-01 -5.225424859212776663e-02 -4.975424859383201781e-01 8.572949016875879291e-01 -8.895898033744213951e-01 5.820916362177819270e-01 -5.225424859312197134e-02 -4.975424859375280340e-01 8.572949016873009365e-01 -8.895898033747495770e-01 5.820916362185990511e-01 -5.225424859411786221e-02 -4.975424859367350572e-01 8.572949016870149430e-01 -8.895898033750780920e-01 5.820916362194175075e-01 -5.225424859511053344e-02 -4.975424859359423024e-01 8.572949016867281724e-01
-1.205040653092215308e+00 6.629933356534915001e-01 1.322949016900533958e-01 -8.770509831263834100e-01 1.286803398875187465e+00 -1.205040653092890990e+00 6.629933356547748069e-01 1.322949016886527662e-01 -8.770509831253989752e-01 1.286803398874996063e+00 -1.205040653093566005e+00 6.629933356560572255e-01 1.322949016872498051e-01 -8.770509831244132082e-01 1.286803398874805104e+00 -1.205040653094241465e+00 6.629933356573418646e-01 1.322949016858513960e-01 -8.770509831234277742e-01 1.286803398874613702e+00
-1.077786404499948558e+00 8.775831390298185486e-01 -3.421729424043323253e-01 -3.239356881889823292e-01 8.663118960632961718e-01 -1.077786404500030049e+00 8.775831390305681712e-01 -3.421729424054628654e-01 -3.239356881879011385e-01 8.663118960626777776e-01 -1.077786404500111095e+00 8.775831390313171276e-01 -3.421729424065954039e-01 -3.239356881868189486e-01 8.663118960620612707e-01 -1.077786404500192585e+00 8.775831390320674164e-01 -3.421729424077243342e-01 -3.239356881857367587e-01 8.663118960614430986e-01
2.869098300559200343e+00 -1.615044318775463061e+00 -2.559016994427253944e-01 2.029101966252779388e+00 -3.027254248594074770e+00 2.869098300560742221e+00 -1.615044318778467325e+00 -2.559016994394062161e-01 2.029101966250409284e+00 -3.027254248593561403e+00 2.869098300562282322e+00 -1.615044318781469812e+00 -2.559016994360815977e-01 2.029101966248036959e+00 -3.027254248593049812e+00 2.869098300563823312e+00 -1.615044318784476740e+00 -2.559016994327677486e-01 2.029101966245665079e+00 -3.027254248592536889e+00
2.821352549153285150e+00 -1.572339220463269349e+00 -2.772542485988550021e-01 2.020946018221660978e+00 -2.992705098313115375e+00 2.821352549154830136e+00 -1.572339220466246301e+00 -2.772542485955843405e-01 2.020946018219341944e+00 -2.992705098312635315e+00 2.821352549156373346e+00 -1.572339220469220589e+00 -2.772542485923082389e-01 2.020946018217019802e+00 -2.992705098312157030e+00 2.821352549157918332e+00 -1.572339220472199983e+00 -2.772542485890427399e-01 2.020946018214698547e+00 -2.992705098311677414e+00
5.340450849713419323e+00 -3.196932689520917581e+00 -1.677050983222435898e-01 3.468285238693106010e+00 -5.444098300563712911e+00 5.340450849715939086e+00 -3.196932689526243543e+00 -1.677050983161473829e-01 3.468285238688560757e+00 -5.444098300562457915e+00 5.340450849718455295e+00 -3.196932689531564620e+00 -1.677050983100409620e-01 3.468285238684009730e+00 -5.444098300561206472e+00 5.340450849720973281e+00 -3.196932689536895023e+00 -1.677050983039543031e-01 3.468285238679460480e+00 -5.444098300559952364e+00
5.617705098306928768e+00 -3.427834388957957223e+00 -7.135254916645496215e-02 3.543285238693365535e+00 -5.661803398876187110e+00 5.617705098309459188e+00 -3.427834388963468371e+00 -7.135254916007012504e-02 3.543285238688538286e+00 -5.661803398874765136e+00 5.617705098311986944e+00 -3.427834388968975077e+00 -7.135254915367457429e-02 3.543285238683705263e+00 -5.661803398873346715e+00 5.617705098314517365e+00 -3.427834388974491553e+00 -7.135254914729971532e-02 3.543285238678874016e+00 -5.661803398871925630e+00
-1.684549150280594709e+00 1.242501832841195197e+00 -3.258610463407914382e-01 -7.152475842521407445e-01 1.483155948032221172e+00 -1.684549150280959307e+00 1.242501832842547449e+00 -3.258610463426139248e-01 -7.152475842505419124e-01 1.483155948031457561e+00 -1.684549150281323238e+00 1.242501832843898590e+00 -3.258610463444395200e-01 -7.152475842489414148e-01 1.483155948030696392e+00 -1.684549150281687613e+00 1.242501832845252396e+00 -3.258610463462591755e-01 -7.152475842473412504e-01 1.483155948029932780e+00
-4.013932022501093266e-01 3.222135954996160345e-01 -1.199593469056564055e-01 -1.281152949380016115e-01 3.272542485941004053e-01 -4.013932022501481844e-01 3.222135954999015839e-01 -1.199593469060794282e-01 -1.281152949376022365e-01 3.272542485938773615e-01 -4.013932022501868757e-01 3.222135955001869667e-01 -1.199593469065032003e-01 -1.281152949372024175e-01 3.272542485936550949e-01 -4.013932022502256780e-01 3.222135955004729047e-01 -1.199593469069256124e-01 -1.281152949368026817e-01 3.272542485934319956e-01
-5.690983005625565028e-01 4.076237921243692774e-01 -9.045084971788974748e-02 -2.612712429695032146e-01 5.131966011255544302e-01 -5.690983005627020530e-01 4.076237921248430651e-01 -9.045084971851063971e-02 -2.612712429689716398e-01 5.131966011253153992e-01 -5.690983005628472702e-01 4.076237921253165197e-01 -9.045084971913261440e-02 -2.612712429684395099e-01 5.131966011250773674e-01 -5.690983005629927094e-01 4.076237921257907515e-01 -9.045084971975256294e-02 -2.612712429679074910e-01 5.131966011248384474e-01
-6.524999999994181898e+00 4.151770077143974724e+00 -1.927050983004873486e-01 -3.839966678288483148e+00 6.405901699439372265e+00 -6.524999999996808242e+00 4.151770077150137794e+00 -1.927050983078302526e-01 -3.839966678282756618e+00 6.405901699437452912e+00 -6.524999999999431033e+00 4.151770077156296423e+00 -1.927050983151856189e-01 -3.839966678277022982e+00 6.405901699435537999e+00 -6.525000000002057376e+00 4.151770077162464823e+00 -1.927050983225170877e-01 -3.839966678271291123e+00 6.405901699433619534e+00
-6.871352549149656319e+00 4.231278574330637809e+00 2.500000001253088744e-02 -4.271729424069810932e+00 6.886803398876636173e+00 -6.871352549152681455e+00 4.231278574337324905e+00 2.500000000473773243e-02 -4.271729424063879677e+00 6.886803398874835835e+00 -6.871352549155702150e+00 4.231278574344007559e+00 2.499999999693149760e-02 -4.271729424057941316e+00 6.886803398873040827e+00 -6.871352549158726397e+00 4.231278574350699984e+00 2.499999998915049260e-02 -4.271729424052003843e+00 6.886803398871242265e+00
-1.153647450842322897e+00 6.239356881849926761e-01 1.440983005648124315e-01 -8.570916362200190486e-01 1.242705098312674838e+00 -1.153647450842989475e+00 6.239356881862364590e-01 1.440983005634668968e-01 -8.570916362190842408e-01 1.242705098312508305e+00 -1.153647450843655609e+00 6.239356881874793537e-01 1.440983005621191970e-01 -8.570916362181482118e-01 1.242705098312342660e+00 -1.153647450844321964e+00 6.239356881887241357e-01 1.440983005607757717e-01 -8.570916362172124048e-01 1.242705098312176348e+00
2.005901699434742724e+00 -9.883222260894291011e-01 -4.067627457848790873e-01 1.646478174126744243e+00 -2.257294901687509459e+00 2.005901699436078989e+00 -9.883222260917268187e-01 -4.067627457824981030e-01 1.646478174125186822e+00 -2.257294901687372235e+00 2.005901699437414809e+00 -9.883222260940225379e-01 -4.067627457801132884e-01 1.646478174123627181e+00 -2.257294901687234567e+00 2.005901699438750629e+00 -9.883222260963222539e-01 -4.067627457777360789e-01 1.646478174122068427e+00 -2.257294901687097344e+00
-1.433155948030427451e+00 9.989356881851942926e-01 -1.831559480287156538e-01 -7.025831390330053994e-01 1.319959346906915076e+00 -1.433155948030844451e+00 9.989356881864260851e-01 -1.831559480302910881e-01 -7.025831390316863434e-01 1.319959346906356634e+00 -1.433155948031260785e+00 9.989356881876569894e-01 -1.831559480318692146e-01 -7.025831390303656221e-01 1.319959346905799968e+00 -1.433155948031677562e+00 9.989356881888900030e-01 -1.831559480334422618e-01 -7.025831390290452338e-01 1.319959346905241748e+00
-1.044098300561291826e+00 5.871322893103745333e-01 9.409830056443996282e-02 -7.393865379072880328e-01 1.102254248593869335e+00 -1.044098300561854042e+00 5.871322893114687691e-01 9.409830056323184588e-02 -7.393865379064261667e-01 1.102254248593683483e+00 -1.044098300562415593e+00 5.871322893125621167e-01 9.409830056202171666e-02 -7.393865379055631903e-01 1.102254248593498076e+00 -1.044098300562977588e+00 5.871322893136574628e-01 9.409830056081548710e-02 -7.393865379047004360e-01 1.102254248593312447e+00
-5.277864044995402848e-01 3.553695435297389849e-01 -4.721359549819447582e-02 -2.789763412825700395e-01 4.986067977505632687e-01 -5.277864044997169213e-01 3.553695435302101080e-01 -4.721359549878002826e-02 -2.789763412820930877e-01 4.986067977503771953e-01 -5.277864044998932247e-01 3.553695435306808981e-01 -4.721359549936657990e-02 -2.789763412816155252e-01 4.986067977501918991e-01 -5.277864045000696391e-01 3.553695435311524653e-01 -4.721359549995123028e-02 -2.789763412811380738e-01 4.986067977500059367e-01
-5.095491502810256534e-01 3.340169943742504755e-01 -3.090169943667053776e-02 -2.840169943755866955e-01 4.904508497190384064e-01 -5.095491502812127260e-01 3.340169943747180459e-01 -3.090169943723974910e-02 -2.840169943751325587e-01 4.904508497188730387e-01 -5.095491502813995766e-01 3.340169943751852277e-01 -3.090169943780993883e-02 -2.840169943746779224e-01 4.904508497187082261e-01 -5.095491502815866491e-01 3.340169943756532422e-01 -3.090169943837827241e-02 -2.840169943742233971e-01 4.904508497185430804e-01
-4.418440519684453394e-01 2.899186938117067069e-01 -2.725424859293639618e-02 -2.458203932504988420e-01 4.250000000001787348e-01 -4.418440519686070989e-01 2.899186938121117718e-01 -2.725424859342985215e-02 -2.458203932501048794e-01 4.250000000000349609e-01 -4.418440519687686363e-01 2.899186938125165036e-01 -2.725424859392415119e-02 -2.458203932497103894e-01 4.249999999998916311e-01 -4.418440519689302848e-01 2.899186938129219016e-01 -2.725424859441685430e-02 -2.458203932493160659e-01 4.249999999997479128e-01
-4.786474508437967845e-01 3.222135954994003182e-01 -4.270509831161738157e-02 -2.531152949382965978e-01 4.522542485943080726e-01 -4.786474508439569897e-01 3.222135954998276985e-01 -4.270509831214844981e-02 -2.531152949378639994e-01 4.522542485941394852e-01 -4.786474508441169728e-01 3.222135955002547458e-01 -4.270509831268042705e-02 -2.531152949374310124e-01 4.522542485939714529e-01 -4.786474508442771780e-01 3.222135955006825148e-01 -4.270509831321067651e-02 -2.531152949369980809e-01 4.522542485938029766e-01
