-3.223468678380904340e+00 2.881651258039796826e+00 -2.257757734915560643e+00 1.412859153975639215e+00 -4.296600750791654266e-01 -5.955971255788236052e-01 1.562553129809602037e+00 -2.376555546739667957e+00 2.957924148311535717e+00 -3.249750525170771898e+00 3.223468678277759736e+00 -2.881651257924584542e+00 2.257757734799550331e+00 -1.412859153870205109e+00 4.296600749946061226e-01 5.955971256342087461e-01 -1.562553129830408727e+00 2.376555546723861490e+00 -2.957924148260647534e+00 3.249750525089793562e+00
-2.335704549277219488e+00 2.111442712348296613e+00 -1.680498151447214594e+00 1.085054722763909574e+00 -3.833985777977999554e-01 -3.557872912546387600e-01 1.060146221318740922e+00 -1.660730652762002046e+00 2.098751196916885053e+00 -2.331331351053345102e+00 2.335704549204173919e+00 -2.111442712265771515e+00 1.680498151363282178e+00 -1.085054722686798589e+00 3.833985777350431556e-01 3.557872912968825796e-01 -1.060146221336349059e+00 1.660730652753252379e+00 -2.098751196882622239e+00 2.331331350996931562e+00
2.959435255907316153e-01 -2.452669435032746037e-01 1.705819241104483963e-01 -7.919915747176724252e-02 -1.993617451280597225e-02 1.171200148319954948e-01 -2.028393320756317064e-01 2.687033222302737667e-01 -3.082647590382202041e-01 3.176510934240736606e-01 -2.959435255798675835e-01 2.452669434919086400e-01 -1.705819240996921948e-01 7.919915746267575107e-02 1.993617451934514423e-02 -1.171200148353400694e-01 2.028393320754559581e-01 -2.687033222265948762e-01 3.082647590313971619e-01 -3.176510934147749876e-01
2.638433327221688440e+00 -2.420270402815745125e+00 1.965194548365267968e+00 -1.317751759205612938e+00 5.413182465406842780e-01 2.881032676779156088e-01 -1.089323226717762827e+00 1.783912638559590036e+00 -2.303880252083148950e+00 2.598328014449760026e+00 -2.638433327141717299e+00 2.420270402723960768e+00 -1.965194548270649211e+00 1.317751759117435473e+00 -5.413182464675625472e-01 -2.881032677288063448e-01 1.089323226741455208e+00 -1.783912638553766250e+00 2.303880252048365662e+00 -2.598328014389432283e+00
2.372810981156968424e+00 -2.250297010655588181e+00 1.907508290008225194e+00 -1.377999367542905418e+00 7.136022658977627664e-01 2.064719748988325110e-02 -7.528755693256237169e-01 1.411407234838313318e+00 -1.931780526347347537e+00 2.263057680426098894e+00 -2.372810981090373694e+00 2.250297010576055357e+00 -1.907508289923534495e+00 1.377999367461358426e+00 -7.136022658273277752e-01 -2.064719754229665805e-02 7.528755693548971895e-01 -1.411407234841583369e+00 1.931780526324280656e+00 -2.263057680378963710e+00
-5.112138363322474177e+00 4.473934430090324987e+00 -3.397790623105423347e+00 1.989047396133873935e+00 -3.856023515262879120e-01 -1.255588137889741329e+00 2.773872912161629678e+00 -4.020631679070578279e+00 4.873823003832566059e+00 -5.249930575047630832e+00 5.112138363151949250e+00 -4.473934429903680510e+00 3.397790622920915826e+00 -1.989047395969595122e+00 3.856023513982820838e-01 1.255588137968908669e+00 -2.773872912184236039e+00 4.020631679034413430e+00 -4.873823003741146742e+00 5.249930574909921432e+00
7.280071145420986545e-01 -7.708764473252959215e-01 7.382870224311693930e-01 -6.334289198326874537e-01 4.665663812020696688e-01 -2.540330744206801827e-01 1.663324036339158818e-02 2.223947711499597024e-01 -4.396532329460902111e-01 6.138753730555627230e-01 -7.280071145274814581e-01 7.708764473041820331e-01 -7.382870224056247155e-01 6.334289198052145409e-01 -4.665663811753547607e-01 2.540330743973422400e-01 -1.663324034571161958e-02 -2.223947711602523025e-01 4.396532329479829193e-01 -6.138753730488747395e-01
-2.523236515918133360e+00 2.225521789083185986e+00 -1.709957483409885848e+00 1.027010625287060552e+00 -2.435328115600239873e-01 -5.637836905512815244e-01 1.315913116914356751e+00 -1.939231798882394830e+00 2.372724960947770523e+00 -2.573959272083643057e+00 2.523236515835216132e+00 -2.225521788991769334e+00 1.709957483318911509e+00 -1.027010625205449168e+00 2.435328114957463208e-01 5.637836905919161312e-01 -1.315913116927384108e+00 1.939231798866540846e+00 -2.372724960904575742e+00 2.573959272017343203e+00
-2.466921229325314435e+00 2.241550338260932307e+00 -1.796760882286789540e+00 1.176091952385717176e+00 -4.402989478728210893e-01 -3.385935853974096355e-01 1.084342219404000218e+00 -1.723947881913475477e+00 2.194801514284603350e+00 -2.450812682351154681e+00 2.466921229248996372e+00 -2.241550338174240764e+00 1.796760882198204623e+00 -1.176091952303923716e+00 4.402989478058097483e-01 3.385935854430630054e-01 -1.084342219423839682e+00 1.723947881905560475e+00 -2.194801514249696606e+00 2.450812682292681899e+00
3.259723467152738863e+00 -2.991031456343585582e+00 2.429556446844146400e+00 -1.630259524612902355e+00 6.713814414291862098e-01 3.532161350265791699e-01 -1.343238455178322521e+00 2.201775236437567784e+00 -2.844786916876957061e+00 3.209331033089755980e+00 -3.259723467053996959e+00 2.991031456230222485e+00 -2.429556446727251018e+00 1.630259524503935298e+00 -6.713814413387926283e-01 -3.532161350895295371e-01 1.343238455207685034e+00 -2.201775236430469906e+00 2.844786916834076695e+00 -3.209331033015303980e+00
3.522432790127429492e+00 -3.137308571366274723e+00 2.445082730724311482e+00 -1.513515156507083459e+00 4.337941734942899474e-01 6.883896056363151272e-01 -1.743189013867814774e+00 2.627352935902084852e+00 -3.254333246718109418e+00 3.562756745065259967e+00 -3.522432790013879877e+00 3.137308571239902921e+00 -2.445082730597477827e+00 1.513515156392224448e+00 -4.337941734026243834e-01 -6.883896056957904408e-01 1.743189013889296479e+00 -2.627352935883472185e+00 3.254333246661207824e+00 -3.562756744975650314e+00
1.956228180991332888e+00 -1.743562000833154713e+00 1.360223823921896891e+00 -8.437374618891381184e-01 2.446601984240463767e-01 3.783661099075602552e-01 -9.643553071658244047e-01 1.455946687895845360e+00 -1.805019862633203465e+00 1.977405116899192183e+00 -1.956228180928359706e+00 1.743562000763022146e+00 -1.360223823851465008e+00 8.437374618253126179e-01 -2.446601983730614660e-01 -3.783661099407004680e-01 9.643553071778863117e-01 -1.455946687885649293e+00 1.805019862601738190e+00 -1.977405116849543898e+00
-2.258804518142612405e+00 1.972124089158697968e+00 -1.492398413730849471e+00 8.665863834168719970e-01 -1.559468400342144401e-01 -5.699578665927281795e-01 1.240071126102936017e+00 -1.788797583701492444e+00 2.162424070516684615e+00 -2.324377422810797178e+00 2.258804518066926725e+00 -1.972124089076037423e+00 1.492398413649298927e+00 -8.665863833444281683e-01 1.559468399779523895e-01 5.699578666272854255e-01 -1.240071126112418209e+00 1.788797583684971659e+00 -2.162424070475768012e+00 2.324377422749496880e+00
-3.598203609111315371e-02 7.021575904970175919e-02 -9.757627429027676547e-02 1.153853439491796390e-01 -1.218996922051458487e-01 1.164816492628040767e-01 -9.966157091514803168e-02 7.308592362330557091e-02 -3.935611690770852988e-02 1.773859259138997613e-03 3.598203609271172221e-02 -7.021575904997048867e-02 9.757627428918962120e-02 -1.153853439468425640e-01 1.218996922017879375e-01 -1.164816492587540109e-01 9.966157091080216079e-02 -7.308592361908899937e-02 3.935611690403467700e-02 -1.773859256366687454e-03
-2.208809081709815381e+00 1.980366972215025667e+00 -1.558072745450871377e+00 9.832635026314646698e-01 -3.122055773769479847e-01 -3.894132050519951149e-01 1.052913509764770605e+00 -1.613347304057108467e+00 2.015855423371782695e+00 -2.221037568551734065e+00 2.208809081639555583e+00 -1.980366972136315296e+00 1.558072745371409384e+00 -9.832635025590419353e-01 3.122055773186389604e-01 3.894132050904679510e-01 -1.052913509779652923e+00 1.613347304046944819e+00 -2.015855423337556740e+00 2.221037568496804226e+00
-2.803499928288463727e-01 1.931401147371415439e-01 -8.702433652892999083e-02 -2.760999007244413495e-02 1.395416584747450617e-01 -2.378140171008556181e-01 3.128074827846358819e-01 -3.571811725948034200e-01 3.665914806031849160e-01 -3.401172602966329173e-01 2.803499928157214272e-01 -1.931401147247725492e-01 8.702433651852639618e-02 2.760999007986122966e-02 -1.395416584784524294e-01 2.378140171004880787e-01 -3.128074827802309610e-01 3.571811725867921616e-01 -3.665914805923507491e-01 3.401172602840364378e-01
-2.183518350809292574e+00 1.949912236786591535e+00 -1.525435127188942586e+00 9.516377990112243612e-01 -2.846875326180090537e-01 -4.101299329991284770e-01 1.064801023226716881e+00 -1.615241970391071868e+00 2.007571779436131632e+00 -2.203386475130497679e+00 2.183518350739275249e+00 -1.949912236708464475e+00 1.525435127110347899e+00 -9.516377989398682180e-01 2.846875325608612117e-01 4.101299330364591156e-01 -1.064801023240587785e+00 1.615241970380126180e+00 -2.007571779401430501e+00 2.203386475075445272e+00
4.919053699064759755e+00 -4.467134041395770083e+00 3.577940179399514697e+00 -2.338512603669539835e+00 8.701751209213322014e-01 6.833411655220060776e-01 -2.169967257556780993e+00 3.444181835360296429e+00 -4.381255898081927391e+00 4.889462107484412456e+00 -4.919053698912397188e+00 4.467134041222802665e+00 -3.577940179222861783e+00 2.338512603506520904e+00 -8.701751207878716254e-01 -6.833411656128108858e-01 2.169967257596067789e+00 -3.444181835344222620e+00 4.381255898012041960e+00 -4.889462107367573473e+00
-2.332614169859156483e+00 2.094309948689220491e+00 -1.651000077825155454e+00 1.046078816150260549e+00 -3.387600714931105483e-01 -4.017188692384229820e-01 1.102874768104387337e+00 -1.696073600482811417e+00 2.123248931601149803e+00 -2.342585863744448993e+00 2.332614169785171221e+00 -2.094309948606218441e+00 1.651000077741255456e+00 -1.046078816073688911e+00 3.387600714313465655e-01 4.017188692793176030e-01 -1.102874768120422067e+00 1.696073600472417731e+00 -2.123248931565334008e+00 2.342585863686724057e+00
-2.485517264576151852e+00 2.275170115983610852e+00 -1.842113464394927291e+00 1.228737912152433776e+00 -4.950849319500811863e-01 -2.870304108475574822e-01 1.041049217168296792e+00 -1.693162872690836540e+00 2.179537949269477526e+00 -2.452564665634662688e+00 2.485517264500466617e+00 -2.275170115896949063e+00 1.842113464305765946e+00 -1.228737912069514104e+00 4.950849318815038203e-01 2.870304108950632593e-01 -1.041049217190094023e+00 1.693162872684792708e+00 -2.179537949236171279e+00 2.452564665577364966e+00
