-2.505901699430553187e+00 1.254634122146005115e+00 4.758610463529762691e-01 -2.024593469067791585e+00 2.800000000000663736e+00 -2.505901699433854102e+00 1.254634122149941966e+00 4.758610463499015619e-01 -2.024593469066761742e+00 2.800000000002068390e+00 -2.505901699437155017e+00 1.254634122153883702e+00 4.758610463468369023e-01 -2.024593469065735896e+00 2.800000000003469047e+00 -2.505901699440458152e+00 1.254634122157816556e+00 4.758610463437722427e-01 -2.024593469064709605e+00 2.800000000004874590e+00
-2.157294901682368593e+00 1.254634122147482378e+00 1.272542486023063302e-01 -1.460535821599248107e+00 2.235942352532733768e+00 -2.157294901684848831e+00 1.254634122150698028e+00 1.272542485995794004e-01 -1.460535821598057948e+00 2.235942352533533128e+00 -2.157294901687329514e+00 1.254634122153917453e+00 1.272542485968605752e-01 -1.460535821596871786e+00 2.235942352534326716e+00 -2.157294901689811084e+00 1.254634122157129994e+00 1.272542485941419443e-01 -1.460535821595685180e+00 2.235942352535126076e+00
2.674138953650026185e+00 -1.551847717644825320e+00 -1.631966011366909886e-01 1.815905365132955307e+00 -2.775000000002592948e+00 2.674138953653108164e+00 -1.551847717648814573e+00 -1.631966011333122468e-01 1.815905365131486038e+00 -2.775000000003591261e+00 2.674138953656190143e+00 -1.551847717652808711e+00 -1.631966011299436636e-01 1.815905365130021210e+00 -2.775000000004583356e+00 2.674138953659273898e+00 -1.551847717656794190e+00 -1.631966011265752470e-01 1.815905365128556159e+00 -2.775000000005582113e+00
3.326393202242740710e+00 -2.152708763986900475e+00 1.567627457680247360e-01 1.899061313164983167e+00 -3.229508497189978566e+00 3.326393202246114011e+00 -2.152708763991641572e+00 1.567627457723294593e-01 1.899061313162769382e+00 -3.229508497190697991e+00 3.326393202249487757e+00 -2.152708763996388441e+00 1.567627457766221921e-01 1.899061313160560704e+00 -3.229508497191407201e+00 3.326393202252861947e+00 -2.152708764001124653e+00 1.567627457809145086e-01 1.899061313158352027e+00 -3.229508497192127070e+00
1.946352549151809219e+00 -1.177912029461240406e+00 -4.045084972608781193e-02 1.243362879192205561e+00 -1.971352549157447731e+00 1.946352549153951950e+00 -1.177912029464095900e+00 -4.045084972360646347e-02 1.243362879191051817e+00 -1.971352549158060796e+00 1.946352549156095346e+00 -1.177912029466954724e+00 -4.045084972113233840e-02 1.243362879189901404e+00 -1.971352549158668310e+00 1.946352549158238743e+00 -1.177912029469807553e+00 -4.045084971865836598e-02 1.243362879188751213e+00 -1.971352549159281597e+00
-2.444959346900164920e+00 1.371478174115619009e+00 2.258610463524179379e-01 -1.736929023848933440e+00 2.584549150282149821e+00 -2.444959346903080366e+00 1.371478174119313609e+00 2.258610463493505305e-01 -1.736929023847672449e+00 2.584549150283174335e+00 -2.444959346905996256e+00 1.371478174123012650e+00 2.258610463462923934e-01 -1.736929023846415232e+00 2.584549150284193075e+00 -2.444959346908913478e+00 1.371478174126703475e+00 2.258610463432344784e-01 -1.736929023845158460e+00 2.584549150285217589e+00
9.045084971843456167e-02 -6.094235253111680156e-02 8.155948031296846729e-03 4.774575140601314271e-02 -8.541019662465554330e-02 9.045084971852131173e-02 -6.094235253124332535e-02 8.155948031415002214e-03 4.774575140594875672e-02 -8.541019662466946272e-02 9.045084971860807566e-02 -6.094235253136999486e-02 8.155948031532838510e-03 4.774575140588451644e-02 -8.541019662468304907e-02 9.045084971869483959e-02 -6.094235253149640763e-02 8.155948031650662663e-03 4.774575140582028310e-02 -8.541019662469696849e-02
-2.210410196618989520e+00 1.158813728897512885e+00 3.354101966328221218e-01 -1.701518827223189145e+00 2.417705098312926904e+00 -2.210410196621793055e+00 1.158813728900933704e+00 3.354101966300860882e-01 -1.701518827222189945e+00 2.417705098314043344e+00 -2.210410196624597479e+00 1.158813728904358520e+00 3.354101966273587698e-01 -1.701518827221194297e+00 2.417705098315155787e+00 -2.210410196627402346e+00 1.158813728907775786e+00 3.354101966246315070e-01 -1.701518827220198871e+00 2.417705098316273116e+00
-6.809016994360118646e-01 4.076237921230758676e-01 2.135254915773230830e-02 -4.421729424068611691e-01 6.940983005623365676e-01 -6.809016994367705911e-01 4.076237921240792317e-01 2.135254915686627883e-02 -4.421729424064653746e-01 6.940983005625614988e-01 -6.809016994375295395e-01 4.076237921250837615e-01 2.135254915600279593e-02 -4.421729424060706903e-01 6.940983005627846536e-01 -6.809016994382888210e-01 4.076237921260861263e-01 2.135254915513936508e-02 -4.421729424056760616e-01 6.940983005630095848e-01
-2.197745751401317893e+00 1.275125624960525172e+00 1.345491502891893731e-01 -1.492830723286265870e+00 2.280901699438795838e+00 -2.197745751403851422e+00 1.275125624963804105e+00 1.345491502864126776e-01 -1.492830723285058836e+00 2.280901699439617403e+00 -2.197745751406384951e+00 1.275125624967086813e+00 1.345491502836443087e-01 -1.492830723283855132e+00 2.280901699440433195e+00 -2.197745751408919368e+00 1.275125624970362415e+00 1.345491502808761064e-01 -1.492830723282651872e+00 2.280901699441254760e+00
4.762335554771338408e+00 -3.026973342606718909e+00 1.354101966064503726e-01 2.807875042074930771e+00 -4.678647450847685185e+00 4.762335554776281121e+00 -3.026973342613561435e+00 1.354101966125881296e-01 2.807875042071856342e+00 -4.678647450848845146e+00 4.762335554781225611e+00 -3.026973342620411955e+00 1.354101966187085671e-01 2.807875042068789906e+00 -4.678647450849990008e+00 4.762335554786170988e+00 -3.026973342627247821e+00 1.354101966248285327e-01 2.807875042065723914e+00 -4.678647450851149969e+00
-2.044959346900684150e+00 1.061067977491333858e+00 3.281152949456164203e-01 -1.591969676942492251e+00 2.247745751407241421e+00 -2.044959346903300723e+00 1.061067977494509762e+00 3.281152949430901633e-01 -1.591969676941586975e+00 2.247745751408300574e+00 -2.044959346905917741e+00 1.061067977497689219e+00 3.281152949405721220e-01 -1.591969676940685030e+00 2.247745751409355286e+00 -2.044959346908536091e+00 1.061067977500861570e+00 3.281152949380540251e-01 -1.591969676939783085e+00 2.247745751410414883e+00
-2.430040653088207048e+00 1.365044318771810872e+00 2.213525491654413924e-01 -1.723200266818410098e+00 2.566844051970444962e+00 -2.430040653091101177e+00 1.365044318775480825e+00 2.213525491623917762e-01 -1.723200266817153326e+00 2.566844051971458374e+00 -2.430040653093995751e+00 1.365044318779155441e+00 2.213525491593514583e-01 -1.723200266815900772e+00 2.566844051972466012e+00 -2.430040653096890768e+00 1.365044318782821842e+00 2.213525491563113068e-01 -1.723200266814647774e+00 2.566844051973480312e+00
-1.940450849714925541e+00 1.226518827211601215e+00 -4.409830055519771419e-02 -1.155166278067494057e+00 1.913196601126711416e+00 -1.940450849716953918e+00 1.226518827214396090e+00 -4.409830055769545232e-02 -1.155166278066253271e+00 1.913196601127199914e+00 -1.940450849718982740e+00 1.226518827217194296e+00 -4.409830056018611277e-02 -1.155166278065015817e+00 1.913196601127682417e+00 -1.940450849721011783e+00 1.226518827219986507e+00 -4.409830056267657894e-02 -1.155166278063778362e+00 1.913196601128171137e+00
-2.183155948026404225e+00 1.348732422710201995e+00 8.610463522181616147e-04 -1.350125624974346739e+00 2.183688103939151137e+00 -2.183155948028750792e+00 1.348732422713377455e+00 8.610463494223008496e-04 -1.350125624973005145e+00 2.183688103939774194e+00 -2.183155948031097804e+00 1.348732422716556467e+00 8.610463466344753236e-04 -1.350125624971667104e+00 2.183688103940390590e+00 -2.183155948033445259e+00 1.348732422719729040e+00 8.610463438468579644e-04 -1.350125624970329064e+00 2.183688103941014091e+00
-2.899999999993743138e+00 1.730495168489218916e+00 1.000000000106243958e-01 -1.892298567381919705e+00 2.961803398876984073e+00 -2.899999999996986766e+00 1.730495168493497715e+00 1.000000000069384970e-01 -1.892298567380243490e+00 2.961803398877955740e+00 -2.900000000000230838e+00 1.730495168497781844e+00 1.000000000032634506e-01 -1.892298567378572383e+00 2.961803398878918525e+00 -2.900000000003475797e+00 1.730495168502056424e+00 9.999999999958862629e-02 -1.892298567376901053e+00 2.961803398879890192e+00
-3.036803398867959025e+00 1.782749417081963328e+00 1.522542486052034238e-01 -2.029101966257320200e+00 3.130901699439367469e+00 -3.036803398871416260e+00 1.782749417086473498e+00 1.522542486013571117e-01 -2.029101966255615785e+00 3.130901699440453267e+00 -3.036803398874873938e+00 1.782749417090988775e+00 1.522542485975222348e-01 -2.029101966253917144e+00 3.130901699441531516e+00 -3.036803398878332949e+00 1.782749417095494282e+00 1.522542485936875800e-01 -2.029101966252218059e+00 3.130901699442617758e+00
-1.158155948028082305e+00 5.025831390268771237e-01 3.449593469100420418e-01 -1.060739087064602071e+00 1.371352549156460654e+00 -1.158155948029767623e+00 5.025831390287734957e-01 3.449593469086564279e-01 -1.060739087064260344e+00 1.371352549157291767e+00 -1.158155948031453164e+00 5.025831390306723101e-01 3.449593469072755880e-01 -1.060739087063920394e+00 1.371352549158121326e+00 -1.158155948033139815e+00 5.025831390325665726e-01 3.449593469058947481e-01 -1.060739087063580666e+00 1.371352549158952661e+00
-2.774999999993829292e+00 1.687790070176901969e+00 4.409830057293244454e-02 -1.759142619350496428e+00 2.802254248595566821e+00 -2.774999999996867306e+00 1.687790070180964719e+00 4.409830056939081228e-02 -1.759142619348837089e+00 2.802254248596420805e+00 -2.774999999999905320e+00 1.687790070185032132e+00 4.409830056585947733e-02 -1.759142619347182412e+00 2.802254248597267239e+00 -2.775000000002944667e+00 1.687790070189090885e+00 4.409830056232838524e-02 -1.759142619345527736e+00 2.802254248598122111e+00
-2.597745751401017600e+00 1.654634122146755981e+00 -7.950849717790942073e-02 -1.525986671318882770e+00 2.548606797751968855e+00 -2.597745751403706560e+00 1.654634122150484998e+00 -7.950849718125903298e-02 -1.525986671317199672e+00 2.548606797752593245e+00 -2.597745751406396408e+00 1.654634122154218234e+00 -7.950849718459919446e-02 -1.525986671315521015e+00 2.548606797753209641e+00 -2.597745751409086701e+00 1.654634122157943477e+00 -7.950849718793907839e-02 -1.525986671313842358e+00 2.548606797753834030e+00
