2.638433327153797858e+00 -2.420270402745255733e+00 1.965194548300711608e+00 -1.317751759153281244e+00 5.413182465040129454e-01 2.881032676985135210e-01 -1.089323226724624227e+00 1.783912638557157981e+00 -2.303880252077025848e+00 2.598328014445637546e+00 -2.638433327144321883e+00 2.420270402736167004e+00 -1.965194548292899412e+00 1.317751759147510304e+00 -5.413182465008481437e-01 -2.881032676987623775e-01 1.089323226721932603e+00 -1.783912638551789831e+00 2.303880252069506085e+00 -2.598328014436702471e+00
2.372810981102267736e+00 -2.250297010596034486e+00 1.907508289951555858e+00 -1.377999367495122751e+00 7.136022658624983084e-01 2.064719751161742112e-02 -7.528755693352925382e-01 1.411407234839375358e+00 -1.931780526344472282e+00 2.263057680424250151e+00 -2.372810981093860683e+00 2.250297010587708701e+00 -1.907508289944127133e+00 1.377999367489317395e+00 -7.136022658588850875e-01 -2.064719751268501158e-02 7.528755693337099153e-01 -1.411407234835297508e+00 1.931780526338298554e+00 -2.263057680416583839e+00
-5.112138363176849332e+00 4.473934429949820490e+00 -3.397790622985666253e+00 1.989047396045131366e+00 -3.856023514725989698e-01 -1.255588137910495394e+00 2.773872912156793102e+00 -4.020631679051106744e+00 4.873823003810905163e+00 -5.249930575035473446e+00 5.112138363158154064e+00 -4.473934429932653778e+00 3.397790622971708530e+00 -1.989047396035749093e+00 3.856023514687106357e-01 1.255588137908509427e+00 -2.773872912149127679e+00 4.020631679038512374e+00 -4.873823003794614195e+00 5.249930575017079271e+00
7.280071145336090011e-01 -7.708764473137356132e-01 7.382870224187362274e-01 -6.334289198212617045e-01 4.665663811929636196e-01 -2.540330744144920216e-01 1.663324035997654216e-02 2.223947711514053793e-01 -4.396532329468355038e-01 6.138753730570809530e-01 -7.280071145311547420e-01 7.708764473110155668e-01 -7.382870224160167361e-01 6.334289198188086667e-01 -4.665663811910173986e-01 2.540330744132430207e-01 -1.663324035954710789e-02 -2.223947711509732250e-01 4.396532329455842270e-01 -6.138753730551328447e-01
-2.523236515850816541e+00 2.225521789017418151e+00 -1.709957483353131913e+00 1.027010625244270559e+00 -2.435328115332036081e-01 -5.637836905630493334e-01 1.315913116914471992e+00 -1.939231798875974633e+00 2.372724960940632677e+00 -2.573959272081235650e+00 2.523236515841616345e+00 -2.225521789008909845e+00 1.709957483346148166e+00 -1.027010625239495711e+00 2.435328115311043706e-01 5.637836905622670702e-01 -1.315913116910885305e+00 1.939231798869934131e+00 -2.372724960932730109e+00 2.573959272072243287e+00
-2.466921229261965998e+00 2.241550338196011793e+00 -1.796760882228048528e+00 1.176091952338741420e+00 -4.402989478404947810e-01 -3.385935854150133317e-01 1.084342219409321295e+00 -1.723947881910832702e+00 2.194801514279285382e+00 -2.450812682348414207e+00 2.466921229253073111e+00 -2.241550338187557667e+00 1.796760882220861388e+00 -1.176091952333524260e+00 4.402989478377584698e-01 3.385935854150009527e-01 -1.084342219406561725e+00 1.723947881905595558e+00 -2.194801514272084031e+00 2.450812682339952531e+00
3.259723467072565661e+00 -2.991031456261478816e+00 2.429556446770163802e+00 -1.630259524554257489e+00 6.713814413895409228e-01 3.532161350472639572e-01 -1.343238455183396463e+00 2.201775236432851113e+00 -2.844786916869538107e+00 3.209331033086654905e+00 -3.259723467060860358e+00 2.991031456250247800e+00 -2.429556446760507082e+00 1.630259524547120531e+00 -6.713814413856222796e-01 -3.532161350475809813e-01 1.343238455180080893e+00 -2.201775236426227522e+00 2.844786916860254866e+00 -3.209331033075619732e+00
3.522432790031351679e+00 -3.137308571270924329e+00 2.445082730640638413e+00 -1.513515156442631682e+00 4.337941734525153081e-01 6.883896056560955268e-01 -1.743189013869886006e+00 2.627352935893322528e+00 -3.254333246706595517e+00 3.562756745058792252e+00 -3.522432790018555249e+00 3.137308571258984102e+00 -2.445082730630722789e+00 1.513515156435710995e+00 -4.337941734492674062e-01 -6.883896056553527876e-01 1.743189013865225512e+00 -2.627352935885200136e+00 3.254333246695806814e+00 -3.562756745046392393e+00
1.956228180938035077e+00 -1.743562000780376264e+00 1.360223823875709170e+00 -8.437374618537109017e-01 2.446601984012710396e-01 3.783661099180978260e-01 -9.643553071665423859e-01 1.455946687890601332e+00 -1.805019862626521920e+00 1.977405116895433856e+00 -1.956228180930930316e+00 1.743562000773742460e+00 -1.360223823870195581e+00 8.437374618498572065e-01 -2.446601983994546314e-01 -3.783661099176991449e-01 9.643553071639678897e-01 -1.455946687886102708e+00 1.805019862620539817e+00 -1.977405116888553360e+00
-2.258804518078957990e+00 1.972124089097209820e+00 -1.492398413678345248e+00 8.665863833778179037e-01 -1.559468400103498076e-01 -5.699578666023521478e-01 1.240071126101540688e+00 -1.788797583693858329e+00 2.162424070508218499e+00 -2.324377422806551685e+00 2.258804518070690381e+00 -1.972124089089634102e+00 1.492398413672203716e+00 -8.665863833737117439e-01 1.559468400086805595e-01 5.699578666014210038e-01 -1.240071126098100329e+00 1.788797583688245485e+00 -2.162424070500982509e+00 2.324377422798400428e+00
-3.598203609379070633e-02 7.021575905136891171e-02 -9.757627429101500827e-02 1.153853439491584476e-01 -1.218996922045823134e-01 1.164816492619207000e-01 -9.966157091413452296e-02 7.308592362229007766e-02 -3.935611690674241381e-02 1.773859258196449490e-03 3.598203609371936063e-02 -7.021575905116832217e-02 9.757627429070488134e-02 -1.153853439487689952e-01 1.218996922041517966e-01 -1.164816492614911547e-01 9.966157091374808208e-02 -7.308592362198453041e-02 3.935611690654765293e-02 -1.773859258131567362e-03
-2.208809081653392958e+00 1.980366972158156491e+00 -1.558072745400214343e+00 9.832635025916570681e-01 -3.122055773501813958e-01 -3.894132050660192301e-01 1.052913509768523603e+00 -1.613347304054626896e+00 2.015855423367830301e+00 -2.221037568550899621e+00 2.208809081645389139e+00 -1.980366972150642058e+00 1.558072745393924707e+00 -9.832635025872084045e-01 3.122055773480088559e-01 3.894132050657029276e-01 -1.052913509765749822e+00 1.613347304049666642e+00 -2.015855423361169407e+00 2.221037568543189344e+00
-2.803499928161101717e-01 1.931401147262413187e-01 -8.702433652072333325e-02 -2.760999007757342083e-02 1.395416584768837676e-01 -2.378140171004943793e-01 3.128074827825523263e-01 -3.571811725919150082e-01 3.665914806003874316e-01 -3.401172602946537227e-01 2.803499928150037790e-01 -1.931401147254074857e-01 8.702433652024357813e-02 2.760999007765191360e-02 -1.395416584765534762e-01 2.378140170997875280e-01 -3.128074827815382486e-01 3.571811725906928747e-01 -3.665914805990768133e-01 3.401172602933829614e-01
-2.183518350750226933e+00 1.949912236727495252e+00 -1.525435127136633096e+00 9.516377989704545293e-01 -2.846875325910340759e-01 -4.101299330125973142e-01 1.064801023229195343e+00 -1.615241970386691372e+00 2.007571779429795811e+00 -2.203386475126968502e+00 2.183518350742302161e+00 -1.949912236720082515e+00 1.525435127130458035e+00 -9.516377989661217729e-01 2.846875325889673958e-01 4.101299330121955244e-01 -1.064801023226364496e+00 1.615241970381708692e+00 -2.007571779423148683e+00 2.203386475119307519e+00
4.919053698936113328e+00 -4.467134041265456545e+00 3.577940179283059852e+00 -2.338512603577999727e+00 8.701751208602319654e-01 6.833411655528628392e-01 -2.169967257562686935e+00 3.444181835350330179e+00 -4.381255898067094812e+00 4.889462107475599062e+00 -4.919053698918376405e+00 4.467134041248603360e+00 -3.577940179268742416e+00 2.338512603567617365e+00 -8.701751208548020866e-01 -6.833411655528092155e-01 2.169967257557155360e+00 -3.444181835339861664e+00 4.381255898052715203e+00 -4.889462107458713902e+00
-2.332614169799579251e+00 2.094309948629352380e+00 -1.651000077772028174e+00 1.046078816108754861e+00 -3.387600714655069067e-01 -4.017188692524879534e-01 1.102874768107583670e+00 -1.696073600479468979e+00 2.123248931596368738e+00 -2.342585863743137153e+00 2.332614169791130898e+00 -2.094309948621410733e+00 1.651000077765369944e+00 -1.046078816104031972e+00 3.387600714631819332e-01 4.017188692521875826e-01 -1.102874768104687542e+00 1.696073600474260479e+00 -2.123248931589357458e+00 2.342585863735009877e+00
-2.485517264513804392e+00 2.275170115919836089e+00 -1.842113464337475914e+00 1.228737912106872443e+00 -4.950849319192495712e-01 -2.870304108636611007e-01 1.041049217172217878e+00 -1.693162872687022258e+00 2.179537949263357977e+00 -2.452564665631628227e+00 2.485517264504870649e+00 -2.275170115911283819e+00 1.842113464330142891e+00 -1.228737912101476093e+00 4.950849319163185269e-01 2.870304108638401241e-01 -1.041049217169627283e+00 1.693162872681916120e+00 -2.179537949256235674e+00 2.452564665623186535e+00
-2.104926201209475156e+00 2.015749879529905808e+00 -1.729257915086773734e+00 1.273494137466800513e+00 -6.930718807165084927e-01 4.480691936635949890e-02 6.078440554390742712e-01 -1.200995018999108765e+00 1.676584222274760450e+00 -1.988057680424668794e+00 2.104926201202047320e+00 -2.015749879522480192e+00 1.729257915080076868e+00 -1.273494137461487874e+00 6.930718807131002190e-01 -4.480691936518899077e-02 -6.078440554378923277e-01 1.200995018995690167e+00 -1.676584222269439595e+00 1.988057680417965933e+00
-2.402366900388279269e+00 2.204402125098985810e+00 -1.790655110832422015e+00 1.201626298090106237e+00 -4.949739310684370119e-01 -2.601299330118730380e-01 9.897704668166311670e-01 -1.622525371192521826e+00 2.096456187436650520e+00 -2.365171265184993210e+00 2.402366900379652392e+00 -2.204402125090708875e+00 1.790655110825304819e+00 -1.201626298084845779e+00 4.949739310655483782e-01 2.601299330121073505e-01 -9.897704668141884543e-01 1.622525371187640619e+00 -2.096456187429809326e+00 2.365171265176861048e+00
-2.862802069521928505e+00 2.617071212326477436e+00 -2.115163190661366599e+00 1.406208258686169943e+00 -5.596038647222280060e-01 -3.417784545095148840e-01 1.209705117302713573e+00 -1.959217414702554283e+00 2.516947860880382581e+00 -2.828301913827934388e+00 2.862802069511633185e+00 -2.617071212316634643e+00 2.115163190652939562e+00 -1.406208258679983558e+00 5.596038647188880111e-01 3.417784545096815840e-01 -1.209705117299690658e+00 1.959217414696637682e+00 -2.516947860872151832e+00 2.828301913818194180e+00
