2.638433327153695274e+00 -2.420270402745187788e+00 1.965194548300683852e+00 -1.317751759153296343e+00 5.413182465040698998e-01 2.881032676984204288e-01 -1.089323226724503879e+00 1.783912638557022756e+00 -2.303880252076888624e+00 2.598328014445511425e+00 -2.638433327144219742e+00 2.420270402736098614e+00 -1.965194548292871435e+00 1.317751759147525625e+00 -5.413182465009052091e-01 -2.881032676986691188e-01 1.089323226721812254e+00 -1.783912638551653940e+00 2.303880252069368417e+00 -2.598328014436576350e+00
2.372810981102168260e+00 -2.250297010595962988e+00 1.907508289951519220e+00 -1.377999367495123861e+00 7.136022658625377213e-01 2.064719751154364680e-02 -7.528755693351916189e-01 1.411407234839257230e+00 -1.931780526344348603e+00 2.263057680424132467e+00 -2.372810981093761207e+00 2.250297010587637203e+00 -1.907508289944089830e+00 1.377999367489318949e+00 -7.136022658589246115e-01 -2.064719751261123726e-02 7.528755693336088850e-01 -1.411407234835179159e+00 1.931780526338174875e+00 -2.263057680416467043e+00
-5.112138363176672584e+00 4.473934429949717462e+00 -3.397790622985646714e+00 1.989047396045197091e+00 -3.856023514727440205e-01 -1.255588137910285562e+00 2.773872912156538639e+00 -4.020631679050834073e+00 4.873823003810638710e+00 -5.249930575035241631e+00 5.112138363157977317e+00 -4.473934429932551637e+00 3.397790622971688546e+00 -1.989047396035815263e+00 3.856023514688557419e-01 1.255588137908299595e+00 -2.773872912148873215e+00 4.020631679038238815e+00 -4.873823003794346853e+00 5.249930575016846568e+00
7.280071145335704763e-01 -7.708764473137026396e-01 7.382870224187121355e-01 -6.334289198212484928e-01 4.665663811929627869e-01 -2.540330744145037345e-01 1.663324035999952377e-02 2.223947711513733494e-01 -4.396532329467975897e-01 6.138753730570408740e-01 -7.280071145311162173e-01 7.708764473109825932e-01 -7.382870224159923112e-01 6.334289198187954550e-01 -4.665663811910166214e-01 2.540330744132547336e-01 -1.663324035957020053e-02 -2.223947711509411396e-01 4.396532329455462018e-01 -6.138753730550927656e-01
-2.523236515850727724e+00 2.225521789017364860e+00 -1.709957483353119922e+00 1.027010625244300313e+00 -2.435328115332723586e-01 -5.637836905629480810e-01 1.315913116914348091e+00 -1.939231798875840296e+00 2.372724960940501671e+00 -2.573959272081119742e+00 2.523236515841527083e+00 -2.225521789008856111e+00 1.709957483346135731e+00 -1.027010625239525243e+00 2.435328115311732045e-01 5.637836905621658179e-01 -1.315913116910761183e+00 1.939231798869799350e+00 -2.372724960932598215e+00 2.573959272072127824e+00
-2.466921229261872739e+00 2.241550338195950509e+00 -1.796760882228026102e+00 1.176091952338759183e+00 -4.402989478405514578e-01 -3.385935854149232371e-01 1.084342219409206720e+00 -1.723947881910705027e+00 2.194801514279157040e+00 -2.450812682348297855e+00 2.466921229252979408e+00 -2.241550338187496383e+00 1.796760882220838296e+00 -1.176091952333542245e+00 4.402989478378152577e-01 3.385935854149109692e-01 -1.084342219406446928e+00 1.723947881905467661e+00 -2.194801514271954801e+00 2.450812682339836179e+00
3.259723467072439096e+00 -2.991031456261393995e+00 2.429556446770129163e+00 -1.630259524554276140e+00 6.713814413896111999e-01 3.532161350471488825e-01 -1.343238455183247915e+00 2.201775236432684135e+00 -2.844786916869368465e+00 3.209331033086499474e+00 -3.259723467060733793e+00 2.991031456250163423e+00 -2.429556446760472443e+00 1.630259524547139405e+00 -6.713814413856926677e-01 -3.532161350474659067e-01 1.343238455179932123e+00 -2.201775236426060101e+00 2.844786916860084780e+00 -3.209331033075464301e+00
3.522432790031224670e+00 -3.137308571270846169e+00 2.445082730640616653e+00 -1.513515156442667653e+00 4.337941734526065130e-01 6.883896056559584142e-01 -1.743189013869716364e+00 2.627352935893136898e+00 -3.254333246706412108e+00 3.562756745058629271e+00 -3.522432790018428239e+00 3.137308571258905499e+00 -2.445082730630700141e+00 1.513515156435747633e+00 -4.337941734493587775e-01 -6.883896056552155640e-01 1.743189013865055648e+00 -2.627352935885014062e+00 3.254333246695622961e+00 -3.562756745046229412e+00
1.956228180937964245e+00 -1.743562000780332522e+00 1.360223823875696958e+00 -8.437374618537307747e-01 2.446601984013214715e-01 3.783661099180217202e-01 -9.643553071664482390e-01 1.455946687890498303e+00 -1.805019862626420224e+00 1.977405116895343040e+00 -1.956228180930859484e+00 1.743562000773698717e+00 -1.360223823870182924e+00 8.437374618498773016e-01 -2.446601983995051188e-01 -3.783661099176230946e-01 9.643553071638736318e-01 -1.455946687885999680e+00 1.805019862620437898e+00 -1.977405116888462766e+00
-2.258804518078880719e+00 1.972124089097164745e+00 -1.492398413678337254e+00 8.665863833778478797e-01 -1.559468400104146446e-01 -5.699578666022587781e-01 1.240071126101427890e+00 -1.788797583693737314e+00 2.162424070508100815e+00 -2.324377422806448656e+00 2.258804518070613110e+00 -1.972124089089589472e+00 1.492398413672195501e+00 -8.665863833737414978e-01 1.559468400087454243e-01 5.699578666013276340e-01 -1.240071126097987531e+00 1.788797583688124027e+00 -2.162424070500864826e+00 2.324377422798298287e+00
-3.598203609378561318e-02 7.021575905136288875e-02 -9.757627429100866612e-02 1.153853439491523414e-01 -1.218996922045771231e-01 1.164816492619168836e-01 -9.966157091413248292e-02 7.308592362228999439e-02 -3.935611690674430119e-02 1.773859258200113226e-03 3.598203609371426748e-02 -7.021575905116231309e-02 9.757627429069849756e-02 -1.153853439487629445e-01 1.218996922041466063e-01 -1.164816492614873661e-01 9.966157091374605592e-02 -7.308592362198446102e-02 3.935611690654954031e-02 -1.773859258135234568e-03
-2.208809081653312134e+00 1.980366972158105643e+00 -1.558072745400198578e+00 9.832635025916774962e-01 -3.122055773502364628e-01 -3.894132050659349087e-01 1.052913509768418576e+00 -1.613347304054511211e+00 2.015855423367715726e+00 -2.221037568550796593e+00 2.208809081645308314e+00 -1.980366972150591209e+00 1.558072745393908720e+00 -9.832635025872288326e-01 3.122055773480639784e-01 3.894132050656186617e-01 -1.052913509765644351e+00 1.613347304049550512e+00 -2.015855423361054388e+00 2.221037568543086316e+00
-2.803499928161056753e-01 1.931401147262428730e-01 -8.702433652073066073e-02 -2.760999007756095858e-02 1.395416584768674473e-01 -2.378140171004757830e-01 3.128074827825332305e-01 -3.571811725918973002e-01 3.665914806003728321e-01 -3.401172602946437307e-01 2.803499928149992271e-01 -1.931401147254089290e-01 8.702433652025087785e-02 2.760999007763947910e-02 -1.395416584765371559e-01 2.378140170997689040e-01 -3.128074827815191528e-01 3.571811725906751667e-01 -3.665914805990622138e-01 3.401172602933729694e-01
-2.183518350750147441e+00 1.949912236727445958e+00 -1.525435127136618663e+00 9.516377989704760676e-01 -2.846875325910897536e-01 -4.101299330125129372e-01 1.064801023229090537e+00 -1.615241970386576575e+00 2.007571779429682124e+00 -2.203386475126867250e+00 2.183518350742223113e+00 -1.949912236720033221e+00 1.525435127130443380e+00 -9.516377989661434222e-01 2.846875325890231290e-01 4.101299330121112030e-01 -1.064801023226259691e+00 1.615241970381593450e+00 -2.007571779423034997e+00 2.203386475119206267e+00
4.919053698935926811e+00 -4.467134041265333977e+00 3.577940179283015443e+00 -2.338512603578035698e+00 8.701751208603454302e-01 6.833411655526828721e-01 -2.169967257562458673e+00 3.444181835350075715e+00 -4.381255898066838128e+00 4.889462107475367247e+00 -4.919053698918189887e+00 4.467134041248482568e+00 -3.577940179268697563e+00 2.338512603567654224e+00 -8.701751208549157734e-01 -6.833411655526292483e-01 2.169967257556926654e+00 -3.444181835339606756e+00 4.381255898052458519e+00 -4.889462107458481199e+00
-2.332614169799493098e+00 2.094309948629298201e+00 -1.651000077772010854e+00 1.046078816108775955e+00 -3.387600714655645273e-01 -4.017188692523993576e-01 1.102874768107472869e+00 -1.696073600479346855e+00 2.123248931596247058e+00 -2.342585863743028352e+00 2.332614169791044745e+00 -2.094309948621356554e+00 1.651000077765352403e+00 -1.046078816104053510e+00 3.387600714632396648e-01 4.017188692520990423e-01 -1.102874768104576519e+00 1.696073600474138354e+00 -2.123248931589235777e+00 2.342585863734901075e+00
-2.485517264513708469e+00 2.275170115919772140e+00 -1.842113464337450601e+00 1.228737912106887542e+00 -4.950849319193039721e-01 -2.870304108635726159e-01 1.041049217172103969e+00 -1.693162872686894804e+00 2.179537949263228302e+00 -2.452564665631510099e+00 2.485517264504774282e+00 -2.275170115911220314e+00 1.842113464330117134e+00 -1.228737912101491636e+00 4.950849319163730389e-01 2.870304108637516949e-01 -1.041049217169513375e+00 1.693162872681788222e+00 -2.179537949256106000e+00 2.452564665623068407e+00
-2.104926201209385006e+00 2.015749879529839639e+00 -1.729257915086737984e+00 1.273494137466798293e+00 -6.930718807165403561e-01 4.480691936642222650e-02 6.078440554389867856e-01 -1.200995018999005293e+00 1.676584222274650759e+00 -1.988057680424563545e+00 2.104926201201957614e+00 -2.015749879522414023e+00 1.729257915080040675e+00 -1.273494137461485876e+00 6.930718807131320824e-01 -4.480691936525171837e-02 -6.078440554378046201e-01 1.200995018995586028e+00 -1.676584222269329461e+00 1.988057680417861350e+00
-2.402366900388186011e+00 2.204402125098923637e+00 -1.790655110832396479e+00 1.201626298090119782e+00 -4.949739310684887483e-01 -2.601299330117883279e-01 9.897704668165219211e-01 -1.622525371192398591e+00 2.096456187436525287e+00 -2.365171265184878635e+00 2.402366900379559578e+00 -2.204402125090646702e+00 1.790655110825279284e+00 -1.201626298084859767e+00 4.949739310656002256e-01 2.601299330120225850e-01 -9.897704668140787643e-01 1.622525371187517162e+00 -2.096456187429684093e+00 2.365171265176746473e+00
-2.862802069521818815e+00 2.617071212326404606e+00 -2.115163190661338177e+00 1.406208258686188151e+00 -5.596038647222912887e-01 -3.417784545094125215e-01 1.209705117302582122e+00 -1.959217414702406845e+00 2.516947860880233812e+00 -2.828301913827798497e+00 2.862802069511523495e+00 -2.617071212316561368e+00 2.115163190652910252e+00 -1.406208258680001988e+00 5.596038647189514048e-01 3.417784545095792215e-01 -1.209705117299559207e+00 1.959217414696490023e+00 -2.516947860872002618e+00 2.828301913818057844e+00
