-2.057294901687836131e+00 -1.336677773905225353e+00 2.883407197967935431e+00 -4.453658778449992028e-01 -2.608155948030448368e+00 2.057294901688060840e+00 1.336677773905484479e+00 -2.883407197968320457e+00 4.453658778449799960e-01 2.608155948030844939e+00 -2.057294901688286437e+00 -1.336677773905739608e+00 2.883407197968705482e+00 -4.453658778449634537e-01 -2.608155948031244620e+00 2.057294901688517808e+00 1.336677773905998956e+00 -2.883407197969090507e+00 4.453658778449421929e-01 2.608155948031638083e+00
4.156433855343673045e+00 9.342979003428101281e-01 -4.733861713373427982e+00 1.991389536563758611e+00 3.503115294936371971e+00 -4.156433855344180195e+00 -9.342979003430725848e-01 4.733861713374097668e+00 -1.991389536563912710e+00 -3.503115294936945734e+00 4.156433855344688233e+00 9.342979003433283802e-01 -4.733861713374768243e+00 1.991389536564070584e+00 3.503115294937524382e+00 -4.156433855345203376e+00 -9.342979003435919472e-01 4.733861713375437930e+00 -1.991389536564222240e+00 -3.503115294938089708e+00
3.798277907312572754e+00 1.348355547811407540e+00 -4.631607464779725625e+00 1.514135287970148402e+00 3.695820393248809843e+00 -3.798277907313021728e+00 -1.348355547811720623e+00 4.631607464780368666e+00 -1.514135287970235222e+00 -3.695820393249397817e+00 3.798277907313471147e+00 1.348355547812027044e+00 -4.631607464781010819e+00 1.514135287970326260e+00 3.695820393249991120e+00 -3.798277907313929003e+00 -1.348355547812340571e+00 4.631607464781653860e+00 -1.514135287970409971e+00 -3.695820393250571989e+00
1.569630456469068180e+00 5.335624789681367997e-01 -1.899390203593117832e+00 6.403252247509749751e-01 1.503647450843200728e+00 -1.569630456469254032e+00 -5.335624789682626989e-01 1.899390203593382065e+00 -6.403252247510132777e-01 -1.503647450843440536e+00 1.569630456469440771e+00 5.335624789683858227e-01 -1.899390203593646076e+00 6.403252247510534678e-01 1.503647450843682787e+00 -1.569630456469630397e+00 -5.335624789685119440e-01 1.899390203593910087e+00 -6.403252247510907713e-01 -1.503647450843919486e+00
-1.981762745781326940e+00 -1.030243918561819072e+00 2.618488504155525920e+00 -5.880709761571255578e-01 -2.255040653093234315e+00 1.981762745781551205e+00 1.030243918562030903e+00 -2.618488504155881635e+00 5.880709761571351057e-01 2.255040653093582925e+00 -1.981762745781776136e+00 -1.030243918562238736e+00 2.618488504156236463e+00 -5.880709761571472072e-01 -2.255040653093934644e+00 1.981762745782005730e+00 1.030243918562450567e+00 -2.618488504156591734e+00 5.880709761571549787e-01 2.255040653094280589e+00
-3.081559480311507615e-01 2.786474508435519137e-01 1.359423525313353254e-01 -3.626644452185538436e-01 8.819660112484999093e-02 3.081559480311988897e-01 -2.786474508435839437e-01 -1.359423525313637193e-01 3.626644452186032486e-01 -8.819660112485236403e-02 -3.081559480312471289e-01 2.786474508436161401e-01 1.359423525313921688e-01 -3.626644452186527090e-01 8.819660112485437631e-02 3.081559480312945354e-01 -2.786474508436478370e-01 -1.359423525314206460e-01 3.626644452187021694e-01 -8.819660112485763759e-02
-1.429508497187816918e+00 -1.934220259842715839e+00 2.624922359499360258e+00 3.119290238426317696e-01 -2.817705098311829914e+00 1.429508497187942595e+00 1.934220259843044687e+00 -2.624922359499689772e+00 -3.119290238427548934e-01 2.817705098312234924e+00 -1.429508497188068716e+00 -1.934220259843369760e+00 2.624922359500018398e+00 3.119290238428753526e-01 -2.817705098312642598e+00 1.429508497188202831e+00 1.934220259843698164e+00 -2.624922359500347024e+00 -3.119290238430008078e-01 2.817705098313046719e+00
-2.809016994376266618e-01 -2.159830056248210062e-01 4.143865379061427157e-01 -4.012195928156246649e-02 -3.895898033749204403e-01 2.809016994376563048e-01 2.159830056248613350e-01 -4.143865379061973941e-01 4.012195928155619373e-02 3.895898033749788381e-01 -2.809016994376860588e-01 -2.159830056249011088e-01 4.143865379062519616e-01 -4.012195928155030955e-02 -3.895898033750377354e-01 2.809016994377168674e-01 2.159830056249414376e-01 -4.143865379063065846e-01 4.012195928154373148e-02 3.895898033750958001e-01
-2.065450849718908355e+00 -7.116777739054823693e-01 2.505291903030478107e+00 -8.366777739072349673e-01 -1.988196601124339713e+00 2.065450849719152604e+00 7.116777739056494578e-01 -2.505291903030826273e+00 8.366777739072844833e-01 1.988196601124657015e+00 -2.065450849719397741e+00 -7.116777739058127716e-01 2.505291903031173995e+00 -8.366777739073362197e-01 -1.988196601124976537e+00 2.065450849719647319e+00 7.116777739059801933e-01 -2.505291903031522605e+00 8.366777739073841813e-01 1.988196601125289620e+00
5.047416860969190289e+00 1.716796067498541412e+00 -6.108455182435736930e+00 2.058436854002127170e+00 4.836271242967342232e+00 -5.047416860969788033e+00 -1.716796067498946421e+00 6.108455182436587805e+00 -2.058436854002250627e+00 -4.836271242968113171e+00 5.047416860970388441e+00 1.716796067499342326e+00 -6.108455182437436903e+00 2.058436854002379413e+00 4.836271242968892103e+00 -5.047416860970998620e+00 -1.716796067499748224e+00 6.108455182438286002e+00 -2.058436854002499317e+00 -4.836271242969655049e+00
-2.228976341281421192e+00 -1.345162612374030786e+00 3.060332556124303771e+00 -5.462269241885784332e-01 -2.722745751405615700e+00 2.228976341281667217e+00 1.345162612374296573e+00 -3.060332556124715442e+00 5.462269241885688853e-01 2.722745751406032255e+00 -2.228976341281914575e+00 -1.345162612374557920e+00 3.060332556125125780e+00 -5.462269241885622240e-01 -2.722745751406451920e+00 2.228976341282168150e+00 1.345162612374823485e+00 -3.060332556125536563e+00 5.462269241885504556e-01 2.722745751406864478e+00
-2.628647450843959898e+00 -1.059955681217850554e+00 3.283736088405291742e+00 -9.695048315012111395e-01 -2.684549150280478802e+00 2.628647450844265876e+00 1.059955681218085921e+00 -3.283736088405745157e+00 9.695048315012573248e-01 2.684549150280902019e+00 -2.628647450844573630e+00 -1.059955681218316847e+00 3.283736088406197240e+00 -9.695048315013063966e-01 -2.684549150281328789e+00 2.628647450844886713e+00 1.059955681218552437e+00 -3.283736088406649323e+00 9.695048315013504725e-01 2.684549150281747565e+00
-1.986271242968953965e+00 -1.023810063217930111e+00 2.619020660061929462e+00 -5.948337219384862706e-01 -2.251393202249481806e+00 1.986271242969178452e+00 1.023810063218140831e+00 -2.619020660062285621e+00 5.948337219384968177e-01 2.251393202249830416e+00 -1.986271242969404272e+00 -1.023810063218347999e+00 2.619020660062640893e+00 -5.948337219385098074e-01 -2.251393202250181691e+00 1.986271242969635198e+00 1.023810063218558941e+00 -2.619020660062996164e+00 5.948337219385186891e-01 2.251393202250526748e+00
-2.274467844093940982e+00 -1.551596467717811123e+00 3.233407197967963498e+00 -4.467590800948839647e-01 -2.957294901686863930e+00 2.274467844094187008e+00 1.551596467718109107e+00 -3.233407197968394264e+00 4.467590800948546548e-01 2.957294901687312016e+00 -2.274467844094433921e+00 -1.551596467718401762e+00 3.233407197968824143e+00 -4.467590800948284535e-01 -2.957294901687763211e+00 2.274467844094687941e+00 1.551596467718699301e+00 -3.233407197969254021e+00 4.467590800947968122e-01 2.957294901688208189e+00
-3.135410196625179502e+00 -5.695048314990494021e-01 3.487383539249050202e+00 -1.585816727563757134e+00 -2.507294901686698996e+00 3.135410196625565415e+00 5.695048314992274818e-01 -3.487383539249548026e+00 1.585816727563887918e+00 2.507294901687114219e+00 -3.135410196625953549e+00 -5.695048314994002325e-01 3.487383539250044961e+00 -1.585816727564021811e+00 -2.507294901687533439e+00 3.135410196626345680e+00 5.695048314995792005e-01 -3.487383539250542341e+00 1.585816727564150819e+00 2.507294901687942446e+00
-3.160410196625132340e+00 -1.332169276717776185e+00 3.983736088405265274e+00 -1.129915028126184717e+00 -3.285410196624202417e+00 3.160410196625498713e+00 1.332169276718067730e+00 -3.983736088405813280e+00 1.129915028126233789e+00 3.285410196624718893e+00 -3.160410196625866863e+00 -1.332169276718353723e+00 3.983736088406360398e+00 -1.129915028126286636e+00 -3.285410196625239365e+00 3.160410196626242119e+00 1.332169276718645712e+00 -3.983736088406907960e+00 1.129915028126333265e+00 3.285410196625750068e+00
-6.067627457815144565e-01 -5.314338553434113654e-01 9.352069311561747034e-01 -4.655581462556393491e-02 -9.064338553436880330e-01 6.067627457815766290e-01 5.314338553435080659e-01 -9.352069311562968279e-01 4.655581462554328476e-02 9.064338553438227031e-01 -6.067627457816389125e-01 -5.314338553436035451e-01 9.352069311564185083e-01 -4.655581462552352279e-02 -9.064338553439582613e-01 6.067627457817036385e-01 5.314338553437002455e-01 -9.352069311565405219e-01 4.655581462550217875e-02 9.064338553440921542e-01
-2.727786404500259554e+00 -8.722912359992536224e-01 3.266892036436610081e+00 -1.146759080094903682e+00 -2.558155948030569782e+00 2.727786404500584183e+00 8.722912359994641207e-01 -3.266892036437066160e+00 1.146759080094976291e+00 2.558155948030980120e+00 -2.727786404500910589e+00 -8.722912359996699561e-01 3.266892036437521352e+00 -1.146759080095052008e+00 -2.558155948031393123e+00 2.727786404501241435e+00 8.722912359998811205e-01 -3.266892036437977431e+00 1.146759080095122840e+00 2.558155948031798133e+00
-2.591844051968989593e+00 -9.849556812178824616e-01 3.200580140374096771e+00 -9.931116292511843469e-01 -2.586803398874250703e+00 2.591844051969292906e+00 9.849556812181057275e-01 -3.200580140374539528e+00 9.931116292512364163e-01 2.586803398874660598e+00 -2.591844051969598439e+00 -9.849556812183242194e-01 3.200580140374981397e+00 -9.931116292512914834e-01 -2.586803398875073601e+00 2.591844051969908858e+00 9.849556812185478183e-01 -3.200580140375424154e+00 9.931116292513415544e-01 2.586803398875478610e+00
-2.463196601125335672e+00 -8.372099298114988875e-01 2.980620793467897212e+00 -1.004915028126314391e+00 -2.359549150280436436e+00 2.463196601125627438e+00 8.372099298116963961e-01 -2.980620793468311991e+00 1.004915028126374787e+00 2.359549150280813024e+00 -2.463196601125920537e+00 -8.372099298118894639e-01 2.980620793468726326e+00 -1.004915028126437848e+00 -2.359549150281192720e+00 2.463196601126218077e+00 8.372099298120874167e-01 -2.980620793469140661e+00 1.004915028126496246e+00 2.359549150281564867e+00
