-2.425513271002811333e+00 2.401183528704839143e-01 2.143237217759159208e+00 -2.759644810397169579e+00 1.100919824474630992e+00 1.465435936832318653e+00 -2.823643088173898530e+00 1.853955593100157673e+00 6.441875761153388336e-01 -2.611243507001837827e+00 2.425513271005189875e+00 -2.401183528710503778e-01 -2.143237217760872504e+00 2.759644810399749737e+00 -1.100919824475950382e+00 -1.465435936833346497e+00 2.823643088176426286e+00 -1.853955593102102117e+00 -6.441875761155817504e-01 2.611243507004067599e+00
3.676637618323822299e+00 -7.623379975054402902e-01 -2.780455553932644097e+00 4.030959536018544398e+00 -1.958221581786183663e+00 -1.728932003029511888e+00 3.990703048981222967e+00 -2.962420793910218286e+00 -5.081685414915978471e-01 3.559808742646293211e+00 -3.676637618327366575e+00 7.623379975066240100e-01 2.780455553934797486e+00 -4.030959536022259648e+00 1.958221581788397003e+00 1.728932003030624331e+00 -3.990703048984743262e+00 2.962420793913245198e+00 5.081685414915606547e-01 -3.559808742649276603e+00
3.314331954137967440e+00 -5.673964581865582613e-01 -2.647317413488412541e+00 3.679504725758083961e+00 -1.678199813593698408e+00 -1.706662524097832145e+00 3.684501938204125526e+00 -2.624729278541159783e+00 -5.989476158309465781e-01 3.328834429504047954e+00 -3.314331954141181313e+00 5.673964581875275970e-01 2.647317413490487326e+00 -3.679504725761491901e+00 1.678199813595629752e+00 1.706662524098968792e+00 -3.684501938207392691e+00 2.624729278543864730e+00 5.989476158310348408e-01 -3.328834429506856818e+00
2.137136187069075710e+00 -4.674305340687543442e-01 -1.587638638275787439e+00 2.333811689165463665e+00 -1.155921546762710861e+00 -9.749444131772896371e-01 2.302037442504144771e+00 -1.731262904680860748e+00 -2.668158360794628536e-01 2.044923731732396721e+00 -2.137136187071132287e+00 4.674305340694622224e-01 1.587638638277012237e+00 -2.333811689167611725e+00 1.155921546764010266e+00 9.749444131779089195e-01 -2.302037442506172038e+00 1.731262904682625114e+00 2.668158360794163908e-01 -2.044923731734106909e+00
-2.184684449308267773e+00 4.813008968351609740e-01 1.618881311158905323e+00 -2.384410016657666720e+00 1.184160775260756360e+00 9.923455365749606072e-01 -2.350732918415142425e+00 1.771106746470888726e+00 2.686720667927586237e-01 -2.086949703598687034e+00 2.184684449310369647e+00 -4.813008968358875039e-01 -1.618881311160153436e+00 2.384410016659860077e+00 -1.184160775262086629e+00 -9.923455365755897706e-01 2.350732918417212325e+00 -1.771106746472693061e+00 -2.686720667927076089e-01 2.086949703600431860e+00
7.583192702012223063e-02 1.494263747572079429e-02 -9.339805089730088272e-02 9.485335634487880585e-02 -1.810875708261909176e-02 -7.356523564387296155e-02 1.045898782684099027e-01 -4.938754032659965765e-02 -4.653134256647245559e-02 1.040884141864974882e-01 -7.583192702020001563e-02 -1.494263747572140491e-02 9.339805089737940325e-02 -9.485335634497049639e-02 1.810875708264833919e-02 7.356523564393024905e-02 -1.045898782685065059e-01 4.938754032665593208e-02 4.653134256650290346e-02 -1.040884141865895673e-01
-1.903124557498878655e+00 3.741907354900926297e-01 1.463236965768075715e+00 -2.094328953665668180e+00 9.987943790595361637e-01 9.201757414982945082e-01 -2.080525839799811205e+00 1.525629069797284076e+00 2.870413044089388244e-01 -1.863066360858334214e+00 1.903124557500716518e+00 -3.741907354906887084e-01 -1.463236965769213249e+00 2.094328953667601301e+00 -9.987943790606708117e-01 -9.201757414988930295e-01 2.080525839801649735e+00 -1.525629069798847048e+00 -2.870413044089402677e-01 1.863066360859898962e+00
-3.361968861331391389e-01 2.379333001462922426e-01 5.648951642263169703e-02 -3.043407094710552374e-01 3.012844449760255783e-01 -4.984039753298948050e-02 -2.426935436995030781e-01 3.351437691593627255e-01 -1.512915861196681422e-01 -1.572898429252491681e-01 3.361968861334375669e-01 -2.379333001465377684e-01 -5.648951642264155026e-02 3.043407094713123096e-01 -3.012844449763179000e-01 4.984039753307617504e-02 2.426935436996935369e-01 -3.351437691596732549e-01 1.512915861198428080e-01 1.572898429253544728e-01
-2.373565235641890148e+00 7.472828251462199090e-01 1.495081587817419955e+00 -2.504856641732731592e+00 1.449553998417327350e+00 8.008037163904184741e-01 -2.390955227368275704e+00 2.009932726687077231e+00 2.813759767512996612e-02 -2.043010456584206214e+00 2.373565235644139459e+00 -7.472828251471923533e-01 -1.495081587818526403e+00 2.504856641735004441e+00 -1.449553998418892542e+00 -8.008037163908507949e-01 2.390955227370349601e+00 -2.009932726689082738e+00 -2.813759767484613761e-02 2.043010456585877765e+00
5.014433381122321620e+00 -9.764694381965822734e-01 -3.866524710950570931e+00 5.521841843639574421e+00 -2.624789691415071680e+00 -2.436216501674062229e+00 5.488733953567005663e+00 -4.016177241653482000e+00 -7.674344470943301744e-01 4.918350541860857739e+00 -5.014433381127164857e+00 9.764694381981451343e-01 3.866524710953578747e+00 -5.521841843644672565e+00 2.624789691418056847e+00 2.436216501675649848e+00 -5.488733953571856894e+00 4.016177241657597818e+00 7.674344470943437191e-01 -4.918350541864989545e+00
-2.317835833763942421e+00 2.355288675843421053e-01 2.040955044053886613e+00 -2.634815418558261513e+00 1.056456247028809026e+00 1.392876615167029763e+00 -2.693880912345654188e+00 1.773970328250994211e+00 6.084537184451734859e-01 -2.489250573060571625e+00 2.317835833766213938e+00 -2.355288675848883628e-01 -2.040955044055516421e+00 2.634815418560723543e+00 -1.056456247030073348e+00 -1.392876615168005427e+00 2.693880912348065593e+00 -1.773970328252853168e+00 -6.084537184453994163e-01 2.489250573062696592e+00
-2.817312445233825624e+00 7.170626796169288220e-01 1.974354709137938535e+00 -3.038055841268259449e+00 1.597094129139059682e+00 1.160559090006948679e+00 -2.961413164179611091e+00 2.320790877692342491e+00 2.331598610549260597e-01 -2.594886733202088180e+00 2.817312445236521246e+00 -7.170626796179443430e-01 -1.974354709139440889e+00 3.038055841271041224e+00 -1.597094129140826713e+00 -1.160559090007652339e+00 2.961413164182205460e+00 -2.320790877694689058e+00 -2.331598610547621631e-01 2.594886733204241569e+00
-1.574124821473736224e+00 7.431730035150616032e-02 1.486759595200400685e+00 -1.822108027877953340e+00 6.552568585403273360e-01 1.051807392051201440e+00 -1.891730605140386601e+00 1.172055309972516834e+00 5.138969529947233772e-01 -1.776177410309467630e+00 1.574124821475292091e+00 -7.431730035180733607e-02 -1.486759595201603057e+00 1.822108027879667524e+00 -6.552568585411402413e-01 -1.051807392051959944e+00 1.891730605142091015e+00 -1.172055309973762283e+00 -5.138969529949639625e-01 1.776177410310995963e+00
-2.169691176307895208e+00 5.060961105884713707e-01 1.574739516215255986e+00 -2.357313438255784988e+00 1.196448631859984513e+00 9.508037163904501377e-01 -2.314185436498685355e+00 1.769684424897563613e+00 2.337966241659311661e-01 -2.044528840338914577e+00 2.169691176309977987e+00 -5.060961105892157752e-01 -1.574739516216464352e+00 2.357313438257949478e+00 -1.196448631861320777e+00 -9.508037163910434408e-01 2.314185436500719284e+00 -1.769684424899361508e+00 -2.337966241658519240e-01 2.044528840340619436e+00
-2.763288405770442324e+00 2.908990954469376500e-01 2.421316009353045029e+00 -3.137326778322064413e+00 1.266832814486846148e+00 1.648075487371403414e+00 -3.204261746770566521e+00 2.118760111102018673e+00 7.135098538682214109e-01 -2.957541250040689462e+00 2.763288405773149048e+00 -2.908990954475971225e-01 -2.421316009354977705e+00 3.137326778324994958e+00 -1.266832814488358938e+00 -1.648075487372555159e+00 3.204261746773433117e+00 -2.118760111104237343e+00 -7.135098538684805369e-01 2.957541250043212333e+00
-2.977838390170003180e+00 5.990372358906026484e-01 2.273627884509379360e+00 -3.271847115322093824e+00 1.572659079774617608e+00 1.423075487371743941e+00 -3.245584648527151561e+00 2.392338095570627488e+00 4.332225463796845477e-01 -2.901621743016256971e+00 2.977838390172876437e+00 -5.990372358915464490e-01 -2.273627884511144170e+00 3.271847115325111854e+00 -1.572659079776400182e+00 -1.423075487372665204e+00 3.245584648530018157e+00 -2.392338095573075751e+00 -4.332225463796731124e-01 2.901621743018691912e+00
-8.212643661813042728e-01 -2.006031971102561762e-01 1.057087567829735564e+00 -1.042077768393917081e+00 1.679483201777966506e-01 8.446426768984782729e-01 -1.160885338053457838e+00 5.200598857222846760e-01 5.495182757806664764e-01 -1.166057362460576119e+00 8.212643661821525942e-01 2.006031971102944234e-01 -1.057087567830629293e+00 1.042077768394929160e+00 -1.679483201780926915e-01 -8.446426768991419642e-01 1.160885338054534310e+00 -5.200598857228864169e-01 -5.495182757810357366e-01 1.166057362461611957e+00
-2.438309033802446901e+00 1.760835717509929288e-01 2.231310380510432179e+00 -2.799146241653584166e+00 1.059283379197277775e+00 1.553883945072566997e+00 -2.885983512573071064e+00 1.838793149026876517e+00 7.243525225444930049e-01 -2.690320609452309775e+00 2.438309033804847648e+00 -1.760835717515091270e-01 -2.231310380512226743e+00 2.799146241656210066e+00 -1.059283379198569630e+00 -1.553883945073673445e+00 2.885983512575663212e+00 -1.838793149028818075e+00 -7.243525225448037563e-01 2.690320609454616374e+00
-2.513162729079116087e+00 3.008988314088255622e-01 2.159434938011239424e+00 -2.839466851105387768e+00 1.178558540894917961e+00 1.453988192503016696e+00 -2.887824174016641265e+00 1.940852728898433188e+00 6.062149521807174146e-01 -2.653501146120886389e+00 2.513162729081571900e+00 -3.008988314094549477e-01 -2.159434938012956273e+00 2.839466851108035428e+00 -1.178558540896313289e+00 -1.453988192504023447e+00 2.887824174019220091e+00 -1.940852728900458013e+00 -6.062149521809161445e-01 2.653501146123145471e+00
-3.004527688128115770e+00 6.904954366765896356e-01 2.192801619221071086e+00 -3.268288342639393829e+00 1.649301756864635093e+00 1.329417844109580304e+00 -3.212126162669233231e+00 2.446662929730162084e+00 3.359013878173354173e-01 -2.841538693697856832e+00 3.004527688131001462e+00 -6.904954366776121510e-01 -2.192801619222755960e+00 3.268288342642396316e+00 -1.649301756866480062e+00 -1.329417844110413638e+00 3.212126162672057639e+00 -2.446662929732649427e+00 -3.359013878172362189e-01 2.841538693700227824e+00
