2.949999999998079492e+00 1.499999999990489385e+00 -2.949999999998913047e+00 -1.499999999992289723e+00 2.949999999999746603e+00 1.499999999994092281e+00 -2.950000000000580602e+00 -1.499999999995894839e+00 2.950000000001413270e+00 1.499999999997691180e+00 -2.950000000002246381e+00 -1.499999999999499067e+00 2.950000000003082157e+00 1.500000000001296518e+00 -2.950000000003912604e+00 -1.500000000003093081e+00 2.950000000004748379e+00 1.500000000004900969e+00 -2.950000000005583711e+00 -1.500000000006697976e+00
-3.000000000002117417e+00 -3.199999999987308996e+00 3.000000000002343903e+00 3.199999999989928678e+00 -3.000000000002570388e+00 -3.199999999992551025e+00 3.000000000002798206e+00 3.199999999995172928e+00 -3.000000000003023359e+00 -3.199999999997789502e+00 3.000000000003248513e+00 3.200000000000416733e+00 -3.000000000003479883e+00 -3.200000000003033751e+00 3.000000000003698375e+00 3.200000000005649436e+00 -3.000000000003929745e+00 -3.200000000008277112e+00 3.000000000004160672e+00 3.200000000010893686e+00
-1.600000000002004485e+00 -1.849999999992530064e+00 1.600000000002072431e+00 1.849999999993994892e+00 -1.600000000002139933e+00 -1.849999999995460831e+00 1.600000000002208322e+00 1.849999999996926769e+00 -1.600000000002275158e+00 -1.849999999998389821e+00 1.600000000002341993e+00 1.849999999999858646e+00 -1.600000000002412159e+00 -1.850000000001321476e+00 1.600000000002475664e+00 1.850000000002784306e+00 -1.600000000002545830e+00 -1.850000000004253353e+00 1.600000000002615996e+00 1.850000000005716405e+00
4.674038933671909035e-14 1.999999999996747713e-01 2.745026428385699546e-14 -1.999999999997690014e-01 -1.016270401166252668e-13 1.999999999998632594e-01 1.757205492225466514e-13 -1.999999999999574896e-01 -2.500083473577774384e-13 2.000000000000517197e-01 3.242683899173925965e-13 -2.000000000001459499e-01 -3.981814877818123932e-13 2.000000000002402079e-01 4.728301084000463561e-13 -2.000000000003344103e-01 -5.467432062644661528e-13 2.000000000004286682e-01 6.206563041288859495e-13 -2.000000000005228984e-01
3.449999999999564526e+00 2.649999999987501909e+00 -3.450000000000207567e+00 -2.649999999990029220e+00 3.450000000000849720e+00 2.649999999992559196e+00 -3.450000000001494094e+00 -2.649999999995089617e+00 3.450000000002134914e+00 2.649999999997612932e+00 -3.450000000002776623e+00 -2.650000000000149125e+00 3.450000000003423217e+00 2.650000000002672884e+00 -3.450000000004059597e+00 -2.650000000005196643e+00 3.450000000004705303e+00 2.650000000007732837e+00 -3.450000000005351897e+00 -2.650000000010256596e+00
2.750000000000999201e+00 2.699999999989142641e+00 -2.750000000001293188e+00 -2.699999999991434141e+00 2.750000000001587175e+00 2.699999999993728306e+00 -2.750000000001883382e+00 -2.699999999996022026e+00 2.750000000002176037e+00 2.699999999998309974e+00 -2.750000000002469136e+00 -2.700000000000608580e+00 2.750000000002767120e+00 2.700000000002896972e+00 -2.750000000003054890e+00 -2.700000000005185363e+00 2.750000000003352874e+00 2.700000000007484413e+00 -2.750000000003650857e+00 -2.700000000009772805e+00
-4.600000000005652012e+00 -5.799999999977968557e+00 4.600000000005667999e+00 5.799999999982406784e+00 -4.600000000005683987e+00 -5.799999999986848565e+00 4.600000000005702638e+00 5.799999999991289457e+00 -4.600000000005715073e+00 -5.799999999995722355e+00 4.600000000005728396e+00 5.800000000000171241e+00 -4.600000000005753265e+00 -5.800000000004604139e+00 4.600000000005755929e+00 5.800000000009037038e+00 -4.600000000005779910e+00 -5.800000000013486812e+00 4.600000000005803891e+00 5.800000000017919710e+00
6.000000000005472067e-01 9.499999999962058794e-01 -6.000000000004775957e-01 -9.499999999968757880e-01 6.000000000004077627e-01 9.499999999975463627e-01 -6.000000000003384848e-01 -9.499999999982168264e-01 6.000000000002685407e-01 9.499999999988861799e-01 -6.000000000001983747e-01 -9.499999999995577538e-01 6.000000000001299849e-01 9.500000000002271072e-01 -6.000000000000581535e-01 -9.500000000008964607e-01 5.999999999999897637e-01 9.500000000015679236e-01 -5.999999999999213740e-01 -9.500000000022373881e-01
-2.050000000002948575e+00 -2.699999999990138289e+00 2.050000000002912603e+00 2.699999999992170441e+00 -2.050000000002877076e+00 -2.699999999994204369e+00 2.050000000002842881e+00 2.699999999996237854e+00 -2.050000000002806022e+00 -2.699999999998267342e+00 2.050000000002769163e+00 2.700000000000304379e+00 -2.050000000002737188e+00 -2.700000000002334755e+00 2.050000000002695444e+00 2.700000000004364242e+00 -2.050000000002663469e+00 -2.700000000006401724e+00 2.050000000002631495e+00 2.700000000008431655e+00
-2.450000000000192912e+00 -1.749999999991417310e+00 2.450000000000698730e+00 1.749999999993149924e+00 -2.450000000001203659e+00 -1.749999999994884536e+00 2.450000000001709921e+00 1.749999999996619371e+00 -2.450000000002213962e+00 -1.749999999998348876e+00 2.450000000002718448e+00 1.750000000000087930e+00 -2.450000000003226486e+00 -1.750000000001817879e+00 2.450000000003727418e+00 1.750000000003547829e+00 -2.450000000004235456e+00 -1.750000000005286882e+00 2.450000000004743050e+00 1.750000000007016832e+00
3.400000000000846789e+00 3.049999999986190868e+00 -3.400000000001317080e+00 -3.049999999988888266e+00 3.400000000001787814e+00 3.049999999991588329e+00 -3.400000000002259881e+00 -3.049999999994288391e+00 3.400000000002728839e+00 3.049999999996981792e+00 -3.400000000003198242e+00 -3.049999999999688072e+00 3.400000000003672973e+00 3.050000000002381473e+00 -3.400000000004137046e+00 -3.050000000005075318e+00 3.400000000004611778e+00 3.050000000007781153e+00 -3.400000000005086953e+00 -3.050000000010474999e+00
3.800000000000021139e+00 3.099999999985487698e+00 -3.800000000000661959e+00 -3.099999999988356514e+00 3.800000000001302336e+00 3.099999999991228883e+00 -3.800000000001944489e+00 -3.099999999994100808e+00 3.800000000002583533e+00 3.099999999996965627e+00 -3.800000000003222578e+00 -3.099999999999844658e+00 3.800000000003867839e+00 3.100000000002709477e+00 -3.800000000004501111e+00 -3.100000000005574297e+00 3.800000000005146372e+00 3.100000000008453771e+00 -3.800000000005791190e+00 -3.100000000011318591e+00
2.200000000000933209e+00 2.499999999989920063e+00 -2.200000000001042455e+00 -2.499999999991913580e+00 2.200000000001151701e+00 2.499999999993908872e+00 -2.200000000001262279e+00 -2.499999999995903721e+00 2.200000000001370193e+00 2.499999999997894573e+00 -2.200000000001478107e+00 -2.499999999999893863e+00 2.200000000001591349e+00 2.500000000001884715e+00 -2.200000000001694822e+00 -2.500000000003875567e+00 2.200000000001807177e+00 2.500000000005874856e+00 -2.200000000001919975e+00 -2.500000000007865708e+00
-1.750000000001584954e+00 -1.999999999992078559e+00 1.750000000001667777e+00 1.999999999993669508e+00 -1.750000000001750378e+00 -1.999999999995261790e+00 1.750000000001834088e+00 1.999999999996854294e+00 -1.750000000001915579e+00 -1.999999999998443245e+00 1.750000000001997513e+00 2.000000000000038636e+00 -1.750000000002083000e+00 -2.000000000001628031e+00 1.750000000002161160e+00 2.000000000003216982e+00 -1.750000000002246647e+00 -2.000000000004812595e+00 1.750000000002332134e+00 2.000000000006401546e+00
-8.653078253928470076e-13 -2.999999999997104982e-01 7.540357227497906933e-13 2.999999999998518296e-01 -6.427636201067343791e-13 -2.999999999999931610e-01 5.316302953417562094e-13 3.000000000001345479e-01 -4.201916592450061216e-13 -3.000000000002759348e-01 3.088085342994872917e-13 3.000000000004172662e-01 -1.979250097150497822e-13 -3.000000000005585976e-01 8.595901768160274514e-14 3.000000000006999290e-01 2.492450690283476433e-14 -3.000000000008412604e-01 -1.357525203360410160e-13 3.000000000009826473e-01
-1.400000000003031264e+00 -2.299999999992320632e+00 1.400000000002838085e+00 2.299999999993923350e+00 -1.400000000002644240e+00 -2.299999999995527400e+00 1.400000000002451950e+00 2.299999999997131006e+00 -1.400000000002257217e+00 -2.299999999998731948e+00 1.400000000002062706e+00 2.300000000000338218e+00 -1.400000000001872413e+00 -2.300000000001939604e+00 1.400000000001673683e+00 2.300000000003540102e+00 -1.400000000001483169e+00 -2.300000000005146816e+00 1.400000000001293099e+00 2.300000000006747758e+00
-2.500000000011345369e-01 -6.499999999980377030e-01 2.500000000010111911e-01 6.499999999984367172e-01 -2.500000000008878454e-01 -6.499999999988358423e-01 2.500000000007648882e-01 6.499999999992348565e-01 -2.500000000006412093e-01 -6.499999999996335376e-01 2.500000000005176970e-01 6.500000000000331069e-01 -2.500000000003952394e-01 -6.500000000004317879e-01 2.500000000002704503e-01 6.500000000008303580e-01 -2.500000000001479927e-01 -6.500000000012300383e-01 2.500000000000256462e-01 6.500000000016287194e-01
-1.850000000001308598e+00 -1.899999999992050048e+00 1.850000000001475797e+00 1.899999999993631228e+00 -1.850000000001642331e+00 -1.899999999995213296e+00 1.850000000001810196e+00 1.899999999996795808e+00 -1.850000000001976064e+00 -1.899999999998374545e+00 1.850000000002142153e+00 1.899999999999960387e+00 -1.850000000002311795e+00 -1.900000000001539568e+00 1.850000000002474110e+00 1.900000000003118084e+00 -1.850000000002643752e+00 -1.900000000004703926e+00 1.850000000002813394e+00 1.900000000006283107e+00
4.850000000002101075e+00 4.649999999979842258e+00 -4.850000000002661515e+00 -4.649999999983831067e+00 4.850000000003221068e+00 4.649999999987823429e+00 -4.850000000003784173e+00 -4.649999999991815791e+00 4.850000000004341949e+00 4.649999999995798383e+00 -4.850000000004900613e+00 -4.649999999999799627e+00 4.850000000005467271e+00 4.650000000003783107e+00 -4.850000000006016165e+00 -4.650000000007766587e+00 4.850000000006583711e+00 4.650000000011766943e+00 -4.850000000007150369e+00 -4.650000000015751311e+00
-1.550000000003312284e+00 -2.549999999991468425e+00 1.550000000003096901e+00 2.549999999993244337e+00 -1.550000000002881073e+00 -2.549999999995021582e+00 1.550000000002666800e+00 2.549999999996798827e+00 -1.550000000002449863e+00 -2.549999999998572964e+00 1.550000000002233369e+00 2.550000000000353317e+00 -1.550000000002021316e+00 -2.550000000002127898e+00 1.550000000001799938e+00 2.550000000003901590e+00 -1.550000000001587885e+00 -2.550000000005681944e+00 1.550000000001375833e+00 2.550000000007456080e+00
