-3.513895773476315210e+00 -8.158145581129387480e+00 -1.200381925815888984e+01 -1.467447547067312641e+01 -1.590869178103523041e+01 -1.558565449749629117e+01 -1.373698476010219238e+01 -1.054364324318854607e+01 -6.318216463749489087e+00 -1.474318635236031128e+00 3.513895773476245488e+00 8.158145581129170765e+00 1.200381925815854700e+01 1.467447547067268943e+01 1.590869178103474191e+01 1.558565449749579379e+01 1.373698476010175007e+01 1.054364324318818902e+01 6.318216463749251943e+00 1.474318635235943864e+00
-3.353899164001493460e+00 -8.119665633121181614e+00 -1.209062265703390793e+01 -1.487806529495463614e+01 -1.620913924022883990e+01 -1.595354970095559288e+01 -1.413631556203598372e+01 -1.093532036240224592e+01 -6.663899814839503222e+00 -1.740170323280137987e+00 3.353899164001429956e+00 8.119665633120968451e+00 1.209062265703356509e+01 1.487806529495419205e+01 1.620913924022834607e+01 1.595354970095508662e+01 1.413631556203552897e+01 1.093532036240187644e+01 6.663899814839253644e+00 1.740170323280041620e+00
5.668391827881595901e+00 1.198545864724695065e+01 1.712930526661898512e+01 2.059641613960677731e+01 2.204740629718038392e+01 2.134024271307364273e+01 1.854414748599732121e+01 1.393282189831867512e+01 7.957654627554274107e+00 1.203536677604916783e+00 -5.668391827881474221e+00 -1.198545864724662913e+01 -1.712930526661849484e+01 -2.059641613960615558e+01 -2.204740629717970890e+01 -2.134024271307296416e+01 -1.854414748599672436e+01 -1.393282189831820084e+01 -7.957654627553967686e+00 -1.203536677604822192e+00
5.791092701550283550e+00 1.230083406281629088e+01 1.760648408106332496e+01 2.118868876586800454e+01 2.269679696399401436e+01 2.198318453740112943e+01 1.911770484243439228e+01 1.438085099660818500e+01 8.236299257953362485e+00 1.285521162258827843e+00 -5.791092701550159205e+00 -1.230083406281596048e+01 -1.760648408106282048e+01 -2.118868876586736860e+01 -2.269679696399331448e+01 -2.198318453740042955e+01 -1.911770484243377055e+01 -1.438085099660769473e+01 -8.236299257953048070e+00 -1.285521162258729033e+00
1.368442928635270395e+00 5.503643306958315051e+00 9.100108732258533450e+00 1.180579211065947653e+01 1.335584230147867046e+01 1.359852959220402191e+01 1.251009805991754753e+01 1.019709096654787750e+01 6.885921562062072177e+00 2.900710178045018850e+00 -1.368442928635262623e+00 -5.503643306958178272e+00 -9.100108732258281208e+00 -1.180579211065913015e+01 -1.335584230147826545e+01 -1.359852959220359558e+01 -1.251009805991714785e+01 -1.019709096654753822e+01 -6.885921562061824375e+00 -2.900710178044894505e+00
-1.629392083059502117e+00 -5.541222389647530555e+00 -8.910639240770247937e+00 -1.140782063893213660e+01 -1.278832506999524021e+01 -1.291701914170715781e+01 -1.178130538166440111e+01 -9.492355365683041057e+00 -6.274227469379850319e+00 -2.441934473260496841e+00 1.629392083059484353e+00 5.541222389647391111e+00 8.910639240769997471e+00 1.140782063893180087e+01 1.278832506999485119e+01 1.291701914170675103e+01 1.178130538166402630e+01 9.492355365682723090e+00 6.274227469379622946e+00 2.441934473260388039e+00
-2.864675744780997402e+00 -2.288249747801500256e+00 -1.487833922333722914e+00 -5.417785461994347740e-01 4.573098888299425013e-01 1.411633645675286930e+00 2.227776865851982979e+00 2.825849764564952959e+00 3.147308799469262564e+00 3.160687320491682772e+00 2.864675744780904587e+00 2.288249747801422984e+00 1.487833922333668735e+00 5.417785461994094609e-01 -4.573098888299358400e-01 -1.411633645675251625e+00 -2.227776865851920363e+00 -2.825849764564869471e+00 -3.147308799469166640e+00 -3.160687320491583741e+00
-2.692913011046564886e+00 -6.501187365396541296e+00 -9.673080203985616521e+00 -1.189810455589578808e+01 -1.295845953490585600e+01 -1.275035020774277328e+01 -1.129414776533219644e+01 -8.732395448696310680e+00 -5.315855423365348997e+00 -1.378962431452809945e+00 2.692913011046513816e+00 6.501187365396369877e+00 9.673080203985341186e+00 1.189810455589543281e+01 1.295845953490545988e+01 1.275035020774236827e+01 1.129414776533183229e+01 8.732395448696015805e+00 5.315855423365150934e+00 1.378962431452733339e+00
2.539567905633826062e-01 -1.328550311348718926e+00 -2.781009652231681173e+00 -3.961244391920590857e+00 -4.753724930915733893e+00 -5.080877752523681679e+00 -4.910678859157705745e+00 -4.259788504345896953e+00 -3.191920371036998993e+00 -1.811604832394075881e+00 -2.539567905633616229e-01 1.328550311348690727e+00 2.781009652231607454e+00 3.961244391920476282e+00 4.753724930915591784e+00 5.080877752523524471e+00 4.910678859157552090e+00 4.259788504345757509e+00 3.191920371036888859e+00 1.811604832394007492e+00
-8.883663543249675776e-01 -5.138108837840794862e+00 -8.884897428999421365e+00 -1.176197035508709376e+01 -1.348769967235256573e+01 -1.389315897135873357e+01 -1.293865907091781864e+01 -1.071763307167685930e+01 -7.447490473239629871e+00 -3.448335617564418420e+00 8.883663543249757932e-01 5.138108837840670517e+00 8.884897428999176228e+00 1.176197035508675093e+01 1.348769967235215717e+01 1.389315897135830014e+01 1.293865907091740830e+01 1.071763307167650403e+01 7.447490473239365194e+00 3.448335617564276312e+00
7.744471792653401465e+00 1.749697142886607892e+01 2.553674559305295944e+01 3.107680517362299355e+01 3.357485053896519389e+01 3.278635560381439973e+01 2.878850374619041119e+01 2.197263256058931447e+01 1.300592700762468112e+01 2.766110701531910188e+00 -7.744471792653244258e+00 -1.749697142886561352e+01 -2.553674559305222758e+01 -3.107680517362206984e+01 -3.357485053896416360e+01 -3.278635560381335523e+01 -2.878850374618948393e+01 -2.197263256058856484e+01 -1.300592700762418907e+01 -2.766110701531736993e+00
-1.602796026837921772e+00 -5.332506549742848989e+00 -8.540234177801103499e+00 -1.091198418122577429e+01 -1.221559314472770197e+01 -1.232345474018159770e+01 -1.122501072310850745e+01 -9.027784447209057817e+00 -5.946855729343931252e+00 -2.283807338510392970e+00 1.602796026837903565e+00 5.332506549742713986e+00 8.540234177800863691e+00 1.091198418122545277e+01 1.221559314472732893e+01 1.232345474018120868e+01 1.122501072310815040e+01 9.027784447208755836e+00 5.946855729343716312e+00 2.283807338510290830e+00
-3.811696331000112181e+00 -9.431400705782181149e+00 -1.412789386704956307e+01 -1.744145034178543341e+01 -1.904771613533715779e+01 -1.878945876032005557e+01 -1.669195824798572758e+01 -1.296053256262689324e+01 -7.960439648697954063e+00 -2.181123438310125895e+00 3.811696331000041571e+00 9.431400705781932459e+00 1.412789386704915984e+01 1.744145034178491471e+01 1.904771613533657870e+01 1.878945876031946227e+01 1.669195824798519112e+01 1.296053256262645803e+01 7.960439648697657411e+00 2.181123438310008655e+00
1.022960189948294740e+00 -2.034190399206510236e+00 -4.892220259049060438e+00 -7.271365513833016436e+00 -8.938738849540422748e+00 -9.731126146799104148e+00 -9.570963016066441398e+00 -8.473927340500715388e+00 -6.547404615523295668e+00 -3.979976308328087686e+00 -1.022960189948237453e+00 2.034190399206473376e+00 4.892220259048932540e+00 7.271365513832808603e+00 8.938738849540156295e+00 9.731126146798803944e+00 9.570963016066141194e+00 8.473927340500441829e+00 6.547404615523072735e+00 3.979976308327941581e+00
1.763105987438077893e+00 -2.570056240274459114e+00 -6.651643456554145573e+00 -1.008212146658119579e+01 -1.252569118118842617e+01 -1.374315897135877940e+01 -1.361535060719349488e+01 -1.215477686187032802e+01 -9.504408869997176268e+00 -5.923683116818236449e+00 -1.763105987437986855e+00 2.570056240274416925e+00 6.651643456553975042e+00 1.008212146658090980e+01 1.252569118118805491e+01 1.374315897135835662e+01 1.361535060719306856e+01 1.215477686186993367e+01 9.504408869996854747e+00 5.923683116818020622e+00
-4.790642115869497175e+00 -1.049690859993613223e+01 -1.517566453397826187e+01 -1.836892068836240099e+01 -1.976409890197356134e+01 -1.922462941048528506e+01 -1.680331924642941033e+01 -1.273718311892366550e+01 -7.424242762564565723e+00 -1.384565796864698717e+00 4.790642115869396811e+00 1.049690859993585157e+01 1.517566453397782844e+01 1.836892068836185388e+01 1.976409890197295383e+01 1.922462941048467400e+01 1.680331924642887031e+01 1.273718311892323207e+01 7.424242762564283282e+00 1.384565796864604126e+00
-4.031793797380272437e+00 -9.844729785491692198e+00 -1.469399502993342033e+01 -1.810490966176183747e+01 -1.974358959157392235e+01 -1.944962941048525451e+01 -1.725180398916181090e+01 -1.336525179299290045e+01 -8.170415630140972496e+00 -2.175802258777826736e+00 4.031793797380196942e+00 9.844729785491432850e+00 1.469399502993300111e+01 1.810490966176129746e+01 1.974358959157331483e+01 1.944962941048463634e+01 1.725180398916125313e+01 1.336525179299244748e+01 8.170415630140666963e+00 2.175802258777707721e+00
1.035065109251245286e-01 -1.279821458581161142e+00 -2.537871586681078817e+00 -3.547497161485552386e+00 -4.209868997257705914e+00 -4.460149523696215645e+00 -4.273839539066313975e+00 -3.669176362761575216e+00 -2.705348639414780987e+00 -1.476702541969742377e+00 -1.035065109251098736e-01 1.279821458581133165e+00 2.537871586681010427e+00 3.547497161485449801e+00 4.209868997257578904e+00 4.460149523696077090e+00 4.273839539066178972e+00 3.669176362761454868e+00 2.705348639414686840e+00 1.476702541969685756e+00
-4.104979128773167396e+00 -9.734842482209751680e+00 -1.441179162685174298e+01 -1.767801419420078446e+01 -1.921378956225398582e+01 -1.886878533761013799e+01 -1.667677293756315038e+01 -1.285232180847809325e+01 -7.769795873387675300e+00 -1.926708182859028451e+00 4.104979128773087460e+00 9.734842482209494108e+00 1.441179162685133086e+01 1.767801419420025510e+01 1.921378956225339962e+01 1.886878533760953758e+01 1.667677293756261037e+01 1.285232180847765981e+01 7.769795873387383978e+00 1.926708182858919205e+00
-3.601241256637630173e+00 -9.092582604773170374e+00 -1.369387861580530696e+01 -1.695472237705979168e+01 -1.855591978155061383e+01 -1.834073447112792010e+01 -1.633023028326008586e+01 -1.272120937586202061e+01 -7.866947860877083976e+00 -2.242614677020754677e+00 3.601241256637564891e+00 9.092582604772932342e+00 1.369387861580491972e+01 1.695472237705928720e+01 1.855591978155004895e+01 1.834073447112733746e+01 1.633023028325956361e+01 1.272120937586159251e+01 7.866947860876791765e+00 2.242614677020636993e+00
