-2.466921229257474923e+00 2.241550338191392822e+00 -1.796760882223774614e+00 1.176091952335235780e+00 -4.402989478380883170e-01 -3.385935854161132297e-01 1.084342219409048180e+00 -1.723947881909266400e+00 2.194801514276627508e+00 -2.450812682344980509e+00 2.466921229249248171e+00 -2.241550338183748270e+00 1.796760882217465438e+00 -1.176091952330881929e+00 4.402989478360989639e-01 3.385935854155269764e-01 -1.084342219405943997e+00 1.723947881903946211e+00 -2.194801514269620224e+00 2.450812682336974913e+00
3.259723467067752178e+00 -2.991031456256544985e+00 2.429556446765621214e+00 -1.630259524550560002e+00 6.713814413870361486e-01 3.532161350483662421e-01 -1.343238455183040969e+00 2.201775236431142702e+00 -2.844786916866706594e+00 3.209331033083050677e+00 -3.259723467056901303e+00 2.991031456246367348e+00 -2.429556446757117794e+00 1.630259524544566574e+00 -6.713814413841175943e-01 -3.532161350479029460e-01 1.343238455179241564e+00 -2.201775236424376114e+00 2.844786916857645842e+00 -3.209331033072587935e+00
3.522432790025094018e+00 -3.137308571264456170e+00 2.445082730634617008e+00 -1.513515156437650333e+00 4.337941734490391443e-01 6.883896056577704092e-01 -1.743189013869657744e+00 2.627352935891291708e+00 -3.254333246703031257e+00 3.562756745054122209e+00 -3.522432790013303006e+00 3.137308571253707878e+00 -2.445082730625971479e+00 1.513515156431955777e+00 -4.337941734468290234e-01 -6.883896056562559540e-01 1.743189013864567816e+00 -2.627352935883121798e+00 3.254333246692592496e+00 -3.562756745042439555e+00
1.956228180934517669e+00 -1.743562000776773591e+00 1.360223823872387605e+00 -8.437374618509971835e-01 2.446601983994188267e-01 3.783661099189317145e-01 -9.643553071663109044e-01 1.455946687889370317e+00 -1.805019862624451354e+00 1.977405116892769543e+00 -1.956228180927970239e+00 1.743562000770801257e+00 -1.360223823867579007e+00 8.437374618478247212e-01 -2.446601983981792627e-01 -3.783661099181036547e-01 9.643553071634966001e-01 -1.455946687884844160e+00 1.805019862618662208e+00 -1.977405116886286285e+00
-2.258804518073875389e+00 1.972124089092171850e+00 -1.492398413673859503e+00 8.665863833743229216e-01 -1.559468400081705786e-01 -5.699578666030333807e-01 1.240071126100699139e+00 -1.788797583691627890e+00 2.162424070504863405e+00 -2.324377422802450521e+00 2.258804518066286349e+00 -1.972124089085384391e+00 1.492398413668542645e+00 -8.665863833709990249e-01 1.559468400071487015e-01 5.699578666016373862e-01 -1.240071126097022525e+00 1.788797583686029480e+00 -2.162424070497897866e+00 2.324377422794801085e+00
-3.598203609395179275e-02 7.021575905156388075e-02 -9.757627429122738005e-02 1.153853439493700561e-01 -1.218996922047749787e-01 1.164816492620775051e-01 -9.966157091424159009e-02 7.308592362233737316e-02 -3.935611690672541352e-02 1.773859258115850768e-03 3.598203609385780544e-02 -7.021575905135329920e-02 9.757627429092052829e-02 -1.153853439489970212e-01 1.218996922043724118e-01 -1.164816492616847221e-01 9.966157091389712952e-02 -7.308592362207524951e-02 3.935611690657100925e-02 -1.773859258083432255e-03
-2.208809081648970274e+00 1.980366972153713379e+00 -1.558072745396201997e+00 9.832635025884712832e-01 -3.122055773481209884e-01 -3.894132050667793998e-01 1.052913509767947620e+00 -1.613347304052819453e+00 2.015855423365012111e+00 -2.221037568547396646e+00 2.208809081641585514e+00 -1.980366972146939242e+00 1.558072745390705505e+00 -9.832635025847925592e-01 3.122055773466050344e-01 3.894132050659694366e-01 -1.052913509764891398e+00 1.613347304047814568e+00 -2.015855423358555942e+00 2.221037568540122464e+00
-2.803499928147432096e-01 1.931401147248866246e-01 -8.702433651951194116e-02 -2.760999007852643627e-02 1.395416584774909485e-01 -2.378140171007034065e-01 3.128074827823508208e-01 -3.571811725913307534e-01 3.665914805994843761e-01 -3.401172602935263467e-01 2.803499928137654917e-01 -1.931401147241804672e-01 8.702433651914767698e-02 2.760999007851308584e-02 -1.395416584771037583e-01 2.378140170999779035e-01 -3.128074827813581704e-01 3.571811725901683499e-01 -3.665914805982667390e-01 3.401172602923716592e-01
-2.183518350745681680e+00 1.949912236722892711e+00 -1.525435127132439117e+00 9.516377989670821158e-01 -2.846875325888000852e-01 -4.101299330135013688e-01 1.064801023228719279e+00 -1.615241970384930115e+00 2.007571779426964742e+00 -2.203386475123394472e+00 2.183518350738376412e+00 -1.949912236716216274e+00 1.525435127127050317e+00 -9.516377989635099732e-01 2.846875325873789442e-01 4.101299330126174647e-01 -1.064801023225617094e+00 1.615241970379912129e+00 -2.007571779420529001e+00 2.203386475116173138e+00
4.919053698927097429e+00 -4.467134041256178634e+00 3.577940179274466725e+00 -2.338512603570943149e+00 8.701751208553780703e-01 6.833411655550953867e-01 -2.169967257562162022e+00 3.444181835347205567e+00 -4.381255898061771958e+00 4.889462107468710350e+00 -4.919053698910690997e+00 4.467134041240941933e+00 -3.577940179261901221e+00 2.338512603562282077e+00 -8.701751208514362235e-01 -6.833411655538994545e-01 2.169967257555946105e+00 -3.444181835336574071e+00 4.381255898047781372e+00 -4.889462107452737349e+00
-2.332614169795467429e+00 2.094309948625209916e+00 -1.651000077768277396e+00 1.046078816105766585e+00 -3.387600714635599086e-01 -4.017188692532310812e-01 1.102874768107090508e+00 -1.696073600477839172e+00 2.123248931593807676e+00 -2.342585863739948593e+00 2.332614169787670555e+00 -2.094309948618048089e+00 1.651000077762456053e+00 -1.046078816101857267e+00 3.387600714619297682e-01 4.017188692524071847e-01 -1.102874768103893510e+00 1.696073600472580489e+00 -2.123248931587009558e+00 2.342585863732278728e+00
-2.485517264508997570e+00 2.275170115915003066e+00 -1.842113464333110739e+00 1.228737912103408991e+00 -4.950849319170156360e-01 -2.870304108644741725e-01 1.041049217171570840e+00 -1.693162872685032294e+00 2.179537949260267116e+00 -2.452564665627795737e+00 2.485517264500720191e+00 -2.275170115907256818e+00 1.842113464326658567e+00 -1.228737912098884166e+00 4.950849319148447059e-01 2.870304108640623353e-01 -1.041049217168616980e+00 1.693162872679823572e+00 -2.179537949253321560e+00 2.452564665619796358e+00
-2.104926201205624459e+00 2.015749879525869037e+00 -1.729257915082969443e+00 1.273494137463613063e+00 -6.930718807142465243e-01 4.480691936522684937e-02 6.078440554389961115e-01 -1.200995018997869757e+00 1.676584222272520242e+00 -1.988057680421694728e+00 2.104926201198675795e+00 -2.015749879519074028e+00 1.729257915076995999e+00 -1.273494137459047382e+00 6.930718807115223701e-01 -4.480691936462405378e-02 -6.078440554374187066e-01 1.200995018994263752e+00 -1.676584222267246460e+00 1.988057680415273643e+00
-2.402366900384191428e+00 2.204402125094722997e+00 -1.790655110828421659e+00 1.201626298086767131e+00 -4.949739310660756786e-01 -2.601299330130517617e-01 9.897704668165507869e-01 -1.622525371191241295e+00 2.096456187434341700e+00 -2.365171265181936100e+00 2.402366900376194270e+00 -2.204402125087221442e+00 1.790655110822154672e+00 -1.201626298082349775e+00 4.949739310639241774e-01 2.601299330127108678e-01 -9.897704668137511375e-01 1.622525371186255061e+00 -2.096456187427664375e+00 2.365171265174225823e+00
-2.862802069515812065e+00 2.617071212320284168e+00 -2.115163190655726666e+00 1.406208258681643564e+00 -5.596038647192442816e-01 -3.417784545106952176e-01 1.209705117302021682e+00 -1.959217414700119564e+00 2.516947860876499021e+00 -2.828301913823046299e+00 2.862802069506275693e+00 -2.617071212311371298e+00 2.115163190648314817e+00 -1.406208258676460376e+00 5.596038647167782543e-01 3.417784545101839044e-01 -1.209705117298583543e+00 1.959217414694088610e+00 -2.516947860868475217e+00 2.828301913813819013e+00
-3.136240191381177933e+00 2.807597496189228714e+00 -2.204127596388539168e+00 1.384902330393802172e+00 -4.301131751187668995e-01 -5.667784545109589844e-01 1.508189860034806262e+00 -2.301969133881208052e+00 2.870415630140772389e+00 -3.157885845160155913e+00 3.136240191370688990e+00 -2.807597496179621732e+00 2.204127596380759613e+00 -1.384902330388614322e+00 4.301131751166571426e-01 5.667784545097631632e-01 -1.508189860030422214e+00 2.301969133874062656e+00 -2.870415630131575746e+00 3.157885845149810855e+00
-1.015309909803500998e+00 9.888384529594701489e-01 -8.655725986971802843e-01 6.575784676755949132e-01 -3.852159746194827594e-01 7.514585801028755840e-02 2.422800587527275396e-01 -5.359899153003921946e-01 7.772333444769365940e-01 -9.423957585927966729e-01 1.015309909800161003e+00 -9.888384529561488057e-01 8.655725986942042205e-01 -6.575784676732561174e-01 3.852159746180040534e-01 -7.514585800981987695e-02 -2.422800587521384830e-01 5.359899152988027993e-01 -7.772333444745058717e-01 9.423957585897653200e-01
-2.801251461111895935e+00 2.559513591780937958e+00 -2.067232698906861454e+00 1.372596666207003491e+00 -5.436013083759724251e-01 -3.386055330113652562e-01 1.187667305623500980e+00 -1.920471927395976497e+00 2.465287376199757130e+00 -2.768783319953634692e+00 2.801251461102563844e+00 -2.559513591772220487e+00 2.067232698899616583e+00 -1.372596666201942428e+00 5.436013083735723450e-01 3.386055330108511674e-01 -1.187667305620123459e+00 1.920471927390063671e+00 -2.465287376191896751e+00 2.768783319944600585e+00
-2.415070639433494648e+00 2.233565610405578994e+00 -1.833423617264643202e+00 1.253813346252662386e+00 -5.514710890786161945e-01 -2.048530006189813735e-01 9.411246513207149889e-01 -1.585272463949693345e+00 2.074242762564142861e+00 -2.360171727479404069e+00 2.415070639425467736e+00 -2.233565610397991286e+00 1.833423617258242766e+00 -1.253813346248076943e+00 5.514710890762790640e-01 2.048530006188259700e-01 -9.411246513180823170e-01 1.585272463944839227e+00 -2.074242762557550357e+00 2.360171727471721770e+00
-2.794014185986767984e+00 2.577466421802748986e+00 -2.108618285988338226e+00 1.433363900734255569e+00 -6.178018700432419408e-01 -2.582349121657907531e-01 1.108993861943031511e+00 -1.851196765698168045e+00 2.412191631980016293e+00 -2.737064374595981064e+00 2.794014185977476750e+00 -2.577466421793989326e+00 2.108618285980971230e+00 -1.433363900729004881e+00 6.178018700406033847e-01 2.582349121655408419e-01 -1.108993861939918002e+00 1.851196765692492807e+00 -2.412191631972344652e+00 2.737064374587067750e+00
