2.749999999995315747e+00 2.699999999996621103e+00 -2.749999999996321609e+00 -2.699999999997743760e+00 2.749999999997327027e+00 2.699999999998866418e+00 -2.749999999998333777e+00 -2.699999999999989519e+00 2.749999999999339195e+00 2.700000000001111733e+00 -2.750000000000345501e+00 -2.700000000002234390e+00 2.750000000001351363e+00 2.700000000003357492e+00 -2.750000000002357226e+00 -2.700000000004480150e+00 2.750000000003363532e+00 2.700000000005602807e+00 -2.750000000004369838e+00 -2.700000000006725465e+00
-4.599999999990965982e+00 -5.799999999992017763e+00 4.599999999992617106e+00 5.799999999994398969e+00 -4.599999999994267341e+00 -5.799999999996777511e+00 4.599999999995918465e+00 5.799999999999156941e+00 -4.599999999997568700e+00 -5.800000000001535483e+00 4.599999999999219824e+00 5.800000000003914025e+00 -4.600000000000870060e+00 -5.800000000006294343e+00 4.600000000002521183e+00 5.800000000008672885e+00 -4.600000000004172307e+00 -5.800000000011051426e+00 4.600000000005822542e+00 5.800000000013430856e+00
5.999999999984954036e-01 9.499999999973783860e-01 -5.999999999987059018e-01 -9.499999999977642995e-01 5.999999999989162891e-01 9.499999999981502130e-01 -5.999999999991267874e-01 -9.499999999985360155e-01 5.999999999993372857e-01 9.499999999989218180e-01 -5.999999999995477840e-01 -9.499999999993077315e-01 5.999999999997580602e-01 9.499999999996935340e-01 -5.999999999999686695e-01 -9.500000000000794476e-01 6.000000000001792788e-01 9.500000000004651390e-01 -6.000000000003896661e-01 -9.500000000008510526e-01
-2.049999999996209521e+00 -2.699999999996441691e+00 2.049999999996942712e+00 2.699999999997547473e+00 -2.049999999997675015e+00 -2.699999999998652811e+00 2.049999999998407763e+00 2.699999999999758149e+00 -2.049999999999140510e+00 -2.700000000000863043e+00 2.049999999999873701e+00 2.700000000001968381e+00 -2.050000000000606004e+00 -2.700000000003073719e+00 2.050000000001338751e+00 2.700000000004179057e+00 -2.050000000002071943e+00 -2.700000000005283951e+00 2.050000000002804690e+00 2.700000000006388845e+00
-2.449999999995382094e+00 -1.749999999998062217e+00 2.449999999996295141e+00 1.749999999998806732e+00 -2.449999999997206857e+00 -1.749999999999551248e+00 2.449999999998119904e+00 1.750000000000295541e+00 -2.449999999999032507e+00 -1.750000000001039835e+00 2.449999999999945111e+00 1.750000000001784128e+00 -2.450000000000857714e+00 -1.750000000002528422e+00 2.450000000001770761e+00 1.750000000003273382e+00 -2.450000000002682921e+00 -1.750000000004017231e+00 2.450000000003595524e+00 1.750000000004761525e+00
3.399999999994089084e+00 3.049999999995045563e+00 -3.399999999995340527e+00 -3.049999999996321876e+00 3.399999999996590638e+00 3.049999999997597300e+00 -3.399999999997842082e+00 -3.049999999998873168e+00 3.399999999999093081e+00 3.050000000000148148e+00 -3.400000000000344524e+00 -3.050000000001424016e+00 3.400000000001594636e+00 3.050000000002699885e+00 -3.400000000002846079e+00 -3.050000000003975309e+00 3.400000000004097522e+00 3.050000000005250733e+00 -3.400000000005348078e+00 -3.050000000006526157e+00
3.799999999993179944e+00 3.099999999995386446e+00 -3.799999999994585931e+00 -3.099999999996692068e+00 3.799999999995991473e+00 3.099999999997996802e+00 -3.799999999997397904e+00 -3.099999999999301981e+00 3.799999999998803002e+00 3.100000000000607159e+00 -3.800000000000209432e+00 -3.100000000001912337e+00 3.800000000001614531e+00 3.100000000003217515e+00 -3.800000000003020961e+00 -3.100000000004522249e+00 3.800000000004427392e+00 3.100000000005827427e+00 -3.800000000005832934e+00 -3.100000000007132606e+00
2.199999999995133848e+00 2.499999999995650146e+00 -2.199999999995930100e+00 -2.499999999996681321e+00 2.199999999996725908e+00 2.499999999997712496e+00 -2.199999999997522160e+00 -2.499999999998743228e+00 2.199999999998318856e+00 2.499999999999773959e+00 -2.199999999999115108e+00 -2.500000000000805134e+00 2.199999999999910916e+00 2.500000000001835865e+00 -2.200000000000708056e+00 -2.500000000002867040e+00 2.200000000001504308e+00 2.500000000003897327e+00 -2.200000000002300560e+00 -2.500000000004928946e+00
-1.749999999996228794e+00 -1.999999999997543298e+00 1.749999999996862066e+00 1.999999999998368194e+00 -1.749999999997494893e+00 -1.999999999999192646e+00 1.749999999998128164e+00 2.000000000000017319e+00 -1.749999999998761213e+00 -2.000000000000841549e+00 1.749999999999394484e+00 2.000000000001665779e+00 -1.750000000000027311e+00 -2.000000000002490452e+00 1.750000000000660805e+00 2.000000000003315126e+00 -1.750000000001294076e+00 -2.000000000004139356e+00 1.750000000001927125e+00 2.000000000004964029e+00
-2.746414207166480992e-13 -2.999999999996174616e-01 2.671751708760439215e-13 2.999999999997345901e-01 -2.596534098842084859e-13 -2.999999999998517186e-01 2.521871600436043082e-13 2.999999999999688471e-01 -2.446376434761532437e-13 -3.000000000000859757e-01 2.371713936355490659e-13 3.000000000002031042e-01 -2.296773882193292593e-13 -3.000000000003201772e-01 2.221833828031094527e-13 3.000000000004372502e-01 -2.146893773868896460e-13 -3.000000000005543788e-01 2.071953719706698394e-13 3.000000000006715073e-01
-1.399999999997096900e+00 -2.299999999997273115e+00 1.399999999997586064e+00 2.299999999998206590e+00 -1.399999999998074784e+00 -2.299999999999139177e+00 1.399999999998563949e+00 2.300000000000072209e+00 -1.399999999999052891e+00 -2.300000000001004796e+00 1.399999999999542055e+00 2.300000000001937828e+00 -1.400000000000030775e+00 -2.300000000002870859e+00 1.400000000000519940e+00 2.300000000003803446e+00 -1.400000000001009326e+00 -2.300000000004736034e+00 1.400000000001498268e+00 2.300000000005669065e+00
-2.499999999994394762e-01 -6.499999999993473221e-01 2.499999999995208833e-01 6.499999999996073363e-01 -2.499999999996021516e-01 -6.499999999998673506e-01 2.499999999996835864e-01 6.500000000001273648e-01 -2.499999999997648825e-01 -6.500000000003873790e-01 2.499999999998462341e-01 6.500000000006472822e-01 -2.499999999999275024e-01 -6.500000000009072965e-01 2.500000000000088818e-01 6.500000000011673107e-01 -2.500000000000902611e-01 -6.500000000014272139e-01 2.500000000001716405e-01 6.500000000016872281e-01
-1.849999999996691402e+00 -1.899999999997676658e+00 1.849999999997366418e+00 1.899999999998464917e+00 -1.849999999998040545e+00 -1.899999999999252731e+00 1.849999999998715561e+00 1.900000000000040767e+00 -1.849999999999390132e+00 -1.900000000000828582e+00 1.850000000000064926e+00 1.900000000001616618e+00 -1.850000000000739275e+00 -1.900000000002404432e+00 1.850000000001414069e+00 1.900000000003192469e+00 -1.850000000002089084e+00 -1.900000000003980283e+00 1.850000000002763656e+00 1.900000000004768319e+00
4.849999999990686206e+00 4.649999999993824851e+00 -4.849999999992464339e+00 -4.649999999995761968e+00 4.849999999994239808e+00 4.649999999997699085e+00 -4.849999999996017053e+00 -4.649999999999635314e+00 4.849999999997794298e+00 4.650000000001570655e+00 -4.849999999999571543e+00 -4.650000000003506884e+00 4.850000000001347900e+00 4.650000000005444001e+00 -4.850000000003125145e+00 -4.650000000007380230e+00 4.850000000004902390e+00 4.650000000009316459e+00 -4.850000000006680523e+00 -4.650000000011253576e+00
-1.549999999997276223e+00 -2.549999999996475530e+00 1.549999999997818012e+00 2.549999999997509814e+00 -1.549999999998358913e+00 -2.549999999998544098e+00 1.549999999998900480e+00 2.549999999999578382e+00 -1.549999999999441602e+00 -2.550000000000612665e+00 1.549999999999983169e+00 2.550000000001646949e+00 -1.550000000000524070e+00 -2.550000000002681233e+00 1.550000000001065636e+00 2.550000000003715073e+00 -1.550000000001607203e+00 -2.550000000004748912e+00 1.550000000002148326e+00 2.550000000005783196e+00
-2.549999999995278266e+00 -2.449999999997014566e+00 2.549999999996213074e+00 2.449999999998035083e+00 -2.549999999997146105e+00 -2.449999999999055600e+00 2.549999999998080913e+00 2.450000000000075673e+00 -2.549999999999014832e+00 -2.450000000001095302e+00 2.549999999999949640e+00 2.450000000002115819e+00 -2.550000000000883116e+00 -2.450000000003135892e+00 2.550000000001817480e+00 2.450000000004156409e+00 -2.550000000002752287e+00 -2.450000000005176037e+00 2.550000000003685763e+00 2.450000000006196110e+00
-1.849999999996749578e+00 -1.799999999997744515e+00 1.849999999997427036e+00 1.799999999998493694e+00 -1.849999999998103828e+00 -1.799999999999242650e+00 1.849999999998781064e+00 1.799999999999991607e+00 -1.849999999999458300e+00 -1.800000000000740341e+00 1.850000000000135758e+00 1.800000000001489298e+00 -1.850000000000812328e+00 -1.800000000002238254e+00 1.850000000001489786e+00 1.800000000002987210e+00 -1.850000000002167244e+00 -1.800000000003735945e+00 1.850000000002844258e+00 1.800000000004484901e+00
-1.899999999996612621e+00 -2.499999999997188915e+00 1.899999999997291855e+00 2.499999999998212985e+00 -1.899999999997970868e+00 -2.499999999999236611e+00 1.899999999998650102e+00 2.500000000000259792e+00 -1.899999999999328892e+00 -2.500000000001282974e+00 1.900000000000008793e+00 2.500000000002306599e+00 -1.900000000000687583e+00 -2.500000000003329781e+00 1.900000000001366818e+00 2.500000000004353407e+00 -1.900000000002046274e+00 -2.500000000005377032e+00 1.900000000002725509e+00 2.500000000006400214e+00
-2.849999999995088906e+00 -2.699999999995898570e+00 2.849999999996134292e+00 2.699999999997023892e+00 -2.849999999997178346e+00 -2.699999999998149214e+00 2.849999999998223732e+00 2.699999999999274536e+00 -2.849999999999268674e+00 -2.700000000000399414e+00 2.850000000000314060e+00 2.700000000001524736e+00 -2.850000000001358558e+00 -2.700000000002650058e+00 2.850000000002403944e+00 2.700000000003775824e+00 -2.850000000003449330e+00 -2.700000000004900702e+00 2.850000000004494272e+00 2.700000000006026024e+00
-1.899999999996714095e+00 -2.799999999996455102e+00 1.899999999997386002e+00 2.799999999997595523e+00 -1.899999999998057687e+00 -2.799999999998736389e+00 1.899999999998729594e+00 2.799999999999877254e+00 -1.899999999999401279e+00 -2.800000000001017231e+00 1.900000000000073186e+00 2.800000000002157652e+00 -1.900000000000744205e+00 -2.800000000003298517e+00 1.900000000001416112e+00 2.800000000004438938e+00 -1.900000000002088241e+00 -2.800000000005579359e+00 1.900000000002759704e+00 2.800000000006719780e+00
