-2.857294901691909139e+00 -5.374061313156135888e+00 -4.640576474624903414e-01 5.087257914284773364e+00 3.608155948025252968e+00 -2.857294901696153300e+00 -5.374061313153810637e+00 -4.640576474568035570e-01 5.087257914285959082e+00 3.608155948020308479e+00 -2.857294901700398793e+00 -5.374061313151484498e+00 -4.640576474511265981e-01 5.087257914287143024e+00 3.608155948015347114e+00 -2.857294901704646950e+00 -5.374061313149161023e+00 -4.640576474454483069e-01 5.087257914288327854e+00 3.608155948010402625e+00
-1.980040653095275882e+00 -3.964183272436908378e+00 -4.699593469030435844e-01 3.673732422720009883e+00 2.740450849714959780e+00 -1.980040653098473546e+00 -3.964183272435330085e+00 -4.699593468988659817e-01 3.673732422721009527e+00 2.740450849711407066e+00 -1.980040653101671877e+00 -3.964183272433750016e+00 -4.699593468946957064e-01 3.673732422722009616e+00 2.740450849707842806e+00 -1.980040653104873316e+00 -3.964183272432172167e+00 -4.699593468905243210e-01 3.673732422723008817e+00 2.740450849704290537e+00
-4.295084971874270074e-01 -3.522542485941316248e-01 2.118033988748101171e-01 4.831559480314010502e-01 8.680339887509161412e-02 -4.295084971875779978e-01 -3.522542485937202317e-01 2.118033988752157648e-01 4.831559480312400678e-01 8.680339887458732306e-02 -4.295084971877290991e-01 -3.522542485933085055e-01 2.118033988756206631e-01 4.831559480310793075e-01 8.680339887408122790e-02 -4.295084971878803115e-01 -3.522542485928975564e-01 2.118033988760256447e-01 4.831559480309184362e-01 8.680339887357699236e-02
2.334549150286177710e+00 4.262790070185595859e+00 2.999999999925008209e-01 -4.077379873565052826e+00 -2.819959346898754049e+00 2.334549150289508379e+00 4.262790070183678282e+00 2.999999999879807144e-01 -4.077379873565926793e+00 -2.819959346894780783e+00 2.334549150292839936e+00 4.262790070181759816e+00 2.999999999834684905e-01 -4.077379873566798985e+00 -2.819959346890795082e+00 2.334549150296174158e+00 4.262790070179844015e+00 2.999999999789551564e-01 -4.077379873567672064e+00 -2.819959346886822260e+00
1.919098300567812165e+00 3.378773075812625759e+00 1.690983005561770836e-01 -3.274264578628869327e+00 -2.192705098307312195e+00 1.919098300570416304e+00 3.378773075811032367e+00 1.690983005525850125e-01 -3.274264578629493716e+00 -2.192705098304112088e+00 1.919098300573020666e+00 3.378773075809438531e+00 1.690983005489992419e-01 -3.274264578630118105e+00 -2.192705098300901767e+00 1.919098300575627469e+00 3.378773075807846471e+00 1.690983005454125832e-01 -3.274264578630741607e+00 -2.192705098297701660e+00
-4.176925358164265134e+00 -9.151441186718111354e+00 -1.478976341269766737e+00 8.237383539256326159e+00 6.569959346895581476e+00 -4.176925358171853730e+00 -9.151441186714889042e+00 -1.478976341260176186e+00 8.237383539259024445e+00 6.569959346887673135e+00 -4.176925358179444991e+00 -9.151441186711663178e+00 -1.478976341250602289e+00 8.237383539261719179e+00 6.569959346879738149e+00 -4.176925358187041581e+00 -9.151441186708440867e+00 -1.478976341241025949e+00 8.237383539264415688e+00 6.569959346871831585e+00
2.477457514086056078e-01 -6.319660112599453927e-02 -2.868033988778949106e-01 -1.140576474694250109e-01 2.163118960649612899e-01 2.477457514084079049e-01 -6.319660112626798720e-02 -2.868033988778662113e-01 -1.140576474691338549e-01 2.163118960651124190e-01 2.477457514082103407e-01 -6.319660112654167106e-02 -2.868033988778375121e-01 -1.140576474688429764e-01 2.163118960652641587e-01 2.477457514080125545e-01 -6.319660112681484143e-02 -2.868033988778088683e-01 -1.140576474685520425e-01 2.163118960654152878e-01
-2.394098300566092075e+00 -4.279634122157229825e+00 -2.508610463393237677e-01 4.124593469065935381e+00 2.799999999996195754e+00 -2.394098300569409421e+00 -4.279634122155250964e+00 -2.508610463347789032e-01 4.124593469066762275e+00 2.799999999992169641e+00 -2.394098300572727656e+00 -4.279634122153271214e+00 -2.508610463302420879e-01 4.124593469067589169e+00 2.799999999988130206e+00 -2.394098300576048999e+00 -4.279634122151294129e+00 -2.508610463257040513e-01 4.124593469068415175e+00 2.799999999984104537e+00
-2.492705098314883738e+00 -4.279634122155290932e+00 -1.522542485893411401e-01 4.185535821595231631e+00 2.739057647463678968e+00 -2.492705098318150014e+00 -4.279634122153207265e+00 -1.522542485847829252e-01 4.185535821595961714e+00 2.739057647459579581e+00 -2.492705098321416735e+00 -4.279634122151120934e+00 -1.522542485802327317e-01 4.185535821596691797e+00 2.739057647455466427e+00 -2.492705098324685675e+00 -4.279634122149039044e+00 -1.522542485756813724e-01 4.185535821597420103e+00 2.739057647451367483e+00
3.400861046348671479e+00 4.876847717654994696e+00 -3.868033988822726088e-01 -5.115905365127684234e+00 -2.774999999992505462e+00 3.400861046352098516e+00 4.876847717652021075e+00 -3.868033988875428930e-01 -5.115905365127963123e+00 -2.774999999987417088e+00 3.400861046355526884e+00 4.876847717649044789e+00 -3.868033988928039069e-01 -5.115905365128243787e+00 -2.774999999982311394e+00 3.400861046358957474e+00 4.876847717646073832e+00 -3.868033988980662530e-01 -5.115905365128522675e+00 -2.774999999977223908e+00
3.773606797755377329e+00 5.002708763998910513e+00 -6.817627457888357778e-01 -5.424061313159195485e+00 -2.670491502804758888e+00 3.773606797758743525e+00 5.002708763995554975e+00 -6.817627457942808666e-01 -5.424061313159201703e+00 -2.670491502799327677e+00 3.773606797762110610e+00 5.002708763992197660e+00 -6.817627457997161855e-01 -5.424061313159207920e+00 -2.670491502793877370e+00 3.773606797765480358e+00 5.002708763988844787e+00 -6.817627458051529477e-01 -5.424061313159214137e+00 -2.670491502788446603e+00
1.778647450847333111e+00 2.902912029467509925e+00 1.545084971347024383e-02 -2.893362879189298908e+00 -1.803647450838522959e+00 1.778647450849502043e+00 2.902912029466002242e+00 1.545084971036646271e-02 -2.893362879189707471e+00 -1.803647450835676791e+00 1.778647450851671863e+00 2.902912029464493671e+00 1.545084970726813556e-02 -2.893362879190116033e+00 -1.803647450832821297e+00 1.778647450853843015e+00 2.902912029462987320e+00 1.545084970416901737e-02 -2.893362879190524151e+00 -1.803647450829975574e+00
-1.830040653095269310e+00 -3.771478174124237803e+00 -5.008610463404971069e-01 3.461929023844886988e+00 2.640450849714921056e+00 -1.830040653098339964e+00 -3.771478174122793625e+00 -5.008610463365299470e-01 3.461929023845891518e+00 2.640450849711581061e+00 -1.830040653101410841e+00 -3.771478174121348115e+00 -5.008610463325695594e-01 3.461929023846895603e+00 2.640450849708229963e+00 -1.830040653104484827e+00 -3.771478174119904381e+00 -5.008610463286083947e-01 3.461929023847898801e+00 2.640450849704890413e+00
3.454915028122312881e-02 -5.640576474695946363e-01 -3.831559480315044341e-01 3.272542485945501012e-01 5.854101966255795819e-01 3.454915028060201454e-02 -5.640576474697081011e-01 -3.831559480309529309e-01 3.272542485950041269e-01 5.854101966253093536e-01 3.454915027998095578e-02 -5.640576474698217879e-01 -3.831559480304023713e-01 3.272542485954576530e-01 5.854101966250382372e-01 3.454915027935928640e-02 -5.640576474699351417e-01 -3.831559480298516451e-01 3.272542485959112346e-01 5.854101966247681199e-01
-1.539589803378074384e+00 -3.033813728906971985e+00 -3.354101966213672847e-01 2.826518827221583763e+00 2.082294901684610178e+00 -1.539589803380508881e+00 -3.033813728905737861e+00 -3.354101966181668448e-01 2.826518827222324948e+00 2.082294901681873256e+00 -1.539589803382943822e+00 -3.033813728904502849e+00 -3.354101966149720671e-01 2.826518827223066133e+00 2.082294901679127008e+00 -1.539589803385381206e+00 -3.033813728903269613e+00 -3.354101966117764011e-01 2.826518827223807317e+00 2.082294901676390531e+00
-5.690983005627121560e-01 -1.157623792125314521e+00 -1.463525491558438363e-01 1.067172942406783287e+00 8.059016994370200582e-01 -5.690983005636508496e-01 -1.157623792124863105e+00 -1.463525491546251445e-01 1.067172942407084379e+00 8.059016994359894381e-01 -5.690983005645895432e-01 -1.157623792124411688e+00 -1.463525491534085621e-01 1.067172942407385472e+00 8.059016994349552654e-01 -5.690983005655292359e-01 -1.157623792123960493e+00 -1.463525491521916744e-01 1.067172942407685898e+00 8.059016994339247564e-01
-2.477254248596030273e+00 -3.700125624969112792e+00 1.904508497219994934e-01 3.817830723283240690e+00 2.169098300559084258e+00 -2.477254248598685038e+00 -3.700125624966966509e+00 1.904508497259841948e-01 3.817830723283554217e+00 2.169098300555300618e+00 -2.477254248601339803e+00 -3.700125624964819337e+00 1.904508497299617908e-01 3.817830723283868632e+00 2.169098300551503211e+00 -2.477254248603997233e+00 -3.700125624962674387e+00 1.904508497339404971e-01 3.817830723284181715e+00 2.169098300547720015e+00
5.712664445224516108e+00 8.376973342624296492e+00 -5.354101966338795648e-01 -8.707875042066426374e+00 -4.846352549146557109e+00 5.712664445230471344e+00 8.376973342619326246e+00 -5.354101966429148929e-01 -8.707875042067033888e+00 -4.846352549137912469e+00 5.712664445236428357e+00 8.376973342614352447e+00 -5.354101966519343447e-01 -8.707875042067641402e+00 -4.846352549129239407e+00 5.712664445242388922e+00 8.376973342609385753e+00 -5.354101966609559060e-01 -8.707875042068248916e+00 -4.846352549120595654e+00
-1.430040653097111480e+00 -3.411067977500661819e+00 -6.781152949333693059e-01 2.991969676940693823e+00 2.527254248590478536e+00 -1.430040653100006942e+00 -3.411067977499596449e+00 -6.781152949298117072e-01 2.991969676941824474e+00 2.527254248587625263e+00 -1.430040653102902848e+00 -3.411067977498529746e+00 -6.781152949262603258e-01 2.991969676942953793e+00 2.527254248584762220e+00 -1.430040653105801196e+00 -3.411067977497464820e+00 -6.781152949227081672e-01 2.991969676944083112e+00 2.527254248581909390e+00
-3.044959346909387854e+00 -4.840044318781052901e+00 5.364745084861710644e-02 4.873200266814889048e+00 2.958155948026042648e+00 -3.044959346912962772e+00 -4.840044318778454979e+00 5.364745085380284717e-02 4.873200266815492121e+00 2.958155948021238490e+00 -3.044959346916538134e+00 -4.840044318775855281e+00 5.364745085897945631e-02 4.873200266816095194e+00 2.958155948016418346e+00 -3.044959346920117049e+00 -4.840044318773258247e+00 5.364745086415739772e-02 4.873200266816697379e+00 2.958155948011614189e+00
