1.949999999972768849e+00 -1.949999999974873388e+00 1.949999999976978371e+00 -1.949999999979083576e+00 1.949999999981187893e+00 -1.949999999983293097e+00 1.949999999985397414e+00 -1.949999999987502619e+00 1.949999999989606936e+00 -1.949999999991712141e+00 1.949999999993816457e+00 -1.949999999995921662e+00 1.949999999998025979e+00 -1.950000000000130962e+00 1.950000000002235279e+00 -1.950000000004340484e+00 1.950000000006444800e+00 -1.950000000008550005e+00 1.950000000010654322e+00 -1.950000000012759527e+00
-3.399999999954892438e+00 3.399999999958561947e+00 -3.399999999962232344e+00 3.399999999965902742e+00 -3.399999999969571807e+00 3.399999999973242648e+00 -3.399999999976911713e+00 3.399999999980582110e+00 -3.399999999984251176e+00 3.399999999987922017e+00 -3.399999999991591082e+00 3.399999999995261479e+00 -3.399999999998930544e+00 3.400000000002600942e+00 -3.400000000006270007e+00 3.400000000009940404e+00 -3.400000000013609469e+00 3.400000000017280311e+00 -3.400000000020949376e+00 3.400000000024619773e+00
-2.149999999970252595e+00 2.149999999972573406e+00 -2.149999999974894216e+00 2.149999999977215026e+00 -2.149999999979535392e+00 2.149999999981856202e+00 -2.149999999984176569e+00 2.149999999986497823e+00 -2.149999999988817745e+00 2.149999999991138999e+00 -2.149999999993458921e+00 2.149999999995780176e+00 -2.149999999998100542e+00 2.150000000000421352e+00 -2.150000000002741274e+00 2.150000000005062528e+00 -2.150000000007382450e+00 2.150000000009703705e+00 -2.150000000012023627e+00 2.150000000014344881e+00
9.999999999759419389e-02 -9.999999999770212145e-02 9.999999999781006288e-02 -9.999999999791801819e-02 9.999999999802593187e-02 -9.999999999813390106e-02 9.999999999824181474e-02 -9.999999999834977005e-02 9.999999999845768373e-02 -9.999999999856563904e-02 9.999999999867355271e-02 -9.999999999878150803e-02 9.999999999888942170e-02 -9.999999999899737702e-02 9.999999999910529069e-02 -9.999999999921324600e-02 9.999999999932115968e-02 -9.999999999942911499e-02 9.999999999953702867e-02 -9.999999999964498398e-02
2.799999999961636732e+00 -2.799999999964658759e+00 2.799999999967681230e+00 -2.799999999970703701e+00 2.799999999973725284e+00 -2.799999999976748200e+00 2.799999999979769782e+00 -2.799999999982792698e+00 2.799999999985814281e+00 -2.799999999988837196e+00 2.799999999991858779e+00 -2.799999999994881694e+00 2.799999999997903277e+00 -2.800000000000925748e+00 2.800000000003947331e+00 -2.800000000006970247e+00 2.800000000009991830e+00 -2.800000000013014745e+00 2.800000000016036328e+00 -2.800000000019058799e+00
2.349999999964902386e+00 -2.349999999967438580e+00 2.349999999969975661e+00 -2.349999999972512299e+00 2.349999999975048492e+00 -2.349999999977585574e+00 2.349999999980121324e+00 -2.349999999982658405e+00 2.349999999985194599e+00 -2.349999999987731680e+00 2.349999999990267430e+00 -2.349999999992804511e+00 2.349999999995340705e+00 -2.349999999997877342e+00 2.350000000000413092e+00 -2.350000000002950173e+00 2.350000000005486367e+00 -2.350000000008023449e+00 2.350000000010559198e+00 -2.350000000013096280e+00
-4.999999999935478279e+00 4.999999999940874851e+00 -4.999999999946272311e+00 4.999999999951669771e+00 -4.999999999957065455e+00 4.999999999962463804e+00 -4.999999999967859488e+00 4.999999999973256948e+00 -4.999999999978652632e+00 4.999999999984050980e+00 -4.999999999989446664e+00 4.999999999994844124e+00 -5.000000000000239808e+00 5.000000000005637268e+00 -5.000000000011032952e+00 5.000000000016431301e+00 -5.000000000021826985e+00 5.000000000027224445e+00 -5.000000000032620129e+00 5.000000000038018477e+00
4.999999999285281715e-02 -4.999999999290678093e-02 4.999999999296075165e-02 -4.999999999301472930e-02 4.999999999306868614e-02 -4.999999999312266380e-02 4.999999999317662064e-02 -4.999999999323060523e-02 4.999999999328456207e-02 -4.999999999333853973e-02 4.999999999339249657e-02 -4.999999999344647422e-02 4.999999999350043106e-02 -4.999999999355440178e-02 4.999999999360835862e-02 -4.999999999366234321e-02 4.999999999371630005e-02 -4.999999999377027771e-02 4.999999999382423455e-02 -4.999999999387821220e-02
-2.449999999966576691e+00 2.449999999969221243e+00 -2.449999999971865794e+00 2.449999999974510789e+00 -2.449999999977154452e+00 2.449999999979799448e+00 -2.449999999982443555e+00 2.449999999985088550e+00 -2.449999999987732213e+00 2.449999999990377209e+00 -2.449999999993021316e+00 2.449999999995666311e+00 -2.449999999998309974e+00 2.450000000000954969e+00 -2.450000000003598633e+00 2.450000000006243628e+00 -2.450000000008887735e+00 2.450000000011532730e+00 -2.450000000014176393e+00 2.450000000016821389e+00
-2.599999999964458741e+00 2.599999999967264497e+00 -2.599999999970071141e+00 2.599999999972878229e+00 -2.599999999975683984e+00 2.599999999978491072e+00 -2.599999999981296828e+00 2.599999999984103471e+00 -2.599999999986909227e+00 2.599999999989716315e+00 -2.599999999992522071e+00 2.599999999995329159e+00 -2.599999999998134914e+00 2.600000000000941114e+00 -2.600000000003746869e+00 2.600000000006553957e+00 -2.600000000009359713e+00 2.600000000012166801e+00 -2.600000000014972557e+00 2.600000000017779200e+00
2.749999999958165020e+00 -2.749999999961133312e+00 2.749999999964101605e+00 -2.749999999967070341e+00 2.749999999970038189e+00 -2.749999999973006926e+00 2.749999999975974774e+00 -2.749999999978943510e+00 2.749999999981910914e+00 -2.749999999984880095e+00 2.749999999987847499e+00 -2.749999999990816679e+00 2.749999999993784083e+00 -2.749999999996752376e+00 2.749999999999720224e+00 -2.750000000002688960e+00 2.750000000005656808e+00 -2.750000000008625545e+00 2.750000000011593393e+00 -2.750000000014562129e+00
3.399999999953791097e+00 -3.399999999957460606e+00 3.399999999961131003e+00 -3.399999999964801400e+00 3.399999999968470465e+00 -3.399999999972141307e+00 3.399999999975810372e+00 -3.399999999979480769e+00 3.399999999983149834e+00 -3.399999999986820676e+00 3.399999999990489741e+00 -3.399999999994160138e+00 3.399999999997829203e+00 -3.400000000001499600e+00 3.400000000005168665e+00 -3.400000000008839063e+00 3.400000000012508128e+00 -3.400000000016178969e+00 3.400000000019848034e+00 -3.400000000023518432e+00
1.899999999974179010e+00 -1.899999999976229592e+00 1.899999999978280618e+00 -1.899999999980331866e+00 1.899999999982382226e+00 -1.899999999984433474e+00 1.899999999986483834e+00 -1.899999999988534860e+00 1.899999999990585220e+00 -1.899999999992636468e+00 1.899999999994686828e+00 -1.899999999996738076e+00 1.899999999998788436e+00 -1.900000000000839462e+00 1.900000000002889822e+00 -1.900000000004941070e+00 1.900000000006991430e+00 -1.900000000009042678e+00 1.900000000011093038e+00 -1.900000000013144286e+00
-2.249999999970744291e+00 2.249999999973172571e+00 -2.249999999975601295e+00 2.249999999978030463e+00 -2.249999999980458742e+00 2.249999999982887910e+00 -2.249999999985315746e+00 2.249999999987744914e+00 -2.249999999990172750e+00 2.249999999992601918e+00 -2.249999999995030198e+00 2.249999999997458922e+00 -2.249999999999887201e+00 2.250000000002315925e+00 -2.250000000004743761e+00 2.250000000007172929e+00 -2.250000000009601209e+00 2.250000000012030377e+00 -2.250000000014458212e+00 2.250000000016887380e+00
1.999999999993692656e-01 -1.999999999995851208e-01 1.999999999998010314e-01 -2.000000000000169420e-01 2.000000000002327694e-01 -2.000000000004486800e-01 2.000000000006645073e-01 -2.000000000008804180e-01 2.000000000010962453e-01 -2.000000000013121837e-01 2.000000000015280111e-01 -2.000000000017439217e-01 2.000000000019597490e-01 -2.000000000021756319e-01 2.000000000023914593e-01 -2.000000000026073699e-01 2.000000000028231972e-01 -2.000000000030391356e-01 2.000000000032549630e-01 -2.000000000034708736e-01
-2.399999999967270092e+00 2.399999999969860465e+00 -2.399999999972450837e+00 2.399999999975042098e+00 -2.399999999977632026e+00 2.399999999980222842e+00 -2.399999999982812771e+00 2.399999999985404031e+00 -2.399999999987993959e+00 2.399999999990584776e+00 -2.399999999993174704e+00 2.399999999995765965e+00 -2.399999999998355893e+00 2.400000000000946265e+00 -2.400000000003536194e+00 2.400000000006127454e+00 -2.400000000008717382e+00 2.400000000011308199e+00 -2.400000000013898127e+00 2.400000000016489388e+00
-5.999999999950390572e-01 5.999999999956865393e-01 -5.999999999963342434e-01 5.999999999969820585e-01 -5.999999999976295406e-01 5.999999999982772447e-01 -5.999999999989247268e-01 5.999999999995724309e-01 -6.000000000002200240e-01 6.000000000008677281e-01 -6.000000000015152102e-01 6.000000000021629143e-01 -6.000000000028103964e-01 6.000000000034581005e-01 -6.000000000041055825e-01 6.000000000047533977e-01 -6.000000000054008797e-01 6.000000000060485839e-01 -6.000000000066960659e-01 6.000000000073437700e-01
-2.349999999969232256e+00 2.349999999971768450e+00 -2.349999999974305087e+00 2.349999999976842169e+00 -2.349999999979378362e+00 2.349999999981915000e+00 -2.349999999984451193e+00 2.349999999986988275e+00 -2.349999999989524024e+00 2.349999999992061106e+00 -2.349999999994597299e+00 2.349999999997134381e+00 -2.349999999999670131e+00 2.350000000002206768e+00 -2.350000000004742962e+00 2.350000000007280043e+00 -2.350000000009815793e+00 2.350000000012352874e+00 -2.350000000014889068e+00 2.350000000017426149e+00
4.699999999934566297e+00 -4.699999999939638684e+00 4.699999999944711959e+00 -4.699999999949786122e+00 4.699999999954858509e+00 -4.699999999959932673e+00 4.699999999965004172e+00 -4.699999999970078335e+00 4.699999999975150722e+00 -4.699999999980223997e+00 4.699999999985296384e+00 -4.699999999990370547e+00 4.699999999995442046e+00 -4.700000000000516209e+00 4.700000000005587708e+00 -4.700000000010661871e+00 4.700000000015733370e+00 -4.700000000020807533e+00 4.700000000025879920e+00 -4.700000000030954084e+00
-2.299999999967613284e+00 2.299999999970095743e+00 -2.299999999972578646e+00 2.299999999975061549e+00 -2.299999999977543563e+00 2.299999999980026466e+00 -2.299999999982508481e+00 2.299999999984991828e+00 -2.299999999987473842e+00 2.299999999989956745e+00 -2.299999999992438759e+00 2.299999999994921662e+00 -2.299999999997403677e+00 2.299999999999886580e+00 -2.300000000002368594e+00 2.300000000004851497e+00 -2.300000000007333512e+00 2.300000000009816858e+00 -2.300000000012298873e+00 2.300000000014781776e+00
