5.999999999997593925e-01 9.499999999991913802e-01 -5.999999999997562838e-01 -9.499999999992894129e-01 5.999999999997532862e-01 9.499999999993881117e-01 -5.999999999997508437e-01 -9.499999999994858113e-01 5.999999999997470690e-01 9.499999999995846212e-01 -5.999999999997430722e-01 -9.499999999996822098e-01 5.999999999997426281e-01 9.499999999997807976e-01 -5.999999999997386313e-01 -9.499999999998794964e-01 5.999999999997346345e-01 9.499999999999759748e-01 -5.999999999997306377e-01 -9.500000000000746736e-01
-2.050000000000023359e+00 -2.699999999998801581e+00 2.050000000000039790e+00 2.699999999999096900e+00 -2.050000000000056222e+00 -2.699999999999394440e+00 2.050000000000073985e+00 2.699999999999688427e+00 -2.050000000000088196e+00 -2.699999999999986855e+00 2.050000000000101963e+00 2.700000000000280398e+00 -2.050000000000125944e+00 -2.700000000000577938e+00 2.050000000000139266e+00 2.700000000000875477e+00 -2.050000000000152589e+00 -2.700000000001166356e+00 2.050000000000166356e+00 2.700000000001463896e+00
-2.449999999999626255e+00 -1.749999999999105160e+00 2.449999999999717737e+00 1.749999999999350964e+00 -2.449999999999809219e+00 -1.749999999999599876e+00 2.449999999999902034e+00 1.749999999999844347e+00 -2.449999999999992628e+00 -1.750000000000093703e+00 2.450000000000082778e+00 1.750000000000338174e+00 -2.450000000000179146e+00 -1.750000000000587086e+00 2.450000000000269296e+00 1.750000000000835776e+00 -2.450000000000359002e+00 -1.750000000001075584e+00 2.450000000000448708e+00 1.750000000001324496e+00
3.399999999999624656e+00 3.049999999998088906e+00 -3.399999999999721911e+00 -3.049999999998474820e+00 3.399999999999818279e+00 3.049999999998865619e+00 -3.399999999999917755e+00 -3.049999999999250200e+00 3.400000000000011902e+00 3.049999999999640998e+00 -3.400000000000106049e+00 -3.050000000000024691e+00 3.400000000000211298e+00 3.050000000000415046e+00 -3.400000000000305000e+00 -3.050000000000805400e+00 3.400000000000398703e+00 3.050000000001183764e+00 -3.400000000000492406e+00 -3.050000000001573675e+00
3.799999999999434941e+00 3.099999999998168221e+00 -3.799999999999558398e+00 -3.099999999998577671e+00 3.799999999999681410e+00 3.099999999998991562e+00 -3.799999999999807088e+00 -3.099999999999399236e+00 3.799999999999927880e+00 3.099999999999813571e+00 -3.800000000000048672e+00 -3.100000000000219913e+00 3.800000000000180123e+00 3.100000000000634248e+00 -3.800000000000300471e+00 -3.100000000001048139e+00 3.800000000000420375e+00 3.100000000001448264e+00 -3.800000000000541167e+00 -3.100000000001862155e+00
2.199999999999440181e+00 2.499999999998674394e+00 -2.199999999999476596e+00 -2.499999999998962608e+00 2.199999999999513456e+00 2.499999999999253042e+00 -2.199999999999552536e+00 -2.499999999999539924e+00 2.199999999999587175e+00 2.499999999999830802e+00 -2.199999999999621814e+00 -2.500000000000117684e+00 2.199999999999665334e+00 2.500000000000408118e+00 -2.199999999999699973e+00 -2.500000000000698996e+00 2.199999999999734168e+00 2.500000000000981437e+00 -2.199999999999768807e+00 -2.500000000001272316e+00
-1.749999999999716893e+00 -1.999999999999106937e+00 1.749999999999745537e+00 1.999999999999336975e+00 -1.749999999999774403e+00 -1.999999999999568789e+00 1.749999999999804379e+00 1.999999999999798161e+00 -1.749999999999831690e+00 -2.000000000000030198e+00 1.749999999999858780e+00 2.000000000000258904e+00 -1.749999999999892752e+00 -2.000000000000491163e+00 1.749999999999919842e+00 2.000000000000723421e+00 -1.749999999999946265e+00 -2.000000000000949019e+00 1.749999999999973355e+00 2.000000000001181277e+00
-1.272315586220429395e-13 -2.999999999999694023e-01 1.125766146969908732e-13 2.999999999999911626e-01 -9.789391519632317795e-14 -3.000000000000128675e-01 8.343326030058051401e-14 3.000000000000345723e-01 -6.850076061937215854e-14 -3.000000000000563327e-01 5.354050536254817416e-14 3.000000000000780376e-01 -3.963496197911808849e-14 -3.000000000000997424e-01 2.470246229790973302e-14 3.000000000001215028e-01 -9.714451465470119729e-15 -3.000000000001431522e-01 -5.273559366969493567e-15 3.000000000001649125e-01
-1.400000000000084288e+00 -2.299999999999160938e+00 1.400000000000073186e+00 2.299999999999395417e+00 -1.400000000000061862e+00 -2.299999999999631672e+00 1.400000000000052314e+00 2.299999999999865707e+00 -1.400000000000039213e+00 -2.300000000000102407e+00 1.400000000000025668e+00 2.300000000000335998e+00 -1.400000000000020783e+00 -2.300000000000572253e+00 1.400000000000007461e+00 2.300000000000808509e+00 -1.399999999999993694e+00 -2.300000000001039879e+00 1.399999999999980371e+00 2.300000000001276135e+00
-2.500000000000425215e-01 -6.499999999998287148e-01 2.500000000000288103e-01 6.499999999998878897e-01 -2.500000000000150435e-01 -6.499999999999473976e-01 2.500000000000018874e-01 6.500000000000065725e-01 -2.499999999999875933e-01 -6.500000000000660805e-01 2.499999999999732436e-01 6.500000000001251443e-01 -2.499999999999613087e-01 -6.500000000001846523e-01 2.499999999999469869e-01 6.500000000002441602e-01 -2.499999999999325817e-01 -6.500000000003028910e-01 2.499999999999183153e-01 6.500000000003622880e-01
-1.849999999999830669e+00 -1.899999999999125055e+00 1.849999999999871969e+00 1.899999999999352651e+00 -1.849999999999912603e+00 -1.899999999999582467e+00 1.849999999999954792e+00 1.899999999999809175e+00 -1.849999999999994316e+00 -1.900000000000039213e+00 1.850000000000033618e+00 1.900000000000265477e+00 -1.850000000000079581e+00 -1.900000000000495293e+00 1.850000000000118661e+00 1.900000000000725109e+00 -1.850000000000157518e+00 -1.900000000000948264e+00 1.850000000000196820e+00 1.900000000001178080e+00
4.849999999999250910e+00 4.649999999997764810e+00 -4.849999999999374367e+00 -4.649999999998338573e+00 4.849999999999497824e+00 4.649999999998916778e+00 -4.849999999999623945e+00 -4.649999999999486100e+00 4.849999999999744738e+00 4.650000000000066080e+00 -4.849999999999862865e+00 -4.650000000000635403e+00 4.849999999999999645e+00 4.650000000001214495e+00 -4.850000000000118661e+00 -4.650000000001791811e+00 4.850000000000236788e+00 4.650000000002354028e+00 -4.850000000000355804e+00 -4.650000000002931344e+00
-1.550000000000147482e+00 -2.549999999998871392e+00 1.550000000000135270e+00 2.549999999999131184e+00 -1.550000000000121947e+00 -2.549999999999393197e+00 1.550000000000111511e+00 2.549999999999652545e+00 -1.550000000000096856e+00 -2.549999999999914557e+00 1.550000000000081979e+00 2.550000000000173905e+00 -1.550000000000076206e+00 -2.550000000000435474e+00 1.550000000000061329e+00 2.550000000000697487e+00 -1.550000000000045786e+00 -2.550000000000953726e+00 1.550000000000030909e+00 2.550000000001215739e+00
-2.549999999999756017e+00 -2.449999999998899280e+00 2.549999999999820854e+00 2.449999999999200817e+00 -2.549999999999885247e+00 -2.449999999999505462e+00 2.549999999999951861e+00 2.449999999999805222e+00 -2.550000000000014477e+00 -2.450000000000110312e+00 2.550000000000076650e+00 2.450000000000410072e+00 -2.550000000000148148e+00 -2.450000000000714717e+00 2.550000000000210321e+00 2.450000000001019362e+00 -2.550000000000272493e+00 -2.450000000001314682e+00 2.550000000000334666e+00 2.450000000001618883e+00
-1.849999999999927036e+00 -1.799999999999156719e+00 1.849999999999972999e+00 1.799999999999377209e+00 -1.850000000000018741e+00 -1.799999999999599698e+00 1.850000000000065814e+00 1.799999999999819078e+00 -1.850000000000110223e+00 -1.800000000000042011e+00 1.850000000000154188e+00 1.800000000000260947e+00 -1.850000000000205036e+00 -1.800000000000483436e+00 1.850000000000249001e+00 1.800000000000706146e+00 -1.850000000000292966e+00 -1.800000000000921974e+00 1.850000000000337153e+00 1.800000000001144462e+00
-1.899999999999987921e+00 -2.499999999999158451e+00 1.900000000000003242e+00 2.499999999999431566e+00 -1.900000000000018341e+00 -2.499999999999707345e+00 1.900000000000035216e+00 2.499999999999980016e+00 -1.900000000000048761e+00 -2.500000000000255795e+00 1.900000000000061195e+00 2.500000000000528466e+00 -1.900000000000083178e+00 -2.500000000000803801e+00 1.900000000000096056e+00 2.500000000001079581e+00 -1.900000000000108713e+00 -2.500000000001348255e+00 1.900000000000121592e+00 2.500000000001624478e+00
-2.849999999999746070e+00 -2.699999999998370814e+00 2.849999999999820677e+00 2.699999999998704769e+00 -2.849999999999894396e+00 -2.699999999999042277e+00 2.849999999999970335e+00 2.699999999999374900e+00 -2.850000000000042721e+00 -2.699999999999713296e+00 2.850000000000114220e+00 2.700000000000045475e+00 -2.850000000000195932e+00 -2.700000000000382983e+00 2.850000000000267431e+00 2.700000000000720046e+00 -2.850000000000338485e+00 -2.700000000001047784e+00 2.850000000000410427e+00 2.700000000001385292e+00
-1.900000000000088285e+00 -2.799999999998809663e+00 1.900000000000088951e+00 2.799999999999104983e+00 -1.900000000000089617e+00 -2.799999999999402078e+00 1.900000000000091838e+00 2.799999999999696509e+00 -1.900000000000090283e+00 -2.799999999999994493e+00 1.900000000000088285e+00 2.800000000000288036e+00 -1.900000000000096056e+00 -2.800000000000585576e+00 1.900000000000094058e+00 2.800000000000882672e+00 -1.900000000000091616e+00 -2.800000000001173550e+00 1.900000000000089173e+00 2.800000000001470646e+00
-6.500000000000324407e-01 -1.049999999999473133e+00 6.500000000000281108e-01 1.049999999999580824e+00 -6.500000000000237810e-01 -1.049999999999689182e+00 6.500000000000201172e-01 1.049999999999796430e+00 -6.500000000000150102e-01 -1.049999999999905009e+00 6.500000000000096811e-01 1.050000000000012257e+00 -6.500000000000081268e-01 -1.050000000000120615e+00 6.500000000000029088e-01 1.050000000000228972e+00 -6.499999999999974687e-01 -1.050000000000335110e+00 6.499999999999921396e-01 1.050000000000443467e+00
-2.449999999999713296e+00 -2.549999999998634248e+00 2.449999999999766143e+00 2.549999999998938005e+00 -2.449999999999818989e+00 -2.549999999999244871e+00 2.449999999999872724e+00 2.549999999999547295e+00 -2.449999999999923794e+00 -2.549999999999854605e+00 2.449999999999973532e+00 2.550000000000157030e+00 -2.450000000000033040e+00 -2.550000000000463451e+00 2.450000000000083666e+00 2.550000000000770317e+00 -2.450000000000132960e+00 -2.550000000001068301e+00 2.450000000000183142e+00 2.550000000001375167e+00
