2.504123723313474326e+00 -3.853881168073777230e-01 -2.051072820377076500e+00 2.796568827198502749e+00 -1.236491006919275382e+00 -1.342986470279548428e+00 2.815266289436499481e+00 -1.966557542134357073e+00 -5.034392473341698926e-01 2.558385872150765739e+00 -2.504123723313111949e+00 3.853881168076699892e-01 2.051072820376375727e+00 -2.796568827197968066e+00 1.236491006919353319e+00 1.342986470278923816e+00 -2.815266289435843117e+00 1.966557542134202974e+00 5.034392473336964935e-01 -2.558385872150054752e+00
2.308059579803003025e+00 -6.621093545339966635e-01 -1.529703351802962352e+00 2.460383495678255095e+00 -1.362650915684053388e+00 -8.584912711543144503e-01 2.371867932496638964e+00 -1.929806711059643076e+00 -1.032440834247451422e-01 2.051177410306598059e+00 -2.308059579802619332e+00 6.621093545341704134e-01 1.529703351802378153e+00 -2.460383495677739507e+00 1.362650915684036068e+00 8.584912711538204011e-01 -2.371867932496041220e+00 1.929806711059429025e+00 1.032440834244016947e-01 -2.051177410305979443e+00
-5.154156367930508686e+00 9.782517682180564833e-01 4.004152443155073016e+00 -5.685415276252855143e+00 2.679454061924606556e+00 2.535528112663731903e+00 -5.660146124717897465e+00 4.118372723195507845e+00 8.187086244418496639e-01 -5.080822433938481097e+00 5.154156367929733307e+00 -9.782517682186004926e-01 -4.004152443153667917e+00 5.685415276251740480e+00 -2.679454061924712693e+00 -2.535528112662495559e+00 5.660146124716550098e+00 -4.118372723195147245e+00 -8.187086244409312874e-01 5.080822433937038696e+00
4.972019777195700874e-01 -4.445397590910548646e-01 2.538585118319125478e-02 4.146969012062932669e-01 -5.128912965840842775e-01 1.882429791163015287e-01 2.915984026397385187e-01 -5.310374604436542967e-01 3.326735726875273413e-01 1.399562207372800349e-01 -4.972019777194387480e-01 4.445397590909981322e-01 -2.538585118325620282e-02 -4.146969012061604287e-01 5.128912965839931282e-01 -1.882429791163277855e-01 -2.915984026396169493e-01 5.310374604435370571e-01 -3.326735726875099664e-01 -1.399562207371830291e-01
-2.438899977271955954e+00 3.678776872186197977e-01 2.006433818882716213e+00 -2.726582104098852266e+00 1.198855681025131181e+00 1.317242726231498740e+00 -2.747367377361885854e+00 1.912481327854082869e+00 4.991107377670641054e-01 -2.499221189694591061e+00 2.438899977271604236e+00 -3.678776872189067904e-01 -2.006433818882031872e+00 2.726582104098331794e+00 -1.198855681025209119e+00 -1.317242726230888339e+00 2.747367377361245921e+00 -1.912481327853934543e+00 -4.991107377666007539e-01 2.499221189693897394e+00
-2.425513271000947491e+00 2.401183528688762281e-01 2.143237217758672486e+00 -2.759644810394657810e+00 1.100919824472283981e+00 1.465435936832091501e+00 -2.823643088170844528e+00 1.853955593096759280e+00 6.441875761158911695e-01 -2.611243506998588426e+00 2.425513271000617976e+00 -2.401183528692008573e-01 -2.143237217757966828e+00 2.759644810394148884e+00 -1.100919824472398112e+00 -1.465435936831451347e+00 2.823643088170205484e+00 -1.853955593096641596e+00 -6.441875761153923463e-01 2.611243506997883657e+00
3.676637618321213719e+00 -7.623379975029943578e-01 -2.780455553932185353e+00 4.030959536015027211e+00 -1.958221581782603860e+00 -1.728932003029556741e+00 3.990703048977027656e+00 -2.962420793905114813e+00 -5.081685414928964750e-01 3.559808742641986434e+00 -3.676637618320649725e+00 7.623379975033621747e-01 2.780455553931195478e+00 -4.030959536014227851e+00 1.958221581782661147e+00 1.728932003028691877e+00 -3.990703048976068867e+00 2.962420793904842586e+00 5.081685414922608723e-01 -3.559808742640965917e+00
3.314331954134050573e+00 -5.673964581832591225e-01 -2.647317413487704219e+00 3.679504725753480532e+00 -1.678199813589108302e+00 -1.706662524098020661e+00 3.684501938199154836e+00 -2.624729278535035348e+00 -5.989476158326946242e-01 3.328834429499311742e+00 -3.314331954133561187e+00 5.673964581836281607e-01 2.647317413486787618e+00 -3.679504725752768213e+00 1.678199813589194678e+00 1.706662524097209310e+00 -3.684501938198287530e+00 2.624729278534818189e+00 5.989476158320854449e-01 -3.328834429498377823e+00
2.137136187066936976e+00 -4.674305340672862963e-01 -1.587638638274956326e+00 2.333811689162708092e+00 -1.155921546760352747e+00 -9.749444131769343658e-01 2.302037442500980635e+00 -1.731262904677418168e+00 -2.668158360800569340e-01 2.044923731729229477e+00 -2.137136187066605686e+00 4.674305340674924647e-01 1.587638638274385894e+00 -2.333811689162241354e+00 1.155921546760378948e+00 9.749444131764380961e-01 -2.302037442500423747e+00 1.731262904677254078e+00 2.668158360796948347e-01 -2.044923731728639282e+00
-2.184684449305753340e+00 4.813008968339148042e-01 1.618881311157428726e+00 -2.384410016654366249e+00 1.184160775258404463e+00 9.923455365740462275e-01 -2.350732918411318817e+00 1.771106746467227211e+00 2.686720667929445860e-01 -2.086949703594812799e+00 2.184684449305414056e+00 -4.813008968341245253e-01 -1.618881311156846303e+00 2.384410016653888853e+00 -1.184160775258430442e+00 -9.923455365735398548e-01 2.350732918410749495e+00 -1.771106746467058679e+00 -2.686720667925754924e-01 2.086949703594209726e+00
7.583192702006927299e-02 1.494263747561546882e-02 -9.339805089710515040e-02 9.485335634474523214e-02 -1.810875708266634562e-02 -7.356523564366498902e-02 1.045898782681989464e-01 -4.938754032656263171e-02 -4.653134256628809612e-02 1.040884141862265799e-01 -7.583192702006259778e-02 -1.494263747559832281e-02 9.339805089707853281e-02 -9.485335634473095190e-02 1.810875708267642437e-02 7.356523564363899592e-02 -1.045898782681784350e-01 4.938754032656424153e-02 4.653134256626571125e-02 -1.040884141862018358e-01
-1.903124557496151725e+00 3.741907354892732296e-01 1.463236965765934094e+00 -2.094328953662056847e+00 9.987943790574869141e-01 9.201757414967540738e-01 -2.080525839795605236e+00 1.525629069793818626e+00 2.870413044085411980e-01 -1.863066360854021664e+00 1.903124557495863289e+00 -3.741907354894699611e-01 -1.463236965765417841e+00 2.094328953661644288e+00 -9.987943790575225522e-01 -9.201757414963011028e-01 2.080525839795108300e+00 -1.525629069793682291e+00 -2.870413044082060772e-01 1.863066360853491199e+00
-3.361968861322229274e-01 2.379333001461341468e-01 5.648951642185698341e-02 -3.043407094699257520e-01 3.012844449754453202e-01 -4.984039753346566903e-02 -2.426935436983017613e-01 3.351437691583841749e-01 -1.512915861197298706e-01 -1.572898429241429419e-01 3.361968861321441571e-01 -2.379333001461153285e-01 -5.648951642180047306e-02 3.043407094698404314e-01 -3.012844449754017995e-01 4.984039753350009982e-02 2.426935436982180505e-01 -3.351437691583195599e-01 1.512915861197370870e-01 1.572898429240697782e-01
-2.373565235640115123e+00 7.472828251452032777e-01 1.495081587816404767e+00 -2.504856641730159872e+00 1.449553998415326728e+00 8.008037163898269473e-01 -2.390955227365148872e+00 2.009932726683863802e+00 2.813759767550810809e-02 -2.043010456580983014e+00 2.373565235639709670e+00 -7.472828251453612625e-01 -1.495081587815817459e+00 2.504856641729624744e+00 -1.449553998415289868e+00 -8.008037163893366728e-01 2.390955227364535585e+00 -2.009932726683627546e+00 -2.813759767517498567e-02 2.043010456580355072e+00
5.014433381117240351e+00 -9.764694381923455513e-01 -3.866524710949473143e+00 5.521841843633325198e+00 -2.624789691408969006e+00 -2.436216501674095092e+00 5.488733953560031686e+00 -4.016177241645087825e+00 -7.674344470965199783e-01 4.918350541854037417e+00 -5.014433381116480959e+00 9.764694381928669120e-01 3.866524710948110677e+00 -5.521841843632238955e+00 2.624789691409065817e+00 2.436216501672899160e+00 -5.488733953558720735e+00 4.016177241644730778e+00 7.674344470956341313e-01 -4.918350541852637647e+00
-2.317835833761804132e+00 2.355288675830713718e-01 2.040955044052752854e+00 -2.634815418555339850e+00 1.056456247026621664e+00 1.392876615166228627e+00 -2.693880912342104139e+00 1.773970328247586714e+00 6.084537184452583070e-01 -2.489250573056787097e+00 2.317835833761488384e+00 -2.355288675833797085e-01 -2.040955044052079614e+00 2.634815418554853572e+00 -1.056456247026728690e+00 -1.392876615165618226e+00 2.693880912341493516e+00 -1.773970328247472583e+00 -6.084537184447834646e-01 2.489250573056114302e+00
-2.817312445231635820e+00 7.170626796154802030e-01 1.974354709136913577e+00 -3.038055841265189017e+00 1.597094129136520158e+00 1.160559090006392235e+00 -2.961413164175905166e+00 2.320790877688421183e+00 2.331598610554709294e-01 -2.594886733198256579e+00 2.817312445231182405e+00 -7.170626796157205662e-01 -1.974354709136182384e+00 3.038055841264566403e+00 -1.597094129136525487e+00 -1.160559090005764737e+00 2.961413164175173307e+00 -2.320790877688180487e+00 -2.331598610550240924e-01 2.594886733197490525e+00
-1.574124821471323932e+00 7.431730034969558085e-02 1.486759595199773409e+00 -1.822108027875195324e+00 6.552568585378076849e-01 1.051807392051083534e+00 -1.891730605137442733e+00 1.172055309969165737e+00 5.138969529954491300e-01 -1.776177410306639670e+00 1.574124821471123203e+00 -7.431730034993166978e-02 -1.486759595199298900e+00 1.822108027874871361e+00 -6.552568585379052735e-01 -1.051807392050646328e+00 1.891730605137026178e+00 -1.172055309969108450e+00 -5.138969529951006310e-01 1.776177410306172488e+00
-2.169691176305203140e+00 5.060961105867644028e-01 1.574739516214150203e+00 -2.357313438252459648e+00 1.196448631857226497e+00 9.508037163899962785e-01 -2.314185436494999859e+00 1.769684424893599228e+00 2.337966241666191436e-01 -2.044528840335332109e+00 2.169691176304861635e+00 -5.060961105869639098e-01 -1.574739516213577550e+00 2.357313438251983584e+00 -1.196448631857244038e+00 -9.508037163895008970e-01 2.314185436494435422e+00 -1.769684424893425367e+00 -2.337966241662611244e-01 2.044528840334736586e+00
-2.763288405767680533e+00 2.908990954445651034e-01 2.421316009352490362e+00 -3.137326778318660025e+00 1.266832814483531688e+00 1.648075487371359449e+00 -3.204261746766698948e+00 2.118760111097471643e+00 7.135098538692588033e-01 -2.957541250036793468e+00 2.763288405767302613e+00 -2.908990954449295341e-01 -2.421316009351690113e+00 3.137326778318079601e+00 -1.266832814483656477e+00 -1.648075487370634473e+00 3.204261746765971086e+00 -2.118760111097333532e+00 -7.135098538686958092e-01 2.957541250035992775e+00
