7.280071145326283411e-01 -7.708764473126739070e-01 7.382870224177474627e-01 -6.334289198204567928e-01 4.665663811923969617e-01 -2.540330744141596764e-01 1.663324035982516325e-02 2.223947711514732695e-01 -4.396532329469330369e-01 6.138753730573162093e-01 -7.280071145316094894e-01 7.708764473117264426e-01 -7.382870224169654216e-01 6.334289198199158921e-01 -4.665663811921509363e-01 2.540330744142323405e-01 -1.663324036020658037e-02 -2.223947711508176828e-01 4.396532329460673405e-01 -6.138753730563255573e-01
-2.523236515844398120e+00 2.225521789011195573e+00 -1.709957483347663398e+00 1.027010625239922037e+00 -2.435328115301194363e-01 -5.637836905649211694e-01 1.315913116915337078e+00 -1.939231798876157153e+00 2.372724960940480354e+00 -2.573959272081055349e+00 2.523236515841619454e+00 -2.225521789009174523e+00 1.709957483346602025e+00 -1.027010625239916042e+00 2.435328115311733432e-01 5.637836905629106665e-01 -1.315913116912574843e+00 1.939231798872904422e+00 -2.372724960937055538e+00 2.573959272077793958e+00
-2.466921229255973014e+00 2.241550338189914449e+00 -1.796760882222427247e+00 1.176091952334012758e+00 -4.402989478368757870e-01 -3.385935854174928483e-01 1.084342219410785679e+00 -1.723947881911535029e+00 2.194801514279520749e+00 -2.450812682348463500e+00 2.466921229253145498e+00 -2.241550338187752622e+00 1.796760882221146938e+00 -1.176091952333731872e+00 4.402989478376255206e-01 3.385935854157861025e-01 -1.084342219408296781e+00 1.723947881908499236e+00 -2.194801514276234933e+00 2.450812682345250071e+00
3.259723467065321678e+00 -2.991031456254253040e+00 2.429556446763654787e+00 -1.630259524548941741e+00 6.713814413856263874e-01 3.532161350498134178e-01 -1.343238455184809776e+00 2.201775236433513250e+00 -2.844786916869868509e+00 3.209331033087029272e+00 -3.259723467061535818e+00 2.991031456251313614e+00 -2.429556446761855781e+00 1.630259524548448802e+00 -6.713814413864926944e-01 -3.532161350476728523e-01 1.343238455181615221e+00 -2.201775236429566185e+00 2.844786916865554183e+00 -3.209331033082771345e+00
3.522432790022707483e+00 -3.137308571262398260e+00 2.445082730633008516e+00 -1.513515156436422426e+00 4.337941734479561218e-01 6.883896056590425028e-01 -1.743189013871468962e+00 2.627352935893955799e+00 -3.254333246706730520e+00 3.562756745058831775e+00 -3.522432790018777293e+00 3.137308571259490364e+00 -2.445082730631413792e+00 1.513515156436286313e+00 -4.337941734492972712e-01 -6.883896056563559851e-01 1.743189013867711079e+00 -2.627352935889482044e+00 3.254333246701978322e+00 -3.562756745054267427e+00
1.956228180933393679e+00 -1.743562000775793708e+00 1.360223823871602900e+00 -8.437374618503605816e-01 2.446601983987948536e-01 3.783661099197260236e-01 -9.643553071674609845e-01 1.455946687891036539e+00 -1.805019862626716431e+00 1.977405116895599724e+00 -1.956228180931208760e+00 1.743562000774175225e+00 -1.360223823870713167e+00 8.437374618502799795e-01 -2.446601983995344287e-01 -3.783661099182388243e-01 9.643553071653779840e-01 -1.455946687888554525e+00 1.805019862624078542e+00 -1.977405116893064418e+00
-2.258804518072969003e+00 1.972124089091431554e+00 -1.492398413673286850e+00 8.665863833738135513e-01 -1.559468400075306460e-01 -5.699578666040338026e-01 1.240071126102272547e+00 -1.788797583693935378e+00 2.162424070507958263e+00 -2.324377422806235494e+00 2.258804518070515854e+00 -1.972124089089679400e+00 1.492398413672411550e+00 -8.665863833738924882e-01 1.559468400085602391e-01 5.699578666021545281e-01 -1.240071126099734355e+00 1.788797583690979076e+00 -2.162424070504872731e+00 2.324377422803324045e+00
-3.598203609381244589e-02 7.021575905138296991e-02 -9.757627429103865602e-02 1.153853439492057986e-01 -1.218996922046617082e-01 1.164816492620320276e-01 -9.966157091426922077e-02 7.308592362243084006e-02 -3.935611690686594000e-02 1.773859258276548612e-03 3.598203609370792533e-02 -7.021575905124523287e-02 9.757627429088135129e-02 -1.153853439490446359e-01 1.218996922045123554e-01 -1.164816492619090704e-01 9.966157091418442748e-02 -7.308592362239269002e-02 3.935611690687815939e-02 -1.773859258337916189e-03
-2.208809081647888028e+00 1.980366972152625360e+00 -1.558072745395169267e+00 9.832635025874594259e-01 -3.122055773470105988e-01 -3.894132050681523016e-01 1.052913509769744183e+00 -1.613347304055171572e+00 2.015855423367969301e+00 -2.221037568550883190e+00 2.208809081645401573e+00 -1.980366972150765292e+00 1.558072745394121439e+00 -9.832635025873196488e-01 3.122055773477957485e-01 3.894132050665190525e-01 -1.052913509767429812e+00 1.613347304052394682e+00 -2.015855423365001897e+00 2.221037568548016150e+00
-2.803499928149339460e-01 1.931401147251382844e-01 -8.702433651976840268e-02 -2.760999007833203622e-02 1.395416584774268609e-01 -2.378140171008261416e-01 3.128074827826944904e-01 -3.571811725919015190e-01 3.665914806002540383e-01 -3.401172602944321222e-01 2.803499928147164533e-01 -1.931401147250669248e-01 8.702433651985053142e-02 2.760999007810607808e-02 -1.395416584770785284e-01 2.378140171003894354e-01 -3.128074827822128756e-01 3.571811725914211255e-01 -3.665914805998219950e-01 3.401172602940906731e-01
-2.183518350744570125e+00 1.949912236721855985e+00 -1.525435127131530733e+00 9.516377989662537784e-01 -2.846875325879135166e-01 -4.101299330146306321e-01 1.064801023230274035e+00 -1.615241970387062631e+00 2.007571779429741632e+00 -2.203386475126754007e+00 2.183518350742124969e+00 -1.949912236720038994e+00 1.525435127130523538e+00 -9.516377989661480852e-01 2.846875325887229247e-01 4.101299330129855036e-01 -1.064801023227960997e+00 1.615241970384300396e+00 -2.007571779426800429e+00 2.203386475123922494e+00
4.919053698924268581e+00 -4.467134041253578935e+00 3.577940179272276922e+00 -2.338512603569098847e+00 8.701751208535936088e-01 6.833411655572366739e-01 -2.169967257565100116e+00 3.444181835351337817e+00 -4.381255898067323962e+00 4.889462107475631036e+00 -4.919053698918633977e+00 4.467134041249274823e+00 -3.577940179269732734e+00 2.338512603568549508e+00 -8.701751208550994043e-01 -6.833411655538234042e-01 2.169967257560129426e+00 -3.444181835345278664e+00 4.381255898060769205e+00 -4.889462107469223717e+00
-2.332614169794020587e+00 2.094309948623826134e+00 -1.651000077767045049e+00 1.046078816104664799e+00 -3.387600714624667830e-01 -4.017188692544957918e-01 1.102874768108714765e+00 -1.696073600479988785e+00 2.123248931596567690e+00 -2.342585863743276597e+00 2.332614169791389358e+00 -2.094309948621853046e+00 1.651000077765927720e+00 -1.046078816104504705e+00 3.387600714632833521e-01 4.017188692527826066e-01 -1.102874768106280046e+00 1.696073600477062682e+00 -2.123248931593436861e+00 2.342585863740247465e+00
-2.485517264507839386e+00 2.275170115913830671e+00 -1.842113464332009176e+00 1.228737912102352947e+00 -4.950849319158798223e-01 -2.870304108658727205e-01 1.041049217173420915e+00 -1.693162872687498544e+00 2.179537949263429031e+00 -2.452564665631597141e+00 2.485517264504962132e+00 -2.275170115911605340e+00 1.842113464330657369e+00 -1.228737912102000118e+00 4.950849319165637752e-01 2.870304108642189878e-01 -1.041049217170967323e+00 1.693162872684476516e+00 -2.179537949260133889e+00 2.452564665628352625e+00
-2.104926201204643466e+00 2.015749879524643351e+00 -1.729257915081632069e+00 1.273494137462219733e+00 -6.930718807127729253e-01 4.480691936359193495e-02 6.078440554408947039e-01 -1.200995019000138164e+00 1.676584222275219638e+00 -1.988057680424798468e+00 2.104926201202057090e+00 -2.015749879522506838e+00 1.729257915080158359e+00 -1.273494137461548492e+00 6.930718807129720993e-01 -4.480691936464187286e-02 -6.078440554391040251e-01 1.200995018997774277e+00 -1.676584222272513802e+00 1.988057680422016471e+00
-2.402366900382513215e+00 2.204402125093069209e+00 -1.790655110826927743e+00 1.201626298085453071e+00 -4.949739310648506585e-01 -2.601299330143503896e-01 9.897704668181098731e-01 -1.622525371193242361e+00 2.096456187436899654e+00 -2.365171265185047389e+00 2.402366900379723003e+00 -2.204402125090902942e+00 1.790655110825601470e+00 -1.201626298085089584e+00 4.949739310654889812e-01 2.601299330127730403e-01 -9.897704668157556451e-01 1.622525371190333132e+00 -2.096456187433719975e+00 2.365171265181909455e+00
-2.862802069514799985e+00 2.617071212319200590e+00 -2.115163190654640868e+00 1.406208258680507583e+00 -5.596038647179046865e-01 -3.417784545124470941e-01 1.209705117304390010e+00 -1.959217414703271043e+00 2.516947860880493604e+00 -2.828301913827784730e+00 2.862802069511491965e+00 -2.617071212316647078e+00 2.115163190653097214e+00 -1.406208258680115453e+00 5.596038647187072668e-01 3.417784545105287397e-01 -1.209705117301552946e+00 1.959217414699782278e+00 -2.516947860876695309e+00 2.828301913824048608e+00
-3.136240191379404685e+00 2.807597496187592689e+00 -2.204127596387134069e+00 1.384902330392570713e+00 -4.301131751175178430e-01 -5.667784545124914253e-01 1.508189860036892593e+00 -2.301969133884079977e+00 2.870415630144546260e+00 -3.157885845164766003e+00 3.136240191375881281e+00 -2.807597496184963237e+00 2.204127596385661914e+00 -1.384902330392389969e+00 4.301131751186509922e-01 5.667784545101555160e-01 -1.508189860033592566e+00 2.301969133880128027e+00 -2.870415630140328744e+00 3.157885845160696814e+00
-1.015309909803875144e+00 9.888384529595615202e-01 -8.655725986969938779e-01 6.575784676751197377e-01 -3.852159746186938349e-01 7.514585800915790648e-02 2.422800587542115192e-01 -5.359899153022258389e-01 7.772333444790793244e-01 -9.423957585951573401e-01 1.015309909802599719e+00 -9.888384529584841598e-01 8.655725986962221619e-01 -6.575784676747267188e-01 3.852159746187192590e-01 -7.514585800959916462e-02 -2.422800587534011951e-01 5.359899153011220552e-01 -7.772333444777900224e-01 9.423957585938090853e-01
-2.801251461110705776e+00 2.559513591779738029e+00 -2.067232698905733468e+00 1.372596666205905258e+00 -5.436013083747524011e-01 -3.386055330129206231e-01 1.187667305625607073e+00 -1.920471927398816669e+00 2.465287376203414649e+00 -2.768783319958035616e+00 2.801251461107471030e+00 -2.559513591777243580e+00 2.067232698904226673e+00 -1.372596666205526894e+00 5.436013083755431019e-01 3.386055330110383510e-01 -1.187667305622826630e+00 1.920471927395400513e+00 -2.465287376199696290e+00 2.768783319954380762e+00
