-1.722008466757438960e-01 3.224901404898845025e-01 -2.069090505037139427e-01 -7.925396358610849179e-02 3.000776724671657680e-01 -2.735084972509299051e-01 2.145084965436763053e-02 2.482915110991208429e-01 -3.133350266414847152e-01 1.200559042739900162e-01 1.722008466758239986e-01 -3.224901404908204761e-01 2.069090505047347650e-01 7.925396358584518852e-02 -3.000776724678760887e-01 2.735084972520285262e-01 -2.145084965494858248e-02 -2.482915110995361219e-01 3.133350266425546371e-01 -1.200559042748307326e-01
2.504123723307023930e+00 -3.853881168074237973e-01 -2.051072820371949934e+00 2.796568827194034323e+00 -1.236491006919552271e+00 -1.342986470275794098e+00 2.815266289433988600e+00 -1.966557542136030179e+00 -5.034392473302946591e-01 2.558385872149459228e+00 -2.504123723316708627e+00 3.853881168130953716e-01 2.051072820374966188e+00 -2.796568827203255392e+00 1.236491006927374237e+00 1.342986470275824518e+00 -2.815266289441841874e+00 1.966557542145235038e+00 5.034392473273209268e-01 -2.558385872155181318e+00
2.308059579797539840e+00 -6.621093545334262309e-01 -1.529703351799250655e+00 2.460383495674690391e+00 -1.362650915684106678e+00 -8.584912711514320893e-01 2.371867932494712061e+00 -1.929806711061170077e+00 -1.032440834213632641e-01 2.051177410305454085e+00 -2.308059579805858963e+00 6.621093545392198187e-01 1.529703351800757005e+00 -2.460383495682259003e+00 1.362650915691494991e+00 8.584912711503189797e-01 -2.371867932500788090e+00 1.929806711069428360e+00 1.032440834177249800e-01 -2.051177410309448224e+00
-5.154156367921421733e+00 9.782517682210239984e-01 4.004152443145219564e+00 -5.685415276247336891e+00 2.679454061928899566e+00 2.535528112655177857e+00 -5.660146124715425664e+00 4.118372723203014729e+00 8.187086244316655881e-01 -5.080822433937169258e+00 5.154156367940989192e+00 -9.782517682330390540e-01 -4.004152443150659657e+00 5.685415276265755935e+00 -2.679454061945107046e+00 -2.535528112654552579e+00 5.660146124730888850e+00 -4.118372723221824572e+00 -8.187086244250039169e-01 5.080822433948173789e+00
4.972019777191046819e-01 -4.445397590906426943e-01 2.538585118312586264e-02 4.146969012062287629e-01 -5.128912965842156169e-01 1.882429791165693422e-01 2.915984026397693274e-01 -5.310374604442600344e-01 3.326735726883473521e-01 1.399562207370575184e-01 -4.972019777202991153e-01 4.445397590924476949e-01 -2.538585118405412011e-02 -4.146969012069439131e-01 5.128912965859830919e-01 -1.882429791179319745e-01 -2.915984026399348061e-01 5.310374604458170111e-01 -3.326735726900138523e-01 -1.399562207366590594e-01
-2.438899977267834362e+00 3.678776872195534953e-01 2.006433818878843311e+00 -2.726582104096706871e+00 1.198855681026870679e+00 1.317242726228326166e+00 -2.747367377361481289e+00 1.912481327857625368e+00 4.991107377630876751e-01 -2.499221189694997403e+00 2.438899977277281472e+00 -3.678776872250635877e-01 -2.006433818881812048e+00 2.726582104105710780e+00 -1.198855681034484366e+00 -1.317242726228383898e+00 2.747367377369158259e+00 -1.912481327866595970e+00 -4.991107377602133077e-01 2.499221189700600920e+00
-2.425513270995650839e+00 2.401183528691128721e-01 2.143237217754514923e+00 -2.759644810391482128e+00 1.100919824473029829e+00 1.465435936829138974e+00 -2.823643088169732973e+00 1.853955593099202215e+00 6.441875761125854805e-01 -2.611243506998735420e+00 2.425513271005295568e+00 -2.401183528743608409e-01 -2.143237217757989033e+00 2.759644810400817772e+00 -1.100919824480528719e+00 -1.465435936829663666e+00 2.823643088177843818e+00 -1.853955593108215671e+00 -6.441875761100944731e-01 2.611243507004833209e+00
3.676637618311980660e+00 -7.623379975010596832e-01 -2.780455553927128509e+00 4.030959536009353528e+00 -1.958221581781684817e+00 -1.728932003026353081e+00 3.990703048974671763e+00 -2.962420793906896055e+00 -5.081685414891938812e-01 3.559808742641633827e+00 -3.676637618325811374e+00 7.623379975097493988e-01 2.780455553930741619e+00 -4.030959536022296064e+00 1.958221581793283761e+00 1.728932003025666964e+00 -3.990703048985457801e+00 2.962420793920266249e+00 5.081685414842531667e-01 -3.559808742649214874e+00
3.314331954126092938e+00 -5.673964581833489396e-01 -2.647317413481429238e+00 3.679504725748190985e+00 -1.678199813589728251e+00 -1.706662524093338407e+00 3.684501938196405924e+00 -2.624729278537658583e+00 -5.989476158276197948e-01 3.328834429498026992e+00 -3.314331954138797887e+00 5.673964581909614058e-01 2.647317413485183568e+00 -3.679504725760222250e+00 1.678199813600114387e+00 1.706662524093165656e+00 -3.684501938206582672e+00 2.624729278549799094e+00 5.989476158235162995e-01 -3.328834429505360681e+00
2.137136187062097292e+00 -4.674305340670975029e-01 -1.587638638271428482e+00 2.333811689159651870e+00 -1.155921546760704244e+00 -9.749444131742558417e-01 2.302037442499529796e+00 -1.731262904679182979e+00 -2.668158360769491422e-01 2.044923731728619298e+00 -2.137136187070088233e+00 4.674305340721934821e-01 1.587638638273427993e+00 -2.333811689167101466e+00 1.155921546767460617e+00 9.749444131737668995e-01 -2.302037442505707521e+00 1.731262904686936999e+00 2.668158360740061075e-01 -2.044923731732924743e+00
-2.184684449302304987e+00 4.813008968348855832e-01 1.618881311153951286e+00 -2.384410016652557029e+00 1.184160775260182819e+00 9.923455365709528131e-01 -2.350732918410836092e+00 1.771106746470563653e+00 2.686720667889639924e-01 -2.086949703594774608e+00 2.184684449310466903e+00 -4.813008968401013554e-01 -1.618881311155980551e+00 2.384410016660162057e+00 -1.184160775267091514e+00 -9.923455365704400011e-01 2.350732918417138162e+00 -1.771106746478487537e+00 -2.686720667859453515e-01 2.086949703599161321e+00
7.583192701962583604e-02 1.494263747552693547e-02 -9.339805089661579185e-02 9.485335634430643037e-02 -1.810875708263814943e-02 -7.356523564330927356e-02 1.045898782678096467e-01 -4.938754032647776904e-02 -4.653134256603553426e-02 1.040884141859053230e-01 -7.583192701997180929e-02 -1.494263747540427317e-02 9.339805089681754713e-02 -9.485335634466636467e-02 1.810875708285951749e-02 7.356523564340916588e-02 -1.045898782681482647e-01 4.938754032677607902e-02 4.653134256602329405e-02 -1.040884141861895540e-01
-1.903124557493515612e+00 3.741907354906138239e-01 1.463236965762718667e+00 -2.094328953660760551e+00 9.987943790595273930e-01 9.201757414937928869e-01 -2.080525839795376086e+00 1.525629069797200588e+00 2.870413044047374074e-01 -1.863066360854090719e+00 1.903124557500714964e+00 -3.741907354950742559e-01 -1.463236965764673769e+00 2.094328953667522253e+00 -9.987943790655193776e-01 -9.201757414935137769e-01 2.080525839801036447e+00 -1.525629069804136151e+00 -2.870413044022396276e-01 1.863066360858100179e+00
-3.361968861324647895e-01 2.379333001469556286e-01 5.648951642120317307e-02 -3.043407094701667259e-01 3.012844449765339494e-01 -4.984039753449408250e-02 -2.426935436983448102e-01 3.351437691596452773e-01 -1.512915861212191238e-01 -1.572898429237752638e-01 3.361968861333964886e-01 -2.379333001480605225e-01 -5.648951642083549496e-02 3.043407094708402427e-01 -3.012844449776925781e-01 4.984039753518243465e-02 2.426935436986939754e-01 -3.351437691607440650e-01 1.512915861221627856e-01 1.572898429237670759e-01
-2.373565235635778592e+00 7.472828251448644377e-01 1.495081587813536617e+00 -2.504856641727851940e+00 1.449553998416064138e+00 8.008037163873730213e-01 -2.390955227364429447e+00 2.009932726686431081e+00 2.813759767207379969e-02 -2.043010456580822698e+00 2.373565235644202076e+00 -7.472828251509449071e-01 -1.495081587814810486e+00 2.504856641735434319e+00 -1.449553998423700696e+00 -8.008037163859813568e-01 2.390955227370426428e+00 -2.009932726694874994e+00 -2.813759766813811458e-02 2.043010456584653411e+00
5.014433381106202070e+00 -9.764694381929009959e-01 -3.866524710940414167e+00 5.521841843626243751e+00 -2.624789691410617021e+00 -2.436216501667015422e+00 5.488733953556551803e+00 -4.016177241649891982e+00 -7.674344470884559843e-01 4.918350541852419155e+00 -5.014433381125189548e+00 9.764694382046358312e-01 3.866524710945604237e+00 -5.521841843644089032e+00 2.624789691426399507e+00 2.436216501666315093e+00 -5.488733953571501623e+00 4.016177241668174247e+00 7.674344470819024489e-01 -4.918350541863023118e+00
-2.317835833756836550e+00 2.355288675832216683e-01 2.040955044048958555e+00 -2.634815418552439503e+00 1.056456247027315776e+00 1.392876615163557874e+00 -2.693880912341199529e+00 1.773970328249957262e+00 6.084537184422100786e-01 -2.489250573057090854e+00 2.317835833766040743e+00 -2.355288675882478699e-01 -2.040955044052253253e+00 2.634815418561342160e+00 -1.056456247034485374e+00 -1.392876615164036824e+00 2.693880912348927570e+00 -1.773970328258566376e+00 -6.084537184398118859e-01 2.489250573062892435e+00
-2.817312445226224593e+00 7.170626796153872773e-01 1.974354709132986496e+00 -3.038055841262157664e+00 1.597094129137486496e+00 1.160559090003198346e+00 -2.961413164174862445e+00 2.320790877691467191e+00 2.331598610513256065e-01 -2.594886733198066509e+00 2.817312445236559437e+00 -7.170626796222911992e-01 -1.974354709135203612e+00 3.038055841271672719e+00 -1.597094129146451769e+00 -1.160559090002178273e+00 2.961413164182624236e+00 -2.320790877701615074e+00 -2.331598610471510846e-01 2.594886733203321860e+00
-1.574124821468694480e+00 7.431730035176198346e-02 1.486759595195684458e+00 -1.822108027873419189e+00 6.552568585399741741e-01 1.051807392047530598e+00 -1.891730605136503929e+00 1.172055309972103831e+00 5.138969529915534684e-01 -1.776177410306069460e+00 1.574124821475114899e+00 -7.431730035501749043e-02 -1.486759595198277495e+00 1.822108027879725034e+00 -6.552568585447933192e-01 -1.051807392048174083e+00 1.891730605142076582e+00 -1.172055309978013549e+00 -5.138969529901751265e-01 1.776177410310366467e+00
-2.169691176301081104e+00 5.060961105871052412e-01 1.574739516210714507e+00 -2.357313438250058457e+00 1.196448631858278544e+00 9.508037163871394526e-01 -2.314185436494051284e+00 1.769684424896155850e+00 2.337966241630667352e-01 -2.044528840334995046e+00 2.169691176309131109e+00 -5.060961105923370562e-01 -1.574739516212613433e+00 2.357313438257525817e+00 -1.196448631865156376e+00 -9.508037163865254993e-01 2.314185436500203696e+00 -1.769684424904004683e+00 -2.337966241599867268e-01 2.044528840339234765e+00
