-1.473967733410512793e+00 -4.735253895093662457e+00 -4.092657077382668263e+00 -7.595305045819267242e-02 4.003368911530900576e+00 4.782195461826381333e+00 1.618439020552186580e+00 -2.879606285795994758e+00 -5.003619234951507622e+00 -3.002500902986943832e+00 1.473967733410471048e+00 4.735253895094361454e+00 4.092657077383532460e+00 7.595305045851641346e-02 -4.003368911531389074e+00 -4.782195461827279281e+00 -1.618439020552750796e+00 2.879606285796223020e+00 5.003619234952344286e+00 3.002500902987693010e+00
-2.053666335744595450e+00 -5.112003057931389982e+00 -3.955853678507680549e+00 4.616181530239563680e-01 4.498518363583770885e+00 4.826707349538981617e+00 1.175616430797630230e+00 -3.444687348787986103e+00 -5.225089275549846590e+00 -2.697773487371578405e+00 2.053666335744648741e+00 5.112003057932179573e+00 3.955853678508556737e+00 -4.616181530237094544e-01 -4.498518363584362412e+00 -4.826707349539923086e+00 -1.175616430798143597e+00 3.444687348788317838e+00 5.225089275550753420e+00 2.697773487372306267e+00
4.245247086734031505e+00 7.967910806503450516e+00 5.121593840555171084e+00 -1.947116151082973534e+00 -7.410566156769510471e+00 -6.764526845090840013e+00 -5.416120797922939767e-01 6.127823659160323011e+00 7.745300830799168423e+00 2.977323546664483622e+00 -4.245247086734336150e+00 -7.967910806504760579e+00 -5.121593840556406541e+00 1.947116151082820101e+00 7.410566156770575397e+00 6.764526845092245111e+00 5.416120797928768438e-01 -6.127823659161033554e+00 -7.745300830800591285e+00 -2.977323546665435750e+00
4.322142554295066219e+00 8.053870966621749616e+00 5.145750601798607882e+00 -2.004678335197189742e+00 -7.502391323837110271e+00 -6.814911618959879291e+00 -5.090177667653182914e-01 6.216525346041087197e+00 7.816981604576150211e+00 2.972887663181764228e+00 -4.322142554295380634e+00 -8.053870966623076555e+00 -5.145750601799852220e+00 2.004678335197041417e+00 7.502391323838191184e+00 6.814911618961297712e+00 5.090177667659009364e-01 -6.216525346041811062e+00 -7.816981604577588172e+00 -2.972887663182721241e+00
3.088192703365603364e+00 5.457349227879764619e+00 3.327306082149337652e+00 -1.545866337978993421e+00 -5.144580953108343735e+00 -4.501951288944786356e+00 -1.477801952532884489e-01 4.328225250243363575e+00 5.235914136639319594e+00 1.826960973329184501e+00 -3.088192703365849834e+00 -5.457349227880675890e+00 -3.327306082150161437e+00 1.545866337978928362e+00 5.144580953109097798e+00 4.501951288945737595e+00 1.477801952536499375e-01 -4.328225250243884048e+00 -5.235914136640295702e+00 -1.826960973329805338e+00
-1.927118949564419648e+00 -4.162202596271734834e+00 -2.965843656719576060e+00 6.756442722218933827e-01 3.760111134735516281e+00 3.744631471734700678e+00 6.419671739763007645e-01 -2.989953797096516208e+00 -4.156868667914840110e+00 -1.896738400337508512e+00 1.927118949564517125e+00 4.162202596272397415e+00 2.965843656720258181e+00 -6.756442722217488317e-01 -3.760111134736033200e+00 -3.744631471735452521e+00 -6.419671739766654728e-01 2.989953797096833732e+00 4.156868667915580851e+00 1.896738400338056740e+00
8.248258538544188667e-01 3.091351274046860720e-03 -8.211917524773659771e-01 -9.684601540948847287e-01 -3.173014395423736644e-01 5.954499407065502181e-01 1.017294826793877505e+00 6.004518521391940533e-01 -3.114213399956557993e-01 -9.665495939364366906e-01 -8.248258538545939489e-01 -3.091351274110309966e-03 8.211917524774675625e-01 9.684601540950671383e-01 3.173014395424863521e-01 -5.954499407065988459e-01 -1.017294826794048257e+00 -6.004518521393465980e-01 3.114213399956484718e-01 9.665495939365803535e-01
-1.545153349811814403e+00 -3.553370342239429824e+00 -2.632084016391828651e+00 4.591700069797577388e-01 3.171870733187398095e+00 3.269587671311653843e+00 6.717600953611525538e-01 -2.479886317048002553e+00 -3.587041304406673348e+00 -1.736933639140418206e+00 1.545153349811876353e+00 3.553370342239987156e+00 2.632084016392423287e+00 -4.591700069796120776e-01 -3.171870733187825753e+00 -3.269587671312300881e+00 -6.717600953614848436e-01 2.479886317048254796e+00 3.587041304407305287e+00 1.736933639140903818e+00
-1.374099116167158963e-01 -7.025231035209110741e-01 -6.884555276719601657e-01 -1.068049085287073180e-01 5.628988274607387154e-01 7.685321671570228830e-01 3.405649200738088411e-01 -3.681740922219394196e-01 -7.733795234422811138e-01 -5.409880643867789329e-01 1.374099116166923873e-01 7.025231035210084407e-01 6.884555276720984995e-01 1.068049085287733763e-01 -5.628988274608003328e-01 -7.685321671571609947e-01 -3.405649200739094273e-01 3.681740922219581824e-01 7.733795234424046816e-01 5.409880643869043881e-01
-1.704550059293012954e+00 -4.159086224020103195e+00 -3.184749031690666143e+00 4.151891978591352173e-01 3.672833206516268323e+00 3.902485187981634684e+00 9.148132750545737712e-01 -2.827057684624826983e+00 -4.238218903859847231e+00 -2.155267450727182510e+00 1.704550059293063358e+00 4.159086224020748901e+00 3.184749031691374466e+00 -4.151891978589417054e-01 -3.672833206516753712e+00 -3.902485187982398962e+00 -9.148132750549843317e-01 2.827057684625103651e+00 4.238218903860585307e+00 2.155267450727769152e+00
5.972041127308856723e+00 1.154663205056816722e+01 7.601838938634420728e+00 -2.610134413704375156e+00 -1.067023596838773969e+01 -9.933480267693870047e+00 -1.007270442189686532e+00 8.749362845715744186e+00 1.129276333752482131e+01 4.526076649136733465e+00 -5.972041127309259068e+00 -1.154663205057005371e+01 -7.601838938636233500e+00 2.610134413704113143e+00 1.067023596838925670e+01 9.933480267695918187e+00 1.007270442190568271e+00 -8.749362845716740722e+00 -1.129276333752688011e+01 -4.526076649138144781e+00
-9.467539696090411239e-01 -3.697332266458614569e+00 -3.399720788489994039e+00 -2.992792163144744055e-01 3.047896969155505342e+00 3.882296994267640411e+00 1.516016867344338159e+00 -2.100112280564453648e+00 -3.984846920692648897e+00 -2.584356224688021175e+00 9.467539696089649626e-01 3.697332266459144368e+00 3.399720788490693923e+00 2.992792163147723894e-01 -3.047896969155859725e+00 -3.882296994268354062e+00 -1.516016867344821106e+00 2.100112280564594425e+00 3.984846920693300820e+00 2.584356224688642012e+00
-2.585473959263104859e+00 -5.860832089740401152e+00 -4.304347377760751492e+00 8.007682709573752389e-01 5.245706938105896278e+00 5.365930081176655264e+00 1.062322194990468871e+00 -4.117095442380072079e+00 -5.902258161613752385e+00 -2.821425162858860691e+00 2.585473959263214550e+00 5.860832089741323969e+00 4.304347377761727600e+00 -8.007682709571433133e-01 -5.245706938106606820e+00 -5.365930081177721078e+00 -1.062322194991009106e+00 4.117095442380495740e+00 5.902258161614793330e+00 2.821425162859655167e+00
-1.743909167274697136e+00 -4.005876780662506853e+00 -2.965281421073906021e+00 5.199794042543356420e-01 3.576553871707070620e+00 3.684511835383676548e+00 7.548495657641139944e-01 -2.797132950472731583e+00 -4.043076559742631915e+00 -1.955788600939509125e+00 1.743909167274767302e+00 4.005876780663135683e+00 2.965281421074575707e+00 -5.199794042541719952e-01 -3.576553871707552457e+00 -3.684511835384406631e+00 -7.548495657644880286e-01 2.797132950473016688e+00 4.043076559743344234e+00 1.955788600940056021e+00
-1.041047910752576966e+00 -3.890441995399840369e+00 -3.532440948838159400e+00 -2.621913932423342031e-01 3.224216480386549843e+00 4.052485187981554660e+00 1.539765576871959141e+00 -2.242382191835746053e+00 -4.175843941600724030e+00 -2.666616777659856385e+00 1.041047910752506134e+00 3.890441995400400810e+00 3.532440948838890815e+00 2.621913932426378491e-01 -3.224216480386928652e+00 -4.052485187982302506e+00 -1.539765576872457853e+00 2.242382191835901928e+00 4.175843941601409703e+00 2.666616777660502091e+00
-1.983267408851823399e+00 -5.711061707820205946e+00 -4.730488284726244608e+00 1.500392080114508753e-01 4.906869952195954454e+00 5.618332377624399854e+00 1.697875875893902986e+00 -3.622359577477335613e+00 -5.956214952177212751e+00 -3.379591039270087638e+00 1.983267408851816516e+00 5.711061707821063926e+00 4.730488284727261572e+00 -1.500392080111060400e-01 -4.906869952196573514e+00 -5.618332377625470109e+00 -1.697875875894540920e+00 3.622359577477649140e+00 5.956214952178223498e+00 3.379591039270955832e+00
-1.954127621076940491e+00 -5.511904946576895448e+00 -4.525505258194820080e+00 1.918544466990356190e-01 4.751043686907829411e+00 5.393332377624458829e+00 1.589198777650484340e+00 -3.525117168696234593e+00 -5.733222546375932538e+00 -3.214690153044763576e+00 1.954127621076942489e+00 5.511904946577726783e+00 4.525505258195797076e+00 -1.918544466987115449e-01 -4.751043686908431596e+00 -5.393332377625490004e+00 -1.589198777651091632e+00 3.525117168696544123e+00 5.733222546376908646e+00 3.214690153045594023e+00
1.330677650568267145e-01 -1.208413797264150658e+00 -1.553643382454095612e+00 -6.180035377924785189e-01 8.271366516961438098e-01 1.590360988787662855e+00 1.042444818365202419e+00 -3.648936076601417833e-01 -1.471402980842102748e+00 -1.364844336976234418e+00 -1.330677650569458415e-01 1.208413797264289880e+00 1.553643382454379607e+00 6.180035377926741402e-01 -8.271366516961992099e-01 -1.590360988787922203e+00 -1.042444818365452219e+00 3.648936076601058121e-01 1.471402980842312136e+00 1.364844336976514860e+00
-2.455460376319635429e+00 -5.450754681311610561e+00 -3.952286054758692213e+00 8.045637696549554629e-01 4.898107491422891258e+00 4.953506925548476048e+00 9.250891445091392606e-01 -3.865999413151951725e+00 -5.469844025353431505e+00 -2.564187887733768711e+00 2.455460376319748672e+00 5.450754681312472094e+00 3.952286054759593714e+00 -8.045637696547510709e-01 -4.898107491423559168e+00 -4.953506925549464590e+00 -9.250891445096310894e-01 3.865999413152354514e+00 5.469844025354401396e+00 2.564187887734499238e+00
-2.720525374855408351e+00 -6.041881837032026858e+00 -4.382132704947042434e+00 8.903758819193119400e-01 5.428832329725367778e+00 5.491599279243137843e+00 1.026929805952796704e+00 -4.284370889086043910e+00 -6.063509853864895049e+00 -2.843712449377740814e+00 2.720525374855533141e+00 6.041881837032982538e+00 4.382132704948040747e+00 -8.903758819190850105e-01 -5.428832329726106742e+00 -5.491599279244233855e+00 -1.026929805953342045e+00 4.284370889086489775e+00 6.063509853865969745e+00 2.843712449378550389e+00
