-1.977786404503989015e+00 -8.156541151830951630e-01 2.481888370750096939e+00 -7.182372542222082989e-01 -2.037993335654447069e+00 1.977786404501114648e+00 8.156541151861921302e-01 -2.481888370749138595e+00 7.182372542185154751e-01 2.037993335655768679e+00 -1.977786404498239836e+00 -8.156541151892929831e-01 2.481888370748180250e+00 -7.182372542148229844e-01 -2.037993335657092064e+00 1.977786404495365469e+00 8.156541151923930588e-01 -2.481888370747221906e+00 7.182372542111383762e-01 2.037993335658420779e+00
-2.353647450845949063e+00 -2.456947682765148189e-01 2.505495168498383052e+00 -1.302786404502678685e+00 -1.700328890434876339e+00 2.353647450843630917e+00 2.456947682801183808e-01 -2.505495168498293790e+00 1.302786404499016282e+00 1.700328890437047269e+00 -2.353647450841312327e+00 -2.456947682837259395e-01 2.505495168498203640e+00 -1.302786404495354322e+00 -1.700328890439221308e+00 2.353647450838994182e+00 2.456947682873329430e-01 -2.505495168498115266e+00 1.302786404491699690e+00 1.700328890441402896e+00
-1.723277907314948454e+00 -4.420473174339574207e-01 1.996478174124339589e+00 -7.918440519710931991e-01 -1.507091636216952191e+00 1.723277907312852353e+00 4.420473174366255087e-01 -1.996478174123893945e+00 7.918440519681468892e-01 1.507091636218325315e+00 -1.723277907310756030e+00 -4.420473174392967053e-01 1.996478174123448301e+00 -7.918440519652011345e-01 -1.507091636219700659e+00 1.723277907308660151e+00 4.420473174419673468e-01 -1.996478174123003102e+00 7.918440519622611529e-01 1.507091636221080666e+00
2.847745751411486559e+00 1.236019993025295527e+00 -3.611648117874386887e+00 9.961012992236942809e-01 2.996023658716292282e+00 -2.847745751407253501e+00 -1.236019993029761954e+00 3.611648117872917396e+00 -9.961012992183146952e-01 -2.996023658718144134e+00 2.847745751403020886e+00 1.236019993034233710e+00 -3.611648117871447905e+00 9.961012992129359978e-01 2.996023658719999094e+00 -2.847745751398788272e+00 -1.236019993038704357e+00 3.611648117869978858e+00 -9.961012992075685135e-01 -2.996023658721861160e+00
2.689589803379869082e+00 9.337657444317302158e-01 -3.266688770968087852e+00 1.085158946692363013e+00 2.596023658716352323e+00 -2.689589803376226662e+00 -9.337657444359220849e-01 3.266688770967038913e+00 -1.085158946687518222e+00 -2.596023658718293881e+00 2.689589803372584242e+00 9.337657444401187279e-01 -3.266688770965989530e+00 1.085158946682674097e+00 2.596023658720238991e+00 -2.689589803368942267e+00 -9.337657444443147048e-01 3.266688770964941479e+00 -1.085158946677839964e+00 -2.596023658722191207e+00
4.966844051977147068e+00 2.032246917208738957e+00 -6.222841720342425553e+00 1.813680772570344324e+00 5.101925358151977896e+00 -4.966844051969952822e+00 -2.032246917216514959e+00 6.222841720340042571e+00 -1.813680772561086618e+00 -5.101925358155309453e+00 4.966844051962758577e+00 2.032246917224300287e+00 -6.222841720337658700e+00 1.813680772551830023e+00 5.101925358158647228e+00 -4.966844051955564332e+00 -2.032246917232083838e+00 6.222841720335275717e+00 -1.813680772542592967e+00 -5.101925358161996549e+00
4.893237254227803312e+00 2.132246917207719861e+00 -6.211038321467392542e+00 1.706385870883841971e+00 5.156433855338718786e+00 -4.893237254220517585e+00 -2.132246917215395055e+00 6.211038321464855905e+00 -1.706385870874589816e+00 -5.156433855341894024e+00 4.893237254213230969e+00 2.132246917223079574e+00 -6.211038321462318379e+00 1.706385870865338994e+00 5.156433855345073702e+00 -4.893237254205946130e+00 -2.132246917230762762e+00 6.211038321459783518e+00 -1.706385870856107934e+00 -5.156433855348267592e+00
-2.146884705065203569e+00 -4.015964677141679040e-01 2.395084971873914892e+00 -1.078647450846632827e+00 -1.728444185372564279e+00 2.146884705062819254e+00 4.015964677174751474e-01 -2.395084971873575608e+00 1.078647450843112754e+00 1.728444185374397923e+00 -2.146884705060434051e+00 -4.015964677207859435e-01 2.395084971873236324e+00 -1.078647450839593347e+00 -1.728444185376234454e+00 2.146884705058050180e+00 4.015964677240961844e-01 -2.395084971872897928e+00 1.078647450836081045e+00 1.728444185378077202e+00
-7.100813061884692079e-01 -1.505321559046328139e-01 8.031152949371397343e-01 -3.458203932509605893e-01 -5.893865379052825038e-01 7.100813061876535270e-01 1.505321559057286596e-01 -8.031152949370019556e-01 3.458203932497785349e-01 5.893865379058744747e-01 -7.100813061868378462e-01 -1.505321559068257264e-01 8.031152949368640659e-01 -3.458203932485966470e-01 -5.893865379064673338e-01 7.100813061860222763e-01 1.505321559079226268e-01 -8.031152949367265093e-01 3.458203932474170350e-01 5.893865379070620802e-01
-9.505321559059791703e-01 2.444271910018272209e-01 7.994678440921970664e-01 -7.385254915628974848e-01 -3.430339887484278871e-01 9.505321559055655012e-01 -2.444271910004107706e-01 -7.994678440926592522e-01 7.385254915617655014e-01 3.430339887495883477e-01 -9.505321559051518321e-01 2.444271909989929326e-01 7.994678440931208829e-01 -7.385254915606338511e-01 -3.430339887507504182e-01 9.505321559047381630e-01 -2.444271909975752055e-01 -7.994678440935835129e-01 7.385254915595038661e-01 3.430339887519155972e-01
-6.403115294947077984e+00 -2.235362212142935068e+00 7.784645119216323295e+00 -2.575813061884427935e+00 -6.192705098306233502e+00 6.403115294938388047e+00 2.235362212152915973e+00 -7.784645119213807973e+00 2.575813061872881615e+00 6.192705098310845813e+00 -6.403115294929697221e+00 -2.235362212162908424e+00 7.784645119211292652e+00 -2.575813061861337072e+00 -6.192705098315466117e+00 6.403115294921008172e+00 2.235362212172899099e+00 -7.784645119208778219e+00 2.575813061849816066e+00 6.192705098320103296e+00
-6.100000000010385115e+00 -2.402206264112171308e+00 7.584645119217316100e+00 -2.285362212165968909e+00 -6.172213595494378424e+00 6.100000000001691625e+00 2.402206264121710788e+00 -7.584645119214524556e+00 2.285362212154693928e+00 6.172213595498547534e+00 -6.099999999992997246e+00 -2.402206264131261371e+00 7.584645119211733011e+00 -2.285362212143420280e+00 -6.172213595502723749e+00 6.099999999984305532e+00 2.402206264140809733e+00 -7.584645119208943242e+00 2.285362212132170168e+00 6.172213595506915951e+00
-1.206966011253133519e+00 -9.847524157473268591e-01 1.815576474687791597e+00 -1.373355547835041768e-01 -1.730698433967585714e+00 1.206966011250638626e+00 9.847524157492719699e-01 -1.815576474686500408e+00 1.373355547807586508e-01 1.730698433967990280e+00 -1.206966011248143733e+00 -9.847524157512195231e-01 1.815576474685209885e+00 -1.373355547780134023e-01 -1.730698433968395733e+00 1.206966011245648840e+00 9.847524157531667433e-01 -1.815576474683918917e+00 1.373355547752744266e-01 1.730698433968803407e+00
1.573606797753136055e+00 6.821692767151672498e-01 -1.995210596843412176e+00 5.509386868469380305e-01 1.654711762654813123e+00 -1.573606797750798370e+00 -6.821692767176350536e-01 1.995210596842601269e+00 -5.509386868439662965e-01 -1.654711762655837193e+00 1.573606797748460906e+00 6.821692767201059659e-01 -1.995210596841790585e+00 5.509386868409948956e-01 1.654711762656862817e+00 -1.573606797746123220e+00 -6.821692767225762122e-01 1.995210596840980122e+00 -5.509386868380298230e-01 -1.654711762657892438e+00
-1.736803398876555216e+00 -1.533185604025679716e-01 1.831559480311207411e+00 -9.786474508457867483e-01 -1.226722092685389898e+00 1.736803398874886994e+00 1.533185604052239581e-01 -1.831559480311181654e+00 9.786474508431124431e-01 1.226722092687015264e+00 -1.736803398873218773e+00 -1.533185604078828868e-01 1.831559480311155896e+00 -9.786474508404385819e-01 -1.226722092688642629e+00 1.736803398871550774e+00 1.533185604105413158e-01 -1.831559480311131027e+00 9.786474508377698278e-01 1.226722092690275323e+00
-1.927254248596322661e+00 -4.974168609643054850e-01 2.234674775248973955e+00 -8.836881039403370330e-01 -1.688525491560102898e+00 1.927254248593973873e+00 4.974168609672898755e-01 -2.234674775248471246e+00 8.836881039370390045e-01 1.688525491561636338e+00 -1.927254248591624863e+00 -4.974168609702774857e-01 2.234674775247968093e+00 -8.836881039337413091e-01 -1.688525491563171554e+00 1.927254248589276298e+00 4.974168609732647628e-01 -2.234674775247465828e+00 8.836881039304502750e-01 1.688525491564712544e+00
-1.766844051971995455e+00 -6.283185604021840343e-01 2.155166278062323304e+00 -7.036474508467492894e-01 -1.720288237341923265e+00 1.766844051969579832e+00 6.283185604049393858e-01 -2.155166278061612761e+00 7.036474508435516251e-01 1.720288237343186477e+00 -1.766844051967164431e+00 -6.283185604076979569e-01 2.155166278060902219e+00 -7.036474508403542938e-01 -1.720288237344451687e+00 1.766844051964749251e+00 6.283185604104559729e-01 -2.155166278060191676e+00 7.036474508371637349e-01 1.720288237345721782e+00
-1.130040653094910308e+00 -1.482779073099537714e-01 1.221681439592919194e+00 -6.067627457826677562e-01 -8.466814395922053205e-01 1.130040653093751235e+00 1.482779073116873569e-01 -1.221681439592832152e+00 6.067627457808787428e-01 8.466814395932226178e-01 -1.130040653092591940e+00 -1.482779073134228576e-01 1.221681439592744889e+00 -6.067627457790899514e-01 -8.466814395942414695e-01 1.130040653091432867e+00 1.482779073151581084e-01 -1.221681439592658291e+00 6.067627457773046018e-01 8.466814395952635408e-01
-1.258688103938870428e+00 -1.446304564661629044e-01 1.348074641843105548e+00 -6.885254915639380524e-01 -9.225424859360801255e-01 1.258688103937610325e+00 1.446304564680915838e-01 -1.348074641843038490e+00 6.885254915619660743e-01 9.225424859372304276e-01 -1.258688103936350222e+00 -1.446304564700223172e-01 1.348074641842971211e+00 -6.885254915599943182e-01 -9.225424859383820619e-01 1.258688103935090563e+00 1.446304564719527730e-01 -1.348074641842904597e+00 6.885254915580265589e-01 9.225424859395375821e-01
-9.513932022512564535e-01 -1.836881039353119305e-01 1.064918693812057837e+00 -4.744678440950762521e-01 -7.716814395925450931e-01 9.513932022501910835e-01 1.836881039367780910e-01 -1.064918693811899297e+00 4.744678440935106156e-01 7.716814395933528914e-01 -9.513932022491256024e-01 -1.836881039382459724e-01 1.064918693811740535e+00 -4.744678440919452012e-01 -7.716814395941621330e-01 9.513932022480602324e-01 1.836881039397135207e-01 -1.064918693811582440e+00 4.744678440903828953e-01 7.716814395949740391e-01
