-2.277864045008615168e-01 -1.642172942406738168e+00 -2.429305231718707159e+00 -2.288525491562109160e+00 -1.273606797749364361e+00 2.277864045007313987e-01 1.642172942406712188e+00 2.429305231718795977e+00 2.288525491562277026e+00 1.273606797749548658e+00 -2.277864045006010585e-01 -1.642172942406686431e+00 -2.429305231718883018e+00 -2.288525491562444891e+00 -1.273606797749730513e+00 2.277864045004710514e-01 1.642172942406660230e+00 2.429305231718970948e+00 2.288525491562611869e+00 1.273606797749915032e+00
-6.977457514071223610e-01 -2.334878040719146064e+00 -3.080166278062271168e+00 -2.648935688186913495e+00 -1.205901699436764174e+00 6.977457514069849154e-01 2.334878040719145176e+00 3.080166278062407503e+00 2.648935688187133319e+00 1.205901699436985552e+00 -6.977457514068472477e-01 -2.334878040719144732e+00 -3.080166278062542506e+00 -2.648935688187353588e+00 -1.205901699437203600e+00 6.977457514067099131e-01 2.334878040719143844e+00 3.080166278062677954e+00 2.648935688187573856e+00 1.205901699437424979e+00
-6.586881039381063951e-01 -1.711271242968930961e+00 -2.110206931155939714e+00 -1.703115294937018076e+00 -6.454915028119651010e-01 6.586881039380244607e-01 1.711271242968944284e+00 2.110206931156044519e+00 1.703115294937172175e+00 6.454915028121110954e-01 -6.586881039379423042e-01 -1.711271242968958273e+00 -2.110206931156147103e+00 -1.703115294937326496e+00 -6.454915028122549803e-01 6.586881039378603697e-01 1.711271242968971595e+00 2.110206931156250576e+00 1.703115294937480373e+00 6.454915028124013077e-01
5.941640786501208638e+00 1.096570209965572573e+01 1.180123792124804538e+01 8.129101966247898048e+00 1.351925358154660639e+00 -5.941640786500901328e+00 -1.096570209965597797e+01 -1.180123792124876303e+01 -8.129101966248802213e+00 -1.351925358155408485e+00 5.941640786500595794e+00 1.096570209965623377e+01 1.180123792124947535e+01 8.129101966249706379e+00 1.351925358156144785e+00 -5.941640786500288485e+00 -1.096570209965648601e+01 -1.180123792125018767e+01 -8.129101966250606992e+00 -1.351925358156894408e+00
5.993895035094784163e+00 1.059939020359316331e+01 1.115627857434181003e+01 7.451847717654230152e+00 9.010643118110595040e-01 -5.993895035094520374e+00 -1.059939020359343154e+01 -1.115627857434251169e+01 -7.451847717655089909e+00 -9.010643118117549477e-01 5.993895035094255697e+00 1.059939020359370154e+01 1.115627857434320802e+01 7.451847717655950554e+00 9.010643118124392892e-01 -5.993895035093991019e+00 -1.059939020359397155e+01 -1.115627857434390258e+01 -7.451847717656811199e+00 -9.010643118131360652e-01
7.446681439596435581e+00 1.628406497884368420e+01 1.890148917118480654e+01 1.429918693812165387e+01 4.235081306184611094e+00 -7.446681439595804974e+00 -1.628406497884392579e+01 -1.890148917118583327e+01 -1.429918693812306074e+01 -4.235081306185872307e+00 7.446681439595174368e+00 1.628406497884417092e+01 1.890148917118684935e+01 1.429918693812446939e+01 4.235081306187113981e+00 -7.446681439594543761e+00 -1.628406497884441251e+01 -1.890148917118786898e+01 -1.429918693812587627e+01 -4.235081306188376971e+00
7.604837387627558343e+00 1.602226157996862099e+01 1.831972642540358009e+01 1.361967844093421220e+01 3.717376207872187699e+00 -7.604837387626973921e+00 -1.602226157996888745e+01 -1.831972642540459617e+01 -1.361967844093558355e+01 -3.717376207873396954e+00 7.604837387626387724e+00 1.602226157996915390e+01 1.831972642540560514e+01 1.361967844093695668e+01 3.717376207874589777e+00 -7.604837387625802414e+00 -1.602226157996942035e+01 -1.831972642540661411e+01 -1.361967844093832802e+01 -3.717376207875801697e+00
-2.873355547820057865e-01 -1.574467844094213032e+00 -2.260206931156241161e+00 -2.082623792124714601e+00 -1.109549150280758845e+00 2.873355547818897682e-01 1.574467844094194602e+00 2.260206931156327759e+00 2.082623792124872253e+00 1.109549150280928043e+00 -2.873355547817736388e-01 -1.574467844094176616e+00 -2.260206931156413468e+00 -2.082623792125029905e+00 -1.109549150281095020e+00 2.873355547816577316e-01 1.574467844094158187e+00 2.260206931156499621e+00 2.082623792125187112e+00 1.109549150281264218e+00
8.576237921246574469e-01 8.031152949370983229e-01 4.418440519684704859e-01 -8.819660112514082773e-02 -5.845491502811768214e-01 -8.576237921246887552e-01 -8.031152949371576089e-01 -4.418440519685350454e-01 8.819660112509553063e-02 5.845491502811681617e-01 8.576237921247201745e-01 8.031152949372168948e-01 4.418440519685997714e-01 -8.819660112505017802e-02 -5.845491502811599460e-01 -8.576237921247512608e-01 -8.031152949372761807e-01 -4.418440519686638868e-01 8.819660112500476989e-02 5.845491502811512863e-01
6.399186938122490842e-01 7.149186938121361301e-01 5.168440519684744938e-01 1.213525491560739633e-01 -3.204915028125111531e-01 -6.399186938122611856e-01 -7.149186938121769863e-01 -5.168440519685284507e-01 -1.213525491561204261e-01 3.204915028124899479e-01 6.399186938122733981e-01 7.149186938122178425e-01 5.168440519685824075e-01 1.213525491561668335e-01 -3.204915028124692422e-01 -6.399186938122854995e-01 -7.149186938122586987e-01 -5.168440519686360313e-01 -1.213525491562132963e-01 3.204915028124479259e-01
-3.671555814628897352e+00 -1.457193268953242438e+01 -1.990632655881058355e+01 -1.763718027377813513e+01 -8.631230589871735859e+00 3.671555814627952774e+00 1.457193268953234977e+01 1.990632655881141488e+01 1.763718027377954201e+01 8.631230589873190695e+00 -3.671555814627006864e+00 -1.457193268953228227e+01 -1.990632655881223556e+01 -1.763718027378094888e+01 -8.631230589874624215e+00 3.671555814626062730e+00 1.457193268953221121e+01 1.990632655881305979e+01 1.763718027378235575e+01 8.631230589876082604e+00
-3.620694768285249943e+00 -1.447332589178253315e+01 -1.979763845487311613e+01 -1.755992602518442425e+01 -8.614918693809244132e+00 3.620694768284308473e+00 1.447332589178245676e+01 1.979763845487394036e+01 1.755992602518582046e+01 8.614918693810690087e+00 -3.620694768283365228e+00 -1.447332589178238749e+01 -1.979763845487475393e+01 -1.755992602518722379e+01 -8.614918693812118278e+00 3.620694768282424203e+00 1.447332589178231110e+01 1.979763845487557461e+01 1.755992602518862000e+01 8.614918693813567785e+00
-8.609423525317210224e-01 -1.676722092687739973e+00 -1.852050983124925443e+00 -1.319959346906069086e+00 -2.836881039372098900e-01 8.609423525316680648e-01 1.676722092687773946e+00 1.852050983125033579e+00 1.319959346906209419e+00 2.836881039373293500e-01 -8.609423525316151071e-01 -1.676722092687808141e+00 -1.852050983125141048e+00 -1.319959346906349973e+00 -2.836881039374470892e-01 8.609423525315622605e-01 1.676722092687842114e+00 1.852050983125248518e+00 1.319959346906490083e+00 2.836881039375668268e-01
3.919427191000892208e+00 7.794552815968362580e+00 8.692424192342270928e+00 6.270084971873389534e+00 1.452786404498813688e+00 -3.919427191000635524e+00 -7.794552815968512682e+00 -8.692424192342773637e+00 -6.270084971874046786e+00 -1.452786404499377904e+00 3.919427191000378841e+00 7.794552815968663673e+00 8.692424192343269240e+00 6.270084971874703150e+00 1.452786404499934347e+00 -3.919427191000122157e+00 -7.794552815968813775e+00 -8.692424192343766620e+00 -6.270084971875359514e+00 -1.452786404500500117e+00
5.730746418429862876e-01 -1.173606797750441633e+00 -2.472010330031169545e+00 -2.826189936780885148e+00 -2.100861046343253324e+00 -5.730746418431731382e-01 1.173606797750351927e+00 2.472010330031211733e+00 2.826189936781041911e+00 2.100861046343465599e+00 5.730746418433598777e-01 -1.173606797750262665e+00 -2.472010330031252145e+00 -2.826189936781197787e+00 -2.100861046343674765e+00 -5.730746418435462841e-01 1.173606797750172737e+00 2.472010330031293890e+00 2.826189936781353218e+00 2.100861046343887040e+00
-2.778640450073543988e-02 -1.794427191000365962e+00 -2.875657780874907310e+00 -2.858484838468380751e+00 -1.749467844093212765e+00 2.778640450056502065e-02 1.794427191000316224e+00 2.875657780874997460e+00 2.858484838468575262e+00 1.749467844093438362e+00 -2.778640450039460141e-02 -1.794427191000266708e+00 -2.875657780875085834e+00 -2.858484838468769773e+00 -1.749467844093660851e+00 2.778640450022440422e-02 1.794427191000216748e+00 2.875657780875175984e+00 2.858484838468963396e+00 1.749467844093886448e+00
1.267220926867324016e-01 -1.200861046344169791e+00 -2.069756081437399420e+00 -2.148074641843374710e+00 -1.405901699436959973e+00 -1.267220926868649622e-01 1.200861046344122718e+00 2.069756081437455375e+00 2.148074641843511934e+00 1.405901699437126950e+00 1.267220926869976338e-01 -1.200861046344075422e+00 -2.069756081437510442e+00 -2.148074641843649157e+00 -1.405901699437291485e+00 -1.267220926871298614e-01 1.200861046344027905e+00 2.069756081437566397e+00 2.148074641843785937e+00 1.405901699437458241e+00
5.494678440933653540e-01 1.986067977496450698e-01 -2.281152949376684669e-01 -5.677050983125100370e-01 -6.904508497185853910e-01 -5.494678440934160912e-01 -1.986067977496922266e-01 2.281152949376428207e-01 5.677050983125154771e-01 6.904508497186201410e-01 5.494678440934668284e-01 1.986067977497394388e-01 -2.281152949376167860e-01 -5.677050983125208061e-01 -6.904508497186544469e-01 -5.494678440935174546e-01 -1.986067977497867343e-01 2.281152949375913896e-01 5.677050983125261352e-01 6.904508497186891969e-01
1.048074641843284693e+00 8.281152949369836591e-01 2.918440519684022960e-01 -3.559016994376257292e-01 -8.677050983123462125e-01 -1.048074641843337762e+00 -8.281152949370605976e-01 -2.918440519684735723e-01 3.559016994375870935e-01 8.677050983123550942e-01 1.048074641843391053e+00 8.281152949371375360e-01 2.918440519685451817e-01 -3.559016994375484022e-01 -8.677050983123643091e-01 -1.048074641843443899e+00 -8.281152949372145855e-01 -2.918440519686159029e-01 3.559016994375095999e-01 8.677050983123730798e-01
9.921729424058590707e-01 5.913118960621169817e-01 -3.541019662521097122e-02 -6.486067977500376003e-01 -1.014057647468596945e+00 -9.921729424059280156e-01 -5.913118960621953635e-01 3.541019662515309391e-02 6.486067977500221682e-01 1.014057647468630030e+00 9.921729424059970714e-01 5.913118960622738562e-01 -3.541019662509472393e-02 -6.486067977500065140e-01 -1.014057647468662893e+00 -9.921729424060660163e-01 -5.913118960623523490e-01 3.541019662503730459e-02 6.486067977499906378e-01 1.014057647468695977e+00
