2.390450849718314341e+00 -1.662790070179743118e+00 2.999999999894750191e-01 1.177379873571424707e+00 -2.205040653098622183e+00 2.390450849718644744e+00 -1.662790070183680857e+00 2.999999999955181296e-01 1.177379873565588486e+00 -2.205040653095220016e+00 2.390450849718974702e+00 -1.662790070187620817e+00 3.000000000015569657e-01 1.177379873559754042e+00 -2.205040653091814740e+00 2.390450849719306436e+00 -1.662790070191556779e+00 3.000000000076040174e-01 1.177379873553919154e+00 -2.205040653088413460e+00
2.030901699436946650e+00 -1.428773075805753301e+00 2.809016994284703750e-01 9.742645786325440094e-01 -1.857294901691453282e+00 2.030901699437157593e+00 -1.428773075809036897e+00 2.809016994335737927e-01 9.742645786275730968e-01 -1.857294901688511857e+00 2.030901699437368535e+00 -1.428773075812322269e+00 2.809016994386736021e-01 9.742645786226039606e-01 -1.857294901685568211e+00 2.030901699437580366e+00 -1.428773075815604088e+00 2.809016994437804615e-01 9.742645786176342693e-01 -1.857294901682627897e+00
-5.798074641837524190e+00 3.426441186696064012e+00 2.539763413082920529e-01 -3.837383539270864397e+00 5.955040653103226944e+00 -5.798074641840951671e+00 3.426441186707953612e+00 2.539763412924769259e-01 -3.837383539257173570e+00 5.955040653096885350e+00 -5.798074641844376487e+00 3.426441186719848986e+00 2.539763412766723460e-01 -3.837383539243487185e+00 5.955040653090539315e+00 -5.798074641847804855e+00 3.426441186731733257e+00 2.539763412608467830e-01 -3.837383539229800355e+00 5.955040653084198610e+00
5.272542485925049149e-01 -2.868033988720337102e-01 -6.319660112834787902e-02 3.890576474711607280e-01 -5.663118960632620436e-01 5.272542485929236911e-01 -2.868033988732104911e-01 -6.319660112686242837e-02 3.890576474699347087e-01 -5.663118960627633314e-01 5.272542485933425782e-01 -2.868033988743877161e-01 -6.319660112537793528e-02 3.890576474687091890e-01 -5.663118960622642861e-01 5.272542485937615764e-01 -2.868033988755639418e-01 -6.319660112389149931e-02 3.890576474674835028e-01 -5.663118960617657960e-01
-2.505901699432903751e+00 1.254634122144956621e+00 4.758610463560157822e-01 -2.024593469071132912e+00 2.800000000003183942e+00 -2.505901699435364005e+00 1.254634122150967368e+00 4.758610463487488729e-01 -2.024593469065389506e+00 2.800000000001154898e+00 -2.505901699437823371e+00 1.254634122156980780e+00 4.758610463414866265e-01 -2.024593469059647877e+00 2.799999999999125411e+00 -2.505901699440283625e+00 1.254634122162988863e+00 4.758610463342148877e-01 -2.024593469053905803e+00 2.799999999997097699e+00
-2.157294901685220978e+00 1.254634122147841424e+00 1.272542486037143428e-01 -1.460535821601364859e+00 2.235942352534772137e+00 -2.157294901686583444e+00 1.254634122152343378e+00 1.272542485977913862e-01 -1.460535821596286699e+00 2.235942352532476196e+00 -2.157294901687945465e+00 1.254634122156847331e+00 1.272542485918723154e-01 -1.460535821591209649e+00 2.235942352530178479e+00 -2.157294901689308819e+00 1.254634122161347065e+00 1.272542485859454453e-01 -1.460535821586132599e+00 2.235942352527883425e+00
2.674138953652593464e+00 -1.551847717644644575e+00 -1.631966011384802240e-01 1.815905365135025873e+00 -2.775000000004181899e+00 2.674138953654297435e+00 -1.551847717650238101e+00 -1.631966011311317688e-01 1.815905365128733129e+00 -2.775000000001346390e+00 2.674138953656000517e+00 -1.551847717655833847e+00 -1.631966011237881986e-01 1.815905365122442827e+00 -2.774999999998509104e+00 2.674138953657704931e+00 -1.551847717661424930e+00 -1.631966011164349417e-01 1.815905365116151637e+00 -2.774999999995674038e+00
3.326393202247489356e+00 -2.152708763987653651e+00 1.567627457658211099e-01 1.899061313168417309e+00 -3.229508497193225747e+00 3.326393202248646652e+00 -2.152708763993754104e+00 1.567627457745376929e-01 1.899061313160419262e+00 -3.229508497188998906e+00 3.326393202249803061e+00 -2.152708763999858110e+00 1.567627457832482807e-01 1.899061313152423880e+00 -3.229508497184768068e+00 3.326393202250961245e+00 -2.152708764005955899e+00 1.567627457919705813e-01 1.899061313144428498e+00 -3.229508497180542115e+00
1.946352549154005684e+00 -1.177912029461051890e+00 -4.045084972781150950e-02 1.243362879194318982e+00 -1.971352549159133716e+00 1.946352549155036193e+00 -1.177912029464936561e+00 -4.045084972255536676e-02 1.243362879189701786e+00 -1.971352549156917489e+00 1.946352549156066480e+00 -1.177912029468822785e+00 -4.045084971730276285e-02 1.243362879185086145e+00 -1.971352549154699707e+00 1.946352549157097211e+00 -1.177912029472705457e+00 -4.045084971204316454e-02 1.243362879180470282e+00 -1.971352549152484146e+00
-2.444959346903011976e+00 1.371478174115042137e+00 2.258610463552184200e-01 -1.736929023852317400e+00 2.584549150284880970e+00 -2.444959346904774566e+00 1.371478174120339011e+00 2.258610463484093667e-01 -1.736929023846600417e+00 2.584549150282437591e+00 -2.444959346906536712e+00 1.371478174125638105e+00 2.258610463416047820e-01 -1.736929023840885211e+00 2.584549150279992435e+00 -2.444959346908300191e+00 1.371478174130932315e+00 2.258610463347912600e-01 -1.736929023835170005e+00 2.584549150277549945e+00
9.045084971861941381e-02 -6.094235253114552164e-02 8.155948031194480696e-03 4.774575140618252805e-02 -8.541019662482286778e-02 9.045084971864046641e-02 -6.094235253130214636e-02 8.155948031426909356e-03 4.774575140596319656e-02 -8.541019662470035467e-02 9.045084971866151902e-02 -6.094235253145882658e-02 8.155948031659176686e-03 4.774575140574395526e-02 -8.541019662457774442e-02 9.045084971868258550e-02 -6.094235253161537497e-02 8.155948031891756267e-03 4.774575140552469316e-02 -8.541019662445524518e-02
-2.210410196621243273e+00 1.158813728896860962e+00 3.354101966352430186e-01 -1.701518827225969144e+00 2.417705098315106049e+00 -2.210410196623187939e+00 1.158813728901962214e+00 3.354101966289324555e-01 -1.701518827220862784e+00 2.417705098313152501e+00 -2.210410196625131718e+00 1.158813728907065688e+00 3.354101966226258891e-01 -1.701518827215757979e+00 2.417705098311198064e+00 -2.210410196627076829e+00 1.158813728912164498e+00 3.354101966163112181e-01 -1.701518827210652951e+00 2.417705098309244960e+00
-6.809016994368574105e-01 4.076237921227112149e-01 2.135254915889562774e-02 -4.421729424082103121e-01 6.940983005633555303e-01 -6.809016994372372178e-01 4.076237921240873363e-01 2.135254915704835887e-02 -4.421729424065984349e-01 6.940983005625941393e-01 -6.809016994376168030e-01 4.076237921254641239e-01 2.135254915520231819e-02 -4.421729424049871682e-01 6.940983005618323043e-01 -6.809016994379968324e-01 4.076237921268395792e-01 2.135254915335383155e-02 -4.421729424033757905e-01 6.940983005610712464e-01
-2.197745751403979320e+00 1.275125624960329995e+00 1.345491502912864457e-01 -1.492830723288934847e+00 2.280901699441041153e+00 -2.197745751405380421e+00 1.275125624964928095e+00 1.345491502852466104e-01 -1.492830723283763650e+00 2.280901699438711905e+00 -2.197745751406781523e+00 1.275125624969528415e+00 1.345491502792107719e-01 -1.492830723278593785e+00 2.280901699436380881e+00 -2.197745751408183068e+00 1.275125624974124294e+00 1.345491502731669675e-01 -1.492830723273423921e+00 2.280901699434051633e+00
4.762335554777728852e+00 -3.026973342607357953e+00 1.354101966029935267e-01 2.807875042079916561e+00 -4.678647450852180256e+00 4.762335554779623337e+00 -3.026973342616304130e+00 1.354101966155778491e-01 2.807875042068508353e+00 -4.678647450846301403e+00 4.762335554781516933e+00 -3.026973342625254748e+00 1.354101966281536229e-01 2.807875042057103698e+00 -4.678647450840418109e+00 4.762335554783413194e+00 -3.026973342634196928e+00 1.354101966407462720e-01 2.807875042045698599e+00 -4.678647450834541033e+00
-2.044959346902619490e+00 1.061067977490886216e+00 3.281152949474551161e-01 -1.591969676944574363e+00 2.247745751408873449e+00 -2.044959346904466013e+00 1.061067977495647963e+00 3.281152949415959141e-01 -1.591969676939858802e+00 2.247745751407100201e+00 -2.044959346906312092e+00 1.061067977500411708e+00 3.281152949357404314e-01 -1.591969676935144795e+00 2.247745751405327397e+00 -2.044959346908159059e+00 1.061067977505171234e+00 3.281152949298773436e-01 -1.591969676930430566e+00 2.247745751403555037e+00
-2.430040653090687286e+00 1.365044318771271525e+00 2.213525491678205170e-01 -1.723200266821152349e+00 2.566844051972557050e+00 -2.430040653092430780e+00 1.365044318776528431e+00 2.213525491610567331e-01 -1.723200266815468673e+00 2.566844051970122109e+00 -2.430040653094173830e+00 1.365044318781787558e+00 2.213525491542973900e-01 -1.723200266809786774e+00 2.566844051967686280e+00 -2.430040653095918213e+00 1.365044318787042021e+00 2.213525491475291096e-01 -1.723200266804104874e+00 2.566844051965252671e+00
-1.940450849717723081e+00 1.226518827212149887e+00 -4.409830055406249033e-02 -1.155166278069374108e+00 1.913196601128575480e+00 -1.940450849718524662e+00 1.226518827215821617e+00 -4.409830055920314212e-02 -1.155166278064731156e+00 1.913196601126201601e+00 -1.940450849719326021e+00 1.226518827219495122e+00 -4.409830056434028284e-02 -1.155166278060089535e+00 1.913196601123826168e+00 -1.940450849720128268e+00 1.226518827223164854e+00 -4.409830056948432081e-02 -1.155166278055447693e+00 1.913196601121452955e+00
-2.183155948029285476e+00 1.348732422710549050e+00 8.610463536652332439e-04 -1.350125624976479033e+00 2.183688103941125558e+00 -2.183155948030321980e+00 1.348732422714800316e+00 8.610463478220878319e-04 -1.350125624971279192e+00 2.183688103938552949e+00 -2.183155948031358484e+00 1.348732422719053359e+00 8.610463419828906506e-04 -1.350125624966080684e+00 2.183688103935979008e+00 -2.183155948032395877e+00 1.348732422723302626e+00 8.610463361359080303e-04 -1.350125624960882398e+00 2.183688103933407287e+00
-2.899999999997538325e+00 1.730495168489258218e+00 1.000000000131956723e-01 -1.892298567385403585e+00 2.961803398880050509e+00 -2.899999999999180123e+00 1.730495168495140845e+00 1.000000000053173493e-01 -1.892298567378542851e+00 2.961803398876825977e+00 -2.900000000000821032e+00 1.730495168501026138e+00 9.999999999744429990e-02 -1.892298567371684781e+00 2.961803398873598780e+00 -2.900000000002463718e+00 1.730495168506905657e+00 9.999999998956078662e-02 -1.892298567364826045e+00 2.961803398870374693e+00
