-3.513895773476366280e+00 -8.158145581129456758e+00 -1.200381925815897333e+01 -1.467447547067321345e+01 -1.590869178103531212e+01 -1.558565449749636045e+01 -1.373698476010224567e+01 -1.054364324318857271e+01 -6.318216463749489975e+00 -1.474318635236003594e+00 3.513895773476296558e+00 8.158145581129241819e+00 1.200381925815863049e+01 1.467447547067277647e+01 1.590869178103482540e+01 1.558565449749586662e+01 1.373698476010180158e+01 1.054364324318821566e+01 6.318216463749251055e+00 1.474318635235917219e+00
-3.353899164001544975e+00 -8.119665633121252668e+00 -1.209062265703399319e+01 -1.487806529495472496e+01 -1.620913924022892516e+01 -1.595354970095566571e+01 -1.413631556203603878e+01 -1.093532036240227434e+01 -6.663899814839504998e+00 -1.740170323280111120e+00 3.353899164001481470e+00 8.119665633121039505e+00 1.209062265703364858e+01 1.487806529495428087e+01 1.620913924022843133e+01 1.595354970095515945e+01 1.413631556203558226e+01 1.093532036240190486e+01 6.663899814839254532e+00 1.740170323280015863e+00
5.668391827881671396e+00 1.198545864724705012e+01 1.712930526661910235e+01 2.059641613960689455e+01 2.204740629718049760e+01 2.134024271307373866e+01 1.854414748599739227e+01 1.393282189831870710e+01 7.957654627554269666e+00 1.203536677604874372e+00 -5.668391827881548828e+00 -1.198545864724672860e+01 -1.712930526661860853e+01 -2.059641613960627993e+01 -2.204740629717982259e+01 -2.134024271307305654e+01 -1.854414748599678830e+01 -1.393282189831823281e+01 -7.957654627553962357e+00 -1.203536677604780891e+00
5.791092701550359934e+00 1.230083406281639391e+01 1.760648408106344576e+01 2.118868876586812533e+01 2.269679696399413160e+01 2.198318453740122536e+01 1.911770484243445978e+01 1.438085099660821875e+01 8.236299257953360708e+00 1.285521162258784544e+00 -5.791092701550235589e+00 -1.230083406281606351e+01 -1.760648408106293772e+01 -2.118868876586749295e+01 -2.269679696399343172e+01 -2.198318453740052547e+01 -1.911770484243384516e+01 -1.438085099660772848e+01 -8.236299257953042741e+00 -1.285521162258686845e+00
1.368442928635306588e+00 5.503643306958370118e+00 9.100108732258600952e+00 1.180579211065955114e+01 1.335584230147874329e+01 1.359852959220408763e+01 1.251009805991759904e+01 1.019709096654790770e+01 6.885921562062081946e+00 2.900710178045004639e+00 -1.368442928635298594e+00 -5.503643306958233339e+00 -9.100108732258348709e+00 -1.180579211065920298e+01 -1.335584230147833829e+01 -1.359852959220365953e+01 -1.251009805991720114e+01 -1.019709096654757019e+01 -6.885921562061833257e+00 -2.900710178044880738e+00
-1.629392083059538532e+00 -5.541222389647583846e+00 -8.910639240770313663e+00 -1.140782063893220766e+01 -1.278832506999530771e+01 -1.291701914170721821e+01 -1.178130538166445085e+01 -9.492355365683067703e+00 -6.274227469379856537e+00 -2.441934473260480853e+00 1.629392083059520768e+00 5.541222389647443514e+00 8.910639240770063196e+00 1.140782063893187015e+01 1.278832506999491869e+01 1.291701914170681320e+01 1.178130538166407426e+01 9.492355365682751511e+00 6.274227469379628275e+00 2.441934473260372940e+00
-2.864675744781008504e+00 -2.288249747801506917e+00 -1.487833922333724690e+00 -5.417785461994306662e-01 4.573098888299516052e-01 1.411633645675300253e+00 2.227776865851999410e+00 2.825849764564969835e+00 3.147308799469278995e+00 3.160687320491697427e+00 2.864675744780916133e+00 2.288249747801430090e+00 1.487833922333670067e+00 5.417785461994052421e-01 -4.573098888299448328e-01 -1.411633645675264725e+00 -2.227776865851936350e+00 -2.825849764564886346e+00 -3.147308799469183516e+00 -3.160687320491598395e+00
-2.692913011046606186e+00 -6.501187365396597251e+00 -9.673080203985684022e+00 -1.189810455589585736e+01 -1.295845953490592528e+01 -1.275035020774283012e+01 -1.129414776533223908e+01 -8.732395448696331997e+00 -5.315855423365350774e+00 -1.378962431452788406e+00 2.692913011046555116e+00 6.501187365396425832e+00 9.673080203985408687e+00 1.189810455589550386e+01 1.295845953490552738e+01 1.275035020774242511e+01 1.129414776533187670e+01 8.732395448696037121e+00 5.315855423365150934e+00 1.378962431452712689e+00
2.539567905633726141e-01 -1.328550311348736024e+00 -2.781009652231704266e+00 -3.961244391920617058e+00 -4.753724930915761426e+00 -5.080877752523708324e+00 -4.910678859157728837e+00 -4.259788504345912052e+00 -3.191920371037006987e+00 -1.811604832394074549e+00 -2.539567905633518530e-01 1.328550311348708046e+00 2.781009652231630547e+00 3.961244391920502927e+00 4.753724930915619318e+00 5.080877752523550228e+00 4.910678859157574294e+00 4.259788504345772608e+00 3.191920371036896853e+00 1.811604832394006603e+00
-8.883663543250022165e-01 -5.138108837840849041e+00 -8.884897428999490643e+00 -1.176197035508717015e+01 -1.348769967235264211e+01 -1.389315897135880107e+01 -1.293865907091787193e+01 -1.071763307167689305e+01 -7.447490473239641418e+00 -3.448335617564405986e+00 8.883663543250102101e-01 5.138108837840723808e+00 8.884897428999243729e+00 1.176197035508682553e+01 1.348769967235223355e+01 1.389315897135836764e+01 1.293865907091746159e+01 1.071763307167653778e+01 7.447490473239376740e+00 3.448335617564264766e+00
7.744471792653510711e+00 1.749697142886622814e+01 2.553674559305313352e+01 3.107680517362317829e+01 3.357485053896537153e+01 3.278635560381454184e+01 2.878850374619052133e+01 2.197263256058936776e+01 1.300592700762468112e+01 2.766110701531851124e+00 -7.744471792653353504e+00 -1.749697142886576273e+01 -2.553674559305240521e+01 -3.107680517362225103e+01 -3.357485053896434124e+01 -3.278635560381350444e+01 -2.878850374618959052e+01 -2.197263256058862169e+01 -1.300592700762418374e+01 -2.766110701531679705e+00
-1.602796026837956411e+00 -5.332506549742899615e+00 -8.540234177801165671e+00 -1.091198418122584179e+01 -1.221559314472776592e+01 -1.232345474018165632e+01 -1.122501072310855186e+01 -9.027784447209082686e+00 -5.946855729343938357e+00 -2.283807338510377871e+00 1.602796026837938204e+00 5.332506549742764612e+00 8.540234177800925863e+00 1.091198418122552027e+01 1.221559314472739466e+01 1.232345474018126730e+01 1.122501072310819481e+01 9.027784447208782481e+00 5.946855729343721642e+00 2.283807338510276175e+00
-3.811696331000172133e+00 -9.431400705782262861e+00 -1.412789386704966077e+01 -1.744145034178553644e+01 -1.904771613533726082e+01 -1.878945876032014084e+01 -1.669195824798579153e+01 -1.296053256262692699e+01 -7.960439648697956727e+00 -2.181123438310095253e+00 3.811696331000101079e+00 9.431400705782015947e+00 1.412789386704925931e+01 1.744145034178501774e+01 1.904771613533667818e+01 1.878945876031954398e+01 1.669195824798525507e+01 1.296053256262649001e+01 7.960439648697658299e+00 2.181123438309978901e+00
1.022960189948278531e+00 -2.034190399206541322e+00 -4.892220259049103070e+00 -7.271365513833067951e+00 -8.938738849540474263e+00 -9.731126146799155663e+00 -9.570963016066485807e+00 -8.473927340500747363e+00 -6.547404615523312543e+00 -3.979976308328088130e+00 -1.022960189948221910e+00 2.034190399206504463e+00 4.892220259048976061e+00 7.271365513832860117e+00 8.938738849540209586e+00 9.731126146798855459e+00 9.570963016066187379e+00 8.473927340500472027e+00 6.547404615523088722e+00 3.979976308327942469e+00
1.763105987438056577e+00 -2.570056240274501302e+00 -6.651643456554205969e+00 -1.008212146658126684e+01 -1.252569118118850078e+01 -1.374315897135885223e+01 -1.361535060719355883e+01 -1.215477686187037420e+01 -9.504408869997202913e+00 -5.923683116818239114e+00 -1.763105987437966427e+00 2.570056240274458226e+00 6.651643456554035438e+00 1.008212146658097907e+01 1.252569118118812952e+01 1.374315897135842945e+01 1.361535060719313250e+01 1.215477686186997985e+01 9.504408869996879616e+00 5.923683116818023286e+00
-4.790642115869562012e+00 -1.049690859993622105e+01 -1.517566453397836668e+01 -1.836892068836251113e+01 -1.976409890197366082e+01 -1.922462941048537033e+01 -1.680331924642947428e+01 -1.273718311892369748e+01 -7.424242762564563947e+00 -1.384565796864662524e+00 4.790642115869462536e+00 1.049690859993594039e+01 1.517566453397793147e+01 1.836892068836196046e+01 1.976409890197305685e+01 1.922462941048475926e+01 1.680331924642893071e+01 1.273718311892326227e+01 7.424242762564279730e+00 1.384565796864568821e+00
-4.031793797380335498e+00 -9.844729785491779239e+00 -1.469399502993352336e+01 -1.810490966176194405e+01 -1.974358959157402182e+01 -1.944962941048534333e+01 -1.725180398916187485e+01 -1.336525179299293420e+01 -8.170415630140974272e+00 -2.175802258777793874e+00 4.031793797380260003e+00 9.844729785491519891e+00 1.469399502993310591e+01 1.810490966176140759e+01 1.974358959157341786e+01 1.944962941048472516e+01 1.725180398916131708e+01 1.336525179299248300e+01 8.170415630140668739e+00 2.175802258777676634e+00
1.035065109251154247e-01 -1.279821458581176685e+00 -2.537871586681099245e+00 -3.547497161485575923e+00 -4.209868997257729895e+00 -4.460149523696237850e+00 -4.273839539066332627e+00 -3.669176362761587651e+00 -2.705348639414786760e+00 -1.476702541969740601e+00 -1.035065109251006588e-01 1.279821458581148486e+00 2.537871586681030855e+00 3.547497161485472894e+00 4.209868997257603773e+00 4.460149523696099294e+00 4.273839539066198512e+00 3.669176362761467303e+00 2.705348639414692613e+00 1.476702541969684201e+00
-4.104979128773228680e+00 -9.734842482209835168e+00 -1.441179162685184245e+01 -1.767801419420088749e+01 -1.921378956225408885e+01 -1.886878533761022325e+01 -1.667677293756321077e+01 -1.285232180847812522e+01 -7.769795873387677076e+00 -1.926708182858996254e+00 4.104979128773148744e+00 9.734842482209577597e+00 1.441179162685143211e+01 1.767801419420036169e+01 1.921378956225349910e+01 1.886878533760962640e+01 1.667677293756267431e+01 1.285232180847769179e+01 7.769795873387383978e+00 1.926708182858887231e+00
-3.601241256637687904e+00 -9.092582604773252086e+00 -1.369387861580540466e+01 -1.695472237705989471e+01 -1.855591978155071331e+01 -1.834073447112800181e+01 -1.633023028326014980e+01 -1.272120937586205436e+01 -7.866947860877087528e+00 -2.242614677020725367e+00 3.601241256637622623e+00 9.092582604773014054e+00 1.369387861580501564e+01 1.695472237705939023e+01 1.855591978155014488e+01 1.834073447112742272e+01 1.633023028325962400e+01 1.272120937586162448e+01 7.866947860876793541e+00 2.242614677020608571e+00
