-1.905901699440682773e+00 -2.750657780880336745e+00 2.059016994370679032e-01 2.877912029473235656e+00 1.572745751409431847e+00 -1.905901699439731534e+00 -2.750657780878925429e+00 2.059016994369884668e-01 2.877912029471775490e+00 1.572745751408609172e+00 -1.905901699438779850e+00 -2.750657780877515002e+00 2.059016994369088638e-01 2.877912029470313993e+00 1.572745751407786052e+00 -1.905901699437832386e+00 -2.750657780876103242e+00 2.059016994368245701e-01 2.877912029468855160e+00 1.572745751406958270e+00
-1.915450849722413862e+00 -3.039715428349644366e+00 3.680339887469924465e-02 3.062461179755106677e+00 1.855901699440861918e+00 -1.915450849721460402e+00 -3.039715428348086945e+00 3.680339887470815419e-02 3.062461179753553697e+00 1.855901699439894026e+00 -1.915450849720506499e+00 -3.039715428346529080e+00 3.680339887471682780e-02 3.062461179752000273e+00 1.855901699438925689e+00 -1.915450849719557258e+00 -3.039715428344971215e+00 3.680339887472040827e-02 3.062461179750449958e+00 1.855901699437952690e+00
-2.422213595503526218e+00 -3.405166278068165742e+00 3.177050983121560424e-01 3.601518827223491037e+00 1.908155948034446769e+00 -2.422213595502316519e+00 -3.405166278066418695e+00 3.177050983120258687e-01 3.601518827221662722e+00 1.908155948033447569e+00 -2.422213595501106376e+00 -3.405166278064671648e+00 3.177050983118954730e-01 3.601518827219833518e+00 1.908155948032448146e+00 -2.422213595499901118e+00 -3.405166278062923713e+00 3.177050983117593042e-01 3.601518827218006980e+00 1.908155948031442506e+00
2.990450849722592341e+00 4.788651116540123098e+00 -3.090169943537048047e-02 -4.807749417100338540e+00 -2.940450849724820070e+00 2.990450849721104198e+00 4.788651116537669949e+00 -3.090169943539824993e-02 -4.807749417097900491e+00 -2.940450849723287075e+00 2.990450849719614723e+00 4.788651116535215913e+00 -3.090169943542563080e-02 -4.807749417095462441e+00 -2.940450849721753634e+00 2.990450849718133686e+00 4.788651116532761876e+00 -3.090169943544499725e-02 -4.807749417093027944e+00 -2.940450849720212201e+00
2.932294901691362199e+00 4.579101966258093626e+00 -1.022542485920924782e-01 -4.642298567381147656e+00 -2.766844051974113317e+00 2.932294901689902034e+00 4.579101966255746170e+00 -1.022542485920821809e-01 -4.642298567378793983e+00 -2.766844051972669583e+00 2.932294901688440980e+00 4.579101966253399603e+00 -1.022542485920715227e-01 -4.642298567376438534e+00 -2.766844051971225404e+00 2.932294901686987032e+00 4.579101966251052147e+00 -1.022542485920531763e-01 -4.642298567374087526e+00 -2.766844051969774121e+00
5.066844051975186503e+00 8.285129290671855884e+00 5.364745084781087636e-02 -8.251973342636434339e+00 -5.153647450854649925e+00 5.066844051972666740e+00 8.285129290667610391e+00 5.364745084770856931e-02 -8.251973342632252795e+00 -5.153647450851964074e+00 5.066844051970144314e+00 8.285129290663366675e+00 5.364745084760691451e-02 -8.251973342628069474e+00 -5.153647450849278222e+00 5.066844051967636986e+00 8.285129290659122958e+00 5.364745084751909587e-02 -8.251973342623891483e+00 -5.153647450846579936e+00
4.897745751412251103e+00 8.323325891796899967e+00 2.463525491607092832e-01 -8.171071643198724033e+00 -5.296352549167381518e+00 4.897745751409818382e+00 8.323325891792638487e+00 2.463525491605089157e-01 -8.171071643194583345e+00 -5.296352549164623724e+00 4.897745751407382997e+00 8.323325891788377007e+00 2.463525491603093531e-01 -8.171071643190442657e+00 -5.296352549161865930e+00 4.897745751404962711e+00 8.323325891784113750e+00 2.463525491601234463e-01 -8.171071643186307298e+00 -5.296352549159095702e+00
-1.917705098315488188e+00 -2.852912029474001798e+00 1.545084971869113699e-01 2.948403532285589268e+00 1.667705098315666490e+00 -1.917705098314531842e+00 -2.852912029472538968e+00 1.545084971868589396e-01 2.948403532284093576e+00 1.667705098314794743e+00 -1.917705098313575052e+00 -2.852912029471076583e+00 1.545084971868063151e-01 2.948403532282597439e+00 1.667705098313922996e+00 -1.917705098312622702e+00 -2.852912029469612865e+00 1.545084971867488055e-01 2.948403532281103079e+00 1.667705098313046586e+00
-1.211803398876842186e+00 -1.627583139033967674e+00 2.059016994374651688e-01 1.754837387627341094e+00 8.786474508452313259e-01 -1.211803398876236004e+00 -1.627583139033132120e+00 2.059016994373755460e-01 1.754837387626450029e+00 8.786474508447702503e-01 -1.211803398875630045e+00 -1.627583139032296566e+00 2.059016994372858678e-01 1.754837387625558520e+00 8.786474508443091747e-01 -1.211803398875026083e+00 -1.627583139031460568e+00 2.059016994371933584e-01 1.754837387624667899e+00 8.786474508438451014e-01
-7.095491502828227270e-01 -1.082623792127445528e+00 4.045084971868771750e-02 1.107623792127185203e+00 6.440983005638957204e-01 -7.095491502824691210e-01 -1.082623792126890416e+00 4.045084971867703161e-02 1.107623792126623430e+00 6.440983005635593228e-01 -7.095491502821152929e-01 -1.082623792126335527e+00 4.045084971866626244e-02 1.107623792126061435e+00 6.440983005632229252e-01 -7.095491502817631302e-01 -1.082623792125780415e+00 4.045084971865367529e-02 1.107623792125500328e+00 6.440983005628847513e-01
-6.667705098321840218e+00 -1.055177007717615290e+01 1.463525491522172650e-01 1.064222092689025345e+01 6.430901699450691567e+00 -6.667705098318520207e+00 -1.055177007717074567e+01 1.463525491522387756e-01 1.064222092688485866e+01 6.430901699447336917e+00 -6.667705098315198420e+00 -1.055177007716533844e+01 1.463525491522594535e-01 1.064222092687945853e+01 6.430901699443982267e+00 -6.667705098311895284e+00 -1.055177007715992943e+01 1.463525491522624511e-01 1.064222092687407084e+01 6.430901699440609853e+00
-6.823606797759151910e+00 -1.096582772464439692e+01 4.635254915232799033e-02 1.099447517548349929e+01 6.748606797762717768e+00 -6.823606797755757292e+00 -1.096582772463877831e+01 4.635254915240393653e-02 1.099447517547792685e+01 6.748606797759199694e+00 -6.823606797752359121e+00 -1.096582772463316147e+01 4.635254915247900842e-02 1.099447517547235087e+01 6.748606797755679843e+00 -6.823606797748979602e+00 -1.096582772462754107e+01 4.635254915253574082e-02 1.099447517546678377e+01 6.748606797752143116e+00
-1.794098300565247328e+00 -2.612461179754740126e+00 1.795084971869765067e-01 2.723403532285162854e+00 1.503647450846631317e+00 -1.794098300564351822e+00 -2.612461179753400309e+00 1.795084971869091994e-01 2.723403532283780848e+00 1.503647450845844835e+00 -1.794098300563456316e+00 -2.612461179752060492e+00 1.795084971868417256e-01 2.723403532282397954e+00 1.503647450845058353e+00 -1.794098300562564807e+00 -2.612461179750720230e+00 1.795084971867698109e-01 2.723403532281017725e+00 1.503647450844267208e+00
1.276393202251572934e+00 2.685206931161391086e+00 3.831559480330483103e-01 -2.448403532284757933e+00 -1.896352549160088108e+00 1.276393202250943437e+00 2.685206931160019295e+00 3.831559480328297074e-01 -2.448403532283519812e+00 -1.896352549159105116e+00 1.276393202250313719e+00 2.685206931158647059e+00 3.831559480326113820e-01 -2.448403532282281247e+00 -1.896352549158121903e+00 1.276393202249688663e+00 2.685206931157274379e+00 3.831559480323974420e-01 -2.448403532281045791e+00 -1.896352549157135137e+00
-2.060410196628176038e+00 -2.255698433973213124e+00 6.663118960625495912e-01 2.667501832847752663e+00 9.822949016899608088e-01 -2.060410196627141310e+00 -2.255698433972051831e+00 6.663118960622322895e-01 2.667501832846394638e+00 9.822949016894390040e-01 -2.060410196626105694e+00 -2.255698433970889649e+00 6.663118960619148767e-01 2.667501832845036613e+00 9.822949016889173102e-01 -2.060410196625073631e+00 -2.255698433969727912e+00 6.663118960615934672e-01 2.667501832843679033e+00 9.822949016883907314e-01
-2.139057647472001555e+00 -2.342501832848481236e+00 6.913118960624344833e-01 2.769756081441677509e+00 1.020491502815200846e+00 -2.139057647470926860e+00 -2.342501832847274645e+00 6.913118960621053022e-01 2.769756081440267081e+00 1.020491502814658613e+00 -2.139057647469852164e+00 -2.342501832846068499e+00 6.913118960617761211e-01 2.769756081438857542e+00 1.020491502814116824e+00 -2.139057647468780576e+00 -2.342501832844861909e+00 6.913118960614426101e-01 2.769756081437448003e+00 1.020491502813569706e+00
-2.214057647471775248e+00 -2.654305231723645075e+00 5.736067977496219772e-01 3.008813728910319174e+00 1.285942352534184652e+00 -2.214057647470665469e+00 -2.654305231722279945e+00 5.736067977493553016e-01 3.008813728908789287e+00 1.285942352533505861e+00 -2.214057647469554801e+00 -2.654305231720914815e+00 5.736067977490885150e-01 3.008813728907258955e+00 1.285942352532827071e+00 -2.214057647468448131e+00 -2.654305231719549241e+00 5.736067977488170655e-01 3.008813728905729512e+00 1.285942352532143174e+00
-1.377254248595843222e+00 -1.418033988752792407e+00 5.008610463438448734e-01 1.727583139033802562e+00 5.668440519702676594e-01 -1.377254248595150665e+00 -1.418033988752061214e+00 5.008610463436038440e-01 1.727583139032922599e+00 5.668440519699649016e-01 -1.377254248594457664e+00 -1.418033988751330243e+00 5.008610463433628146e-01 1.727583139032042636e+00 5.668440519696620328e-01 -1.377254248593766883e+00 -1.418033988750599050e+00 5.008610463431191206e-01 1.727583139031162673e+00 5.668440519693560553e-01
-1.305901699439748320e+00 -1.583484838471589384e+00 3.272542485940077017e-01 1.785739087065149278e+00 7.763932022514103970e-01 -1.305901699439093733e+00 -1.583484838470775147e+00 3.272542485938561563e-01 1.785739087064241337e+00 7.763932022510008357e-01 -1.305901699438438701e+00 -1.583484838469961131e+00 3.272542485937046108e-01 1.785739087063333175e+00 7.763932022505912744e-01 -1.305901699437786334e+00 -1.583484838469146450e+00 3.272542485935501788e-01 1.785739087062425678e+00 7.763932022501787156e-01
-1.236803398877277305e+00 -1.437132289315352640e+00 3.486067977502853021e-01 1.652583139033973580e+00 6.727457514076646827e-01 -1.236803398876656912e+00 -1.437132289314613232e+00 3.486067977501215998e-01 1.652583139033132698e+00 6.727457514073089673e-01 -1.236803398876036075e+00 -1.437132289313873823e+00 3.486067977499578419e-01 1.652583139032292037e+00 6.727457514069530298e-01 -1.236803398875417459e+00 -1.437132289313134414e+00 3.486067977497915860e-01 1.652583139031451598e+00 6.727457514065944277e-01
