-2.735410196614556977e+00 -1.563070976139440349e+00 3.701441186697631558e+00 -7.245454845953458456e-01 -3.253647450824780574e+00 2.735410196612866329e+00 1.563070976148358104e+00 -3.701441186701449393e+00 7.245454845887921991e-01 3.253647450832648502e+00 -2.735410196611173905e+00 -1.563070976157264536e+00 3.701441186705265896e+00 -7.245454845822323353e-01 -3.253647450840519983e+00 2.735410196609478817e+00 1.563070976166183179e+00 -3.701441186709083286e+00 7.245454845756843509e-01 3.253647450848383027e+00
-2.089057647462125633e+00 -1.018440519673764255e+00 2.718488504141050921e+00 -6.616777739090571320e-01 -2.309549150266681394e+00 2.089057647461211253e+00 1.018440519680234857e+00 -2.718488504144133344e+00 6.616777739044948925e-01 2.309549150272583340e+00 -2.089057647460295541e+00 -1.018440519686697021e+00 2.718488504147215323e+00 -6.616777738999284342e-01 -2.309549150278487062e+00 2.089057647459378053e+00 1.018440519693168067e+00 -2.718488504150297302e+00 6.616777738953705246e-01 2.309549150284385899e+00
-1.104101966247812983e-01 1.977457514060418087e-01 -1.180339887486085183e-02 -1.904508497187137883e-01 1.295084971872121071e-01 1.104101966252738765e-01 -1.977457514061878863e-01 1.180339887445836303e-02 1.904508497191084448e-01 -1.295084971870537338e-01 -1.104101966257664408e-01 1.977457514063340194e-01 -1.180339887405569728e-02 -1.904508497195033234e-01 1.295084971868951385e-01 1.104101966262593382e-01 -1.977457514064799859e-01 1.180339887365376532e-02 1.904508497198978689e-01 -1.295084971867370705e-01
2.814386537894279172e+00 9.934405196749160893e-01 -3.428366544855554476e+00 1.125406530936222227e+00 2.732827057578305130e+00 -2.814386537893860840e+00 -9.934405196828985929e-01 3.428366544860067755e+00 -1.125406530931032822e+00 -2.732827057586024289e+00 2.814386537893442064e+00 9.934405196908706603e-01 -3.428366544864580145e+00 1.125406530925838311e+00 2.732827057593747888e+00 -2.814386537893021512e+00 -9.934405196988539410e-01 3.428366544869092092e+00 -1.125406530920654236e+00 -2.732827057601463494e+00
2.563525491553432900e+00 1.446555814612037416e+00 -3.457546151607872709e+00 6.903252247501403538e-01 3.030901699423066642e+00 -2.563525491551887026e+00 -1.446555814620359204e+00 3.457546151611468055e+00 -6.903252247440447853e-01 -3.030901699430428753e+00 2.563525491550340707e+00 1.446555814628670777e+00 -3.457546151615062513e+00 6.903252247379432216e-01 3.030901699437794417e+00 -2.563525491548791724e+00 -1.446555814636993231e+00 3.457546151618656971e+00 -6.903252247318529822e-01 -3.030901699445152531e+00
-5.800125624945103198e+00 -1.693643785125194867e+00 6.846855048989403336e+00 -2.537945351188967802e+00 -5.278318560369896772e+00 5.800125624945001945e+00 1.693643785140959812e+00 -6.846855048999040960e+00 2.537945351179167197e+00 5.278318560385590885e+00 -5.800125624944898917e+00 -1.693643785156703885e+00 6.846855049008678584e+00 -2.537945351169356378e+00 -5.278318560401292103e+00 5.800125624944792335e+00 1.693643785172470384e+00 -6.846855049018312656e+00 2.537945351159565988e+00 5.278318560416976446e+00
1.081433855336800365e+00 -4.801662780636133943e-01 -7.846747752428034905e-01 9.651219592781083989e-01 1.881966011210395862e-01 -1.081433855338493011e+00 4.801662780622181215e-01 7.846747752453585578e-01 -9.651219592782925849e-01 -1.881966011234798564e-01 1.081433855340185213e+00 -4.801662780608256798e-01 -7.846747752479141802e-01 9.651219592784763268e-01 1.881966011259219029e-01 -1.081433855341878303e+00 4.801662780594297963e-01 7.846747752504666940e-01 -9.651219592786614010e-01 -1.881966011283600637e-01
-2.186803398867852355e+00 -1.391186271078495240e+00 3.046603799076838204e+00 -4.917184270029453796e-01 -2.742705098296242205e+00 2.186803398866195458e+00 1.391186271085899095e+00 -3.046603799079755870e+00 4.917184269973481348e-01 2.742705098302618438e+00 -2.186803398864538561e+00 -1.391186271093293847e+00 3.046603799082671760e+00 -4.917184269917457273e-01 -2.742705098308997336e+00 2.186803398862879000e+00 1.391186271100698368e+00 -3.046603799085588982e+00 4.917184269861534784e-01 2.742705098315370460e+00
-2.057294901681695265e+00 -1.336677773893093946e+00 2.883407197954393375e+00 -4.453658778463455703e-01 -2.608155948017664372e+00 2.057294901680077004e+00 1.336677773900113442e+00 -2.883407197957111645e+00 4.453658778410093388e-01 2.608155948023680004e+00 -2.057294901678457855e+00 -1.336677773907124500e+00 2.883407197959828583e+00 -4.453658778356681669e-01 -2.608155948029697857e+00 2.057294901676836929e+00 1.336677773914144218e+00 -2.883407197962545965e+00 4.453658778303367094e-01 2.608155948035710381e+00
4.156433855326662652e+00 9.342979003264166860e-01 -4.733861713347588207e+00 1.991389536560789653e+00 3.503115294915768008e+00 -4.156433855327191118e+00 -9.342979003371720825e-01 4.733861713354762024e+00 -1.991389536554472262e+00 -3.503115294926844037e+00 4.156433855327717808e+00 9.342979003479124911e-01 -4.733861713361934065e+00 1.991389536548148431e+00 3.503115294937924951e+00 -4.156433855328242721e+00 -9.342979003586695530e-01 4.733861713369103441e+00 -1.991389536541838368e+00 -3.503115294948993874e+00
3.798277907297066491e+00 1.348355547795117015e+00 -4.631607464755031600e+00 1.514135287967659949e+00 3.695820393228708145e+00 -3.798277907296486067e+00 -1.348355547805905053e+00 4.631607464761114734e+00 -1.514135287960637344e+00 -3.695820393239131807e+00 3.798277907295903866e+00 1.348355547816678879e+00 -4.631607464767198756e+00 1.514135287953607412e+00 3.695820393249559466e+00 -3.798277907295319444e+00 -1.348355547827468026e+00 4.631607464773280114e+00 -1.514135287946591690e+00 -3.695820393259976910e+00
1.569630456458153800e+00 5.335624789610531327e-01 -1.899390203578204428e+00 6.403252247474079395e-01 1.503647450831756327e+00 -1.569630456457964840e+00 -5.335624789654653810e-01 1.899390203580741066e+00 -6.403252247445656575e-01 -1.503647450836049337e+00 1.569630456457774992e+00 5.335624789698717452e-01 -1.899390203583277481e+00 6.403252247417202669e-01 1.503647450840344346e+00 -1.569630456457584256e+00 -5.335624789742845486e-01 1.899390203585813230e+00 -6.403252247388807605e-01 -1.503647450844634692e+00
-1.981762745773883339e+00 -1.030243918550064031e+00 2.618488504141072593e+00 -5.880709761578372108e-01 -2.255040653079899649e+00 1.981762745772878143e+00 1.030243918556326577e+00 -2.618488504143935192e+00 5.880709761533472468e-01 2.255040653085537361e+00 -1.981762745771872058e+00 -1.030243918562581351e+00 2.618488504146798235e+00 -5.880709761488531750e-01 -2.255040653091177294e+00 1.981762745770863754e+00 1.030243918568844341e+00 -2.618488504149660390e+00 5.880709761443674299e-01 2.255040653096811898e+00
-3.081559480297235698e-01 2.786474508433230413e-01 1.359423525303644076e-01 -3.626644452177662514e-01 8.819660112504502936e-02 3.081559480305108289e-01 -2.786474508432005837e-01 -1.359423525312275227e-01 3.626644452181772005e-01 -8.819660112443622468e-02 -3.081559480312979771e-01 2.786474508430787367e-01 1.359423525320909154e-01 -3.626644452185882606e-01 8.819660112382687878e-02 3.081559480320856248e-01 -2.786474508429560570e-01 -1.359423525329530313e-01 3.626644452189992096e-01 -8.819660112321874024e-02
-1.429508497185371985e+00 -1.934220259828797861e+00 2.624922359487750434e+00 3.119290238384144764e-01 -2.817705098298610711e+00 1.429508497182085947e+00 1.934220259835625955e+00 -2.624922359488681245e+00 -3.119290238446633667e-01 2.817705098303404654e+00 -1.429508497178798798e+00 -1.934220259842446499e+00 2.624922359489610724e+00 3.119290238509174751e-01 -2.817705098308199485e+00 1.429508497175508541e+00 1.934220259849274370e+00 -2.624922359490543755e+00 -3.119290238571615914e-01 2.817705098312991652e+00
-2.809016994361898112e-01 -2.159830056221027084e-01 4.143865379030181040e-01 -4.012195928199160933e-02 -3.895898033717440367e-01 2.809016994358969344e-01 2.159830056231261119e-01 -4.143865379033572771e-01 4.012195928117839872e-02 3.895898033725858078e-01 -2.809016994356038910e-01 -2.159830056241482388e-01 4.143865379036963947e-01 -4.012195928036448034e-02 -3.895898033734279675e-01 2.809016994353104590e-01 2.159830056251716979e-01 -4.143865379040356234e-01 4.012195927955196362e-02 3.895898033742694055e-01
-2.065450849710165571e+00 -7.116777738954356280e-01 2.505291903016019006e+00 -8.366777739064507058e-01 -1.988196601112028672e+00 2.065450849709896453e+00 7.116777739012603021e-01 -2.505291903019347455e+00 8.366777739026863836e-01 1.988196601117683260e+00 -2.065450849709626002e+00 -7.116777739070769826e-01 2.505291903022675903e+00 -8.366777738989179536e-01 -1.988196601123340734e+00 2.065450849709354220e+00 7.116777739129023228e-01 -2.505291903026003464e+00 8.366777738951574062e-01 1.988196601128992214e+00
5.047416860947400608e+00 1.716796067474989584e+00 -6.108455182400609473e+00 2.058436853999357830e+00 4.836271242937992376e+00 -5.047416860946790429e+00 -1.716796067489180233e+00 6.108455182408766504e+00 -2.058436853990214921e+00 -4.836271242951798222e+00 5.047416860946178474e+00 1.716796067503351564e+00 -6.108455182416921758e+00 2.058436853981062686e+00 4.836271242965610284e+00 -5.047416860945562966e+00 -1.716796067517543545e+00 6.108455182425074348e+00 -2.058436853971929548e+00 -4.836271242979407248e+00
-2.228976341274250039e+00 -1.345162612359728449e+00 3.060332556108463109e+00 -5.462269241905599593e-01 -2.722745751390283520e+00 2.228976341272717931e+00 1.345162612367134081e+00 -3.060332556111506008e+00 5.462269241850390422e-01 2.722745751396738356e+00 -2.228976341271185824e+00 -1.345162612374530164e+00 3.060332556114547575e+00 -5.462269241795127961e-01 -2.722745751403195413e+00 2.228976341269650607e+00 1.345162612381936018e+00 -3.060332556117590475e+00 5.462269241739966530e-01 2.722745751409647141e+00
-2.628647450833987431e+00 -1.059955681204466149e+00 3.283736088387577468e+00 -9.695048315011063345e-01 -2.684549150264929462e+00 2.628647450833312416e+00 1.059955681212178202e+00 -3.283736088391667085e+00 9.695048314959255897e-01 2.684549150272220519e+00 -2.628647450832637400e+00 -1.059955681219880264e+00 3.283736088395756703e+00 -9.695048314907398490e-01 -2.684549150279514240e+00 2.628647450831960164e+00 1.059955681227592761e+00 -3.283736088399844544e+00 9.695048314855643223e-01 2.684549150286801300e+00
