3.204787539882867353e-01 2.584115589478744868e-01 -1.669774724530151411e-02 -2.780409381023865589e-01 -3.101589786549495686e-01 -8.657280893659238807e-02 2.083865379699471887e-01 3.315458765265716923e-01 1.813690153914569725e-01 -1.183338115866954671e-01 -3.204787539878145020e-01 -2.584115589474939578e-01 1.669774724527678389e-02 2.780409381019768311e-01 3.101589786544927119e-01 8.657280893646496223e-02 -2.083865379696400733e-01 -3.315458765260832497e-01 -1.813690153911898251e-01 1.183338115865216200e-01
2.576777976123053815e+00 5.238174521313491816e+00 3.581065489001310276e+00 -1.028379557455561644e+00 -4.789998164262954106e+00 -4.602601001467481190e+00 -6.206838174359642357e-01 3.872943413015324854e+00 5.173601859702480432e+00 2.208990335716981335e+00 -2.576777976119255520e+00 -5.238174521305776210e+00 -3.581065488996036272e+00 1.028379557454044413e+00 4.789998164255896640e+00 4.602601001460701724e+00 6.206838174350517434e-01 -3.872943413009610314e+00 -5.173601859694857197e+00 -2.208990335713719944e+00
1.974564212320260692e+00 4.552028048352377176e+00 3.376665697365965002e+00 -5.825194506844336706e-01 -4.061458381936513540e+00 -4.192011228718903304e+00 -8.665463734347971236e-01 3.173324871252817481e+00 4.597013493544627849e+00 2.230788600937384736e+00 -1.974564212317350131e+00 -4.552028048345670541e+00 -3.376665697360991647e+00 5.825194506835734698e-01 4.061458381930528994e+00 4.192011228712727799e+00 8.665463734335220325e-01 -3.173324871248134560e+00 -4.597013493537853712e+00 -2.230788600934092702e+00
-3.865850963438712817e+00 -1.070104550410463240e+01 -8.713982499407327609e+00 4.571447003303257262e-01 9.251388325440334626e+00 1.041851454151738388e+01 2.996310071157776811e+00 -6.896140799270928490e+00 -1.110320979024346144e+01 -6.156465136358200141e+00 3.865850963433012488e+00 1.070104550408886723e+01 8.713982499394493431e+00 -4.571447003296473799e-01 -9.251388325426701087e+00 -1.041851454150203793e+01 -2.996310071153366117e+00 6.896140799260749077e+00 1.110320979022710119e+01 6.156465136349117628e+00
2.280506786281099707e+00 2.123312834905858093e+00 2.155971544411774410e-01 -1.869863179271777032e+00 -2.413753155602124334e+00 -9.676738358030521070e-01 1.276184336172936806e+00 2.467918499820770162e+00 1.625027859935838315e+00 -5.575836785509555860e-01 -2.280506786277739728e+00 -2.123312834902730817e+00 -2.155971544408605833e-01 1.869863179269021458e+00 2.413753155598568512e+00 9.676738358016272468e-01 -1.276184336171055644e+00 -2.467918499817133515e+00 -1.625027859933444452e+00 5.575836785501379067e-01
-1.473967733412026471e+00 -4.735253895097767618e+00 -4.092657077385502440e+00 -7.595305045814593203e-02 4.003368911532461105e+00 4.782195461827333460e+00 1.618439020552087992e+00 -2.879606285795819343e+00 -5.003619234950088313e+00 -3.002500902985379305e+00 1.473967733409852876e+00 4.735253895090790976e+00 4.092657077379474373e+00 7.595305045803613098e-02 -4.003368911526560936e+00 -4.782195461820288429e+00 -1.618439020549705454e+00 2.879606285791567633e+00 5.003619234942715543e+00 3.002500902980950848e+00
-2.053666335746748839e+00 -5.112003057935523564e+00 -3.955853678510023119e+00 4.616181530244588549e-01 4.498518363585310986e+00 4.826707349539529623e+00 1.175616430797231660e+00 -3.444687348787655701e+00 -5.225089275547974310e+00 -2.697773487369777623e+00 2.053666335743721039e+00 5.112003057927992700e+00 3.955853678504196669e+00 -4.616181530237765673e-01 -4.498518363578682511e+00 -4.826707349532420643e+00 -1.175616430795501488e+00 3.444687348782571767e+00 5.225089275540275580e+00 2.697773487365796807e+00
4.245247086739050602e+00 7.967910806510641208e+00 5.121593840558382738e+00 -1.947116151084810731e+00 -7.410566156772804725e+00 -6.764526845092013296e+00 -5.416120797914391050e-01 6.127823659160389624e+00 7.745300830796970182e+00 2.977323546662271170e+00 -4.245247086732793385e+00 -7.967910806498903931e+00 -5.121593840550840326e+00 1.947116151081938584e+00 7.410566156761885459e+00 6.764526845082049711e+00 5.416120797906439632e-01 -6.127823659151349744e+00 -7.745300830785557977e+00 -2.977323546657874687e+00
4.322142554300102191e+00 8.053870966629036232e+00 5.145750601801923452e+00 -2.004678335198977202e+00 -7.502391323840430282e+00 -6.814911618961134288e+00 -5.090177667645513493e-01 6.216525346041106737e+00 7.816981604573977727e+00 2.972887663179643702e+00 -4.322142554293731287e+00 -8.053870966617171945e+00 -5.145750601794344625e+00 2.004678335196020456e+00 7.502391323829376013e+00 6.814911618951096095e+00 5.090177667638045023e-01 -6.216525346031936294e+00 -7.816981604562459829e+00 -2.972887663175253437e+00
3.088192703369858183e+00 5.457349227885162080e+00 3.327306082151335165e+00 -1.545866337980926097e+00 -5.144580953111207222e+00 -4.501951288945684304e+00 -1.477801952522564966e-01 4.328225250244026157e+00 5.235914136638139205e+00 1.826960973327492077e+00 -3.088192703365306713e+00 -5.457349227877123177e+00 -3.327306082146434640e+00 1.545866337978646143e+00 5.144580953103625731e+00 4.501951288939053164e+00 1.477801952520407802e-01 -4.328225250237641930e+00 -5.235914136630425375e+00 -1.826960973324793569e+00
-1.927118949566873463e+00 -4.162202596275041522e+00 -2.965843656720798194e+00 6.756442722229983877e-01 3.760111134736925820e+00 3.744631471734713113e+00 6.419671739753797235e-01 -2.989953797096511323e+00 -4.156868667913094839e+00 -1.896738400335599817e+00 1.927118949564032624e+00 4.162202596268909538e+00 2.965843656716430132e+00 -6.756442722220010744e-01 -3.760111134731385363e+00 -3.744631471729197081e+00 -6.419671739744353678e-01 2.989953797092099297e+00 4.156868667906969961e+00 1.896738400332800500e+00
8.248258538556190178e-01 3.091351273991904680e-03 -8.211917524783602929e-01 -9.684601540958314159e-01 -3.173014395425651779e-01 5.954499407070177330e-01 1.017294826794393758e+00 6.004518521393227282e-01 -3.114213399958090656e-01 -9.665495939364849853e-01 -8.248258538544039897e-01 -3.091351273987852366e-03 8.211917524771502608e-01 9.684601540944045572e-01 3.173014395420981071e-01 -5.954499407061403238e-01 -1.017294826792894957e+00 -6.004518521384398788e-01 3.114213399953498218e-01 9.665495939350616794e-01
-1.545153349813897403e+00 -3.553370342242647251e+00 -2.632084016393315018e+00 4.591700069805951800e-01 3.171870733188911107e+00 3.269587671312103261e+00 6.717600953605453729e-01 -2.479886317048227706e+00 -3.587041304405607534e+00 -1.736933639139025320e+00 1.545153349811619448e+00 3.553370342237412327e+00 2.632084016389438119e+00 -4.591700069799171668e-01 -3.171870733184237068e+00 -3.269587671307287113e+00 -6.717600953595568303e-01 2.479886317044568411e+00 3.587041304400322428e+00 1.736933639136461816e+00
-1.374099116166013768e-01 -7.025231035210646180e-01 -6.884555276721578965e-01 -1.068049085288771960e-01 5.628988274605322140e-01 7.685321671568009494e-01 3.405649200737831395e-01 -3.681740922215642198e-01 -7.733795234416279696e-01 -5.409880643863500538e-01 1.374099116163985945e-01 7.025231035200296681e-01 6.884555276711438188e-01 1.068049085287201966e-01 -5.628988274597027663e-01 -7.685321671556688550e-01 -3.405649200732816517e-01 3.681740922210202660e-01 7.733795234404884367e-01 5.409880643855523585e-01
-1.704550059294650088e+00 -4.159086224023348599e+00 -3.184749031692559296e+00 4.151891978594340893e-01 3.672833206517382543e+00 3.902485187982038806e+00 9.148132750543471747e-01 -2.827057684624400657e+00 -4.238218903858244957e+00 -2.155267450725792955e+00 1.704550059292136988e+00 4.159086224017221944e+00 3.184749031687868381e+00 -4.151891978588205800e-01 -3.672833206511970427e+00 -3.902485187976290515e+00 -9.148132750530009183e-01 2.827057684620228439e+00 4.238218903852000174e+00 2.155267450722612832e+00
5.972041127315379505e+00 1.154663205057808106e+01 7.601838938639170706e+00 -2.610134413706455270e+00 -1.067023596839190880e+01 -9.933480267695385280e+00 -1.007270442188786586e+00 8.749362845715261017e+00 1.129276333752124550e+01 4.526076649133592866e+00 -5.972041127306576769e+00 -1.154663205056107245e+01 -7.601838938627975217e+00 2.610134413702604572e+00 1.067023596837618449e+01 9.933480267680755205e+00 1.007270442187306880e+00 -8.749362845702350455e+00 -1.129276333750460637e+01 -4.526076649126910212e+00
-9.467539696104840807e-01 -3.697332266461989647e+00 -3.399720788492079038e+00 -2.992792163140756134e-01 3.047896969157004143e+00 3.882296994268287893e+00 1.516016867343812580e+00 -2.100112280564750300e+00 -3.984846920691548888e+00 -2.584356224686310988e+00 9.467539696090877532e-01 3.697332266456542893e+00 3.399720788487071488e+00 2.992792163136364092e-01 -3.047896969152512625e+00 -3.882296994262568912e+00 -1.516016867341580365e+00 2.100112280561648781e+00 3.984846920685677141e+00 2.584356224682499814e+00
-2.585473959265847110e+00 -5.860832089745180440e+00 -4.304347377763288129e+00 8.007682709581215308e-01 5.245706938107734807e+00 5.365930081177269884e+00 1.062322194989986146e+00 -4.117095442379707038e+00 -5.902258161611655396e+00 -2.821425162856914248e+00 2.585473959262035937e+00 5.860832089736547346e+00 4.304347377756949200e+00 -8.007682709569392543e-01 -5.245706938100004102e+00 -5.365930081169365984e+00 -1.062322194988423174e+00 4.117095442373631009e+00 5.902258161602958353e+00 2.821425162852750468e+00
-1.743909167277225336e+00 -4.005876780666126180e+00 -2.965281421075393720e+00 5.199794042554928275e-01 3.576553871708838983e+00 3.684511835384045142e+00 7.548495657632041667e-01 -2.797132950473112167e+00 -4.043076559741353826e+00 -1.955788600937723443e+00 1.743909167274654504e+00 4.005876780660225123e+00 2.965281421071026102e+00 -5.199794042547251083e-01 -3.576553871703568976e+00 -3.684511835378617484e+00 -7.548495657620934995e-01 2.797132950468984358e+00 4.043076559735396813e+00 1.955788600934837085e+00
-1.041047910753703176e+00 -3.890441995402713626e+00 -3.532440948839963291e+00 -2.621913932421428006e-01 3.224216480387471329e+00 4.052485187981707426e+00 1.539765576871452657e+00 -2.242382191835475158e+00 -4.175843941598938791e+00 -2.666616777657917048e+00 1.041047910752167738e+00 3.890441995396981767e+00 3.532440948834759897e+00 2.621913932417583304e-01 -3.224216480382720018e+00 -4.052485187975737979e+00 -1.539765576869185582e+00 2.242382191832163141e+00 4.175843941592785491e+00 2.666616777653983750e+00
