2.582294901688727329e+00 3.704634122155608722e+00 -2.927050983146625152e-01 -3.885535821594328088e+00 -2.108688103935074665e+00 2.582294901690256772e+00 3.704634122154649933e+00 -2.927050983167868159e-01 -3.885535821594682471e+00 -2.108688103933173519e+00 2.582294901691786215e+00 3.704634122153692477e+00 -2.927050983189076194e-01 -3.885535821595038630e+00 -2.108688103931264823e+00 2.582294901693320988e+00 3.704634122152735465e+00 -2.927050983210281454e-01 -3.885535821595390349e+00 -2.108688103929369007e+00
-2.857294901689047872e+00 -5.374061313157060482e+00 -4.640576474668328122e-01 5.087257914283250138e+00 3.608155948029712512e+00 -2.857294901691457056e+00 -5.374061313156169639e+00 -4.640576474638701265e-01 5.087257914284190718e+00 3.608155948027336191e+00 -2.857294901693865352e+00 -5.374061313155280573e+00 -4.640576474609120483e-01 5.087257914285135740e+00 3.608155948024950543e+00 -2.857294901696282530e+00 -5.374061313154391506e+00 -4.640576474579545252e-01 5.087257914286070992e+00 3.608155948022581327e+00
-1.980040653094067515e+00 -3.964183272437692640e+00 -4.699593469054157424e-01 3.673732422719476531e+00 2.740450849717774862e+00 -1.980040653095871850e+00 -3.964183272437107775e+00 -4.699593469032473103e-01 3.673732422720231927e+00 2.740450849716077109e+00 -1.980040653097675962e+00 -3.964183272436523353e+00 -4.699593469010823199e-01 3.673732422720989099e+00 2.740450849714372250e+00 -1.980040653099486070e+00 -3.964183272435939820e+00 -4.699593468989177736e-01 3.673732422721740054e+00 2.740450849712679826e+00
-4.295084971873495139e-01 -3.522542485939753609e-01 2.118033988747844987e-01 4.831559480312935251e-01 8.680339887513541242e-02 -4.295084971874556512e-01 -3.522542485937807388e-01 2.118033988750110674e-01 4.831559480312389576e-01 8.680339887487556472e-02 -4.295084971875616775e-01 -3.522542485935861167e-01 2.118033988752372476e-01 4.831559480311842791e-01 8.680339887461474557e-02 -4.295084971876681479e-01 -3.522542485933917722e-01 2.118033988754634556e-01 4.831559480311297672e-01 8.680339887435573054e-02
2.334549150283186769e+00 4.262790070187376656e+00 2.999999999973108622e-01 -4.077379873564063395e+00 -2.819959346903796238e+00 2.334549150285082586e+00 4.262790070186632363e+00 2.999999999949516383e-01 -4.077379873564777490e+00 -2.819959346901881769e+00 2.334549150286978847e+00 4.262790070185888958e+00 2.999999999925961891e-01 -4.077379873565492474e+00 -2.819959346899960195e+00 2.334549150288881769e+00 4.262790070185145552e+00 2.999999999902411840e-01 -4.077379873566202129e+00 -2.819959346898051944e+00
1.919098300564626269e+00 3.378773075813154225e+00 1.690983005602545441e-01 -3.274264578627051669e+00 -2.192705098310939515e+00 1.919098300566114634e+00 3.378773075812525395e+00 1.690983005583753807e-01 -3.274264578627584577e+00 -2.192705098309393197e+00 1.919098300567602555e+00 3.378773075811897453e+00 1.690983005564992703e-01 -3.274264578628119260e+00 -2.192705098307840661e+00 1.919098300569096027e+00 3.378773075811269955e+00 1.690983005546234652e-01 -3.274264578628648170e+00 -2.192705098306298339e+00
-4.176925358158914747e+00 -9.151441186719811327e+00 -1.478976341277759676e+00 8.237383539253350762e+00 6.569959346903491593e+00 -4.176925358163163793e+00 -9.151441186718681564e+00 -1.478976341272806527e+00 8.237383539255281661e+00 6.569959346899741703e+00 -4.176925358167412838e+00 -9.151441186717555354e+00 -1.478976341267860928e+00 8.237383539257219667e+00 6.569959346895976715e+00 -4.176925358171676095e+00 -9.151441186716429144e+00 -1.478976341262916883e+00 8.237383539259141685e+00 6.569959346892236596e+00
2.477457514074111189e-01 -6.319660112525432583e-02 -2.868033988762709874e-01 -1.140576474692157893e-01 2.163118960634613230e-01 2.477457514073226341e-01 -6.319660112540209651e-02 -2.868033988762737074e-01 -1.140576474690697117e-01 2.163118960635543320e-01 2.477457514072341216e-01 -6.319660112554999210e-02 -2.868033988762764275e-01 -1.140576474689232733e-01 2.163118960636475907e-01 2.477457514071453037e-01 -6.319660112569763788e-02 -2.868033988762792585e-01 -1.140576474687778064e-01 2.163118960637401833e-01
-2.394098300563690440e+00 -4.279634122157362164e+00 -2.508610463425244297e-01 4.124593469064301132e+00 2.799999999999236877e+00 -2.394098300565583592e+00 -4.279634122156586784e+00 -2.508610463401491630e-01 4.124593469064993911e+00 2.799999999997293543e+00 -2.394098300567475857e+00 -4.279634122155810516e+00 -2.508610463377777267e-01 4.124593469065688467e+00 2.799999999995342659e+00 -2.394098300569375226e+00 -4.279634122155036913e+00 -2.508610463354066233e-01 4.124593469066375917e+00 2.799999999993404654e+00
-2.492705098313287682e+00 -4.279634122156442011e+00 -1.522542485923603084e-01 4.185535821594749351e+00 2.739057647467256551e+00 -2.492705098315159518e+00 -4.279634122155610676e+00 -1.522542485899718856e-01 4.185535821595394168e+00 2.739057647465271028e+00 -2.492705098317031354e+00 -4.279634122154780229e+00 -1.522542485875872653e-01 4.185535821596041650e+00 2.739057647463277512e+00 -2.492705098318909851e+00 -4.279634122153950671e+00 -1.522542485852030614e-01 4.185535821596682027e+00 2.739057647461297762e+00
3.400861046345700966e+00 4.876847717656620063e+00 -3.868033988775213539e-01 -5.115905365126750759e+00 -2.774999999997691535e+00 3.400861046347714023e+00 4.876847717655357961e+00 -3.868033988803180057e-01 -5.115905365127217053e+00 -2.774999999995187761e+00 3.400861046349727079e+00 4.876847717654095860e+00 -3.868033988831100500e-01 -5.115905365127685123e+00 -2.774999999992675104e+00 3.400861046351747241e+00 4.876847717652835534e+00 -3.868033988859018169e-01 -5.115905365128147864e+00 -2.774999999990178878e+00
3.773606797752192321e+00 5.002708764000535879e+00 -6.817627457838674188e-01 -5.424061313158196285e+00 -2.670491502810165230e+00 3.773606797754196496e+00 5.002708763999081043e+00 -6.817627457867743157e-01 -5.424061313158538233e+00 -2.670491502807474937e+00 3.773606797756200226e+00 5.002708763997626207e+00 -6.817627457896764387e-01 -5.424061313158881070e+00 -2.670491502804773987e+00 3.773606797758211506e+00 5.002708763996173147e+00 -6.817627457925782286e-01 -5.424061313159218578e+00 -2.670491502802091688e+00
1.778647450845339817e+00 2.902912029468872834e+00 1.545084971678305219e-02 -2.893362879188789982e+00 -1.803647450842107647e+00 1.778647450846590594e+00 2.902912029468259547e+00 1.545084971515120476e-02 -2.893362879189185222e+00 -1.803647450840722755e+00 1.778647450847841371e+00 2.902912029467646704e+00 1.545084971352199410e-02 -2.893362879189581793e+00 -1.803647450839332977e+00 1.778647450849096590e+00 2.902912029467034749e+00 1.545084971189304712e-02 -2.893362879189974812e+00 -1.803647450837952304e+00
-1.830040653094084924e+00 -3.771478174125082905e+00 -5.008610463428533333e-01 3.461929023844406483e+00 2.640450849717711268e+00 -1.830040653095812875e+00 -3.771478174124556659e+00 -5.008610463407974223e-01 3.461929023845150333e+00 2.640450849716119208e+00 -1.830040653097540826e+00 -3.771478174124031302e+00 -5.008610463387448419e-01 3.461929023845897291e+00 2.640450849714520931e+00 -1.830040653099274772e+00 -3.771478174123505944e+00 -5.008610463366927057e-01 3.461929023846637143e+00 2.640450849712932868e+00
3.454915028136784638e-02 -5.640576474691836317e-01 -3.831559480315112620e-01 3.272542485940919121e-01 5.854101966253930645e-01 3.454915028104355024e-02 -5.640576474692782227e-01 -3.831559480312449750e-01 3.272542485943511492e-01 5.854101966252874822e-01 3.454915028071919858e-02 -5.640576474693731468e-01 -3.831559480309791321e-01 3.272542485946111634e-01 5.854101966251813449e-01 3.454915028039368119e-02 -5.640576474694678488e-01 -3.831559480307133447e-01 3.272542485948691793e-01 5.854101966250757627e-01
-1.539589803376061328e+00 -3.033813728906963991e+00 -3.354101966238938193e-01 2.826518827220132923e+00 2.082294901686832844e+00 -1.539589803377436894e+00 -3.033813728906502583e+00 -3.354101966222310383e-01 2.826518827220699137e+00 2.082294901685522781e+00 -1.539589803378812238e+00 -3.033813728906042062e+00 -3.354101966205709218e-01 2.826518827221267571e+00 2.082294901684207833e+00 -1.539589803380192468e+00 -3.033813728905581542e+00 -3.354101966189111939e-01 2.826518827221830676e+00 2.082294901682901767e+00
-5.690983005623893032e-01 -1.157623792125272999e+00 -1.463525491563399117e-01 1.067172942406476865e+00 8.059016994375516330e-01 -5.690983005629182134e-01 -1.157623792125107132e+00 -1.463525491557078895e-01 1.067172942406701797e+00 8.059016994370598042e-01 -5.690983005634469016e-01 -1.157623792124941708e+00 -1.463525491550768942e-01 1.067172942406927172e+00 8.059016994365659770e-01 -5.690983005639775882e-01 -1.157623792124776285e+00 -1.463525491544460100e-01 1.067172942407150993e+00 8.059016994360754804e-01
-2.477254248594387587e+00 -3.700125624969501370e+00 1.904508497195213645e-01 3.817830723282364058e+00 2.169098300561781212e+00 -2.477254248595937458e+00 -3.700125624968601645e+00 1.904508497216294560e-01 3.817830723282767291e+00 2.169098300559925807e+00 -2.477254248597486885e+00 -3.700125624967702365e+00 1.904508497237340503e-01 3.817830723283171857e+00 2.169098300558063741e+00 -2.477254248599041642e+00 -3.700125624966803528e+00 1.904508497258384225e-01 3.817830723283571981e+00 2.169098300556214109e+00
5.712664445220780429e+00 8.376973342626119035e+00 -5.354101966276758606e-01 -8.707875042065039040e+00 -4.846352549153630562e+00 5.712664445224265641e+00 8.376973342624022933e+00 -5.354101966324624762e-01 -8.707875042065900573e+00 -4.846352549149385958e+00 5.712664445227750853e+00 8.376973342621928609e+00 -5.354101966372412091e-01 -8.707875042066767435e+00 -4.846352549145125366e+00 5.712664445231248500e+00 8.376973342619836060e+00 -5.354101966420193870e-01 -8.707875042067621862e+00 -4.846352549140893196e+00
-1.430040653094836189e+00 -3.411067977500760406e+00 -6.781152949363067339e-01 2.991969676939048917e+00 2.527254248593046704e+00 -1.430040653096447123e+00 -3.411067977500410908e+00 -6.781152949344774195e-01 2.991969676939830070e+00 2.527254248591703334e+00 -1.430040653098058279e+00 -3.411067977500062298e+00 -6.781152949326509916e-01 2.991969676940613887e+00 2.527254248590354635e+00 -1.430040653099674763e+00 -3.411067977499713688e+00 -6.781152949308251188e-01 2.991969676941391043e+00 2.527254248589014818e+00
