3.522213595502272643e+00 7.619552815968106962e+00 8.806481839809649159e+00 6.629634122153085229e+00 1.920491502810330875e+00 -3.522213595500731653e+00 -7.619552815967905346e+00 -8.806481839810864187e+00 -6.629634122155254161e+00 -1.920491502812624152e+00 3.522213595499190664e+00 7.619552815967707282e+00 8.806481839812082768e+00 6.629634122157423981e+00 1.920491502814916762e+00 -3.522213595497647898e+00 -7.619552815967503889e+00 -8.806481839813297796e+00 -6.629634122159592025e+00 -1.920491502817210483e+00
-2.064589803378270361e+00 -6.761929023843926245e+00 -8.876441186716139242e+00 -7.600454515402758737e+00 -3.421352549153438005e+00 2.064589803376429611e+00 6.761929023843313402e+00 8.876441186716990117e+00 7.600454515404746481e+00 3.421352549155804557e+00 -2.064589803374589749e+00 -6.761929023842705000e+00 -8.876441186717842768e+00 -7.600454515406736000e+00 -3.421352549158170664e+00 2.064589803372748555e+00 6.761929023842091269e+00 8.876441186718691867e+00 7.600454515408723744e+00 3.421352549160538103e+00
-1.585942352533734390e+00 -4.931559480312693644e+00 -6.393488504154360541e+00 -5.413322226091158207e+00 -2.365450849716587367e+00 1.585942352532427435e+00 4.931559480312279753e+00 6.393488504154998253e+00 5.413322226092603273e+00 2.365450849718288229e+00 -1.585942352531121369e+00 -4.931559480311868526e+00 -6.393488504155638630e+00 -5.413322226094049228e+00 -2.365450849719989090e+00 1.585942352529814414e+00 4.931559480311453747e+00 6.393488504156274566e+00 5.413322226095494294e+00 2.365450849721690396e+00
5.604101966247041489e-01 4.772542485934533341e-01 2.118033988748138363e-01 -1.345491502812553863e-01 -4.295084971873248114e-01 -5.604101966247589939e-01 -4.772542485935793444e-01 -2.118033988749631058e-01 1.345491502811399787e-01 4.295084971872873969e-01 5.604101966248138389e-01 4.772542485937055767e-01 2.118033988751124308e-01 -1.345491502810245155e-01 -4.295084971872498714e-01 -5.604101966248684619e-01 -4.772542485938316426e-01 -2.118033988752616448e-01 1.345491502809091633e-01 4.295084971872126234e-01
4.106134620977146543e-01 4.906559480313865684e+00 7.528366544873581923e+00 7.274593469059679407e+00 4.242172942403320768e+00 -4.106134620958945547e-01 -4.906559480312978394e+00 -7.528366544873965616e+00 -7.274593469061187534e+00 -4.242172942405377789e+00 4.106134620940753432e-01 4.906559480312091992e+00 7.528366544874351973e+00 7.274593469062696549e+00 4.242172942407433922e+00 -4.106134620922550216e-01 -4.906559480311202925e+00 -7.528366544874733890e+00 -7.274593469064204676e+00 -4.242172942409492720e+00
8.864745084403533593e-01 4.353444185375837883e+00 6.157546151623717989e+00 5.609674775247827760e+00 2.919098300560435622e+00 -8.864745084389707985e-01 -4.353444185375263231e+00 -6.157546151624170072e+00 -5.609674775249133383e+00 -2.919098300562097847e+00 8.864745084375892370e-01 4.353444185374690356e+00 6.157546151624624819e+00 5.609674775250440781e+00 2.919098300563759185e+00 -8.864745084362065652e-01 -4.353444185374114817e+00 -6.157546151625076014e+00 -5.609674775251748180e+00 -2.919098300565422299e+00
-8.248743750375715500e-01 -8.681356214845779462e+00 -1.322185504902881092e+01 -1.271205464880808300e+01 -7.346681439589355378e+00 8.248743750343945358e-01 8.681356214844250019e+00 1.322185504902950903e+01 1.271205464881074576e+01 7.346681439592963159e+00 -8.248743750312201861e-01 -8.681356214842724128e+00 -1.322185504903021425e+01 -1.271205464881340852e+01 -7.346681439596570939e+00 8.248743750280427278e-01 8.681356214841189356e+00 1.322185504903091058e+01 1.271205464881607128e+01 7.346681439600182273e+00
2.143566144657274464e+00 3.880166278062574747e+00 4.134674775249412626e+00 2.809878040718015058e+00 4.118033988743703411e-01 -2.143566144656645189e+00 -3.880166278062615604e+00 -4.134674775250107182e+00 -2.809878040719098635e+00 -4.118033988754286057e-01 2.143566144656016803e+00 3.880166278062656904e+00 4.134674775250802625e+00 2.809878040720182213e+00 4.118033988764868703e-01 -2.143566144655387085e+00 -3.880166278062696428e+00 -4.134674775251496293e+00 -2.809878040721264902e+00 -4.118033988775452459e-01
-1.963196601127656482e+00 -5.583813728906362073e+00 -7.071603799091561449e+00 -5.858281572997071862e+00 -2.407294901685122834e+00 1.963196601126251828e+00 5.583813728905961504e+00 7.071603799092319953e+00 5.858281572998699005e+00 2.407294901686996003e+00 -1.963196601124847618e+00 -5.583813728905564489e+00 -7.071603799093080234e+00 -5.858281573000326148e+00 -2.407294901688869171e+00 1.963196601123442075e+00 5.583813728905163920e+00 7.071603799093836074e+00 5.858281573001952403e+00 2.407294901690743671e+00
-2.392705098315060397e+00 -6.088322226093642264e+00 -7.458407197966336000e+00 -5.979634122153172804e+00 -2.216844051966354812e+00 2.392705098313641088e+00 6.088322226093310086e+00 7.458407197967216185e+00 5.979634122154930509e+00 2.216844051968318574e+00 -2.392705098312222223e+00 -6.088322226092979683e+00 -7.458407197968100810e+00 -5.979634122156690879e+00 -2.216844051970282337e+00 2.392705098310802025e+00 6.088322226092644840e+00 7.458407197968980107e+00 5.979634122158447695e+00 2.216844051972246543e+00
5.218566144659614991e+00 1.094070209965542340e+01 1.248386171337098460e+01 9.258610463432992432e+00 2.496884705059305709e+00 -5.218566144657472705e+00 -1.094070209965519958e+01 -1.248386171337276451e+01 -9.258610463436095728e+00 -2.496884705062547560e+00 5.218566144655332195e+00 1.094070209965498108e+01 1.248386171337454975e+01 9.258610463439204352e+00 2.496884705065789856e+00 -5.218566144653189909e+00 -1.094070209965475549e+01 -1.248386171337632788e+01 -9.258610463442305871e+00 -2.496884705069031707e+00
5.251722092690733312e+00 1.085164445218663154e+01 1.230660746477724743e+01 9.060864712026779344e+00 2.354179606746892972e+00 -5.251722092688643428e+00 -1.085164445218644147e+01 -1.230660746477902912e+01 -9.060864712029854218e+00 -2.354179606750085085e+00 5.251722092686553545e+00 1.085164445218625495e+01 1.230660746478081435e+01 9.060864712032929091e+00 2.354179606753277199e+00 -5.251722092684461884e+00 -1.085164445218606311e+01 -1.230660746478259604e+01 -9.060864712036002189e+00 -2.354179606756469312e+00
2.855369543533216259e+00 6.291437521030973201e+00 7.324390203591736537e+00 5.559674775247616552e+00 1.671352549154522027e+00 -2.855369543531920407e+00 -6.291437521030784907e+00 -7.324390203592729520e+00 -5.559674775249409784e+00 -1.671352549156431611e+00 2.855369543530624554e+00 6.291437521030599278e+00 7.324390203593724280e+00 5.559674775251204792e+00 1.671352549158341194e+00 -2.855369543529327370e+00 -6.291437521030410096e+00 -7.324390203594715487e+00 -5.559674775252997136e+00 -1.671352549160251666e+00
-1.143237254221419086e+00 -4.719756081437961548e+00 -6.493488504154608876e+00 -5.786929023841299369e+00 -2.869959346904106923e+00 1.143237254220001553e+00 4.719756081437412654e+00 6.493488504155138230e+00 5.786929023842705355e+00 2.869959346905852193e+00 -1.143237254218584908e+00 -4.719756081436866424e+00 -6.493488504155670249e+00 -5.786929023844112230e+00 -2.869959346907596576e+00 1.143237254217166932e+00 4.719756081436316641e+00 6.493488504156199603e+00 5.786929023845517328e+00 2.869959346909342734e+00
8.315594803155586245e-02 4.463525491565814018e-01 6.390576474689890762e-01 5.876644452188304335e-01 3.118033988749547847e-01 -8.315594803141070079e-02 -4.463525491565193404e-01 -6.390576474690337072e-01 -5.876644452189647705e-01 -3.118033988751275909e-01 8.315594803126559464e-02 4.463525491564573899e-01 6.390576474690786712e-01 5.876644452190994405e-01 3.118033988753003416e-01 -8.315594803112037747e-02 -4.463525491563952174e-01 -6.390576474691233022e-01 -5.876644452192337775e-01 -3.118033988754732588e-01
-8.704915028149738943e-01 -3.890779740156943944e+00 -5.424922359498769886e+00 -4.886929023841670272e+00 -2.482294901685606625e+00 8.704915028137732991e-01 3.890779740156462108e+00 5.424922359499190883e+00 4.886929023842833786e+00 2.482294901687067679e+00 -8.704915028125732590e-01 -3.890779740155982047e+00 -5.424922359499613655e+00 -4.886929023843997300e+00 -2.482294901688527844e+00 8.704915028113723308e-01 3.890779740155498878e+00 5.424922359500034652e+00 4.886929023845159925e+00 2.482294901689989786e+00
-1.690983005635289249e-01 -1.334016994375322396e+00 -1.989386537905836860e+00 -1.884878040717927972e+00 -1.060410196624163692e+00 1.690983005630596891e-01 1.334016994375104126e+00 1.989386537905953656e+00 1.884878040718334535e+00 1.060410196624705037e+00 -1.690983005625906754e-01 -1.334016994374886966e+00 -1.989386537906070895e+00 -1.884878040718741321e+00 -1.060410196625245938e+00 1.690983005621212731e-01 1.334016994374668474e+00 1.989386537906187025e+00 1.884878040719147885e+00 1.060410196625787727e+00
-2.009549150283582719e+00 -5.463322226093724865e+00 -6.830291903029221068e+00 -5.588322226091144707e+00 -2.211803398872933091e+00 2.009549150282247787e+00 5.463322226093369594e+00 6.830291903029982237e+00 5.588322226092729217e+00 2.211803398874738757e+00 -2.009549150280913299e+00 -5.463322226093016987e+00 -6.830291903030745182e+00 -5.588322226094316392e+00 -2.211803398876543092e+00 2.009549150279577923e+00 5.463322226092660827e+00 6.830291903031504575e+00 5.588322226095901790e+00 2.211803398878349203e+00
7.227583139035926862e+00 1.513320393249883900e+01 1.725845518243184884e+01 1.279156314599358168e+01 3.438728757026700666e+00 -7.227583139032968340e+00 -1.513320393249853346e+01 -1.725845518243431442e+01 -1.279156314599787514e+01 -3.438728757031182859e+00 7.227583139030011594e+00 1.513320393249823503e+01 1.725845518243678711e+01 1.279156314600217037e+01 3.438728757035663719e+00 -7.227583139027052184e+00 -1.513320393249792595e+01 -1.725845518243924559e+01 -1.279156314600646027e+01 -3.438728757040145911e+00
-4.960236587214499338e-01 -3.804837387625712442e+00 -5.660332556123646164e+00 -5.353773075810273951e+00 -3.002254248591683883e+00 4.960236587201174441e-01 3.804837387625096934e+00 5.660332556123981007e+00 5.353773075811432136e+00 3.002254248593223984e+00 -4.960236587187856205e-01 -3.804837387624482758e+00 -5.660332556124319403e+00 -5.353773075812592097e+00 -3.002254248594763197e+00 4.960236587174531309e-01 3.804837387623865919e+00 5.660332556124653358e+00 5.353773075813750282e+00 3.002254248596303299e+00
