-1.473967733410445513e+00 -4.735253895093642917e+00 -4.092657077382710895e+00 -7.595305045826450385e-02 4.003368911530858831e+00 4.782195461826404426e+00 1.618439020552254970e+00 -2.879606285795937470e+00 -5.003619234951509398e+00 -3.002500902987002895e+00 1.473967733410403325e+00 4.735253895094340137e+00 4.092657077383575981e+00 7.595305045858813386e-02 -4.003368911531348218e+00 -4.782195461827302374e+00 -1.618439020552819185e+00 2.879606285796165732e+00 5.003619234952346062e+00 3.002500902987752074e+00
-2.053666335744527505e+00 -5.112003057931376659e+00 -3.955853678507732063e+00 4.616181530238816499e-01 4.498518363583733581e+00 4.826707349539012704e+00 1.175616430797703948e+00 -3.444687348787931036e+00 -5.225089275549856360e+00 -2.697773487371643686e+00 2.053666335744580795e+00 5.112003057932165362e+00 3.955853678508608251e+00 -4.616181530236348474e-01 -4.498518363584325996e+00 -4.826707349539955061e+00 -1.175616430798217316e+00 3.444687348788262771e+00 5.225089275550763190e+00 2.697773487372371548e+00
4.245247086733936470e+00 7.967910806503447851e+00 5.121593840555260790e+00 -1.947116151082863400e+00 -7.410566156769471391e+00 -6.764526845090903961e+00 -5.416120797924082186e-01 6.127823659160252845e+00 7.745300830799200398e+00 2.977323546664591536e+00 -4.245247086734242004e+00 -7.967910806504756138e+00 -5.121593840556497135e+00 1.947116151082710189e+00 7.410566156770536317e+00 6.764526845092309060e+00 5.416120797929910857e-01 -6.127823659160963388e+00 -7.745300830800623260e+00 -2.977323546665543219e+00
4.322142554294970296e+00 8.053870966621747840e+00 5.145750601798699364e+00 -2.004678335197078276e+00 -7.502391323837071191e+00 -6.814911618959945017e+00 -5.090177667654337545e-01 6.216525346041017031e+00 7.816981604576183074e+00 2.972887663181873918e+00 -4.322142554295285599e+00 -8.053870966623073002e+00 -5.145750601799944590e+00 2.004678335196930838e+00 7.502391323838152104e+00 6.814911618961363438e+00 5.090177667660162886e-01 -6.216525346041740896e+00 -7.816981604577621923e+00 -2.972887663182830043e+00
3.088192703365540304e+00 5.457349227879766396e+00 3.327306082149401156e+00 -1.545866337978919258e+00 -5.144580953108319754e+00 -4.501951288944832541e+00 -1.477801952533666086e-01 4.328225250243319167e+00 5.235914136639345351e+00 1.826960973329259552e+00 -3.088192703365787661e+00 -5.457349227880675890e+00 -3.327306082150225386e+00 1.545866337978854421e+00 5.144580953109074706e+00 4.501951288945783780e+00 1.477801952537282082e-01 -4.328225250243838751e+00 -5.235914136640320571e+00 -1.826960973329879723e+00
-1.927118949564367245e+00 -4.162202596271728616e+00 -2.965843656719620469e+00 6.756442722218340968e-01 3.760111134735490523e+00 3.744631471734729988e+00 6.419671739763606055e-01 -2.989953797096475796e+00 -4.156868667914851656e+00 -1.896738400337563357e+00 1.927118949564464501e+00 4.162202596272390309e+00 2.965843656720302590e+00 -6.756442722216896568e-01 -3.760111134736007443e+00 -3.744631471735481387e+00 -6.419671739767253138e-01 2.989953797096793320e+00 4.156868667915593285e+00 1.896738400338111363e+00
8.248258538544277485e-01 3.091351274061404641e-03 -8.211917524773577615e-01 -9.684601540948897247e-01 -3.173014395423876532e-01 5.954499407065387828e-01 1.017294826793877949e+00 6.004518521392061547e-01 -3.114213399956421435e-01 -9.665495939364325828e-01 -8.248258538546029417e-01 -3.091351274124853887e-03 8.211917524774593469e-01 9.684601540950721343e-01 3.173014395425002299e-01 -5.954499407065874106e-01 -1.017294826794048923e+00 -6.004518521393586994e-01 3.114213399956347605e-01 9.665495939365761346e-01
-1.545153349811768662e+00 -3.553370342239422275e+00 -2.632084016391865511e+00 4.591700069797064465e-01 3.171870733187374558e+00 3.269587671311676935e+00 6.717600953612037351e-01 -2.479886317047966138e+00 -3.587041304406682229e+00 -1.736933639140464614e+00 1.545153349811830612e+00 3.553370342239979607e+00 2.632084016392460146e+00 -4.591700069795610073e-01 -3.171870733187802216e+00 -3.269587671312324861e+00 -6.717600953615360249e-01 2.479886317048218380e+00 3.587041304407313724e+00 1.736933639140950003e+00
-1.374099116167050161e-01 -7.025231035209066333e-01 -6.884555276719659389e-01 -1.068049085287185035e-01 5.628988274607311659e-01 7.685321671570252144e-01 3.405649200738189997e-01 -3.681740922219297607e-01 -7.733795234422800036e-01 -5.409880643867872596e-01 1.374099116166815071e-01 7.025231035210038888e-01 6.884555276721042727e-01 1.068049085287845062e-01 -5.628988274607928943e-01 -7.685321671571633262e-01 -3.405649200739196414e-01 3.681740922219485790e-01 7.733795234424035714e-01 5.409880643869127148e-01
-1.704550059292958331e+00 -4.159086224020093425e+00 -3.184749031690707888e+00 4.151891978590745436e-01 3.672833206516238569e+00 3.902485187981660886e+00 9.148132750546338343e-01 -2.827057684624783018e+00 -4.238218903859856113e+00 -2.155267450727236245e+00 1.704550059293008291e+00 4.159086224020737355e+00 3.184749031691416210e+00 -4.151891978588812537e-01 -3.672833206516724847e+00 -3.902485187982425163e+00 -9.148132750550441727e-01 2.827057684625058798e+00 4.238218903860594189e+00 2.155267450727822443e+00
5.972041127308718167e+00 1.154663205056816011e+01 7.601838938634550402e+00 -2.610134413704214840e+00 -1.067023596838767929e+01 -9.933480267693960641e+00 -1.007270442189851956e+00 8.749362845715639381e+00 1.129276333752486394e+01 4.526076649136889785e+00 -5.972041127309120512e+00 -1.154663205057004483e+01 -7.601838938636362286e+00 2.610134413703952827e+00 1.067023596838919808e+01 9.933480267696007004e+00 1.007270442190733917e+00 -8.749362845716635917e+00 -1.129276333752692452e+01 -4.526076649138300212e+00
-9.467539696089861678e-01 -3.697332266458595029e+00 -3.399720788490025569e+00 -2.992792163145316930e-01 3.047896969155469371e+00 3.882296994267655954e+00 1.516016867344391672e+00 -2.100112280564406131e+00 -3.984846920692647121e+00 -2.584356224688066028e+00 9.467539696089100065e-01 3.697332266459123939e+00 3.399720788490725898e+00 2.992792163148296769e-01 -3.047896969155824198e+00 -3.882296994268369161e+00 -1.516016867344874619e+00 2.100112280564546463e+00 3.984846920693298600e+00 2.584356224688686865e+00
-2.585473959263029808e+00 -5.860832089740389605e+00 -4.304347377760811888e+00 8.007682709572909729e-01 5.245706938105858086e+00 5.365930081176695232e+00 1.062322194990553248e+00 -4.117095442380013459e+00 -5.902258161613766596e+00 -2.821425162858937519e+00 2.585473959263139498e+00 5.860832089741311535e+00 4.304347377761787996e+00 -8.007682709570591584e-01 -5.245706938106568629e+00 -5.365930081177761046e+00 -1.062322194991093482e+00 4.117095442380436232e+00 5.902258161614809318e+00 2.821425162859731550e+00
-1.743909167274645400e+00 -4.005876780662497971e+00 -2.965281421073947765e+00 5.199794042542779104e-01 3.576553871707043530e+00 3.684511835383703193e+00 7.548495657641716150e-01 -2.797132950472690727e+00 -4.043076559742641685e+00 -1.955788600939561306e+00 1.743909167274715788e+00 4.005876780663125913e+00 2.965281421074617452e+00 -5.199794042541143746e-01 -3.576553871707526255e+00 -3.684511835384433276e+00 -7.548495657645457602e-01 2.797132950472975832e+00 4.043076559743353116e+00 1.955788600940108202e+00
-1.041047910752519678e+00 -3.890441995399820829e+00 -3.532440948838193595e+00 -2.621913932423943772e-01 3.224216480386512540e+00 4.052485187981571535e+00 1.539765576872015318e+00 -2.242382191835696759e+00 -4.175843941600722253e+00 -2.666616777659903903e+00 1.041047910752448846e+00 3.890441995400381270e+00 3.532440948838925010e+00 2.621913932426979121e-01 -3.224216480386892680e+00 -4.052485187982319381e+00 -1.539765576872514252e+00 2.242382191835852634e+00 4.175843941601407927e+00 2.666616777660549165e+00
-1.983267408851744129e+00 -5.711061707820185518e+00 -4.730488284726298787e+00 1.500392080113654991e-01 4.906869952195909157e+00 5.618332377624430940e+00 1.697875875893985587e+00 -3.622359577477270332e+00 -5.956214952177218969e+00 -3.379591039270160024e+00 1.983267408851737246e+00 5.711061707821042610e+00 4.730488284727315751e+00 -1.500392080110206638e-01 -4.906869952196527329e+00 -5.618332377625501195e+00 -1.697875875894623521e+00 3.622359577477582970e+00 5.956214952178229716e+00 3.379591039271027331e+00
-1.954127621076864330e+00 -5.511904946576876796e+00 -4.525505258194872482e+00 1.918544466989532404e-01 4.751043686907785002e+00 5.393332377624489915e+00 1.589198777650564054e+00 -3.525117168696171532e+00 -5.733222546375938755e+00 -3.214690153044833298e+00 1.954127621076866328e+00 5.511904946577706355e+00 4.525505258195850367e+00 -1.918544466986296104e-01 -4.751043686908388075e+00 -5.393332377625521090e+00 -1.589198777651171346e+00 3.525117168696481507e+00 5.733222546376914863e+00 3.214690153045663745e+00
1.330677650568494741e-01 -1.208413797264136447e+00 -1.553643382454101829e+00 -6.180035377925001683e-01 8.271366516961244919e-01 1.590360988787661745e+00 1.042444818365220183e+00 -3.648936076601196898e-01 -1.471402980842094532e+00 -1.364844336976247074e+00 -1.330677650569686010e-01 1.208413797264275669e+00 1.553643382454385602e+00 6.180035377926955675e-01 -8.271366516961803361e-01 -1.590360988787921315e+00 -1.042444818365469983e+00 3.648936076600837186e-01 1.471402980842303920e+00 1.364844336976527073e+00
-2.455460376319566151e+00 -5.450754681311600791e+00 -3.952286054758749945e+00 8.045637696548773032e-01 4.898107491422856619e+00 4.953506925548514239e+00 9.250891445092175314e-01 -3.865999413151897102e+00 -5.469844025353446604e+00 -2.564187887733840654e+00 2.455460376319678950e+00 5.450754681312462324e+00 3.952286054759650558e+00 -8.045637696546731332e-01 -4.898107491423525417e+00 -4.953506925549502782e+00 -9.250891445097095822e-01 3.865999413152300335e+00 5.469844025354416495e+00 2.564187887734569848e+00
-2.720525374855331524e+00 -6.041881837032016200e+00 -4.382132704947105495e+00 8.903758819192253426e-01 5.428832329725329586e+00 5.491599279243180476e+00 1.026929805952883523e+00 -4.284370889085983514e+00 -6.063509853864911037e+00 -2.843712449377820306e+00 2.720525374855456313e+00 6.041881837032970104e+00 4.382132704948104696e+00 -8.903758819189986351e-01 -5.428832329726069439e+00 -5.491599279244275600e+00 -1.026929805953429087e+00 4.284370889086430267e+00 6.063509853865986621e+00 2.843712449378628992e+00
