-1.585942352535636424e+00 -4.931559480314605004e+00 -6.393488504155651952e+00 -5.413322226091588973e+00 -2.365450849716307147e+00 1.585942352533060484e+00 4.931559480312933452e+00 6.393488504155523167e+00 5.413322226093050915e+00 2.365450849718802484e+00 -1.585942352530484101e+00 -4.931559480311263677e+00 -6.393488504155390828e+00 -5.413322226094510192e+00 -2.365450849721293825e+00 1.585942352527913712e+00 4.931559480309592125e+00 6.393488504155263819e+00 5.413322226095977463e+00 2.365450849723796267e+00
5.604101966250152334e-01 4.772542485936500101e-01 2.118033988748484198e-01 -1.345491502813740414e-01 -4.295084971875431368e-01 -5.604101966250019107e-01 -4.772542485937766310e-01 -2.118033988750664676e-01 1.345491502811477780e-01 4.295084971873950330e-01 5.604101966249886990e-01 4.772542485939030854e-01 2.118033988752846541e-01 -1.345491502809217366e-01 -4.295084971872472068e-01 -5.604101966249753763e-01 -4.772542485940297619e-01 -2.118033988755028962e-01 1.345491502806948902e-01 4.295084971870986590e-01
4.106134620997354823e-01 4.906559480316301958e+00 7.528366544875552790e+00 7.274593469060691930e+00 4.242172942403361624e+00 -4.106134620964956294e-01 -4.906559480313813282e+00 -7.528366544874764088e+00 -7.274593469061904294e+00 -4.242172942406112313e+00 4.106134620932551105e-01 4.906559480311324606e+00 7.528366544873970057e+00 7.274593469063112217e+00 4.242172942408858560e+00 -4.106134620900225851e-01 -4.906559480308834154e+00 -7.528366544873183130e+00 -7.274593469064329021e+00 -4.242172942411617242e+00
8.864745084421175036e-01 4.353444185377765230e+00 6.157546151625138187e+00 5.609674775248425505e+00 2.919098300560287740e+00 -8.864745084395458941e-01 -4.353444185375926700e+00 -6.157546151624734065e+00 -5.609674775249610335e+00 -2.919098300562608550e+00 8.864745084369732853e-01 4.353444185374088171e+00 6.157546151624326392e+00 5.609674775250790724e+00 2.919098300564925363e+00 -8.864745084344074488e-01 -4.353444185372248754e+00 -6.157546151623923159e+00 -5.609674775251978218e+00 -2.919098300567252835e+00
-8.248743750409688325e-01 -8.681356214849644815e+00 -1.322185504903175968e+01 -1.271205464880944547e+01 -7.346681439589271889e+00 8.248743750352942605e-01 8.681356214845310504e+00 1.322185504903042030e+01 1.271205464881161085e+01 7.346681439594116014e+00 -8.248743750296170241e-01 -8.681356214840976193e+00 -1.322185504902907205e+01 -1.271205464881377090e+01 -7.346681439598953034e+00 8.248743750239544426e-01 8.681356214836641882e+00 1.322185504902773445e+01 1.271205464881594338e+01 7.346681439603810482e+00
2.143566144658966000e+00 3.880166278063911012e+00 4.134674775250000600e+00 2.809878040717825431e+00 4.118033988736722328e-01 -2.143566144657459205e+00 -3.880166278063231111e+00 -4.134674775250407386e+00 -2.809878040719162584e+00 -4.118033988754302710e-01 2.143566144655951966e+00 3.880166278062551211e+00 4.134674775250811507e+00 2.809878040720497072e+00 4.118033988771848675e-01 -2.143566144654447392e+00 -3.880166278061871310e+00 -4.134674775251219181e+00 -2.809878040721838222e+00 -4.118033988789476796e-01
-1.963196601129738816e+00 -5.583813728908409324e+00 -7.071603799092914144e+00 -5.858281572997499964e+00 -2.407294901684806643e+00 1.963196601126919072e+00 5.583813728906636520e+00 7.071603799092864406e+00 5.858281572999191056e+00 2.407294901687594191e+00 -1.963196601124099328e+00 -5.583813728904863716e+00 -7.071603799092810227e+00 -5.858281573000877707e+00 -2.407294901690375966e+00 1.963196601121286022e+00 5.583813728903090912e+00 7.071603799092760489e+00 5.858281573002574127e+00 2.407294901693171063e+00
-2.392705098317349233e+00 -6.088322226095838730e+00 -7.458407197967743762e+00 -5.979634122153564491e+00 -2.216844051965944473e+00 2.392705098314421797e+00 6.088322226094084577e+00 7.458407197967831692e+00 5.979634122155461640e+00 2.216844051968925644e+00 -2.392705098311493028e+00 -6.088322226092329537e+00 -7.458407197967915181e+00 -5.979634122157352571e+00 -2.216844051971901042e+00 2.392705098308570921e+00 6.088322226090574496e+00 7.458407197968004887e+00 5.979634122159255050e+00 2.216844051974891094e+00
5.218566144664123385e+00 1.094070209965944684e+01 1.248386171337328143e+01 9.258610463433239346e+00 2.496884705058010301e+00 -5.218566144659394723e+00 -1.094070209965694396e+01 -1.248386171337396000e+01 -9.258610463436838245e+00 -2.496884705063156851e+00 5.218566144654666061e+00 1.094070209965444107e+01 1.248386171337463146e+01 9.258610463440430038e+00 2.496884705068293187e+00 -5.218566144649946281e+00 -1.094070209965193996e+01 -1.248386171337531358e+01 -9.258610463444037819e+00 -2.496884705073453503e+00
5.251722092695088939e+00 1.085164445219051110e+01 1.230660746477946077e+01 9.060864712027035139e+00 2.354179606745684161e+00 -5.251722092690442878e+00 -1.085164445218808105e+01 -1.230660746478017664e+01 -9.060864712030621604e+00 -2.354179606750771647e+00 5.251722092685795928e+00 1.085164445218565277e+01 1.230660746478088718e+01 9.060864712034197410e+00 2.354179606755848475e+00 -5.251722092681159637e+00 -1.085164445218322449e+01 -1.230660746478160483e+01 -9.060864712037794533e+00 -2.354179606760950616e+00
2.855369543535820842e+00 6.291437521033355296e+00 7.324390203593151405e+00 5.559674775247841261e+00 1.671352549153826583e+00 -2.855369543533017751e+00 -6.291437521031813418e+00 -7.324390203593459603e+00 -5.559674775249881407e+00 -1.671352549156819300e+00 2.855369543530213328e+00 6.291437521030270652e+00 7.324390203593763360e+00 5.559674775251915335e+00 1.671352549159806244e+00 -2.855369543527415566e+00 -6.291437521028728774e+00 -7.324390203594072446e+00 -5.559674775253960810e+00 -1.671352549162807843e+00
-1.143237254223460564e+00 -4.719756081440079853e+00 -6.493488504156075258e+00 -5.786929023841799413e+00 -2.869959346903768971e+00 1.143237254220778265e+00 4.719756081438215567e+00 6.493488504155740415e+00 5.786929023843121023e+00 2.869959346906242992e+00 -1.143237254218095078e+00 -4.719756081436352169e+00 -6.493488504155402019e+00 -5.786929023844439079e+00 -2.869959346908713016e+00 1.143237254215418552e+00 4.719756081434486994e+00 6.493488504155068064e+00 5.786929023845765130e+00 2.869959346911194586e+00
8.315594803187462136e-02 4.463525491568950399e-01 6.390576474691844755e-01 5.876644452188561907e-01 3.118033988748326601e-01 -8.315594803160647475e-02 -4.463525491567011394e-01 -6.390576474691386233e-01 -5.876644452189759837e-01 -3.118033988750724128e-01 8.315594803133821711e-02 4.463525491565071279e-01 6.390576474690924380e-01 5.876644452190954437e-01 3.118033988753117214e-01 -8.315594803107066724e-02 -4.463525491563130609e-01 -6.390576474690466968e-01 -5.876644452192155699e-01 -3.118033988755520847e-01
-8.704915028165587376e-01 -3.890779740158667011e+00 -5.424922359500036428e+00 -4.886929023842199626e+00 -2.482294901685462740e+00 8.704915028143055400e-01 3.890779740157078948e+00 5.424922359499720237e+00 4.886929023843275210e+00 2.482294901687519317e+00 -8.704915028120521203e-01 -3.890779740155491773e+00 -5.424922359499399604e+00 -4.886929023844346354e+00 -2.482294901689571898e+00 8.704915028098038077e-01 3.890779740153902821e+00 5.424922359499083413e+00 4.886929023845424602e+00 2.482294901691633804e+00
-1.690983005640419590e-01 -1.334016994375874177e+00 -1.989386537906233432e+00 -1.884878040718087400e+00 -1.060410196624123946e+00 1.690983005631944147e-01 1.334016994375238241e+00 1.989386537906051355e+00 1.884878040718429126e+00 1.060410196624858692e+00 -1.690983005623467039e-01 -1.334016994374602305e+00 -1.989386537905868169e+00 -1.884878040718769521e+00 -1.060410196625592105e+00 1.690983005615010470e-01 1.334016994373965925e+00 1.989386537905686536e+00 1.884878040719111914e+00 1.060410196626328849e+00
-2.009549150285723229e+00 -5.463322226095750800e+00 -6.830291903030482281e+00 -5.588322226091436917e+00 -2.211803398872480120e+00 2.009549150283016505e+00 5.463322226094079248e+00 6.830291903030483169e+00 5.588322226093110245e+00 2.211803398875186399e+00 -2.009549150280308893e+00 -5.463322226092407696e+00 -6.830291903030480505e+00 -5.588322226094779133e+00 -2.211803398877888682e+00 2.009549150277607499e+00 5.463322226090735256e+00 6.830291903030482281e+00 5.588322226096457790e+00 2.211803398880602956e+00
7.227583139041819038e+00 1.513320393250406681e+01 1.725845518243482601e+01 1.279156314599393340e+01 3.438728757025128591e+00 -7.227583139035283821e+00 -1.513320393250061180e+01 -1.725845518243577104e+01 -1.279156314599891608e+01 -3.438728757032245120e+00 7.227583139028748604e+00 1.513320393249715856e+01 1.725845518243670540e+01 1.279156314600388278e+01 3.438728757039348327e+00 -7.227583139022225822e+00 -1.513320393249370177e+01 -1.725845518243765397e+01 -1.279156314600887789e+01 -3.438728757046484841e+00
-4.960236587230726357e-01 -3.804837387627539869e+00 -5.660332556125025505e+00 -5.353773075810878801e+00 -3.002254248591564867e+00 4.960236587206634518e-01 3.804837387625735534e+00 5.660332556124514802e+00 5.353773075811855797e+00 3.002254248593657415e+00 -4.960236587182533796e-01 -3.804837387623931644e+00 -5.660332556124000547e+00 -5.353773075812829241e+00 -3.002254248595745967e+00 4.960236587158493027e-01 3.804837387622126421e+00 5.660332556123489844e+00 5.353773075813809790e+00 3.002254248597844288e+00
-2.796352549162094636e+00 -7.265044318783858479e+00 -8.958736088405235165e+00 -7.230495168496971381e+00 -2.740450849715462489e+00 2.796352549158566791e+00 7.265044318781724186e+00 8.958736088405307996e+00 7.230495168499222025e+00 2.740450849719033410e+00 -2.796352549155038059e+00 -7.265044318779589005e+00 -8.958736088405373721e+00 -7.230495168501467340e+00 -2.740450849722598115e+00 2.796352549151517763e+00 7.265044318777452048e+00 8.958736088405448328e+00 7.230495168503725090e+00 2.740450849726178362e+00
-5.887287570351423804e-01 -3.651189936783549861e+00 -5.319020660062586003e+00 -4.955166278061135188e+00 -2.698606797748126951e+00 5.887287570328957331e-01 3.651189936781898293e+00 5.319020660062158790e+00 4.955166278062096197e+00 2.698606797750108477e+00 -5.887287570306484197e-01 -3.651189936780246725e+00 -5.319020660061728911e+00 -4.955166278063054541e+00 -2.698606797752087338e+00 5.887287570284067684e-01 3.651189936778593825e+00 5.319020660061303474e+00 4.955166278064019103e+00 2.698606797754074638e+00
