-2.492705098309946798e+00 -4.279634122156957154e+00 -1.522542485963486736e-01 4.185535821592814010e+00 2.739057647470385159e+00 -2.492705098311097878e+00 -4.279634122156443787e+00 -1.522542485948775171e-01 4.185535821593209249e+00 2.739057647469157697e+00 -2.492705098312248957e+00 -4.279634122155928644e+00 -1.522542485934040291e-01 4.185535821593600048e+00 2.739057647467929346e+00 -2.492705098313396483e+00 -4.279634122155412612e+00 -1.522542485919305411e-01 4.185535821593995287e+00 2.739057647466699663e+00
3.400861046340517557e+00 4.876847717657338599e+00 -3.868033988715230409e-01 -5.115905365123822435e+00 -2.775000000002288303e+00 3.400861046341755234e+00 4.876847717656558778e+00 -3.868033988732449968e-01 -5.115905365124106652e+00 -2.775000000000741540e+00 3.400861046342992910e+00 4.876847717655778069e+00 -3.868033988749698393e-01 -5.115905365124387316e+00 -2.774999999999192557e+00 3.400861046344226146e+00 4.876847717654996472e+00 -3.868033988766947373e-01 -5.115905365124671533e+00 -2.774999999997643130e+00
3.773606797746776653e+00 5.002708764001334352e+00 -6.817627457775794486e-01 -5.424061313155193353e+00 -2.670491502815028451e+00 3.773606797748008113e+00 5.002708764000435515e+00 -6.817627457793690171e-01 -5.424061313155401187e+00 -2.670491502813366225e+00 3.773606797749240016e+00 5.002708763999536679e+00 -6.817627457811616942e-01 -5.424061313155604580e+00 -2.670491502811702222e+00 3.773606797750467479e+00 5.002708763998635177e+00 -6.817627457829543713e-01 -5.424061313155810637e+00 -2.670491502810037332e+00
1.778647450841615907e+00 2.902912029469206789e+00 1.545084972093575815e-02 -2.893362879186573977e+00 -1.803647450845122568e+00 1.778647450842385069e+00 2.902912029468827537e+00 1.545084971993072875e-02 -2.893362879186815562e+00 -1.803647450844267031e+00 1.778647450843154454e+00 2.902912029468447841e+00 1.545084971892407566e-02 -2.893362879187055370e+00 -1.803647450843410383e+00 1.778647450843921174e+00 2.902912029468067701e+00 1.545084971791742257e-02 -2.893362879187296954e+00 -1.803647450842553290e+00
-1.830040653091292491e+00 -3.771478174125329375e+00 -5.008610463460898554e-01 3.461929023842635900e+00 2.640450849720134663e+00 -1.830040653092356084e+00 -3.771478174125003413e+00 -5.008610463448232020e-01 3.461929023843092423e+00 2.640450849719149673e+00 -1.830040653093419234e+00 -3.771478174124676563e+00 -5.008610463435545501e-01 3.461929023843545394e+00 2.640450849718164239e+00 -1.830040653094478831e+00 -3.771478174124349270e+00 -5.008610463422860093e-01 3.461929023844001918e+00 2.640450849717177917e+00
3.454915028171801072e-02 -5.640576474685998765e-01 -3.831559480315461230e-01 3.272542485934595291e-01 5.854101966250655487e-01 3.454915028151811507e-02 -5.640576474686579411e-01 -3.831559480313816435e-01 3.272542485936190126e-01 5.854101966249996014e-01 3.454915028131827492e-02 -5.640576474687155617e-01 -3.831559480312171084e-01 3.272542485937777190e-01 5.854101966249340983e-01 3.454915028111893438e-02 -5.640576474687735153e-01 -3.831559480310525734e-01 3.272542485939375356e-01 5.854101966248681510e-01
-1.539589803372997334e+00 -3.033813728906474605e+00 -3.354101966268896451e-01 2.826518827217783691e+00 2.082294901688605204e+00 -1.539589803373843546e+00 -3.033813728906189056e+00 -3.354101966258652423e-01 2.826518827218130969e+00 2.082294901687795186e+00 -1.539589803374689758e+00 -3.033813728905902174e+00 -3.354101966248392852e-01 2.826518827218475138e+00 2.082294901686984279e+00 -1.539589803375533528e+00 -3.033813728905615736e+00 -3.354101966238133281e-01 2.826518827218822860e+00 2.082294901686172928e+00
-5.690983005618128754e-01 -1.157623792125048068e+00 -1.463525491568668790e-01 1.067172942405921532e+00 8.059016994378219723e-01 -5.690983005621383928e-01 -1.157623792124945483e+00 -1.463525491564774406e-01 1.067172942406059644e+00 8.059016994375177712e-01 -5.690983005624636881e-01 -1.157623792124842677e+00 -1.463525491560874747e-01 1.067172942406196423e+00 8.059016994372133480e-01 -5.690983005627879843e-01 -1.157623792124739426e+00 -1.463525491556975089e-01 1.067172942406334535e+00 8.059016994369085918e-01
-2.477254248591560515e+00 -3.700125624969444527e+00 1.904508497164469905e-01 3.817830723280444705e+00 2.169098300563974124e+00 -2.477254248592513086e+00 -3.700125624968888083e+00 1.904508497177450632e-01 3.817830723280690730e+00 2.169098300562828374e+00 -2.477254248593465658e+00 -3.700125624968332083e+00 1.904508497190453564e-01 3.817830723280934091e+00 2.169098300561680848e+00 -2.477254248594415564e+00 -3.700125624967774307e+00 1.904508497203456219e-01 3.817830723281179672e+00 2.169098300560532433e+00
5.712664445213477826e+00 8.376973342626818919e+00 -5.354101966193014484e-01 -8.707875042060656767e+00 -4.846352549159993472e+00 5.712664445215621001e+00 8.376973342625523955e+00 -5.354101966222487574e-01 -8.707875042061184345e+00 -4.846352549157371570e+00 5.712664445217763287e+00 8.376973342624228991e+00 -5.354101966252010625e-01 -8.707875042061703041e+00 -4.846352549154745226e+00 5.712664445219899356e+00 8.376973342622930474e+00 -5.354101966281533675e-01 -8.707875042062230619e+00 -4.846352549152117994e+00
-1.430040653091453118e+00 -3.411067977500041870e+00 -6.781152949395111706e-01 2.991969676936317324e+00 2.527254248594806629e+00 -1.430040653092444547e+00 -3.411067977499825599e+00 -6.781152949383838502e-01 2.991969676936796496e+00 2.527254248593975294e+00 -1.430040653093435976e+00 -3.411067977499607551e+00 -6.781152949372548644e-01 2.991969676937272560e+00 2.527254248593143515e+00 -1.430040653094424075e+00 -3.411067977499389503e+00 -6.781152949361259896e-01 2.991969676937752620e+00 2.527254248592311292e+00
-3.044959346903232333e+00 -4.840044318782120492e+00 5.364745084064134750e-02 4.873200266811370085e+00 2.958155948033216465e+00 -3.044959346904504649e+00 -4.840044318781460575e+00 5.364745084232347416e-02 4.873200266811749337e+00 2.958155948031768734e+00 -3.044959346905776520e+00 -4.840044318780800658e+00 5.364745084400836250e-02 4.873200266812125037e+00 2.958155948030319227e+00 -3.044959346907044395e+00 -4.840044318780138966e+00 5.364745084569325084e-02 4.873200266812504289e+00 2.958155948028869275e+00
-1.884549150279260843e+00 -3.301518827219239061e+00 -1.559016994395157896e-01 3.205166278061734264e+00 2.136803398876251148e+00 -1.884549150280154128e+00 -3.301518827218855368e+00 -1.559016994383840005e-01 3.205166278062050456e+00 2.136803398875314564e+00 -1.884549150281047414e+00 -3.301518827218471674e+00 -1.559016994372503795e-01 3.205166278062363094e+00 2.136803398874376647e+00 -1.884549150281937369e+00 -3.301518827218087537e+00 -1.559016994361168140e-01 3.205166278062679286e+00 2.136803398873438287e+00
-1.791844051966112072e+00 -4.073732422718986612e+00 -7.258610463461721007e-01 3.625125624967541871e+00 2.966311896063844600e+00 -1.791844051967284468e+00 -4.073732422718698842e+00 -7.258610463448188499e-01 3.625125624968089877e+00 2.966311896062829856e+00 -1.791844051968457308e+00 -4.073732422718410184e+00 -7.258610463434637117e-01 3.625125624968633442e+00 2.966311896061814224e+00 -1.791844051969627039e+00 -4.073732422718120638e+00 -7.258610463421086845e-01 3.625125624969181892e+00 2.966311896060798148e+00
-2.899999999997193711e+00 -4.530495168500762837e+00 9.999999999709201226e-02 4.592298567373896745e+00 2.738196601126836605e+00 -2.899999999998377209e+00 -4.530495168500127789e+00 9.999999999867061062e-02 4.592298567374236917e+00 2.738196601125468366e+00 -2.899999999999561595e+00 -4.530495168499493630e+00 1.000000000002518041e-01 4.592298567374573537e+00 2.738196601124098351e+00 -2.900000000000741984e+00 -4.530495168498855918e+00 1.000000000018330115e-01 4.592298567374914597e+00 2.738196601122727447e+00
-2.813196601122061047e+00 -4.757749417094340849e+00 -1.272542485966600412e-01 4.679101966248745192e+00 3.019098300564245552e+00 -2.813196601123335139e+00 -4.757749417093755540e+00 -1.272542485950211300e-01 4.679101966249171518e+00 3.019098300562870207e+00 -2.813196601124609231e+00 -4.757749417093168454e+00 -1.272542485933795819e-01 4.679101966249593403e+00 3.019098300561493531e+00 -2.813196601125879326e+00 -4.757749417092580480e+00 -1.272542485917380617e-01 4.679101966250020617e+00 3.019098300560115078e+00
-7.668440519676945621e-01 -1.677583139031361581e+00 -2.699593469072197327e-01 1.510739087061993668e+00 1.203647450844321565e+00 -7.668440519681737344e-01 -1.677583139031233017e+00 -2.699593469066600693e-01 1.510739087062210828e+00 1.203647450843896127e+00 -7.668440519686529067e-01 -1.677583139031103787e+00 -2.699593469060996842e-01 1.510739087062425989e+00 1.203647450843470246e+00 -7.668440519691305246e-01 -1.677583139030974779e+00 -2.699593469055392991e-01 1.510739087062643371e+00 1.203647450843043920e+00
-2.774999999997334488e+00 -4.237790070188302671e+00 1.559016994346763552e-01 4.334142619342739700e+00 2.522745751408079773e+00 -2.774999999998433609e+00 -4.237790070187687164e+00 1.559016994361580311e-01 4.334142619343039904e+00 2.522745751406783477e+00 -2.774999999999532729e+00 -4.237790070187071656e+00 1.559016994376421494e-01 4.334142619343336555e+00 2.522745751405485404e+00 -2.775000000000628742e+00 -4.237790070186454372e+00 1.559016994391262956e-01 4.334142619343636760e+00 2.522745751404186887e+00
-2.877254248591344155e+00 -3.879634122157104681e+00 4.795084971848605493e-01 4.175986671311631149e+00 2.101393202251731651e+00 -2.877254248592305608e+00 -3.879634122156424336e+00 4.795084971862443313e-01 4.175986671311806120e+00 2.101393202250456227e+00 -2.877254248593267505e+00 -3.879634122155744436e+00 4.795084971876305557e-01 4.175986671311977538e+00 2.101393202249178138e+00 -2.877254248594225849e+00 -3.879634122155062759e+00 4.795084971890167802e-01 4.175986671312152509e+00 2.101393202247900049e+00
-2.886803398872686444e+00 -3.777379873563300183e+00 5.522542485912419474e-01 4.118691769624112098e+00 1.993237254220388444e+00 -2.886803398873611481e+00 -3.777379873562608292e+00 5.522542485925961975e-01 4.118691769624256871e+00 1.993237254219123233e+00 -2.886803398874536519e+00 -3.777379873561916845e+00 5.522542485939528900e-01 4.118691769624399868e+00 1.993237254217857135e+00 -2.886803398875458004e+00 -3.777379873561223178e+00 5.522542485953095825e-01 4.118691769624544641e+00 1.993237254216589927e+00
