1.295084971854011113e-01 -7.274575140386352334e-02 -1.180339887688975666e-02 9.184405196957978745e-02 -1.368033988745322171e-01 1.295084971859970513e-01 -7.274575140432126830e-02 -1.180339887674468867e-02 9.184405196980316433e-02 -1.368033988750386454e-01 1.295084971865929635e-01 -7.274575140477915203e-02 -1.180339887660022784e-02 9.184405197002651344e-02 -1.368033988755449071e-01 1.295084971871887092e-01 -7.274575140523704964e-02 -1.180339887645480944e-02 9.184405197025027889e-02 -1.368033988760513631e-01
2.390450849700787028e+00 -1.662790070166133560e+00 2.999999999826942765e-01 1.177379873571355429e+00 -2.205040653093596426e+00 2.390450849711039272e+00 -1.662790070175265589e+00 2.999999999872240974e-01 1.177379873573164204e+00 -2.205040653101051351e+00 2.390450849721290183e+00 -1.662790070184398949e+00 2.999999999917432048e-01 1.177379873574971869e+00 -2.205040653108500504e+00 2.390450849731539762e+00 -1.662790070193532976e+00 2.999999999962791875e-01 1.177379873576787972e+00 -2.205040653115958094e+00
2.030901699423034223e+00 -1.428773075794977032e+00 2.809016994230214559e-01 9.742645786327651658e-01 -1.857294901687963851e+00 2.030901699431706398e+00 -1.428773075802769910e+00 2.809016994269630252e-01 9.742645786341851410e-01 -1.857294901694202416e+00 2.030901699440378128e+00 -1.428773075810563675e+00 2.809016994308954907e-01 9.742645786356047832e-01 -1.857294901700436318e+00 2.030901699449048525e+00 -1.428773075818358329e+00 2.809016994348422780e-01 9.742645786370314198e-01 -1.857294901706676882e+00
-5.798074641795168738e+00 3.426441186669776151e+00 2.539763413147120286e-01 -3.837383539261252974e+00 5.955040653085185376e+00 -5.798074641821453490e+00 3.426441186690631469e+00 2.539763413072357312e-01 -3.837383539270026844e+00 5.955040653106854265e+00 -5.798074641847736466e+00 3.426441186711491671e+00 2.539763412997863568e-01 -3.837383539278799827e+00 5.955040653128515160e+00 -5.798074641874012336e+00 3.426441186732353206e+00 2.539763412922945163e-01 -3.837383539287590573e+00 5.955040653150188490e+00
5.272542485896820619e-01 -2.868033988708585946e-01 -6.319660112802209795e-02 3.890576474700327414e-01 -5.663118960620955322e-01 5.272542485921301036e-01 -2.868033988727022310e-01 -6.319660112748565206e-02 3.890576474710098487e-01 -5.663118960642126165e-01 5.272542485945781454e-01 -2.868033988745463669e-01 -6.319660112695169030e-02 3.890576474719868449e-01 -5.663118960663290347e-01 5.272542485970254100e-01 -2.868033988763905584e-01 -6.319660112641381500e-02 3.890576474729655065e-01 -5.663118960684464520e-01
-2.505901699415276962e+00 1.254634122135075414e+00 4.758610463573326177e-01 -2.024593469066121809e+00 2.799999999995234745e+00 -2.505901699427166118e+00 1.254634122143606367e+00 4.758610463554107661e-01 -2.024593469071550800e+00 2.800000000005937295e+00 -2.505901699439054386e+00 1.254634122152139764e+00 4.758610463535008495e-01 -2.024593469076978458e+00 2.800000000016638069e+00 -2.505901699450938658e+00 1.254634122160673604e+00 4.758610463515720035e-01 -2.024593469082413666e+00 2.800000000027342839e+00
-2.157294901670266274e+00 1.254634122137612273e+00 1.272542486076560231e-01 -1.460535821599854955e+00 2.235942352529829869e+00 -2.157294901680093080e+00 1.254634122145328545e+00 1.272542486049914601e-01 -1.460535821603266005e+00 2.235942352538011768e+00 -2.157294901689919442e+00 1.254634122153047038e+00 1.272542486023369723e-01 -1.460535821606676388e+00 2.235942352546191003e+00 -2.157294901699743583e+00 1.254634122160765974e+00 1.272542485996666084e-01 -1.460535821610093876e+00 2.235942352554374235e+00
2.674138953634282778e+00 -1.551847717631643642e+00 -1.631966011441162712e-01 1.815905365134047100e+00 -2.774999999998746691e+00 2.674138953646472139e+00 -1.551847717641201552e+00 -1.631966011408328976e-01 1.815905365138299921e+00 -2.775000000008909229e+00 2.674138953658660611e+00 -1.551847717650762126e+00 -1.631966011375619308e-01 1.815905365142551631e+00 -2.775000000019067770e+00 2.674138953670845975e+00 -1.551847717660322923e+00 -1.631966011342713130e-01 1.815905365146812001e+00 -2.775000000029232083e+00
3.326393202222726497e+00 -2.152708763969551242e+00 1.567627457579268691e-01 1.899061313166677811e+00 -3.229508497184955917e+00 3.326393202237368563e+00 -2.152708763981914686e+00 1.567627457632978505e-01 1.899061313170359755e+00 -3.229508497196282413e+00 3.326393202252010184e+00 -2.152708763994281238e+00 1.567627457686536774e-01 1.899061313174040588e+00 -3.229508497207602691e+00 3.326393202266649141e+00 -2.152708764006647790e+00 1.567627457740333741e-01 1.899061313177732302e+00 -3.229508497218931851e+00
1.946352549139900301e+00 -1.177912029451539278e+00 -4.045084973116104543e-02 1.243362879192334347e+00 -1.971352549153919442e+00 1.946352549148658850e+00 -1.177912029458599186e+00 -4.045084972849109783e-02 1.243362879195079485e+00 -1.971352549161029755e+00 1.946352549157416956e+00 -1.177912029465660870e+00 -4.045084972583011529e-02 1.243362879197823956e+00 -1.971352549168137180e+00 1.946352549166173063e+00 -1.177912029472722999e+00 -4.045084972315496352e-02 1.243362879200574866e+00 -1.971352549175249047e+00
-2.444959346885465568e+00 1.371478174104501679e+00 2.258610463574423910e-01 -1.736929023848033937e+00 2.584549150277311025e+00 -2.444959346896721009e+00 1.371478174113139437e+00 2.258610463547145453e-01 -1.736929023852264997e+00 2.584549150286882480e+00 -2.444959346907975561e+00 1.371478174121779636e+00 2.258610463519981071e-01 -1.736929023856494725e+00 2.584549150296450826e+00 -2.444959346919227450e+00 1.371478174130420058e+00 2.258610463492635723e-01 -1.736929023860732890e+00 2.584549150306023613e+00
9.045084971742220481e-02 -6.094235253035922006e-02 8.155948031030629125e-03 4.774575140575872817e-02 -8.541019662404197854e-02 9.045084971781473804e-02 -6.094235253070054426e-02 8.155948031190601855e-03 4.774575140584144672e-02 -8.541019662433574355e-02 9.045084971820724351e-02 -6.094235253104193784e-02 8.155948031350165189e-03 4.774575140592413058e-02 -8.541019662462931428e-02 9.045084971859967959e-02 -6.094235253138334529e-02 8.155948031510372107e-03 4.774575140600712669e-02 -8.541019662492316256e-02
-2.210410196605766320e+00 1.158813728888274941e+00 3.354101966362060816e-01 -1.701518827221352392e+00 2.417705098308025935e+00 -2.210410196616131362e+00 1.158813728895910833e+00 3.354101966342091790e-01 -1.701518827225763975e+00 2.417705098317158630e+00 -2.210410196626495960e+00 1.158813728903549167e+00 3.354101966322227679e-01 -1.701518827230174447e+00 2.417705098326289548e+00 -2.210410196636857005e+00 1.158813728911187946e+00 3.354101966302198146e-01 -1.701518827234592246e+00 2.417705098335423131e+00
-6.809016994316238192e-01 4.076237921200938086e-01 2.135254915862399433e-02 -4.421729424058913338e-01 6.940983005603416078e-01 -6.809016994346982488e-01 4.076237921225541183e-01 2.135254915771570700e-02 -4.421729424068838177e-01 6.940983005628552638e-01 -6.809016994377726784e-01 4.076237921250150387e-01 2.135254915681056992e-02 -4.421729424078761350e-01 6.940983005653680316e-01 -6.809016994408461088e-01 4.076237921274761256e-01 2.135254915590045766e-02 -4.421729424088706728e-01 6.940983005678823536e-01
-2.197745751388792801e+00 1.275125624950754988e+00 1.345491502939857309e-01 -1.492830723286113104e+00 2.280901699435242236e+00 -2.197745751398811453e+00 1.275125624958609372e+00 1.345491502912887771e-01 -1.492830723289610084e+00 2.280901699443595998e+00 -2.197745751408829218e+00 1.275125624966466198e+00 1.345491502886020652e-01 -1.492830723293106177e+00 2.280901699451946207e+00 -2.197745751418844318e+00 1.275125624974323468e+00 1.345491502858991717e-01 -1.492830723296609818e+00 2.280901699460301302e+00
4.762335554743708954e+00 -3.026973342583604953e+00 1.354101965936964913e-01 2.807875042076351413e+00 -4.678647450840552224e+00 4.762335554764801415e+00 -3.026973342601188222e+00 1.354101966010676228e-01 2.807875042082020656e+00 -4.678647450857093659e+00 4.762335554785892988e+00 -3.026973342618775931e+00 1.354101966084170217e-01 2.807875042087688122e+00 -4.678647450873626212e+00 4.762335554806979232e+00 -3.026973342636363640e+00 1.354101966158006987e-01 2.807875042093371576e+00 -4.678647450890171200e+00
-2.044959346888364227e+00 1.061067977481990221e+00 3.281152949499633320e-01 -1.591969676941968892e+00 2.247745751403389836e+00 -2.044959346897979646e+00 1.061067977489031255e+00 3.281152949481796477e-01 -1.591969676946130008e+00 2.247745751411904358e+00 -2.044959346907594178e+00 1.061067977496074288e+00 3.281152949464056223e-01 -1.591969676950290014e+00 2.247745751420416660e+00 -2.044959346917205600e+00 1.061067977503117987e+00 3.281152949446162759e-01 -1.591969676954456903e+00 2.247745751428932071e+00
-2.430040653074337254e+00 1.365044318761351461e+00 2.213525491702175996e-01 -1.723200266817753068e+00 2.566844051966237217e+00 -2.430040653085519420e+00 1.365044318769940590e+00 2.213525491674951939e-01 -1.723200266821943938e+00 2.566844051975738505e+00 -2.430040653096700698e+00 1.365044318778532162e+00 2.213525491647841403e-01 -1.723200266826134364e+00 2.566844051985237130e+00 -2.430040653107879312e+00 1.365044318787124178e+00 2.213525491620551011e-01 -1.723200266830332339e+00 2.566844051994740639e+00
-1.940450849704426606e+00 1.226518827203557649e+00 -4.409830055145856631e-02 -1.155166278067092156e+00 1.913196601123672735e+00 -1.940450849713036607e+00 1.226518827210707263e+00 -4.409830055442238994e-02 -1.155166278069451602e+00 1.913196601130452867e+00 -1.940450849721646165e+00 1.226518827217858876e+00 -4.409830055737733179e-02 -1.155166278071810382e+00 1.913196601137229891e+00 -1.940450849730253946e+00 1.226518827225010488e+00 -4.409830056034626244e-02 -1.155166278074175601e+00 1.913196601144011577e+00
-2.183155948014199321e+00 1.348732422700285039e+00 8.610463574699744882e-04 -1.350125624974733318e+00 2.183688103936033631e+00 -2.183155948023959070e+00 1.348732422708262435e+00 8.610463543159835309e-04 -1.350125624977613237e+00 2.183688103943846048e+00 -2.183155948033718374e+00 1.348732422716242052e+00 8.610463511720192753e-04 -1.350125624980492933e+00 2.183688103951655357e+00 -2.183155948043475902e+00 1.348732422724221891e+00 8.610463480122274027e-04 -1.350125624983379513e+00 2.183688103959469995e+00
