-1.375541196117702203e+00 3.664798191923805959e-01 9.447183301494495034e-01 -1.477062823256603208e+00 7.916731582897961195e-01 5.463952090995126687e-01 -1.433999249953528343e+00 1.139372012742573492e+00 9.458711802384750511e-02 -1.250565838804974295e+00 1.375541196116587539e+00 -3.664798191910486613e-01 -9.447183301499044727e-01 1.477062823255801627e+00 -7.916731582883999030e-01 -5.463952091003525524e-01 1.433999249953118449e+00 -1.139372012741254547e+00 -9.458711802498845356e-02 1.250565838804996499e+00
-1.390911552924565697e+00 5.106891690782773274e-01 7.905604287451077905e-01 -1.440048691202856279e+00 9.023183377989325571e-01 3.793098675403427378e-01 -1.348223830177223803e+00 1.205622300794327639e+00 -6.907018630633438017e-02 -1.124425427026308322e+00 1.390911552923577821e+00 -5.106891690769435055e-01 -7.905604287456919899e-01 1.440048691202205022e+00 -9.023183377975836361e-01 -3.793098675412769905e-01 1.348223830176972227e+00 -1.205622300793099955e+00 6.907018630514286106e-02 1.124425427026481739e+00
-1.145371190926327554e+00 5.905806970039902959e-01 4.511019429512159729e-01 -1.120882835698258306e+00 8.665748577910243888e-01 1.021629928642878715e-01 -9.866746588623003245e-01 1.057742633715469616e+00 -2.567763827755031314e-01 -7.558838918505182969e-01 1.145371190925682958e+00 -5.905806970029077174e-01 -4.511019429518475787e-01 1.120882835697914803e+00 -8.665748577899898830e-01 -1.021629928651603958e-01 9.866746588622904435e-01 -1.057742633714587432e+00 2.567763827744760641e-01 7.558838918508437033e-01
2.807850622969954024e+00 -4.764501450541348548e-01 -2.247749885538907755e+00 3.118838612177394776e+00 -1.418664795497120323e+00 -1.451098122697904724e+00 3.124532947798954741e+00 -2.222010651337953835e+00 -5.124027652125794363e-01 2.824376228589313698e+00 -2.807850622967408949e+00 4.764501450513907166e-01 2.247749885539596537e+00 -3.118838612175450553e+00 1.418664795494148478e+00 1.451098122699454152e+00 -3.124532947797802773e+00 2.222010651335055709e+00 5.124027652148351875e-01 -2.824376228589067228e+00
2.493407124318551826e+00 -9.287729424088131402e-02 -2.384223316663087289e+00 2.895699901653243646e+00 -1.019876077849685814e+00 -1.696763666201278831e+00 3.014541397086909047e+00 -1.847042285063985378e+00 -8.432129660445570885e-01 2.838298577029215508e+00 -2.493407124315963230e+00 9.287729423841389886e-02 2.384223316663406145e+00 -2.895699901651142216e+00 1.019876077846898488e+00 1.696763666202454557e+00 -3.014541397085503061e+00 1.847042285061161637e+00 8.432129660464711129e-01 -2.838298577028641745e+00
4.684365880238622104e+00 -6.775029712511644320e-01 -3.887913370466757446e+00 5.248019253952532104e+00 -2.281503271973129632e+00 -2.565951301306785393e+00 5.297959937990044388e+00 -3.662174136266252322e+00 -9.928160407417503386e-01 4.829299390240515244e+00 -4.684365880234258483e+00 6.775029712465755471e-01 3.887913370467802388e+00 -5.248019253949155249e+00 2.281503271968118973e+00 2.565951301309298938e+00 -5.297959937987986478e+00 3.662174136261328705e+00 9.928160407454817982e-01 -4.829299390239978784e+00
5.551031993758622995e+00 -9.601360259399269736e-01 -4.422324401273873384e+00 6.158890153782849097e+00 -2.817885204491164863e+00 -2.846267422076638187e+00 6.163873234044686455e+00 -4.399800145866032075e+00 -9.915979564962513759e-01 5.565493455929114930e+00 -5.551031993753609228e+00 9.601360259345036452e-01 4.422324401275250949e+00 -6.158890153779025489e+00 2.817885204485297557e+00 2.846267422079713061e+00 -6.163873234042429594e+00 4.399800145860316647e+00 9.915979565007158048e-01 -5.565493455928646860e+00
-9.605296203430262469e-01 -2.354097014376455299e-01 1.237270321846132282e+00 -1.219088795122781566e+00 1.958545081701028034e-01 9.888480121279341617e-01 -1.358315064744954670e+00 6.079471139194670970e-01 6.436303692736650151e-01 -1.364579991892524768e+00 9.605296203417597045e-01 2.354097014386211939e-01 -1.237270321846015042e+00 1.219088795121664237e+00 -1.958545081689074263e-01 -9.888480121282223756e-01 1.358315064744098244e+00 -6.079471139181740202e-01 -6.436303692743291505e-01 1.364579991892012290e+00
-4.955550430991367827e-01 -6.492657301899301681e-02 5.718808073039849393e-01 -6.073596361856977710e-01 1.421132666713073311e-01 4.402954715766608795e-01 -6.597116363590530552e-01 3.352420696584303972e-01 2.656109473725881687e-01 -6.474864650844268654e-01 4.955550430985394827e-01 6.492657301949113224e-02 -5.718808073039745032e-01 6.073596361851855141e-01 -1.421132666707159986e-01 -4.402954715768439553e-01 6.597116363586766896e-01 -3.352420696578061188e-01 -2.656109473729460491e-01 6.474864650842232505e-01
-2.401118085492090493e-01 -2.119743130780936125e-01 4.893025587334074999e-01 -3.632353427867722750e-01 -6.229380353049568386e-02 4.364661008355853467e-01 -4.508028708629414627e-01 9.348445753306311445e-02 3.409052999499215808e-01 -4.942426730108019362e-01 2.401118085487403409e-01 2.119743130783516560e-01 -4.893025587332426873e-01 3.632353427863193041e-01 6.229380353086322319e-02 -4.364661008355644745e-01 4.508028708625496095e-01 -9.348445753262388247e-02 -3.409052999500462589e-01 4.942426730105092259e-01
-6.575382691491769904e+00 1.381046513916182716e+00 4.951865144271655694e+00 -7.202313120203154284e+00 3.514961724623478112e+00 3.070227791990709942e+00 -7.124230959243806005e+00 5.304807991546181434e+00 8.880551518958978985e-01 -6.348779434559017609e+00 6.575382691486072240e+00 -1.381046513909781392e+00 -4.951865144273503994e+00 7.202313120198902574e+00 -3.514961724616637806e+00 -3.070227791994499356e+00 7.124230959241415917e+00 -5.304807991539596479e+00 -8.880551519012518380e-01 6.348779434558725399e+00
-7.064216856957754587e+00 1.393350434972345120e+00 5.426235183053229605e+00 -7.772272467109661243e+00 3.710619082877632646e+00 3.410178119528602725e+00 -7.719523895575416184e+00 5.664666481547414811e+00 1.060309061557590082e+00 -6.911134540057908282e+00 7.064216856951544443e+00 -1.393350434965459295e+00 -5.426235183055133859e+00 7.772272467104990312e+00 -3.710619082870243446e+00 -3.410178119532619068e+00 7.719523895572743655e+00 -5.664666481540271192e+00 -1.060309061563317501e+00 6.911134540057497944e+00
-1.304565235580912530e+00 6.081985005121380850e-01 5.895850174460370852e-01 -1.301297256966729599e+00 9.401816555411611764e-01 1.960474337607450712e-01 -1.170649236169736263e+00 1.180133279495091170e+00 -2.166806386836898635e-01 -9.254099117438422395e-01 1.304565235580114280e+00 -6.081985005108989650e-01 -5.895850174466993332e-01 1.301297256966265303e+00 -9.401816555399538089e-01 -1.960474337616996965e-01 1.170649236169649887e+00 -1.180133279494037790e+00 2.166806386825375075e-01 9.254099117441435540e-01
2.108727733770177970e+00 1.368186767935795078e-01 -2.269567734684818205e+00 2.531218210259152279e+00 -7.060577339638857142e-01 -1.701197563677006919e+00 2.705935412293958287e+00 -1.479820294327332197e+00 -9.663023221965431064e-01 2.615776802813202018e+00 -2.108727733767775003e+00 -1.368186767956862115e-01 2.269567734684897253e+00 -2.531218210257130785e+00 7.060577339614316772e-01 1.701197563677870450e+00 -2.705935412292518993e+00 1.479820294324781349e+00 9.663023221981037469e-01 -2.615776802812485258e+00
-1.424199673498374841e+00 2.919747874235637530e-01 1.080962725320688600e+00 -1.562722683866092588e+00 7.561279686779277531e-01 6.738409461965786384e-01 -1.548275509808037631e+00 1.146266076104744513e+00 2.007589203330388261e-01 -1.382272341380434311e+00 1.424199673497133833e+00 -2.919747874221765849e-01 -1.080962725321082507e+00 1.562722683865163331e+00 -7.561279686764429409e-01 -6.738409461973950965e-01 1.548275509807511607e+00 -1.146266076103312770e+00 -2.007589203341965389e-01 1.382272341380363256e+00
-8.109798999811103082e-01 1.097984624935530173e-02 7.980723165854129997e-01 -9.491701221527951704e-01 3.177440828506035153e-01 5.756395503471963826e-01 -9.944489595111700719e-01 5.934053147691931152e-01 2.968591742045738613e-01 -9.423842039794207981e-01 8.109798999802493302e-01 -1.097984624855100066e-02 -7.980723165854998191e-01 9.491701221520898457e-01 -3.177440828496883585e-01 -5.756395503475670861e-01 9.944489595106902335e-01 -5.934053147682603058e-01 -2.968591742051911453e-01 9.423842039792135195e-01
-1.066936405536227372e+00 8.575581157263539867e-01 5.881637872093814501e-02 -9.267009157370914574e-01 1.030585884391277407e+00 -2.848254523947838512e-01 -6.957534836008596457e-01 1.102732726178020428e+00 -6.005865837344310787e-01 -3.967008528903903652e-01 1.066936405535932275e+00 -8.575581157253741038e-01 -5.881637872179867887e-02 9.267009157371202122e-01 -1.030585884390451845e+00 2.848254523937845395e-01 6.957534836012071455e-01 -1.102732726177431566e+00 6.005865837333914659e-01 3.967008528910239695e-01
-5.100533478682853783e-01 2.690647325572656512e-02 4.784228915264044923e-01 -5.893263132523183234e-01 2.143717399087457509e-01 3.373172187990234328e-01 -6.109119130174204271e-01 3.808528070437379731e-01 1.631925864684313221e-01 -5.726971982628864533e-01 5.100533478677636845e-01 -2.690647325522256550e-02 -4.784228915264767679e-01 5.893263132518975489e-01 -2.143717399081791486e-01 -3.373172187992687365e-01 6.109119130171419831e-01 -3.808528070431663748e-01 -1.631925864688250072e-01 5.726971982627775404e-01
-5.807705710016123346e-01 1.162406657146377031e-01 4.441214729541304029e-01 -6.383367697722394096e-01 3.062884055820694895e-01 2.782731542736019970e-01 -6.334181179638503911e-01 4.663545022743162960e-01 8.518552040979593398e-02 -5.664960874857296602e-01 5.807705710011032973e-01 -1.162406657140717531e-01 -4.441214729542884987e-01 6.383367697718573819e-01 -3.062884055814626971e-01 -2.782731542739332320e-01 6.334181179636327874e-01 -4.663545022737303203e-01 -8.518552041026726529e-02 5.664960874856977968e-01
1.900192658368168308e-01 -2.319319168540065756e-01 8.263305468857651270e-02 1.347909350583540444e-01 -2.410893022285689469e-01 1.486265376124854820e-01 6.636832841275047690e-02 -2.266471869330946021e-01 2.000714194929102685e-01 -8.550872633197176276e-03 -1.900192658368429766e-01 2.319319168538394038e-01 -8.263305468835316359e-02 -1.347909350584490240e-01 2.410893022284574250e-01 -1.486265376122594406e-01 -6.636832841290428442e-02 2.266471869330497213e-01 -2.000714194927037393e-01 8.550872632999209633e-03
