-1.800000000001624301e+00 1.799999999999745803e+00 -1.799999999997867972e+00 1.799999999995989697e+00 -1.799999999994111866e+00 1.799999999992233368e+00 -1.799999999990355537e+00 1.799999999988477262e+00 -1.799999999986599430e+00 1.799999999984721377e+00 -1.799999999982843102e+00 1.799999999980965049e+00 -1.799999999979086995e+00 1.799999999977208942e+00 -1.799999999975330889e+00 1.799999999973452613e+00 -1.799999999971574782e+00 1.799999999969696507e+00 -1.799999999967818454e+00 1.799999999965940178e+00
-2.000000000005352163e+00 2.000000000003264944e+00 -2.000000000001178613e+00 1.999999999999091616e+00 -1.999999999997005062e+00 1.999999999994918065e+00 -1.999999999992831512e+00 1.999999999990744515e+00 -1.999999999988657962e+00 1.999999999986571186e+00 -1.999999999984484411e+00 1.999999999982397636e+00 -1.999999999980310861e+00 1.999999999978224086e+00 -1.999999999976137532e+00 1.999999999974050313e+00 -1.999999999971963982e+00 1.999999999969876763e+00 -1.999999999967790210e+00 1.999999999965703212e+00
-1.700000000002893641e+00 1.700000000001119727e+00 -1.699999999999346256e+00 1.699999999997572120e+00 -1.699999999995798650e+00 1.699999999994024735e+00 -1.699999999992251043e+00 1.699999999990477129e+00 -1.699999999988703658e+00 1.699999999986929744e+00 -1.699999999985156052e+00 1.699999999983382359e+00 -1.699999999981608445e+00 1.699999999979834753e+00 -1.699999999978061282e+00 1.699999999976287146e+00 -1.699999999974513676e+00 1.699999999972739761e+00 -1.699999999970966069e+00 1.699999999969192155e+00
2.550000000003853184e+00 -2.550000000001192202e+00 2.549999999998531663e+00 -2.549999999995870681e+00 2.549999999993210587e+00 -2.549999999990549604e+00 2.549999999987889066e+00 -2.549999999985228083e+00 2.549999999982567989e+00 -2.549999999979907006e+00 2.549999999977246468e+00 -2.549999999974585929e+00 2.549999999971925391e+00 -2.549999999969264408e+00 2.549999999966604314e+00 -2.549999999963943331e+00 2.549999999961282793e+00 -2.549999999958621810e+00 2.549999999955961716e+00 -2.549999999953300733e+00
2.650000000006548895e+00 -2.650000000003783551e+00 2.650000000001018652e+00 -2.649999999998253308e+00 2.649999999995488853e+00 -2.649999999992723509e+00 2.649999999989958610e+00 -2.649999999987193267e+00 2.649999999984428811e+00 -2.649999999981663912e+00 2.649999999978899012e+00 -2.649999999976133669e+00 2.649999999973368769e+00 -2.649999999970603870e+00 2.649999999967838971e+00 -2.649999999965073627e+00 2.649999999962309172e+00 -2.649999999959543828e+00 2.649999999956779373e+00 -2.649999999954014029e+00
5.100000000011882584e+00 -5.100000000006560619e+00 5.100000000001239542e+00 -5.099999999995917577e+00 5.099999999990597388e+00 -5.099999999985275423e+00 5.099999999979954346e+00 -5.099999999974632381e+00 5.099999999969312192e+00 -5.099999999963990227e+00 5.099999999958669150e+00 -5.099999999953348073e+00 5.099999999948026996e+00 -5.099999999942705031e+00 5.099999999937384842e+00 -5.099999999932062877e+00 5.099999999926741800e+00 -5.099999999921419835e+00 5.099999999916099647e+00 -5.099999999910777682e+00
4.750000000009805490e+00 -4.750000000004848566e+00 4.749999999999893419e+00 -4.749999999994936495e+00 4.749999999989981347e+00 -4.749999999985024424e+00 4.749999999980068388e+00 -4.749999999975112353e+00 4.749999999970156317e+00 -4.749999999965200281e+00 4.749999999960244246e+00 -4.749999999955288210e+00 4.749999999950332175e+00 -4.749999999945376139e+00 4.749999999940420103e+00 -4.749999999935464068e+00 4.749999999930508032e+00 -4.749999999925551109e+00 4.749999999920595961e+00 -4.749999999915639037e+00
-1.650000000003963407e+00 1.650000000002241674e+00 -1.650000000000520162e+00 1.649999999998798428e+00 -1.649999999997077138e+00 1.649999999995355182e+00 -1.649999999993633892e+00 1.649999999991911936e+00 -1.649999999990190647e+00 1.649999999988469135e+00 -1.649999999986747401e+00 1.649999999985025889e+00 -1.649999999983304155e+00 1.649999999981582643e+00 -1.649999999979861354e+00 1.649999999978139398e+00 -1.649999999976418108e+00 1.649999999974696152e+00 -1.649999999972974862e+00 1.649999999971253128e+00
-9.500000000018143931e-01 9.500000000008229639e-01 -9.499999999998318678e-01 9.499999999988405497e-01 -9.499999999978494536e-01 9.499999999968581355e-01 -9.499999999958670394e-01 9.499999999948757212e-01 -9.499999999938846251e-01 9.499999999928933070e-01 -9.499999999919020999e-01 9.499999999909108928e-01 -9.499999999899196856e-01 9.499999999889284785e-01 -9.499999999879373824e-01 9.499999999869460643e-01 -9.499999999859549682e-01 9.499999999849635390e-01 -9.499999999839724429e-01 9.499999999829811248e-01
-1.100000000004486944e+00 1.100000000003338974e+00 -1.100000000002191447e+00 1.100000000001043476e+00 -1.099999999999895950e+00 1.099999999998747979e+00 -1.099999999997600453e+00 1.099999999996452482e+00 -1.099999999995304956e+00 1.099999999994157207e+00 -1.099999999993009459e+00 1.099999999991861710e+00 -1.099999999990713961e+00 1.099999999989566435e+00 -1.099999999988418686e+00 1.099999999987270938e+00 -1.099999999986123189e+00 1.099999999984975441e+00 -1.099999999983827914e+00 1.099999999982679943e+00
-6.400000000015946711e+00 6.400000000009267609e+00 -6.400000000002591172e+00 6.399999999995912958e+00 -6.399999999989235633e+00 6.399999999982557419e+00 -6.399999999975880094e+00 6.399999999969201880e+00 -6.399999999962524555e+00 6.399999999955847230e+00 -6.399999999949169016e+00 6.399999999942491691e+00 -6.399999999935814365e+00 6.399999999929136152e+00 -6.399999999922459715e+00 6.399999999915780613e+00 -6.399999999909104176e+00 6.399999999902425074e+00 -6.399999999895748637e+00 6.399999999889069535e+00
-6.350000000015331381e+00 6.350000000008704681e+00 -6.350000000002079759e+00 6.349999999995453948e+00 -6.349999999988829025e+00 6.349999999982202326e+00 -6.349999999975577403e+00 6.349999999968951592e+00 -6.349999999962326669e+00 6.349999999955700858e+00 -6.349999999949075935e+00 6.349999999942450124e+00 -6.349999999935824313e+00 6.349999999929198502e+00 -6.349999999922574467e+00 6.349999999915947768e+00 -6.349999999909322845e+00 6.349999999902697034e+00 -6.349999999896072111e+00 6.349999999889445412e+00
-2.200000000008911716e+00 2.200000000006616219e+00 -2.200000000004321166e+00 2.200000000002025224e+00 -2.199999999999730171e+00 2.199999999997434230e+00 -2.199999999995139177e+00 2.199999999992843236e+00 -2.199999999990548183e+00 2.199999999988252686e+00 -2.199999999985957189e+00 2.199999999983661692e+00 -2.199999999981366194e+00 2.199999999979070697e+00 -2.199999999976775644e+00 2.199999999974480147e+00 -2.199999999972184650e+00 2.199999999969889153e+00 -2.199999999967593656e+00 2.199999999965298159e+00
1.600000000005033174e+00 -1.600000000003363398e+00 1.600000000001694289e+00 -1.600000000000024514e+00 1.599999999998355404e+00 -1.599999999996685851e+00 1.599999999995016520e+00 -1.599999999993346966e+00 1.599999999991677635e+00 -1.599999999990008304e+00 1.599999999988338750e+00 -1.599999999986669419e+00 1.599999999984999866e+00 -1.599999999983330534e+00 1.599999999981661425e+00 -1.599999999979991649e+00 1.599999999978322540e+00 -1.599999999976652765e+00 1.599999999974983655e+00 -1.599999999973313880e+00
-1.500000000004257927e+00 1.500000000002692513e+00 -1.500000000001127765e+00 1.499999999999562350e+00 -1.499999999997997602e+00 1.499999999996432187e+00 -1.499999999994867217e+00 1.499999999993302024e+00 -1.499999999991737054e+00 1.499999999990172084e+00 -1.499999999988606891e+00 1.499999999987041921e+00 -1.499999999985476729e+00 1.499999999983911758e+00 -1.499999999982346788e+00 1.499999999980781595e+00 -1.499999999979216625e+00 1.499999999977651433e+00 -1.499999999976086462e+00 1.499999999974521270e+00
-1.600000000002997025e+00 1.600000000001327249e+00 -1.599999999999658140e+00 1.599999999997988365e+00 -1.599999999996319255e+00 1.599999999994649480e+00 -1.599999999992980371e+00 1.599999999991310595e+00 -1.599999999989641486e+00 1.599999999987972155e+00 -1.599999999986302601e+00 1.599999999984633270e+00 -1.599999999982963717e+00 1.599999999981294385e+00 -1.599999999979625054e+00 1.599999999977955500e+00 -1.599999999976286169e+00 1.599999999974616616e+00 -1.599999999972947506e+00 1.599999999971277731e+00
-2.400000000011336621e+00 2.400000000008832401e+00 -2.400000000006328627e+00 2.400000000003823963e+00 -2.400000000001320188e+00 2.399999999998815525e+00 -2.399999999996311750e+00 2.399999999993807531e+00 -2.399999999991303756e+00 2.399999999988799537e+00 -2.399999999986295318e+00 2.399999999983791099e+00 -2.399999999981286880e+00 2.399999999978783105e+00 -2.399999999976278886e+00 2.399999999973774667e+00 -2.399999999971270892e+00 2.399999999968766229e+00 -2.399999999966262454e+00 2.399999999963758235e+00
-1.250000000005433209e+00 1.250000000004128697e+00 -1.250000000002824629e+00 1.250000000001520339e+00 -1.250000000000216271e+00 1.249999999998911759e+00 -1.249999999997607691e+00 1.249999999996303401e+00 -1.249999999994999333e+00 1.249999999993695043e+00 -1.249999999992390753e+00 1.249999999991086463e+00 -1.249999999989782395e+00 1.249999999988478105e+00 -1.249999999987174037e+00 1.249999999985869525e+00 -1.249999999984565457e+00 1.249999999983261167e+00 -1.249999999981957099e+00 1.249999999980652587e+00
-1.150000000003560396e+00 1.150000000002360245e+00 -1.150000000001160538e+00 1.149999999999960387e+00 -1.149999999998760680e+00 1.149999999997560529e+00 -1.149999999996360822e+00 1.149999999995160893e+00 -1.149999999993960964e+00 1.149999999992761257e+00 -1.149999999991561328e+00 1.149999999990361399e+00 -1.149999999989161470e+00 1.149999999987961541e+00 -1.149999999986761834e+00 1.149999999985561683e+00 -1.149999999984361976e+00 1.149999999983162047e+00 -1.149999999981962118e+00 1.149999999980762189e+00
-7.999999999999028999e-01 7.999999999990680122e-01 -7.999999999982334575e-01 7.999999999973985698e-01 -7.999999999965640152e-01 7.999999999957292385e-01 -7.999999999948945728e-01 7.999999999940597961e-01 -7.999999999932251304e-01 7.999999999923904648e-01 -7.999999999915556881e-01 7.999999999907210224e-01 -7.999999999898862457e-01 7.999999999890515801e-01 -7.999999999882170254e-01 7.999999999873821377e-01 -7.999999999865475830e-01 7.999999999857126953e-01 -7.999999999848781407e-01 7.999999999840432530e-01
