-1.649999999996447198e+00 -9.999999999992302824e-01 1.649999999996832889e+00 9.999999999994830802e-01 -1.649999999997218580e+00 -9.999999999997368771e-01 1.649999999997604494e+00 9.999999999999905631e-01 -1.649999999997989963e+00 -1.000000000000241362e+00 1.649999999998374989e+00 1.000000000000498046e+00 -1.649999999998762013e+00 -1.000000000000748956e+00 1.649999999999145484e+00 1.000000000000999867e+00 -1.649999999999532285e+00 -1.000000000001256328e+00 1.649999999999919531e+00 1.000000000001507239e+00
-1.099999999996924327e+00 -9.499999999991466382e-01 1.099999999997179012e+00 9.499999999993827826e-01 -1.099999999997433919e+00 -9.499999999996198152e-01 1.099999999997688827e+00 9.499999999998566258e-01 -1.099999999997943068e+00 -9.500000000000914380e-01 1.099999999998197309e+00 9.500000000003302469e-01 -1.099999999998453326e+00 -9.500000000005651701e-01 1.099999999998705791e+00 9.500000000008002043e-01 -1.099999999998961808e+00 -9.500000000010390133e-01 1.099999999999217604e+00 9.500000000012738255e-01
-1.199999999996876232e+00 -7.999999999998118616e-01 1.199999999997156008e+00 8.000000000000131450e-01 -1.199999999997436007e+00 -8.000000000002150946e-01 1.199999999997716227e+00 8.000000000004169332e-01 -1.199999999997995559e+00 -8.000000000006167733e-01 1.199999999998275113e+00 8.000000000008207213e-01 -1.199999999998556000e+00 -8.000000000010206724e-01 1.199999999998833999e+00 8.000000000012205126e-01 -1.199999999999114886e+00 -8.000000000014244605e-01 1.199999999999395772e+00 8.000000000016243007e-01
2.749999999992225774e+00 3.099999999996930100e+00 -2.749999999992856381e+00 -3.099999999997693489e+00 2.749999999993486544e+00 3.099999999998459099e+00 -2.749999999994118927e+00 -3.099999999999224709e+00 2.749999999994747757e+00 3.099999999999985434e+00 -2.749999999995377031e+00 -3.100000000000755485e+00 2.749999999996011635e+00 3.100000000001515765e+00 -2.749999999996634692e+00 -3.100000000002276046e+00 2.749999999997269295e+00 3.100000000003046541e+00 -2.749999999997904343e+00 -3.100000000003806822e+00
2.749999999992367883e+00 2.949999999996807176e+00 -2.749999999992999822e+00 -2.949999999997535038e+00 2.749999999993631761e+00 2.949999999998264677e+00 -2.749999999994264588e+00 -2.949999999998994316e+00 2.749999999994894750e+00 2.949999999999719069e+00 -2.749999999995525801e+00 -2.950000000000453593e+00 2.749999999996161293e+00 2.950000000001177902e+00 -2.749999999996786126e+00 -2.950000000001902656e+00 2.749999999997422062e+00 2.950000000002637179e+00 -2.749999999998057554e+00 -2.950000000003361933e+00
5.249999999985660359e+00 5.649999999993871036e+00 -5.249999999986866506e+00 -5.649999999995264588e+00 5.249999999988072652e+00 5.649999999996662581e+00 -5.249999999989281463e+00 -5.649999999998059685e+00 5.249999999990484945e+00 5.649999999999447020e+00 -5.249999999991688426e+00 -5.650000000000853895e+00 5.249999999992902566e+00 5.650000000002241229e+00 -5.249999999994094502e+00 -5.650000000003629452e+00 5.249999999995307753e+00 5.650000000005035439e+00 -5.249999999996521005e+00 -5.650000000006423662e+00
5.749999999985299759e+00 5.399999999994229860e+00 -5.749999999986627586e+00 -5.399999999995567457e+00 5.749999999987955412e+00 5.399999999996910383e+00 -5.749999999989285016e+00 -5.399999999998252420e+00 5.749999999990610178e+00 5.399999999999583800e+00 -5.749999999991935340e+00 -5.400000000000935607e+00 5.749999999993269384e+00 5.400000000002266987e+00 -5.749999999994585664e+00 -5.400000000003599254e+00 5.749999999995919708e+00 5.400000000004951062e+00 -5.749999999997254641e+00 -5.400000000006282441e+00
-1.399999999996313083e+00 -1.299999999998957323e+00 1.399999999996636602e+00 1.299999999999279510e+00 -1.399999999996959676e+00 -1.299999999999603029e+00 1.399999999997283640e+00 1.299999999999926104e+00 -1.399999999997606492e+00 -1.300000000000246736e+00 1.399999999997929345e+00 1.300000000000572475e+00 -1.399999999998254419e+00 -1.300000000000893108e+00 1.399999999998574829e+00 1.300000000001213962e+00 -1.399999999998899902e+00 -1.300000000001539480e+00 1.399999999999224753e+00 1.300000000001860112e+00
-6.999999999983880228e-01 -3.999999999999253042e-01 6.999999999985518917e-01 4.000000000000267231e-01 -6.999999999987156496e-01 -4.000000000001285860e-01 6.999999999988797406e-01 4.000000000002305045e-01 -6.999999999990432764e-01 -4.000000000003311462e-01 6.999999999992069233e-01 4.000000000004342304e-01 -6.999999999993713473e-01 -4.000000000005349277e-01 6.999999999995342170e-01 4.000000000006354584e-01 -6.999999999996985300e-01 -4.000000000007385426e-01 6.999999999998629541e-01 4.000000000008392398e-01
-6.499999999982066790e-01 1.233457780358548916e-13 6.499999999983619992e-01 -1.179611963664228824e-13 -6.499999999985173194e-01 1.120215031846782949e-13 6.499999999986726396e-01 -1.061373211541649653e-13 -6.499999999988279598e-01 1.014743844507393078e-13 6.499999999989831689e-01 -9.447997939560082159e-14 -6.499999999991383781e-01 8.970602038971264847e-14 6.499999999992938093e-01 -8.504308368628699100e-14 -6.499999999994490185e-01 7.804867863114850479e-14 6.499999999996043387e-01 -7.338574192772284732e-14
-6.249999999982822629e+00 -6.249999999993732125e+00 6.249999999984262367e+00 6.249999999995277555e+00 -6.249999999985702104e+00 -6.249999999996827427e+00 6.249999999987144506e+00 6.249999999998376410e+00 -6.249999999988580690e+00 -6.249999999999915623e+00 6.249999999990019539e+00 6.250000000001476153e+00 -6.249999999991467270e+00 -6.250000000003013589e+00 6.249999999992891908e+00 6.250000000004552803e+00 -6.249999999994339639e+00 -6.250000000006113332e+00 6.249999999995788258e+00 6.250000000007650769e+00
-6.299999999982076382e+00 -7.549999999992285105e+00 6.299999999983517007e+00 7.549999999994141398e+00 -6.299999999984957633e+00 -7.549999999996002131e+00 6.299999999986400923e+00 7.549999999997861977e+00 -6.299999999987837995e+00 -7.549999999999712053e+00 6.299999999989275956e+00 7.550000000001583444e+00 -6.299999999990726351e+00 -7.550000000003432632e+00 6.299999999992149213e+00 7.550000000005282708e+00 -6.299999999993600497e+00 -7.550000000007153211e+00 6.299999999995050892e+00 7.550000000009002399e+00
-1.099999999997032463e+00 -8.999999999993766320e-01 1.099999999997287814e+00 8.999999999996008970e-01 -1.099999999997542943e+00 -8.999999999998257172e-01 1.099999999997798295e+00 9.000000000000507594e-01 -1.099999999998052980e+00 -9.000000000002736922e-01 1.099999999998307887e+00 9.000000000005007328e-01 -1.099999999998564126e+00 -9.000000000007235545e-01 1.099999999998817035e+00 9.000000000009465984e-01 -1.099999999999073275e+00 -9.000000000011734169e-01 1.099999999999329736e+00 9.000000000013964607e-01
2.349999999993821476e+00 1.999999999997578604e+00 -2.349999999994365929e+00 -1.999999999998076206e+00 2.349999999994909938e+00 1.999999999998575362e+00 -2.349999999995455280e+00 -1.999999999999074296e+00 2.349999999995998845e+00 1.999999999999569011e+00 -2.349999999996542410e+00 -2.000000000000071942e+00 2.349999999997089528e+00 2.000000000000567102e+00 -2.349999999997629097e+00 -2.000000000001061817e+00 2.349999999998176214e+00 2.000000000001564970e+00 -2.349999999998723332e+00 -2.000000000002060130e+00
-9.999999999972251086e-01 -1.049999999998957545e+00 9.999999999974550358e-01 1.049999999999216671e+00 -9.999999999976850740e-01 -1.049999999999476907e+00 9.999999999979153342e-01 1.049999999999736700e+00 -9.999999999981449283e-01 -1.049999999999994715e+00 9.999999999983744114e-01 1.050000000000256284e+00 -9.999999999986057819e-01 -1.050000000000514300e+00 9.999999999988331556e-01 1.050000000000772538e+00 -9.999999999990644151e-01 -1.050000000001034106e+00 9.999999999992957855e-01 1.050000000001292122e+00
-9.999999999974916731e-01 -5.999999999996423750e-01 9.999999999977253751e-01 5.999999999997940314e-01 -9.999999999979592991e-01 -5.999999999999463540e-01 9.999999999981933341e-01 6.000000000000986766e-01 -9.999999999984268140e-01 -6.000000000002493339e-01 9.999999999986604049e-01 6.000000000004033218e-01 -9.999999999988948840e-01 -6.000000000005540901e-01 9.999999999991273647e-01 6.000000000007045253e-01 -9.999999999993619548e-01 -6.000000000008587353e-01 9.999999999995965450e-01 6.000000000010092815e-01
-1.699999999996565148e+00 -1.499999999998983036e+00 1.699999999996958389e+00 1.499999999999355627e+00 -1.699999999997351852e+00 -1.499999999999729328e+00 1.699999999997745759e+00 1.500000000000103029e+00 -1.699999999998138334e+00 -1.500000000000473843e+00 1.699999999998531131e+00 1.500000000000850209e+00 -1.699999999998926592e+00 -1.500000000001221023e+00 1.699999999999316280e+00 1.500000000001591616e+00 -1.699999999999711520e+00 -1.500000000001968425e+00 1.700000000000106759e+00 1.500000000002339018e+00
-8.999999999981795895e-01 -3.499999999997052691e-01 8.999999999983916421e-01 3.499999999997963074e-01 -8.999999999986036947e-01 -3.499999999998880673e-01 8.999999999988158583e-01 3.499999999999798828e-01 -8.999999999990277999e-01 -3.500000000000699218e-01 8.999999999992396305e-01 3.500000000001632361e-01 -8.999999999994521271e-01 -3.500000000002534417e-01 8.999999999996632916e-01 3.500000000003434808e-01 -8.999999999998757882e-01 -3.500000000004367950e-01 9.000000000000882849e-01 3.500000000005270007e-01
-6.499999999984417132e-01 -4.999999999996577182e-01 6.499999999985928145e-01 4.999999999997826183e-01 -6.499999999987439159e-01 -4.999999999999079625e-01 6.499999999988951283e-01 5.000000000000333067e-01 -6.499999999990457855e-01 -5.000000000001574296e-01 6.499999999991967758e-01 5.000000000002839950e-01 -6.499999999993484323e-01 -5.000000000004081180e-01 6.499999999994983124e-01 5.000000000005322409e-01 -6.499999999996499689e-01 -5.000000000006586953e-01 6.499999999998016253e-01 5.000000000007828183e-01
-5.499999999986652233e-01 -1.000000000000285938e-01 5.499999999987957855e-01 1.000000000000570710e-01 -5.499999999989263477e-01 -1.000000000000859368e-01 5.499999999990569099e-01 1.000000000001147749e-01 -5.499999999991874722e-01 -1.000000000001426415e-01 5.499999999993179234e-01 1.000000000001724509e-01 -5.499999999994485966e-01 -1.000000000002003175e-01 5.499999999995789368e-01 1.000000000002282119e-01 -5.499999999997096101e-01 -1.000000000002580214e-01 5.499999999998403943e-01 1.000000000002858602e-01
