-2.872213595500586081e+00 -3.834345884813394001e+00 -3.331888370750775596e+00 -1.556762745781992363e+00 8.129933356557031976e-01 2.872213595499876426e+00 3.834345884812520033e+00 3.331888370750070827e+00 1.556762745781726576e+00 -8.129933356554305268e-01 -2.872213595499167660e+00 -3.834345884811646510e+00 -3.331888370749364725e+00 -1.556762745781459900e+00 8.129933356551538592e-01 2.872213595498460670e+00 3.834345884810772986e+00 3.331888370748662176e+00 1.556762745781191892e+00 -8.129933356548828538e-01
-2.521352549156722134e+00 -3.879305231719582192e+00 -3.755495168500814884e+00 -2.197213595500845607e+00 2.003288904368916157e-01 2.521352549156078204e+00 3.879305231718682911e+00 3.755495168500002201e+00 2.197213595500431715e+00 -2.003288904367515055e-01 -2.521352549155434275e+00 -3.879305231717782743e+00 -3.755495168499189074e+00 -2.197213595500016936e+00 2.003288904366065104e-01 2.521352549154793898e+00 3.879305231716883462e+00 3.755495168498378167e+00 2.197213595499600824e+00 -2.003288904364679546e-01
-3.176722092688303967e+00 -3.907952682563499369e+00 -3.146478174125791671e+00 -1.183155948031879845e+00 1.232091636218400232e+00 3.176722092687533028e+00 3.907952682562619628e+00 3.146478174125137528e+00 1.183155948031702653e+00 -1.232091636218034303e+00 -3.176722092686761645e+00 -3.907952682561739000e+00 -3.146478174124482052e+00 -1.183155948031525462e+00 1.232091636217665265e+00 3.176722092685992926e+00 3.907952682560859259e+00 3.146478174123831018e+00 1.183155948031346050e+00 -1.232091636217300668e+00
3.127254248595101149e+00 9.788980006972803238e+00 1.271164811787970095e+01 1.077889870078520573e+01 4.728976341283269491e+00 -3.127254248594098396e+00 -9.788980006970401604e+00 -1.271164811787681082e+01 -1.077889870078294265e+01 -4.728976341282483453e+00 3.127254248593096531e+00 9.788980006967996417e+00 1.271164811787392779e+01 1.077889870078067247e+01 4.728976341281712514e+00 -3.127254248592104879e+00 -9.788980006965596559e+00 -1.271164811787104121e+01 -1.077889870077840406e+01 -4.728976341280921147e+00
3.360410196626469226e+00 9.766234255566503819e+00 1.244168877097330750e+01 1.036484105331625294e+01 4.328976341283079066e+00 -3.360410196625422508e+00 -9.766234255564118172e+00 -1.244168877097048664e+01 -1.036484105331408401e+01 -4.328976341282379181e+00 3.360410196624376233e+00 9.766234255561728972e+00 1.244168877096767112e+01 1.036484105331191152e+01 4.328976341281695284e+00 -3.360410196623340617e+00 -9.766234255559343325e+00 -1.244168877096485382e+01 -1.036484105330973904e+01 -4.328976341280990070e+00
5.358155948033278548e+00 1.539275308278736709e+01 1.954784172035085632e+01 1.623631922744359812e+01 6.723074641846997324e+00 -5.358155948031616767e+00 -1.539275308278361010e+01 -1.954784172034642609e+01 -1.623631922744020173e+01 -6.723074641845916410e+00 5.358155948029956761e+00 1.539275308277984600e+01 1.954784172034200296e+01 1.623631922743680178e+01 6.723074641844859478e+00 -5.358155948028312743e+00 -1.539275308277609078e+01 -1.954784172033757983e+01 -1.623631922743340184e+01 -6.723074641843768795e+00
5.731762745783503199e+00 1.549275308278745555e+01 1.933603832147579027e+01 1.579361412913092799e+01 6.218566144659308570e+00 -5.731762745781765034e+00 -1.549275308278368968e+01 -1.933603832147142043e+01 -1.579361412912763996e+01 -6.218566144658340455e+00 5.731762745780028645e+00 1.549275308277991670e+01 1.933603832146705770e+01 1.579361412912434481e+01 6.218566144657395434e+00 -5.731762745778308243e+00 -1.549275308277614727e+01 -1.933603832146269141e+01 -1.579361412912104967e+01 -6.218566144656418437e+00
-3.153115294938200197e+00 -3.923403532281958928e+00 -3.195084971875425950e+00 -1.246352549156619416e+00 1.178444185374736719e+00 3.153115294937433255e+00 3.923403532281073858e+00 3.195084971874760704e+00 1.246352549156428013e+00 -1.178444185374382114e+00 -3.153115294936665869e+00 -3.923403532280188788e+00 -3.195084971874093238e+00 -1.246352549156236389e+00 1.178444185374023956e+00 3.153115294935901591e+00 3.923403532279303718e+00 3.195084971873430213e+00 1.246352549156042544e+00 -1.178444185373670461e+00
-1.939918693812945349e+00 -1.324467844093737412e+00 -2.031152949371043404e-01 9.958203932504375855e-01 1.814386537906513386e+00 1.939918693812518136e+00 1.324467844093474067e+00 2.031152949371066163e-01 -9.958203932501721312e-01 -1.814386537906085284e+00 -1.939918693812090922e+00 -1.324467844093211388e+00 -2.031152949371066441e-01 9.958203932499060107e-01 1.814386537905656738e+00 1.939918693811663486e+00 1.324467844092948487e+00 2.031152949371101690e-01 -9.958203932496418886e-01 -1.814386537905228414e+00
-2.124467844094293678e+00 -1.544427191000076860e+00 -3.744678440934445240e-01 9.385254915628736816e-01 1.893033988750279395e+00 2.124467844093822055e+00 1.544427190999764665e+00 3.744678440934114949e-01 -9.385254915626157768e-01 -1.893033988749828644e+00 -2.124467844093349989e+00 -1.544427190999452471e+00 -3.744678440933761343e-01 9.385254915623575389e-01 1.893033988749377450e+00 2.124467844092878366e+00 1.544427190999140276e+00 3.744678440933444930e-01 -9.385254915621012994e-01 -1.893033988748926921e+00
-5.396884705063881071e+00 -1.458963778784837650e+01 -1.820964511922412399e+01 -1.487418693812997361e+01 -5.857294901690548450e+00 5.396884705062245047e+00 1.458963778784482912e+01 1.820964511922000639e+01 1.487418693812687742e+01 5.857294901689636291e+00 -5.396884705060609022e+00 -1.458963778784127285e+01 -1.820964511921589946e+01 -1.487418693812377413e+01 -5.857294901688745448e+00 5.396884705058990761e+00 1.458963778783772547e+01 1.820964511921178897e+01 1.487418693812067083e+01 5.857294901687825295e+00
-6.100000000001605471e+00 -1.514779373587977673e+01 -1.840964511922415170e+01 -1.463963778784863301e+01 -5.277786404502940343e+00 6.099999999999810463e+00 1.514779373587611211e+01 1.840964511922000924e+01 1.463963778784560432e+01 5.277786404502167628e+00 -6.099999999998017230e+00 -1.514779373587244393e+01 -1.840964511921587032e+01 -1.463963778784257030e+01 -5.277786404501417117e+00 6.099999999996239985e+00 1.514779373586877931e+01 1.840964511921172786e+01 1.463963778783953629e+01 5.277786404500637296e+00
-3.443033988750977326e+00 -4.115247584250947277e+00 -3.215576474687986241e+00 -1.087664445218933684e+00 1.455698433968735328e+00 3.443033988750146435e+00 4.115247584250024460e+00 3.215576474687323660e+00 1.087664445218784248e+00 -1.455698433968315886e+00 -3.443033988749315988e+00 -4.115247584249101642e+00 -3.215576474686658415e+00 -1.087664445218634590e+00 1.455698433967892669e+00 3.443033988748487317e+00 4.115247584248178825e+00 3.215576474685998054e+00 1.087664445218482490e+00 -1.455698433967474115e+00
1.126393202250870917e+00 5.992830723284212624e+00 8.570210596847301687e+00 7.874061313159201880e+00 4.170288237345164184e+00 -1.126393202250408399e+00 -5.992830723282710714e+00 -8.570210596845326378e+00 -7.874061313157518782e+00 -4.170288237344404791e+00 1.126393202249946102e+00 5.992830723281207028e+00 8.570210596843358175e+00 7.874061313155832131e+00 4.170288237343656057e+00 -1.126393202249491798e+00 -5.992830723279704230e+00 -8.570210596841386419e+00 -7.874061313154147257e+00 -4.170288237342893112e+00
-1.513196601125284202e+00 -2.221681439594120455e+00 -2.081559480312786370e+00 -1.146352549156595124e+00 2.267220926872198783e-01 1.513196601124902285e+00 2.221681439593608420e+00 2.081559480312339172e+00 1.146352549156384182e+00 -2.267220926871151843e-01 -1.513196601124520146e+00 -2.221681439593095497e+00 -2.081559480311891086e+00 -1.146352549156172795e+00 2.267220926870079367e-01 1.513196601124140006e+00 2.221681439592583907e+00 2.081559480311445220e+00 1.146352549155960521e+00 -2.267220926869041309e-01
-1.647745751406848536e+00 -2.677583139032064796e+00 -2.684674775250636358e+00 -1.666311896063009446e+00 -1.147450843772601647e-02 1.647745751406421988e+00 2.677583139031439963e+00 2.684674775250051493e+00 1.666311896062689035e+00 1.147450843779029839e-02 -1.647745751405995218e+00 -2.677583139030815129e+00 -2.684674775249466183e+00 -1.666311896062367515e+00 -1.147450843785768893e-02 1.647745751405571113e+00 2.677583139030190740e+00 2.684674775248883094e+00 1.666311896062045772e+00 1.147450843792063857e-02
-2.158155948031573068e+00 -2.696681439594109442e+00 -2.205166278062705931e+00 -8.713525491565441428e-01 7.952882373434129182e-01 2.158155948031047267e+00 2.696681439593500595e+00 2.205166278062245855e+00 8.713525491564092507e-01 -7.952882373431725549e-01 -2.158155948030522353e+00 -2.696681439592891749e+00 -2.205166278061785334e+00 -8.713525491562741365e-01 7.952882373429293050e-01 2.158155948029998328e+00 2.696681439592283347e+00 2.205166278061327034e+00 8.713525491561375791e-01 -7.952882373426900520e-01
-1.744959346906618247e+00 -1.601722092687642540e+00 -8.466814395936463900e-01 2.317627457813448144e-01 1.221681439593771401e+00 1.744959346906217235e+00 1.601722092687299703e+00 8.466814395934931792e-01 -2.317627457812503344e-01 -1.221681439593465202e+00 -1.744959346905816222e+00 -1.601722092686957311e+00 -8.466814395933386361e-01 2.317627457811556324e-01 1.221681439593158114e+00 1.744959346905415432e+00 1.601722092686614696e+00 8.466814395931867576e-01 -2.317627457810624847e-01 -1.221681439592852580e+00
-2.041311896062942832e+00 -1.430369543531235355e+00 -2.730746418433562805e-01 9.885254915628705064e-01 1.872542485937686685e+00 2.041311896062491638e+00 1.430369543530948917e+00 2.730746418433447897e-01 -9.885254915626039418e-01 -1.872542485937243040e+00 -2.041311896062040443e+00 -1.430369543530662924e+00 -2.730746418433310230e-01 9.885254915623368221e-01 1.872542485936799395e+00 2.041311896061589692e+00 1.430369543530376708e+00 2.730746418433209199e-01 -9.885254915620715899e-01 -1.872542485936355972e+00
-1.398606797750213238e+00 -9.663118960623767739e-01 -1.649186938121294799e-01 6.994678440940385045e-01 1.296681439593834195e+00 1.398606797749904818e+00 9.663118960621841502e-01 1.649186938121267598e-01 -6.994678440938510988e-01 -1.296681439593527774e+00 -1.398606797749596176e+00 -9.663118960619917486e-01 -1.649186938121224855e-01 6.994678440936633601e-01 1.296681439593220908e+00 1.398606797749287534e+00 9.663118960617991249e-01 1.649186938121207091e-01 -6.994678440934769537e-01 -1.296681439592914487e+00
