2.477457514059628052e-01 -6.319660112539396413e-02 -2.868033988749423280e-01 -1.140576474682813007e-01 2.163118960627272991e-01 2.477457514059712151e-01 -6.319660112549740916e-02 -2.868033988750146590e-01 -1.140576474682225006e-01 2.163118960628361009e-01 2.477457514059795696e-01 -6.319660112560128440e-02 -2.868033988750871566e-01 -1.140576474681638391e-01 2.163118960629447640e-01 2.477457514059880905e-01 -6.319660112570460453e-02 -2.868033988751595431e-01 -1.140576474681047198e-01 2.163118960630536769e-01
-2.394098300559574621e+00 -4.279634122153958664e+00 -2.508610463447775163e-01 4.124593469059926854e+00 2.799999999999286615e+00 -2.394098300561294135e+00 -4.279634122154553744e+00 -2.508610463434273741e-01 4.124593469061358597e+00 2.799999999998818545e+00 -2.394098300563013204e+00 -4.279634122155147935e+00 -2.508610463420794523e-01 4.124593469062786788e+00 2.799999999998354028e+00 -2.394098300564728721e+00 -4.279634122155741238e+00 -2.508610463407232594e-01 4.124593469064218532e+00 2.799999999997882405e+00
-2.492705098309355272e+00 -4.279634122153879616e+00 -1.522542485949388846e-01 4.185535821591026107e+00 2.739057647468031043e+00 -2.492705098311087220e+00 -4.279634122154440945e+00 -1.522542485935566292e-01 4.185535821592444528e+00 2.739057647467522560e+00 -2.492705098312817835e+00 -4.279634122155002274e+00 -1.522542485921765110e-01 4.185535821593859396e+00 2.739057647467017631e+00 -2.492705098314544898e+00 -4.279634122155563603e+00 -1.522542485907880938e-01 4.185535821595276929e+00 2.739057647466505596e+00
3.400861046339890059e+00 4.876847717653344461e+00 -3.868033988735320450e-01 -5.115905365121567350e+00 -2.774999999999023803e+00 3.400861046341929761e+00 4.876847717653797432e+00 -3.868033988752898056e-01 -5.115905365123108339e+00 -2.774999999998215561e+00 3.400861046343968574e+00 4.876847717654247738e+00 -3.868033988770453457e-01 -5.115905365124646664e+00 -2.774999999997411759e+00 3.400861046346003835e+00 4.876847717654699821e+00 -3.868033988788104338e-01 -5.115905365126187654e+00 -2.774999999996599076e+00
3.773606797745912012e+00 5.002708763997216757e+00 -6.817627457794606105e-01 -5.424061313152757080e+00 -2.670491502811762174e+00 3.773606797748038311e+00 5.002708763997585351e+00 -6.817627457813565384e-01 -5.424061313154300734e+00 -2.670491502810817153e+00 3.773606797750164166e+00 5.002708763997952168e+00 -6.817627457832502458e-01 -5.424061313155840836e+00 -2.670491502809875684e+00 3.773606797752286024e+00 5.002708763998319874e+00 -6.817627457851540562e-01 -5.424061313157382713e+00 -2.670491502808925333e+00
1.778647450841368327e+00 2.902912029466796273e+00 1.545084971961770484e-02 -2.893362879185264802e+00 -1.803647450843097744e+00 1.778647450842553379e+00 2.902912029467147548e+00 1.545084971865148815e-02 -2.893362879186215153e+00 -1.803647450842716937e+00 1.778647450843737765e+00 2.902912029467498822e+00 1.545084971768669393e-02 -2.893362879187163728e+00 -1.803647450842338573e+00 1.778647450844919931e+00 2.902912029467849653e+00 1.545084971671624452e-02 -2.893362879188113190e+00 -1.803647450841955546e+00
-1.830040653091037584e+00 -3.771478174122758986e+00 -5.008610463447057404e-01 3.461929023841276098e+00 2.640450849718079862e+00 -1.830040653092519509e+00 -3.771478174123376270e+00 -5.008610463436071747e-01 3.461929023842575059e+00 2.640450849717782322e+00 -1.830040653094001213e+00 -3.771478174123993998e+00 -5.008610463425104964e-01 3.461929023843870912e+00 2.640450849717487003e+00 -1.830040653095479364e+00 -3.771478174124610394e+00 -5.008610463414066016e-01 3.461929023845169429e+00 2.640450849717185466e+00
3.454915028142652167e-02 -5.640576474684541042e-01 -3.831559480311875765e-01 3.272542485935777123e-01 5.854101966248295152e-01 3.454915028124166954e-02 -5.640576474686495034e-01 -3.831559480311237387e-01 3.272542485938129686e-01 5.854101966249110056e-01 3.454915028105687291e-02 -5.640576474688453468e-01 -3.831559480310602894e-01 3.272542485940476142e-01 5.854101966249924960e-01 3.454915028087257589e-02 -5.640576474690406350e-01 -3.831559480309958410e-01 3.272542485942832036e-01 5.854101966250737643e-01
-1.539589803372957366e+00 -3.033813728904555251e+00 -3.354101966256958223e-01 2.826518827216890628e+00 2.082294901686990940e+00 -1.539589803374157739e+00 -3.033813728905029539e+00 -3.354101966247901023e-01 2.826518827217926688e+00 2.082294901686723598e+00 -1.539589803375357446e+00 -3.033813728905503382e+00 -3.354101966238859367e-01 2.826518827218959640e+00 2.082294901686458477e+00 -1.539589803376554711e+00 -3.033813728905976781e+00 -3.354101966229759979e-01 2.826518827219995256e+00 2.082294901686188915e+00
-5.690983005617102908e-01 -1.157623792124433670e+00 -1.463525491565734749e-01 1.067172942405598013e+00 8.059016994373801035e-01 -5.690983005621660373e-01 -1.157623792124620854e+00 -1.463525491562338576e-01 1.067172942405995695e+00 8.059016994372856235e-01 -5.690983005626216729e-01 -1.157623792124807816e+00 -1.463525491558948510e-01 1.067172942406392266e+00 8.059016994371919207e-01 -5.690983005630764202e-01 -1.157623792124994555e+00 -1.463525491555536517e-01 1.067172942406789948e+00 8.059016994370965525e-01
-2.477254248590922359e+00 -3.700125624966934978e+00 1.904508497174774440e-01 3.817830723278945015e+00 2.169098300562131154e+00 -2.477254248592458019e+00 -3.700125624967312454e+00 1.904508497187775151e-01 3.817830723280128513e+00 2.169098300561559611e+00 -2.477254248593992791e+00 -3.700125624967689486e+00 1.904508497200757822e-01 3.817830723281308902e+00 2.169098300560991621e+00 -2.477254248595524455e+00 -3.700125624968066962e+00 1.904508497213813767e-01 3.817830723282491512e+00 2.169098300560416970e+00
5.712664445211952824e+00 8.376973342620571472e+00 -5.354101966219144693e-01 -8.707875042056873127e+00 -4.846352549155291456e+00 5.712664445215442477e+00 8.376973342621393925e+00 -5.354101966248917543e-01 -8.707875042059537662e+00 -4.846352549153955636e+00 5.712664445218928577e+00 8.376973342622211050e+00 -5.354101966278650426e-01 -8.707875042062198645e+00 -4.846352549152626921e+00 5.712664445222409348e+00 8.376973342623029950e+00 -5.354101966308548732e-01 -8.707875042064861404e+00 -4.846352549151283995e+00
-1.430040653091683600e+00 -3.411067977497931558e+00 -6.781152949379531947e-01 2.991969676935483324e+00 2.527254248592904595e+00 -1.430040653092997438e+00 -3.411067977498565718e+00 -6.781152949370328198e-01 2.991969676936688138e+00 2.527254248592726960e+00 -1.430040653094310388e+00 -3.411067977499199877e+00 -6.781152949361143323e-01 2.991969676937889844e+00 2.527254248592551988e+00 -1.430040653095620229e+00 -3.411067977499832704e+00 -6.781152949351896275e-01 2.991969676939094658e+00 2.527254248592371688e+00
-3.044959346902583519e+00 -4.840044318778768506e+00 5.364745084219857407e-02 4.873200266809461390e+00 2.958155948030643412e+00 -3.044959346904569042e+00 -4.840044318779328059e+00 5.364745084383544527e-02 4.873200266811035242e+00 2.958155948029976390e+00 -3.044959346906553233e+00 -4.840044318779885835e+00 5.364745084546994336e-02 4.873200266812604653e+00 2.958155948029313365e+00 -3.044959346908533870e+00 -4.840044318780444499e+00 5.364745084711391304e-02 4.873200266814178505e+00 2.958155948028641902e+00
-1.884549150278960861e+00 -3.301518827216971985e+00 -1.559016994383425891e-01 3.205166278060513907e+00 2.136803398874450366e+00 -1.884549150280292018e+00 -3.301518827217418295e+00 -1.559016994372887654e-01 3.205166278061613028e+00 2.136803398874074222e+00 -1.884549150281622287e+00 -3.301518827217864160e+00 -1.559016994362366071e-01 3.205166278062709928e+00 2.136803398873700299e+00 -1.884549150282950336e+00 -3.301518827218309138e+00 -1.559016994351780927e-01 3.205166278063808605e+00 2.136803398873321047e+00
-1.791844051966088980e+00 -4.073732422716493495e+00 -7.258610463446173444e-01 3.625125624966386795e+00 2.966311896061774256e+00 -1.791844051967667495e+00 -4.073732422717221802e+00 -7.258610463434910232e-01 3.625125624967814542e+00 2.966311896061527786e+00 -1.791844051969245566e+00 -4.073732422717950996e+00 -7.258610463423668113e-01 3.625125624969238292e+00 2.966311896061283981e+00 -1.791844051970820306e+00 -4.073732422718679302e+00 -7.258610463412348279e-01 3.625125624970666038e+00 2.966311896061034403e+00
-2.899999999996774491e+00 -4.530495168497477465e+00 9.999999999883417423e-02 4.592298567372139040e+00 2.738196601124158303e+00 -2.899999999998638334e+00 -4.530495168497984615e+00 1.000000000003825884e-01 4.592298567373605422e+00 2.738196601123513485e+00 -2.900000000000501732e+00 -4.530495168498490877e+00 1.000000000019287821e-01 4.592298567375069140e+00 2.738196601122872220e+00 -2.900000000002361578e+00 -4.530495168498997138e+00 1.000000000034838715e-01 4.592298567376534635e+00 2.738196601122223406e+00
-2.813196601121553453e+00 -4.757749417091249988e+00 -1.272542485951427271e-01 4.679101966247057653e+00 3.019098300561861237e+00 -2.813196601123483909e+00 -4.757749417091860167e+00 -1.272542485935923562e-01 4.679101966248628841e+00 3.019098300561278592e+00 -2.813196601125412588e+00 -4.757749417092469457e+00 -1.272542485920443445e-01 4.679101966250196476e+00 3.019098300560700388e+00 -2.813196601127337715e+00 -4.757749417093078748e+00 -1.272542485904871179e-01 4.679101966251766775e+00 3.019098300560113746e+00
-7.668440519677658385e-01 -1.677583139030285997e+00 -2.699593469064658358e-01 1.510739087061540475e+00 1.203647450843366995e+00 -7.668440519684194268e-01 -1.677583139030576209e+00 -2.699593469059925477e-01 1.510739087062124453e+00 1.203647450843253752e+00 -7.668440519690729040e-01 -1.677583139030866866e+00 -2.699593469055201478e-01 1.510739087062707098e+00 1.203647450843141620e+00 -7.668440519697248270e-01 -1.677583139031156856e+00 -2.699593469050445282e-01 1.510739087063291075e+00 1.203647450843027045e+00
-2.774999999996745181e+00 -4.237790070185151414e+00 1.559016994361631103e-01 4.334142619340932256e+00 2.522745751405610637e+00 -2.774999999998496225e+00 -4.237790070185604385e+00 1.559016994376318244e-01 4.334142619342295610e+00 2.522745751404982251e+00 -2.775000000000246381e+00 -4.237790070186058244e+00 1.559016994390984567e-01 4.334142619343657188e+00 2.522745751404357417e+00 -2.775000000001993872e+00 -4.237790070186510327e+00 1.559016994405734435e-01 4.334142619345019654e+00 2.522745751403724590e+00
