1.919098300558198966e+00 3.378773075806055903e+00 1.690983005618689194e-01 -3.274264578619951127e+00 -2.192705098308353584e+00 1.919098300561491666e+00 3.378773075807813164e+00 1.690983005596634614e-01 -3.274264578623070410e+00 -2.192705098308074696e+00 1.919098300564784365e+00 3.378773075809567761e+00 1.690983005574586140e-01 -3.274264578626192357e+00 -2.192705098307798028e+00 1.919098300568079729e+00 3.378773075811324578e+00 1.690983005552540441e-01 -3.274264578629311195e+00 -2.192705098307521361e+00
-4.176925358144527145e+00 -9.151441186701347874e+00 -1.478976341279884421e+00 8.237383539236226682e+00 6.569959346895819507e+00 -4.176925358152951517e+00 -9.151441186706819053e+00 -1.478976341274846673e+00 8.237383539244810038e+00 6.569959346896082408e+00 -4.176925358161375001e+00 -9.151441186712286679e+00 -1.478976341269810479e+00 8.237383539253402276e+00 6.569959346896354191e+00 -4.176925358169805591e+00 -9.151441186717757859e+00 -1.478976341264775396e+00 8.237383539261983856e+00 6.569959346896624197e+00
2.477457514056123078e-01 -6.319660112654623685e-02 -2.868033988753467267e-01 -1.140576474673460489e-01 2.163118960637729349e-01 2.477457514056882193e-01 -6.319660112677724650e-02 -2.868033988755654407e-01 -1.140576474672500562e-01 2.163118960640509347e-01 2.477457514057640753e-01 -6.319660112700864474e-02 -2.868033988757842101e-01 -1.140576474671538970e-01 2.163118960643288791e-01 2.477457514058398480e-01 -6.319660112723957113e-02 -2.868033988760029240e-01 -1.140576474670581403e-01 2.163118960646067956e-01
-2.394098300556671166e+00 -4.279634122148705977e+00 -2.508610463436652394e-01 4.124593469056200057e+00 2.799999999995618882e+00 -2.394098300560824732e+00 -4.279634122150957509e+00 -2.508610463409053914e-01 4.124593469060156004e+00 2.799999999995301803e+00 -2.394098300564976967e+00 -4.279634122153206377e+00 -2.508610463381463207e-01 4.124593469064114615e+00 2.799999999994988720e+00 -2.394098300569133198e+00 -4.279634122155456133e+00 -2.508610463353875275e-01 4.124593469068070561e+00 2.799999999994674305e+00
-2.492705098305835865e+00 -4.279634122148190833e+00 -1.522542485941548451e-01 4.185535821586652716e+00 2.739057647464267831e+00 -2.492705098310036504e+00 -4.279634122150373088e+00 -1.522542485913045973e-01 4.185535821590595340e+00 2.739057647463853051e+00 -2.492705098314236700e+00 -4.279634122152551789e+00 -1.522542485884550989e-01 4.185535821594540629e+00 2.739057647463440937e+00 -2.492705098318440893e+00 -4.279634122154734044e+00 -1.522542485856060168e-01 4.185535821598484141e+00 2.739057647463028378e+00
3.400861046335703630e+00 4.876847717645981461e+00 -3.868033988749013941e-01 -5.115905365115956727e+00 -2.774999999993740474e+00 3.400861046340762250e+00 4.876847717648075786e+00 -3.868033988786629962e-01 -5.115905365120374526e+00 -2.774999999992707522e+00 3.400861046345820426e+00 4.876847717650167446e+00 -3.868033988824237102e-01 -5.115905365124796766e+00 -2.774999999991679012e+00 3.400861046350882599e+00 4.876847717652262659e+00 -3.868033988861839800e-01 -5.115905365129214566e+00 -2.774999999990649613e+00
3.773606797741292151e+00 5.002708763989801355e+00 -6.817627457805086610e-01 -5.424061313146899543e+00 -2.670491502806568107e+00 3.773606797746619890e+00 5.002708763991751795e+00 -6.817627457846284766e-01 -5.424061313151393726e+00 -2.670491502805223849e+00 3.773606797751946296e+00 5.002708763993696905e+00 -6.817627457887475151e-01 -5.424061313155892350e+00 -2.670491502803884476e+00 3.773606797757276698e+00 5.002708763995647345e+00 -6.817627457928659984e-01 -5.424061313160387421e+00 -2.670491502802544215e+00
1.778647450839043964e+00 2.902912029461850896e+00 1.545084971833455417e-02 -2.893362879181669900e+00 -1.803647450839384936e+00 1.778647450841936095e+00 2.902912029463269761e+00 1.545084971632072063e-02 -2.893362879184332659e+00 -1.803647450839015454e+00 1.778647450844827782e+00 2.902912029464686405e+00 1.545084971430738668e-02 -2.893362879186997194e+00 -1.803647450838648636e+00 1.778647450847721689e+00 2.902912029466104826e+00 1.545084971229431642e-02 -2.893362879189659953e+00 -1.803647450838281152e+00
-1.830040653088174984e+00 -3.771478174117879334e+00 -5.008610463439284732e-01 3.461929023837636343e+00 2.640450849714897075e+00 -1.830040653091699276e+00 -3.771478174120058924e+00 -5.008610463417527692e-01 3.461929023841159747e+00 2.640450849714897075e+00 -1.830040653095222902e+00 -3.771478174122236737e+00 -5.008610463395777312e-01 3.461929023844685815e+00 2.640450849714900627e+00 -1.830040653098750081e+00 -3.771478174124414995e+00 -5.008610463374030264e-01 3.461929023848208331e+00 2.640450849714903292e+00
3.454915028114791120e-02 -5.640576474680496499e-01 -3.831559480306245824e-01 3.272542485936571488e-01 5.854101966243651090e-01 3.454915028077026884e-02 -5.640576474685909947e-01 -3.831559480305816723e-01 3.272542485942249724e-01 5.854101966246729738e-01 3.454915028039257097e-02 -5.640576474691323394e-01 -3.831559480305388732e-01 3.272542485947934066e-01 5.854101966249811717e-01 3.454915028001437349e-02 -5.640576474696733511e-01 -3.831559480304961851e-01 3.272542485953608971e-01 5.854101966252891476e-01
-1.539589803370883470e+00 -3.033813728900804918e+00 -3.354101966249370403e-01 2.826518827214214991e+00 2.082294901684436983e+00 -1.539589803373750954e+00 -3.033813728902510665e+00 -3.354101966231249898e-01 2.826518827217039842e+00 2.082294901684369481e+00 -1.539589803376618660e+00 -3.033813728904215079e+00 -3.354101966213134944e-01 2.826518827219867802e+00 2.082294901684304644e+00 -1.539589803379488586e+00 -3.033813728905920382e+00 -3.354101966195022766e-01 2.826518827222692209e+00 2.082294901684239363e+00
-5.690983005609274725e-01 -1.157623792123334550e+00 -1.463525491564839909e-01 1.067172942404786662e+00 8.059016994367395048e-01 -5.690983005620128266e-01 -1.157623792123998241e+00 -1.463525491558093916e-01 1.067172942405866909e+00 8.059016994367320663e-01 -5.690983005630980696e-01 -1.157623792124661488e+00 -1.463525491551350144e-01 1.067172942406948266e+00 8.059016994367257380e-01 -5.690983005641843118e-01 -1.157623792125324957e+00 -1.463525491544607482e-01 1.067172942408028735e+00 8.059016994367191877e-01
-2.477254248587826169e+00 -3.700125624962458115e+00 1.904508497178907522e-01 3.817830723275418503e+00 2.169098300559223702e+00 -2.477254248591614694e+00 -3.700125624964119453e+00 1.904508497206502393e-01 3.817830723278784255e+00 2.169098300558542469e+00 -2.477254248595402331e+00 -3.700125624965778126e+00 1.904508497234091435e-01 3.817830723282153116e+00 2.169098300557865233e+00 -2.477254248599192632e+00 -3.700125624967439464e+00 1.904508497261676037e-01 3.817830723285519312e+00 2.169098300557187109e+00
5.712664445204320707e+00 8.376973342609216999e+00 -5.354101966230014886e-01 -8.707875042047756864e+00 -4.846352549147831645e+00 5.712664445212947584e+00 8.376973342612906492e+00 -5.354101966293444148e-01 -8.707875042055363224e+00 -4.846352549146186739e+00 5.712664445221572684e+00 8.376973342616587104e+00 -5.354101966356858977e-01 -8.707875042062974913e+00 -4.846352549144549826e+00 5.712664445230205779e+00 8.376973342620276597e+00 -5.354101966420267145e-01 -8.707875042070581273e+00 -4.846352549142910249e+00
-1.430040653090119740e+00 -3.411067977493718484e+00 -6.781152949363913329e-01 2.991969676932938249e+00 2.527254248589681840e+00 -1.430040653093198166e+00 -3.411067977495847003e+00 -6.781152949346298531e-01 2.991969676936154787e+00 2.527254248589906105e+00 -1.430040653096276371e+00 -3.411067977497973303e+00 -6.781152949328690394e-01 2.991969676939373546e+00 2.527254248590134367e+00 -1.430040653099357462e+00 -3.411067977500101378e+00 -6.781152949311084477e-01 2.991969676942589640e+00 2.527254248590360852e+00
-3.044959346898520547e+00 -4.840044318772557475e+00 5.364745084290790944e-02 4.873200266804612824e+00 2.958155948026572002e+00 -3.044959346903381103e+00 -4.840044318774867627e+00 5.364745084633835981e-02 4.873200266809041281e+00 2.958155948025877002e+00 -3.044959346908241216e+00 -4.840044318777175114e+00 5.364745084976797751e-02 4.873200266813474180e+00 2.958155948025185999e+00 -3.044959346913104881e+00 -4.840044318779484378e+00 5.364745085319717888e-02 4.873200266817902637e+00 2.958155948024494553e+00
-1.884549150276510376e+00 -3.301518827212674090e+00 -1.559016994375361786e-01 3.205166278057358209e+00 2.136803398871490067e+00 -1.884549150279732466e+00 -3.301518827214384277e+00 -1.559016994353725760e-01 3.205166278060404661e+00 2.136803398871208071e+00 -1.884549150282954111e+00 -3.301518827216092689e+00 -1.559016994332096118e-01 3.205166278063453777e+00 2.136803398870928739e+00 -1.884549150286178643e+00 -3.301518827217802432e+00 -1.559016994310469251e-01 3.205166278066500229e+00 2.136803398870649406e+00
-1.791844051963869200e+00 -4.073732422711609402e+00 -7.258610463431796056e-01 3.625125624963224436e+00 2.966311896058256625e+00 -1.791844051967586005e+00 -4.073732422714092749e+00 -7.258610463409989055e-01 3.625125624967054705e+00 2.966311896058441366e+00 -1.791844051971303031e+00 -4.073732422716573431e+00 -7.258610463388189826e-01 3.625125624970887639e+00 2.966311896058629660e+00 -1.791844051975023167e+00 -4.073732422719055890e+00 -7.258610463366395038e-01 3.625125624974717464e+00 2.966311896058816622e+00
-2.899999999993501998e+00 -4.530495168491493807e+00 1.000000000001432937e-01 4.592298567367825157e+00 2.738196601119829765e+00 -2.899999999998075229e+00 -4.530495168493621883e+00 1.000000000033999664e-01 4.592298567371964957e+00 2.738196601119128992e+00 -2.900000000002648903e+00 -4.530495168495746405e+00 1.000000000066558759e-01 4.592298567376107421e+00 2.738196601118432216e+00 -2.900000000007225687e+00 -4.530495168497872704e+00 1.000000000099113967e-01 4.592298567380246332e+00 2.738196601117734996e+00
-2.813196601118099771e+00 -4.757749417085563870e+00 -1.272542485941983992e-01 4.679101966242876109e+00 3.019098300558015868e+00 -2.813196601122790241e+00 -4.757749417087961064e+00 -1.272542485909912147e-01 4.679101966247253941e+00 3.019098300557512271e+00 -2.813196601127480267e+00 -4.757749417090353816e+00 -1.272542485877848906e-01 4.679101966251634437e+00 3.019098300557012227e+00 -2.813196601132174290e+00 -4.757749417092750122e+00 -1.272542485845789828e-01 4.679101966256012268e+00 3.019098300556512182e+00
