9.999999999778202975e-02 -9.999999999787134719e-02 9.999999999796069239e-02 -9.999999999805002371e-02 9.999999999813934115e-02 -9.999999999822870023e-02 9.999999999831800379e-02 -9.999999999840734899e-02 9.999999999849665255e-02 -9.999999999858601163e-02 9.999999999867531519e-02 -9.999999999876467427e-02 9.999999999885396396e-02 -9.999999999894332303e-02 9.999999999903262660e-02 -9.999999999912198567e-02 9.999999999921128924e-02 -9.999999999930063443e-02 9.999999999938993800e-02 -9.999999999947929707e-02
2.799999999965320452e+00 -2.799999999967821562e+00 2.799999999970323117e+00 -2.799999999972824671e+00 2.799999999975325338e+00 -2.799999999977827336e+00 2.799999999980328003e+00 -2.799999999982829557e+00 2.799999999985330223e+00 -2.799999999987832222e+00 2.799999999990332888e+00 -2.799999999992834443e+00 2.799999999995334665e+00 -2.799999999997836664e+00 2.800000000000337330e+00 -2.800000000002839329e+00 2.800000000005339995e+00 -2.800000000007841550e+00 2.800000000010342216e+00 -2.800000000012844215e+00
2.349999999968346742e+00 -2.349999999970445952e+00 2.349999999972545162e+00 -2.349999999974644815e+00 2.349999999976743581e+00 -2.349999999978843235e+00 2.349999999980942000e+00 -2.349999999983041654e+00 2.349999999985140420e+00 -2.349999999987240074e+00 2.349999999989338839e+00 -2.349999999991438937e+00 2.349999999993537259e+00 -2.349999999995636912e+00 2.349999999997735678e+00 -2.349999999999835776e+00 2.350000000001934541e+00 -2.350000000004033751e+00 2.350000000006132517e+00 -2.350000000008232615e+00
-4.999999999941040940e+00 4.999999999945507589e+00 -4.999999999949974239e+00 4.999999999954441776e+00 -4.999999999958906649e+00 4.999999999963375075e+00 -4.999999999967839948e+00 4.999999999972307485e+00 -4.999999999976772358e+00 4.999999999981239895e+00 -4.999999999985705657e+00 4.999999999990173194e+00 -4.999999999994638067e+00 4.999999999999105604e+00 -5.000000000003571365e+00 5.000000000008038903e+00 -5.000000000012504664e+00 5.000000000016971313e+00 -5.000000000021437074e+00 5.000000000025904612e+00
4.999999999312028376e-02 -4.999999999316494248e-02 4.999999999320961508e-02 -4.999999999325428074e-02 4.999999999329893946e-02 -4.999999999334361206e-02 4.999999999338827078e-02 -4.999999999343293644e-02 4.999999999347759516e-02 -4.999999999352226776e-02 4.999999999356692648e-02 -4.999999999361159908e-02 4.999999999365625086e-02 -4.999999999370092346e-02 4.999999999374558218e-02 -4.999999999379026172e-02 4.999999999383491350e-02 -4.999999999387957916e-02 4.999999999392423788e-02 -4.999999999396891742e-02
-2.449999999969341591e+00 2.449999999971529618e+00 -2.449999999973718534e+00 2.449999999975907450e+00 -2.449999999978095477e+00 2.449999999980284837e+00 -2.449999999982472865e+00 2.449999999984661780e+00 -2.449999999986849808e+00 2.449999999989038724e+00 -2.449999999991226751e+00 2.449999999993416111e+00 -2.449999999995603694e+00 2.449999999997793054e+00 -2.449999999999981082e+00 2.450000000002170442e+00 -2.450000000004358469e+00 2.450000000006547385e+00 -2.450000000008735412e+00 2.450000000010924328e+00
-2.599999999967606890e+00 2.599999999969929476e+00 -2.599999999972252063e+00 2.599999999974575093e+00 -2.599999999976896792e+00 2.599999999979220267e+00 -2.599999999981542409e+00 2.599999999983864996e+00 -2.599999999986187138e+00 2.599999999988510169e+00 -2.599999999990832311e+00 2.599999999993155342e+00 -2.599999999995477040e+00 2.599999999997800515e+00 -2.600000000000122657e+00 2.600000000002445688e+00 -2.600000000004767831e+00 2.600000000007090417e+00 -2.600000000009412560e+00 2.600000000011735590e+00
2.749999999961473929e+00 -2.749999999963930186e+00 2.749999999966387332e+00 -2.749999999968844033e+00 2.749999999971300291e+00 -2.749999999973757436e+00 2.749999999976213250e+00 -2.749999999978669951e+00 2.749999999981126209e+00 -2.749999999983583354e+00 2.749999999986039612e+00 -2.749999999988496757e+00 2.749999999990952126e+00 -2.749999999993409716e+00 2.749999999995865529e+00 -2.749999999998322675e+00 2.750000000000778932e+00 -2.750000000003235634e+00 2.750000000005691447e+00 -2.750000000008149037e+00
3.399999999957820762e+00 -3.399999999960857888e+00 3.399999999963895458e+00 -3.399999999966933029e+00 3.399999999969969267e+00 -3.399999999973007725e+00 3.399999999976043963e+00 -3.399999999979081533e+00 3.399999999982118215e+00 -3.399999999985156229e+00 3.399999999988192467e+00 -3.399999999991230926e+00 3.399999999994266719e+00 -3.399999999997304734e+00 3.400000000000341416e+00 -3.400000000003379430e+00 3.400000000006415668e+00 -3.400000000009453238e+00 3.400000000012489920e+00 -3.400000000015527934e+00
1.899999999976173859e+00 -1.899999999977870946e+00 1.899999999979568477e+00 -1.899999999981265786e+00 1.899999999982962651e+00 -1.899999999984660404e+00 1.899999999986357269e+00 -1.899999999988054800e+00 1.899999999989751664e+00 -1.899999999991449418e+00 1.899999999993146282e+00 -1.899999999994844035e+00 1.899999999996540456e+00 -1.899999999998238209e+00 1.899999999999935074e+00 -1.900000000001632827e+00 1.900000000003329692e+00 -1.900000000005027223e+00 1.900000000006724088e+00 -1.900000000008421841e+00
-2.249999999973356424e+00 2.249999999975366372e+00 -2.249999999977376763e+00 2.249999999979386711e+00 -2.249999999981396215e+00 2.249999999983406607e+00 -2.249999999985416110e+00 2.249999999987426058e+00 -2.249999999989435562e+00 2.249999999991445954e+00 -2.249999999993455457e+00 2.249999999995466293e+00 -2.249999999997475353e+00 2.249999999999485745e+00 -2.250000000001495248e+00 2.250000000003505640e+00 -2.250000000005515144e+00 2.250000000007525092e+00 -2.250000000009534595e+00 2.250000000011544987e+00
1.999999999991033117e-01 -1.999999999992819466e-01 1.999999999994606370e-01 -1.999999999996393274e-01 1.999999999998179345e-01 -1.999999999999966527e-01 2.000000000001752598e-01 -2.000000000003539502e-01 2.000000000005325573e-01 -2.000000000007112755e-01 2.000000000008898826e-01 -2.000000000010686008e-01 2.000000000012471801e-01 -2.000000000014258983e-01 2.000000000016045054e-01 -2.000000000017832236e-01 2.000000000019618307e-01 -2.000000000021405211e-01 2.000000000023191282e-01 -2.000000000024978464e-01
-2.399999999970093612e+00 2.399999999972237230e+00 -2.399999999974381293e+00 2.399999999976525356e+00 -2.399999999978668974e+00 2.399999999980813481e+00 -2.399999999982956655e+00 2.399999999985101162e+00 -2.399999999987244337e+00 2.399999999989388844e+00 -2.399999999991532462e+00 2.399999999993676969e+00 -2.399999999995819699e+00 2.399999999997964206e+00 -2.400000000000107825e+00 2.400000000002252332e+00 -2.400000000004395950e+00 2.400000000006540013e+00 -2.400000000008683188e+00 2.400000000010827694e+00
-5.999999999955255570e-01 5.999999999960614616e-01 -5.999999999965974773e-01 5.999999999971336040e-01 -5.999999999976693976e-01 5.999999999982055243e-01 -5.999999999987414290e-01 5.999999999992774447e-01 -5.999999999998132383e-01 6.000000000003493650e-01 -6.000000000008852696e-01 6.000000000014213963e-01 -6.000000000019571900e-01 6.000000000024933167e-01 -6.000000000030291103e-01 6.000000000035652370e-01 -6.000000000041011416e-01 6.000000000046371573e-01 -6.000000000051730620e-01 6.000000000057091887e-01
-2.349999999972108178e+00 2.349999999974207388e+00 -2.349999999976306597e+00 2.349999999978406251e+00 -2.349999999980505017e+00 2.349999999982604670e+00 -2.349999999984703436e+00 2.349999999986803090e+00 -2.349999999988901855e+00 2.349999999991001509e+00 -2.349999999993100275e+00 2.349999999995200373e+00 -2.349999999997298694e+00 2.349999999999398348e+00 -2.350000000001497114e+00 2.350000000003597211e+00 -2.350000000005695977e+00 2.350000000007795187e+00 -2.350000000009893952e+00 2.350000000011994050e+00
4.699999999940208895e+00 -4.699999999944407314e+00 4.699999999948606622e+00 -4.699999999952805041e+00 4.699999999957002572e+00 -4.699999999961202768e+00 4.699999999965400299e+00 -4.699999999969598719e+00 4.699999999973796250e+00 -4.699999999977996445e+00 4.699999999982193977e+00 -4.699999999986393284e+00 4.699999999990589927e+00 -4.699999999994790123e+00 4.699999999998987654e+00 -4.700000000003186962e+00 4.700000000007384493e+00 -4.700000000011583801e+00 4.700000000015781332e+00 -4.700000000019980639e+00
-2.299999999970374631e+00 2.299999999972429432e+00 -2.299999999974484233e+00 2.299999999976539033e+00 -2.299999999978592946e+00 2.299999999980648191e+00 -2.299999999982702104e+00 2.299999999984756904e+00 -2.299999999986811261e+00 2.299999999988866062e+00 -2.299999999990920418e+00 2.299999999992975663e+00 -2.299999999995029132e+00 2.299999999997084377e+00 -2.299999999999138733e+00 2.300000000001193534e+00 -2.300000000003247891e+00 2.300000000005302692e+00 -2.300000000007356604e+00 2.300000000009411849e+00
-2.399999999968893682e+00 2.399999999971037301e+00 -2.399999999973181808e+00 2.399999999975325871e+00 -2.399999999977469045e+00 2.399999999979613552e+00 -2.399999999981757171e+00 2.399999999983901233e+00 -2.399999999986044852e+00 2.399999999988189359e+00 -2.399999999990332533e+00 2.399999999992477040e+00 -2.399999999994620214e+00 2.399999999996764721e+00 -2.399999999998907896e+00 2.400000000001052403e+00 -2.400000000003196021e+00 2.400000000005340084e+00 -2.400000000007483703e+00 2.400000000009628209e+00
-2.349999999969011988e+00 2.349999999971111198e+00 -2.349999999973210851e+00 2.349999999975310061e+00 -2.349999999977408827e+00 2.349999999979508924e+00 -2.349999999981607690e+00 2.349999999983706900e+00 -2.349999999985805665e+00 2.349999999987905763e+00 -2.349999999990004529e+00 2.349999999992104183e+00 -2.349999999994202504e+00 2.349999999996302602e+00 -2.349999999998400924e+00 2.350000000000501021e+00 -2.350000000002599787e+00 2.350000000004698997e+00 -2.350000000006797762e+00 2.350000000008897860e+00
-2.499999999968310238e+00 2.499999999970543119e+00 -2.499999999972776887e+00 2.499999999975010212e+00 -2.499999999977243093e+00 2.499999999979476861e+00 -2.499999999981709742e+00 2.499999999983943066e+00 -2.499999999986175947e+00 2.499999999988409716e+00 -2.499999999990642596e+00 2.499999999992876365e+00 -2.499999999995108801e+00 2.499999999997342570e+00 -2.499999999999575007e+00 2.500000000001809219e+00 -2.500000000004041656e+00 2.500000000006275425e+00 -2.500000000008507861e+00 2.500000000010742074e+00
