2.949999999998249578e+00 1.499999999990860644e+00 -2.949999999999083133e+00 -1.499999999992660760e+00 2.949999999999916689e+00 1.499999999994463096e+00 -2.950000000000751132e+00 -1.499999999996265654e+00 2.950000000001583800e+00 1.499999999998062661e+00 -2.950000000002416911e+00 -1.499999999999870326e+00 2.950000000003252243e+00 1.500000000001667555e+00 -2.950000000004082246e+00 -1.500000000003463896e+00 2.950000000004918022e+00 1.500000000005272227e+00 -2.950000000005753797e+00 -1.500000000007069456e+00
-3.000000000002161826e+00 -3.199999999987848565e+00 3.000000000002388312e+00 3.199999999990468247e+00 -3.000000000002614797e+00 -3.199999999993090150e+00 3.000000000002843059e+00 3.199999999995712052e+00 -3.000000000003067768e+00 -3.199999999998328182e+00 3.000000000003293366e+00 3.200000000000955858e+00 -3.000000000003524292e+00 -3.200000000003572431e+00 3.000000000003743228e+00 3.200000000006189005e+00 -3.000000000003974154e+00 -3.200000000008816237e+00 3.000000000004205081e+00 3.200000000011433254e+00
-1.600000000002017364e+00 -1.849999999992831379e+00 1.600000000002085088e+00 1.849999999994296207e+00 -1.600000000002152589e+00 -1.849999999995762145e+00 1.600000000002221201e+00 1.849999999997228306e+00 -1.600000000002287814e+00 -1.849999999998691136e+00 1.600000000002354650e+00 1.850000000000159961e+00 -1.600000000002425038e+00 -1.850000000001623013e+00 1.600000000002488543e+00 1.850000000003086065e+00 -1.600000000002558487e+00 -1.850000000004554890e+00 1.600000000002628875e+00 1.850000000006017720e+00
3.140543380908411564e-14 1.999999999996940891e-01 4.277134202368415572e-14 -1.999999999997883471e-01 -1.169619956442602415e-13 1.999999999998826050e-01 1.910555047501816262e-13 -1.999999999999768074e-01 -2.653571806732202276e-13 2.000000000000710654e-01 3.396172232328353857e-13 -2.000000000001652956e-01 -4.135303210972551824e-13 2.000000000002595257e-01 4.881650639276813308e-13 -2.000000000003537559e-01 -5.620781617921011275e-13 2.000000000004479861e-01 6.359912596565209242e-13 -2.000000000005422440e-01
3.449999999999695088e+00 2.649999999988022381e+00 -3.450000000000337685e+00 -2.649999999990550137e+00 3.450000000000979838e+00 2.649999999993080113e+00 -3.450000000001624212e+00 -2.649999999995610089e+00 3.450000000002265033e+00 2.649999999998133404e+00 -3.450000000002906742e+00 -2.650000000000669598e+00 3.450000000003552891e+00 2.650000000003193801e+00 -3.450000000004189715e+00 -2.650000000005717116e+00 3.450000000004835421e+00 2.650000000008253309e+00 -3.450000000005482015e+00 -2.650000000010777068e+00
2.750000000001057820e+00 2.699999999989614707e+00 -2.750000000001352252e+00 -2.699999999991906208e+00 2.750000000001645795e+00 2.699999999994199928e+00 -2.750000000001942002e+00 -2.699999999996493205e+00 2.750000000002234657e+00 2.699999999998781597e+00 -2.750000000002527756e+00 -2.700000000001080647e+00 2.750000000002825740e+00 2.700000000003369038e+00 -2.750000000003113509e+00 -2.700000000005657430e+00 2.750000000003411493e+00 2.700000000007956036e+00 -2.750000000003709477e+00 -2.700000000010244428e+00
-4.600000000005652012e+00 -5.799999999978881604e+00 4.600000000005667999e+00 5.799999999983318943e+00 -4.600000000005683098e+00 -5.799999999987760724e+00 4.600000000005702638e+00 5.799999999992202504e+00 -4.600000000005715073e+00 -5.799999999996634514e+00 4.600000000005728396e+00 5.800000000001085176e+00 -4.600000000005753265e+00 -5.800000000005518075e+00 4.600000000005755041e+00 5.800000000009950085e+00 -4.600000000005779910e+00 -5.800000000014400747e+00 4.600000000005803891e+00 5.800000000018833646e+00
6.000000000005323297e-01 9.499999999963436581e-01 -6.000000000004627188e-01 -9.499999999970136777e-01 6.000000000003929967e-01 9.499999999976842524e-01 -6.000000000003237188e-01 -9.499999999983547161e-01 6.000000000002535527e-01 9.499999999990239585e-01 -6.000000000001834977e-01 -9.499999999996955324e-01 6.000000000001151079e-01 9.500000000003649969e-01 -6.000000000000432765e-01 -9.500000000010342394e-01 5.999999999999748868e-01 9.500000000017058133e-01 -5.999999999999066080e-01 -9.500000000023751667e-01
-2.050000000002939693e+00 -2.699999999990556621e+00 2.050000000002903722e+00 2.699999999992588773e+00 -2.050000000002867750e+00 -2.699999999994622257e+00 2.050000000002833556e+00 2.699999999996655742e+00 -2.050000000002796696e+00 -2.699999999998685674e+00 2.050000000002760281e+00 2.700000000000722711e+00 -2.050000000002728306e+00 -2.700000000002752643e+00 2.050000000002686562e+00 2.700000000004782574e+00 -2.050000000002654588e+00 -2.700000000006819612e+00 2.050000000002623057e+00 2.700000000008849987e+00
-2.450000000000295941e+00 -1.749999999991774136e+00 2.450000000000801315e+00 1.749999999993507194e+00 -2.450000000001306244e+00 -1.749999999995241584e+00 2.450000000001812506e+00 1.749999999996976197e+00 -2.450000000002316547e+00 -1.749999999998705702e+00 2.450000000002821032e+00 1.750000000000444977e+00 -2.450000000003329070e+00 -1.750000000002175149e+00 2.450000000003830003e+00 1.750000000003904876e+00 -2.450000000004338041e+00 -1.750000000005644152e+00 2.450000000004845191e+00 1.750000000007374101e+00
3.400000000000940936e+00 3.049999999986746424e+00 -3.400000000001411671e+00 -3.049999999989443822e+00 3.400000000001882405e+00 3.049999999992143884e+00 -3.400000000002354472e+00 -3.049999999994843503e+00 3.400000000002823430e+00 3.049999999997537348e+00 -3.400000000003293277e+00 -3.050000000000243183e+00 3.400000000003768008e+00 3.050000000002937028e+00 -3.400000000004231637e+00 -3.050000000005629985e+00 3.400000000004706369e+00 3.050000000008336265e+00 -3.400000000005181544e+00 -3.050000000011030554e+00
3.800000000000150813e+00 3.099999999986078336e+00 -3.800000000000791633e+00 -3.099999999988947597e+00 3.800000000001431566e+00 3.099999999991819521e+00 -3.800000000002074163e+00 -3.099999999994691890e+00 3.800000000002713207e+00 3.099999999997556710e+00 -3.800000000003352696e+00 -3.100000000000435296e+00 3.800000000003997513e+00 3.100000000003301004e+00 -3.800000000004630785e+00 -3.100000000006165379e+00 3.800000000005275602e+00 3.100000000009044410e+00 -3.800000000005920420e+00 -3.100000000011909673e+00
2.200000000000954081e+00 2.499999999990330402e+00 -2.200000000001063327e+00 -2.499999999992323918e+00 2.200000000001172573e+00 2.499999999994319211e+00 -2.200000000001283151e+00 -2.499999999996314060e+00 2.200000000001391065e+00 2.499999999998304911e+00 -2.200000000001499423e+00 -2.500000000000303757e+00 2.200000000001611777e+00 2.500000000002295053e+00 -2.200000000001715694e+00 -2.500000000004286349e+00 2.200000000001828049e+00 2.500000000006284750e+00 -2.200000000001940847e+00 -2.500000000008276047e+00
-1.750000000001600720e+00 -1.999999999992405852e+00 1.750000000001683542e+00 1.999999999993997024e+00 -1.750000000001766143e+00 -1.999999999995589528e+00 1.750000000001849632e+00 1.999999999997181810e+00 -1.750000000001931344e+00 -1.999999999998770761e+00 1.750000000002013278e+00 2.000000000000366374e+00 -1.750000000002098766e+00 -2.000000000001955325e+00 1.750000000002176703e+00 2.000000000003544276e+00 -1.750000000002262412e+00 -2.000000000005139889e+00 1.750000000002347900e+00 2.000000000006729284e+00
-8.423262087831062672e-13 -2.999999999997394751e-01 7.310541061400499530e-13 2.999999999998808065e-01 -6.197820034969936387e-13 -3.000000000000221934e-01 5.086209231563998401e-13 3.000000000001635247e-01 -3.971822870596497523e-13 -3.000000000003048561e-01 2.857714065385152935e-13 3.000000000004462430e-01 -1.749433931053090419e-13 -3.000000000005875744e-01 6.297740107186200476e-14 3.000000000007289058e-01 4.790612351257550472e-14 -3.000000000008702927e-01 -1.587896480970130142e-13 3.000000000010116796e-01
-1.400000000002990186e+00 -2.299999999992650590e+00 1.400000000002796785e+00 2.299999999994253308e+00 -1.400000000002603162e+00 -2.299999999995856914e+00 1.400000000002410649e+00 2.299999999997460520e+00 -1.400000000002216138e+00 -2.299999999999061462e+00 1.400000000002021627e+00 2.300000000000667733e+00 -1.400000000001831335e+00 -2.300000000002269118e+00 1.400000000001632383e+00 2.300000000003870060e+00 -1.400000000001442313e+00 -2.300000000005476331e+00 1.400000000001252021e+00 2.300000000007077272e+00
-2.500000000011087797e-01 -6.499999999981197485e-01 2.500000000009855450e-01 6.499999999985186516e-01 -2.500000000008621992e-01 -6.499999999989177768e-01 2.500000000007391865e-01 6.499999999993169020e-01 -2.500000000006155632e-01 -6.499999999997155831e-01 2.500000000004919398e-01 6.500000000001151523e-01 -2.500000000003695377e-01 -6.500000000005137224e-01 2.500000000002448042e-01 6.500000000009124035e-01 -2.500000000001223466e-01 -6.500000000013119728e-01 2.499999999999999167e-01 6.500000000017106538e-01
-1.850000000001341682e+00 -1.899999999992375344e+00 1.850000000001508660e+00 1.899999999993956523e+00 -1.850000000001675193e+00 -1.899999999995539035e+00 1.850000000001843281e+00 1.899999999997121325e+00 -1.850000000002009148e+00 -1.899999999998700062e+00 1.850000000002175238e+00 1.900000000000285683e+00 -1.850000000002344880e+00 -1.900000000001864864e+00 1.850000000002507416e+00 1.900000000003443601e+00 -1.850000000002676837e+00 -1.900000000005029221e+00 1.850000000002846479e+00 1.900000000006608403e+00
4.850000000002212985e+00 4.649999999980663823e+00 -4.850000000002773426e+00 -4.649999999984652632e+00 4.850000000003332978e+00 4.649999999988644994e+00 -4.850000000003896083e+00 -4.649999999992637356e+00 4.850000000004453860e+00 4.649999999996619948e+00 -4.850000000005012524e+00 -4.650000000000621192e+00 4.850000000005580070e+00 4.650000000004604672e+00 -4.850000000006128964e+00 -4.650000000008588152e+00 4.850000000006695622e+00 4.650000000012589396e+00 -4.850000000007262280e+00 -4.650000000016572876e+00
-1.550000000003266543e+00 -2.549999999991833910e+00 1.550000000003051159e+00 2.549999999993609823e+00 -1.550000000002835332e+00 -2.549999999995387068e+00 1.550000000002621059e+00 2.549999999997163869e+00 -1.550000000002404121e+00 -2.549999999998938005e+00 1.550000000002187628e+00 2.550000000000718359e+00 -1.550000000001975575e+00 -2.550000000002492939e+00 1.550000000001754197e+00 2.550000000004267076e+00 -1.550000000001542144e+00 -2.550000000006046985e+00 1.550000000001330092e+00 2.550000000007821566e+00
