-2.277864045008569649e-01 -1.642172942406733505e+00 -2.429305231718704050e+00 -2.288525491562108272e+00 -1.273606797749366581e+00 2.277864045007268468e-01 1.642172942406707303e+00 2.429305231718792424e+00 2.288525491562275693e+00 1.273606797749550879e+00 -2.277864045005967286e-01 -1.642172942406681768e+00 -2.429305231718879465e+00 -2.288525491562443559e+00 -1.273606797749732955e+00 2.277864045004664995e-01 1.642172942406655567e+00 2.429305231718966951e+00 2.288525491562610981e+00 1.273606797749917474e+00
-6.977457514071163658e-01 -2.334878040719140735e+00 -3.080166278062267615e+00 -2.648935688186913051e+00 -1.205901699436767727e+00 6.977457514069789202e-01 2.334878040719139847e+00 3.080166278062403951e+00 2.648935688187132875e+00 1.205901699436988883e+00 -6.977457514068413635e-01 -2.334878040719139403e+00 -3.080166278062538510e+00 -2.648935688187353144e+00 -1.205901699437207153e+00 6.977457514067039179e-01 2.334878040719137626e+00 3.080166278062673957e+00 2.648935688187573412e+00 1.205901699437428753e+00
-6.586881039381022873e-01 -1.711271242968927186e+00 -2.110206931155937937e+00 -1.703115294937018298e+00 -6.454915028119677656e-01 6.586881039380203529e-01 1.711271242968940509e+00 2.110206931156041854e+00 1.703115294937172175e+00 6.454915028121136489e-01 -6.586881039379381964e-01 -1.711271242968954498e+00 -2.110206931156144883e+00 -1.703115294937326496e+00 -6.454915028122576448e-01 6.586881039378562619e-01 1.711271242968967821e+00 2.110206931156248356e+00 1.703115294937480373e+00 6.454915028124040832e-01
5.941640786501183769e+00 1.096570209965570619e+01 1.180123792124804005e+01 8.129101966247905153e+00 1.351925358154679291e+00 -5.941640786500877347e+00 -1.096570209965596021e+01 -1.180123792124875237e+01 -8.129101966248807543e+00 -1.351925358155426249e+00 5.941640786500570925e+00 1.096570209965621423e+01 1.180123792124946469e+01 8.129101966249711708e+00 1.351925358156162549e+00 -5.941640786500263616e+00 -1.096570209965646647e+01 -1.180123792125017701e+01 -8.129101966250612321e+00 -1.351925358156913060e+00
5.993895035094761070e+00 1.059939020359314554e+01 1.115627857434180470e+01 7.451847717654237258e+00 9.010643118110777117e-01 -5.993895035094497281e+00 -1.059939020359341377e+01 -1.115627857434250281e+01 -7.451847717655095238e+00 -9.010643118117722672e-01 5.993895035094232604e+00 1.059939020359368378e+01 1.115627857434320092e+01 7.451847717655955883e+00 9.010643118124570528e-01 -5.993895035093967927e+00 -1.059939020359395201e+01 -1.115627857434389547e+01 -7.451847717656816528e+00 -9.010643118131547169e-01
7.446681439596397389e+00 1.628406497884364867e+01 1.890148917118478877e+01 1.429918693812165920e+01 4.235081306184637739e+00 -7.446681439595767671e+00 -1.628406497884389381e+01 -1.890148917118581551e+01 -1.429918693812306429e+01 -4.235081306185897176e+00 7.446681439595136176e+00 1.628406497884413895e+01 1.890148917118682803e+01 1.429918693812447295e+01 4.235081306187139738e+00 -7.446681439594506458e+00 -1.628406497884438053e+01 -1.890148917118784766e+01 -1.429918693812587982e+01 -4.235081306188404504e+00
7.604837387627521927e+00 1.602226157996859257e+01 1.831972642540356588e+01 1.361967844093421753e+01 3.717376207872213900e+00 -7.604837387626936618e+00 -1.602226157996885547e+01 -1.831972642540458196e+01 -1.361967844093558710e+01 -3.717376207873423155e+00 7.604837387626351308e+00 1.602226157996912548e+01 1.831972642540558738e+01 1.361967844093696201e+01 3.717376207874615535e+00 -7.604837387625765999e+00 -1.602226157996938838e+01 -1.831972642540659990e+01 -1.361967844093833158e+01 -3.717376207875829230e+00
-2.873355547820015676e-01 -1.574467844094208813e+00 -2.260206931156238053e+00 -2.082623792124714157e+00 -1.109549150280761287e+00 2.873355547818855493e-01 1.574467844094190383e+00 2.260206931156324650e+00 2.082623792124871365e+00 1.109549150280930263e+00 -2.873355547817694755e-01 -1.574467844094172397e+00 -2.260206931156409915e+00 -2.082623792125029016e+00 -1.109549150281097241e+00 2.873355547816535127e-01 1.574467844094153968e+00 2.260206931156496069e+00 2.082623792125186224e+00 1.109549150281266439e+00
8.576237921246562257e-01 8.031152949370981009e-01 4.418440519684713186e-01 -8.819660112513921790e-02 -5.845491502811750451e-01 -8.576237921246876450e-01 -8.031152949371573868e-01 -4.418440519685358225e-01 8.819660112509408734e-02 5.845491502811666074e-01 8.576237921247188423e-01 8.031152949372165617e-01 4.418440519686006041e-01 -8.819660112504862370e-02 -5.845491502811583917e-01 -8.576237921247500395e-01 -8.031152949372759586e-01 -4.418440519686646639e-01 8.819660112500327109e-02 5.845491502811495099e-01
6.399186938122477519e-01 7.149186938121354640e-01 5.168440519684748269e-01 1.213525491560750735e-01 -3.204915028125097098e-01 -6.399186938122599644e-01 -7.149186938121763202e-01 -5.168440519685287837e-01 -1.213525491561213698e-01 3.204915028124886156e-01 6.399186938122720658e-01 7.149186938122171764e-01 5.168440519685827406e-01 1.213525491561678882e-01 -3.204915028124679099e-01 -6.399186938122841672e-01 -7.149186938122582546e-01 -5.168440519686362533e-01 -1.213525491562142955e-01 3.204915028124465382e-01
-3.671555814628859604e+00 -1.457193268953238885e+01 -1.990632655881055868e+01 -1.763718027377813158e+01 -8.631230589871755399e+00 3.671555814627914582e+00 1.457193268953231247e+01 1.990632655881138646e+01 1.763718027377953845e+01 8.631230589873210235e+00 -3.671555814626969116e+00 -1.457193268953224496e+01 -1.990632655881221069e+01 -1.763718027378094533e+01 -8.631230589874647308e+00 3.671555814626024983e+00 1.457193268953217391e+01 1.990632655881303492e+01 1.763718027378234865e+01 8.631230589876103920e+00
-3.620694768285213083e+00 -1.447332589178249584e+01 -1.979763845487309126e+01 -1.755992602518442069e+01 -8.614918693809265449e+00 3.620694768284270726e+00 1.447332589178241946e+01 1.979763845487391549e+01 1.755992602518581691e+01 8.614918693810711403e+00 -3.620694768283328369e+00 -1.447332589178235018e+01 -1.979763845487472906e+01 -1.755992602518721668e+01 -8.614918693812139594e+00 3.620694768282387344e+00 1.447332589178227380e+01 1.979763845487554974e+01 1.755992602518861290e+01 8.614918693813590878e+00
-8.609423525317172476e-01 -1.676722092687736865e+00 -1.852050983124924111e+00 -1.319959346906069975e+00 -2.836881039372126656e-01 8.609423525316642900e-01 1.676722092687770838e+00 1.852050983125032024e+00 1.319959346906210085e+00 2.836881039373320146e-01 -8.609423525316113324e-01 -1.676722092687804810e+00 -1.852050983125139494e+00 -1.319959346906350639e+00 -2.836881039374498092e-01 8.609423525315583747e-01 1.676722092687839227e+00 1.852050983125246963e+00 1.319959346906490749e+00 2.836881039375696023e-01
3.919427191000874444e+00 7.794552815968347481e+00 8.692424192342265599e+00 6.270084971873393975e+00 1.452786404498826123e+00 -3.919427191000617761e+00 -7.794552815968497583e+00 -8.692424192342764755e+00 -6.270084971874048563e+00 -1.452786404499390338e+00 3.919427191000361077e+00 7.794552815968649462e+00 8.692424192343262135e+00 6.270084971874705815e+00 1.452786404499946782e+00 -3.919427191000104393e+00 -7.794552815968799564e+00 -8.692424192343757738e+00 -6.270084971875362179e+00 -1.452786404500513218e+00
5.730746418429905065e-01 -1.173606797750436304e+00 -2.472010330031164660e+00 -2.826189936780882928e+00 -2.100861046343254657e+00 -5.730746418431773570e-01 1.173606797750346376e+00 2.472010330031206404e+00 2.826189936781039247e+00 2.100861046343466487e+00 5.730746418433640965e-01 -1.173606797750257336e+00 -2.472010330031246372e+00 -2.826189936781194678e+00 -2.100861046343676097e+00 -5.730746418435505030e-01 1.173606797750167408e+00 2.472010330031288561e+00 2.826189936781350553e+00 2.100861046343888372e+00
-2.778640450073022183e-02 -1.794427191000359967e+00 -2.875657780874902869e+00 -2.858484838468379419e+00 -1.749467844093214985e+00 2.778640450055980260e-02 1.794427191000310007e+00 2.875657780874993019e+00 2.858484838468573486e+00 1.749467844093440583e+00 -2.778640450038938337e-02 -1.794427191000260713e+00 -2.875657780875080949e+00 -2.858484838468767997e+00 -1.749467844093663293e+00 2.778640450021918618e-02 1.794427191000210753e+00 2.875657780875170655e+00 2.858484838468961620e+00 1.749467844093889113e+00
1.267220926867361763e-01 -1.200861046344165795e+00 -2.069756081437395867e+00 -2.148074641843373378e+00 -1.405901699436961527e+00 -1.267220926868686259e-01 1.200861046344118277e+00 2.069756081437451822e+00 2.148074641843510602e+00 1.405901699437128283e+00 1.267220926870011866e-01 -1.200861046344071204e+00 -2.069756081437506445e+00 -2.148074641843647381e+00 -1.405901699437293040e+00 -1.267220926871336362e-01 1.200861046344023908e+00 2.069756081437562401e+00 2.148074641843784605e+00 1.405901699437460017e+00
5.494678440933654651e-01 1.986067977496458747e-01 -2.281152949376671624e-01 -5.677050983125087047e-01 -6.904508497185847249e-01 -5.494678440934162023e-01 -1.986067977496931702e-01 2.281152949376414885e-01 5.677050983125142558e-01 6.904508497186194749e-01 5.494678440934669394e-01 1.986067977497402159e-01 -2.281152949376153982e-01 -5.677050983125194739e-01 -6.904508497186540028e-01 -5.494678440935174546e-01 -1.986067977497875947e-01 2.281152949375900296e-01 5.677050983125248029e-01 6.904508497186885307e-01
1.048074641843283583e+00 8.281152949369838812e-01 2.918440519684036838e-01 -3.559016994376236198e-01 -8.677050983123442141e-01 -1.048074641843336652e+00 -8.281152949370609306e-01 -2.918440519684749601e-01 3.559016994375850951e-01 8.677050983123533179e-01 1.048074641843389943e+00 8.281152949371377581e-01 2.918440519685466250e-01 -3.559016994375462928e-01 -8.677050983123626438e-01 -1.048074641843442789e+00 -8.281152949372146965e-01 -2.918440519686172907e-01 3.559016994375074905e-01 8.677050983123713035e-01
9.921729424058585156e-01 5.913118960621176479e-01 -3.541019662520917405e-02 -6.486067977500354909e-01 -1.014057647468595391e+00 -9.921729424059276825e-01 -5.913118960621962517e-01 3.541019662515128980e-02 6.486067977500200588e-01 1.014057647468628476e+00 9.921729424059966274e-01 5.913118960622745224e-01 -3.541019662509282961e-02 -6.486067977500042936e-01 -1.014057647468661560e+00 -9.921729424060653502e-01 -5.913118960623531262e-01 3.541019662503545884e-02 6.486067977499885284e-01 1.014057647468694423e+00
