1.354647501580673152e+00 -1.578353128223455304e+00 -4.356853556804281880e+00 -6.708874803261474895e+00 -8.404184640496154657e+00 -9.276834329721568295e+00 -9.241402839248394230e+00 -8.301358450229828989e+00 -6.548719257137368466e+00 -4.155045795546187470e+00 -1.354647501580495073e+00 1.578353128224129431e+00 4.356853556805377892e+00 6.708874803262894204e+00 8.404184640497756931e+00 9.276834329723193662e+00 9.241402839249886370e+00 8.301358450231040464e+00 6.548719257138181149e+00 4.155045795546520537e+00
3.598469021803665235e-01 -2.720743245926655618e+00 -5.535008088589607134e+00 -7.807467774872470123e+00 -9.315678117524209156e+00 -9.912004979886678058e+00 -9.538075733818242696e+00 -8.230493179242305501e+00 -6.117252607064093795e+00 -3.405212728301244773e+00 -3.598469021799923784e-01 2.720743245927535803e+00 5.535008088590900321e+00 7.807467774874057298e+00 9.315678117525933999e+00 9.912004979888367373e+00 9.538075733819734836e+00 8.230493179243453028e+00 6.117252607064786574e+00 3.405212728301411751e+00
-1.641544640628393559e+00 -4.055570102201685678e+00 -6.072608105353102026e+00 -7.495216916804022134e+00 -8.184141674191184990e+00 -8.071945622240475515e+00 -7.169611292232660027e+00 -5.565465455321837673e+00 -3.416533082766075591e+00 -9.331666476833661017e-01 1.641544640629025276e+00 4.055570102202687544e+00 6.072608105354370345e+00 7.495216916805439666e+00 8.184141674192609628e+00 8.071945622241768703e+00 7.169611292233692978e+00 5.565465455322511801e+00 3.416533082766325613e+00 9.331666476831654844e-01
8.547526058452953990e+00 1.456303946101605717e+01 1.915302109447275214e+01 2.186817157625770491e+01 2.244271305964794294e+01 2.082040542118326343e+01 1.716005143579847569e+01 1.181995205476882660e+01 5.322833412169656775e+00 -1.695321251174028543e+00 -8.547526058455311215e+00 -1.456303946101927593e+01 -1.915302109447650736e+01 -2.186817157626163421e+01 -2.244271305965166619e+01 -2.082040542118640403e+01 -1.716005143580073167e+01 -1.181995205476998478e+01 -5.322833412169600820e+00 1.695321251175297750e+00
7.988839031829622961e+00 1.376611377597492236e+01 1.819586538957337396e+01 2.084447892079156972e+01 2.145268962321821249e+01 1.996096159564656602e+01 1.651531557089559499e+01 1.145303538909538332e+01 5.269652305420510885e+00 -1.429561061735704630e+00 -7.988839031831849624e+00 -1.376611377597797770e+01 -1.819586538957695154e+01 -2.084447892079532494e+01 -2.145268962322177586e+01 -1.996096159564958938e+01 -1.651531557089777991e+01 -1.145303538909652019e+01 -5.269652305420490457e+00 1.429561061736885463e+00
1.072748309214661155e+01 2.124118984891405049e+01 2.967566094719800418e+01 3.520527158948264912e+01 3.728874495903824737e+01 3.572213616604004471e+01 3.065879579435184965e+01 2.259435887792120212e+01 1.231822869036420087e+01 8.363044524479787967e-01 -1.072748309214999196e+01 -2.124118984891899231e+01 -2.967566094720400827e+01 -3.520527158948913637e+01 -3.728874495904459252e+01 -3.572213616604560116e+01 -3.065879579435609870e+01 -2.259435887792371744e+01 -1.231822869036474444e+01 -8.363044524464866569e-01
1.095591873249781756e+01 2.107007684621762067e+01 2.912174903437225026e+01 3.432278152388616377e+01 3.616406101696145470e+01 3.446535024786721380e+01 2.939293086229612584e+01 2.144332661133180551e+01 1.139470014720827962e+01 2.306810411313682252e-01 -1.095591873250118198e+01 -2.107007684622247723e+01 -2.912174903437810514e+01 -3.432278152389246628e+01 -3.616406101696758668e+01 -3.446535024787255708e+01 -2.939293086230016527e+01 -2.144332661133415030e+01 -1.139470014720870417e+01 -2.306810411298227947e-01
3.160844714598774807e+00 2.773810563316323474e-01 -2.633234592356811010e+00 -5.286090892321233525e+00 -7.421507785384399369e+00 -8.830455787728903161e+00 -9.375017252167261006e+00 -9.001886708377393020e+00 -7.747588773738786294e+00 -5.734902869301432560e+00 -3.160844714598922245e+00 -2.773810563312664179e-01 2.633234592357647674e+00 5.286090892322464541e+00 7.421507785385904832e+00 8.830455787730532080e+00 9.375017252168857951e+00 9.001886708378798119e+00 7.747588773739864543e+00 5.734902869302076489e+00
3.433546665580958113e+00 2.493317830819700820e+00 1.309025674810945450e+00 -3.403034766524593024e-03 -1.315498631590754641e+00 -2.498824056737004362e+00 -3.437547172878909763e+00 -4.039779220939954563e+00 -4.246569532058496854e+00 -4.037676029789423637e+00 -3.433546665581428847e+00 -2.493317830819970826e+00 -1.309025674810991635e+00 3.403034766710000270e-03 1.315498631591153433e+00 2.498824056737575905e+00 3.437547172879600321e+00 4.039779220940694415e+00 4.246569532059214502e+00 4.037676029790048027e+00
2.946389049248915981e+00 2.177318094921660396e+00 1.195116075196237970e+00 9.592776716724404906e-02 -1.012650619080172731e+00 -2.022103707180316956e+00 -2.833619195596706941e+00 -3.367760294162258639e+00 -3.572241550569493551e+00 -3.427046914736573857e+00 -2.946389049249325431e+00 -2.177318094921903757e+00 -1.195116075196294592e+00 -9.592776716710482710e-02 1.012650619080493586e+00 2.022103707180786802e+00 2.833619195597281148e+00 3.367760294162879475e+00 3.572241550570101065e+00 3.427046914737108096e+00
3.166632045833009279e+00 -8.883008020004064420e+00 -2.006311736928733680e+01 -2.927930900250661495e+01 -3.562943786961940162e+01 -3.849190911316313191e+01 -3.758652410380972952e+01 -3.300190823446287425e+01 -2.518683564931117758e+01 -1.490630010380169423e+01 -3.166632045831854647e+00 8.883008020007224559e+00 2.006311736929216138e+01 2.927930900251266522e+01 3.562943786962607362e+01 3.849190911316976837e+01 3.758652410381569098e+01 3.300190823446757094e+01 2.518683564931415475e+01 1.490630010380264991e+01
2.655821010882730704e+00 -9.396383720581761523e+00 -2.052880494502106856e+01 -2.965172370884743813e+01 -3.587212516034482235e+01 -3.858111306535517571e+01 -3.751351281310734009e+01 -3.277382855469958400e+01 -2.482601360866677354e+01 -1.444805547760943298e+01 -2.655821010881486366e+00 9.396383720585003374e+00 2.052880494502596420e+01 2.965172370885353459e+01 3.587212516035152277e+01 3.858111306536180507e+01 3.751351281311327313e+01 3.277382855470421674e+01 2.482601360866967255e+01 1.444805547761030340e+01
2.491317839743761198e+00 8.194077608050687189e-03 -2.475731777935517464e+00 -4.717315757617241978e+00 -6.497136003471912780e+00 -7.640971309098420150e+00 -8.036855105212815431e+00 -7.646035527566800383e+00 -6.506768719420451319e+00 -4.730574053693718639e+00 -2.491317839743847351e+00 -8.194077607697636267e-03 2.475731777936267530e+00 4.717315757618322891e+00 6.497136003473218402e+00 7.640971309099819031e+00 8.036855105214172568e+00 7.646035527567983436e+00 6.506768719421344827e+00 4.730574053694232894e+00
8.236568136652977046e+00 1.158628520945920570e+01 1.380185595956775657e+01 1.466640488516883778e+01 1.409530391375800384e+01 1.214445638751134382e+01 9.004824854651804600e+00 4.983738324714826362e+00 4.748087638078910544e-01 -4.080598387087897905e+00 -8.236568136654902617e+00 -1.158628520946156115e+01 -1.380185595957030742e+01 -1.466640488517134067e+01 -1.409530391376021008e+01 -1.214445638751303491e+01 -9.004824854652817123e+00 -4.983738324715063506e+00 -4.748087638073297256e-01 4.080598387089204415e+00
2.480807959263603646e+00 4.581446362950454265e-01 -1.609365075755523566e+00 -3.519338921085374494e+00 -5.084815352143328582e+00 -6.152554628541754056e+00 -6.618038990529766075e+00 -6.435703585535702764e+00 -5.623396673405826718e+00 -4.260632514374447233e+00 -2.480807959263753304e+00 -4.581446362948309314e-01 1.609365075756074681e+00 3.519338921086214267e+00 5.084815352144374856e+00 6.152554628542901582e+00 6.618038990530903831e+00 6.435703585536717952e+00 5.623396673406622526e+00 4.260632514374943725e+00
3.226277756730214996e+00 1.161377422674531701e+00 -1.017206625304922785e+00 -3.096219401504297863e+00 -4.872152650055420864e+00 -6.171165650935559910e+00 -6.866101960862769360e+00 -6.888936371915372447e+00 -6.237433692842815347e+00 -4.975367545158786875e+00 -3.226277756730489443e+00 -1.161377422674425564e+00 1.017206625305393519e+00 3.096219401505092783e+00 4.872152650056461809e+00 6.171165650936742075e+00 6.866101960863980835e+00 6.888936371916490664e+00 6.237433692843734612e+00 4.975367545159413041e+00
2.980034513766927073e+00 5.837689566238091210e-01 -1.869639973351218565e+00 -4.140035516187030140e+00 -6.005175537374930705e+00 -7.282487136446364140e+00 -7.846938154530974430e+00 -7.643276193217124259e+00 -6.691437104274504222e+00 -5.084593529581695748e+00 -2.980034513767111370e+00 -5.837689566235617633e-01 1.869639973351866935e+00 4.140035516188022235e+00 6.005175537376167938e+00 7.282487136447723941e+00 7.846938154532327125e+00 7.643276193218332182e+00 6.691437104275454573e+00 5.084593529582291715e+00
2.797323786611417340e+00 1.653062727137404764e+00 3.469883703658678265e-01 -9.930516257072592445e-01 -2.235884809658679195e+00 -3.259854010115245782e+00 -3.964725987323324041e+00 -4.281502961021930176e+00 -4.179176593910469251e+00 -3.667763303751521597e+00 -2.797323786611747742e+00 -1.653062727137509791e+00 -3.469883703657410390e-01 9.930516257076089648e-01 2.235884809659217431e+00 3.259854010115918133e+00 3.964725987324066558e+00 4.281502961022667364e+00 4.179176593911131832e+00 3.667763303752042958e+00
3.357346388922495706e+00 2.328637606153007411e+00 1.071985549920988712e+00 -2.895999208998538688e-01 -1.622837333701767859e+00 -2.797220121308422680e+00 -3.697791514062849672e+00 -4.236397309392383015e+00 -4.360315019362912103e+00 -4.057414715137055872e+00 -3.357346388922940683e+00 -2.328637606153238337e+00 -1.071985549920986491e+00 2.895999209000923447e-01 1.622837333702219276e+00 2.797220121309041740e+00 3.697791514063576646e+00 4.236397309393145072e+00 4.360315019363636857e+00 4.057414715137670491e+00
3.129469563130752530e+00 2.287179405367262497e+00 1.221004191690426177e+00 3.530858049445106950e-02 -1.153843280569707641e+00 -2.230048922032882075e+00 -3.087961837343028648e+00 -3.643603532918820331e+00 -3.842583928213946898e+00 -3.665425435758975947e+00 -3.129469563131183740e+00 -2.287179405367512519e+00 -1.221004191690474805e+00 -3.530858049428986511e-02 1.153843280570062912e+00 2.230048922033395442e+00 3.087961837343651261e+00 3.643603532919488686e+00 3.842583928214597933e+00 3.665425435759544825e+00
