1.919098300558189196e+00 3.378773075806062121e+00 1.690983005618822976e-01 -3.274264578619948463e+00 -2.192705098308365130e+00 1.919098300561481896e+00 3.378773075807818493e+00 1.690983005596768396e-01 -3.274264578623069077e+00 -2.192705098308085798e+00 1.919098300564774595e+00 3.378773075809573978e+00 1.690983005574719922e-01 -3.274264578626190136e+00 -2.192705098307810019e+00 1.919098300568069959e+00 3.378773075811329907e+00 1.690983005552674223e-01 -3.274264578629308531e+00 -2.192705098307532907e+00
-4.176925358144499612e+00 -9.151441186701358532e+00 -1.478976341279920170e+00 8.237383539236216023e+00 6.569959346895847929e+00 -4.176925358152923096e+00 -9.151441186706831488e+00 -1.478976341274882422e+00 8.237383539244802932e+00 6.569959346896111718e+00 -4.176925358161346580e+00 -9.151441186712299114e+00 -1.478976341269846451e+00 8.237383539253391618e+00 6.569959346896382613e+00 -4.176925358169777169e+00 -9.151441186717770293e+00 -1.478976341264811145e+00 8.237383539261974974e+00 6.569959346896651731e+00
2.477457514056130294e-01 -6.319660112654523765e-02 -2.868033988753468377e-01 -1.140576474673471313e-01 2.163118960637723243e-01 2.477457514056889409e-01 -6.319660112677623343e-02 -2.868033988755655517e-01 -1.140576474672511387e-01 2.163118960640503796e-01 2.477457514057647969e-01 -6.319660112700764554e-02 -2.868033988757842656e-01 -1.140576474671549795e-01 2.163118960643283240e-01 2.477457514058405696e-01 -6.319660112723855805e-02 -2.868033988760030351e-01 -1.140576474670592227e-01 2.163118960646062128e-01
-2.394098300556659176e+00 -4.279634122148713082e+00 -2.508610463436821703e-01 4.124593469056196504e+00 2.799999999995633093e+00 -2.394098300560812298e+00 -4.279634122150964615e+00 -2.508610463409223224e-01 4.124593469060153339e+00 2.799999999995316458e+00 -2.394098300564964532e+00 -4.279634122153212594e+00 -2.508610463381631961e-01 4.124593469064111950e+00 2.799999999995003375e+00 -2.394098300569120763e+00 -4.279634122155463238e+00 -2.508610463354045139e-01 4.124593469068067009e+00 2.799999999994689404e+00
-2.492705098305823430e+00 -4.279634122148197939e+00 -1.522542485941718038e-01 4.185535821586649163e+00 2.739057647464282930e+00 -2.492705098310024514e+00 -4.279634122150380193e+00 -1.522542485913215560e-01 4.185535821590593564e+00 2.739057647463867262e+00 -2.492705098314224710e+00 -4.279634122152559783e+00 -1.522542485884720853e-01 4.185535821594538852e+00 2.739057647463456036e+00 -2.492705098318428902e+00 -4.279634122154742037e+00 -1.522542485856229755e-01 4.185535821598480588e+00 2.739057647463043477e+00
3.400861046335690752e+00 4.876847717645992120e+00 -3.868033988748817986e-01 -5.115905365115954950e+00 -2.774999999993759126e+00 3.400861046340749372e+00 4.876847717648086444e+00 -3.868033988786433452e-01 -5.115905365120374526e+00 -2.774999999992726174e+00 3.400861046345807548e+00 4.876847717650178105e+00 -3.868033988824041147e-01 -5.115905365124795878e+00 -2.774999999991697663e+00 3.400861046350869721e+00 4.876847717652273317e+00 -3.868033988861643291e-01 -5.115905365129213678e+00 -2.774999999990668265e+00
3.773606797741279717e+00 5.002708763989813789e+00 -6.817627457804884550e-01 -5.424061313146898655e+00 -2.670491502806588091e+00 3.773606797746606567e+00 5.002708763991763341e+00 -6.817627457846082706e-01 -5.424061313151394614e+00 -2.670491502805243833e+00 3.773606797751933861e+00 5.002708763993709340e+00 -6.817627457887271980e-01 -5.424061313155892350e+00 -2.670491502803904460e+00 3.773606797757264264e+00 5.002708763995658892e+00 -6.817627457928457924e-01 -5.424061313160386533e+00 -2.670491502802564199e+00
1.778647450839035749e+00 2.902912029461856225e+00 1.545084971834610743e-02 -2.893362879181668124e+00 -1.803647450839395372e+00 1.778647450841927879e+00 2.902912029463275090e+00 1.545084971633227389e-02 -2.893362879184331771e+00 -1.803647450839025668e+00 1.778647450844819566e+00 2.902912029464691734e+00 1.545084971431893994e-02 -2.893362879186995862e+00 -1.803647450838658850e+00 1.778647450847713696e+00 2.902912029466110155e+00 1.545084971230586968e-02 -2.893362879189658177e+00 -1.803647450838291588e+00
-1.830040653088163216e+00 -3.771478174117884663e+00 -5.008610463439432392e-01 3.461929023837632347e+00 2.640450849714909065e+00 -1.830040653091687730e+00 -3.771478174120064253e+00 -5.008610463417675351e-01 3.461929023841157083e+00 2.640450849714909509e+00 -1.830040653095211578e+00 -3.771478174122241178e+00 -5.008610463395924972e-01 3.461929023844682263e+00 2.640450849714912618e+00 -1.830040653098738757e+00 -3.771478174124419880e+00 -5.008610463374177924e-01 3.461929023848204334e+00 2.640450849714915282e+00
3.454915028115018716e-02 -5.640576474680492058e-01 -3.831559480306265808e-01 3.272542485936554280e-01 5.854101966243661082e-01 3.454915028077260031e-02 -5.640576474685904396e-01 -3.831559480305836707e-01 3.272542485942233625e-01 5.854101966246738620e-01 3.454915028039490243e-02 -5.640576474691318953e-01 -3.831559480305409826e-01 3.272542485947916857e-01 5.854101966249820599e-01 3.454915028001664945e-02 -5.640576474696729070e-01 -3.831559480304982390e-01 3.272542485953591762e-01 5.854101966252900358e-01
-1.539589803370874366e+00 -3.033813728900809359e+00 -3.354101966249489197e-01 2.826518827214211882e+00 2.082294901684446753e+00 -1.539589803373742072e+00 -3.033813728902515106e+00 -3.354101966231369247e-01 2.826518827217038066e+00 2.082294901684379695e+00 -1.539589803376609556e+00 -3.033813728904219520e+00 -3.354101966213254293e-01 2.826518827219864693e+00 2.082294901684314858e+00 -1.539589803379479260e+00 -3.033813728905924378e+00 -3.354101966195142115e-01 2.826518827222689545e+00 2.082294901684249577e+00
-5.690983005609239198e-01 -1.157623792123336104e+00 -1.463525491564885150e-01 1.067172942404785330e+00 8.059016994367432796e-01 -5.690983005620092738e-01 -1.157623792124000017e+00 -1.463525491558139435e-01 1.067172942405866021e+00 8.059016994367359521e-01 -5.690983005630945168e-01 -1.157623792124663042e+00 -1.463525491551395663e-01 1.067172942406947378e+00 8.059016994367295128e-01 -5.690983005641807591e-01 -1.157623792125326512e+00 -1.463525491544653001e-01 1.067172942408027181e+00 8.059016994367229625e-01
-2.477254248587816399e+00 -3.700125624962465665e+00 1.904508497178759585e-01 3.817830723275417171e+00 2.169098300559237469e+00 -2.477254248591604480e+00 -3.700125624964127002e+00 1.904508497206354178e-01 3.817830723278784255e+00 2.169098300558556236e+00 -2.477254248595392561e+00 -3.700125624965785676e+00 1.904508497233942665e-01 3.817830723282152228e+00 2.169098300557879000e+00 -2.477254248599182862e+00 -3.700125624967447013e+00 1.904508497261528377e-01 3.817830723285517536e+00 2.169098300557201320e+00
5.712664445204298502e+00 8.376973342609234763e+00 -5.354101966229678489e-01 -8.707875042047751535e+00 -4.846352549147864508e+00 5.712664445212925379e+00 8.376973342612924256e+00 -5.354101966293107751e-01 -8.707875042055361448e+00 -4.846352549146217825e+00 5.712664445221551368e+00 8.376973342616606644e+00 -5.354101966356523690e-01 -8.707875042062973137e+00 -4.846352549144580912e+00 5.712664445230183574e+00 8.376973342620294360e+00 -5.354101966419931857e-01 -8.707875042070579497e+00 -4.846352549142941335e+00
-1.430040653090109082e+00 -3.411067977493722037e+00 -6.781152949364046556e-01 2.991969676932933808e+00 2.527254248589692054e+00 -1.430040653093187286e+00 -3.411067977495850112e+00 -6.781152949346431758e-01 2.991969676936150790e+00 2.527254248589916763e+00 -1.430040653096265491e+00 -3.411067977497977299e+00 -6.781152949328823620e-01 2.991969676939369549e+00 2.527254248590144581e+00 -1.430040653099346359e+00 -3.411067977500104487e+00 -6.781152949311216593e-01 2.991969676942584755e+00 2.527254248590371510e+00
-3.044959346898507224e+00 -4.840044318772567244e+00 5.364745084288860544e-02 4.873200266804609271e+00 2.958155948026589765e+00 -3.044959346903367781e+00 -4.840044318774877397e+00 5.364745084631906968e-02 4.873200266809040393e+00 2.958155948025894766e+00 -3.044959346908227893e+00 -4.840044318777183108e+00 5.364745084974868738e-02 4.873200266813471515e+00 2.958155948025203763e+00 -3.044959346913091558e+00 -4.840044318779493260e+00 5.364745085317787487e-02 4.873200266817899973e+00 2.958155948024511872e+00
-1.884549150276500828e+00 -3.301518827212679863e+00 -1.559016994375492515e-01 3.205166278057355544e+00 2.136803398871501614e+00 -1.884549150279722918e+00 -3.301518827214390051e+00 -1.559016994353856767e-01 3.205166278060403329e+00 2.136803398871219173e+00 -1.884549150282944563e+00 -3.301518827216098018e+00 -1.559016994332226846e-01 3.205166278063451557e+00 2.136803398870940285e+00 -1.884549150286169095e+00 -3.301518827217807761e+00 -1.559016994310599702e-01 3.205166278066497565e+00 2.136803398870660509e+00
-1.791844051963856543e+00 -4.073732422711613843e+00 -7.258610463431954818e-01 3.625125624963219551e+00 2.966311896058269504e+00 -1.791844051967573570e+00 -4.073732422714097190e+00 -7.258610463410147817e-01 3.625125624967050708e+00 2.966311896058454245e+00 -1.791844051971290597e+00 -4.073732422716578760e+00 -7.258610463388348588e-01 3.625125624970883642e+00 2.966311896058642539e+00 -1.791844051975010288e+00 -4.073732422719060331e+00 -7.258610463366553800e-01 3.625125624974712135e+00 2.966311896058829500e+00
-2.899999999993489119e+00 -4.530495168491502689e+00 1.000000000001251971e-01 4.592298567367823381e+00 2.738196601119845752e+00 -2.899999999998063238e+00 -4.530495168493630764e+00 1.000000000033818837e-01 4.592298567371964069e+00 2.738196601119145424e+00 -2.900000000002636469e+00 -4.530495168495755287e+00 1.000000000066377792e-01 4.592298567376105645e+00 2.738196601118449092e+00 -2.900000000007213252e+00 -4.530495168497881586e+00 1.000000000098933001e-01 4.592298567380244556e+00 2.738196601117751872e+00
-2.813196601118086448e+00 -4.757749417085571864e+00 -1.272542485942172730e-01 4.679101966242872557e+00 3.019098300558032744e+00 -2.813196601122776919e+00 -4.757749417087969057e+00 -1.272542485910100885e-01 4.679101966247251276e+00 3.019098300557528702e+00 -2.813196601127466945e+00 -4.757749417090361810e+00 -1.272542485878037644e-01 4.679101966251631772e+00 3.019098300557029102e+00 -2.813196601132160968e+00 -4.757749417092758115e+00 -1.272542485845978844e-01 4.679101966256008716e+00 3.019098300556529058e+00
