-2.050000000004251532e+00 -1.649999999997416200e+00 2.050000000003708855e+00 1.649999999998442268e+00 -2.050000000003166623e+00 -1.649999999999469669e+00 2.050000000002624390e+00 1.650000000000495071e+00 -2.050000000002081268e+00 -1.650000000001522249e+00 2.050000000001538147e+00 1.650000000002549649e+00 -2.050000000000997691e+00 -1.650000000003577050e+00 2.050000000000454126e+00 1.650000000004604228e+00 -2.049999999999911005e+00 -1.650000000005624079e+00 2.049999999999367439e+00 1.650000000006651257e+00
-2.500000000004332978e+00 -1.599999999996486455e+00 2.500000000003850253e+00 1.599999999997703259e+00 -2.500000000003367084e+00 -1.599999999998920952e+00 2.500000000002884359e+00 1.600000000000137090e+00 -2.500000000002400302e+00 -1.600000000001355449e+00 2.500000000001916689e+00 1.600000000002573586e+00 -2.500000000001435740e+00 -1.600000000003791722e+00 2.500000000000951683e+00 1.600000000005010081e+00 -2.500000000000468070e+00 -1.600000000006219114e+00 2.499999999999984013e+00 1.600000000007437251e+00
-2.000000000003725020e+00 -1.399999999997018296e+00 2.000000000003286704e+00 1.399999999998001510e+00 -2.000000000002848388e+00 -1.399999999998986056e+00 2.000000000002410072e+00 1.399999999999969269e+00 -2.000000000001970868e+00 -1.400000000000953593e+00 2.000000000001532108e+00 1.400000000001938139e+00 -2.000000000001095568e+00 -1.400000000002922906e+00 2.000000000000655920e+00 1.400000000003907452e+00 -2.000000000000217160e+00 -1.400000000004884670e+00 1.999999999999777955e+00 1.400000000005869438e+00
2.850000000006731149e+00 2.799999999996692246e+00 -2.850000000005757705e+00 -2.799999999998160849e+00 2.850000000004784262e+00 2.799999999999631672e+00 -2.850000000003811707e+00 -2.800000000001099831e+00 2.850000000002837375e+00 2.800000000002570211e+00 -2.850000000001862599e+00 -2.800000000004040590e+00 2.850000000000893152e+00 2.800000000005511858e+00 -2.849999999999917932e+00 -2.800000000006982681e+00 2.849999999998943156e+00 2.800000000008442402e+00 -2.849999999997968381e+00 -2.800000000009913226e+00
2.500000000006322942e+00 2.449999999996956834e+00 -2.500000000005471623e+00 -2.449999999998245137e+00 2.500000000004620304e+00 2.449999999999534328e+00 -2.500000000003769429e+00 -2.450000000000822187e+00 2.500000000002917666e+00 2.450000000002111378e+00 -2.500000000002065459e+00 -2.450000000003400569e+00 2.500000000001217693e+00 2.450000000004690648e+00 -2.500000000000365041e+00 -2.450000000005979839e+00 2.499999999999512834e+00 2.450000000007260148e+00 -2.499999999998660183e+00 -2.450000000008549783e+00
5.200000000012112267e+00 5.199999999993835331e+00 -5.200000000010296830e+00 -5.199999999996522959e+00 5.200000000008480505e+00 5.199999999999213252e+00 -5.200000000006666845e+00 -5.200000000001900879e+00 5.200000000004848744e+00 5.200000000004591172e+00 -5.200000000003031531e+00 -5.200000000007282352e+00 5.200000000001222311e+00 5.200000000009973533e+00 -5.199999999999404210e+00 -5.200000000012663826e+00 5.199999999997586109e+00 5.200000000015335466e+00 -5.199999999995768007e+00 -5.200000000018026647e+00
4.700000000013379697e+00 5.649999999994379074e+00 -4.700000000011327117e+00 -5.649999999996886402e+00 4.700000000009274537e+00 5.649999999999399058e+00 -4.700000000007223733e+00 -5.650000000001907274e+00 4.700000000005168488e+00 5.650000000004418155e+00 -4.700000000003114131e+00 -5.650000000006930811e+00 4.700000000001069544e+00 5.650000000009442580e+00 -4.699999999999014300e+00 -5.650000000011955237e+00 4.699999999996959055e+00 5.650000000014449242e+00 -4.699999999994902922e+00 -5.650000000016961899e+00
-1.900000000004102851e+00 -1.549999999997480282e+00 1.900000000003590817e+00 1.549999999998433076e+00 -1.900000000003079226e+00 -1.549999999999386757e+00 1.900000000002567635e+00 1.550000000000339107e+00 -1.900000000002055378e+00 -1.550000000001293010e+00 1.900000000001542677e+00 1.550000000002246692e+00 -1.900000000001033085e+00 -1.550000000003200817e+00 1.900000000000520384e+00 1.550000000004154721e+00 -1.900000000000008127e+00 -1.550000000005101297e+00 1.899999999999495426e+00 1.550000000006055423e+00
-1.000000000002182921e+00 -8.499999999982141841e-01 1.000000000001898703e+00 8.499999999987184474e-01 -1.000000000001614708e+00 -8.499999999992232658e-01 1.000000000001330713e+00 8.499999999997273070e-01 -1.000000000001046052e+00 -8.500000000002323475e-01 1.000000000000761613e+00 8.500000000007371659e-01 -1.000000000000478728e+00 -8.500000000012422063e-01 1.000000000000193845e+00 8.500000000017470247e-01 -9.999999999999094058e-01 -8.500000000022481794e-01 9.999999999996247446e-01 8.500000000027531089e-01
-1.150000000002815881e+00 -1.149999999997872946e+00 1.150000000002414424e+00 1.149999999998467137e+00 -1.150000000002012746e+00 -1.149999999999062217e+00 1.150000000001611733e+00 1.149999999999656408e+00 -1.150000000001209610e+00 -1.150000000000251710e+00 1.150000000000807709e+00 1.150000000000846789e+00 -1.150000000000407585e+00 -1.150000000001441869e+00 1.150000000000005462e+00 1.150000000002036948e+00 -1.149999999999603562e+00 -1.150000000002627809e+00 1.149999999999201439e+00 1.150000000003223111e+00
-7.000000000015200285e+00 -6.399999999990907185e+00 7.000000000013016255e+00 6.399999999994474109e+00 -7.000000000010832224e+00 -6.399999999998045475e+00 7.000000000008649081e+00 6.400000000001612399e+00 -7.000000000006462386e+00 -6.400000000005183765e+00 7.000000000004275691e+00 6.400000000008756018e+00 -7.000000000002099654e+00 -6.400000000012329160e+00 6.999999999999912070e+00 6.400000000015901414e+00 -6.999999999997725375e+00 -6.400000000019447022e+00 6.999999999995537792e+00 6.400000000023019275e+00
-6.550000000013876722e+00 -5.699999999991672617e+00 6.550000000011958257e+00 5.699999999994986410e+00 -6.550000000010038903e+00 -5.699999999998303757e+00 6.550000000008121326e+00 5.700000000001617551e+00 -6.550000000006200196e+00 -5.700000000004935785e+00 6.550000000004279066e+00 5.700000000008253132e+00 -6.550000000002368594e+00 -5.700000000011572254e+00 6.550000000000446576e+00 5.700000000014890489e+00 -6.549999999998525446e+00 -5.700000000018183854e+00 6.549999999996603428e+00 5.700000000021502977e+00
-2.100000000003162004e+00 -1.499999999996879607e+00 2.100000000002688605e+00 1.499999999997914557e+00 -2.100000000002215206e+00 -1.499999999998950839e+00 2.100000000001742251e+00 1.499999999999985567e+00 -2.100000000001268408e+00 -1.500000000001021849e+00 2.100000000000794564e+00 1.500000000002057909e+00 -2.100000000000322942e+00 -1.500000000003094858e+00 2.099999999999848654e+00 1.500000000004130918e+00 -2.099999999999374811e+00 -1.500000000005159650e+00 2.099999999998900524e+00 1.500000000006196155e+00
1.350000000004822454e+00 1.949999999998586864e+00 -1.350000000004091039e+00 -1.949999999999334710e+00 1.350000000003359624e+00 1.950000000000083666e+00 -1.350000000002629097e+00 -1.950000000000831513e+00 1.350000000001897238e+00 1.950000000001580691e+00 -1.350000000001165157e+00 -1.950000000002329426e+00 1.350000000000436629e+00 1.950000000003078604e+00 -1.349999999999704325e+00 -1.950000000003827338e+00 1.349999999998972466e+00 1.950000000004571188e+00 -1.349999999998240163e+00 -1.950000000005320366e+00
-1.700000000003424105e+00 -1.299999999997438094e+00 1.700000000003003553e+00 1.299999999998283196e+00 -1.700000000002583223e+00 -1.299999999999129408e+00 1.700000000002163336e+00 1.299999999999974065e+00 -1.700000000001742562e+00 -1.300000000000820277e+00 1.700000000001321787e+00 1.300000000001666267e+00 -1.700000000000903011e+00 -1.300000000002512701e+00 1.700000000000482014e+00 1.300000000003358913e+00 -1.700000000000061018e+00 -1.300000000004198464e+00 1.699999999999640021e+00 1.300000000005044898e+00
-1.950000000004052936e+00 -1.649999999997067590e+00 1.950000000003501821e+00 1.649999999998050138e+00 -1.950000000002950928e+00 -1.649999999999034017e+00 1.950000000002400480e+00 1.650000000000016342e+00 -1.950000000001848921e+00 -1.650000000001000222e+00 1.950000000001297362e+00 1.650000000001984102e+00 -1.950000000000748690e+00 -1.650000000002968203e+00 1.950000000000196909e+00 1.650000000003952083e+00 -1.949999999999645128e+00 -1.650000000004928857e+00 1.949999999999093347e+00 1.650000000005912959e+00
-1.500000000003471445e+00 -1.299999999998193045e+00 1.500000000003034462e+00 1.299999999998951328e+00 -1.500000000002597256e+00 -1.299999999999710942e+00 1.500000000002160494e+00 1.300000000000469003e+00 -1.500000000001723066e+00 -1.300000000001228395e+00 1.500000000001285194e+00 1.300000000001987788e+00 -1.500000000000849765e+00 -1.300000000002747402e+00 1.500000000000411893e+00 1.300000000003507017e+00 -1.499999999999974465e+00 -1.300000000004260636e+00 1.499999999999536593e+00 1.300000000005020251e+00
-1.100000000002398171e+00 -9.499999999982342569e-01 1.100000000002079092e+00 9.499999999987901456e-01 -1.100000000001760014e+00 -9.499999999993467004e-01 1.100000000001441158e+00 9.499999999999025890e-01 -1.100000000001121636e+00 -9.500000000004591438e-01 1.100000000000802114e+00 9.500000000010156986e-01 -1.100000000000484368e+00 -9.500000000015724755e-01 1.100000000000164624e+00 9.500000000021290303e-01 -1.099999999999845102e+00 -9.500000000026815883e-01 1.099999999999525579e+00 9.500000000032384762e-01
-1.300000000001867884e+00 -6.499999999980740073e-01 1.300000000001695577e+00 6.499999999986914023e-01 -1.300000000001523270e+00 -6.499999999993094635e-01 1.300000000001350964e+00 6.499999999999266365e-01 -1.300000000001178435e+00 -6.500000000005446976e-01 1.300000000001005684e+00 6.500000000011629808e-01 -1.300000000000834044e+00 -6.500000000017811530e-01 1.300000000000661293e+00 6.500000000023993252e-01 -1.300000000000488765e+00 -6.500000000030126124e-01 1.300000000000315792e+00 6.500000000036310066e-01
-1.150000000002549871e+00 -9.499999999980591747e-01 1.150000000002234790e+00 9.499999999986369348e-01 -1.150000000001919931e+00 -9.499999999992150279e-01 1.150000000001605294e+00 9.499999999997925659e-01 -1.150000000001289990e+00 -9.500000000003708811e-01 1.150000000000974687e+00 9.500000000009490853e-01 -1.150000000000660938e+00 -9.500000000015275115e-01 1.150000000000345635e+00 9.500000000021058266e-01 -1.150000000000030331e+00 -9.500000000026798119e-01 1.149999999999715028e+00 9.500000000032583491e-01
