2.143566144657419237e+00 3.880166278063220453e+00 4.134674775250128498e+00 2.809878040718448489e+00 4.118033988744075335e-01 -2.143566144656851247e+00 -3.880166278062771035e+00 -4.134674775249970402e+00 -2.809878040718640335e+00 -4.118033988748758256e-01 2.143566144656283257e+00 3.880166278062320728e+00 4.134674775249810530e+00 2.809878040718831738e+00 4.118033988753510011e-01 -2.143566144655713490e+00 -3.880166278061872198e+00 -4.134674775249652434e+00 -2.809878040719021808e+00 -4.118033988758191821e-01
-1.963196601127208174e+00 -5.583813728907806251e+00 -7.071603799094002163e+00 -5.858281572999366027e+00 -2.407294901686390709e+00 1.963196601126281138e+00 5.583813728906934948e+00 7.071603799093519882e+00 5.858281572999455733e+00 2.407294901687016875e+00 -1.963196601125353435e+00 -5.583813728906061868e+00 -7.071603799093036713e+00 -5.858281572999544551e+00 -2.407294901687654143e+00 1.963196601124423291e+00 5.583813728905192342e+00 7.071603799092555320e+00 5.858281572999631592e+00 2.407294901688279865e+00
-2.392705098314805046e+00 -6.088322226095344014e+00 -7.458407197968985436e+00 -5.979634122155550457e+00 -2.216844051967566731e+00 2.392705098313818723e+00 6.088322226094443401e+00 7.458407197968517366e+00 5.979634122155689901e+00 2.216844051968259954e+00 -2.392705098312832401e+00 -6.088322226093541900e+00 -7.458407197968047520e+00 -5.979634122155828457e+00 -2.216844051968965168e+00 2.392705098311842971e+00 6.088322226092643952e+00 7.458407197967578561e+00 5.979634122155966125e+00 2.216844051969658835e+00
5.218566144660043093e+00 1.094070209965866880e+01 1.248386171337522832e+01 9.258610463436319549e+00 2.496884705060535392e+00 -5.218566144658360884e+00 -1.094070209965723528e+01 -1.248386171337459594e+01 -9.258610463436722782e+00 -2.496884705061820142e+00 5.218566144656677785e+00 1.094070209965579998e+01 1.248386171337396000e+01 9.258610463437126015e+00 2.496884705063125764e+00 -5.218566144654990246e+00 -1.094070209965437002e+01 -1.248386171337332584e+01 -9.258610463437525695e+00 -2.496884705064410959e+00
5.251722092691141874e+00 1.085164445218982010e+01 1.230660746478142897e+01 9.060864712030072710e+00 2.354179606748133757e+00 -5.251722092689480093e+00 -1.085164445218841323e+01 -1.230660746478081791e+01 -9.060864712030486601e+00 -2.354179606749411846e+00 5.251722092687819199e+00 1.085164445218700457e+01 1.230660746478020506e+01 9.060864712030896939e+00 2.354179606750709475e+00 -5.251722092686151200e+00 -1.085164445218560303e+01 -1.230660746477959044e+01 -9.060864712031305501e+00 -2.354179606751987563e+00
2.855369543533385457e+00 6.291437521032728242e+00 7.324390203594066229e+00 5.559674775249447087e+00 1.671352549155197043e+00 -2.855369543532404020e+00 -6.291437521031874702e+00 -7.324390203593669213e+00 -5.559674775249654921e+00 -1.671352549155929568e+00 2.855369543531421694e+00 6.291437521031020275e+00 7.324390203593269533e+00 5.559674775249861867e+00 1.671352549156674083e+00 -2.855369543530437149e+00 -6.291437521030169400e+00 -7.324390203592872517e+00 -5.559674775250067036e+00 -1.671352549157407053e+00
-1.143237254220796917e+00 -4.719756081439038908e+00 -6.493488504156645469e+00 -5.786929023843294217e+00 -2.869959346905260666e+00 1.143237254219962473e+00 4.719756081438197803e+00 6.493488504156120555e+00 5.786929023843283559e+00 2.869959346905767816e+00 -1.143237254219128030e+00 -4.719756081437355810e+00 -6.493488504155595642e+00 -5.786929023843272901e+00 -2.869959346906284736e+00 1.143237254218291143e+00 4.719756081436518258e+00 6.493488504155071617e+00 5.786929023843261355e+00 2.869959346906791886e+00
8.315594803140358149e-02 4.463525491564141467e-01 6.390576474688378639e-01 5.876644452187296253e-01 3.118033988749377983e-01 -8.315594803132225765e-02 -4.463525491563296588e-01 -6.390576474687824637e-01 -5.876644452187246292e-01 -3.118033988749847607e-01 8.315594803124090606e-02 4.463525491562450043e-01 6.390576474687271746e-01 5.876644452187195222e-01 3.118033988750326113e-01 -8.315594803115927691e-02 -4.463525491561607383e-01 -6.390576474686721076e-01 -5.876644452187143042e-01 -3.118033988750795182e-01
-8.704915028142392597e-01 -3.890779740157650934e+00 -5.424922359500373048e+00 -4.886929023843366693e+00 -2.482294901686712407e+00 8.704915028135447042e-01 3.890779740156943944e+00 5.424922359499923630e+00 4.886929023843347153e+00 2.482294901687127187e+00 -8.704915028128495935e-01 -3.890779740156234734e+00 -5.424922359499475100e+00 -4.886929023843325837e+00 -2.482294901687550848e+00 8.704915028121525955e-01 3.890779740155529964e+00 5.424922359499026570e+00 4.886929023843304520e+00 2.482294901687965627e+00
-1.690983005630936065e-01 -1.334016994375453180e+00 -1.989386537906379981e+00 -1.884878040718599435e+00 -1.060410196624685719e+00 1.690983005628428071e-01 1.334016994375184728e+00 1.989386537906196795e+00 1.884878040718570791e+00 1.060410196624822499e+00 -1.690983005625918967e-01 -1.334016994374915610e+00 -1.989386537906013386e+00 -1.884878040718542591e+00 -1.060410196624962387e+00 1.690983005623400981e-01 1.334016994374648046e+00 1.989386537905830643e+00 1.884878040718513725e+00 1.060410196625099166e+00
-2.009549150283259866e+00 -5.463322226095110423e+00 -6.830291903031454837e+00 -5.588322226093174194e+00 -2.211803398873987803e+00 2.009549150282361474e+00 5.463322226094275536e+00 6.830291903031003642e+00 5.588322226093276335e+00 2.211803398874603754e+00 -2.009549150281462637e+00 -5.463322226093437983e+00 -6.830291903030550671e+00 -5.588322226093378475e+00 -2.211803398875230808e+00 2.009549150280561580e+00 5.463322226092604872e+00 6.830291903030100364e+00 5.588322226093479728e+00 2.211803398875847204e+00
7.227583139036365623e+00 1.513320393250324791e+01 1.725845518243774990e+01 1.279156314599830679e+01 3.438728757028574279e+00 -7.227583139034038595e+00 -1.513320393250126905e+01 -1.725845518243687593e+01 -1.279156314599886635e+01 -3.438728757030352412e+00 7.227583139031712456e+00 1.513320393249928308e+01 1.725845518243599486e+01 1.279156314599942412e+01 3.438728757032158079e+00 -7.227583139029379211e+00 -1.513320393249730778e+01 -1.725845518243512089e+01 -1.279156314599997657e+01 -3.438728757033936212e+00
-4.960236587205875125e-01 -3.804837387626471390e+00 -5.660332556125440284e+00 -5.353773075812200410e+00 -3.002254248592949537e+00 4.960236587198734171e-01 3.804837387625709333e+00 5.660332556124920700e+00 5.353773075812122251e+00 3.002254248593340336e+00 -4.960236587191593216e-01 -3.804837387624944167e+00 -5.660332556124401115e+00 -5.353773075812043203e+00 -3.002254248593739572e+00 4.960236587184423396e-01 3.804837387624184331e+00 5.660332556123883307e+00 5.353773075811963267e+00 3.002254248594130370e+00
-2.796352549158947376e+00 -7.265044318783107080e+00 -8.958736088406567433e+00 -7.230495168499253111e+00 -2.740450849717399606e+00 2.796352549157764322e+00 7.265044318782022614e+00 8.958736088405995446e+00 7.230495168499410319e+00 2.740450849718224280e+00 -2.796352549156581713e+00 -7.265044318780933708e+00 -8.958736088405421683e+00 -7.230495168499565750e+00 -2.740450849719063608e+00 2.796352549155394662e+00 7.265044318779851018e+00 8.958736088404849696e+00 7.230495168499720293e+00 2.740450849719888282e+00
-5.887287570329562403e-01 -3.651189936782608392e+00 -5.319020660062923511e+00 -4.955166278062234753e+00 -2.698606797749253605e+00 5.887287570322821129e-01 3.651189936781899625e+00 5.319020660062451000e+00 4.955166278062177021e+00 2.698606797749633301e+00 -5.887287570316075414e-01 -3.651189936781187750e+00 -5.319020660061977601e+00 -4.955166278062120178e+00 -2.698606797750021435e+00 5.887287570309309714e-01 3.651189936780480316e+00 5.319020660061505978e+00 4.955166278062062446e+00 2.698606797750400688e+00
-1.100532155908365617e+00 -5.073403532282894979e+00 -7.108407197969195401e+00 -6.428240919905846340e+00 -3.292705098311580425e+00 1.100532155907456566e+00 5.073403532281965944e+00 7.108407197968602098e+00 6.428240919905814366e+00 3.292705098312119993e+00 -1.100532155906546850e+00 -5.073403532281035133e+00 -7.108407197968008795e+00 -6.428240919905782391e+00 -3.292705098312670664e+00 1.100532155905634468e+00 5.073403532280107875e+00 7.108407197967417268e+00 6.428240919905748640e+00 3.292705098313210677e+00
-2.464589803377622790e+00 -6.830495168501771630e+00 -8.587383539250293296e+00 -7.064183272436806327e+00 -2.842705098311185452e+00 2.464589803376494359e+00 6.830495168500718250e+00 8.587383539249717757e+00 7.064183272436927119e+00 2.842705098311954170e+00 -2.464589803375366373e+00 -6.830495168499662206e+00 -8.587383539249142217e+00 -7.064183272437046135e+00 -2.842705098312736212e+00 2.464589803374234389e+00 6.830495168498611491e+00 8.587383539248566677e+00 7.064183272437163374e+00 2.842705098313504486e+00
-2.489589803377501909e+00 -6.642830723282970418e+00 -8.258736088406498865e+00 -6.720084971874332069e+00 -2.614589803373807975e+00 2.489589803376414334e+00 6.642830723281963223e+00 8.258736088405960629e+00 6.720084971874463520e+00 2.614589803374559374e+00 -2.489589803375325872e+00 -6.642830723280955141e+00 -8.258736088405420617e+00 -6.720084971874595858e+00 -2.614589803375324095e+00 2.489589803374234744e+00 6.642830723279951499e+00 8.258736088404882381e+00 6.720084971874725532e+00 2.614589803376075494e+00
2.317627457804123381e-01 -1.593566144656954009e+00 -2.810206931156500332e+00 -2.953444185374860531e+00 -1.968566144655860661e+00 -2.317627457807543978e-01 1.593566144656546335e+00 2.810206931156182808e+00 2.953444185374754394e+00 1.968566144656005434e+00 2.317627457810966796e-01 -1.593566144656137773e+00 -2.810206931155866172e+00 -2.953444185374648256e+00 -1.968566144656154648e+00 -2.317627457814401826e-01 1.593566144655731875e+00 2.810206931155549537e+00 2.953444185374541675e+00 1.968566144656299866e+00
-3.622213595502769667e+00 -8.027708764001770803e+00 -9.366892036437649338e+00 -7.128240919905340256e+00 -2.166844051967294238e+00 3.622213595501514671e+00 8.027708764000678343e+00 9.366892036437137747e+00 7.128240919905602269e+00 2.166844051968228158e+00 -3.622213595500259675e+00 -8.027708763999582331e+00 -9.366892036436626157e+00 -7.128240919905861617e+00 -2.166844051969177620e+00 3.622213595499001126e+00 8.027708763998491648e+00 9.366892036436112789e+00 7.128240919906120965e+00 2.166844051970111540e+00
