-1.977786404504234818e+00 -8.156541151831473435e-01 2.481888370750374939e+00 -7.182372542223275369e-01 -2.037993335654651350e+00 1.977786404501360007e+00 8.156541151862445327e-01 -2.481888370749416151e+00 7.182372542186349351e-01 2.037993335655972515e+00 -1.977786404498485640e+00 -8.156541151893451636e-01 2.481888370748458250e+00 -7.182372542149422223e-01 -2.037993335657295901e+00 1.977786404495611272e+00 8.156541151924455724e-01 -2.481888370747499906e+00 7.182372542112579472e-01 2.037993335658625060e+00
-2.353647450846228839e+00 -2.456947682764998309e-01 2.505495168498653502e+00 -1.302786404502860762e+00 -1.700328890435034213e+00 2.353647450843910693e+00 2.456947682801038368e-01 -2.505495168498564240e+00 1.302786404499198358e+00 1.700328890437205365e+00 -2.353647450841591660e+00 -2.456947682837109515e-01 2.505495168498474090e+00 -1.302786404495536177e+00 -1.700328890439379403e+00 2.353647450839273958e+00 2.456947682873182881e-01 -2.505495168498385716e+00 1.302786404491881767e+00 1.700328890441560992e+00
-1.723277907315157620e+00 -4.420473174339744071e-01 1.996478174124559635e+00 -7.918440519712121040e-01 -1.507091636217098518e+00 1.723277907313061519e+00 4.420473174366426616e-01 -1.996478174124113769e+00 7.918440519682659051e-01 1.507091636218471642e+00 -1.723277907310965196e+00 -4.420473174393135807e-01 1.996478174123667904e+00 -7.918440519653197063e-01 -1.507091636219846986e+00 1.723277907308869317e+00 4.420473174419846107e-01 -1.996478174123222926e+00 7.918440519623800578e-01 1.507091636221227215e+00
2.847745751411840942e+00 1.236019993025377461e+00 -3.611648117874791897e+00 9.961012992238624797e-01 2.996023658716592930e+00 -2.847745751407607884e+00 -1.236019993029843889e+00 3.611648117873322406e+00 -9.961012992184836712e-01 -2.996023658718444782e+00 2.847745751403375269e+00 1.236019993034315201e+00 -3.611648117871853358e+00 9.961012992131041965e-01 2.996023658720300187e+00 -2.847745751399142655e+00 -1.236019993038786513e+00 3.611648117870384311e+00 -9.961012992077374895e-01 -2.996023658722162253e+00
2.689589803380199928e+00 9.337657444317826183e-01 -3.266688770968451561e+00 1.085158946692534654e+00 2.596023658716609006e+00 -2.689589803376557509e+00 -9.337657444359747094e-01 3.266688770967402178e+00 -1.085158946687690529e+00 -2.596023658718551452e+00 2.689589803372914645e+00 9.337657444401711304e-01 -3.266688770966352795e+00 1.085158946682845738e+00 2.596023658720496119e+00 -2.689589803369273113e+00 -9.337657444443675514e-01 3.266688770965304744e+00 -1.085158946678012271e+00 -2.596023658722448335e+00
4.966844051977764352e+00 2.032246917208868631e+00 -6.222841720343122773e+00 1.813680772570644750e+00 5.101925358152487711e+00 -4.966844051970568330e+00 -2.032246917216645077e+00 6.222841720340738902e+00 -1.813680772561387711e+00 -5.101925358155820156e+00 4.966844051963374085e+00 2.032246917224429517e+00 -6.222841720338355032e+00 1.813680772552130227e+00 5.101925358159157042e+00 -4.966844051956180728e+00 -2.032246917232213512e+00 6.222841720335972937e+00 -1.813680772542894060e+00 -5.101925358162508140e+00
4.893237254228412603e+00 2.132246917207861081e+00 -6.211038321468089762e+00 1.706385870884130629e+00 5.156433855339237482e+00 -4.893237254221126875e+00 -2.132246917215536719e+00 6.211038321465552237e+00 -1.706385870874879362e+00 -5.156433855342411832e+00 4.893237254213840259e+00 2.132246917223221239e+00 -6.211038321463015599e+00 1.706385870865627652e+00 5.156433855345592399e+00 -4.893237254206556308e+00 -2.132246917230904426e+00 6.211038321460479850e+00 -1.706385870856397480e+00 -5.156433855348786288e+00
-2.146884705065462029e+00 -4.015964677141731776e-01 2.395084971874176016e+00 -1.078647450846788924e+00 -1.728444185372729036e+00 2.146884705063077270e+00 4.015964677174806430e-01 -2.395084971873836732e+00 1.078647450843269073e+00 1.728444185374562903e+00 -2.146884705060692511e+00 -4.015964677207911060e-01 2.395084971873497892e+00 -1.078647450839749444e+00 -1.728444185376399433e+00 2.146884705058308196e+00 4.015964677241017355e-01 -2.395084971873159940e+00 1.078647450836237365e+00 1.728444185378242182e+00
-7.100813061885548061e-01 -1.505321559046364222e-01 8.031152949372276639e-01 -3.458203932510113265e-01 -5.893865379053392362e-01 7.100813061877392363e-01 1.505321559057323511e-01 -8.031152949370899963e-01 3.458203932498292721e-01 5.893865379059309850e-01 -7.100813061869234444e-01 -1.505321559068293347e-01 8.031152949369519956e-01 -3.458203932486472176e-01 -5.893865379065238441e-01 7.100813061861079856e-01 1.505321559079262905e-01 -8.031152949368144389e-01 3.458203932474677722e-01 5.893865379071188126e-01
-9.505321559060859737e-01 2.444271910018697702e-01 7.994678440922777796e-01 -7.385254915629898553e-01 -3.430339887484514794e-01 9.505321559056725267e-01 -2.444271910004531811e-01 -7.994678440927398544e-01 7.385254915618579830e-01 3.430339887496119955e-01 -9.505321559052586355e-01 2.444271909990354819e-01 7.994678440932015961e-01 -7.385254915607259996e-01 -3.430339887507740659e-01 9.505321559048450775e-01 -2.444271909976176715e-01 -7.994678440936641151e-01 7.385254915595962366e-01 3.430339887519393560e-01
-6.403115294947864911e+00 -2.235362212143060745e+00 7.784645119217189269e+00 -2.575813061884836497e+00 -6.192705098306847233e+00 6.403115294939174973e+00 2.235362212153042538e+00 -7.784645119214673947e+00 2.575813061873291065e+00 6.192705098311459544e+00 -6.403115294930485035e+00 -2.235362212163034545e+00 7.784645119212158626e+00 -2.575813061861744746e+00 -6.192705098316079848e+00 6.403115294921795986e+00 2.235362212173026109e+00 -7.784645119209644193e+00 2.575813061850225072e+00 6.192705098320717916e+00
-6.100000000011140067e+00 -2.402206264112320078e+00 7.584645119218165199e+00 -2.285362212166343276e+00 -6.172213595494993932e+00 6.100000000002446576e+00 2.402206264121860446e+00 -7.584645119215372766e+00 2.285362212155068740e+00 6.172213595499163930e+00 -6.099999999993753086e+00 -2.402206264131410141e+00 7.584645119212580333e+00 -2.285362212143793759e+00 -6.172213595503339256e+00 6.099999999985060484e+00 2.402206264140959835e+00 -7.584645119209790565e+00 2.285362212132545423e+00 6.172213595507532347e+00
-1.206966011253291615e+00 -9.847524157474103479e-01 1.815576474688001651e+00 -1.373355547835501400e-01 -1.730698433967767347e+00 1.206966011250796722e+00 9.847524157493555697e-01 -1.815576474686710462e+00 1.373355547808048360e-01 1.730698433968171912e+00 -1.206966011248301829e+00 -9.847524157513032339e-01 1.815576474685419939e+00 -1.373355547780593655e-01 -1.730698433968577143e+00 1.206966011245807158e+00 9.847524157532504541e-01 -1.815576474684128971e+00 1.373355547753206118e-01 1.730698433968985261e+00
1.573606797753332120e+00 6.821692767152123249e-01 -1.995210596843635775e+00 5.509386868470311782e-01 1.654711762654979434e+00 -1.573606797750994435e+00 -6.821692767176802397e-01 1.995210596842825312e+00 -5.509386868440595553e-01 -1.654711762656003282e+00 1.573606797748656749e+00 6.821692767201509300e-01 -1.995210596842014406e+00 5.509386868410879323e-01 1.654711762657028906e+00 -1.573606797746319286e+00 -6.821692767226215093e-01 1.995210596841203943e+00 -5.509386868381231928e-01 -1.654711762658058971e+00
-1.736803398876761273e+00 -1.533185604025539828e-01 1.831559480311404586e+00 -9.786474508459224175e-01 -1.226722092685503362e+00 1.736803398875093052e+00 1.533185604052101358e-01 -1.831559480311379051e+00 9.786474508432483344e-01 1.226722092687128507e+00 -1.736803398873424609e+00 -1.533185604078688979e-01 1.831559480311353294e+00 -9.786474508405742512e-01 -1.226722092688756094e+00 1.736803398871756610e+00 1.533185604105275490e-01 -1.831559480311328425e+00 9.786474508379057191e-01 1.226722092690388788e+00
-1.927254248596556696e+00 -4.974168609643248029e-01 2.234674775249219980e+00 -8.836881039404697047e-01 -1.688525491560266989e+00 1.927254248594207908e+00 4.974168609673094155e-01 -2.234674775248717271e+00 8.836881039371717872e-01 1.688525491561800207e+00 -1.927254248591858898e+00 -4.974168609702968036e-01 2.234674775248214562e+00 -8.836881039338737587e-01 -1.688525491563335645e+00 1.927254248589510333e+00 4.974168609732842472e-01 -2.234674775247712297e+00 8.836881039305830576e-01 1.688525491564876857e+00
-1.766844051972212837e+00 -6.283185604022198945e-01 2.155166278062563556e+00 -7.036474508468613109e-01 -1.720288237342093574e+00 1.766844051969797436e+00 6.283185604049755790e-01 -2.155166278061853014e+00 7.036474508436638686e-01 1.720288237343357007e+00 -1.766844051967382256e+00 -6.283185604077339281e-01 2.155166278061142027e+00 -7.036474508404663153e-01 -1.720288237344622440e+00 1.766844051964967077e+00 6.283185604104922772e-01 -2.155166278060431484e+00 7.036474508372759784e-01 1.720288237345892757e+00
-1.130040653095045089e+00 -1.482779073099498302e-01 1.221681439593051532e+00 -6.067627457827533544e-01 -8.466814395922847014e-01 1.130040653093886016e+00 1.482779073116835544e-01 -1.221681439592964491e+00 6.067627457809644520e-01 8.466814395933019988e-01 -1.130040653092726721e+00 -1.482779073134189163e-01 1.221681439592877449e+00 -6.067627457791755496e-01 -8.466814395943208504e-01 1.130040653091567648e+00 1.482779073151543059e-01 -1.221681439592790852e+00 6.067627457773904220e-01 8.466814395953431438e-01
-1.258688103939020086e+00 -1.446304564661563541e-01 1.348074641843251209e+00 -6.885254915640344198e-01 -9.225424859361663898e-01 1.258688103937760205e+00 1.446304564680851446e-01 -1.348074641843184374e+00 6.885254915620626637e-01 9.225424859373163589e-01 -1.258688103936500102e+00 -1.446304564700157114e-01 1.348074641843117094e+00 -6.885254915600906855e-01 -9.225424859384683263e-01 1.258688103935240221e+00 1.446304564719463892e-01 -1.348074641843050481e+00 6.885254915581231483e-01 9.225424859396238464e-01
-9.513932022513710285e-01 -1.836881039353148448e-01 1.064918693812174189e+00 -4.744678440951450860e-01 -7.716814395926187009e-01 9.513932022503055475e-01 1.836881039367811719e-01 -1.064918693812015649e+00 4.744678440935795605e-01 7.716814395934267212e-01 -9.513932022492400664e-01 -1.836881039382488590e-01 1.064918693811857109e+00 -4.744678440920139240e-01 -7.716814395942357407e-01 9.513932022481748074e-01 1.836881039397166016e-01 -1.064918693811698791e+00 4.744678440904518402e-01 7.716814395950477579e-01
