2.814386537901429453e+00 9.934405196858979714e-01 -3.428366544869266175e+00 1.125406530935767480e+00 2.732827057590805797e+00 -2.814386537902255014e+00 -9.934405196880148337e-01 3.428366544871402688e+00 -1.125406530934967231e+00 -2.732827057593437026e+00 2.814386537903081020e+00 9.934405196901413548e-01 -3.428366544873539201e+00 1.125406530934172311e+00 2.732827057596065590e+00 -2.814386537903910135e+00 -9.934405196922566628e-01 3.428366544875675714e+00 -1.125406530933365845e+00 -2.732827057598692821e+00
2.563525491558491964e+00 1.446555814622609848e+00 -3.457546151619543373e+00 6.903252247489684024e-01 3.030901699434188856e+00 -2.563525491558981795e+00 -1.446555814624951530e+00 3.457546151621483155e+00 -6.903252247478217640e-01 -3.030901699436836960e+00 2.563525491559471625e+00 1.446555814627302317e+00 -3.457546151623423381e+00 6.903252247466808988e-01 3.030901699439482844e+00 -2.563525491559965452e+00 -1.446555814629642445e+00 3.457546151625363606e+00 -6.903252247455278212e-01 -3.030901699442127395e+00
-5.800125624958241133e+00 -1.693643785151717651e+00 6.846855049018284234e+00 -2.537945351184317300e+00 -5.278318560398521875e+00 5.800125624960114301e+00 1.693643785155810155e+00 -6.846855049022691375e+00 2.537945351182941067e+00 5.278318560403779891e+00 -5.800125624961987469e+00 -1.693643785159922643e+00 6.846855049027098516e+00 -2.537945351181574161e+00 -5.278318560409032578e+00 5.800125624963866855e+00 1.693643785164012261e+00 -6.846855049031505658e+00 2.537945351180186382e+00 5.278318560414281713e+00
1.081433855340885319e+00 -4.801662780623222604e-01 -7.846747752471503468e-01 9.651219592797861679e-01 1.881966011236388403e-01 -1.081433855341619843e+00 4.801662780621666626e-01 7.846747752479811266e-01 -9.651219592801432157e-01 -1.881966011242497405e-01 1.081433855342354589e+00 -4.801662780620080118e-01 -7.846747752488114624e-01 9.651219592805009295e-01 1.881966011248589199e-01 -1.081433855343088668e+00 4.801662780618528581e-01 7.846747752496416872e-01 -9.651219592808570891e-01 -1.881966011254678772e-01
-2.186803398871470794e+00 -1.391186271090874893e+00 3.046603799088255737e+00 -4.917184269995809043e-01 -2.742705098308678480e+00 2.186803398871812298e+00 1.391186271092992088e+00 -3.046603799089909081e+00 4.917184269984815614e-01 2.742705098311010392e+00 -2.186803398872154691e+00 -1.391186271095117721e+00 3.046603799091562426e+00 -4.917184269973873811e-01 -2.742705098313340972e+00 2.186803398872500193e+00 1.391186271097233806e+00 -3.046603799093215770e+00 4.917184269962824317e-01 2.742705098315669776e+00
-2.057294901684634247e+00 -1.336677773903986122e+00 2.883407197964217961e+00 -4.453658778433841614e-01 -2.608155948028325177e+00 2.057294901684942445e+00 1.336677773905999400e+00 -2.883407197965772273e+00 4.453658778423284503e-01 2.608155948030532301e+00 -2.057294901685250199e+00 -1.336677773908020228e+00 2.883407197967327917e+00 -4.453658778412776242e-01 -2.608155948032737204e+00 2.057294901685561950e+00 1.336677773910032396e+00 -2.883407197968882674e+00 4.453658778402165286e-01 2.608155948034941662e+00
4.156433855337004601e+00 9.342979003409623839e-01 -4.733861713366309232e+00 1.991389536560532303e+00 3.503115294932359625e+00 -4.156433855338481642e+00 -9.342979003436817642e-01 4.733861713369471147e+00 -1.991389536559760920e+00 -3.503115294935998048e+00 4.156433855339959571e+00 9.342979003464155774e-01 -4.733861713372632174e+00 1.991389536558997087e+00 3.503115294939632030e+00 -4.156433855341441053e+00 -9.342979003491330703e-01 4.733861713375793201e+00 -1.991389536558218154e+00 -3.503115294943264679e+00
3.798277907306100598e+00 1.348355547809765742e+00 -4.631607464772818261e+00 1.514135287966779098e+00 3.695820393245027979e+00 -3.798277907307211265e+00 -1.348355547812628341e+00 4.631607464775702176e+00 -1.514135287965693077e+00 -3.695820393248582025e+00 3.798277907308321932e+00 1.348355547815504263e+00 -4.631607464778586092e+00 1.514135287964614385e+00 3.695820393252132963e+00 -3.798277907309437484e+00 -1.348355547818364863e+00 4.631607464781469119e+00 -1.514135287963520149e+00 -3.695820393255682568e+00
1.569630456464827351e+00 5.335624789678895530e-01 -1.899390203588966708e+00 6.403252247483558479e-01 1.503647450841097521e+00 -1.569630456465297863e+00 -5.335624789690545100e-01 1.899390203590158421e+00 -6.403252247479251924e-01 -1.503647450842555466e+00 1.569630456465768376e+00 5.335624789702249071e-01 -1.899390203591350357e+00 6.403252247474975345e-01 1.503647450844011857e+00 -1.569630456466240664e+00 -5.335624789713889760e-01 1.899390203592542070e+00 -6.403252247470637704e-01 -1.503647450845467581e+00
-1.981762745777772228e+00 -1.030243918560367122e+00 2.618488504151342600e+00 -5.880709761555211745e-01 -2.255040653090603087e+00 1.981762745778194112e+00 1.030243918562109950e+00 -2.618488504152843177e+00 5.880709761547027181e-01 2.255040653092609482e+00 -1.981762745778615331e+00 -1.030243918563860106e+00 2.618488504154344199e+00 -5.880709761538884806e-01 -2.255040653094614100e+00 1.981762745779039658e+00 1.030243918565602046e+00 -2.618488504155845220e+00 5.880709761530651392e-01 2.255040653096617831e+00
-3.081559480307251020e-01 2.786474508434414465e-01 1.359423525310660963e-01 -3.626644452183154788e-01 8.819660112490788906e-02 3.081559480310031018e-01 -2.786474508435052844e-01 -1.359423525313044612e-01 3.626644452185265877e-01 -8.819660112479960068e-02 -3.081559480312811017e-01 2.786474508435684005e-01 1.359423525315425485e-01 -3.626644452187376411e-01 8.819660112469200619e-02 3.081559480315587130e-01 -2.786474508436324049e-01 -1.359423525317806913e-01 3.626644452189486945e-01 -8.819660112458439782e-02
-1.429508497185443261e+00 -1.934220259840357059e+00 2.624922359495596158e+00 3.119290238432421702e-01 -2.817705098308910472e+00 1.429508497185170590e+00 1.934220259842523104e+00 -2.624922359496665081e+00 -3.119290238447510744e-01 2.817705098310910650e+00 -1.429508497184897697e+00 -1.934220259844695589e+00 2.624922359497734892e+00 3.119290238462548714e-01 -2.817705098312910827e+00 1.429508497184629690e+00 1.934220259846861190e+00 -2.624922359498804703e+00 -3.119290238477689936e-01 2.817705098314909673e+00
-2.809016994368499498e-01 -2.159830056245072849e-01 4.143865379052028008e-01 -4.012195928121073396e-02 -3.895898033742810074e-01 2.809016994368758180e-01 2.159830056248077113e-01 -4.143865379054146869e-01 4.012195928104078657e-02 3.895898033745978650e-01 -2.809016994369016862e-01 -2.159830056251092201e-01 4.143865379056266840e-01 -4.012195928087154695e-02 -3.895898033749145561e-01 2.809016994369281095e-01 2.159830056254095076e-01 -4.143865379058386256e-01 4.012195928070078077e-02 3.895898033752310807e-01
-2.065450849715362747e+00 -7.116777739045051510e-01 2.505291903026646949e+00 -8.366777739054458429e-01 -1.988196601122179885e+00 2.065450849715977366e+00 7.116777739060453634e-01 -2.505291903028215028e+00 8.366777739048719686e-01 1.988196601124102791e+00 -2.065450849716591541e+00 -7.116777739075927922e-01 2.505291903029783107e+00 -8.366777739043019801e-01 -1.988196601126023921e+00 2.065450849717208825e+00 7.116777739091320054e-01 -2.505291903031351186e+00 8.366777739037236650e-01 1.988196601127943497e+00
5.047416860959949680e+00 1.716796067496582534e+00 -6.108455182426065555e+00 2.058436853997140936e+00 4.836271242962133066e+00 -5.047416860961462248e+00 -1.716796067500329315e+00 6.108455182429898933e+00 -2.058436853995755378e+00 -4.836271242966821760e+00 5.047416860962973928e+00 1.716796067504093859e+00 -6.108455182433731423e+00 2.058436853994379589e+00 4.836271242971505124e+00 -5.047416860964492713e+00 -1.716796067507837975e+00 6.108455182437563913e+00 -2.058436853992983817e+00 -4.836271242976186713e+00
-2.228976341277812967e+00 -1.345162612371927358e+00 3.060332556119677694e+00 -5.462269241872462766e-01 -2.722745751402453784e+00 2.228976341278196660e+00 1.345162612374029676e+00 -3.060332556121363901e+00 5.462269241861819058e-01 2.722745751404796799e+00 -2.228976341278580353e+00 -1.345162612376140654e+00 3.060332556123050107e+00 -5.462269241851227530e-01 -2.722745751407138481e+00 2.228976341278967599e+00 1.345162612378242084e+00 -3.060332556124735870e+00 5.462269241840527201e-01 2.722745751409478387e+00
-2.628647450839581623e+00 -1.059955681216497192e+00 3.283736088400465825e+00 -9.695048314990356575e-01 -2.684549150277725005e+00 2.628647450840289057e+00 1.059955681218574863e+00 -3.283736088402460229e+00 9.695048314981864479e-01 2.684549150280244323e+00 -2.628647450840996491e+00 -1.059955681220662083e+00 3.283736088404454190e+00 -9.695048314973422343e-01 -2.684549150282760532e+00 2.628647450841707034e+00 1.059955681222738866e+00 -3.283736088406448150e+00 9.695048314964872516e-01 2.684549150285275854e+00
-1.986271242965838235e+00 -1.023810063216579413e+00 2.619020660058248851e+00 -5.948337219370927187e-01 -2.251393202247224057e+00 1.986271242966264561e+00 1.023810063218319577e+00 -2.619020660059753425e+00 5.948337219362790362e-01 2.251393202249230896e+00 -1.986271242966691331e+00 -1.023810063220067068e+00 2.619020660061257555e+00 -5.948337219354697947e-01 -2.251393202251236403e+00 1.986271242967120765e+00 1.023810063221806121e+00 -2.619020660062762129e+00 5.948337219346513383e-01 2.251393202253240133e+00
-2.274467844090422020e+00 -1.551596467715935734e+00 3.233407197963554580e+00 -4.467590800934001516e-01 -2.957294901684035082e+00 2.274467844090727109e+00 1.551596467718217909e+00 -3.233407197965272317e+00 4.467590800921761307e-01 2.957294901686509103e+00 -2.274467844091031754e+00 -1.551596467720508743e+00 3.233407197966990942e+00 -4.467590800909574389e-01 -2.957294901688981792e+00 2.274467844091340840e+00 1.551596467722789585e+00 -3.233407197968709568e+00 4.467590800897273118e-01 2.957294901691452704e+00
-3.135410196619623502e+00 -5.695048314979730408e-01 3.487383539243366748e+00 -1.585816727560845685e+00 -2.507294901683645882e+00 3.135410196620803447e+00 5.695048314999213712e-01 -3.487383539245752839e+00 1.585816727560368289e+00 2.507294901686327737e+00 -3.135410196621983836e+00 -5.695048315018802487e-01 3.487383539248138931e+00 -1.585816727559896222e+00 -2.507294901689006039e+00 3.135410196623166446e+00 5.695048315038269138e-01 -3.487383539250524578e+00 1.585816727559413053e+00 2.507294901691683009e+00
