2.814386537901380159e+00 9.934405196858242526e-01 -3.428366544869172028e+00 1.125406530935782801e+00 2.732827057590701880e+00 -2.814386537902206165e+00 -9.934405196879411148e-01 3.428366544871307653e+00 -1.125406530934981886e+00 -2.732827057593333109e+00 2.814386537903032171e+00 9.934405196900678581e-01 -3.428366544873444610e+00 1.125406530934187188e+00 2.732827057595961229e+00 -2.814386537903860841e+00 -9.934405196921829440e-01 3.428366544875581123e+00 -1.125406530933380944e+00 -2.732827057598588461e+00
2.563525491558455105e+00 1.446555814622525471e+00 -3.457546151619454555e+00 6.903252247489981563e-01 3.030901699434081387e+00 -2.563525491558944935e+00 -1.446555814624867153e+00 3.457546151621393893e+00 -6.903252247478509629e-01 -3.030901699436729491e+00 2.563525491559435210e+00 1.446555814627218162e+00 -3.457546151623334563e+00 6.903252247467103198e-01 3.030901699439375374e+00 -2.563525491559929037e+00 -1.446555814629558068e+00 3.457546151625274788e+00 -6.903252247455573531e-01 -3.030901699442020369e+00
-5.800125624958134551e+00 -1.693643785151577319e+00 6.846855049018091499e+00 -2.537945351184339060e+00 -5.278318560398314929e+00 5.800125624960007720e+00 1.693643785155669157e+00 -6.846855049022497752e+00 2.537945351182961051e+00 5.278318560403572945e+00 -5.800125624961880888e+00 -1.693643785159782755e+00 6.846855049026904005e+00 -2.537945351181595477e+00 -5.278318560408825633e+00 5.800125624963760274e+00 1.693643785163871485e+00 -6.846855049031312035e+00 2.537945351180206810e+00 5.278318560414076543e+00
1.081433855340853345e+00 -4.801662780623230375e-01 -7.846747752471181503e-01 9.651219592797670721e-01 1.881966011236183567e-01 -1.081433855341588091e+00 4.801662780621674398e-01 7.846747752479489302e-01 -9.651219592801240088e-01 -1.881966011242294234e-01 1.081433855342322836e+00 -4.801662780620086224e-01 -7.846747752487791550e-01 9.651219592804817227e-01 1.881966011248383808e-01 -1.081433855343056916e+00 4.801662780618535242e-01 7.846747752496094908e-01 -9.651219592808378822e-01 -1.881966011254473936e-01
-2.186803398871441928e+00 -1.391186271090797844e+00 3.046603799088179354e+00 -4.917184269996108248e-01 -2.742705098308583445e+00 2.186803398871783877e+00 1.391186271092915039e+00 -3.046603799089832254e+00 4.917184269985109268e-01 2.742705098310914913e+00 -2.186803398872125381e+00 -1.391186271095040672e+00 3.046603799091485598e+00 -4.917184269974169686e-01 -2.742705098313245493e+00 2.186803398872471327e+00 1.391186271097156757e+00 -3.046603799093139386e+00 4.917184269963120191e-01 2.742705098315574741e+00
-2.057294901684607602e+00 -1.336677773903912625e+00 2.883407197964145130e+00 -4.453658778434130827e-01 -2.608155948028235027e+00 2.057294901684915356e+00 1.336677773905925903e+00 -2.883407197965699886e+00 4.453658778423568720e-01 2.608155948030442151e+00 -2.057294901685223554e+00 -1.336677773907946953e+00 2.883407197967255531e+00 -4.453658778413061570e-01 -2.608155948032647053e+00 2.057294901685535304e+00 1.336677773909959122e+00 -2.883407197968810731e+00 4.453658778402450613e-01 2.608155948034851512e+00
4.156433855336923777e+00 9.342979003408706795e-01 -4.733861713366171564e+00 1.991389536560539408e+00 3.503115294932217516e+00 -4.156433855338400818e+00 -9.342979003435899488e-01 4.733861713369333479e+00 -1.991389536559767581e+00 -3.503115294935856383e+00 4.156433855339878747e+00 9.342979003463239840e-01 -4.733861713372494506e+00 1.991389536559003748e+00 3.503115294939489921e+00 -4.156433855341360228e+00 -9.342979003490413659e-01 4.733861713375655533e+00 -1.991389536558224815e+00 -3.503115294943122571e+00
3.798277907306033985e+00 1.348355547809666044e+00 -4.631607464772691252e+00 1.514135287966799970e+00 3.695820393244886759e+00 -3.798277907307144652e+00 -1.348355547812528421e+00 4.631607464775574279e+00 -1.514135287965713283e+00 -3.695820393248441249e+00 3.798277907308255763e+00 1.348355547815404787e+00 -4.631607464778457306e+00 1.514135287964634813e+00 3.695820393251992186e+00 -3.798277907309370871e+00 -1.348355547818265165e+00 4.631607464781341221e+00 -1.514135287963540799e+00 -3.695820393255541791e+00
1.569630456464799595e+00 5.335624789678490298e-01 -1.899390203588913861e+00 6.403252247483638415e-01 1.503647450841039790e+00 -1.569630456465270107e+00 -5.335624789690139869e-01 1.899390203590105575e+00 -6.403252247479328529e-01 -1.503647450842497957e+00 1.569630456465740620e+00 5.335624789701844950e-01 -1.899390203591297288e+00 6.403252247475054171e-01 1.503647450843954125e+00 -1.569630456466212909e+00 -5.335624789713485638e-01 1.899390203592489446e+00 -6.403252247470716529e-01 -1.503647450845409850e+00
-1.981762745777742696e+00 -1.030243918560304728e+00 2.618488504151274210e+00 -5.880709761555416026e-01 -2.255040653090522262e+00 1.981762745778163914e+00 1.030243918562047556e+00 -2.618488504152774787e+00 5.880709761547227021e-01 2.255040653092528657e+00 -1.981762745778585355e+00 -1.030243918563797934e+00 2.618488504154275809e+00 -5.880709761539085756e-01 -2.255040653094533276e+00 1.981762745779010126e+00 1.030243918565539651e+00 -2.618488504155776830e+00 5.880709761530853452e-01 2.255040653096537007e+00
-3.081559480307139443e-01 2.786474508434370612e-01 1.359423525310575753e-01 -3.626644452183059308e-01 8.819660112491044257e-02 3.081559480309918886e-01 -2.786474508435009545e-01 -1.359423525312959680e-01 3.626644452185169842e-01 -8.819660112480218195e-02 -3.081559480312699439e-01 2.786474508435640707e-01 1.359423525315340553e-01 -3.626644452187280376e-01 8.819660112469460134e-02 3.081559480315475552e-01 -2.786474508436280750e-01 -1.359423525317721981e-01 3.626644452189391465e-01 -8.819660112458696521e-02
-1.429508497185439264e+00 -1.934220259840274014e+00 2.624922359495541091e+00 3.119290238431929874e-01 -2.817705098308825207e+00 1.429508497185166593e+00 1.934220259842440282e+00 -2.624922359496610014e+00 -3.119290238447022245e-01 2.817705098310824940e+00 -1.429508497184893701e+00 -1.934220259844612544e+00 2.624922359497679825e+00 3.119290238462059106e-01 -2.817705098312825562e+00 1.429508497184625693e+00 1.934220259846777701e+00 -2.624922359498750080e+00 -3.119290238477200328e-01 2.817705098314823964e+00
-2.809016994368467857e-01 -2.159830056244961827e-01 4.143865379051927533e-01 -4.012195928121566058e-02 -3.895898033742679623e-01 2.809016994368726539e-01 2.159830056247966090e-01 -4.143865379054045839e-01 4.012195928104562992e-02 3.895898033745848199e-01 -2.809016994368985221e-01 -2.159830056250981456e-01 4.143865379056165810e-01 -4.012195928087641805e-02 -3.895898033749014555e-01 2.809016994369249454e-01 2.159830056253984054e-01 -4.143865379058286336e-01 4.012195928070566575e-02 3.895898033752180356e-01
-2.065450849715326775e+00 -7.116777739044516382e-01 2.505291903026577227e+00 -8.366777739054567231e-01 -1.988196601122103946e+00 2.065450849715940951e+00 7.116777739059918506e-01 -2.505291903028144862e+00 8.366777739048822937e-01 1.988196601124026852e+00 -2.065450849716555570e+00 -7.116777739075395015e-01 2.505291903029713385e+00 -8.366777739043124162e-01 -1.988196601125947760e+00 2.065450849717172410e+00 7.116777739090783816e-01 -2.505291903031281908e+00 8.366777739037341011e-01 1.988196601127867336e+00
5.047416860959860863e+00 1.716796067496452638e+00 -6.108455182425895913e+00 2.058436853997166249e+00 4.836271242961947436e+00 -5.047416860961373430e+00 -1.716796067500199197e+00 6.108455182429728403e+00 -2.058436853995780247e+00 -4.836271242966637018e+00 5.047416860962885110e+00 1.716796067503963963e+00 -6.108455182433560893e+00 2.058436853994404903e+00 4.836271242971320383e+00 -5.047416860964403895e+00 -1.716796067507707857e+00 6.108455182437394271e+00 -2.058436853993008686e+00 -4.836271242976001083e+00
-2.228976341277782325e+00 -1.345162612371850974e+00 3.060332556119600422e+00 -5.462269241872746983e-01 -2.722745751402358305e+00 2.228976341278166018e+00 1.345162612373953515e+00 -3.060332556121285741e+00 5.462269241862096614e-01 2.722745751404701764e+00 -2.228976341278549711e+00 -1.345162612376064493e+00 3.060332556122971948e+00 -5.462269241851507307e-01 -2.722745751407043002e+00 2.228976341278937401e+00 1.345162612378165923e+00 -3.060332556124658154e+00 5.462269241840806977e-01 2.722745751409383352e+00
-2.628647450839538102e+00 -1.059955681216424139e+00 3.283736088400377007e+00 -9.695048314990538652e-01 -2.684549150277625085e+00 2.628647450840245092e+00 1.059955681218501811e+00 -3.283736088402370523e+00 9.695048314982039894e-01 2.684549150280143959e+00 -2.628647450840952082e+00 -1.059955681220589252e+00 3.283736088404364928e+00 -9.695048314973599979e-01 -2.684549150282660168e+00 2.628647450841663069e+00 1.059955681222665813e+00 -3.283736088406358888e+00 9.695048314965050151e-01 2.684549150285175045e+00
-1.986271242965808259e+00 -1.023810063216517019e+00 2.619020660058180905e+00 -5.948337219371129247e-01 -2.251393202247143233e+00 1.986271242966234807e+00 1.023810063218257183e+00 -2.619020660059684591e+00 5.948337219362987982e-01 2.251393202249150516e+00 -1.986271242966661132e+00 -1.023810063220004896e+00 2.619020660061189165e+00 -5.948337219354896677e-01 -2.251393202251155135e+00 1.986271242967091011e+00 1.023810063221743727e+00 -2.619020660062693739e+00 5.948337219346713223e-01 2.251393202253159753e+00
-2.274467844090393154e+00 -1.551596467715852246e+00 3.233407197963474200e+00 -4.467590800934343465e-01 -2.957294901683933830e+00 2.274467844090698243e+00 1.551596467718134420e+00 -3.233407197965191493e+00 4.467590800922096594e-01 2.957294901686407851e+00 -2.274467844091003332e+00 -1.551596467720425476e+00 3.233407197966910562e+00 -4.467590800909913007e-01 -2.957294901688880540e+00 2.274467844091311974e+00 1.551596467722705874e+00 -3.233407197968629632e+00 4.467590800897610626e-01 2.957294901691351452e+00
-3.135410196619560885e+00 -5.695048314979083148e-01 3.487383539243263275e+00 -1.585816727560847461e+00 -2.507294901683541521e+00 3.135410196620740830e+00 5.695048314998563121e-01 -3.487383539245649366e+00 1.585816727560369399e+00 2.507294901686223376e+00 -3.135410196621921219e+00 -5.695048315018155227e-01 3.487383539248035902e+00 -1.585816727559897554e+00 -2.507294901688902122e+00 3.135410196623103829e+00 5.695048315037619657e-01 -3.487383539250421993e+00 1.585816727559414163e+00 2.507294901691579092e+00
