-2.215833880450921445e+00 4.455853419379145475e-01 1.692016895193839021e+00 -2.434670497187916727e+00 1.170109929683768923e+00 1.059123776730055644e+00 -2.415184602312962170e+00 1.780096004877303129e+00 3.225562436498287111e-01 -2.159283610982416057e+00 2.215833880455428950e+00 -4.455853419410990002e-01 -1.692016895194601966e+00 2.434670497192000571e+00 -1.170109929687805472e+00 -1.059123776729397948e+00 2.415184602316222673e+00 -1.780096004881796867e+00 -3.225562436478021100e-01 2.159283610984537916e+00
-1.722008466757984912e-01 3.224901404901657775e-01 -2.069090505039551942e-01 -7.925396358606623393e-02 3.000776724672754581e-01 -2.735084972510449797e-01 2.145084965440907654e-02 2.482915110991125718e-01 -3.133350266414445806e-01 1.200559042739409166e-01 1.722008466757812273e-01 -3.224901404906403979e-01 2.069090505045310113e-01 7.925396358586463130e-02 -3.000776724676134100e-01 2.735084972516441115e-01 -2.145084965477522809e-02 -2.482915110992810481e-01 3.133350266420094621e-01 -1.200559042744348270e-01
2.504123723310405225e+00 -3.853881168070705798e-01 -2.051072820375112293e+00 2.796568827196743712e+00 -1.236491006919437030e+00 -1.342986470278144440e+00 2.815266289435918612e+00 -1.966557542135596748e+00 -5.034392473324266204e-01 2.558385872150821694e+00 -2.504123723315650363e+00 3.853881168105759980e-01 2.051072820376235839e+00 -2.796568827201572294e+00 1.236491006923988722e+00 1.342986470277626410e+00 -2.815266289439857239e+00 1.966557542140749293e+00 5.034392473303035409e-01 -2.558385872153490226e+00
2.308059579800521011e+00 -6.621093545333963659e-01 -1.529703351801763533e+00 2.460383495677016086e+00 -1.362650915684125774e+00 -8.584912711533732033e-01 2.371867932496385833e+00 -1.929806711060820135e+00 -1.032440834232613014e-01 2.051177410306741944e+00 -2.308059579804963235e+00 6.621093545368695876e-01 1.529703351802121469e+00 -2.460383495680912969e+00 1.362650915688346842e+00 8.584912711523113860e-01 -2.371867932499355902e+00 1.929806711065376490e+00 1.032440834208701308e-01 -2.051177410308499205e+00
-5.154156367926532312e+00 9.782517682188798247e-01 4.004152443151595797e+00 -5.685415276251343464e+00 2.679454061926903830e+00 2.535528112660568656e+00 -5.660146124718310467e+00 4.118372723200258712e+00 8.187086244372140387e-01 -5.080822433939511384e+00 5.154156367937090977e+00 -9.782517682262410474e-01 -4.004152443153499163e+00 5.685415276260946449e+00 -2.679454061936287879e+00 -2.535528112659149791e+00 5.660146124726018968e+00 -4.118372723210747210e+00 -8.187086244325824103e-01 5.080822433944580219e+00
4.972019777194934265e-01 -4.445397590908920504e-01 2.538585118305869415e-02 4.146969012064334326e-01 -5.128912965842715721e-01 1.882429791164167143e-01 2.915984026399038864e-01 -5.310374604441330249e-01 3.326735726880088451e-01 1.399562207372608280e-01 -4.972019777200649138e-01 4.445397590918784281e-01 -2.538585118364772297e-02 -4.146969012067285854e-01 5.128912965852063799e-01 -1.882429791172202382e-01 -2.915984026398938944e-01 5.310374604449249469e-01 -3.326735726889512579e-01 -1.399562207369483557e-01
-2.438899977270089003e+00 3.678776872186144686e-01 2.006433818881582454e+00 -2.726582104098349557e+00 1.198855681025930098e+00 1.317242726230590577e+00 -2.747367377362502250e+00 1.912481327856220048e+00 4.991107377654586119e-01 -2.499221189695685741e+00 2.438899977275206687e+00 -3.678776872220227978e-01 -2.006433818882692677e+00 2.726582104103065785e+00 -1.198855681030362552e+00 -1.317242726230099858e+00 2.747367377366354280e+00 -1.912481327861243141e+00 -4.991107377634014242e-01 2.499221189698301870e+00
-2.425513270998427728e+00 2.401183528685497670e-01 2.143237217757304691e+00 -2.759644810393561354e+00 1.100919824472583519e+00 1.465435936831223085e+00 -2.823643088171026161e+00 1.853955593098320476e+00 6.441875761145755552e-01 -2.611243506999479269e+00 2.425513271003678195e+00 -2.401183528718401350e-01 -2.143237217758685809e+00 2.759644810398478310e+00 -1.100919824476981113e+00 -1.465435936830974839e+00 2.823643088175128213e+00 -1.853955593103394861e+00 -6.441875761127076050e-01 2.611243507002368069e+00
3.676637618316811018e+00 -7.623379975015402987e-01 -2.780455553930514689e+00 4.030959536012856503e+00 -1.958221581782165988e+00 -1.728932003028623932e+00 3.990703048976790512e+00 -2.962420793906566097e+00 -5.081685414913108545e-01 3.559808742642788459e+00 -3.676637618324260615e+00 7.623379975068422798e-01 2.780455553931730162e+00 -4.030959536019590672e+00 1.958221581788865517e+00 1.728932003027489284e+00 -3.990703048982150669e+00 2.962420793914007699e+00 5.081685414879155704e-01 -3.559808742646256796e+00
3.314331954130430802e+00 -5.673964581828951914e-01 -2.647317413485476667e+00 3.679504725751629568e+00 -1.678199813589525968e+00 -1.706662524096377087e+00 3.684501938198831539e+00 -2.624729278536996002e+00 -5.989476158304347653e-01 3.328834429499745173e+00 -3.314331954137299086e+00 5.673964581875801105e-01 2.647317413486836468e+00 -3.679504725757916539e+00 1.678199813595555145e+00 1.706662524095582167e+00 -3.684501938203920801e+00 2.624729278543779909e+00 5.989476158275437445e-01 -3.328834429503146008e+00
2.137136187064580195e+00 -4.674305340668413189e-01 -1.587638638273708658e+00 2.333811689161519265e+00 -1.155921546760467766e+00 -9.749444131760213184e-01 2.302037442500772357e+00 -1.731262904678553927e+00 -2.668158360787117878e-01 2.044923731729483496e+00 -2.137136187068880311e+00 4.674305340699423938e-01 1.587638638274361469e+00 -2.333811689165389947e+00 1.155921546764364205e+00 9.749444131753154386e-01 -2.302037442503835241e+00 1.731262904682864257e+00 2.668158360767038384e-01 -2.044923731731443706e+00
-2.184684449304243881e+00 4.813008968340322657e-01 1.618881311156379343e+00 -2.384410016653989217e+00 1.184160775259282206e+00 9.923455365730560196e-01 -2.350732918411797989e+00 1.771106746469259585e+00 2.686720667912361193e-01 -2.086949703595550876e+00 2.184684449308635035e+00 -4.813008968372050611e-01 -1.618881311157039038e+00 2.384410016657939391e+00 -1.184160775263265242e+00 -9.923455365723278243e-01 2.350732918414922157e+00 -1.771106746473663618e+00 -2.686720667891785430e-01 2.086949703597546613e+00
7.583192701980547012e-02 1.494263747563034928e-02 -9.339805089689073858e-02 9.485335634450595133e-02 -1.810875708260006878e-02 -7.356523564353047162e-02 1.045898782680068501e-01 -4.938754032648225850e-02 -4.653134256620974907e-02 1.040884141860878159e-01 -7.583192701999827423e-02 -1.494263747554519170e-02 9.339805089698346996e-02 -9.485335634470012933e-02 1.810875708273566170e-02 7.356523564356545752e-02 -1.045898782681833894e-01 4.938754032665500227e-02 4.653134256618312453e-02 -1.040884141862295220e-01
-1.903124557495026847e+00 3.741907354895143145e-01 1.463236965765062347e+00 -2.094328953661919623e+00 9.987943790584214998e-01 9.201757414959007564e-01 -2.080525839796211418e+00 1.525629069795793713e+00 2.870413044070184161e-01 -1.863066360854841896e+00 1.903124557498909075e+00 -3.741907354922426876e-01 -1.463236965765736475e+00 2.094328953665442583e+00 -9.987943790618876161e-01 -9.201757414953521952e-01 2.080525839799030052e+00 -1.525629069799658399e+00 -2.870413044052897988e-01 1.863066360856683756e+00
-3.361968861324561297e-01 2.379333001464651320e-01 5.648951642173533072e-02 -3.043407094702171301e-01 3.012844449759969345e-01 -4.984039753382213389e-02 -2.426935436985223626e-01 3.351437691591030998e-01 -1.512915861203869838e-01 -1.572898429241531004e-01 3.361968861329225344e-01 -2.379333001470826936e-01 -5.648951642147528873e-02 3.043407094705296023e-01 -3.012844449766237109e-01 4.984039753424622521e-02 2.426935436986504546e-01 -3.351437691596779178e-01 1.512915861209355173e-01 1.572898429240852380e-01
-2.373565235638122495e+00 7.472828251446239634e-01 1.495081587815664026e+00 -2.504856641729498179e+00 1.449553998415647804e+00 8.008037163891561505e-01 -2.390955227365471725e+00 2.009932726685474957e+00 2.813759767406870393e-02 -2.043010456581614953e+00 2.373565235642606464e+00 -7.472828251482481754e-01 -1.495081587815885626e+00 2.504856641733385736e+00 -1.449553998419994327e+00 -8.008037163879377918e-01 2.390955227368383174e+00 -2.009932726690118798e+00 -2.813759767151569058e-02 2.043010456583270074e+00
5.014433381112148425e+00 -9.764694381919725163e-01 -3.866524710946237064e+00 5.521841843630851621e+00 -2.624789691409885606e+00 -2.436216501671555790e+00 5.488733953559743028e+00 -4.016177241648364316e+00 -7.674344470928918804e-01 4.918350541854724867e+00 -5.014433381122390010e+00 9.764694381991536609e-01 3.866524710948034294e+00 -5.521841843640150849e+00 2.624789691419017412e+00 2.436216501670128487e+00 -5.488733953567189516e+00 4.016177241658552610e+00 7.674344470883507352e-01 -4.918350541859598302e+00
-2.317835833759408271e+00 2.355288675827062750e-01 2.040955044051517842e+00 -2.634815418554324218e+00 1.056456247026874129e+00 1.392876615165467458e+00 -2.693880912342323963e+00 1.773970328249064865e+00 6.084537184440607094e-01 -2.489250573057692595e+00 2.317835833764418041e+00 -2.355288675858553671e-01 -2.040955044052824796e+00 2.634815418559012024e+00 -1.056456247031076989e+00 -1.392876615165218546e+00 2.693880912346230172e+00 -1.773970328253910322e+00 -6.084537184422670331e-01 2.489250573060440175e+00
-2.817312445229142259e+00 7.170626796149822679e-01 1.974354709135742736e+00 -3.038055841264260870e+00 1.597094129136977791e+00 1.160559090005429006e+00 -2.961413164176200485e+00 2.320790877690365406e+00 2.331598610537019556e-01 -2.594886733199015527e+00 2.817312445234681384e+00 -7.170626796191499341e-01 -1.974354709136380670e+00 3.038055841269181823e+00 -1.597094129142122565e+00 -1.160559090004306348e+00 2.961413164180021429e+00 -2.320790877695984911e+00 -2.331598610509121317e-01 2.594886733201369200e+00
-1.574124821470217928e+00 7.431730035050659877e-02 1.486759595198241080e+00 -1.822108027874754344e+00 6.552568585389415556e-01 1.051807392049717294e+00 -1.891730605137571519e+00 1.172055309970979620e+00 5.138969529936965319e-01 -1.776177410306984727e+00 1.574124821473729341e+00 -7.431730035257766431e-02 -1.486759595199317552e+00 1.822108027878092118e+00 -6.552568585417887226e-01 -1.051807392049711520e+00 1.891730605140409027e+00 -1.172055309974324055e+00 -5.138969529925996316e-01 1.776177410309046412e+00
