2.917705098295507504e+00 -1.829634122133390495e+00 4.270509829205659108e-02 1.760535821606440399e+00 -2.891311896066205644e+00 2.917705098308276845e+00 -1.829634122146581054e+00 4.270509830063860812e-02 1.760535821605752060e+00 -2.891311896073673449e+00 2.917705098321043966e+00 -1.829634122159774501e+00 4.270509830920713595e-02 1.760535821605064610e+00 -2.891311896081135924e+00 2.917705098333809755e+00 -1.829634122172968391e+00 4.270509831779725068e-02 1.760535821604384932e+00 -2.891311896088605948e+00
-3.192705098294278621e+00 1.949061313131565498e+00 3.905764749091558685e-02 -2.012257914295296324e+00 3.216844051973388741e+00 -3.192705098308500578e+00 1.949061313146014163e+00 3.905764748174989781e-02 -2.012257914294922401e+00 3.216844051981948560e+00 -3.192705098322719870e+00 1.949061313160465714e+00 3.905764747259907188e-02 -2.012257914294549366e+00 3.216844051990502606e+00 -3.192705098336937830e+00 1.949061313174917931e+00 3.905764746342440391e-02 -2.012257914294184324e+00 3.216844051999064646e+00
-2.594959346890735485e+00 1.514183272418099913e+00 1.449593469226556630e-01 -1.748732422728338065e+00 2.684549150283666030e+00 -2.594959346902622865e+00 1.514183272429862726e+00 1.449593469155031900e-01 -1.748732422728534130e+00 2.684549150291135167e+00 -2.594959346914508469e+00 1.514183272441627759e+00 1.449593469083629294e-01 -1.748732422728731306e+00 2.684549150298600750e+00 -2.594959346926392740e+00 1.514183272453393680e+00 1.449593469012030178e-01 -1.748732422728934699e+00 2.684549150306071663e+00
1.295084971859676304e-01 -7.274575140387341821e-02 -1.180339887740240387e-02 9.184405197040651503e-02 -1.368033988753746544e-01 1.295084971865741730e-01 -7.274575140446125354e-02 -1.180339887705743329e-02 9.184405197043650493e-02 -1.368033988757680897e-01 1.295084971871806323e-01 -7.274575140504919990e-02 -1.180339887671308027e-02 9.184405197046650871e-02 -1.368033988761613584e-01 1.295084971877870084e-01 -7.274575140563718789e-02 -1.180339887636773152e-02 9.184405197049685943e-02 -1.368033988765548770e-01
2.390450849707747683e+00 -1.662790070169376522e+00 2.999999999817326013e-01 1.177379873575772562e+00 -2.205040653099913595e+00 2.390450849717440818e+00 -1.662790070180138802e+00 2.999999999894594205e-01 1.177379873574037727e+00 -2.205040653104833215e+00 2.390450849727131288e+00 -1.662790070190902636e+00 2.999999999971755260e-01 1.177379873572303337e+00 -2.205040653109747506e+00 2.390450849736822647e+00 -1.662790070201666692e+00 3.000000000049087290e-01 1.177379873570576052e+00 -2.205040653114669347e+00
2.030901699428947271e+00 -1.428773075798029701e+00 2.809016994226893882e-01 9.742645786360231153e-01 -1.857294901693006262e+00 2.030901699437106522e+00 -1.428773075807168835e+00 2.809016994293223046e-01 9.742645786344341641e-01 -1.857294901697068346e+00 2.030901699445264441e+00 -1.428773075816309079e+00 2.809016994359462283e-01 9.742645786328457680e-01 -1.857294901701125545e+00 2.030901699453422360e+00 -1.428773075825449990e+00 2.809016994425844738e-01 9.742645786312631451e-01 -1.857294901705189627e+00
-5.798074641807418494e+00 3.426441186672928296e+00 2.539763413201363562e-01 -3.837383539272536837e+00 5.955040653098698122e+00 -5.798074641833776077e+00 3.426441186699198838e+00 2.539763413039716200e-01 -3.837383539272666511e+00 5.955040653115070803e+00 -5.798074641860130107e+00 3.426441186725474264e+00 2.539763412878340842e-01 -3.837383539272797517e+00 5.955040653131433714e+00 -5.798074641886481473e+00 3.426441186751751466e+00 2.539763412716528057e-01 -3.837383539272944066e+00 5.955040653147810836e+00
5.272542485910153287e-01 -2.868033988714862037e-01 -6.319660112818718811e-02 3.890576474708803412e-01 -5.663118960633782839e-01 5.272542485935286516e-01 -2.868033988738819540e-01 -6.319660112682250197e-02 3.890576474710693011e-01 -5.663118960650485034e-01 5.272542485960415304e-01 -2.868033988762782038e-01 -6.319660112546034159e-02 3.890576474712584276e-01 -5.663118960667180568e-01 5.272542485985539651e-01 -2.868033988786746202e-01 -6.319660112409408725e-02 3.890576474714488864e-01 -5.663118960683887204e-01
-2.505901699420477691e+00 1.254634122136230712e+00 4.758610463599557416e-01 -2.024593469071348295e+00 2.800000000001494183e+00 -2.505901699432931728e+00 1.254634122147646913e+00 4.758610463539304503e-01 -2.024593469073021623e+00 2.800000000010225865e+00 -2.505901699445384434e+00 1.254634122159065779e+00 4.758610463479173713e-01 -2.024593469074696284e+00 2.800000000018955326e+00 -2.505901699457834475e+00 1.254634122170485089e+00 4.758610463418843639e-01 -2.024593469076376717e+00 2.800000000027688785e+00
-2.157294901676158894e+00 1.254634122140026342e+00 1.272542486090046110e-01 -1.460535821604220574e+00 2.235942352535809086e+00 -2.157294901686061195e+00 1.254634122149806075e+00 1.272542486030761588e-01 -1.460535821604413753e+00 2.235942352542048983e+00 -2.157294901695961720e+00 1.254634122159588250e+00 1.272542485971578929e-01 -1.460535821604607154e+00 2.235942352548286216e+00 -2.157294901705860912e+00 1.254634122169370647e+00 1.272542485912232513e-01 -1.460535821604806328e+00 2.235942352554527446e+00
2.674138953642358985e+00 -1.551847717635421731e+00 -1.631966011452889165e-01 1.815905365139438565e+00 -2.775000000006627499e+00 2.674138953654649598e+00 -1.551847717647545810e+00 -1.631966011379544501e-01 1.815905365139701910e+00 -2.775000000014387069e+00 2.674138953666938434e+00 -1.551847717659672332e+00 -1.631966011306326125e-01 1.815905365139965699e+00 -2.775000000022142643e+00 2.674138953679225494e+00 -1.551847717671799520e+00 -1.631966011232904856e-01 1.815905365140236816e+00 -2.775000000029903990e+00
3.326393202231779700e+00 -2.152708763973086636e+00 1.567627457556137749e-01 1.899061313173499244e+00 -3.229508497193959382e+00 3.326393202246024305e+00 -2.152708763988107066e+00 1.567627457656815826e-01 1.899061313172236920e+00 -3.229508497201984074e+00 3.326393202260265802e+00 -2.152708764003129716e+00 1.567627457757341802e-01 1.899061313170975707e+00 -3.229508497210002549e+00 3.326393202274506855e+00 -2.152708764018152809e+00 1.567627457858110918e-01 1.899061313169723153e+00 -3.229508497218030794e+00
1.946352549144986233e+00 -1.177912029453494602e+00 -4.045084973249981480e-02 1.243362879196226567e+00 -1.971352549159089973e+00 1.946352549153704370e+00 -1.177912029462305554e+00 -4.045084972695586756e-02 1.243362879196072024e+00 -1.971352549164383294e+00 1.946352549162421175e+00 -1.177912029471118505e+00 -4.045084972142099639e-02 1.243362879195918147e+00 -1.971352549169673729e+00 1.946352549171137092e+00 -1.177912029479931677e+00 -4.045084971587154660e-02 1.243362879195769155e+00 -1.971352549174968605e+00
-2.444959346890401175e+00 1.371478174105620784e+00 2.258610463598521023e-01 -1.736929023852814336e+00 2.584549150282965169e+00 -2.444959346901860897e+00 1.371478174116718796e+00 2.258610463533474444e-01 -1.736929023853393872e+00 2.584549150290406327e+00 -2.444959346913318399e+00 1.371478174127819027e+00 2.258610463468543883e-01 -1.736929023853973852e+00 2.584549150297844378e+00 -2.444959346924774124e+00 1.371478174138920147e+00 2.258610463403425972e-01 -1.736929023854560050e+00 2.584549150305287313e+00
9.045084971786411521e-02 -6.094235253052612128e-02 8.155948030886898611e-03 4.774575140614465557e-02 -8.541019662452886685e-02 9.045084971824014775e-02 -6.094235253093388538e-02 8.155948031170881518e-03 4.774575140609313428e-02 -8.541019662472947027e-02 9.045084971861609702e-02 -6.094235253134171887e-02 8.155948031454453295e-03 4.774575140604162687e-02 -8.541019662492989328e-02 9.045084971899206017e-02 -6.094235253174956624e-02 8.155948031738679063e-03 4.774575140599038314e-02 -8.541019662513057997e-02
-2.210410196610215205e+00 1.158813728889300343e+00 3.354101966383623568e-01 -1.701518827225689812e+00 2.417705098313232881e+00 -2.210410196620955947e+00 1.158813728899356077e+00 3.354101966328261741e-01 -1.701518827226793373e+00 2.417705098320554136e+00 -2.210410196631695356e+00 1.158813728909414031e+00 3.354101966273005941e-01 -1.701518827227897601e+00 2.417705098327872726e+00 -2.210410196642432545e+00 1.158813728919472430e+00 3.354101966217577502e-01 -1.701518827229007158e+00 2.417705098335194425e+00
-6.809016994322470984e-01 4.076237921197906622e-01 2.135254915953441190e-02 -4.421729424069830716e-01 6.940983005612743062e-01 -6.809016994353178642e-01 4.076237921228743066e-01 2.135254915761385097e-02 -4.421729424069608672e-01 6.940983005631586877e-01 -6.809016994383882970e-01 4.076237921259585617e-01 2.135254915569647499e-02 -4.421729424069388292e-01 6.940983005650420701e-01 -6.809016994414582857e-01 4.076237921290429833e-01 2.135254915377397811e-02 -4.421729424069185121e-01 6.940983005669268957e-01
-2.197745751393682223e+00 1.275125624952441195e+00 1.345491502954963003e-01 -1.492830723290010209e+00 2.280901699440308406e+00 -2.197745751403783920e+00 1.275125624962405446e+00 1.345491502894695934e-01 -1.492830723290228478e+00 2.280901699446687747e+00 -2.197745751413884285e+00 1.275125624972371696e+00 1.345491502834532394e-01 -1.492830723290447414e+00 2.280901699453063536e+00 -2.197745751423983762e+00 1.275125624982338612e+00 1.345491502774202042e-01 -1.492830723290671679e+00 2.280901699459444210e+00
4.762335554756298883e+00 -3.026973342588689331e+00 1.354101965907849314e-01 2.807875042085518746e+00 -4.678647450852905010e+00 4.762335554776950808e+00 -3.026973342610208562e+00 1.354101966049651162e-01 2.807875042084105210e+00 -4.678647450864796831e+00 4.762335554797599180e+00 -3.026973342631731789e+00 1.354101966191234296e-01 2.807875042082692119e+00 -4.678647450876680658e+00 4.762335554818244887e+00 -3.026973342653255905e+00 1.354101966333167706e-01 2.807875042081292793e+00 -4.678647450888576032e+00
-2.044959346893474361e+00 1.061067977483775460e+00 3.281152949516007999e-01 -1.591969676946244805e+00 2.247745751408996906e+00 -2.044959346903463260e+00 1.061067977493081349e+00 3.281152949465257485e-01 -1.591969676947344592e+00 2.247745751415850535e+00 -2.044959346913450382e+00 1.061067977502389459e+00 3.281152949414605779e-01 -1.591969676948445045e+00 2.247745751422702387e+00 -2.044959346923435284e+00 1.061067977511698235e+00 3.281152949363793647e-01 -1.591969676949549939e+00 2.247745751429556460e+00
