2.143566144657295780e+00 3.880166278063129859e+00 4.134674775250105405e+00 2.809878040718502223e+00 4.118033988745173346e-01 -2.143566144656727790e+00 -3.880166278062680885e+00 -4.134674775249947309e+00 -2.809878040718694070e+00 -4.118033988749857377e-01 2.143566144656159800e+00 3.880166278062230134e+00 4.134674775249788325e+00 2.809878040718885028e+00 4.118033988754606911e-01 -2.143566144655590033e+00 -3.880166278061782048e+00 -4.134674775249628453e+00 -2.809878040719075543e+00 -4.118033988759289832e-01
-1.963196601127001450e+00 -5.583813728907624174e+00 -7.071603799093914233e+00 -5.858281572999405995e+00 -2.407294901686543920e+00 1.963196601126073970e+00 5.583813728906753759e+00 7.071603799093431952e+00 5.858281572999495701e+00 2.407294901687169641e+00 -1.963196601125146934e+00 -5.583813728905878904e+00 -7.071603799092950560e+00 -5.858281572999584519e+00 -2.407294901687806910e+00 1.963196601124216567e+00 5.583813728905010265e+00 7.071603799092467391e+00 5.858281572999672449e+00 2.407294901688433075e+00
-2.392705098314586554e+00 -6.088322226095156608e+00 -7.458407197968901947e+00 -5.979634122155601972e+00 -2.216844051967734597e+00 2.392705098313600232e+00 6.088322226094257772e+00 7.458407197968432989e+00 5.979634122155741416e+00 2.216844051968428264e+00 -2.392705098312613909e+00 -6.088322226093355383e+00 -7.458407197967964919e+00 -5.979634122155880860e+00 -2.216844051969133478e+00 2.392705098311624035e+00 6.088322226092457434e+00 7.458407197967495961e+00 5.979634122156017639e+00 2.216844051969826701e+00
5.218566144659673611e+00 1.094070209965837392e+01 1.248386171337512351e+01 9.258610463436443894e+00 2.496884705060840925e+00 -5.218566144657991401e+00 -1.094070209965694218e+01 -1.248386171337449113e+01 -9.258610463436848903e+00 -2.496884705062126120e+00 5.218566144656309191e+00 1.094070209965550688e+01 1.248386171337385520e+01 9.258610463437248583e+00 2.496884705063431298e+00 -5.218566144654620764e+00 -1.094070209965407869e+01 -1.248386171337322104e+01 -9.258610463437650040e+00 -2.496884705064716492e+00
5.251722092690776833e+00 1.085164445218953233e+01 1.230660746478132772e+01 9.060864712030198831e+00 2.354179606748437514e+00 -5.251722092689115051e+00 -1.085164445218812901e+01 -1.230660746478071665e+01 -9.060864712030610946e+00 -2.354179606749715603e+00 5.251722092687454158e+00 1.085164445218671680e+01 1.230660746478010559e+01 9.060864712031023060e+00 2.354179606751013676e+00 -5.251722092685787047e+00 -1.085164445218531526e+01 -1.230660746477949097e+01 -9.060864712031431623e+00 -2.354179606752291321e+00
2.855369543533169185e+00 6.291437521032553271e+00 7.324390203593998727e+00 5.559674775249513701e+00 1.671352549155371792e+00 -2.855369543532187304e+00 -6.291437521031700619e+00 -7.324390203593601711e+00 -5.559674775249721534e+00 -1.671352549156104983e+00 2.855369543531205867e+00 6.291437521030845303e+00 7.324390203593203807e+00 5.559674775249927592e+00 1.671352549156849276e+00 -2.855369543530220877e+00 -6.291437521029994429e+00 -7.324390203592805015e+00 -5.559674775250133649e+00 -1.671352549157582024e+00
-1.143237254220608623e+00 -4.719756081438860384e+00 -6.493488504156545105e+00 -5.786929023843310205e+00 -2.869959346905387676e+00 1.143237254219774401e+00 4.719756081438021056e+00 6.493488504156021079e+00 5.786929023843300435e+00 2.869959346905894826e+00 -1.143237254218940180e+00 -4.719756081437178175e+00 -6.493488504155497054e+00 -5.786929023843289777e+00 -2.869959346906412190e+00 1.143237254218102628e+00 4.719756081436340622e+00 6.493488504154972141e+00 5.786929023843278230e+00 2.869959346906919340e+00
8.315594803138515179e-02 4.463525491563962166e-01 6.390576474688272057e-01 5.876644452187304024e-01 3.118033988749497887e-01 -8.315594803130382795e-02 -4.463525491563118397e-01 -6.390576474687720276e-01 -5.876644452187254064e-01 -3.118033988749966401e-01 8.315594803122247636e-02 4.463525491562270742e-01 6.390576474687168496e-01 5.876644452187202994e-01 3.118033988750445462e-01 -8.315594803114084721e-02 -4.463525491561428082e-01 -6.390576474686615605e-01 -5.876644452187149703e-01 -3.118033988750914531e-01
-8.704915028140822741e-01 -3.890779740157500832e+00 -5.424922359500286895e+00 -4.886929023843378239e+00 -2.482294901686816324e+00 8.704915028133877186e-01 3.890779740156795174e+00 5.424922359499838365e+00 4.886929023843357811e+00 2.482294901687231548e+00 -8.704915028126929410e-01 -3.890779740156085076e+00 -5.424922359499389835e+00 -4.886929023843337383e+00 -2.482294901687654765e+00 8.704915028119956100e-01 3.890779740155380306e+00 5.424922359498941304e+00 4.886929023843316955e+00 2.482294901688070432e+00
-1.690983005630364300e-01 -1.334016994375395671e+00 -1.989386537906344454e+00 -1.884878040718599213e+00 -1.060410196624721024e+00 1.690983005627856306e-01 1.334016994375127441e+00 1.989386537906161267e+00 1.884878040718570569e+00 1.060410196624857804e+00 -1.690983005625347202e-01 -1.334016994374858323e+00 -1.989386537905978303e+00 -1.884878040718542147e+00 -1.060410196624997692e+00 1.690983005622829216e-01 1.334016994374590981e+00 1.989386537905795116e+00 1.884878040718513503e+00 1.060410196625134471e+00
-2.009549150283060026e+00 -5.463322226094936340e+00 -6.830291903031374012e+00 -5.588322226093215939e+00 -2.211803398874137905e+00 2.009549150282161634e+00 5.463322226094101453e+00 6.830291903030921929e+00 5.588322226093318967e+00 2.211803398874753857e+00 -2.009549150281262797e+00 -5.463322226093263900e+00 -6.830291903030470735e+00 -5.588322226093420220e+00 -2.211803398875381355e+00 2.009549150280361296e+00 5.463322226092431677e+00 6.830291903030017764e+00 5.588322226093520584e+00 2.211803398875997306e+00
7.227583139035854920e+00 1.513320393250284113e+01 1.725845518243760424e+01 1.279156314599847732e+01 3.438728757028997052e+00 -7.227583139033527893e+00 -1.513320393250086227e+01 -1.725845518243673027e+01 -1.279156314599903688e+01 -3.438728757030775185e+00 7.227583139031201753e+00 1.513320393249887807e+01 1.725845518243585275e+01 1.279156314599959643e+01 3.438728757032581296e+00 -7.227583139028867620e+00 -1.513320393249690454e+01 -1.725845518243497523e+01 -1.279156314600014888e+01 -3.438728757034359873e+00
-4.960236587204249759e-01 -3.804837387626308853e+00 -5.660332556125339032e+00 -5.353773075812200410e+00 -3.002254248593050345e+00 4.960236587197108804e-01 3.804837387625546796e+00 5.660332556124820336e+00 5.353773075812122251e+00 3.002254248593440700e+00 -4.960236587189965629e-01 -3.804837387624781186e+00 -5.660332556124301639e+00 -5.353773075812043203e+00 -3.002254248593840380e+00 4.960236587182798029e-01 3.804837387624021794e+00 5.660332556123782055e+00 5.353773075811962379e+00 3.002254248594231179e+00
-2.796352549158684475e+00 -7.265044318782882371e+00 -8.958736088406466180e+00 -7.230495168499312619e+00 -2.740450849717599890e+00 2.796352549157501421e+00 7.265044318781797017e+00 8.958736088405892417e+00 7.230495168499469827e+00 2.740450849718424564e+00 -2.796352549156318812e+00 -7.265044318780708110e+00 -8.958736088405320430e+00 -7.230495168499626146e+00 -2.740450849719263893e+00 2.796352549155132206e+00 7.265044318779626309e+00 8.958736088404746667e+00 7.230495168499780689e+00 2.740450849720088566e+00
-5.887287570328030295e-01 -3.651189936782456957e+00 -5.319020660062832029e+00 -4.955166278062237417e+00 -2.698606797749350861e+00 5.887287570321289021e-01 3.651189936781748191e+00 5.319020660062359518e+00 4.955166278062180574e+00 2.698606797749730557e+00 -5.887287570314543306e-01 -3.651189936781036316e+00 -5.319020660061887007e+00 -4.955166278062123730e+00 -2.698606797750118247e+00 5.887287570307775386e-01 3.651189936780330214e+00 5.319020660061413608e+00 4.955166278062065999e+00 2.698606797750498387e+00
-1.100532155908160004e+00 -5.073403532282697803e+00 -7.108407197969082603e+00 -6.428240919905860551e+00 -3.292705098311716760e+00 1.100532155907250953e+00 5.073403532281769657e+00 7.108407197968489299e+00 6.428240919905828576e+00 3.292705098312256329e+00 -1.100532155906341458e+00 -5.073403532280837958e+00 -7.108407197967896884e+00 -6.428240919905796602e+00 -3.292705098312806999e+00 1.100532155905429077e+00 5.073403532279911587e+00 7.108407197967303581e+00 6.428240919905761963e+00 3.292705098313346568e+00
-2.464589803377370991e+00 -6.830495168501551362e+00 -8.587383539250188491e+00 -7.064183272436856953e+00 -2.842705098311373302e+00 2.464589803376243449e+00 6.830495168500499759e+00 8.587383539249614728e+00 7.064183272436977745e+00 2.842705098312141576e+00 -2.464589803375115462e+00 -6.830495168499441938e+00 -8.587383539249037412e+00 -7.064183272437097649e+00 -2.842705098312923617e+00 2.464589803373983479e+00 6.830495168498392111e+00 8.587383539248461872e+00 7.064183272437214889e+00 2.842705098313692336e+00
-2.489589803377259880e+00 -6.642830723282759919e+00 -8.258736088406401166e+00 -6.720084971874384472e+00 -2.614589803373990939e+00 2.489589803376172306e+00 6.642830723281754501e+00 8.258736088405862930e+00 6.720084971874516810e+00 2.614589803374742338e+00 -2.489589803375083843e+00 -6.642830723280745531e+00 -8.258736088405326470e+00 -6.720084971874648261e+00 -2.614589803375506616e+00 2.489589803373992272e+00 6.642830723279742777e+00 8.258736088404784681e+00 6.720084971874777935e+00 2.614589803376257571e+00
2.317627457804919411e-01 -1.593566144656865413e+00 -2.810206931156436383e+00 -2.953444185374845432e+00 -1.968566144655901073e+00 -2.317627457808337788e-01 1.593566144656458405e+00 2.810206931156119303e+00 2.953444185374739739e+00 1.968566144656045847e+00 2.317627457811760605e-01 -1.593566144656048955e+00 -2.810206931155802668e+00 -2.953444185374633602e+00 -1.968566144656195060e+00 -2.317627457815195635e-01 1.593566144655643058e+00 2.810206931155486032e+00 2.953444185374527464e+00 1.968566144656339834e+00
-3.622213595502493000e+00 -8.027708764001545205e+00 -9.366892036437562297e+00 -7.128240919905422857e+00 -2.166844051967517615e+00 3.622213595501238004e+00 8.027708764000452746e+00 9.366892036437050706e+00 7.128240919905684869e+00 2.166844051968451978e+00 -3.622213595499983008e+00 -8.027708763999356734e+00 -9.366892036436539115e+00 -7.128240919905945994e+00 -2.166844051969400997e+00 3.622213595498724015e+00 8.027708763998267827e+00 9.366892036436025748e+00 7.128240919906204454e+00 2.166844051970335361e+00
