3.522213595502905914e+00 7.619552815968575032e+00 8.806481839809775281e+00 6.629634122152821440e+00 1.920491502809776430e+00 -3.522213595501364480e+00 -7.619552815968375192e+00 -8.806481839810992085e+00 -6.629634122154990372e+00 -1.920491502812069262e+00 3.522213595499823935e+00 7.619552815968178017e+00 8.806481839812210666e+00 6.629634122157158416e+00 1.920491502814362317e+00 -3.522213595498281169e+00 -7.619552815967974624e+00 -8.806481839813423917e+00 -6.629634122159327347e+00 -1.920491502816656038e+00
-2.064589803378910737e+00 -6.761929023844466258e+00 -8.876441186716375498e+00 -7.600454515402597977e+00 -3.421352549152943734e+00 2.064589803377069988e+00 6.761929023843855191e+00 8.876441186717224596e+00 7.600454515404586608e+00 3.421352549155309397e+00 -2.064589803375230126e+00 -6.761929023843246789e+00 -8.876441186718079024e+00 -7.600454515406575240e+00 -3.421352549157675949e+00 2.064589803373388932e+00 6.761929023842633057e+00 8.876441186718928122e+00 7.600454515408562983e+00 3.421352549160043388e+00
-1.585942352534195354e+00 -4.931559480313078225e+00 -6.393488504154523966e+00 -5.413322226091035638e+00 -2.365450849716227211e+00 1.585942352532888400e+00 4.931559480312665222e+00 6.393488504155161678e+00 5.413322226092480705e+00 2.365450849717927628e+00 -1.585942352531582333e+00 -4.931559480312254884e+00 -6.393488504155801166e+00 -5.413322226093926659e+00 -2.365450849719628490e+00 1.585942352530275379e+00 4.931559480311839216e+00 6.393488504156437990e+00 5.413322226095371725e+00 2.365450849721329796e+00
5.604101966247186928e-01 4.772542485934427869e-01 2.118033988747824725e-01 -1.345491502812957985e-01 -4.295084971873587842e-01 -5.604101966247735378e-01 -4.772542485935689083e-01 -2.118033988749316865e-01 1.345491502811803908e-01 4.295084971873214252e-01 5.604101966248283828e-01 4.772542485936951406e-01 2.118033988750810392e-01 -1.345491502810650108e-01 -4.295084971872838997e-01 -5.604101966248831168e-01 -4.772542485938212620e-01 -2.118033988752302255e-01 1.345491502809496309e-01 4.295084971872465962e-01
4.106134620982595518e-01 4.906559480314385269e+00 7.528366544873879462e+00 7.274593469059640327e+00 4.242172942402959279e+00 -4.106134620964394522e-01 -4.906559480313497978e+00 -7.528366544874263155e+00 -7.274593469061148454e+00 -4.242172942405016300e+00 4.106134620946202407e-01 4.906559480312613353e+00 7.528366544874648625e+00 7.274593469062656581e+00 4.242172942407073322e+00 -4.106134620927999190e-01 -4.906559480311724286e+00 -7.528366544875030542e+00 -7.274593469064164708e+00 -4.242172942409131231e+00
8.864745084407981146e-01 4.353444185376237563e+00 6.157546151623921382e+00 5.609674775247754930e+00 2.919098300560116321e+00 -8.864745084394157759e-01 -4.353444185375663800e+00 -6.157546151624373465e+00 -5.609674775249062328e+00 -2.919098300561778103e+00 8.864745084380342144e-01 4.353444185375091813e+00 6.157546151624828212e+00 5.609674775250368839e+00 2.919098300563439885e+00 -8.864745084366515426e-01 -4.353444185374515385e+00 -6.157546151625279407e+00 -5.609674775251676238e+00 -2.919098300565102999e+00
-8.248743750385285622e-01 -8.681356214846687180e+00 -1.322185504902932607e+01 -1.271205464880800484e+01 -7.346681439588716778e+00 8.248743750353515480e-01 8.681356214845157737e+00 1.322185504903002418e+01 1.271205464881066760e+01 7.346681439592325447e+00 -8.248743750321767543e-01 -8.681356214843633623e+00 -1.322185504903072939e+01 -1.271205464881333036e+01 -7.346681439595933227e+00 8.248743750289997401e-01 8.681356214842098851e+00 1.322185504903142572e+01 1.271205464881599312e+01 7.346681439599544561e+00
2.143566144657571115e+00 3.880166278062772811e+00 4.134674775249436607e+00 2.809878040717856074e+00 4.118033988740886775e-01 -2.143566144656941841e+00 -3.880166278062813223e+00 -4.134674775250131162e+00 -2.809878040718939651e+00 -4.118033988751468311e-01 2.143566144656313011e+00 3.880166278062855412e+00 4.134674775250827494e+00 2.809878040720022785e+00 4.118033988762053177e-01 -2.143566144655683292e+00 -3.880166278062895380e+00 -4.134674775251520273e+00 -2.809878040721105918e+00 -4.118033988772636933e-01
-1.963196601128166296e+00 -5.583813728906777740e+00 -7.071603799091726650e+00 -5.858281572996921760e+00 -2.407294901684715160e+00 1.963196601126761198e+00 5.583813728906378060e+00 7.071603799092484266e+00 5.858281572998548015e+00 2.407294901686588329e+00 -1.963196601125356988e+00 -5.583813728905981932e+00 -7.071603799093244547e+00 -5.858281573000175158e+00 -2.407294901688461497e+00 1.963196601123951446e+00 5.583813728905581364e+00 7.071603799094001275e+00 5.858281573001802300e+00 2.407294901690335998e+00
-2.392705098315597301e+00 -6.088322226094067702e+00 -7.458407197966486990e+00 -5.979634122152991615e+00 -2.216844051965910722e+00 2.392705098314177992e+00 6.088322226093734635e+00 7.458407197967368063e+00 5.979634122154749321e+00 2.216844051967874041e+00 -2.392705098312759127e+00 -6.088322226093404232e+00 -7.458407197968250912e+00 -5.979634122156507914e+00 -2.216844051969838247e+00 2.392705098311338929e+00 6.088322226093070277e+00 7.458407197969130209e+00 5.979634122158266507e+00 2.216844051971802898e+00
5.218566144660512052e+00 1.094070209965607710e+01 1.248386171337114803e+01 9.258610463432601634e+00 2.496884705058509901e+00 -5.218566144658370654e+00 -1.094070209965585505e+01 -1.248386171337292794e+01 -9.258610463435704929e+00 -2.496884705061750864e+00 5.218566144656230144e+00 1.094070209965563834e+01 1.248386171337471495e+01 9.258610463438810001e+00 2.496884705064993604e+00 -5.218566144654086969e+00 -1.094070209965541096e+01 -1.248386171337649309e+01 -9.258610463441915073e+00 -2.496884705068236343e+00
5.251722092691617938e+00 1.085164445218727280e+01 1.230660746477740020e+01 9.060864712026386769e+00 2.354179606746103826e+00 -5.251722092689528054e+00 -1.085164445218708273e+01 -1.230660746477918366e+01 -9.060864712029461643e+00 -2.354179606749295495e+00 5.251722092687438170e+00 1.085164445218689799e+01 1.230660746478096890e+01 9.060864712032536517e+00 2.354179606752487608e+00 -5.251722092685346510e+00 -1.085164445218670437e+01 -1.230660746478274881e+01 -9.060864712035609614e+00 -2.354179606755680165e+00
2.855369543533742949e+00 6.291437521031365776e+00 7.324390203591847559e+00 5.559674775247401612e+00 1.671352549154063949e+00 -2.855369543532447096e+00 -6.291437521031178370e+00 -7.324390203592840543e+00 -5.559674775249195733e+00 -1.671352549155973533e+00 2.855369543531151244e+00 6.291437521030993629e+00 7.324390203593836191e+00 5.559674775250988965e+00 1.671352549157883338e+00 -2.855369543529854059e+00 -6.291437521030805335e+00 -7.324390203594826509e+00 -5.559674775252783085e+00 -1.671352549159793810e+00
-1.143237254221888044e+00 -4.719756081438373663e+00 -6.493488504154808716e+00 -5.786929023841208775e+00 -2.869959346903761421e+00 1.143237254220470511e+00 4.719756081437825657e+00 6.493488504155338070e+00 5.786929023842614761e+00 2.869959346905506248e+00 -1.143237254219053645e+00 -4.719756081437279427e+00 -6.493488504155870089e+00 -5.786929023844020747e+00 -2.869959346907251074e+00 1.143237254217635890e+00 4.719756081436729644e+00 6.493488504156398555e+00 5.786929023845426734e+00 2.869959346908996789e+00
8.315594803160204773e-02 4.463525491566232573e-01 6.390576474690108366e-01 5.876644452188235501e-01 3.118033988749220331e-01 -8.315594803145688607e-02 -4.463525491565612513e-01 -6.390576474690554676e-01 -5.876644452189579981e-01 -3.118033988750948393e-01 8.315594803131177992e-02 4.463525491564994119e-01 6.390576474691004316e-01 5.876644452190925572e-01 3.118033988752676455e-01 -8.315594803116656275e-02 -4.463525491564372394e-01 -6.390576474691450626e-01 -5.876644452192268941e-01 -3.118033988754405628e-01
-8.704915028153658030e-01 -3.890779740157291666e+00 -5.424922359498942193e+00 -4.886929023841600994e+00 -2.482294901685321076e+00 8.704915028141649858e-01 3.890779740156809829e+00 5.424922359499364077e+00 4.886929023842764508e+00 2.482294901686782129e+00 -8.704915028129651677e-01 -3.890779740156331545e+00 -5.424922359499786850e+00 -4.886929023843928022e+00 -2.482294901688242739e+00 8.704915028117642395e-01 3.890779740155848820e+00 5.424922359500206070e+00 4.886929023845090647e+00 2.482294901689704680e+00
-1.690983005636728098e-01 -1.334016994375456733e+00 -1.989386537905911245e+00 -1.884878040717913095e+00 -1.060410196624065549e+00 1.690983005632035741e-01 1.334016994375238907e+00 1.989386537906027819e+00 1.884878040718319658e+00 1.060410196624606893e+00 -1.690983005627345603e-01 -1.334016994375021747e+00 -1.989386537906145058e+00 -1.884878040718726444e+00 -1.060410196625148016e+00 1.690983005622651580e-01 1.334016994374803478e+00 1.989386537906261188e+00 1.884878040719133230e+00 1.060410196625689805e+00
-2.009549150284074770e+00 -5.463322226094121881e+00 -6.830291903029372058e+00 -5.588322226090991052e+00 -2.211803398872534299e+00 2.009549150282739838e+00 5.463322226093766609e+00 6.830291903030133227e+00 5.588322226092576450e+00 2.211803398874339521e+00 -2.009549150281405350e+00 -5.463322226093414891e+00 -6.830291903030896172e+00 -5.588322226094163625e+00 -2.211803398876144300e+00 2.009549150280069973e+00 5.463322226093058731e+00 6.830291903031656453e+00 5.588322226095749024e+00 2.211803398877950411e+00
7.227583139037166760e+00 1.513320393249974138e+01 1.725845518243207621e+01 1.279156314599303990e+01 3.438728757025600213e+00 -7.227583139034209125e+00 -1.513320393249943763e+01 -1.725845518243454180e+01 -1.279156314599733335e+01 -3.438728757030080629e+00 7.227583139031252379e+00 1.513320393249914275e+01 1.725845518243701093e+01 1.279156314600162858e+01 3.438728757034563266e+00 -7.227583139028292081e+00 -1.513320393249883367e+01 -1.725845518243947296e+01 -1.279156314600591848e+01 -3.438728757039045458e+00
-4.960236587218593840e-01 -3.804837387626095246e+00 -5.660332556123855774e+00 -5.353773075810229543e+00 -3.002254248591404551e+00 4.960236587205268943e-01 3.804837387625479295e+00 5.660332556124191505e+00 5.353773075811388615e+00 3.002254248592944208e+00 -4.960236587191950708e-01 -3.804837387624865119e+00 -5.660332556124529013e+00 -5.353773075812547688e+00 -3.002254248594483421e+00 4.960236587178625811e-01 3.804837387624248279e+00 5.660332556124863856e+00 5.353773075813706761e+00 3.002254248596023967e+00
