2.601368952536765367e+00 -7.361174857914587477e-01 -1.736010948330675374e+00 2.776920752286625049e+00 -1.528455181629014614e+00 -9.801139231826165865e-01 2.680648200856162067e+00 -2.171177034914229864e+00 -1.282765183774824125e-01 2.321975126349754337e+00 -2.601368952540628499e+00 7.361174858016192868e-01 1.736010948322591174e+00 -2.776920752287282745e+00 1.528455181637869309e+00 9.801139231728559498e-01 -2.680648200853551266e+00 2.171177034920915183e+00 1.282765183670057096e-01 -2.321975126344133944e+00
-3.012780193520240957e+00 5.176208283515829622e-01 2.404280415151009986e+00 -3.344021969155853036e+00 1.526853178474717465e+00 1.549098407708296099e+00 -3.347927575277075629e+00 2.386626501276075896e+00 5.422798549147185287e-01 -3.024114703944788651e+00 3.012780193526278349e+00 -5.176208283642473873e-01 -2.404280415142155292e+00 3.344021969158109897e+00 -1.526853178486220930e+00 -1.549098407697018009e+00 3.347927575275331691e+00 -2.386626501285294744e+00 -5.422798549021264902e-01 3.024114703939218884e+00
-2.215833880450617244e+00 4.455853419343102084e-01 1.692016895196996495e+00 -2.434670497188349270e+00 1.170109929682276340e+00 1.059123776731205391e+00 -2.415184602312764994e+00 1.780096004876879912e+00 3.225562436489322615e-01 -2.159283610980502477e+00 2.215833880454754823e+00 -4.455853419434508411e-01 -1.692016895190385561e+00 2.434670497189719729e+00 -1.170109929690495099e+00 -1.059123776722905586e+00 2.415184602311233775e+00 -1.780096004883374494e+00 -3.225562436397598765e-01 2.159283610976224121e+00
-1.722008466765697632e-01 3.224901404906052593e-01 -2.069090505038383987e-01 -7.925396358649197670e-02 3.000776724676193496e-01 -2.735084972511281909e-01 2.145084965432483143e-02 2.482915110992078844e-01 -3.133350266415328989e-01 1.200559042741075055e-01 1.722008466755478584e-01 -3.224901404905445856e-01 2.069090505047884720e-01 7.925396358531418273e-02 -3.000776724671853080e-01 2.735084972517954904e-01 -2.145084965554318324e-02 -2.482915110984429408e-01 3.133350266418517549e-01 -1.200559042752469829e-01
2.504123723309278127e+00 -3.853881168017133652e-01 -2.051072820379438610e+00 2.796568827196912022e+00 -1.236491006916668578e+00 -1.342986470280404188e+00 2.815266289435807590e+00 -1.966557542134355963e+00 -5.034392473324085238e-01 2.558385872149117723e+00 -2.504123723314505501e+00 3.853881168123597378e-01 2.051072820372146222e+00 -2.796568827198987695e+00 1.236491006926396796e+00 1.342986470271033683e+00 -2.815266289434528613e+00 1.966557542142216564e+00 5.034392473218810560e-01 -2.558385872144613771e+00
2.308059579800536554e+00 -6.621093545293801341e-01 -1.529703351805639322e+00 2.460383495677773702e+00 -1.362650915682255492e+00 -8.584912711552318276e-01 2.371867932496533715e+00 -1.929806711060022550e+00 -1.032440834231223570e-01 2.051177410305240922e+00 -2.308059579803922290e+00 6.621093545383709422e-01 1.529703351798453070e+00 -2.460383495678317711e+00 1.362650915690078568e+00 8.584912711465710888e-01 -2.371867932494183151e+00 1.929806711065914060e+00 1.032440834138391994e-01 -2.051177410300229376e+00
-5.154156367924934479e+00 9.782517682094059586e-01 4.004152443159346930e+00 -5.685415276251772454e+00 2.679454061922373675e+00 2.535528112663914868e+00 -5.660146124717614136e+00 4.118372723198356233e+00 8.187086244359641496e-01 -5.080822433935148652e+00 5.154156367934829674e+00 -9.782517682308231599e-01 -4.004152443144056939e+00 5.685415276255220363e+00 -2.679454061941707543e+00 -2.535528112644613419e+00 5.660146124714276361e+00 -4.118372723213719944e+00 -8.187086244145490577e-01 5.080822433925360038e+00
4.972019777209343294e-01 -4.445397590909997421e-01 2.538585118201119872e-02 4.146969012076344163e-01 -5.128912965847401972e-01 1.882429791160281640e-01 2.915984026406280849e-01 -5.310374604446177482e-01 3.326735726880841182e-01 1.399562207374105138e-01 -4.972019777202546509e-01 4.445397590921278397e-01 -2.538585118401687213e-02 -4.146969012064046778e-01 5.128912965853003048e-01 -1.882429791179172640e-01 -2.915984026389687456e-01 5.310374604445553537e-01 -3.326735726896707379e-01 -1.399562207354845544e-01
-2.438899977269517017e+00 3.678776872141548693e-01 2.006433818885433151e+00 -2.726582104098849157e+00 1.198855681023995201e+00 1.317242726232233485e+00 -2.747367377362504026e+00 1.912481327855702462e+00 4.991107377647374665e-01 -2.499221189693892953e+00 2.438899977274643582e+00 -3.678776872245439478e-01 -2.006433818878342379e+00 2.726582104100904402e+00 -1.198855681033497822e+00 -1.317242726223107452e+00 2.747367377361286778e+00 -1.912481327863391423e+00 -4.991107377544740098e-01 2.499221189689527556e+00
-2.425513270997492921e+00 2.401183528634555087e-01 2.143237217761575941e+00 -2.759644810393996117e+00 1.100919824470200092e+00 1.465435936833344499e+00 -2.823643088171210458e+00 1.853955593097603272e+00 6.441875761142643597e-01 -2.611243506998025321e+00 2.425513271003177707e+00 -2.401183528741242523e-01 -2.143237217754714763e+00 2.759644810396600700e+00 -1.100919824480119491e+00 -1.465435936824278418e+00 2.823643088170480375e+00 -1.853955593105804711e+00 -6.441875761038852177e-01 2.611243506994035624e+00
3.676637618316525025e+00 -7.623379974941081327e-01 -2.780455553937673407e+00 4.030959536014363742e+00 -1.958221581778688991e+00 -1.728932003032496389e+00 3.990703048977759515e+00 -2.962420793905409688e+00 -5.081685414916552457e-01 3.559808742641303869e+00 -3.676637618323283174e+00 7.623379975092131611e-01 2.780455553926669321e+00 -4.030959536016535338e+00 1.958221581792239929e+00 1.728932003018722963e+00 -3.990703048975131839e+00 2.962420793916084705e+00 5.081685414764673947e-01 -3.559808742634139822e+00
3.314331954129318358e+00 -5.673964581758377257e-01 -2.647317413491527827e+00 3.679504725752231753e+00 -1.678199813585957934e+00 -1.706662524099630707e+00 3.684501938199058024e+00 -2.624729278535498089e+00 -5.989476158306212827e-01 3.328834429497856462e+00 -3.314331954135969482e+00 5.673964581897751325e-01 2.647317413481789394e+00 -3.679504725754723538e+00 1.678199813598620249e+00 1.706662524087223964e+00 -3.684501938197147108e+00 2.624729278545649080e+00 5.989476158167662545e-01 -3.328834429491734692e+00
2.137136187064459403e+00 -4.674305340627816774e-01 -1.587638638277602210e+00 2.333811689162327063e+00 -1.155921546758622132e+00 -9.749444131779947398e-01 2.302037442501171594e+00 -1.731262904677953074e+00 -2.668158360786672123e-01 2.044923731728393257e+00 -2.137136187068274573e+00 4.674305340714967061e-01 1.587638638271168912e+00 -2.333811689163480807e+00 1.155921546766408570e+00 9.749444131699869232e-01 -2.302037442499551112e+00 1.731262904684050641e+00 2.668158360698721920e-01 -2.044923731724161531e+00
-2.184684449303976095e+00 4.813008968302915358e-01 1.618881311159732883e+00 -2.384410016654484821e+00 1.184160775257633080e+00 9.923455365744643375e-01 -2.350732918411726047e+00 1.771106746468688264e+00 2.686720667906605797e-01 -2.086949703593854011e+00 2.184684449307859655e+00 -4.813008968391911946e-01 -1.618881311153151037e+00 2.384410016655649223e+00 -1.184160775265580057e+00 -9.923455365662779970e-01 2.350732918410056715e+00 -1.771106746474906180e+00 -2.686720667816745456e-01 2.086949703589517924e+00
7.583192701985896900e-02 1.494263747579807622e-02 -9.339805089712302499e-02 9.485335634464087118e-02 -1.810875708257959210e-02 -7.356523564365649581e-02 1.045898782681490974e-01 -4.938754032657319271e-02 -4.653134256620074238e-02 1.040884141861662393e-01 -7.583192702014146525e-02 -1.494263747540439807e-02 9.339805089694253049e-02 -9.485335634482246203e-02 1.810875708297336739e-02 7.356523564337479060e-02 -1.045898782682120193e-01 4.938754032692861673e-02 4.653134256584551265e-02 -1.040884141861044554e-01
-1.903124557494989322e+00 3.741907354866638169e-01 1.463236965767712006e+00 -2.094328953662468074e+00 9.987943790574138614e-01 9.201757414967434157e-01 -2.080525839796151022e+00 1.525629069795707782e+00 2.870413044060300956e-01 -1.863066360853222525e+00 1.903124557498582670e+00 -3.741907354945372410e-01 -1.463236965762046760e+00 2.094328953663683102e+00 -9.987943790645044118e-01 -9.201757414896156728e-01 2.080525839794868492e+00 -1.525629069801322846e+00 -2.870413043981405177e-01 1.863066360849571890e+00
-3.361968861326873337e-01 2.379333001464840613e-01 5.648951642178076660e-02 -3.043407094702344495e-01 3.012844449760706533e-01 -4.984039753406306617e-02 -2.426935436982111671e-01 3.351437691590280488e-01 -1.512915861207723422e-01 -1.572898429234853013e-01 3.361968861325201896e-01 -2.379333001474146780e-01 -5.648951642051955324e-02 3.043407094696823911e-01 -3.012844449766828303e-01 4.984039753533556216e-02 2.426935436973283733e-01 -3.351437691592621393e-01 1.512915861219309155e-01 1.572898429223587025e-01
-2.373565235638548376e+00 7.472828251408701883e-01 1.495081587819599100e+00 -2.504856641730552891e+00 1.449553998414069733e+00 8.008037163909320633e-01 -2.390955227365773261e+00 2.009932726684929172e+00 2.813759767376061705e-02 -2.043010456580122813e+00 2.373565235641720506e+00 -7.472828251499383789e-01 -1.495081587812108204e+00 2.504856641730815792e+00 -1.449553998421867274e+00 -8.008037163820204141e-01 2.390955227363102509e+00 -2.009932726690694782e+00 -2.813759766430479203e-02 2.043010456574783085e+00
5.014433381111067511e+00 -9.764694381821511504e-01 -3.866524710954955424e+00 5.521841843632034674e+00 -2.624789691405188918e+00 -2.436216501675914969e+00 5.488733953560060108e+00 -4.016177241646564866e+00 -7.674344470926121042e-01 4.918350541851621571e+00 -5.014433381120579902e+00 9.764694382029217579e-01 3.866524710940043352e+00 -5.521841843635277414e+00 2.624789691423906390e+00 2.436216501657134437e+00 -5.488733953556717893e+00 4.016177241661402775e+00 7.674344470718115208e-01 -4.918350541842029244e+00
-2.317835833758544961e+00 2.355288675779737273e-01 2.040955044055468459e+00 -2.634815418554716793e+00 1.056456247024698758e+00 1.392876615167351506e+00 -2.693880912342430989e+00 1.773970328248438033e+00 6.084537184436263901e-01 -2.489250573056197791e+00 2.317835833763948639e+00 -2.355288675881526406e-01 -2.040955044048902600e+00 2.634815418557178823e+00 -1.056456247034154750e+00 -1.392876615158687548e+00 2.693880912341709788e+00 -1.773970328256248230e+00 -6.084537184337162063e-01 2.489250573052368853e+00
