-3.012780193510099735e+00 5.176208283391955378e-01 2.404280415154684825e+00 -3.344021969149345352e+00 1.526853178465973127e+00 1.549098407710596259e+00 -3.347927575271879785e+00 2.386626501270144196e+00 5.422798549144427493e-01 -3.024114703938584725e+00 3.012780193521375605e+00 -5.176208283671331900e-01 -2.404280415133118076e+00 3.344021969151928619e+00 -1.526853178490577889e+00 -1.549098407684255774e+00 3.347927575265519540e+00 -2.386626501289006885e+00 -5.422798548859067980e-01 3.024114703923902692e+00
-2.215833880444006088e+00 4.455853419264926285e-01 1.692016895198982684e+00 -2.434670497183953675e+00 1.170109929676993898e+00 1.059123776731908384e+00 -2.415184602308869444e+00 1.780096004873376492e+00 3.225562436476347439e-01 -2.159283610975456735e+00 2.215833880451622218e+00 -4.455853419466038190e-01 -1.692016895182957059e+00 2.434670497185224658e+00 -1.170109929694514550e+00 -1.059123776712583176e+00 2.415184602303672268e+00 -1.780096004886591476e+00 -3.225562436269017175e-01 2.159283610964299438e+00
-1.722008466785776570e-01 3.224901404916105663e-01 -2.069090505032533112e-01 -7.925396358800256003e-02 3.000776724688364316e-01 -2.735084972512618062e-01 2.145084965348974942e-02 2.482915111002726993e-01 -3.133350266421150443e-01 1.200559042739714755e-01 1.722008466761676126e-01 -3.224901404912375869e-01 2.069090505052249562e-01 7.925396358531180963e-02 -3.000776724676449403e-01 2.735084972525517744e-01 -2.145084965619776379e-02 -2.482915110983792417e-01 3.133350266425972142e-01 -1.200559042764317574e-01
2.504123723299773729e+00 -3.853881167891873849e-01 -2.051072820384069129e+00 2.796568827191167728e+00 -1.236491006907448620e+00 -1.342986470284295519e+00 2.815266289431905378e+00 -1.966557542127965741e+00 -5.034392473343197727e-01 2.558385872145054751e+00 -2.504123723309612970e+00 3.853881168127097911e-01 2.051072820366257154e+00 -2.796568827193749662e+00 1.236491006928296832e+00 1.342986470262369059e+00 -2.815266289426978208e+00 1.966557542144098836e+00 5.034392473104257748e-01 -2.558385872133099870e+00
2.308059579793313443e+00 -6.621093545191907292e-01 -1.529703351809643008e+00 2.460383495673239107e+00 -1.362650915674788799e+00 -8.584912711582305400e-01 2.371867932492991216e+00 -1.929806711054582902e+00 -1.032440834243584793e-01 2.051177410301070037e+00 -2.308059579799182082e+00 6.621093545388075929e-01 1.529703351792450761e+00 -2.460383495672644916e+00 1.362650915691282938e+00 8.584912711382468586e-01 -2.371867932485992814e+00 1.929806711066339497e+00 1.032440834035390775e-01 -2.051177410288352210e+00
-5.154156367907097192e+00 9.782517681880715799e-01 4.004152443165248876e+00 -5.685415276239958793e+00 2.679454061906960227e+00 2.535528112667662093e+00 -5.660146124707964077e+00 4.118372723187440521e+00 8.187086244356183151e-01 -5.080822433923837700e+00 5.154156367925420312e+00 -9.782517682352427357e-01 -4.004152443128119465e+00 5.685415276243480420e+00 -2.679454061948231214e+00 -2.535528112622668306e+00 5.660146124696341374e+00 -4.118372723218771014e+00 -8.187086243871638525e-01 5.080822433898207535e+00
4.972019777209801816e-01 -4.445397590892286033e-01 2.538585118024977438e-02 4.146969012078584038e-01 -5.128912965835193960e-01 1.882429791147705589e-01 2.915984026406901464e-01 -5.310374604436063350e-01 3.326735726872308563e-01 1.399562207371073119e-01 -4.972019777190959111e-01 4.445397590914241803e-01 -2.538585118471492486e-02 -4.146969012048046799e-01 5.128912965843948069e-01 -1.882429791188532930e-01 -2.915984026367660631e-01 5.310374604430759815e-01 -3.326735726905316048e-01 -1.399562207326968677e-01
-2.438899977261789420e+00 3.678776872049698277e-01 2.006433818887933374e+00 -2.726582104093913550e+00 1.198855681017802599e+00 1.317242726233408323e+00 -2.747367377358423290e+00 1.912481327851769608e+00 4.991107377636270215e-01 -2.499221189688740186e+00 2.438899977271450581e+00 -3.678776872279298504e-01 -2.006433818870603680e+00 2.726582104096500370e+00 -1.198855681038174303e+00 -1.317242726212047410e+00 2.747367377353684414e+00 -1.912481327867558534e+00 -4.991107377403262158e-01 2.499221189677137911e+00
-2.425513270989599235e+00 2.401183528529458600e-01 2.143237217765555425e+00 -2.759644810389583647e+00 1.100919824463184815e+00 1.465435936836072539e+00 -2.823643088168246607e+00 1.853955593093500998e+00 6.441875761144997270e-01 -2.611243506994389563e+00 2.425513271000518500e+00 -2.401183528766255293e-01 -2.143237217748637846e+00 2.759644810393375280e+00 -1.100919824484559939e+00 -1.465435936814736495e+00 2.823643088164539794e+00 -1.853955593110478528e+00 -6.441875760908334358e-01 2.611243506983547125e+00
3.676637618305480970e+00 -7.623379974762513056e-01 -2.780455553946621805e+00 4.030959536008809074e+00 -1.958221581766305119e+00 -1.728932003039645116e+00 3.990703048974688194e+00 -2.962420793897587945e+00 -5.081685414952530344e-01 3.559808742637663226e+00 -3.676637618317878609e+00 7.623379975094662919e-01 2.780455553919972900e+00 -4.030959536010695565e+00 1.958221581795172916e+00 1.728932003007596530e+00 -3.990703048965881017e+00 2.962420793919281703e+00 5.081685414609419249e-01 -3.559808742619023469e+00
3.314331954116525036e+00 -5.673964581592771950e-01 -2.647317413497383143e+00 3.679504725744271898e+00 -1.678199813573585386e+00 -1.706662524104597844e+00 3.684501938193455395e+00 -2.624729278526670928e+00 -5.989476158331377142e-01 3.328834429492045555e+00 -3.314331954128950652e+00 5.673964581900248216e-01 2.647317413473663006e+00 -3.679504725747134053e+00 1.678199813600670831e+00 1.706662524075619247e+00 -3.684501938186474757e+00 2.624729278547442757e+00 5.989476158017378316e-01 -3.328834429475906020e+00
2.137136187058162662e+00 -4.674305340536793474e-01 -1.587638638281408054e+00 2.333811689158712177e+00 -1.155921546752356033e+00 -9.749444131806582758e-01 2.302037442498541697e+00 -1.731262904673889436e+00 -2.668158360793417838e-01 2.044923731725074578e+00 -2.137136187065115767e+00 4.674305340728229785e-01 1.587638638265856494e+00 -2.333811689159573266e+00 1.155921546768920560e+00 9.749444131620471632e-01 -2.302037442493227282e+00 1.731262904686252879e+00 2.668158360594928835e-01 -2.044923731714105131e+00
-2.184684449297443987e+00 4.813008968222881045e-01 1.618881311161995962e+00 -2.384410016650174935e+00 1.184160775252130593e+00 9.923455365755089463e-01 -2.350732918407964611e+00 1.771106746464948589e+00 2.686720667897893877e-01 -2.086949703589038752e+00 2.184684449304515219e+00 -4.813008968418342470e-01 -1.618881311146089796e+00 2.384410016651021813e+00 -1.184160775269032850e+00 -9.923455365564862740e-01 2.350732918402504534e+00 -1.771106746477551841e+00 -2.686720667695124964e-01 2.086949703577805515e+00
7.583192701959573512e-02 1.494263747556759739e-02 -9.339805089658899384e-02 9.485335634430877572e-02 -1.810875708279973892e-02 -7.356523564304090490e-02 1.045898782676929206e-01 -4.938754032673318972e-02 -4.653134256550939263e-02 1.040884141855384359e-01 -7.583192702017124698e-02 -1.494263747467629647e-02 9.339805089611671884e-02 -9.485335634464485410e-02 1.810875708366712494e-02 7.356523564235732671e-02 -1.045898782677567168e-01 4.938754032749175654e-02 4.653134256468142993e-02 -1.040884141853237049e-01
-1.903124557489025426e+00 3.741907354811777608e-01 1.463236965767694020e+00 -2.094328953657902392e+00 9.987943790536751854e-01 9.201757414956224235e-01 -2.080525839791583564e+00 1.525629069792993064e+00 2.870413044033493510e-01 -1.863066360847349445e+00 1.903124557495655678e+00 -3.741907354985080092e-01 -1.463236965753951457e+00 2.094328953659077008e+00 -9.987943790687988654e-01 -9.201757414790181500e-01 2.080525839787187969e+00 -1.525629069804429472e+00 -2.870413043855088997e-01 1.863066360837813740e+00
-3.361968861321528168e-01 2.379333001468582620e-01 5.648951642060098810e-02 -3.043407094692286430e-01 3.012844449762814847e-01 -4.984039753556054886e-02 -2.426935436965878545e-01 3.351437691587754175e-01 -1.512915861223574354e-01 -1.572898429212229998e-01 3.361968861315321466e-01 -2.379333001487641819e-01 -5.648951641773980459e-02 3.043407094677709757e-01 -3.012844449774291777e-01 4.984039753836728981e-02 2.426935436944359370e-01 -3.351437691590524737e-01 1.512915861248350646e-01 1.572898429185874414e-01
-2.373565235633678938e+00 7.472828251327179316e-01 1.495081587823495317e+00 -2.504856641727894573e+00 1.449553998408941613e+00 8.008037163929930813e-01 -2.390955227363416924e+00 2.009932726681825876e+00 2.813759767337842277e-02 -2.043010456576324962e+00 2.373565235639021775e+00 -7.472828251524450405e-01 -1.495081587805647594e+00 2.504856641726640021e+00 -1.449553998425314960e+00 -8.008037163724909258e-01 2.390955227355688439e+00 -2.009932726693242522e+00 -2.813759765222850762e-02 2.043010456562878829e+00
5.014433381094690390e+00 -9.764694381596510375e-01 -3.866524710963708866e+00 5.521841843622314450e+00 -2.624789691389255442e+00 -2.436216501682423985e+00 5.488733953553078138e+00 -4.016177241635893402e+00 -7.674344470947382923e-01 4.918350541843439672e+00 -5.014433381112258559e+00 9.764694382053770161e-01 3.866524710927523589e+00 -5.521841843625500346e+00 2.624789691429187943e+00 2.436216501638667875e+00 -5.488733953541570898e+00 4.016177241666122555e+00 7.674344470476944791e-01 -4.918350541818367283e+00
-2.317835833750444774e+00 2.355288675679411969e-01 2.040955044058698320e+00 -2.634815418549832255e+00 1.056456247017779182e+00 1.392876615169540866e+00 -2.693880912338886269e+00 1.773970328244093952e+00 6.084537184436358270e-01 -2.489250573052042448e+00 2.317835833760816477e+00 -2.355288675905287399e-01 -2.040955044042516597e+00 2.634815418553396515e+00 -1.056456247038151552e+00 -1.392876615149156283e+00 2.693880912335295363e+00 -1.773970328260256801e+00 -6.084537184210440097e-01 2.489250573041647652e+00
-2.817312445222443618e+00 7.170626795997150360e-01 1.974354709145108577e+00 -3.038055841261567469e+00 1.597094129128164841e+00 1.160559090010284899e+00 -2.961413164173514190e+00 2.320790877685649622e+00 2.331598610530973004e-01 -2.594886733192820039e+00 2.817312445230557572e+00 -7.170626796242730583e-01 -1.974354709124353180e+00 3.038055841261725121e+00 -1.597094129149106534e+00 -1.160559089985824910e+00 2.961413164165701772e+00 -2.320790877700924515e+00 -2.331598610273268035e-01 2.594886733177801386e+00
