-2.186803398871435267e+00 -1.391186271091390481e+00 3.046603799088861919e+00 -4.917184269999542168e-01 -2.742705098309057732e+00 2.186803398872943394e+00 1.391186271092361704e+00 -3.046603799090969122e+00 4.917184270002873392e-01 2.742705098310958434e+00 -2.186803398874451076e+00 -1.391186271093325377e+00 3.046603799093073661e+00 -4.917184270006157987e-01 -2.742705098312860024e+00 2.186803398875956095e+00 1.391186271094298155e+00 -3.046603799095179532e+00 4.917184270009548608e-01 2.742705098314762946e+00
-2.057294901684119548e+00 -1.336677773904267230e+00 2.883407197964185542e+00 -4.453658778435692911e-01 -2.608155948028186177e+00 2.057294901685538413e+00 1.336677773905200484e+00 -2.883407197966179503e+00 4.453658778438708277e-01 2.608155948029993176e+00 -2.057294901686956834e+00 -1.336677773906126188e+00 2.883407197968171243e+00 -4.453658778441677013e-01 -2.608155948031801952e+00 2.057294901688371702e+00 1.336677773907060551e+00 -2.883407197970164315e+00 4.453658778444747335e-01 2.608155948033611171e+00
4.156433855337060557e+00 9.342979003423710349e-01 -4.733861713367536694e+00 1.991389536560719264e+00 3.503115294933251356e+00 -4.156433855339931149e+00 -9.342979003430331719e-01 4.733861713370814073e+00 -1.991389536562086615e+00 -3.503115294935682300e+00 4.156433855342800854e+00 9.342979003436812091e-01 -4.733861713374088787e+00 1.991389536563447749e+00 3.503115294938116797e+00 -4.156433855345667006e+00 -9.342979003443456776e-01 4.733861713377366165e+00 -1.991389536564823537e+00 -3.503115294940553071e+00
3.798277907306106815e+00 1.348355547810635047e+00 -4.631607464773727756e+00 1.514135287967277144e+00 3.695820393245493385e+00 -3.798277907308728718e+00 -1.348355547811582511e+00 4.631607464776932304e+00 -1.514135287968314314e+00 -3.695820393248056668e+00 3.798277907311350177e+00 1.348355547812517097e+00 -4.631607464780135963e+00 1.514135287969344823e+00 3.695820393250623059e+00 -3.798277907313967638e+00 -1.348355547813467004e+00 4.631607464783340511e+00 -1.514135287970390875e+00 -3.695820393253190783e+00
1.569630456465839874e+00 5.335624789678056201e-01 -1.899390203590074044e+00 6.403252247494551908e-01 1.503647450841466782e+00 -1.569630456466923674e+00 -5.335624789681807645e-01 1.899390203591388548e+00 -6.403252247498939509e-01 -1.503647450842509503e+00 1.569630456468007029e+00 5.335624789685505798e-01 -1.899390203592701942e+00 6.403252247503299355e-01 1.503647450843553779e+00 -1.569630456469088831e+00 -5.335624789689267233e-01 1.899390203594016446e+00 -6.403252247507723594e-01 -1.503647450844598499e+00
-1.981762745777868373e+00 -1.030243918560774130e+00 2.618488504151940344e+00 -5.880709761559308468e-01 -2.255040653090920610e+00 1.981762745779235502e+00 1.030243918561494887e+00 -2.618488504153751784e+00 5.880709761563317484e-01 2.255040653092483804e+00 -1.981762745780602630e+00 -1.030243918562208538e+00 2.618488504155561003e+00 -5.880709761567286531e-01 -2.255040653094047887e+00 1.981762745781966872e+00 1.030243918562930405e+00 -2.618488504157371555e+00 5.880709761571345506e-01 2.255040653095613745e+00
-3.081559480308355137e-01 2.786474508432281727e-01 1.359423525312666858e-01 -3.626644452182599121e-01 8.819660112473519387e-02 3.081559480310491206e-01 -2.786474508434200748e-01 -1.359423525313617764e-01 3.626644452185106005e-01 -8.819660112479543734e-02 -3.081559480312626720e-01 2.786474508436127540e-01 1.359423525314570891e-01 -3.626644452187613998e-01 8.819660112485502856e-02 3.081559480314766120e-01 -2.786474508438044895e-01 -1.359423525315524850e-01 3.626644452190122547e-01 -8.819660112491467530e-02
-1.429508497184974747e+00 -1.934220259840783163e+00 2.624922359495790225e+00 3.119290238431281503e-01 -2.817705098309172040e+00 1.429508497185957960e+00 1.934220259842127643e+00 -2.624922359497602997e+00 -3.119290238433504170e-01 2.817705098311122924e+00 -1.429508497186941174e+00 -1.934220259843466572e+00 2.624922359499413549e+00 3.119290238435773466e-01 -2.817705098313073364e+00 1.429508497187920835e+00 1.934220259844812384e+00 -2.624922359501224989e+00 -3.119290238437940621e-01 2.817705098315025136e+00
-2.809016994370533982e-01 -2.159830056244537166e-01 4.143865379054213482e-01 -4.012195928146855550e-02 -3.895898033743456779e-01 2.809016994372469656e-01 2.159830056246042629e-01 -4.143865379057078413e-01 4.012195928149535351e-02 3.895898033746156286e-01 -2.809016994374405884e-01 -2.159830056247538377e-01 4.143865379059939458e-01 -4.012195928152147151e-02 -3.895898033748856348e-01 2.809016994376337117e-01 2.159830056249046337e-01 -4.143865379062803278e-01 4.012195928154907443e-02 3.895898033751558076e-01
-2.065450849715326331e+00 -7.116777739049561236e-01 2.505291903027083489e+00 -8.366777739057014163e-01 -1.988196601122382390e+00 2.065450849716752302e+00 7.116777739054563900e-01 -2.505291903028817213e+00 8.366777739062746244e-01 1.988196601123761287e+00 -2.065450849718177384e+00 -7.116777739059496621e-01 2.505291903030549605e+00 -8.366777739068443909e-01 -1.988196601125142182e+00 2.065450849719601134e+00 7.116777739064512609e-01 -2.505291903032283773e+00 8.366777739074222620e-01 1.988196601126523300e+00
5.047416860960404428e+00 1.716796067497506906e+00 -6.108455182427563024e+00 2.058436853998206750e+00 4.836271242962782324e+00 -5.047416860963888752e+00 -1.716796067498714162e+00 6.108455182431790753e+00 -2.058436853999616734e+00 -4.836271242966136086e+00 5.047416860967372187e+00 1.716796067499903877e+00 -6.108455182436014042e+00 2.058436854001018723e+00 4.836271242969494288e+00 -5.047416860970851182e+00 -1.716796067501114242e+00 6.108455182440240883e+00 -2.058436854002440697e+00 -4.836271242972855156e+00
-2.228976341277642437e+00 -1.345162612372732047e+00 3.060332556120320291e+00 -5.462269241873568548e-01 -2.722745751403022219e+00 2.228976341279179429e+00 1.345162612373671740e+00 -3.060332556122436820e+00 5.462269241877277803e-01 2.722745751404909154e+00 -2.228976341280716422e+00 -1.345162612374603217e+00 3.060332556124551129e+00 -5.462269241880939319e-01 -2.722745751406797421e+00 2.228976341282250750e+00 1.345162612375544242e+00 -3.060332556126666770e+00 5.462269241884706306e-01 2.722745751408687021e+00
-2.628647450839533217e+00 -1.059955681217038981e+00 3.283736088401028486e+00 -9.695048314994096916e-01 -2.684549150277979912e+00 2.628647450841347766e+00 1.059955681217782608e+00 -3.283736088403300446e+00 9.695048315000730499e-01 2.684549150279841534e+00 -2.628647450843161426e+00 -1.059955681218516910e+00 3.283736088405570630e+00 -9.695048315007315232e-01 -2.684549150281704932e+00 2.628647450844972866e+00 1.059955681219261869e+00 -3.283736088407842590e+00 9.695048315014010987e-01 2.684549150283569663e+00
-1.986271242965624406e+00 -1.023810063217201582e+00 2.619020660058668959e+00 -5.948337219371775397e-01 -2.251393202247563341e+00 1.986271242966994421e+00 1.023810063217917898e+00 -2.619020660060480399e+00 5.948337219375832152e-01 2.251393202249124315e+00 -1.986271242968364437e+00 -1.023810063218626887e+00 2.619020660062290506e+00 -5.948337219379847829e-01 -2.251393202250686176e+00 1.986271242969732009e+00 1.023810063219344535e+00 -2.619020660064101946e+00 5.948337219383953434e-01 2.251393202252248926e+00
-2.274467844089913537e+00 -1.551596467716613414e+00 3.233407197963819701e+00 -4.467590800934303497e-01 -2.957294901684299759e+00 2.274467844091482061e+00 1.551596467717696104e+00 -3.233407197966055246e+00 4.467590800937319973e-01 2.957294901686348787e+00 -2.274467844093050140e+00 -1.551596467718770356e+00 3.233407197968288571e+00 -4.467590800940284268e-01 -2.957294901688399147e+00 2.274467844094614222e+00 1.551596467719854822e+00 -3.233407197970523228e+00 4.467590800943362916e-01 2.957294901690450839e+00
-3.135410196620071588e+00 -5.695048314986337346e-01 3.487383539244424124e+00 -1.585816727561459638e+00 -2.507294901684140598e+00 3.135410196622236967e+00 5.695048314990396321e-01 -3.487383539246839081e+00 1.585816727562549211e+00 2.507294901685880983e+00 -3.135410196624401902e+00 -5.695048314994348715e-01 3.487383539249252706e+00 -1.585816727563634121e+00 -2.507294901687624034e+00 3.135410196626565060e+00 5.695048314998424344e-01 -3.487383539251667219e+00 1.585816727564729911e+00 2.507294901689368860e+00
-3.160410196619928502e+00 -1.332169276716599571e+00 3.983736088400137376e+00 -1.129915028124208520e+00 -3.285410196621089352e+00 3.160410196622109424e+00 1.332169276717533490e+00 -3.983736088402893838e+00 1.129915028124981013e+00 3.285410196623367529e+00 -3.160410196624290347e+00 -1.332169276718456530e+00 3.983736088405647635e+00 -1.129915028125747956e+00 -3.285410196625647927e+00 3.160410196626467272e+00 1.332169276719392448e+00 -3.983736088408403209e+00 1.129915028126528442e+00 3.285410196627930102e+00
-6.067627457803960178e-01 -5.314338553425888012e-01 9.352069311547234198e-01 -4.655581462544500226e-02 -9.064338553425136391e-01 6.067627457808141278e-01 5.314338553429590606e-01 -9.352069311553697917e-01 4.655581462547500604e-02 9.064338553431414702e-01 -6.067627457812321268e-01 -5.314338553433269885e-01 9.352069311560152753e-01 -4.655581462550345551e-02 -9.064338553437695234e-01 6.067627457816490155e-01 5.314338553436976920e-01 -9.352069311566614251e-01 4.655581462553531891e-02 9.064338553443980206e-01
-2.727786404495581962e+00 -8.722912359985212083e-01 3.266892036432151869e+00 -1.146759080092942806e+00 -2.558155948027957649e+00 2.727786404497465345e+00 8.722912359991350506e-01 -3.266892036434413171e+00 1.146759080093728844e+00 2.558155948029731785e+00 -2.727786404499347839e+00 -8.722912359997397891e-01 3.266892036436672697e+00 -1.146759080094510441e+00 -2.558155948031508142e+00 2.727786404501228112e+00 8.722912360003552967e-01 -3.266892036438933555e+00 1.146759080095302474e+00 2.558155948033286275e+00
-2.591844051964572682e+00 -9.849556812170437992e-01 3.200580140369812199e+00 -9.931116292494068798e-01 -2.586803398871695858e+00 2.591844051966361917e+00 9.849556812177352461e-01 -3.200580140372026872e+00 9.931116292500867804e-01 2.586803398873489535e+00 -2.591844051968150264e+00 -9.849556812184178112e-01 3.200580140374239768e+00 -9.931116292507620180e-01 -2.586803398875285431e+00 2.591844051969936391e+00 9.849556812191109234e-01 -3.200580140376454441e+00 9.931116292514479138e-01 2.586803398877082216e+00
