1.069235066638018594e+00 -2.372916695567107936e+00 -5.582790838527308175e+00 -8.246182516621420433e+00 -1.010238039545659738e+01 -1.096968689376135941e+01 -1.076320400860193871e+01 -9.503143723428605583e+00 -7.312849518310377661e+00 -4.406722650721314416e+00 -1.069235066637551634e+00 2.372916695567435230e+00 5.582790838527470711e+00 8.246182516621400893e+00 1.010238039545639488e+01 1.096968689376099348e+01 1.076320400860144844e+01 9.503143723428040701e+00 7.312849518309786134e+00 4.406722650720762857e+00
-3.562482756202012268e-02 -3.414095530918054955e+00 -6.458370776305504712e+00 -8.870455691992988889e+00 -1.041423860044919536e+01 -1.093860327442643410e+01 -1.039222124617230492e+01 -8.828576195479774569e+00 -6.400728594466317034e+00 -3.346333082128050584e+00 3.562482756244511606e-02 3.414095530918330734e+00 6.458370776305607741e+00 8.870455691992910729e+00 1.041423860044893956e+01 1.093860327442602554e+01 1.039222124617178977e+01 8.828576195479199029e+00 6.400728594465735277e+00 3.346333082127526559e+00
-1.205560725991850379e+00 -3.672545831526596860e+00 -5.780036562940068734e+00 -7.321737043690165869e+00 -8.146734889062198448e+00 -8.174273561853167891e+00 -7.401657384897085024e+00 -5.904515412727861623e+00 -3.829398332782913084e+00 -1.379433063038118856e+00 1.205560725992124604e+00 3.672545831526746962e+00 5.780036562940084721e+00 7.321737043690045077e+00 8.146734889061951534e+00 8.174273561852817949e+00 7.401657384896669356e+00 5.904515412727420198e+00 3.829398332782485426e+00 1.379433063037754259e+00
8.937227217197161622e+00 1.399961713957408449e+01 1.769162699526127369e+01 1.965185713583881721e+01 1.968842657742051827e+01 1.779775564827007983e+01 1.416491639201172958e+01 9.145516426527503739e+00 3.230889592654984988e+00 -2.999999225478033438e+00 -8.937227217197525775e+00 -1.399961713957411646e+01 -1.769162699526097526e+01 -1.965185713583822036e+01 -1.968842657741967628e+01 -1.779775564826906731e+01 -1.416491639201066199e+01 -9.145516426526484111e+00 -3.230889592654100362e+00 2.999999225478680476e+00
8.530554892707643333e+00 1.334808153035945111e+01 1.685900494626697466e+01 1.871965149443935061e+01 1.874788812685468997e+01 1.694095084519598871e+01 1.347571526026436217e+01 8.691382774828937841e+00 3.056277186968682891e+00 -2.877998106287332103e+00 -8.530554892707989723e+00 -1.334808153035947953e+01 -1.685900494626669044e+01 -1.871965149443878218e+01 -1.874788812685388706e+01 -1.694095084519502947e+01 -1.347571526026335142e+01 -8.691382774827967950e+00 -3.056277186967840009e+00 2.877998106287947611e+00
1.115355011895355020e+01 2.071099716652383549e+01 2.824110750943224701e+01 3.300678148195111561e+01 3.454152171124728454e+01 3.269509713051331090e+01 2.764824864250798342e+01 1.989499694069837687e+01 1.019428432173869936e+01 -5.043158743881068773e-01 -1.115355011895441351e+01 -2.071099716652413747e+01 -2.824110750943197345e+01 -3.300678148195029848e+01 -3.454152171124599846e+01 -3.269509713051166244e+01 -2.764824864250616088e+01 -1.989499694069655433e+01 -1.019428432173703669e+01 5.043158743894187168e-01
1.100383454315084819e+01 2.019759265266498716e+01 2.741426966843334156e+01 3.194744696260712047e+01 3.335338555712919373e+01 3.149446238661755615e+01 2.655264180288124720e+01 1.901166363634503043e+01 9.609691371033878937e+00 -7.329444403308240652e-01 -1.100383454315167064e+01 -2.019759265266526427e+01 -2.741426966843306801e+01 -3.194744696260631756e+01 -3.335338555712793607e+01 -3.149446238661596453e+01 -2.655264180287947795e+01 -1.901166363634327183e+01 -9.609691371032280216e+00 7.329444403320817258e-01
3.039058532388120959e+00 -6.519296456466605605e-01 -4.279102407704584721e+00 -7.487406811836757825e+00 -9.962791669395516081e+00 -1.146294906350255616e+01 -1.184103313621151621e+01 -1.106003438421902274e+01 -9.196402406908379845e+00 -6.432562486906270749e+00 -3.039058532387562295e+00 6.519296456470935475e-01 4.279102407704855615e+00 7.487406811836839537e+00 9.962791669395397065e+00 1.146294906350224885e+01 1.184103313621105436e+01 1.106003438421844898e+01 9.196402406907747462e+00 6.432562486905649912e+00
3.789295258402998634e+00 2.109146652515100140e+00 2.225400769902008413e-01 -1.685850271798375655e+00 -3.429217849973785093e+00 -4.836909692228053892e+00 -5.771131113075546715e+00 -6.140434010740332127e+00 -5.908668444514391105e+00 -5.098521242825580835e+00 -3.789295258402671340e+00 -2.109146652514799491e+00 -2.225400769899548159e-01 1.685850271798543520e+00 3.429217849973854815e+00 4.836909692228022806e+00 5.771131113075414376e+00 6.140434010740113635e+00 5.908668444514107776e+00 5.098521242825261091e+00
3.538746372223592562e+00 2.093531690485957775e+00 4.433875403905718215e-01 -1.250158471420879547e+00 -2.821330261683388851e+00 -4.116330588568498428e+00 -5.008395797282862993e+00 -5.410204329813741886e+00 -5.282424367432348333e+00 -4.637563903151927569e+00 -3.538746372223302128e+00 -2.093531690485687324e+00 -4.433875403903457801e-01 1.250158471421039197e+00 2.821330261683463014e+00 4.116330588568483329e+00 5.008395797282758188e+00 5.410204329813558033e+00 5.282424367432104084e+00 4.637563903151647793e+00
3.224718506645365856e+00 -1.044691878062557322e+01 -2.309593886968558252e+01 -3.348416754331228162e+01 -4.059473259988593696e+01 -4.373160238944922895e+01 -4.258771824114273130e+01 -3.727505150531225553e+01 -2.831364301758659607e+01 -1.658069787854877930e+01 -3.224718506643544202e+00 1.044691878062683088e+01 2.309593886968617582e+01 3.348416754331215373e+01 4.059473259988507721e+01 4.373160238944772260e+01 4.258771824114075599e+01 3.727505150530998179e+01 2.831364301758424773e+01 1.658069787854660149e+01
3.384871349223503856e+00 -1.031338798710544324e+01 -2.300210104965695734e+01 -3.343920819640609920e+01 -4.060305266022756143e+01 -4.379238743156314229e+01 -4.269501820159255345e+01 -3.741836311636635770e+01 -2.847893794024430392e+01 -1.675179589410289793e+01 -3.384871349221673320e+00 1.031338798710670801e+01 2.300210104965755775e+01 3.343920819640597841e+01 4.060305266022670878e+01 4.379238743156165725e+01 4.269501820159057814e+01 3.741836311636409107e+01 2.847893794024194847e+01 1.675179589410071657e+01
2.173180851507470202e+00 -9.198087846496196818e-01 -3.922761128280537690e+00 -6.541726281191420078e+00 -8.520341686812153981e+00 -9.664926683416425135e+00 -9.863441316744015808e+00 -9.096453591352046786e+00 -7.439041609719599712e+00 -5.053444404477179575e+00 -2.173180851507013678e+00 9.198087846499665154e-01 3.922761128280745968e+00 6.541726281191468928e+00 8.520341686812034965e+00 9.664926683416153352e+00 9.863441316743616127e+00 9.096453591351558288e+00 7.439041609719069470e+00 5.053444404476664431e+00
7.382263075566945609e+00 9.720401804002708701e+00 1.110703987784090074e+01 1.140644350113868910e+01 1.058930496117999098e+01 8.735611471594946664e+00 6.026815466586146641e+00 2.728072772415405467e+00 -8.377126923200162167e-01 -4.321497002043596325e+00 -7.382263075567013999e+00 -9.720401804002584356e+00 -1.110703987784059876e+01 -1.140644350113823791e+01 -1.058930496117943321e+01 -8.735611471594335598e+00 -6.026815466585548897e+00 -2.728072772414877001e+00 8.377126923204301079e-01 4.321497002043845015e+00
3.067614484626102200e+00 3.036570731817902491e-01 -2.490024408288769919e+00 -5.039964951655802494e+00 -7.096558610054081839e+00 -8.458491667068990694e+00 -8.992448625934331474e+00 -8.646162059219479445e+00 -7.453528908794870844e+00 -5.531292416987849236e+00 -3.067614484625660332e+00 -3.036570731814318691e-01 2.490024408289012836e+00 5.039964951655907299e+00 7.096558610054032101e+00 8.458491667068795294e+00 8.992448625934009954e+00 8.646162059219063778e+00 7.453528908794399221e+00 5.531292416987372285e+00
3.609536209061795731e+00 6.963045449319635871e-01 -2.285086259494824024e+00 -5.042796899710078051e+00 -7.306883444149682383e+00 -8.855721327025349865e+00 -9.537699504973135234e+00 -9.286061202314147778e+00 -8.125438529379803043e+00 -6.169441319930589529e+00 -3.609536209061317891e+00 -6.963045449315705682e-01 2.285086259495099803e+00 5.042796899710208613e+00 7.306883444149651297e+00 8.855721327025161571e+00 9.537699504972808384e+00 9.286061202313717899e+00 8.125438529379307440e+00 6.169441319930080603e+00
2.931185931240003484e+00 -1.725243185757019404e-01 -3.259346686041585617e+00 -6.027121490673994941e+00 -8.204919650374510098e+00 -9.579563107659632593e+00 -1.001649218322615020e+01 -9.472937214893745406e+00 -8.002105150132951650e+00 -5.747971279332152683e+00 -2.931185931239522979e+00 1.725243185760820808e-01 3.259346686041832530e+00 6.027121490674086424e+00 8.204919650374430162e+00 9.579563107659391008e+00 1.001649218322577362e+01 9.472937214893269342e+00 8.002105150132420519e+00 5.747971279331625105e+00
3.148370956654169994e+00 1.402505961751370434e+00 -4.806460885212757717e-01 -2.316749150791228118e+00 -3.926072664441229154e+00 -5.151084831138963871e+00 -5.871872924846416986e+00 -6.017881184925554905e+00 -5.574817305580465288e+00 -4.586051466329021942e+00 -3.148370956653853803e+00 -1.402505961751091990e+00 4.806460885214907108e-01 2.316749150791360456e+00 3.926072664441260684e+00 5.151084831138895481e+00 5.871872924846254449e+00 6.017881184925313320e+00 5.574817305580168636e+00 4.586051466328702197e+00
4.066338773818143792e+00 2.275027153840334382e+00 2.610200249983987142e-01 -1.778537562523817783e+00 -3.643999501626333348e+00 -5.152761380272193215e+00 -6.157135073617403087e+00 -6.558805486674330609e+00 -6.318454320810634073e+00 -5.459608822766105263e+00 -4.066338773817793850e+00 -2.275027153840013305e+00 -2.610200249981349252e-01 1.778537562523998972e+00 3.643999501626409732e+00 5.152761380272161240e+00 6.157135073617262755e+00 6.558805486674097907e+00 6.318454320810332092e+00 5.459608822765763314e+00
3.647288171437859550e+00 2.082259370203271232e+00 3.134045138590746404e-01 -1.486128559919283276e+00 -3.140189015786193583e+00 -4.486865891804545647e+00 -5.394337072500143826e+00 -5.773772955983006661e+00 -5.588031714292577945e+00 -4.855294994300853872e+00 -3.647288171437550908e+00 -2.082259370202986570e+00 -3.134045138588392732e-01 1.486128559919446257e+00 3.140189015786264193e+00 4.486865891804521667e+00 5.394337072500025698e+00 5.773772955982805044e+00 5.588031714292313268e+00 4.855294994300552780e+00
