2.799999999981813037e+00 -2.799999999983997068e+00 2.799999999986181098e+00 -2.799999999988366017e+00 2.799999999990549604e+00 -2.799999999992734079e+00 2.799999999994917665e+00 -2.799999999997102584e+00 2.799999999999286171e+00 -2.800000000001470646e+00 2.800000000003654232e+00 -2.800000000005839151e+00 2.800000000008022738e+00 -2.800000000010207213e+00 2.800000000012390799e+00 -2.800000000014575718e+00 2.800000000016758861e+00 -2.800000000018943780e+00 2.800000000021127367e+00 -2.800000000023312285e+00
2.349999999983774845e+00 -2.349999999985607602e+00 2.349999999987440802e+00 -2.349999999989274446e+00 2.349999999991107202e+00 -2.349999999992940847e+00 2.349999999994773159e+00 -2.349999999996606803e+00 2.349999999998439559e+00 -2.350000000000273204e+00 2.350000000002105960e+00 -2.350000000003939604e+00 2.350000000005771916e+00 -2.350000000007605561e+00 2.350000000009438317e+00 -2.350000000011271961e+00 2.350000000013104273e+00 -2.350000000014937918e+00 2.350000000016770674e+00 -2.350000000018604318e+00
-4.999999999971922904e+00 4.999999999975822895e+00 -4.999999999979722887e+00 4.999999999983624654e+00 -4.999999999987523758e+00 4.999999999991424637e+00 -4.999999999995323741e+00 4.999999999999225508e+00 -5.000000000003124612e+00 5.000000000007025491e+00 -5.000000000010925483e+00 5.000000000014826362e+00 -5.000000000018725466e+00 5.000000000022627233e+00 -5.000000000026526337e+00 5.000000000030427216e+00 -5.000000000034326320e+00 5.000000000038228087e+00 -5.000000000042127191e+00 5.000000000046028070e+00
4.999999999888016938e-02 -4.999999999891916597e-02 4.999999999895816949e-02 -4.999999999899718689e-02 4.999999999903617653e-02 -4.999999999907518700e-02 4.999999999911418358e-02 -4.999999999915319404e-02 4.999999999919218369e-02 -4.999999999923120109e-02 4.999999999927019073e-02 -4.999999999930920119e-02 4.999999999934819084e-02 -4.999999999938720824e-02 4.999999999942619788e-02 -4.999999999946520834e-02 4.999999999950420493e-02 -4.999999999954321539e-02 4.999999999958220503e-02 -4.999999999962122244e-02
-2.449999999985714272e+00 2.449999999987625188e+00 -2.449999999989536548e+00 2.449999999991447908e+00 -2.449999999993358379e+00 2.449999999995270183e+00 -2.449999999997180655e+00 2.449999999999092459e+00 -2.450000000001002931e+00 2.450000000002914735e+00 -2.450000000004825207e+00 2.450000000006737011e+00 -2.450000000008647483e+00 2.450000000010559287e+00 -2.450000000012469759e+00 2.450000000014381563e+00 -2.450000000016292034e+00 2.450000000018203394e+00 -2.450000000020114310e+00 2.450000000022025670e+00
-2.599999999983483967e+00 2.599999999985511678e+00 -2.599999999987540278e+00 2.599999999989568877e+00 -2.599999999991596145e+00 2.599999999993625188e+00 -2.599999999995652455e+00 2.599999999997681055e+00 -2.599999999999708766e+00 2.600000000001737366e+00 -2.600000000003765077e+00 2.600000000005793677e+00 -2.600000000007821388e+00 2.600000000009849987e+00 -2.600000000011877255e+00 2.600000000013906298e+00 -2.600000000015933566e+00 2.600000000017962609e+00 -2.600000000019989876e+00 2.600000000022018476e+00
2.749999999982097876e+00 -2.749999999984242827e+00 2.749999999986388222e+00 -2.749999999988534061e+00 2.749999999990678567e+00 -2.749999999992823962e+00 2.749999999994968469e+00 -2.749999999997114308e+00 2.749999999999258815e+00 -2.750000000001404654e+00 2.750000000003549161e+00 -2.750000000005695000e+00 2.750000000007839507e+00 -2.750000000009984902e+00 2.750000000012129409e+00 -2.750000000014275248e+00 2.750000000016419754e+00 -2.750000000018565594e+00 2.750000000020710100e+00 -2.750000000022855939e+00
3.399999999978854603e+00 -3.399999999981506260e+00 3.399999999984158805e+00 -3.399999999986811794e+00 3.399999999989463007e+00 -3.399999999992115995e+00 3.399999999994767652e+00 -3.399999999997420197e+00 3.400000000000071854e+00 -3.400000000002724843e+00 3.400000000005376055e+00 -3.400000000008029044e+00 3.400000000010680257e+00 -3.400000000013333246e+00 3.400000000015984902e+00 -3.400000000018637447e+00 3.400000000021289104e+00 -3.400000000023942093e+00 3.400000000026593305e+00 -3.400000000029246294e+00
1.899999999988223109e+00 -1.899999999989705035e+00 1.899999999991187183e+00 -1.899999999992669775e+00 1.899999999994151478e+00 -1.899999999995634070e+00 1.899999999997115552e+00 -1.899999999998598144e+00 1.900000000000079847e+00 -1.900000000001562217e+00 1.900000000003043921e+00 -1.900000000004526512e+00 1.900000000006008216e+00 -1.900000000007490586e+00 1.900000000008972290e+00 -1.900000000010454881e+00 1.900000000011936585e+00 -1.900000000013418955e+00 1.900000000014900658e+00 -1.900000000016383250e+00
-2.249999999987181809e+00 2.249999999988936850e+00 -2.249999999990691890e+00 2.249999999992447819e+00 -2.249999999994202415e+00 2.249999999995957900e+00 -2.249999999997712496e+00 2.249999999999467981e+00 -2.250000000001222578e+00 2.250000000002978062e+00 -2.250000000004732659e+00 2.250000000006488587e+00 -2.250000000008243184e+00 2.250000000009998669e+00 -2.250000000011753265e+00 2.250000000013508750e+00 -2.250000000015263346e+00 2.250000000017019275e+00 -2.250000000018773871e+00 2.250000000020529356e+00
1.999999999988482657e-01 -1.999999999990042798e-01 1.999999999991602939e-01 -1.999999999993163635e-01 1.999999999994723221e-01 -1.999999999996283639e-01 1.999999999997843225e-01 -1.999999999999403921e-01 2.000000000000963507e-01 -2.000000000002523926e-01 2.000000000004083789e-01 -2.000000000005644207e-01 2.000000000007203793e-01 -2.000000000008764489e-01 2.000000000010324075e-01 -2.000000000011884493e-01 2.000000000013444357e-01 -2.000000000015004775e-01 2.000000000016564361e-01 -2.000000000018125057e-01
-2.399999999985152233e+00 2.399999999987024069e+00 -2.399999999988896349e+00 2.399999999990769073e+00 -2.399999999992640909e+00 2.399999999994513189e+00 -2.399999999996385025e+00 2.399999999998257749e+00 -2.400000000000129141e+00 2.400000000002001865e+00 -2.400000000003873257e+00 2.400000000005745981e+00 -2.400000000007617373e+00 2.400000000009490098e+00 -2.400000000011361934e+00 2.400000000013234214e+00 -2.400000000015106050e+00 2.400000000016978774e+00 -2.400000000018850166e+00 2.400000000020722890e+00
-5.999999999970280218e-01 5.999999999974959808e-01 -5.999999999979640508e-01 5.999999999984322319e-01 -5.999999999989000798e-01 5.999999999993682609e-01 -5.999999999998361089e-01 6.000000000003042899e-01 -6.000000000007722489e-01 6.000000000012403190e-01 -6.000000000017082780e-01 6.000000000021764590e-01 -6.000000000026443070e-01 6.000000000031124880e-01 -6.000000000035803360e-01 6.000000000040485171e-01 -6.000000000045164761e-01 6.000000000049845461e-01 -6.000000000054525051e-01 6.000000000059206862e-01
-2.349999999985834087e+00 2.349999999987667287e+00 -2.349999999989500488e+00 2.349999999991334132e+00 -2.349999999993166888e+00 2.349999999995000088e+00 -2.349999999996832845e+00 2.349999999998666489e+00 -2.350000000000499245e+00 2.350000000002332889e+00 -2.350000000004165202e+00 2.350000000005998846e+00 -2.350000000007831602e+00 2.350000000009665246e+00 -2.350000000011497558e+00 2.350000000013331203e+00 -2.350000000015163959e+00 2.350000000016997603e+00 -2.350000000018830359e+00 2.350000000020664004e+00
4.699999999970655651e+00 -4.699999999974322051e+00 4.699999999977988452e+00 -4.699999999981655741e+00 4.699999999985320365e+00 -4.699999999988987653e+00 4.699999999992653166e+00 -4.699999999996320454e+00 4.699999999999985079e+00 -4.700000000003652367e+00 4.700000000007317880e+00 -4.700000000010985168e+00 4.700000000014650681e+00 -4.700000000018317969e+00 4.700000000021982594e+00 -4.700000000025649882e+00 4.700000000029315395e+00 -4.700000000032982683e+00 4.700000000036647307e+00 -4.700000000040314596e+00
-2.299999999985613997e+00 2.299999999987408117e+00 -2.299999999989202237e+00 2.299999999990996802e+00 -2.299999999992790478e+00 2.299999999994585043e+00 -2.299999999996378719e+00 2.299999999998173283e+00 -2.299999999999966960e+00 2.300000000001761524e+00 -2.300000000003555201e+00 2.300000000005349765e+00 -2.300000000007143441e+00 2.300000000008938006e+00 -2.300000000010731682e+00 2.300000000012526247e+00 -2.300000000014319923e+00 2.300000000016114488e+00 -2.300000000017907720e+00 2.300000000019702728e+00
-2.399999999985195753e+00 2.399999999987067589e+00 -2.399999999988939869e+00 2.399999999990812594e+00 -2.399999999992683986e+00 2.399999999994556710e+00 -2.399999999996428546e+00 2.399999999998300826e+00 -2.400000000000172662e+00 2.400000000002045386e+00 -2.400000000003916778e+00 2.400000000005789502e+00 -2.400000000007660894e+00 2.400000000009533618e+00 -2.400000000011405010e+00 2.400000000013277734e+00 -2.400000000015149570e+00 2.400000000017021851e+00 -2.400000000018893687e+00 2.400000000020766411e+00
-2.349999999984239807e+00 2.349999999986072563e+00 -2.349999999987905763e+00 2.349999999989739408e+00 -2.349999999991572164e+00 2.349999999993405808e+00 -2.349999999995238120e+00 2.349999999997071765e+00 -2.349999999998904521e+00 2.350000000000738165e+00 -2.350000000002570921e+00 2.350000000004404566e+00 -2.350000000006236878e+00 2.350000000008070522e+00 -2.350000000009903278e+00 2.350000000011736923e+00 -2.350000000013569235e+00 2.350000000015402879e+00 -2.350000000017235635e+00 2.350000000019069279e+00
-2.499999999983819166e+00 2.499999999985769161e+00 -2.499999999987719157e+00 2.499999999989670041e+00 -2.499999999991619593e+00 2.499999999993570032e+00 -2.499999999995519584e+00 2.499999999997470468e+00 -2.499999999999420019e+00 2.500000000001370459e+00 -2.500000000003320011e+00 2.500000000005270895e+00 -2.500000000007220446e+00 2.500000000009170886e+00 -2.500000000011120438e+00 2.500000000013071322e+00 -2.500000000015020873e+00 2.500000000016971313e+00 -2.500000000018920865e+00 2.500000000020871749e+00
-3.049999999981229948e+00 3.049999999983608934e+00 -3.049999999985988364e+00 3.049999999988367794e+00 -3.049999999990746335e+00 3.049999999993126210e+00 -3.049999999995504751e+00 3.049999999997884625e+00 -3.050000000000263167e+00 3.050000000002642597e+00 -3.050000000005021139e+00 3.050000000007401013e+00 -3.050000000009779555e+00 3.050000000012159429e+00 -3.050000000014537971e+00 3.050000000016917845e+00 -3.050000000019295943e+00 3.050000000021675817e+00 -3.050000000024054359e+00 3.050000000026434233e+00
