-2.220907910416372033e+00 -6.572129325554846524e+00 -5.505093477023748960e+00 1.005038089809923152e-01 5.623242790458272466e+00 6.510014555601132180e+00 2.029738305526400222e+00 -4.123914071595967457e+00 -6.877690051536265337e+00 -3.961295492668112761e+00 2.220907910408308705e+00 6.572129325541862244e+00 5.505093477016546721e+00 -1.005038089764797027e-01 -5.623242790445758921e+00 -6.510014555590942109e+00 -2.029738305526933129e+00 4.123914071585153884e+00 6.877690051524081305e+00 3.961295492664616891e+00
-1.717854223486551257e+00 -4.310175145318474677e+00 -3.349060546945131556e+00 3.731183482594743195e-01 3.787687471877191125e+00 4.079575324265000802e+00 1.008140950562223637e+00 -2.894434558318475847e+00 -4.410752844772110492e+00 -2.290716389010316156e+00 1.717854223480917764e+00 4.310175145310163103e+00 3.349060546940993088e+00 -3.731183482560307407e-01 -3.787687471869000344e+00 -4.079575324258820856e+00 -1.008140950563148230e+00 2.894434558311210992e+00 4.410752844764489922e+00 2.290716389008633502e+00
3.204787539881150948e-01 2.584115589478989117e-01 -1.669774724506453700e-02 -2.780409381021174964e-01 -3.101589786548896721e-01 -8.657280893682849088e-02 2.083865379695848674e-01 3.315458765263902818e-01 1.813690153916406589e-01 -1.183338115862659773e-01 -3.204787539874897062e-01 -2.584115589475703967e-01 1.669774724482561701e-02 2.780409381015081505e-01 3.101589786544119987e-01 8.657280893687678558e-02 -2.083865379690507114e-01 -3.315458765258103568e-01 -1.813690153914926106e-01 1.183338115858589834e-01
2.576777976128540981e+00 5.238174521315494658e+00 3.581065488998680379e+00 -1.028379557460097127e+00 -4.789998164265504954e+00 -4.602601001466321229e+00 -6.206838174326495539e-01 3.872943413017738479e+00 5.173601859702219308e+00 2.208990335714836828e+00 -2.576777976121048308e+00 -5.238174521305775322e+00 -3.581065488994746637e+00 1.028379557455006310e+00 4.789998164255581337e+00 4.602601001459753149e+00 6.206838174348496828e-01 -3.872943413008584468e+00 -5.173601859693652827e+00 -2.208990335713933995e+00
1.974564212325081503e+00 4.552028048354816114e+00 3.376665697364432450e+00 -5.825194506881715695e-01 -4.061458381939206497e+00 -4.192011228718632410e+00 -8.665463734323139988e-01 3.173324871255152502e+00 4.597013493545044405e+00 2.230788600936035149e+00 -1.974564212318919987e+00 -4.552028048346161704e+00 -3.376665697360420992e+00 5.825194506842377162e-01 4.061458381930567185e+00 4.192011228712415161e+00 8.665463734336433799e-01 -3.173324871247373391e+00 -4.597013493537223106e+00 -2.230788600934632715e+00
-3.865850963449893207e+00 -1.070104550411081767e+01 -8.713982499404359316e+00 4.571447003387658636e-01 9.251388325446784577e+00 1.041851454151716183e+01 2.996310071152323395e+00 -6.896140799276281541e+00 -1.110320979024456634e+01 -6.156465136355299350e+00 3.865850963436434640e+00 1.070104550408987087e+01 8.713982499393193137e+00 -4.571447003309556667e-01 -9.251388325426425752e+00 -1.041851454150105027e+01 -2.996310071153740040e+00 6.896140799258509091e+00 1.110320979022508325e+01 6.156465136350190548e+00
2.280506786282884946e+00 2.123312834906766700e+00 2.155971544407397911e-01 -1.869863179273054232e+00 -2.413753155603298950e+00 -9.676738358034290277e-01 1.276184336173455502e+00 2.467918499821781353e+00 1.625027859936749364e+00 -5.575836785506383952e-01 -2.280506786278213127e+00 -2.123312834903791746e+00 -2.155971544419130748e-01 1.869863179268700826e+00 2.413753155599351885e+00 9.676738358031466980e-01 -1.276184336169842837e+00 -2.467918499817250755e+00 -1.625027859935032071e+00 5.575836785481181890e-01
-1.473967733417038017e+00 -4.735253895100566268e+00 -4.092657077384184383e+00 -7.595305045435785107e-02 4.003368911535339691e+00 4.782195461827186911e+00 1.618439020549600205e+00 -2.879606285798197884e+00 -5.003619234950486216e+00 -3.002500902983972875e+00 1.473967733411395642e+00 4.735253895091112497e+00 4.092657077378712316e+00 7.595305045737543725e-02 -4.003368911526315799e+00 -4.782195461819602755e+00 -1.618439020549706342e+00 2.879606285790490716e+00 5.003619234941527161e+00 3.002500902981159125e+00
-2.053666335751680450e+00 -5.112003057937950956e+00 -3.955853678508408855e+00 4.616181530282094658e-01 4.498518363587893809e+00 4.826707349539139713e+00 1.175616430794785394e+00 -3.444687348789766901e+00 -5.225089275548164380e+00 -2.697773487368442247e+00 2.053666335744977811e+00 5.112003057928106386e+00 3.955853678503537196e+00 -4.616181530240950903e-01 -4.498518363578180690e+00 -4.826707349531840663e+00 -1.175616430795917822e+00 3.444687348781139580e+00 5.225089275539149369e+00 2.697773487366484702e+00
4.245247086745813192e+00 7.967910806514054478e+00 5.121593840556417199e+00 -1.947116151089705927e+00 -7.410566156776408064e+00 -6.764526845091960894e+00 -5.416120797886767591e-01 6.127823659163134096e+00 7.745300830797802405e+00 2.977323546661389209e+00 -4.245247086733985320e+00 -7.967910806499524767e+00 -5.121593840551162735e+00 1.947116151081358382e+00 7.410566156761333012e+00 6.764526845082597717e+00 5.416120797927403974e-01 -6.127823659148993407e+00 -7.745300830785234680e+00 -2.977323546660776810e+00
4.322142554307093931e+00 8.053870966632334927e+00 5.145750601799604418e+00 -2.004678335204166828e+00 -7.502391323844029181e+00 -6.814911618960790562e+00 -5.090177667614618207e-01 6.216525346043944467e+00 7.816981604574601228e+00 2.972887663178431783e+00 -4.322142554295097305e+00 -8.053870966617672877e+00 -5.145750601794363277e+00 2.004678335195671401e+00 7.502391323828793368e+00 6.814911618951385641e+00 5.090177667656377025e-01 -6.216525346029630583e+00 -7.816981604561941133e+00 -2.972887663177885109e+00
3.088192703374409653e+00 5.457349227887378973e+00 3.327306082149938060e+00 -1.545866337984228789e+00 -5.144580953113591093e+00 -4.501951288945616803e+00 -1.477801952504071981e-01 4.328225250245846922e+00 5.235914136638705862e+00 1.826960973326945403e+00 -3.088192703366069214e+00 -5.457349227877568154e+00 -3.327306082146743282e+00 1.545866337978177185e+00 5.144580953103275789e+00 4.501951288939551432e+00 1.477801952535878760e-01 -4.328225250236041433e+00 -5.235914136630353433e+00 -1.826960973326947402e+00
-1.927118949570704620e+00 -4.162202596276944888e+00 -2.965843656719596044e+00 6.756442722258620970e-01 3.760111134738953531e+00 3.744631471734521266e+00 6.419671739736053651e-01 -2.989953797098133137e+00 -4.156868667913385273e+00 -1.896738400334773811e+00 1.927118949564909922e+00 4.162202596269128030e+00 2.965843656716200982e+00 -6.756442722220398212e-01 -3.760111134731060734e+00 -3.744631471729070515e+00 -6.419671739750887340e-01 2.989953797090939780e+00 4.156868667906406856e+00 1.896738400333775276e+00
8.248258538553338015e-01 3.091351273451142800e-03 -8.211917524786600531e-01 -9.684601540956966348e-01 -3.173014395422214529e-01 5.954499407072066930e-01 1.017294826794292062e+00 6.004518521391175589e-01 -3.114213399958460360e-01 -9.665495939363073497e-01 -8.248258538542406759e-01 -3.091351274088327550e-03 8.211917524768187482e-01 9.684601540941685238e-01 3.173014395422662504e-01 -5.954499407056251803e-01 -1.017294826792478402e+00 -6.004518521385656671e-01 3.114213399946820782e-01 9.665495939343853316e-01
-1.545153349817714794e+00 -3.553370342244607905e+00 -2.632084016392131520e+00 4.591700069835547571e-01 3.171870733191075598e+00 3.269587671311924737e+00 6.717600953585820545e-01 -2.479886317050112421e+00 -3.587041304405981457e+00 -1.736933639137966834e+00 1.545153349812899979e+00 3.553370342237856416e+00 2.632084016389008685e+00 -4.591700069804769968e-01 -3.171870733184331215e+00 -3.269587671307078391e+00 -6.717600953596281066e-01 2.479886317044037281e+00 3.587041304399882335e+00 1.736933639136880814e+00
-1.374099116176328017e-01 -7.025231035216591424e-01 -6.884555276718800076e-01 -1.068049085280447230e-01 5.628988274611836928e-01 7.685321671567646451e-01 3.405649200731744042e-01 -3.681740922221740098e-01 -7.733795234417391029e-01 -5.409880643859443783e-01 1.374099116169031354e-01 7.025231035201929819e-01 6.884555276708862470e-01 1.068049085283418465e-01 -5.628988274598399899e-01 -7.685321671554828926e-01 -3.405649200730112569e-01 3.681740922210845479e-01 7.733795234402947028e-01 5.409880643853371973e-01
-1.704550059298721276e+00 -4.159086224025501544e+00 -3.184749031691397114e+00 4.151891978624869251e-01 3.672833206519641180e+00 3.902485187981907355e+00 9.148132750524182732e-01 -2.827057684626237410e+00 -4.238218903858603781e+00 -2.155267450724830169e+00 1.704550059293223230e+00 4.159086224017517708e+00 3.184749031687509113e+00 -4.151891978590770416e-01 -3.672833206511740833e+00 -3.902485187976035164e+00 -9.148132750534139213e-01 2.827057684619195488e+00 4.238218903851318053e+00 2.155267450723316269e+00
5.972041127325889320e+00 1.154663205058325559e+01 7.601838938635870235e+00 -2.610134413714296553e+00 -1.067023596839753274e+01 -9.933480267695017574e+00 -1.007270442184041936e+00 8.749362845719792503e+00 1.129276333752233974e+01 4.526076649131625551e+00 -5.972041127308985509e+00 -1.154663205056206010e+01 -7.601838938627852649e+00 2.610134413702533518e+00 1.067023596837567467e+01 9.933480267681099818e+00 1.007270442189534432e+00 -8.749362845699421243e+00 -1.129276333750387273e+01 -4.526076649130317264e+00
-9.467539696143616457e-01 -3.697332266464311790e+00 -3.399720788491233492e+00 -2.992792163112107939e-01 3.047896969159297420e+00 3.882296994268300772e+00 1.516016867341978269e+00 -2.100112280566581724e+00 -3.984846920691911709e+00 -2.584356224685296244e+00 9.467539696102258429e-01 3.697332266456770711e+00 3.399720788486503942e+00 2.992792163131886563e-01 -3.047896969152239066e+00 -3.882296994261985379e+00 -1.516016867341611896e+00 2.100112280560699318e+00 3.984846920684627314e+00 2.584356224682623271e+00
-2.585473959271574529e+00 -5.860832089748030604e+00 -4.304347377761454929e+00 8.007682709624805995e-01 5.245706938110815898e+00 5.365930081176926159e+00 1.062322194987178392e+00 -4.117095442382264103e+00 -5.902258161612059517e+00 -2.821425162855470958e+00 2.585473959263584476e+00 5.860832089736923933e+00 4.304347377756386983e+00 -8.007682709573357149e-01 -5.245706938099693240e+00 -5.365930081169003607e+00 -1.062322194988985169e+00 4.117095442372219694e+00 5.902258161602052411e+00 2.821425162853765656e+00
