-3.353899164002279942e+00 -8.119665633121615045e+00 -1.209062265703397365e+01 -1.487806529495437324e+01 -1.620913924022831409e+01 -1.595354970095489833e+01 -1.413631556203523942e+01 -1.093532036240155136e+01 -6.663899814838951663e+00 -1.740170323279791376e+00 3.353899164001542310e+00 8.119665633120854764e+00 1.209062265703326489e+01 1.487806529495377994e+01 1.620913924022790553e+01 1.595354970095470115e+01 1.413631556203528206e+01 1.093532036240183025e+01 6.663899814839428615e+00 1.740170323280432862e+00
5.668391827882578227e+00 1.198545864724735566e+01 1.712930526661881814e+01 2.059641613960611295e+01 2.204740629717934297e+01 2.134024271307238863e+01 1.854414748599604224e+01 1.393282189831752582e+01 7.957654627553401028e+00 1.203536677604415850e+00 -5.668391827881566591e+00 -1.198545864724633248e+01 -1.712930526661788022e+01 -2.059641613960534556e+01 -2.204740629717883849e+01 -2.134024271307217191e+01 -1.854414748599615592e+01 -1.393282189831795392e+01 -7.957654627554089366e+00 -1.203536677605312688e+00
5.791092701551291633e+00 1.230083406281672609e+01 1.760648408106318996e+01 2.118868876586737215e+01 2.269679696399300184e+01 2.198318453739990375e+01 1.911770484243313462e+01 1.438085099660705701e+01 8.236299257952506281e+00 1.285521162258335348e+00 -5.791092701550249799e+00 -1.230083406281567093e+01 -1.760648408106222007e+01 -2.118868876586657635e+01 -2.269679696399248314e+01 -2.198318453739967993e+01 -1.911770484243325186e+01 -1.438085099660749400e+01 -8.236299257953213271e+00 -1.285521162259257943e+00
1.368442928635948297e+00 5.503643306958667658e+00 9.100108732258549438e+00 1.180579211065918699e+01 1.335584230147813578e+01 1.359852959220333268e+01 1.251009805991681567e+01 1.019709096654719893e+01 6.885921562061536605e+00 2.900710178044692000e+00 -1.368442928635350109e+00 -5.503643306958030834e+00 -9.100108732257933042e+00 -1.180579211065864875e+01 -1.335584230147773788e+01 -1.359852959220310176e+01 -1.251009805991678370e+01 -1.019709096654736769e+01 -6.885921562061882106e+00 -2.900710178045189380e+00
-1.629392083060204666e+00 -5.541222389647949775e+00 -8.910639240770365177e+00 -1.140782063893197495e+01 -1.278832506999484409e+01 -1.291701914170660359e+01 -1.178130538166378649e+01 -9.492355365682444202e+00 -6.274227469379354716e+00 -2.441934473260160665e+00 1.629392083059630014e+00 5.541222389647343149e+00 8.910639240769784308e+00 1.140782063893147225e+01 1.278832506999447816e+01 1.291701914170640109e+01 1.178130538166377050e+01 9.492355365682620061e+00 6.274227469379695776e+00 2.441934473260644278e+00
-2.864675744780863731e+00 -2.288249747801363920e+00 -1.487833922333602121e+00 -5.417785461993434026e-01 4.573098888299960141e-01 1.411633645675300031e+00 2.227776865851960775e+00 2.825849764564904554e+00 3.147308799469201723e+00 3.160687320491624597e+00 2.864675744780863731e+00 2.288249747801408773e+00 1.487833922333688275e+00 5.417785461994635288e-01 -4.573098888298534614e-01 -1.411633645675151705e+00 -2.227776865851818222e+00 -2.825849764564783762e+00 -3.147308799469113794e+00 -3.160687320491577523e+00
-2.692913011047226135e+00 -6.501187365396927653e+00 -9.673080203985715997e+00 -1.189810455589562466e+01 -1.295845953490547942e+01 -1.275035020774225281e+01 -1.129414776533162801e+01 -8.732395448695765339e+00 -5.315855423364903132e+00 -1.378962431452513293e+00 2.692913011046635940e+00 6.501187365396321027e+00 9.673080203985149339e+00 1.189810455589515037e+01 1.295845953490515257e+01 1.275035020774209471e+01 1.129414776533166176e+01 8.732395448695987383e+00 5.315855423365285937e+00 1.378962431453026660e+00
2.539567905630875089e-01 -1.328550311348925428e+00 -2.781009652231785534e+00 -3.961244391920593522e+00 -4.753724930915646851e+00 -5.080877752523527136e+00 -4.910678859157515674e+00 -4.259788504345698890e+00 -3.191920371036824911e+00 -1.811604832393948206e+00 -2.539567905632948985e-01 1.328550311348692947e+00 2.781009652231550167e+00 3.961244391920376806e+00 4.753724930915472768e+00 5.080877752523409008e+00 4.910678859157468601e+00 4.259788504345727311e+00 3.191920371036922610e+00 1.811604832394108966e+00
-8.883663543256965500e-01 -5.138108837841226517e+00 -8.884897428999533275e+00 -1.176197035508691080e+01 -1.348769967235213585e+01 -1.389315897135813849e+01 -1.293865907091716316e+01 -1.071763307167623047e+01 -7.447490473239117392e+00 -3.448335617564084910e+00 8.883663543250961414e-01 5.138108837840579923e+00 8.884897428998902669e+00 1.176197035508634947e+01 1.348769967235171485e+01 1.389315897135788447e+01 1.293865907091710632e+01 1.071763307167638146e+01 7.447490473239449571e+00 3.448335617564576516e+00
7.744471792654930020e+00 1.749697142886679302e+01 2.553674559305285641e+01 3.107680517362217643e+01 3.357485053896382254e+01 3.278635560381269443e+01 2.878850374618865260e+01 2.197263256058771574e+01 1.300592700762345899e+01 2.766110701531194316e+00 -7.744471792653396136e+00 -1.749697142886522983e+01 -2.553674559305140690e+01 -3.107680517362097561e+01 -3.357485053896301253e+01 -3.278635560381232494e+01 -2.878850374618878050e+01 -2.197263256058833036e+01 -1.300592700762447507e+01 -2.766110701532540794e+00
-1.602796026838603227e+00 -5.332506549743270874e+00 -8.540234177801247384e+00 -1.091198418122565705e+01 -1.221559314472736446e+01 -1.232345474018110743e+01 -1.122501072310795323e+01 -9.027784447208510699e+00 -5.946855729343472063e+00 -2.283807338510073226e+00 1.602796026838053667e+00 5.332506549742691782e+00 8.540234177800693161e+00 1.091198418122517744e+01 1.221559314472701452e+01 1.232345474018091380e+01 1.122501072310793901e+01 9.027784447208681229e+00 5.946855729343799801e+00 2.283807338510536411e+00
-3.811696331001042548e+00 -9.431400705782683858e+00 -1.412789386704962524e+01 -1.744145034178509945e+01 -1.904771613533650765e+01 -1.878945876031920292e+01 -1.669195824798482164e+01 -1.296053256262604592e+01 -7.960439648697279935e+00 -2.181123438309704010e+00 3.811696331000176574e+00 9.431400705781790350e+00 1.412789386704878680e+01 1.744145034178439957e+01 1.904771613533602448e+01 1.878945876031896489e+01 1.669195824798486427e+01 1.296053256262636744e+01 7.960439648697837711e+00 2.181123438310454965e+00
1.022960189947704546e+00 -2.034190399206905919e+00 -4.892220259049232745e+00 -7.271365513832970251e+00 -8.938738849540182940e+00 -9.731126146798718679e+00 -9.570963016065986650e+00 -8.473927340500249983e+00 -6.547404615522889770e+00 -3.979976308327794143e+00 -1.022960189948090903e+00 2.034190399206464051e+00 4.892220259048777109e+00 7.271365513832542149e+00 8.938738849539831222e+00 9.731126146798473542e+00 9.570963016065869411e+00 8.473927340500280181e+00 6.547404615523054972e+00 3.979976308328084578e+00
1.763105987437262545e+00 -2.570056240275000903e+00 -6.651643456554376499e+00 -1.008212146658111941e+01 -1.252569118118807978e+01 -1.374315897135823583e+01 -1.361535060719285362e+01 -1.215477686186967787e+01 -9.504408869996616716e+00 -5.923683116817839434e+00 -1.763105987437801225e+00 2.570056240274380066e+00 6.651643456553731681e+00 1.008212146658050834e+01 1.252569118118757352e+01 1.374315897135787168e+01 1.361535060719267420e+01 1.215477686186970452e+01 9.504408869996836984e+00 5.923683116818239114e+00
-4.790642115870437756e+00 -1.049690859993664382e+01 -1.517566453397833470e+01 -1.836892068836208125e+01 -1.976409890197292540e+01 -1.922462941048445373e+01 -1.680331924642852570e+01 -1.273718311892283772e+01 -7.424242762563910247e+00 -1.384565796864285936e+00 4.790642115869532702e+00 1.049690859993572367e+01 1.517566453397748560e+01 1.836892068836138137e+01 1.976409890197246000e+01 1.922462941048424767e+01 1.680331924642861097e+01 1.273718311892320898e+01 7.424242762564515985e+00 1.384565796865083964e+00
-4.031793797381231670e+00 -9.844729785492235763e+00 -1.469399502993353401e+01 -1.810490966176156391e+01 -1.974358959157332905e+01 -1.944962941048446226e+01 -1.725180398916095825e+01 -1.336525179299209576e+01 -8.170415630140331231e+00 -2.175802258777422171e+00 4.031793797380332833e+00 9.844729785491310281e+00 1.469399502993267070e+01 1.810490966176083560e+01 1.974358959157283167e+01 1.944962941048422067e+01 1.725180398916100444e+01 1.336525179299243504e+01 8.170415630140912100e+00 2.175802258778201992e+00
1.035065109248303195e-01 -1.279821458581353211e+00 -2.537871586681156089e+00 -3.547497161485517747e+00 -4.209868997257571799e+00 -4.460149523696008700e+00 -4.273839539066068838e+00 -3.669176362761323418e+00 -2.705348639414557610e+00 -1.476702541969574511e+00 -1.035065109250149495e-01 1.279821458581148264e+00 2.537871586680950475e+00 3.547497161485329453e+00 4.209868997257423473e+00 4.460149523695911000e+00 4.273839539066032422e+00 3.669176362761353616e+00 2.705348639414648204e+00 1.476702541969719285e+00
-4.104979128774068009e+00 -9.734842482210206427e+00 -1.441179162685174120e+01 -1.767801419420038300e+01 -1.921378956225326817e+01 -1.886878533760922139e+01 -1.667677293756219115e+01 -1.285232180847721573e+01 -7.769795873386994067e+00 -1.926708182858617668e+00 4.104979128773192265e+00 9.734842482209305814e+00 1.441179162685090454e+01 1.767801419419968312e+01 1.921378956225278856e+01 1.886878533760899757e+01 1.667677293756224799e+01 1.285232180847755146e+01 7.769795873387563390e+00 1.926708182859381280e+00
-3.601241256638528121e+00 -9.092582604773651767e+00 -1.369387861580536025e+01 -1.695472237705945773e+01 -1.855591978154997435e+01 -1.834073447112708166e+01 -1.633023028325920123e+01 -1.272120937586119283e+01 -7.866947860876432941e+00 -2.242614677020351444e+00 3.601241256637684796e+00 9.092582604772781352e+00 1.369387861580454313e+01 1.695472237705877205e+01 1.855591978154949828e+01 1.834073447112684718e+01 1.633023028325923676e+01 1.272120937586150369e+01 7.866947860876971177e+00 2.242614677021080638e+00
-4.450413005024284274e+00 -9.957303809419205010e+00 -1.448950434033310408e+01 -1.760337123210223709e+01 -1.899409749777387901e+01 -1.852554916070445756e+01 -1.624359099669454665e+01 -1.237159697017487403e+01 -7.288584834229882681e+00 -1.492115232153893967e+00 4.450413005023415636e+00 9.957303809418320384e+00 1.448950434033228518e+01 1.760337123210156207e+01 1.899409749777342782e+01 1.852554916070425151e+01 1.624359099669462125e+01 1.237159697017522220e+01 7.288584834230460885e+00 1.492115232154657356e+00
