1.081433855342211814e+00 -4.801662780622802940e-01 -7.846747752483727023e-01 9.651219592804707315e-01 1.881966011243261239e-01 -1.081433855342630590e+00 4.801662780621553939e-01 7.846747752488695271e-01 -9.651219592806520309e-01 -1.881966011247097059e-01 1.081433855343049810e+00 -4.801662780620278848e-01 -7.846747752493644645e-01 9.651219592808331083e-01 1.881966011250960635e-01 -1.081433855343468364e+00 4.801662780619039284e-01 7.846747752498598460e-01 -9.651219592810152959e-01 -1.881966011254786464e-01
-2.186803398872482429e+00 -1.391186271091876092e+00 3.046603799089690590e+00 -4.917184269997039725e-01 -2.742705098309695888e+00 2.186803398872591231e+00 1.391186271093171056e+00 -3.046603799090601861e+00 4.917184269989696710e-01 2.742705098311058798e+00 -2.186803398872700921e+00 -1.391186271094473570e+00 3.046603799091513132e+00 -4.917184269982350364e-01 -2.742705098312426149e+00 2.186803398872814164e+00 1.391186271095766092e+00 -3.046603799092425291e+00 4.917184269975067856e-01 2.742705098313789058e+00
-2.057294901685197352e+00 -1.336677773904755728e+00 2.883407197965073721e+00 -4.453658778433702281e-01 -2.608155948028866966e+00 2.057294901685291499e+00 1.336677773905986522e+00 -2.883407197965929036e+00 4.453658778426664577e-01 2.608155948030156601e+00 -2.057294901685385646e+00 -1.336677773907224198e+00 2.883407197966785684e+00 -4.453658778419624098e-01 -2.608155948031449789e+00 2.057294901685483346e+00 1.336677773908452549e+00 -2.883407197967642777e+00 4.453658778412643016e-01 2.608155948032738980e+00
4.156433855339169092e+00 9.342979003420179840e-01 -4.733861713368706425e+00 1.991389536561194884e+00 3.503115294933780710e+00 -4.156433855339910721e+00 -9.342979003437250629e-01 4.733861713370504987e+00 -1.991389536560596252e+00 -3.503115294935946977e+00 4.156433855340653238e+00 9.342979003454443543e-01 -4.733861713372301772e+00 1.991389536559996953e+00 3.503115294938121238e+00 -4.156433855341399308e+00 -9.342979003471469923e-01 4.733861713374101221e+00 -1.991389536559406537e+00 -3.503115294940285285e+00
3.798277907308169610e+00 1.348355547810741184e+00 -4.631607464775122196e+00 1.514135287967505183e+00 3.695820393246339819e+00 -3.798277907308693191e+00 -1.348355547812519317e+00 4.631607464776745786e+00 -1.514135287966727583e+00 -3.695820393248442581e+00 3.798277907309216772e+00 1.348355547814309219e+00 -4.631607464778368488e+00 1.514135287965949539e+00 3.695820393250552449e+00 -3.798277907309744794e+00 -1.348355547816083133e+00 4.631607464779993855e+00 -1.514135287965180154e+00 -3.695820393252652991e+00
1.569630456466167390e+00 5.335624789682642533e-01 -1.899390203590384685e+00 6.403252247489696902e-01 1.503647450841913757e+00 -1.569630456466390767e+00 -5.335624789689885628e-01 1.899390203591056814e+00 -6.403252247486593829e-01 -1.503647450842776623e+00 1.569630456466614810e+00 5.335624789697177572e-01 -1.899390203591728721e+00 6.403252247483487425e-01 1.503647450843642819e+00 -1.569630456466840407e+00 -5.335624789704405124e-01 1.899390203592401072e+00 -6.403252247480418768e-01 -1.503647450844504796e+00
-1.981762745778719692e+00 -1.030243918561187133e+00 2.618488504152613139e+00 -5.880709761556726090e-01 -2.255040653091481495e+00 1.981762745778890222e+00 1.030243918562259164e+00 -2.618488504153447582e+00 5.880709761551144998e-01 2.255040653092660108e+00 -1.981762745779061641e+00 -1.030243918563337635e+00 2.618488504154282026e+00 -5.880709761545561687e-01 -2.255040653093841829e+00 1.981762745779235946e+00 1.030243918564407224e+00 -2.618488504155117358e+00 5.880709761540032776e-01 2.255040653095019110e+00
-3.081559480309596921e-01 2.786474508436488362e-01 1.359423525311312664e-01 -3.626644452185371903e-01 8.819660112500470051e-02 3.081559480311232835e-01 -2.786474508436758146e-01 -1.359423525312784820e-01 3.626644452186549294e-01 -8.819660112493064863e-02 -3.081559480312869859e-01 2.786474508437022379e-01 1.359423525314249204e-01 -3.626644452187726131e-01 8.819660112485577796e-02 3.081559480314502997e-01 -2.786474508437294939e-01 -1.359423525315714143e-01 3.626644452188904078e-01 -8.819660112478211467e-02
-1.429508497186013027e+00 -1.934220259841677780e+00 2.624922359496884461e+00 3.119290238434830886e-01 -2.817705098310074430e+00 1.429508497185764337e+00 1.934220259842976297e+00 -2.624922359497438684e+00 -3.119290238444407670e-01 2.817705098311220624e+00 -1.429508497185515870e+00 -1.934220259844281031e+00 2.624922359497996016e+00 3.119290238453984454e-01 -2.817705098312368595e+00 1.429508497185271620e+00 1.934220259845578216e+00 -2.624922359498553348e+00 -3.119290238463501286e-01 2.817705098313514789e+00
-2.809016994370596154e-01 -2.159830056247811492e-01 4.143865379055576836e-01 -4.012195928119141608e-02 -3.895898033746022504e-01 2.809016994370620024e-01 2.159830056249639196e-01 -4.143865379056731468e-01 4.012195928107972764e-02 3.895898033747866029e-01 -2.809016994370644449e-01 -2.159830056251477171e-01 4.143865379057888876e-01 -4.012195928096799757e-02 -3.895898033749715106e-01 2.809016994370674425e-01 2.159830056253301822e-01 -4.143865379059046283e-01 4.012195928085714181e-02 3.895898033751558076e-01
-2.065450849716193193e+00 -7.116777739052986274e-01 2.505291903027766054e+00 -8.366777739054929164e-01 -1.988196601122976803e+00 2.065450849716484516e+00 7.116777739062560837e-01 -2.505291903028650236e+00 8.366777739050801355e-01 1.988196601124114338e+00 -2.065450849716775839e+00 -7.116777739072198683e-01 2.505291903029533973e+00 -8.366777739046670215e-01 -1.988196601125256535e+00 2.065450849717069826e+00 7.116777739081749932e-01 -2.505291903030418155e+00 8.366777739042587925e-01 1.988196601126393182e+00
5.047416860962590235e+00 1.716796067497955658e+00 -6.108455182429060493e+00 2.058436853997979377e+00 4.836271242963893435e+00 -5.047416860963308771e+00 -1.716796067500285128e+00 6.108455182431222319e+00 -2.058436853996981508e+00 -4.836271242966668993e+00 5.047416860964028196e+00 1.716796067502630807e+00 -6.108455182433382369e+00 2.058436853995981863e+00 4.836271242969454320e+00 -5.047416860964752949e+00 -1.716796067504954948e+00 6.108455182435545083e+00 -2.058436853994994653e+00 -4.836271242972227213e+00
-2.228976341278816609e+00 -1.345162612373005828e+00 3.060332556121147185e+00 -5.462269241873087822e-01 -2.722745751403540027e+00 2.228976341278950724e+00 1.345162612374293687e+00 -3.060332556122077996e+00 5.462269241865942426e-01 2.722745751404911374e+00 -2.228976341279084838e+00 -1.345162612375589095e+00 3.060332556123010583e+00 -5.462269241858793700e-01 -2.722745751406287162e+00 2.228976341279223394e+00 1.345162612376874511e+00 -3.060332556123942727e+00 5.462269241851709367e-01 2.722745751407658066e+00
-2.628647450840702948e+00 -1.059955681217430890e+00 3.283736088401912223e+00 -9.695048314992041893e-01 -2.684549150278686458e+00 2.628647450841025357e+00 1.059955681218717416e+00 -3.283736088403030884e+00 9.695048314986070004e-01 2.684549150280172380e+00 -2.628647450841348210e+00 -1.059955681220012380e+00 3.283736088404149989e+00 -9.695048314980092563e-01 -2.684549150281664520e+00 2.628647450841674171e+00 1.059955681221295798e+00 -3.283736088405269538e+00 9.695048314974181736e-01 2.684549150283149554e+00
-1.986271242966650474e+00 -1.023810063217326149e+00 2.619020660059338201e+00 -5.948337219372050733e-01 -2.251393202247945702e+00 1.986271242966824335e+00 1.023810063218396404e+00 -2.619020660060175310e+00 5.948337219366497397e-01 2.251393202249124315e+00 -1.986271242966998418e+00 -1.023810063219473321e+00 2.619020660061012418e+00 -5.948337219360942951e-01 -2.251393202250306924e+00 1.986271242967176054e+00 1.023810063220541799e+00 -2.619020660061849970e+00 5.948337219355441796e-01 2.251393202251484649e+00
-2.274467844091409674e+00 -1.551596467717022199e+00 3.233407197965013413e+00 -4.467590800934756468e-01 -2.957294901685087130e+00 2.274467844091490498e+00 1.551596467718415528e+00 -3.233407197965956215e+00 4.467590800926631855e-01 2.957294901686531308e+00 -2.274467844091571767e+00 -1.551596467719816408e+00 3.233407197966900348e+00 -4.467590800918502802e-01 -2.957294901687979483e+00 2.274467844091656588e+00 1.551596467721206851e+00 -3.233407197967844926e+00 4.467590800910443694e-01 2.957294901689422773e+00
-3.135410196621144063e+00 -5.695048314986018712e-01 3.487383539244954811e+00 -1.585816727561360384e+00 -2.507294901684495425e+00 3.135410196621745804e+00 5.695048314998295558e-01 -3.487383539246316833e+00 1.585816727560972250e+00 2.507294901686095479e+00 -3.135410196622347989e+00 -5.695048315010667883e-01 3.487383539247677966e+00 -1.585816727560582784e+00 -2.507294901687702193e+00 3.135410196622952839e+00 5.695048315022913643e-01 -3.487383539249039988e+00 1.585816727560200423e+00 2.507294901689300914e+00
-3.160410196621502799e+00 -1.332169276716727913e+00 3.983736088401147679e+00 -1.129915028124274468e+00 -3.285410196621682211e+00 3.160410196621872725e+00 1.332169276718300210e+00 -3.983736088402490161e+00 1.129915028123529286e+00 3.285410196623483881e+00 -3.160410196622242651e+00 -1.332169276719882722e+00 3.983736088403833531e+00 -1.129915028122783882e+00 -3.285410196625291768e+00 3.160410196622617018e+00 1.332169276721451245e+00 -3.983736088405177345e+00 1.129915028122046472e+00 3.285410196627092105e+00
-6.067627457803448365e-01 -5.314338553428957779e-01 9.352069311546956643e-01 -4.655581462505037349e-02 -9.064338553426075640e-01 6.067627457803296265e-01 5.314338553433193280e-01 -9.352069311549424668e-01 4.655581462477886845e-02 9.064338553430220102e-01 -6.067627457803146385e-01 -5.314338553437449875e-01 9.352069311551899355e-01 -4.655581462450728014e-02 -9.064338553434375667e-01 6.067627457803008717e-01 5.314338553441677604e-01 -9.352069311554375153e-01 4.655581462423771799e-02 9.064338553438519019e-01
-2.727786404496678863e+00 -8.722912359986444431e-01 3.266892036432811786e+00 -1.146759080092844219e+00 -2.558155948028403071e+00 2.727786404497083872e+00 8.722912359998789000e-01 -3.266892036433981961e+00 1.146759080092330629e+00 2.558155948029889437e+00 -2.727786404497490214e+00 -8.722912360011219057e-01 3.266892036435151692e+00 -1.146759080091816596e+00 -2.558155948031380689e+00 2.727786404497899220e+00 8.722912360023536982e-01 -3.266892036436322311e+00 1.146759080091308780e+00 2.558155948032865279e+00
