1.354647501580402924e+00 -1.578353128223618729e+00 -4.356853556804322736e+00 -6.708874803261390518e+00 -8.404184640495952152e+00 -9.276834329721266315e+00 -9.241402839248022971e+00 -8.301358450229427532e+00 -6.548719257136973226e+00 -4.155045795545837528e+00 -1.354647501580224844e+00 1.578353128224292856e+00 4.356853556805420524e+00 6.708874803262811604e+00 8.404184640497552650e+00 9.276834329722891681e+00 9.241402839249516887e+00 8.301358450230639008e+00 6.548719257137786798e+00 4.155045795546170595e+00
3.598469021801171674e-01 -2.720743245926785292e+00 -5.535008088589605357e+00 -7.807467774872335120e+00 -9.315678117523956914e+00 -9.912004979886331668e+00 -9.538075733817834134e+00 -8.230493179241877399e+00 -6.117252607063687897e+00 -3.405212728300900160e+00 -3.598469021797430223e-01 2.720743245927665477e+00 5.535008088590899433e+00 7.807467774873924071e+00 9.315678117525678203e+00 9.912004979888020983e+00 9.538075733819326274e+00 8.230493179243024926e+00 6.117252607064380676e+00 3.405212728301067138e+00
-1.641544640628527230e+00 -4.055570102201711435e+00 -6.072608105353017649e+00 -7.495216916803834728e+00 -8.184141674190914983e+00 -8.071945622240146889e+00 -7.169611292232304756e+00 -5.565465455321492172e+00 -3.416533082765774054e+00 -9.331666476831373958e-01 1.641544640629158947e+00 4.055570102202713301e+00 6.072608105354285968e+00 7.495216916805253149e+00 8.184141674192339622e+00 8.071945622241438301e+00 7.169611292233339483e+00 5.565465455322166299e+00 3.416533082766023632e+00 9.331666476829364454e-01
8.547526058453144060e+00 1.456303946101594349e+01 1.915302109447234713e+01 2.186817157625704411e+01 2.244271305964709740e+01 2.082040542118231130e+01 1.716005143579750580e+01 1.181995205476794375e+01 5.322833412168946232e+00 -1.695321251174502830e+00 -8.547526058455501285e+00 -1.456303946101916225e+01 -1.915302109447609880e+01 -2.186817157626097696e+01 -2.244271305965081709e+01 -2.082040542118545190e+01 -1.716005143579977243e+01 -1.181995205476910371e+01 -5.322833412168889389e+00 1.695321251175772037e+00
7.988839031829812143e+00 1.376611377597482111e+01 1.819586538957299737e+01 2.084447892079094800e+01 2.145268962321740958e+01 1.996096159564566008e+01 1.651531557089467128e+01 1.145303538909453600e+01 5.269652305419824323e+00 -1.429561061736165151e+00 -7.988839031832039694e+00 -1.376611377597787822e+01 -1.819586538957657140e+01 -2.084447892079470677e+01 -2.145268962322097295e+01 -1.996096159564867989e+01 -1.651531557089685975e+01 -1.145303538909567465e+01 -5.269652305419803895e+00 1.429561061737345984e+00
1.072748309214707874e+01 2.124118984891401851e+01 2.967566094719747838e+01 3.520527158948167568e+01 3.728874495903693997e+01 3.572213616603850994e+01 3.065879579435023317e+01 2.259435887791968156e+01 1.231822869036292012e+01 8.363044524470586438e-01 -1.072748309215045914e+01 -2.124118984891896389e+01 -2.967566094720347891e+01 -3.520527158948817714e+01 -3.728874495904327091e+01 -3.572213616604406639e+01 -3.065879579435448932e+01 -2.259435887792220043e+01 -1.231822869036346368e+01 -8.363044524455665041e-01
1.095591873249824744e+01 2.107007684621756738e+01 2.912174903437171736e+01 3.432278152388520454e+01 3.616406101696016862e+01 3.446535024786571455e+01 2.939293086229456620e+01 2.144332661133033469e+01 1.139470014720705215e+01 2.306810411304969222e-01 -1.095591873250161186e+01 -2.107007684622242394e+01 -2.912174903437757223e+01 -3.432278152389150705e+01 -3.616406101696629349e+01 -3.446535024787105073e+01 -2.939293086229861274e+01 -2.144332661133268658e+01 -1.139470014720747670e+01 -2.306810411289514917e-01
3.160844714598451066e+00 2.773810563313992006e-01 -2.633234592356932247e+00 -5.286090892321228196e+00 -7.421507785384269695e+00 -8.830455787728661576e+00 -9.375017252166928827e+00 -9.001886708377007551e+00 -7.747588773738382173e+00 -5.734902869301049755e+00 -3.160844714598597172e+00 -2.773810563310332711e-01 2.633234592357768022e+00 5.286090892322460988e+00 7.421507785385775158e+00 8.830455787730290496e+00 9.375017252168527548e+00 9.001886708378412649e+00 7.747588773739460422e+00 5.734902869301693684e+00
3.433546665580775148e+00 2.493317830819529402e+00 1.309025674810801787e+00 -3.403034766625623320e-03 -1.315498631590803935e+00 -2.498824056736996368e+00 -3.437547172878845814e+00 -4.039779220939840876e+00 -4.246569532058344087e+00 -4.037676029789246890e+00 -3.433546665581246327e+00 -2.493317830819799852e+00 -1.309025674810847972e+00 3.403034766811474654e-03 1.315498631591202283e+00 2.498824056737568355e+00 3.437547172879536372e+00 4.039779220940580728e+00 4.246569532059061736e+00 4.037676029789871279e+00
2.946389049248761882e+00 2.177318094921515179e+00 1.195116075196114735e+00 9.592776716715545327e-02 -1.012650619080218473e+00 -2.022103707180314736e+00 -2.833619195596656759e+00 -3.367760294162165380e+00 -3.572241550569366986e+00 -3.427046914736425975e+00 -2.946389049249170888e+00 -2.177318094921758984e+00 -1.195116075196170913e+00 -9.592776716701578721e-02 1.012650619080539105e+00 2.022103707180784582e+00 2.833619195597231410e+00 3.367760294162787105e+00 3.572241550569975388e+00 3.427046914736960659e+00
3.166632045831977216e+00 -8.883008020004645289e+00 -2.006311736928740430e+01 -2.927930900250616375e+01 -3.562943786961847792e+01 -3.849190911316182451e+01 -3.758652410380815923e+01 -3.300190823446121158e+01 -2.518683564930957530e+01 -1.490630010380030868e+01 -3.166632045830824360e+00 8.883008020007800098e+00 2.006311736929223244e+01 2.927930900251222113e+01 3.562943786962514281e+01 3.849190911316846098e+01 3.758652410381412778e+01 3.300190823446590827e+01 2.518683564931254892e+01 1.490630010380126436e+01
2.655821010881714628e+00 -9.396383720582317522e+00 -2.052880494502111475e+01 -2.965172370884696562e+01 -3.587212516034388443e+01 -3.858111306535385410e+01 -3.751351281310576979e+01 -3.277382855469791423e+01 -2.482601360866517837e+01 -1.444805547760805808e+01 -2.655821010880471178e+00 9.396383720585561150e+00 2.052880494502601039e+01 2.965172370885306563e+01 3.587212516035057774e+01 3.858111306536048346e+01 3.751351281311170283e+01 3.277382855470255407e+01 2.482601360866807738e+01 1.444805547760892850e+01
2.491317839743489415e+00 8.194077607858396561e-03 -2.475731777935611611e+00 -4.717315757617226879e+00 -6.497136003471793764e+00 -7.640971309098204323e+00 -8.036855105212525885e+00 -7.646035527566466428e+00 -6.506768719420104929e+00 -4.730574053693393566e+00 -2.491317839743575124e+00 -8.194077607506233818e-03 2.475731777936362121e+00 4.717315757618309568e+00 6.497136003473097610e+00 7.640971309099604092e+00 8.036855105213884798e+00 7.646035527567649481e+00 6.506768719420998437e+00 4.730574053693907821e+00
8.236568136652971717e+00 1.158628520945900497e+01 1.380185595956737998e+01 1.466640488516832264e+01 1.409530391375740166e+01 1.214445638751071144e+01 9.004824854651204191e+00 4.983738324714316548e+00 4.748087638075242367e-01 -4.080598387088087087e+00 -8.236568136654897287e+00 -1.158628520946136220e+01 -1.380185595956993083e+01 -1.466640488517082552e+01 -1.409530391375960434e+01 -1.214445638751240253e+01 -9.004824854652220267e+00 -4.983738324714554579e+00 -4.748087638069629079e-01 4.080598387089394485e+00
2.480807959263367835e+00 4.581446362948708995e-01 -1.609365075755619934e+00 -3.519338921085382488e+00 -5.084815352143247758e+00 -6.152554628541592407e+00 -6.618038990529537813e+00 -6.435703585535432758e+00 -5.623396673405539836e+00 -4.260632514374172786e+00 -2.480807959263517048e+00 -4.581446362946572926e-01 1.609365075756171048e+00 3.519338921086223149e+00 5.084815352144293144e+00 6.152554628542739934e+00 6.618038990530678234e+00 6.435703585536449722e+00 5.623396673406336532e+00 4.260632514374669277e+00
3.226277756729952095e+00 1.161377422674326088e+00 -1.017206625305050682e+00 -3.096219401504335167e+00 -4.872152650055364909e+00 -6.171165650935415137e+00 -6.866101960862549980e+00 -6.888936371915100665e+00 -6.237433692842518695e+00 -4.975367545158491112e+00 -3.226277756730226098e+00 -1.161377422674220838e+00 1.017206625305521861e+00 3.096219401505131419e+00 4.872152650056404966e+00 6.171165650936598190e+00 6.866101960863761455e+00 6.888936371916219770e+00 6.237433692843437072e+00 4.975367545159118166e+00
2.980034513766645965e+00 5.837689566236012872e-01 -1.869639973351334472e+00 -4.140035516187040798e+00 -6.005175537374836559e+00 -7.282487136446174070e+00 -7.846938154530706200e+00 -7.643276193216804515e+00 -6.691437104274164938e+00 -5.084593529581369786e+00 -2.980034513766830706e+00 -5.837689566233548177e-01 1.869639973351982842e+00 4.140035516188033782e+00 6.005175537376072903e+00 7.282487136447533871e+00 7.846938154532059784e+00 7.643276193218013326e+00 6.691437104275115288e+00 5.084593529581965754e+00
2.797323786611239260e+00 1.653062727137251109e+00 3.469883703657532514e-01 -9.930516257073231934e-01 -2.235884809658686745e+00 -3.259854010115195155e+00 -3.964725987323220124e+00 -4.281502961021784515e+00 -4.179176593910295168e+00 -3.667763303751336412e+00 -2.797323786611569219e+00 -1.653062727137356136e+00 -3.469883703656260199e-01 9.930516257076738018e-01 2.235884809659224537e+00 3.259854010115867951e+00 3.964725987323963530e+00 4.281502961022521703e+00 4.179176593910957749e+00 3.667763303751857773e+00
3.357346388922308744e+00 2.328637606152835993e+00 1.071985549920848824e+00 -2.895999208999473495e-01 -1.622837333701806273e+00 -2.797220121308402252e+00 -3.697791514062771512e+00 -4.236397309392256005e+00 -4.360315019362748679e+00 -4.057414715136871131e+00 -3.357346388922753722e+00 -2.328637606153067363e+00 -1.071985549920846381e+00 2.895999209001867136e-01 1.622837333702257911e+00 2.797220121309021312e+00 3.697791514063498930e+00 4.236397309393018951e+00 4.360315019363473432e+00 4.057414715137485750e+00
3.129469563130586884e+00 2.287179405367106177e+00 1.221004191690295615e+00 3.530858049435803281e-02 -1.153843280569753826e+00 -2.230048922032876746e+00 -3.087961837342972249e+00 -3.643603532918718635e+00 -3.842583928213809674e+00 -3.665425435758816519e+00 -3.129469563131018539e+00 -2.287179405367357532e+00 -1.221004191690343799e+00 -3.530858049419638434e-02 1.153843280570108654e+00 2.230048922033389669e+00 3.087961837343594418e+00 3.643603532919387433e+00 3.842583928214460709e+00 3.665425435759384953e+00
