-2.424260903216435281e+00 -2.645570831469358009e+00 -6.857941340489825954e-01 1.839371475264344857e+00 2.848104987344819872e+00 1.508776741819367828e+00 -1.074431551658534545e+00 -2.771846783144837012e+00 -2.184069769835166319e+00 2.043187817712810439e-01 2.424260903218530494e+00 2.645570831470957618e+00 6.857941340487669901e-01 -1.839371475266196709e+00 -2.848104987346782746e+00 -1.508776741819820355e+00 1.074431551659962958e+00 2.771846783146970417e+00 2.184069769836248120e+00 -2.043187817721485722e-01
-3.401351534686161582e+00 -3.262284643171136089e+00 -4.336940693859097085e-01 2.752446687188087271e+00 3.669389210286950309e+00 1.561179038267267449e+00 -1.834113180524112430e+00 -3.717308395362196372e+00 -2.535844925509578740e+00 7.362438967321416339e-01 3.401351534688960676e+00 3.262284643172979948e+00 4.336940693852766593e-01 -2.752446687190673202e+00 -3.669389210289359493e+00 -1.561179038267509034e+00 1.834113180526234066e+00 3.717308395364934626e+00 2.535844925510679637e+00 -7.362438967335935835e-01
-2.800811605027828666e+00 -3.264839380418062653e+00 -1.037237272798778420e+00 2.045493836260107390e+00 3.441859494016703103e+00 2.000654665831453016e+00 -1.089948879005397941e+00 -3.281966419495955023e+00 -2.768234040792294515e+00 2.771213135287742269e-02 2.800811605030314233e+00 3.264839380420096582e+00 1.037237272798682497e+00 -2.045493836262252341e+00 -3.441859494019131382e+00 -2.000654665832158230e+00 1.089948879006994220e+00 3.281966419498538290e+00 2.768234040793737805e+00 -2.771213135377026404e-02
2.417087019511830803e+00 6.903316049822579181e+00 5.698247712487407135e+00 -2.046241112044785426e-01 -5.938797782147116067e+00 -6.776851394182388688e+00 -2.027868830808517320e+00 4.392948609517611125e+00 7.192089644315341701e+00 4.061859842670029863e+00 -2.417087019515247626e+00 -6.903316049827976641e+00 -5.698247712490326577e+00 2.046241112064388634e-01 5.938797782152348326e+00 6.776851394186569344e+00 2.027868830808206013e+00 -4.392948609522162151e+00 -7.192089644320379449e+00 -4.061859842671396770e+00
2.056678566018081522e+00 6.130417191800333399e+00 5.150059065462833985e+00 -7.615965757256237811e-02 -5.239590112545159606e+00 -6.083347934850656280e+00 -1.911814288792533789e+00 3.835875446702890379e+00 6.421156323198485616e+00 3.712646532178105030e+00 -2.056678566021068910e+00 -6.130417191805154431e+00 -5.150059065465507402e+00 7.615965757423714955e-02 5.239590112549808332e+00 6.083347934854439032e+00 1.911814288792336169e+00 -3.835875446706908498e+00 -6.421156323203009997e+00 -3.712646532179402215e+00
4.223332512836664776e+00 1.193721266388304159e+01 9.809702601782040787e+00 -4.052156264791428875e-01 -1.028606214026923737e+01 -1.168677563394965269e+01 -3.452566588703050776e+00 7.628040187156393870e+00 1.241986564051354591e+01 6.972387530738804351e+00 -4.223332512842596032e+00 -1.193721266389236213e+01 -9.809702601787050114e+00 4.052156264825650389e-01 1.028606214027828081e+01 1.168677563395685048e+01 3.452566588702475237e+00 -7.628040187164275565e+00 -1.241986564052223052e+01 -6.972387530741127826e+00
4.076251395921193676e+00 1.195055731286185186e+01 9.972471294431063171e+00 -2.272142013099052171e-01 -1.023957760771523517e+01 -1.181013121372900798e+01 -3.644064302421653245e+00 7.526276702992719336e+00 1.249173320380555730e+01 7.158636402544977351e+00 -4.076251395927051213e+00 -1.195055731287122924e+01 -9.972471294436214606e+00 2.272142013132190108e-01 1.023957760772429282e+01 1.181013121373633190e+01 3.644064302421209156e+00 -7.526276703000569945e+00 -1.249173320381433783e+01 -7.158636402547444710e+00
-2.853393477600419281e+00 -3.187790700785534614e+00 -8.940792450329633212e-01 2.136737511563620018e+00 3.405964839667606991e+00 1.867214293602857067e+00 -1.210922790369076685e+00 -3.290739409290758921e+00 -2.657573397468395271e+00 1.665745094576580598e-01 2.853393477602907957e+00 3.187790700787483722e+00 8.940792450327637031e-01 -2.136737511565801828e+00 -3.405964839669973987e+00 -1.867214293603454589e+00 1.210922790370738911e+00 3.290739409293311546e+00 2.657573397469737309e+00 -1.665745094586401631e-01
-1.645594567472291825e+00 -1.468926392734110298e+00 -8.123197323212083543e-02 1.373432480973399539e+00 1.695798687903444124e+00 6.200984382396201866e-01 -9.668292539699715471e-01 -1.756674392176714949e+00 -1.098265347632600086e+00 4.655860432922986902e-01 1.645594567473612102e+00 1.468926392734904773e+00 8.123197323173414475e-02 -1.373432480974648096e+00 -1.695798687904525925e+00 -6.200984382396415029e-01 9.668292539710263700e-01 1.756674392177977273e+00 1.098265347633031297e+00 -4.655860432930583048e-01
-1.675387488857253970e+00 -1.186705182065533881e+00 2.803318791830904377e-01 1.516255070728225407e+00 1.502132859392397268e+00 2.496080127411728355e-01 -1.208701041906014018e+00 -1.670521306467061873e+00 -7.551145332572729574e-01 7.828309335865865082e-01 1.675387488858501861e+00 1.186705182066067454e+00 -2.803318791837110524e-01 -1.516255070729488397e+00 -1.502132859393261466e+00 -2.496080127409245897e-01 1.208701041907168872e+00 1.670521306468171652e+00 7.551145332574253910e-01 -7.828309335875216490e-01
-7.760508097059866550e+00 -1.432118728459963819e+01 -9.075057265351956559e+00 3.652817636034200177e+00 1.336920193690290937e+01 1.206362183082884343e+01 8.124360658851443873e-01 -1.110854595491491281e+01 -1.387131503931010812e+01 -5.198162865102650798e+00 7.760508097068393951e+00 1.432118728460997659e+01 9.075057265355567893e+00 -3.652817636040284643e+00 -1.336920193691368652e+01 -1.206362183083540884e+01 -8.124360658820986014e-01 1.110854595492506824e+01 1.387131503931900411e+01 5.198162865102936792e+00
-7.085821334538549010e+00 -1.379138725527941389e+01 -9.126926740076250155e+00 3.062041382139704560e+00 1.272657227273962910e+01 1.189894160616171170e+01 1.261472515241408132e+00 -1.041599172490096414e+01 -1.350620516303646923e+01 -5.461504693636732632e+00 7.085821334546558603e+00 1.379138725528948939e+01 9.126926740080072875e+00 -3.062041382145278767e+00 -1.272657227275001723e+01 -1.189894160616833219e+01 -1.261472515238813541e+00 1.041599172491064174e+01 1.350620516304525331e+01 5.461504693637367680e+00
-2.593577044892518835e+00 -3.238506519719745125e+00 -1.213515698595830417e+00 1.811933257600098823e+00 3.343570992507271633e+00 2.118670181177150003e+00 -8.529248185721542974e-01 -3.121343440519376955e+00 -2.816434464782131997e+00 -1.895738443746670665e-01 2.593577044894887607e+00 3.238506519721820354e+00 1.213515698595899250e+00 -1.811933257602090563e+00 -3.343570992509685258e+00 -2.118670181177991108e+00 8.529248185735762711e-01 3.121343440521891388e+00 2.816434464783668545e+00 1.895738443739527490e-01
6.447926250598261522e-01 4.187781973688688097e+00 4.278240342841213462e+00 8.415911848804185080e-01 -3.288890568977666629e+00 -4.707913930578421891e+00 -2.245594185934641551e+00 2.068059640326787907e+00 4.676744100825768413e+00 3.429782782095539329e+00 -6.447926250614679500e-01 -4.187781973692219495e+00 -4.278240342843716348e+00 -8.415911848798330874e-01 3.288890568980862739e+00 4.707913930581589135e+00 2.245594185935170906e+00 -2.068059640329335203e+00 -4.676744100829289152e+00 -3.429782782097131388e+00
-2.792777606559592840e+00 -2.882305408943373948e+00 -5.955756173996167302e-01 2.182164279878798574e+00 3.160863580984158094e+00 1.533653714942754265e+00 -1.357945509450711130e+00 -3.130014402686862596e+00 -2.321607101273972518e+00 4.008015711945669413e-01 2.792777606561954507e+00 2.882305408945069480e+00 5.955756173992463598e-01 -2.182164279880927982e+00 -3.160863580986292831e+00 -1.533653714943130852e+00 1.357945509452400001e+00 3.130014402689226038e+00 2.321607101275065421e+00 -4.008015711956522953e-01
-2.108509564844377238e+00 -3.061144708064445386e+00 -1.490081864222312813e+00 1.309448419068114600e+00 3.029430802954442115e+00 2.251861078566161467e+00 -3.822093385695527479e-01 -2.701175103565784053e+00 -2.793212440901629456e+00 -5.824430549976319371e-01 2.108509564846436035e+00 3.061144708066514397e+00 1.490081864222683627e+00 -1.309448419069745517e+00 -3.029430802956733171e+00 -2.251861078567219732e+00 3.822093385705968571e-01 2.701175103568071556e+00 2.793212440903275695e+00 5.824430549972753335e-01
-2.878005883286676614e+00 -3.125486779730250575e+00 -7.962241874341178249e-01 2.189469109945994862e+00 3.370099493786688605e+00 1.772320452466128460e+00 -1.286611845195264836e+00 -3.284823388527599697e+00 -2.574929643128514467e+00 2.578120486846298132e-01 2.878005883289159073e+00 3.125486779732135734e+00 7.962241874338504832e-01 -2.189469109948192660e+00 -3.370099493789007639e+00 -1.772320452466652707e+00 1.286611845196964810e+00 3.284823388530123900e+00 2.574929643129784562e+00 -2.578120486856674276e-01
-1.771427877848921639e+00 -1.580938781657174497e+00 -8.707712342152984508e-02 1.478573483738941263e+00 1.825244499766513373e+00 6.671301138423455512e-01 -1.040986015213285487e+00 -1.890882569012638292e+00 -1.181879760551713288e+00 5.014995825423413933e-01 1.771427877850342503e+00 1.580938781658029368e+00 8.707712342111340043e-02 -1.478573483740285077e+00 -1.825244499767677553e+00 -6.671301138423681998e-01 1.040986015214421467e+00 1.890882569013996983e+00 1.181879760552177139e+00 -5.014995825431594056e-01
-1.871336379243159431e+00 -1.367919041667360114e+00 2.632511011991115479e-01 1.677389271536747106e+00 1.708638251126751051e+00 3.312354594933036855e-01 -1.319247614874010432e+00 -1.882104043783332958e+00 -8.932983855576228649e-01 8.319688099286677296e-01 1.871336379244566528e+00 1.367919041667993607e+00 -2.632511011997735739e-01 -1.677389271538158644e+00 -1.708638251127748919e+00 -3.312354594930633223e-01 1.319247614875289187e+00 1.882104043784596614e+00 8.932983855578324750e-01 -8.319688099296900230e-01
-2.057132427051224344e+00 -1.205345017740687696e+00 6.401643763470933335e-01 1.957903376660545369e+00 1.661489084082306000e+00 -4.705815723734296796e-03 -1.667021102247376652e+00 -1.954995022599036458e+00 -6.312133829302777333e-01 1.212959187527167471e+00 2.057132427052678736e+00 1.205345017741118241e+00 -6.401643763480403537e-01 -1.957903376662088801e+00 -1.661489084083173751e+00 4.705815724259432287e-03 1.667021102248860354e+00 1.954995022600256149e+00 6.312133829302313259e-01 -1.212959187528447558e+00
