-1.980040653091131198e+00 -3.964183272438034589e+00 -4.699593469077739671e-01 3.673732422718299695e+00 2.740450849718579107e+00 -1.980040653094648828e+00 -3.964183272436606842e+00 -4.699593469033780946e-01 3.673732422719591995e+00 2.740450849714975323e+00 -1.980040653098166459e+00 -3.964183272435178651e+00 -4.699593468989743394e-01 3.673732422720884294e+00 2.740450849711381309e+00 -1.980040653101680759e+00 -3.964183272433750460e+00 -4.699593468945707508e-01 3.673732422722176594e+00 2.740450849707776637e+00
-4.295084971872347168e-01 -3.522542485943801482e-01 2.118033988744790208e-01 4.831559480314484567e-01 8.680339887543922495e-02 -4.295084971874218449e-01 -3.522542485939657020e-01 2.118033988749218888e-01 4.831559480313079025e-01 8.680339887490864936e-02 -4.295084971876089730e-01 -3.522542485935514223e-01 2.118033988753655894e-01 4.831559480311672372e-01 8.680339887437979463e-02 -4.295084971877958235e-01 -3.522542485931365874e-01 2.118033988758093178e-01 4.831559480310265720e-01 8.680339887384916353e-02
2.334549150280099017e+00 4.262790070187815417e+00 2.999999999998289035e-01 -4.077379873562835044e+00 -2.819959346904646225e+00 2.334549150283780072e+00 4.262790070186047053e+00 2.999999999950595519e-01 -4.077379873564017210e+00 -2.819959346900600572e+00 2.334549150287460684e+00 4.262790070184278690e+00 2.999999999902817072e-01 -4.077379873565200263e+00 -2.819959346896565577e+00 2.334549150291138186e+00 4.262790070182509439e+00 2.999999999855039734e-01 -4.077379873566383317e+00 -2.819959346892519481e+00
1.919098300562229964e+00 3.378773075813359839e+00 1.690983005621149449e-01 -3.274264578626004951e+00 -2.192705098311426681e+00 1.919098300565113657e+00 3.378773075811880577e+00 1.690983005583204801e-01 -3.274264578626873146e+00 -2.192705098308163070e+00 1.919098300567997351e+00 3.378773075810401316e+00 1.690983005545192985e-01 -3.274264578627741340e+00 -2.192705098304908340e+00 1.919098300570877935e+00 3.378773075808920723e+00 1.690983005507181169e-01 -3.274264578628609534e+00 -2.192705098301643840e+00
-4.176925358152185019e+00 -9.151441186720076004e+00 -1.478976341282815188e+00 8.237383539250437536e+00 6.569959346904876263e+00 -4.176925358160500146e+00 -9.151441186717226728e+00 -1.478976341272748130e+00 8.237383539253816167e+00 6.569959346896883545e+00 -4.176925358168816160e+00 -9.151441186714377451e+00 -1.478976341262663530e+00 8.237383539257196574e+00 6.569959346888911256e+00 -4.176925358177123293e+00 -9.151441186711526399e+00 -1.478976341252579152e+00 8.237383539260576981e+00 6.569959346880917650e+00
2.477457514070750821e-01 -6.319660112595634760e-02 -2.868033988763445952e-01 -1.140576474684988767e-01 2.163118960639912602e-01 2.477457514068808209e-01 -6.319660112625044568e-02 -2.868033988763321052e-01 -1.140576474681970626e-01 2.163118960641654820e-01 2.477457514066865873e-01 -6.319660112654428008e-02 -2.868033988763196152e-01 -1.140576474678949986e-01 2.163118960643389821e-01 2.477457514064924371e-01 -6.319660112683861408e-02 -2.868033988763072362e-01 -1.140576474675929208e-01 2.163118960645132038e-01
-2.394098300560671522e+00 -4.279634122157905729e+00 -2.508610463450384742e-01 4.124593469063169593e+00 2.800000000000134825e+00 -2.394098300564341919e+00 -4.279634122156073417e+00 -2.508610463402398683e-01 4.124593469064306461e+00 2.799999999996030997e+00 -2.394098300568012760e+00 -4.279634122154241105e+00 -2.508610463354327691e-01 4.124593469065443330e+00 2.799999999991939159e+00 -2.394098300571679605e+00 -4.279634122152408793e+00 -2.508610463306256699e-01 4.124593469066580198e+00 2.799999999987834887e+00
-2.492705098310258549e+00 -4.279634122157060183e+00 -1.522542485949341384e-01 4.185535821593632910e+00 2.739057647468214007e+00 -2.492705098313880541e+00 -4.279634122155115961e+00 -1.522542485901152431e-01 4.185535821594670303e+00 2.739057647464028911e+00 -2.492705098317502088e+00 -4.279634122153171738e+00 -1.522542485852877714e-01 4.185535821595707695e+00 2.739057647459855360e+00 -2.492705098321120527e+00 -4.279634122151226627e+00 -1.522542485804602996e-01 4.185535821596745087e+00 2.739057647455669819e+00
3.400861046342374294e+00 4.876847717656991321e+00 -3.868033988748956764e-01 -5.115905365125213322e+00 -2.774999999998258637e+00 3.400861046346224104e+00 4.876847717654141157e+00 -3.868033988805025247e-01 -5.115905365125830606e+00 -2.774999999993024158e+00 3.400861046350074801e+00 4.876847717651290992e+00 -3.868033988861194761e-01 -5.115905365126448778e+00 -2.774999999987805221e+00 3.400861046353920614e+00 4.876847717648438163e+00 -3.868033988917364274e-01 -5.115905365127066950e+00 -2.774999999982570742e+00
3.773606797748850106e+00 5.002708764001267738e+00 -6.817627457810155889e-01 -5.424061313156808062e+00 -2.670491502810995676e+00 3.773606797752658171e+00 5.002708763998019670e+00 -6.817627457868260521e-01 -5.424061313157155340e+00 -2.670491502805389938e+00 3.773606797756467124e+00 5.002708763994773378e+00 -6.817627457926466183e-01 -5.424061313157501729e+00 -2.670491502799801076e+00 3.773606797760271192e+00 5.002708763991522645e+00 -6.817627457984676287e-01 -5.424061313157848119e+00 -2.670491502794194894e+00
1.778647450843177547e+00 2.902912029468776467e+00 1.545084971832164089e-02 -2.893362879187626024e+00 -1.803647450842290612e+00 1.778647450845590727e+00 2.902912029467358490e+00 1.545084971503482563e-02 -2.893362879188241532e+00 -1.803647450839378497e+00 1.778647450848004352e+00 2.902912029465940069e+00 1.545084971174216781e-02 -2.893362879188856596e+00 -1.803647450836475041e+00 1.778647450850415090e+00 2.902912029464520760e+00 1.545084970844948918e-02 -2.893362879189471659e+00 -1.803647450833562926e+00
-1.830040653091358660e+00 -3.771478174125256988e+00 -5.008610463449340022e-01 3.461929023843248299e+00 2.640450849718295245e+00 -1.830040653094731962e+00 -3.771478174123959803e+00 -5.008610463407628943e-01 3.461929023844531716e+00 2.640450849714910841e+00 -1.830040653098105263e+00 -3.771478174122662175e+00 -5.008610463365843479e-01 3.461929023845815578e+00 2.640450849711536208e+00 -1.830040653101475234e+00 -3.771478174121364546e+00 -5.008610463324059126e-01 3.461929023847098996e+00 2.640450849708151360e+00
3.454915028184213366e-02 -5.640576474691807451e-01 -3.831559480318583732e-01 3.272542485939354262e-01 5.854101966255557121e-01 3.454915028118521469e-02 -5.640576474693363984e-01 -3.831559480312980992e-01 3.272542485944377466e-01 5.854101966253052458e-01 3.454915028052824022e-02 -5.640576474694917186e-01 -3.831559480307367704e-01 3.272542485949402891e-01 5.854101966250552236e-01 3.454915027987176535e-02 -5.640576474696475939e-01 -3.831559480301756082e-01 3.272542485954429425e-01 5.854101966248046462e-01
-1.539589803373815124e+00 -3.033813728907119422e+00 -3.354101966256334277e-01 2.826518827219161700e+00 2.082294901687336885e+00 -1.539589803376494759e+00 -3.033813728905999874e+00 -3.354101966222642339e-01 2.826518827220125818e+00 2.082294901684558663e+00 -1.539589803379175059e+00 -3.033813728904879436e+00 -3.354101966188890449e-01 2.826518827221090380e+00 2.082294901681787991e+00 -1.539589803381852473e+00 -3.033813728903758555e+00 -3.354101966155139669e-01 2.826518827222055386e+00 2.082294901679009325e+00
-5.690983005615054546e-01 -1.157623792125387130e+00 -1.463525491570635551e-01 1.067172942406128033e+00 8.059016994378191967e-01 -5.690983005625371849e-01 -1.157623792124980566e+00 -1.463525491557817193e-01 1.067172942406514391e+00 8.059016994367742548e-01 -5.690983005635689151e-01 -1.157623792124574003e+00 -1.463525491544976354e-01 1.067172942406900971e+00 8.059016994357321995e-01 -5.690983005645996462e-01 -1.157623792124166995e+00 -1.463525491532135792e-01 1.067172942407287550e+00 8.059016994346872576e-01
-2.477254248591981511e+00 -3.700125624970189264e+00 1.904508497174000892e-01 3.817830723281545602e+00 2.169098300562565473e+00 -2.477254248594953356e+00 -3.700125624968142901e+00 1.904508497216328977e-01 3.817830723282118477e+00 2.169098300558679693e+00 -2.477254248597925645e+00 -3.700125624966097426e+00 1.904508497258731725e-01 3.817830723282690908e+00 2.169098300554805014e+00 -2.477254248600894826e+00 -3.700125624964049731e+00 1.904508497301135861e-01 3.817830723283262895e+00 2.169098300550919234e+00
5.712664445214911346e+00 8.376973342627373142e+00 -5.354101966226350040e-01 -8.707875042062713788e+00 -4.846352549155343858e+00 5.712664445221587783e+00 8.376973342622623164e+00 -5.354101966322393213e-01 -8.707875042063905724e+00 -4.846352549146460298e+00 5.712664445228265109e+00 8.376973342617873186e+00 -5.354101966418608471e-01 -8.707875042065095883e+00 -4.846352549137602495e+00 5.712664445234936217e+00 8.376973342613119655e+00 -5.354101966514825950e-01 -8.707875042066287818e+00 -4.846352549128718046e+00
-1.430040653092427450e+00 -3.411067977500787496e+00 -6.781152949380421235e-01 2.991969676938011524e+00 2.527254248593455266e+00 -1.430040653095589587e+00 -3.411067977499869563e+00 -6.781152949343159930e-01 2.991969676939398859e+00 2.527254248590581120e+00 -1.430040653098751946e+00 -3.411067977498951187e+00 -6.781152949305832012e-01 2.991969676940787082e+00 2.527254248587714969e+00 -1.430040653101911197e+00 -3.411067977498032811e+00 -6.781152949268506314e-01 2.991969676942174416e+00 2.527254248584840379e+00
-3.044959346903854502e+00 -4.840044318782648958e+00 5.364745084224450955e-02 4.873200266812642845e+00 2.958155948030941396e+00 -3.044959346907838871e+00 -4.840044318780194033e+00 5.364745084774102946e-02 4.873200266813588755e+00 2.958155948026020443e+00 -3.044959346911823683e+00 -4.840044318777739996e+00 5.364745085324729157e-02 4.873200266814534665e+00 2.958155948021114146e+00 -3.044959346915804055e+00 -4.840044318775283294e+00 5.364745085875360919e-02 4.873200266815479686e+00 2.958155948016192749e+00
-1.884549150280067087e+00 -3.301518827219531271e+00 -1.559016994379892052e-01 3.205166278062860030e+00 2.136803398874451698e+00 -1.884549150282880170e+00 -3.301518827218075547e+00 -1.559016994342795615e-01 3.205166278063699359e+00 2.136803398871254700e+00 -1.884549150285693475e+00 -3.301518827216619378e+00 -1.559016994305633674e-01 3.205166278064538243e+00 2.136803398868067028e+00 -1.884549150288503672e+00 -3.301518827215162322e+00 -1.559016994268471734e-01 3.205166278065377128e+00 2.136803398864869585e+00
