-1.448414673387796059e+00 1.277425192754368277e+00 -9.813924339094874938e-01 5.892941458703904178e-01 -1.395116409797472756e-01 -3.239272353647741354e-01 7.556578569780643129e-01 -1.113419422572498707e+00 1.362191737436298400e+00 -1.477623234091956173e+00 1.448414673388282115e+00 -1.277425192754954031e+00 9.813924339101113281e-01 -5.892941458710004854e-01 1.395116409802729662e-01 3.239272353643741775e-01 -7.556578569778369392e-01 1.113419422572466067e+00 -1.362191737436457828e+00 1.477623234092295901e+00
-1.190768374688180975e+00 1.050570039355418928e+00 -8.075345888186846732e-01 4.854520263040569827e-01 -1.158500371116278765e-01 -2.650921608879760472e-01 6.200852911742000817e-01 -9.143801527720535338e-01 1.119169114155470712e+00 -1.214406004935647543e+00 1.190768374688580433e+00 -1.050570039355900098e+00 8.075345888191972632e-01 -4.854520263045584150e-01 1.158500371120602668e-01 2.650921608876469215e-01 -6.200852911740127871e-01 9.143801527720262223e-01 -1.119169114155601052e+00 1.214406004935926431e+00
-8.753409734461717884e-01 7.472169410895143082e-01 -5.459501083724640491e-01 2.912418751898387392e-01 -8.024858062160661332e-03 -2.759776880851302350e-01 5.329656152730506413e-01 -7.377831546482731540e-01 8.703813384090435257e-01 -9.177805324629858541e-01 8.753409734464924208e-01 -7.472169410898873432e-01 5.459501083728501847e-01 -2.912418751902062786e-01 8.024858062466638797e-03 2.759776880849094671e-01 -5.329656152729415064e-01 7.377831546482859215e-01 -8.703813384091737548e-01 9.177805324632227757e-01
3.065152656366640915e+00 -2.787155959823551132e+00 2.236333018675518147e+00 -1.466602220211183694e+00 5.533101780140428083e-01 4.141437195458476661e-01 -1.341058344327687557e+00 2.136700834663894710e+00 -2.723188160033173766e+00 3.043110854730904702e+00 -3.065152656367579720e+00 2.787155959824726636e+00 -2.236333018676807338e+00 1.466602220212478436e+00 -5.533101780151949978e-01 -4.141437195449302888e-01 1.341058344327111129e+00 -2.136700834663716186e+00 2.723188160033396255e+00 -3.043110854731517101e+00
2.540923281418991930e+00 -2.297423749484343247e+00 1.829036373857695574e+00 -1.181610174312103245e+00 4.185197381426503105e-01 3.855383259947175456e-01 -1.151857212580305712e+00 1.805424289737483479e+00 -2.282263858284526936e+00 2.535699538915419549e+00 -2.540923281419784185e+00 2.297423749485327793e+00 -1.829036373858768716e+00 1.181610174313175943e+00 -4.185197381435993291e-01 -3.855383259939680896e-01 1.151857212579842749e+00 -1.805424289737352472e+00 2.282263858284728997e+00 -2.535699538915943130e+00
5.348829754611307052e+00 -4.803044483960812627e+00 3.787103754441599968e+00 -2.400454923134247132e+00 7.788328389975914812e-01 9.190268298676903536e-01 -2.526925749389194120e+00 3.887471570433645773e+00 -4.867484588557092984e+00 5.371034301393410537e+00 -5.348829754613011467e+00 4.803044483962909617e+00 -3.787103754443871484e+00 2.400454923136503993e+00 -7.788328389995734513e-01 -9.190268298661408153e-01 2.526925749388257092e+00 -3.887471570433413959e+00 4.867484588557564607e+00 -5.371034301394556287e+00
5.439528336039135326e+00 -4.832345068414408473e+00 3.752138196565466099e+00 -2.304645895352663398e+00 6.315587964905630125e-01 1.103349677700989684e+00 -2.730254597950049877e+00 4.089903175349535402e+00 -5.049203533914927711e+00 5.514252670711224269e+00 -5.439528336040924117e+00 4.832345068416580958e+00 -3.752138196567795791e+00 2.304645895354955787e+00 -6.315587964925538644e-01 -1.103349677699458242e+00 2.730254597949156370e+00 -4.089903175349368425e+00 5.049203533915477493e+00 -5.514252670712456172e+00
-9.811058498263525163e-01 9.199636343975251540e-01 -7.687689686703381708e-01 5.423218399613397578e-01 -2.627884709784798489e-01 -4.246846449870338158e-02 3.435682907755805982e-01 -6.110372589703252366e-01 8.186936429101585588e-01 -9.462105889079481802e-01 9.811058498266229666e-01 -9.199636343978799813e-01 7.687689686707405157e-01 -5.423218399617555363e-01 2.627884709788618212e-01 4.246846449838614923e-02 -3.435682907753643267e-01 6.110372589702315338e-01 -8.186936429101916435e-01 9.462105889081086074e-01
-5.386374775280273752e-01 4.751992322978055294e-01 -3.652451753025425796e-01 2.195383757358925492e-01 -5.234163033840310425e-02 -1.199786785221995528e-01 2.805546383884536810e-01 -4.136679555101517303e-01 5.062885709524077571e-01 -5.493501335499595406e-01 5.386374775282081195e-01 -4.751992322980232442e-01 3.652451753027745607e-01 -2.195383757361193677e-01 5.234163033859868391e-02 1.199786785220506996e-01 -2.805546383883689154e-01 4.136679555101394623e-01 -5.062885709524668210e-01 5.493501335500856619e-01
-6.353021868488232249e-01 5.408141943270775576e-01 -3.933875403905428003e-01 2.074533731084185206e-01 -1.212224253794386142e-03 -2.051475855568649365e-01 3.914261203459576954e-01 -5.393891392494590820e-01 6.345529910581239053e-01 -6.676023749113756400e-01 6.353021868490575930e-01 -5.408141943273492291e-01 3.933875403908235757e-01 -2.074533731086851684e-01 1.212224254015750735e-03 2.051475855567060080e-01 -3.914261203458801464e-01 5.393891392494704062e-01 -6.345529910582204947e-01 6.676023749115493899e-01
-6.390779152772407379e+00 5.801020746875949818e+00 -4.643418012187167321e+00 3.031285169869856411e+00 -1.122429014919986479e+00 -8.962983124331291851e-01 2.827289716087872051e+00 -4.481526303446305093e+00 5.697079871593774492e+00 -6.354963568020295384e+00 6.390779152774376470e+00 -5.801020746878407408e+00 4.643418012189858501e+00 -3.031285169872555585e+00 1.122429014922384116e+00 8.962983124312250416e-01 -2.827289716086681448e+00 4.481526303445945381e+00 -5.697079871594252332e+00 6.354963568021585019e+00
-6.720030295913211660e+00 6.057408647168221805e+00 -4.801845635590760608e+00 3.076244516775865190e+00 -1.049519151203056166e+00 -1.079940461319501388e+00 3.103687977100609618e+00 -4.823624889017566808e+00 6.071391788626855579e+00 -6.724848558091526485e+00 6.720030295915327301e+00 -6.057408647170839266e+00 4.801845635593605444e+00 -3.076244516778701144e+00 1.049519151205557277e+00 1.079940461317535183e+00 -3.103687977099406137e+00 4.823624889017245287e+00 -6.071391788627416020e+00 6.724848558092936024e+00
-9.461298683828269773e-01 9.288257790249401236e-01 -8.206017509063722182e-01 6.320515059405038549e-01 -3.816316558113923008e-01 9.385504022735777219e-02 2.031087606206624374e-01 -4.801908608372025267e-01 7.102685339085621496e-01 -8.708201741491089498e-01 9.461298683830430267e-01 -9.288257790252504309e-01 8.206017509067450311e-01 -6.320515059409067549e-01 3.816316558117803792e-01 -9.385504022769894372e-02 -2.031087606204064755e-01 4.801908608370576426e-01 -7.102685339085369476e-01 8.708201741492106462e-01
2.234706601371765800e+00 -2.075974613002056657e+00 1.714031765346094582e+00 -1.184307546136531553e+00 5.386550527552439460e-01 1.597247502201863956e-01 -8.424695817763351302e-01 1.442747620837533606e+00 -1.901799470557453908e+00 2.174689937483204272e+00 -2.234706601372403068e+00 2.075974613002879554e+00 -1.714031765347018288e+00 1.184307546137477685e+00 -5.386550527561048129e-01 -1.597247502194804047e-01 8.424695817758645067e-01 -1.442747620837345757e+00 1.901799470557556049e+00 -2.174689937483594626e+00
-1.097858403189190035e+00 1.033475216131431118e+00 -8.679282742735050515e-01 6.174224657178235542e-01 -3.064790443824081945e-01 -3.446468118223239285e-02 3.720347636232225752e-01 -6.731874912821762535e-01 9.084439369214065696e-01 -1.054775560513707022e+00 1.097858403189488463e+00 -1.033475216131825247e+00 8.679282742739538037e-01 -6.174224657182889597e-01 3.064790443828375732e-01 3.446468118187401286e-02 -3.720347636229759947e-01 6.731874912820662304e-01 -9.084439369214380999e-01 1.054775560513881549e+00
-1.166173329874421238e+00 1.073451536505650727e+00 -8.756528275670811823e-01 5.921391188342520762e-01 -2.506627074740872541e-01 -1.153503161634322621e-01 4.700720471619871388e-01 -7.787798509998143937e-01 1.011255256943527581e+00 -1.144741952507959626e+00 1.166173329874764297e+00 -1.073451536506087711e+00 8.756528275675669049e-01 -5.921391188347453483e-01 2.506627074745317874e-01 1.153503161630721752e-01 -4.700720471617529372e-01 7.787798509997293506e-01 -1.011255256943594194e+00 1.144741952508175675e+00
-1.111429849802259895e+00 1.024246411262757395e+00 -8.368025976444966041e-01 5.674467154222671006e-01 -2.425451950607580009e-01 -1.060983389050536574e-01 4.443562282282655929e-01 -7.391174339206274535e-01 9.615286754468937991e-01 -1.089818790856234010e+00 1.111429849802585412e+00 -1.024246411263173062e+00 8.368025976449590120e-01 -5.674467154227372800e-01 2.425451950611822727e-01 1.060983389047094744e-01 -4.443562282280411058e-01 7.391174339205448529e-01 -9.615286754469557495e-01 1.089818790856438735e+00
-5.640250718418153841e-01 5.155280269990243358e-01 -4.165675069786032303e-01 2.768304569786326219e-01 -1.099953130583823380e-01 -6.760693848643944959e-02 2.385913518469814365e-01 -3.862207813250558286e-01 4.960442297686330493e-01 -5.573114128590966887e-01 5.640250718419852483e-01 -5.155280269992384978e-01 4.165675069788394858e-01 -2.768304569788709868e-01 1.099953130585956257e-01 6.760693848626840585e-02 -2.385913518468723293e-01 3.862207813250194688e-01 -4.960442297686703528e-01 5.573114128592058236e-01
-4.656809929431227624e-01 4.284170315349273284e-01 -3.492166261231209323e-01 2.358324642110795621e-01 -9.936337756065938276e-02 -4.683208879076337927e-02 1.884433039930060449e-01 -3.116083756387206805e-01 4.042710483737124716e-01 -4.573608541718766629e-01 4.656809929432599859e-01 -4.284170315351020775e-01 3.492166261233149993e-01 -2.358324642112764880e-01 9.936337756083679640e-02 4.683208879061978580e-02 -1.884433039929128140e-01 3.116083756386870407e-01 -4.042710483737395055e-01 4.573608541719633158e-01
-3.365490843755479800e-01 2.666763179847843057e-01 -1.706994155465083873e-01 5.801326498177547530e-02 6.035162816156275367e-02 -1.728088834459354795e-01 2.683504011883400264e-01 -3.376239119552528756e-01 3.738484418558786215e-01 -3.734780815124022491e-01 3.365490843756934747e-01 -2.666763179849434007e-01 1.706994155466643459e-01 -5.801326498191582137e-02 -6.035162816145487469e-02 1.728088834458680889e-01 -2.683504011883215412e-01 3.376239119552848500e-01 -3.738484418559568923e-01 3.734780815125195996e-01
