5.272542485931692724e-01 -2.868033988732464068e-01 -6.319660112707482791e-02 3.890576474702874821e-01 -5.663118960630550980e-01 5.272542485933803258e-01 -2.868033988740897877e-01 -6.319660112592134782e-02 3.890576474692643560e-01 -5.663118960625532772e-01 5.272542485935914902e-01 -2.868033988749330576e-01 -6.319660112476786773e-02 3.890576474682413965e-01 -5.663118960620514564e-01 5.272542485938024326e-01 -2.868033988757763830e-01 -6.319660112361440152e-02 3.890576474672183815e-01 -5.663118960615497466e-01
-2.505901699435907570e+00 1.254634122149585362e+00 4.758610463516277367e-01 -2.024593469068511897e+00 2.800000000002989875e+00 -2.505901699437271368e+00 1.254634122153937659e+00 4.758610463459498341e-01 -2.024593469063676210e+00 2.800000000000844036e+00 -2.505901699438634722e+00 1.254634122158289511e+00 4.758610463402718760e-01 -2.024593469058841411e+00 2.799999999998699085e+00 -2.505901699439998520e+00 1.254634122162641141e+00 4.758610463345940289e-01 -2.024593469054006611e+00 2.799999999996553690e+00
-2.157294901687362820e+00 1.254634122151520925e+00 1.272542486000184936e-01 -1.460535821598977213e+00 2.235942352534347144e+00 -2.157294901687956123e+00 1.254634122154714371e+00 1.272542485954454017e-01 -1.460535821594770800e+00 2.235942352532114707e+00 -2.157294901688550315e+00 1.254634122157907594e+00 1.272542485908723098e-01 -1.460535821590565053e+00 2.235942352529882715e+00 -2.157294901689144062e+00 1.254634122161101040e+00 1.272542485862993011e-01 -1.460535821586359084e+00 2.235942352527650279e+00
2.674138953655831319e+00 -1.551847717650011393e+00 -1.631966011331771604e-01 1.815905365131703197e+00 -2.775000000003789324e+00 2.674138953656578721e+00 -1.551847717653980885e+00 -1.631966011275023665e-01 1.815905365126489812e+00 -2.775000000001029754e+00 2.674138953657326567e+00 -1.551847717657949710e+00 -1.631966011218275725e-01 1.815905365121277537e+00 -2.774999999998269740e+00 2.674138953658073525e+00 -1.551847717661918757e+00 -1.631966011161528618e-01 1.815905365116064596e+00 -2.774999999995510169e+00
3.326393202250607750e+00 -2.152708763993335772e+00 1.567627457716787021e-01 1.899061313164539300e+00 -3.229508497192458361e+00 3.326393202250798709e+00 -2.152708763997568386e+00 1.567627457783364875e-01 1.899061313157998976e+00 -3.229508497188534388e+00 3.326393202250989667e+00 -2.152708764001801001e+00 1.567627457849941619e-01 1.899061313151459984e+00 -3.229508497184610416e+00 3.326393202251179737e+00 -2.152708764006033171e+00 1.567627457916516975e-01 1.899061313144919882e+00 -3.229508497180686888e+00
1.946352549156177725e+00 -1.177912029464567523e+00 -4.045084972440785714e-02 1.243362879192259518e+00 -1.971352549158982947e+00 1.946352549156560974e+00 -1.177912029467303112e+00 -4.045084972036486204e-02 1.243362879188453229e+00 -1.971352549156867529e+00 1.946352549156944001e+00 -1.177912029470038480e+00 -4.045084971632185306e-02 1.243362879184647163e+00 -1.971352549154751665e+00 1.946352549157326806e+00 -1.177912029472773847e+00 -4.045084971227893428e-02 1.243362879180841096e+00 -1.971352549152636691e+00
-2.444959346905483777e+00 1.371478174119185933e+00 2.258610463511075972e-01 -1.736929023849698384e+00 2.584549150284451979e+00 -2.444959346906324438e+00 1.371478174122965132e+00 2.258610463458336493e-01 -1.736929023844943742e+00 2.584549150282033469e+00 -2.444959346907165099e+00 1.371478174126744110e+00 2.258610463405597013e-01 -1.736929023840189767e+00 2.584549150279614516e+00 -2.444959346908005760e+00 1.371478174130523087e+00 2.258610463352858366e-01 -1.736929023835435570e+00 2.584549150277196450e+00
9.045084971881355018e-02 -6.094235253125118712e-02 8.155948031164962642e-03 4.774575140633430248e-02 -8.541019662502988274e-02 9.045084971881074687e-02 -6.094235253135865671e-02 8.155948031341658105e-03 4.774575140615586188e-02 -8.541019662491787512e-02 9.045084971880792968e-02 -6.094235253146611936e-02 8.155948031518351835e-03 4.774575140597743517e-02 -8.541019662480586749e-02 9.045084971880509861e-02 -6.094235253157357507e-02 8.155948031695038625e-03 4.774575140579901539e-02 -8.541019662469385987e-02
-2.210410196623683099e+00 1.158813728900638385e+00 3.354101966316668237e-01 -1.701518827223840180e+00 2.417705098314947509e+00 -2.210410196624712942e+00 1.158813728904312113e+00 3.354101966267524770e-01 -1.701518827219561603e+00 2.417705098312939782e+00 -2.210410196625742785e+00 1.158813728907985618e+00 3.354101966218381303e-01 -1.701518827215284135e+00 2.417705098310932499e+00 -2.210410196626772183e+00 1.158813728911658902e+00 3.354101966169238391e-01 -1.701518827211006224e+00 2.417705098308925216e+00
-6.809016994373645604e-01 4.076237921235529305e-01 2.135254915807952361e-02 -4.421729424077066595e-01 6.940983005632779257e-01 -6.809016994375133303e-01 4.076237921245239870e-01 2.135254915665710934e-02 -4.421729424063761682e-01 6.940983005625477320e-01 -6.809016994376622112e-01 4.076237921254950436e-01 2.135254915523469854e-02 -4.421729424050457880e-01 6.940983005618174273e-01 -6.809016994378108700e-01 4.076237921264660446e-01 2.135254915381231203e-02 -4.421729424037153522e-01 6.940983005610872336e-01
-2.197745751405993708e+00 1.275125624963922899e+00 1.345491502876052792e-01 -1.492830723286481920e+00 2.280901699440490926e+00 -2.197745751406609216e+00 1.275125624967185844e+00 1.345491502829409547e-01 -1.492830723282197569e+00 2.280901699438223407e+00 -2.197745751407224279e+00 1.275125624970448568e+00 1.345491502782766302e-01 -1.492830723277913663e+00 2.280901699435955887e+00 -2.197745751407839343e+00 1.275125624973711513e+00 1.345491502736124168e-01 -1.492830723273629534e+00 2.280901699433688368e+00
4.762335554782064939e+00 -3.026973342615308926e+00 1.354101966112203348e-01 2.807875042074425842e+00 -4.678647450851008749e+00 4.762335554782520575e+00 -3.026973342621543051e+00 1.354101966208513530e-01 2.807875042065075988e+00 -4.678647450845512701e+00 4.762335554782977098e+00 -3.026973342627776731e+00 1.354101966304823990e-01 2.807875042055727466e+00 -4.678647450840016653e+00 4.762335554783432734e+00 -3.026973342634010855e+00 1.354101966401131674e-01 2.807875042046378056e+00 -4.678647450834520605e+00
-2.044959346905191655e+00 1.061067977494806192e+00 3.281152949437711741e-01 -1.591969676942420309e+00 2.247745751408801063e+00 -2.044959346906180642e+00 1.061067977498239889e+00 3.281152949392048268e-01 -1.591969676938465028e+00 2.247745751406968306e+00 -2.044959346907170072e+00 1.061067977501673143e+00 3.281152949346384240e-01 -1.591969676934510192e+00 2.247745751405135106e+00 -2.044959346908159059e+00 1.061067977505106619e+00 3.281152949300721322e-01 -1.591969676930555133e+00 2.247745751403302350e+00
-2.430040653093204384e+00 1.365044318775525456e+00 2.213525491635763287e-01 -1.723200266818428972e+00 2.566844051972095198e+00 -2.430040653094033942e+00 1.365044318779275345e+00 2.213525491583380744e-01 -1.723200266813702752e+00 2.566844051969687346e+00 -2.430040653094863057e+00 1.365044318783025235e+00 2.213525491530998202e-01 -1.723200266808977421e+00 2.566844051967279050e+00 -2.430040653095692171e+00 1.365044318786775124e+00 2.213525491478616214e-01 -1.723200266804251646e+00 2.566844051964870754e+00
-1.940450849719072446e+00 1.226518827214841068e+00 -4.409830055694545503e-02 -1.155166278067345731e+00 1.913196601127965302e+00 -1.940450849719281168e+00 1.226518827217403018e+00 -4.409830056088206995e-02 -1.155166278063537888e+00 1.913196601125741081e+00 -1.940450849719489668e+00 1.226518827219964525e+00 -4.409830056481864324e-02 -1.155166278059730267e+00 1.913196601123516416e+00 -1.940450849719698168e+00 1.226518827222526253e+00 -4.409830056875513327e-02 -1.155166278055922868e+00 1.913196601121292417e+00
-2.183155948031208382e+00 1.348732422714095769e+00 8.610463499810622201e-04 -1.350125624973995464e+00 2.183688103940547354e+00 -2.183155948031546778e+00 1.348732422717077162e+00 8.610463454957889562e-04 -1.350125624969718885e+00 2.183688103938113745e+00 -2.183155948031885174e+00 1.348732422720058111e+00 8.610463410105573256e-04 -1.350125624965443194e+00 2.183688103935680136e+00 -2.183155948032223126e+00 1.348732422723039059e+00 8.610463365253950840e-04 -1.350125624961166837e+00 2.183688103933246527e+00
-2.900000000000058975e+00 1.730495168493801916e+00 1.000000000085282670e-01 -1.892298567382288299e+00 2.961803398879340854e+00 -2.900000000000711342e+00 1.730495168497955483e+00 1.000000000024600100e-01 -1.892298567376622831e+00 2.961803398876242888e+00 -2.900000000001364153e+00 1.730495168502109049e+00 9.999999999639176684e-02 -1.892298567370958029e+00 2.961803398873145365e+00 -2.900000000002016076e+00 1.730495168506262393e+00 9.999999999032363474e-02 -1.892298567365293227e+00 2.961803398870047399e+00
-3.036803398874608373e+00 1.782749417086982646e+00 1.522542486026825515e-01 -2.029101966257402800e+00 3.130901699441682950e+00 -3.036803398875389526e+00 1.782749417091425315e+00 1.522542485962750380e-01 -2.029101966251477318e+00 3.130901699438503716e+00 -3.036803398876170235e+00 1.782749417095867983e+00 1.522542485898675246e-01 -2.029101966245552724e+00 3.130901699435324481e+00 -3.036803398876950943e+00 1.782749417100310207e+00 1.522542485834601222e-01 -2.029101966239628130e+00 3.130901699432146135e+00
-1.158155948030238136e+00 5.025831390278761024e-01 3.449593469101455145e-01 -1.060739087065465824e+00 1.371352549157700551e+00 -1.158155948031125426e+00 5.025831390301324086e-01 3.449593469073819474e-01 -1.060739087063250263e+00 1.371352549156879430e+00 -1.158155948032012272e+00 5.025831390323886039e-01 3.449593469046183247e-01 -1.060739087061034924e+00 1.371352549156058753e+00 -1.158155948032899341e+00 5.025831390346447991e-01 3.449593469018547021e-01 -1.060739087058819585e+00 1.371352549155237854e+00
-2.775000000000078959e+00 1.687790070181540036e+00 4.409830057073071269e-02 -1.759142619350780201e+00 2.802254248597892516e+00 -2.775000000000597655e+00 1.687790070185413382e+00 4.409830056498156847e-02 -1.759142619345350989e+00 2.802254248594858055e+00 -2.775000000001115463e+00 1.687790070189286951e+00 4.409830055923241732e-02 -1.759142619339922664e+00 2.802254248591822705e+00 -2.775000000001633715e+00 1.687790070193160297e+00 4.409830055348339800e-02 -1.759142619334493896e+00 2.802254248588788688e+00
