-1.560410196625508839e+00 -2.157091636216013519e+00 2.272542485956508540e-01 2.297542485936336476e+00 1.192705098310414158e+00 -1.560410196625312551e+00 -2.157091636217304487e+00 2.272542485946557611e-01 2.297542485937013712e+00 1.192705098311825918e+00 -1.560410196625116486e+00 -2.157091636218595010e+00 2.272542485936593637e-01 2.297542485937689172e+00 1.192705098313240564e+00 -1.560410196624918644e+00 -2.157091636219886865e+00 2.272542485926674627e-01 2.297542485938366408e+00 1.192705098314650769e+00
-1.819959346906399489e+00 -2.187993335653319882e+00 4.677050983141874396e-01 2.477050983123550321e+00 1.063196601122992968e+00 -1.819959346906330433e+00 -2.187993335654744520e+00 4.677050983132364781e-01 2.477050983124388761e+00 1.063196601124460239e+00 -1.819959346906261155e+00 -2.187993335656169158e+00 4.677050983122841288e-01 2.477050983125225869e+00 1.063196601125930396e+00 -1.819959346906190767e+00 -2.187993335657594685e+00 4.677050983113366089e-01 2.477050983126063866e+00 1.063196601127396113e+00
-1.972213595499000993e+00 -1.302583139028589798e+00 1.167172942406822678e+00 2.023935688185698911e+00 8.368810393611902931e-02 -1.972213595499446193e+00 -1.302583139029871440e+00 1.167172942406475178e+00 2.023935688186766502e+00 8.368810393712489137e-02 -1.972213595499891170e+00 -1.302583139031151305e+00 1.167172942406126790e+00 2.023935688187832760e+00 8.368810393813275184e-02 -1.972213595500335703e+00 -1.302583139032433390e+00 1.167172942405782177e+00 2.023935688188899462e+00 8.368810393913672652e-02
2.980901699438546881e+00 4.590044318775532872e+00 -1.440983005663505623e-01 -4.679101966247395161e+00 -2.747745751402034475e+00 2.980901699437943808e+00 4.590044318778113919e+00 -1.440983005641495729e-01 -4.679101966248618183e+00 -2.747745751404988557e+00 2.980901699437340735e+00 4.590044318780695853e+00 -1.440983005619458912e-01 -4.679101966249838540e+00 -2.747745751407947523e+00 2.980901699436733665e+00 4.590044318783278676e+00 -1.440983005597514244e-01 -4.679101966251063338e+00 -2.747745751410898052e+00
2.653647450844857758e+00 4.297339220463359588e+00 2.254248590022059351e-03 -4.295946018216314499e+00 -2.657294901683447730e+00 2.653647450844218270e+00 4.297339220465709708e+00 2.254248592116467331e-03 -4.295946018217372320e+00 -2.657294901686192645e+00 2.653647450843577893e+00 4.297339220468059828e+00 2.254248594213317802e-03 -4.295946018218426588e+00 -2.657294901688942890e+00 2.653647450842934852e+00 4.297339220470409948e+00 2.254248596301716701e-03 -4.295946018219486184e+00 -2.657294901691685141e+00
5.284549150283963215e+00 8.821932689520572524e+00 1.677050983046712851e-01 -8.718285238683003868e+00 -5.555901699429248275e+00 5.284549150282560781e+00 8.821932689525317173e+00 1.677050983090109249e-01 -8.718285238685069771e+00 -5.555901699434858010e+00 5.284549150281157459e+00 8.821932689530061822e+00 1.677050983133556439e-01 -8.718285238687132122e+00 -5.555901699440480179e+00 5.284549150279747920e+00 8.821932689534810024e+00 1.677050983176831267e-01 -8.718285238689199801e+00 -5.555901699446085473e+00
5.282294901690134381e+00 8.702834388957999323e+00 9.635254914845281515e-02 -8.643285238682917537e+00 -5.438196601116706219e+00 5.282294901688787903e+00 8.702834388962711998e+00 9.635254915271690423e-02 -8.643285238685001204e+00 -5.438196601122252005e+00 5.282294901687442312e+00 8.702834388967430002e+00 9.635254915698590605e-02 -8.643285238687079541e+00 -5.438196601127808449e+00 5.282294901686089617e+00 8.702834388972146229e+00 9.635254916123794922e-02 -8.643285238689163208e+00 -5.438196601133347130e+00
-1.740450849718960358e+00 -2.167501832840886156e+00 4.008610463453880501e-01 2.415247584248616075e+00 1.091844051966812668e+00 -1.740450849718857551e+00 -2.167501832842267273e+00 4.008610463444305938e-01 2.415247584249406998e+00 1.091844051968257068e+00 -1.740450849718754966e+00 -2.167501832843647946e+00 4.008610463434718052e-01 2.415247584250196144e+00 1.091844051969704132e+00 -1.740450849718650828e+00 -2.167501832845029952e+00 4.008610463425176795e-01 2.415247584250987067e+00 1.091844051971146756e+00
-8.486067977496096759e-01 -5.722135954988751827e-01 4.949593469065269868e-01 8.781152949367612148e-01 4.774575140564912834e-02 -8.486067977497955273e-01 -5.722135954994295171e-01 4.949593469063700013e-01 8.781152949372186267e-01 4.774575140608833257e-02 -8.486067977499813786e-01 -5.722135954999830743e-01 4.949593469062125162e-01 8.781152949376758166e-01 4.774575140652842498e-02 -8.486067977501670079e-01 -5.722135955005376307e-01 4.949593469060566964e-01 8.781152949381328954e-01 4.774575140696685205e-02
-6.809016994376807519e-01 -1.157623792123579465e+00 -3.454915028038665903e-02 1.136271242968047934e+00 7.368033988739919327e-01 -6.809016994374897935e-01 -1.157623792124195861e+00 -3.454915028095921492e-02 1.136271242968311279e+00 7.368033988747263452e-01 -6.809016994372989462e-01 -1.157623792124812478e+00 -3.454915028153240919e-02 1.136271242968573736e+00 7.368033988754620900e-01 -6.809016994371070997e-01 -1.157623792125429096e+00 -3.454915028210336914e-02 1.136271242968837303e+00 7.368033988761957254e-01
-6.525000000002553868e+00 -1.032677007714364414e+01 1.427050983211199109e-01 1.041496667827565759e+01 6.294098300553153003e+00 -6.525000000001098144e+00 -1.032677007714936224e+01 1.427050983161234077e-01 1.041496667827829548e+01 6.294098300559770820e+00 -6.524999999999641531e+00 -1.032677007715508211e+01 1.427050983111209370e-01 1.041496667828092626e+01 6.294098300566401960e+00 -6.524999999998176925e+00 -1.032677007716080375e+01 1.427050983061389777e-01 1.041496667828356415e+01 6.294098300573013560e+00
-6.703647450846839995e+00 -1.080627857433083605e+01 2.500000000925844956e-02 1.082172942405702187e+01 6.663196601115239481e+00 -6.703647450845247491e+00 -1.080627857433675842e+01 2.500000000399932309e-02 1.082172942405970062e+01 6.663196601122145957e+00 -6.703647450843655875e+00 -1.080627857434268435e+01 2.499999999873403489e-02 1.082172942406237404e+01 6.663196601129066643e+00 -6.703647450842055378e+00 -1.080627857434861028e+01 2.499999999349003521e-02 1.082172942406505456e+01 6.663196601135966013e+00
-1.321352549156412426e+00 -1.723935688185310067e+00 2.559016994387718902e-01 1.882091636217661623e+00 9.072949016860291094e-01 -1.321352549156296297e+00 -1.723935688186377879e+00 2.559016994379949006e-01 1.882091636218250263e+00 9.072949016871684202e-01 -1.321352549156179945e+00 -1.723935688187445470e+00 2.559016994372168563e-01 1.882091636218837571e+00 9.072949016883101736e-01 -1.321352549156062706e+00 -1.723935688188513726e+00 2.559016994364424757e-01 1.882091636219426212e+00 9.072949016894482632e-01
1.894098300563860970e+00 3.763322226089338418e+00 4.317627457778130950e-01 -3.496478174123168525e+00 -2.592705098308960565e+00 1.894098300563065163e+00 3.763322226091186717e+00 4.317627457797530433e-01 -3.496478174123820004e+00 -2.592705098311300471e+00 1.894098300562269577e+00 3.763322226093035905e+00 4.317627457816949343e-01 -3.496478174124468818e+00 -2.592705098313644818e+00 1.894098300561471326e+00 3.763322226094885536e+00 4.317627457836299421e-01 -3.496478174125121630e+00 -2.592705098315982948e+00
-1.041844051968862317e+00 -1.348935688185606940e+00 2.081559480322889288e-01 1.477583139030278714e+00 7.050406530924846482e-01 -1.041844051968775720e+00 -1.348935688186446269e+00 2.081559480316829136e-01 1.477583139030744341e+00 7.050406530933772675e-01 -1.041844051968689122e+00 -1.348935688187285598e+00 2.081559480310760379e-01 1.477583139031209081e+00 7.050406530942718852e-01 -1.041844051968601637e+00 -1.348935688188125370e+00 2.081559480304720489e-01 1.477583139031674708e+00 7.050406530951633943e-01
-1.155901699437647867e+00 -1.537132289310509270e+00 2.059016994386539956e-01 1.664386537905252483e+00 8.227457514048995835e-01 -1.155901699437532182e+00 -1.537132289311450517e+00 2.059016994379557208e-01 1.664386537905762742e+00 8.227457514059121069e-01 -1.155901699437416275e+00 -1.537132289312391542e+00 2.059016994372565024e-01 1.664386537906272334e+00 8.227457514069267397e-01 -1.155901699437299479e+00 -1.537132289313333233e+00 2.059016994365605313e-01 1.664386537906783037e+00 8.227457514079381529e-01
-1.422213595499516536e+00 -9.303695435292504978e-01 8.472135955007312758e-01 1.453976341280045714e+00 5.139320224874688314e-02 -1.422213595499842054e+00 -9.303695435301724270e-01 8.472135955004864716e-01 1.453976341280816653e+00 5.139320224946730686e-02 -1.422213595500167127e+00 -9.303695435310932460e-01 8.472135955002407792e-01 1.453976341281587148e+00 5.139320225018928490e-02 -1.422213595500492200e+00 -9.303695435320156193e-01 8.472135954999980845e-01 1.453976341282357643e+00 5.139320225090837635e-02
-5.654508497188914795e-01 -7.840169943738894975e-01 8.090169943820596510e-02 8.340169943744714098e-01 4.345491502804223471e-01 -5.654508497188193150e-01 -7.840169943743577896e-01 8.090169943784389361e-02 8.340169943747164361e-01 4.345491502809352147e-01 -5.654508497187469285e-01 -7.840169943748260817e-01 8.090169943748130865e-02 8.340169943749609072e-01 4.345491502814491369e-01 -5.654508497186742089e-01 -7.840169943752947068e-01 8.090169943712037515e-02 8.340169943752059334e-01 4.345491502819614493e-01
-8.331559480313269761e-01 -9.399186938112433776e-01 2.522542485944939128e-01 1.095820393249411495e+00 4.249999999991251887e-01 -8.331559480313254218e-01 -9.399186938118804235e-01 2.522542485940980628e-01 1.095820393249804514e+00 4.249999999997631228e-01 -8.331559480313237565e-01 -9.399186938125172475e-01 2.522542485937015466e-01 1.095820393250196867e+00 4.250000000004023892e-01 -8.331559480313215360e-01 -9.399186938131548485e-01 2.522542485933071954e-01 1.095820393250589886e+00 4.250000000010395462e-01
-6.463525491559976022e-01 -5.722135954989945317e-01 2.927050983128089423e-01 7.531152949368464800e-01 1.727457514056870147e-01 -6.463525491560727643e-01 -5.722135954994501672e-01 2.927050983126022188e-01 7.531152949371746619e-01 1.727457514060961041e-01 -6.463525491561479264e-01 -5.722135954999054697e-01 2.927050983123949957e-01 7.531152949375026218e-01 1.727457514065060540e-01 -6.463525491562227554e-01 -5.722135955003615493e-01 2.927050983121892713e-01 7.531152949378305816e-01 1.727457514069145605e-01
