3.449999999998227818e+00 2.649999999994294253e+00 -3.449999999998940137e+00 -2.649999999995596323e+00 3.449999999999651568e+00 2.649999999996901501e+00 -3.450000000000366107e+00 -2.649999999998201794e+00 3.450000000001075762e+00 2.649999999999506972e+00 -3.450000000001784972e+00 -2.650000000000813039e+00 3.450000000002504397e+00 2.650000000002106670e+00 -3.450000000003213607e+00 -2.650000000003412293e+00 3.450000000003922818e+00 2.650000000004717915e+00 -3.450000000004632916e+00 -2.650000000006023981e+00
2.749999999999257483e+00 2.699999999994699529e+00 -2.749999999999744205e+00 -2.699999999995920774e+00 2.750000000000230482e+00 2.699999999997144684e+00 -2.750000000000719425e+00 -2.699999999998364153e+00 2.750000000001203926e+00 2.699999999999588063e+00 -2.750000000001687539e+00 -2.700000000000812861e+00 2.750000000002181366e+00 2.700000000002027445e+00 -2.750000000002665423e+00 -2.700000000003251799e+00 2.750000000003149481e+00 2.700000000004475709e+00 -2.750000000003633538e+00 -2.700000000005700063e+00
-4.599999999999804245e+00 -5.799999999989164934e+00 4.600000000000441069e+00 5.799999999991609201e+00 -4.600000000001077893e+00 -5.799999999994057909e+00 4.600000000001720046e+00 5.799999999996497735e+00 -4.600000000002352429e+00 -5.799999999998946443e+00 4.600000000002983036e+00 5.800000000001395151e+00 -4.600000000003635847e+00 -5.800000000003827871e+00 4.600000000004268230e+00 5.800000000006276579e+00 -4.600000000004898837e+00 -5.800000000008724399e+00 4.600000000005531220e+00 5.800000000011173107e+00
5.999999999992945421e-01 9.499999999972293940e-01 -5.999999999993510524e-01 -9.499999999976086462e-01 5.999999999994074518e-01 9.499999999979883425e-01 -5.999999999994646283e-01 -9.499999999983671506e-01 5.999999999995202504e-01 9.499999999987468469e-01 -5.999999999995757616e-01 -9.499999999991268762e-01 5.999999999996348254e-01 9.499999999995044631e-01 -5.999999999996903366e-01 -9.499999999998842704e-01 5.999999999997458477e-01 9.500000000002639666e-01 -5.999999999998013589e-01 -9.500000000006437739e-01
-2.050000000000355094e+00 -2.699999999995122746e+00 2.050000000000622880e+00 2.699999999996248068e+00 -2.050000000000890665e+00 -2.699999999997374722e+00 2.050000000001160672e+00 2.699999999998498268e+00 -2.050000000001426681e+00 -2.699999999999625366e+00 2.050000000001692246e+00 2.700000000000753353e+00 -2.050000000001967138e+00 -2.700000000001873346e+00 2.050000000002232703e+00 2.700000000003000444e+00 -2.050000000002498268e+00 -2.700000000004127543e+00 2.050000000002763834e+00 2.700000000005254641e+00
-2.449999999999072919e+00 -1.749999999996257660e+00 2.449999999999596501e+00 1.749999999997141176e+00 -2.450000000000120082e+00 -1.749999999998026690e+00 2.450000000000645439e+00 1.749999999998908429e+00 -2.450000000001167688e+00 -1.749999999999794387e+00 2.450000000001689493e+00 1.750000000000681011e+00 -2.450000000002218403e+00 -1.750000000001558531e+00 2.450000000002740208e+00 1.750000000002444489e+00 -2.450000000003262457e+00 -1.750000000003330669e+00 2.450000000003784706e+00 1.750000000004216627e+00
3.399999999998848388e+00 3.049999999992722977e+00 -3.399999999999490097e+00 -3.049999999994143174e+00 3.400000000000130917e+00 3.049999999995566480e+00 -3.400000000000774847e+00 -3.049999999996984013e+00 3.400000000001413447e+00 3.049999999998407318e+00 -3.400000000002051603e+00 -3.049999999999831513e+00 3.400000000002700418e+00 3.050000000001243272e+00 -3.400000000003339462e+00 -3.050000000002667022e+00 3.400000000003977618e+00 3.050000000004090328e+00 -3.400000000004616219e+00 -3.050000000005514078e+00
3.799999999998243450e+00 3.099999999992685940e+00 -3.799999999999002842e+00 -3.099999999994176303e+00 3.799999999999761346e+00 3.099999999995670663e+00 -3.800000000000523848e+00 -3.099999999997159250e+00 3.800000000001280576e+00 3.099999999998653166e+00 -3.800000000002036415e+00 -3.100000000000148859e+00 3.800000000002803802e+00 3.100000000001629896e+00 -3.800000000003560530e+00 -3.100000000003124700e+00 3.800000000004316369e+00 3.100000000004619061e+00 -3.800000000005073542e+00 -3.100000000006114309e+00
2.199999999998785594e+00 2.499999999994665156e+00 -2.199999999999127986e+00 -2.499999999995748734e+00 2.199999999999469935e+00 2.499999999996834088e+00 -2.199999999999814548e+00 -2.499999999997915889e+00 2.200000000000155165e+00 2.499999999999001243e+00 -2.200000000000494893e+00 -2.500000000000087486e+00 2.200000000000843503e+00 2.500000000001164846e+00 -2.200000000001184119e+00 -2.500000000002250644e+00 2.200000000001523848e+00 2.500000000003335554e+00 -2.200000000001864464e+00 -2.500000000004421352e+00
-1.749999999999716449e+00 -1.999999999996221245e+00 1.749999999999987343e+00 1.999999999997086553e+00 -1.750000000000257794e+00 -1.999999999997953415e+00 1.750000000000530465e+00 1.999999999998817390e+00 -1.750000000000799583e+00 -1.999999999999684253e+00 1.750000000001068479e+00 2.000000000000552003e+00 -1.750000000001344480e+00 -2.000000000001412648e+00 1.750000000001613376e+00 2.000000000002279510e+00 -1.750000000001882272e+00 -2.000000000003146816e+00 1.750000000002151390e+00 2.000000000004013678e+00
-3.804456749634255175e-13 -2.999999999998492761e-01 3.390898672961384364e-13 2.999999999999430345e-01 -2.977895707800826131e-13 -3.000000000000366818e-01 2.567113188689518211e-13 3.000000000001303846e-01 -2.151057110211240797e-13 -3.000000000002239764e-01 1.735001031732963384e-13 3.000000000003176792e-01 -1.329492071988624957e-13 -3.000000000004113265e-01 9.137135492665038328e-14 3.000000000005049738e-01 -4.973799150320701301e-14 -3.000000000005986212e-01 8.132383655379271659e-15 3.000000000006922685e-01
-1.400000000000615863e+00 -2.299999999996194422e+00 1.400000000000735989e+00 2.299999999997105249e+00 -1.400000000000856115e+00 -2.299999999998017408e+00 1.400000000000978240e+00 2.299999999998926903e+00 -1.400000000001096589e+00 -2.299999999999839062e+00 1.400000000001214495e+00 2.300000000000751221e+00 -1.400000000001340617e+00 -2.300000000001658496e+00 1.400000000001458966e+00 2.300000000002570655e+00 -1.400000000001576872e+00 -2.300000000003482814e+00 1.400000000001695222e+00 2.300000000004394973e+00
-2.500000000003380629e-01 -6.499999999990495603e-01 2.500000000003265721e-01 6.499999999992870370e-01 -2.500000000003150813e-01 -6.499999999995246247e-01 2.500000000003040901e-01 6.499999999997617683e-01 -2.500000000002920442e-01 -6.499999999999993561e-01 2.500000000002798872e-01 6.500000000002369438e-01 -2.500000000002701173e-01 -6.500000000004737544e-01 2.500000000002580158e-01 6.500000000007113421e-01 -2.500000000002459699e-01 -6.500000000009488188e-01 2.500000000002338130e-01 6.500000000011864065e-01
-1.849999999999901945e+00 -1.899999999996175193e+00 1.850000000000217693e+00 1.899999999997022959e+00 -1.850000000000533218e+00 -1.899999999997872502e+00 1.850000000000850742e+00 1.899999999998718936e+00 -1.850000000001164935e+00 -1.899999999999568479e+00 1.850000000001478684e+00 1.900000000000418465e+00 -1.850000000001799538e+00 -1.900000000001261791e+00 1.850000000002113953e+00 1.900000000002111555e+00 -1.850000000002427702e+00 -1.900000000002960876e+00 1.850000000002741896e+00 1.900000000003810641e+00
4.849999999998437339e+00 4.649999999990294342e+00 -4.849999999999310418e+00 -4.649999999992412647e+00 4.850000000000183498e+00 4.649999999994536282e+00 -4.850000000001061018e+00 -4.649999999996652811e+00 4.850000000001930545e+00 4.649999999998775557e+00 -4.850000000002800071e+00 -4.650000000000901856e+00 4.850000000003685585e+00 4.650000000003008616e+00 -4.850000000004555112e+00 -4.650000000005132250e+00 4.850000000005423750e+00 4.650000000007256773e+00 -4.850000000006293277e+00 -4.650000000009380408e+00
-1.550000000000784084e+00 -2.549999999995550493e+00 1.550000000000916422e+00 2.549999999996559907e+00 -1.550000000001048983e+00 -2.549999999997571098e+00 1.550000000001183542e+00 2.549999999998579181e+00 -1.550000000001314326e+00 -2.549999999999589928e+00 1.550000000001444000e+00 2.550000000000601563e+00 -1.550000000001583444e+00 -2.550000000001607425e+00 1.550000000001713785e+00 2.550000000002618172e+00 -1.550000000001844125e+00 -2.550000000003628919e+00 1.550000000001974243e+00 2.550000000004640111e+00
-2.549999999999567724e+00 -2.449999999995055244e+00 2.550000000000026468e+00 2.449999999996170796e+00 -2.550000000000484768e+00 -2.449999999997289013e+00 2.550000000000944844e+00 2.449999999998403233e+00 -2.550000000001401812e+00 -2.449999999999521005e+00 2.550000000001857892e+00 2.450000000000640110e+00 -2.550000000002322853e+00 -2.450000000001749889e+00 2.550000000002778933e+00 2.450000000002868106e+00 -2.550000000003235012e+00 -2.450000000003986322e+00 2.550000000003691536e+00 2.450000000005104983e+00
-1.849999999999834666e+00 -1.799999999996404254e+00 1.850000000000164180e+00 1.799999999997220712e+00 -1.850000000000493694e+00 -1.799999999998038946e+00 1.850000000000824762e+00 1.799999999998854072e+00 -1.850000000001152944e+00 -1.799999999999672529e+00 1.850000000001480682e+00 1.800000000000491429e+00 -1.850000000001814859e+00 -1.800000000001303224e+00 1.850000000002143041e+00 1.800000000002121903e+00 -1.850000000002470779e+00 -1.800000000002940137e+00 1.850000000002798961e+00 1.800000000003758593e+00
-1.900000000000310774e+00 -2.499999999995844657e+00 1.900000000000559464e+00 2.499999999996886935e+00 -1.900000000000807931e+00 -2.499999999997930544e+00 1.900000000001059064e+00 2.499999999998971045e+00 -1.900000000001305311e+00 -2.500000000000015099e+00 1.900000000001551559e+00 2.500000000001059597e+00 -1.900000000001807354e+00 -2.500000000002096545e+00 1.900000000002053602e+00 2.500000000003140599e+00 -1.900000000002299849e+00 -2.500000000004184209e+00 1.900000000002546541e+00 2.500000000005228706e+00
-2.849999999999410782e+00 -2.699999999994029398e+00 2.849999999999928590e+00 2.699999999995263966e+00 -2.850000000000446398e+00 -2.699999999996502087e+00 2.850000000000966427e+00 2.699999999997735323e+00 -2.850000000001482015e+00 -2.699999999998972999e+00 2.850000000001996714e+00 2.700000000000212008e+00 -2.850000000002522071e+00 -2.700000000001439915e+00 2.850000000003037215e+00 2.700000000002678036e+00 -2.850000000003552358e+00 -2.700000000003915712e+00 2.850000000004067946e+00 2.700000000005154277e+00
