-3.865850963440369270e+00 -1.070104550410118804e+01 -8.713982499403083892e+00 4.571447003324022873e-01 9.251388325440627725e+00 1.041851454151757395e+01 2.996310071157881616e+00 -6.896140799272722610e+00 -1.110320979024786681e+01 -6.156465136362448298e+00 3.865850963433610676e+00 1.070104550409607924e+01 8.713982499403833515e+00 -4.571447003264237363e-01 -9.251388325434335869e+00 -1.041851454151615997e+01 -2.996310071162513466e+00 6.896140799265860544e+00 1.110320979024444199e+01 6.156465136365265600e+00
2.280506786279371312e+00 2.123312834903998247e+00 2.155971544406631857e-01 -1.869863179270959019e+00 -2.413753155601108258e+00 -9.676738358027781040e-01 1.276184336172582423e+00 2.467918499820580092e+00 1.625027859936218455e+00 -5.575836785505262627e-01 -2.280506786278108766e+00 -2.123312834903967161e+00 -2.155971544418899821e-01 1.869863179269487974e+00 2.413753155600604217e+00 9.676738358036542920e-01 -1.276184336171045208e+00 -2.467918499819651501e+00 -1.625027859936664099e+00 5.575836785490770886e-01
-1.473967733413962922e+00 -4.735253895096609433e+00 -4.092657077382904518e+00 -7.595305045606726146e-02 4.003368911533226715e+00 4.782195461827050131e+00 1.618439020551124319e+00 -2.879606285797408738e+00 -5.003619234951991679e+00 -3.002500902986468212e+00 1.473967733410959768e+00 4.735253895094194476e+00 4.092657077383067943e+00 7.595305045866840299e-02 -4.003368911530326812e+00 -4.782195461826242777e+00 -1.618439020553077423e+00 2.879606285794304554e+00 5.003619234950299699e+00 3.002500902987575770e+00
-2.053666335748299598e+00 -5.112003057934253469e+00 -3.955853678507628590e+00 4.616181530263017696e-01 4.498518363586090807e+00 4.826707349539484326e+00 1.175616430796429634e+00 -3.444687348789398307e+00 -5.225089275550243606e+00 -2.697773487371061929e+00 2.053666335745081284e+00 5.112003057931945982e+00 3.955853678508134852e+00 -4.616181530234066965e-01 -4.498518363583186463e+00 -4.826707349538966518e+00 -1.175616430798726908e+00 3.444687348786179992e+00 5.225089275548761236e+00 2.697773487372529200e+00
4.245247086739913911e+00 7.967910806507435773e+00 5.121593840554524490e+00 -1.947116151086834890e+00 -7.410566156772926405e+00 -6.764526845091312524e+00 -5.416120797902841399e-01 6.127823659162475067e+00 7.745300830799730640e+00 2.977323546663731335e+00 -4.245247086734952546e+00 -7.967910806504518995e+00 -5.121593840556057486e+00 1.947116151082126212e+00 7.410566156768915391e+00 6.764526845091303642e+00 5.416120797942912679e-01 -6.127823659157756175e+00 -7.745300830798196756e+00 -2.977323546666633458e+00
4.322142554300975270e+00 8.053870966625664707e+00 5.145750601797861812e+00 -2.004678335201088846e+00 -7.502391323840470250e+00 -6.814911618960255879e+00 -5.090177667632610481e-01 6.216525346043193956e+00 7.816981604576616505e+00 2.972887663180955098e+00 -4.322142554295961503e+00 -8.053870966622737271e+00 -5.145750601799433888e+00 2.004678335196323324e+00 7.502391323836430814e+00 6.814911618960270978e+00 5.090177667673242423e-01 -6.216525346038433320e+00 -7.816981604575088838e+00 -2.972887663183906071e+00
3.088192703369590841e+00 5.457349227882330567e+00 3.327306082148761668e+00 -1.545866337981633976e+00 -5.144580953110566846e+00 -4.501951288944998630e+00 -1.477801952519031126e-01 4.328225250244753575e+00 5.235914136639621574e+00 1.826960973328668247e+00 -3.088192703366201997e+00 -5.457349227880449405e+00 -3.327306082149939837e+00 1.545866337978374805e+00 5.144580953107908527e+00 4.501951288945130969e+00 1.477801952547214137e-01 -4.328225250241573896e+00 -5.235914136638704974e+00 -1.826960973330761906e+00
-1.927118949567471429e+00 -4.162202596274019228e+00 -2.965843656719469479e+00 6.756442722238370502e-01 3.760111134737410765e+00 3.744631471735114570e+00 6.419671739753292083e-01 -2.989953797097687715e+00 -4.156868667915229132e+00 -1.896738400337160568e+00 1.927118949564864625e+00 4.162202596272306820e+00 2.965843656720063226e+00 -6.756442722214319740e-01 -3.760111134735172111e+00 -3.744631471734887640e+00 -6.419671739773038510e-01 2.989953797095139976e+00 4.156868667914211279e+00 1.896738400338505492e+00
8.248258538543297158e-01 3.091351273502851438e-03 -8.211917524778339361e-01 -9.684601540949043796e-01 -3.173014395420262757e-01 5.954499407068756245e-01 1.017294826793891271e+00 6.004518521389607955e-01 -3.114213399958326578e-01 -9.665495939363566436e-01 -8.248258538543705720e-01 -3.091351274036174823e-03 8.211917524772469612e-01 9.684601540947476161e-01 3.173014395424297307e-01 -5.954499407062463501e-01 -1.017294826793553542e+00 -6.004518521391944974e-01 3.114213399952211470e-01 9.665495939358711430e-01
-1.545153349814339050e+00 -3.553370342241385593e+00 -2.632084016391814885e+00 4.591700069813299256e-01 3.171870733188978608e+00 3.269587671312038424e+00 6.717600953603942715e-01 -2.479886317048940914e+00 -3.587041304406990871e+00 -1.736933639140159080e+00 1.545153349812108390e+00 3.553370342239858815e+00 2.632084016392250980e+00 -4.591700069792954420e-01 -3.171870733187018399e+00 -3.269587671311767973e+00 -6.717600953620392890e-01 2.479886317046737343e+00 3.587041304406048070e+00 1.736933639141248209e+00
-1.374099116172175505e-01 -7.025231035214467568e-01 -6.884555276721133765e-01 -1.068049085284335370e-01 5.628988274611435028e-01 7.685321671572236113e-01 3.405649200737088655e-01 -3.681740922221754531e-01 -7.733795234424304388e-01 -5.409880643867678307e-01 1.374099116167677714e-01 7.025231035210358632e-01 6.884555276720798478e-01 1.068049085288041294e-01 -5.628988274606734343e-01 -7.685321671570417568e-01 -3.405649200739654381e-01 3.681740922216916179e-01 7.733795234421190212e-01 5.409880643868844041e-01
-1.704550059296050968e+00 -4.159086224022455092e+00 -3.184749031690629284e+00 4.151891978610601774e-01 3.672833206518184124e+00 3.902485187982065451e+00 9.148132750535941105e-01 -2.827057684626004264e+00 -4.238218903860205167e+00 -2.155267450726777057e+00 1.704550059293434616e+00 4.159086224020600575e+00 3.184749031691064491e+00 -4.151891978586984555e-01 -3.672833206515838445e+00 -3.902485187981669323e+00 -9.148132750554769377e-01 2.827057684623395239e+00 4.238218903859023889e+00 2.155267450727990752e+00
5.972041127317402776e+00 1.154663205057397413e+01 7.601838938633481924e+00 -2.610134413710002654e+00 -1.067023596839270105e+01 -9.933480267694514865e+00 -1.007270442186710691e+00 8.749362845718879456e+00 1.129276333752557093e+01 4.526076649135536201e+00 -5.972041127310203201e+00 -1.154663205056963093e+01 -7.601838938635572696e+00 2.610134413703212530e+00 1.067023596838680000e+01 9.933480267694365651e+00 1.007270442192444548e+00 -8.749362845711992520e+00 -1.129276333752321193e+01 -4.526076649139635144e+00
-9.467539696116961112e-01 -3.697332266461098804e+00 -3.399720788490412815e+00 -2.992792163129102123e-01 3.047896969157420255e+00 3.882296994268348733e+00 1.516016867343623176e+00 -2.100112280565589629e+00 -3.984846920693151606e+00 -2.584356224687750725e+00 9.467539696093407731e-01 3.697332266459081307e+00 3.399720788490395496e+00 2.992792163149026186e-01 -3.047896969155055924e+00 -3.882296994267561807e+00 -1.516016867345064689e+00 2.100112280563107614e+00 3.984846920691678562e+00 2.584356224688495018e+00
-2.585473959267387656e+00 -5.860832089743609252e+00 -4.304347377760592508e+00 8.007682709601117166e-01 5.245706938108539497e+00 5.365930081177193500e+00 1.062322194989069990e+00 -4.117095442381701886e+00 -5.902258161614228449e+00 -2.821425162858298030e+00 2.585473959263710597e+00 5.860832089741116135e+00 4.304347377761337690e+00 -8.007682709567491841e-01 -5.245706938105324291e+00 -5.365930081176776056e+00 -1.062322194991798030e+00 4.117095442378078118e+00 5.902258161612699894e+00 2.821425162860117020e+00
-1.743909167277611028e+00 -4.005876780664675785e+00 -2.965281421073781232e+00 5.199794042562013718e-01 3.576553871708852306e+00 3.684511835384017608e+00 7.548495657631498768e-01 -2.797132950473825819e+00 -4.043076559742922349e+00 -1.955788600939102340e+00 1.743909167275096372e+00 4.005876780662956271e+00 2.965281421074273283e+00 -5.199794042539074290e-01 -3.576553871706643406e+00 -3.684511835383714295e+00 -7.548495657650051704e-01 2.797132950471341584e+00 4.043076559741861864e+00 1.955788600940331579e+00
-1.041047910755417139e+00 -3.890441995402479591e+00 -3.532440948838588390e+00 -2.621913932406476633e-01 3.224216480388605088e+00 4.052485187982311388e+00 1.539765576871181985e+00 -2.242382191836986838e+00 -4.175843941601287135e+00 -2.666616777659570392e+00 1.041047910752940897e+00 3.890441995400385711e+00 3.532440948838601269e+00 2.621913932427526461e-01 -3.224216480386139061e+00 -4.052485187981518244e+00 -1.539765576872717201e+00 2.242382191834387584e+00 4.175843941599770126e+00 2.666616777660379967e+00
-1.983267408855940772e+00 -5.711061707823600564e+00 -4.730488284726408921e+00 1.500392080140025008e-01 4.906869952198650076e+00 5.618332377625113061e+00 1.697875875892628672e+00 -3.622359577478959203e+00 -5.956214952177734112e+00 -3.379591039269536967e+00 1.983267408852329439e+00 5.711061707820823230e+00 4.730488284726752646e+00 -1.500392080108268189e-01 -4.906869952195253681e+00 -5.618332377624296825e+00 -1.697875875895067832e+00 3.622359577475273706e+00 5.956214952175846733e+00 3.379591039270993136e+00
-1.954127621080935295e+00 -5.511904946580235887e+00 -4.525505258195036795e+00 1.918544467014945409e-01 4.751043686910489505e+00 5.393332377625225327e+00 1.589198777649287964e+00 -3.525117168697842196e+00 -5.733222546376524065e+00 -3.214690153044296395e+00 1.954127621077452304e+00 5.511904946577581121e+00 4.525505258195396507e+00 -1.918544466984219987e-01 -4.751043686907230779e+00 -5.393332377624468599e+00 -1.589198777651658734e+00 3.525117168694297476e+00 5.733222546374731721e+00 3.214690153045725474e+00
1.330677650560037062e-01 -1.208413797265148304e+00 -1.553643382454451771e+00 -6.180035377920463091e-01 8.271366516968432503e-01 1.590360988788004581e+00 1.042444818365013681e+00 -3.648936076605296952e-01 -1.471402980842271724e+00 -1.364844336976105632e+00 -1.330677650567964054e-01 1.208413797264201728e+00 1.553643382454130695e+00 6.180035377926142992e-01 -8.271366516958527093e-01 -1.590360988787409280e+00 -1.042444818365304116e+00 3.648936076595918898e-01 1.471402980841461261e+00 1.364844336976088535e+00
