-2.449999999990582822e+00 2.449999999991891553e+00 -2.449999999993199395e+00 2.449999999994508570e+00 -2.449999999995815969e+00 2.449999999997125144e+00 -2.449999999998432987e+00 2.449999999999741718e+00 -2.450000000001050005e+00 2.450000000002358735e+00 -2.450000000003666578e+00 2.450000000004975309e+00 -2.450000000006283152e+00 2.450000000007591883e+00 -2.450000000008899725e+00 2.450000000010208456e+00 -2.450000000011516299e+00 2.450000000012825030e+00 -2.450000000014132873e+00 2.450000000015442048e+00
-2.599999999988786836e+00 2.599999999990175059e+00 -2.599999999991563282e+00 2.599999999992952393e+00 -2.599999999994340172e+00 2.599999999995729283e+00 -2.599999999997117062e+00 2.599999999998506173e+00 -2.599999999999894396e+00 2.600000000001283507e+00 -2.600000000002671285e+00 2.600000000004060396e+00 -2.600000000005448175e+00 2.600000000006837286e+00 -2.600000000008225065e+00 2.600000000009613732e+00 -2.600000000011001511e+00 2.600000000012390622e+00 -2.600000000013778401e+00 2.600000000015167512e+00
2.749999999988444799e+00 -2.749999999989913402e+00 2.749999999991381561e+00 -2.749999999992851052e+00 2.749999999994318767e+00 -2.749999999995787814e+00 2.749999999997255973e+00 -2.749999999998725020e+00 2.750000000000193179e+00 -2.750000000001662226e+00 2.750000000003130385e+00 -2.750000000004599432e+00 2.750000000006067147e+00 -2.750000000007536638e+00 2.750000000009004353e+00 -2.750000000010473400e+00 2.750000000011941559e+00 -2.750000000013410606e+00 2.750000000014878321e+00 -2.750000000016347812e+00
3.399999999986615506e+00 -3.399999999988431387e+00 3.399999999990246824e+00 -3.399999999992063149e+00 3.399999999993878141e+00 -3.399999999995694466e+00 3.399999999997509459e+00 -3.399999999999325784e+00 3.400000000001141220e+00 -3.400000000002957545e+00 3.400000000004772538e+00 -3.400000000006588863e+00 3.400000000008403855e+00 -3.400000000010220180e+00 3.400000000012034729e+00 -3.400000000013851498e+00 3.400000000015666046e+00 -3.400000000017482371e+00 3.400000000019297364e+00 -3.400000000021113689e+00
1.899999999992575850e+00 -1.899999999993590594e+00 1.899999999994604893e+00 -1.899999999995620081e+00 1.899999999996634159e+00 -1.899999999997649347e+00 1.899999999998663425e+00 -1.899999999999678613e+00 1.900000000000692912e+00 -1.900000000001708100e+00 1.900000000002722178e+00 -1.900000000003737144e+00 1.900000000004751444e+00 -1.900000000005766410e+00 1.900000000006780709e+00 -1.900000000007795675e+00 1.900000000008809975e+00 -1.900000000009824941e+00 1.900000000010839019e+00 -1.900000000011854207e+00
-2.249999999991782573e+00 2.249999999992984279e+00 -2.249999999994185540e+00 2.249999999995387689e+00 -2.249999999996588951e+00 2.249999999997790656e+00 -2.249999999998991917e+00 2.250000000000193623e+00 -2.250000000001395328e+00 2.250000000002597034e+00 -2.250000000003798295e+00 2.250000000005000000e+00 -2.250000000006201262e+00 2.250000000007403411e+00 -2.250000000008604228e+00 2.250000000009806378e+00 -2.250000000011007195e+00 2.250000000012209345e+00 -2.250000000013410162e+00 2.250000000014612311e+00
1.999999999993813948e-01 -1.999999999994881983e-01 1.999999999995950017e-01 -1.999999999997018330e-01 1.999999999998085809e-01 -1.999999999999154399e-01 2.000000000000221878e-01 -2.000000000001290468e-01 2.000000000002358225e-01 -2.000000000003426814e-01 2.000000000004494294e-01 -2.000000000005562883e-01 2.000000000006630363e-01 -2.000000000007698953e-01 2.000000000008766432e-01 -2.000000000009834744e-01 2.000000000010902501e-01 -2.000000000011970813e-01 2.000000000013038570e-01 -2.000000000014106882e-01
-2.399999999989858246e+00 2.399999999991140331e+00 -2.399999999992421529e+00 2.399999999993703614e+00 -2.399999999994984812e+00 2.399999999996266897e+00 -2.399999999997548095e+00 2.399999999998830180e+00 -2.400000000000111822e+00 2.400000000001393907e+00 -2.400000000002675105e+00 2.400000000003957190e+00 -2.400000000005237943e+00 2.400000000006520473e+00 -2.400000000007801226e+00 2.400000000009083312e+00 -2.400000000010364509e+00 2.400000000011646595e+00 -2.400000000012927792e+00 2.400000000014209878e+00
-5.999999999982470467e-01 5.999999999985674570e-01 -5.999999999988878674e-01 5.999999999992083888e-01 -5.999999999995286881e-01 5.999999999998492095e-01 -6.000000000001695089e-01 6.000000000004900302e-01 -6.000000000008103296e-01 6.000000000011309620e-01 -6.000000000014511503e-01 6.000000000017716717e-01 -6.000000000020919710e-01 6.000000000024124924e-01 -6.000000000027327918e-01 6.000000000030533132e-01 -6.000000000033736125e-01 6.000000000036941339e-01 -6.000000000040144332e-01 6.000000000043349546e-01
-2.349999999990629806e+00 2.349999999991884803e+00 -2.349999999993139799e+00 2.349999999994395239e+00 -2.349999999995649347e+00 2.349999999996904787e+00 -2.349999999998159339e+00 2.349999999999414779e+00 -2.350000000000669331e+00 2.350000000001924771e+00 -2.350000000003179323e+00 2.350000000004434764e+00 -2.350000000005689316e+00 2.350000000006944756e+00 -2.350000000008198864e+00 2.350000000009454304e+00 -2.350000000010708856e+00 2.350000000011964296e+00 -2.350000000013218404e+00 2.350000000014474288e+00
4.699999999980851051e+00 -4.699999999983361043e+00 4.699999999985870147e+00 -4.699999999988381028e+00 4.699999999990890132e+00 -4.699999999993401012e+00 4.699999999995910116e+00 -4.699999999998420996e+00 4.700000000000930100e+00 -4.700000000003440981e+00 4.700000000005950085e+00 -4.700000000008460965e+00 4.700000000010969181e+00 -4.700000000013480950e+00 4.700000000015989166e+00 -4.700000000018500046e+00 4.700000000021009150e+00 -4.700000000023520030e+00 4.700000000026028246e+00 -4.700000000028539127e+00
-2.299999999990469224e+00 2.299999999991697575e+00 -2.299999999992925481e+00 2.299999999994154276e+00 -2.299999999995382183e+00 2.299999999996610978e+00 -2.299999999997838440e+00 2.299999999999067235e+00 -2.300000000000295142e+00 2.300000000001523937e+00 -2.300000000002751843e+00 2.300000000003980638e+00 -2.300000000005208101e+00 2.300000000006436895e+00 -2.300000000007664358e+00 2.300000000008893153e+00 -2.300000000010121060e+00 2.300000000011349854e+00 -2.300000000012577317e+00 2.300000000013806112e+00
-2.399999999990038990e+00 2.399999999991320632e+00 -2.399999999992602273e+00 2.399999999993884359e+00 -2.399999999995165112e+00 2.399999999996447642e+00 -2.399999999997728395e+00 2.399999999999010480e+00 -2.400000000000292122e+00 2.400000000001574207e+00 -2.400000000002855405e+00 2.400000000004137490e+00 -2.400000000005418688e+00 2.400000000006700773e+00 -2.400000000007981971e+00 2.400000000009264056e+00 -2.400000000010545254e+00 2.400000000011827339e+00 -2.400000000013108092e+00 2.400000000014390622e+00
-2.349999999988613641e+00 2.349999999989868638e+00 -2.349999999991123634e+00 2.349999999992379074e+00 -2.349999999993633182e+00 2.349999999994888622e+00 -2.349999999996143174e+00 2.349999999997398614e+00 -2.349999999998653166e+00 2.349999999999908606e+00 -2.350000000001163158e+00 2.350000000002418599e+00 -2.350000000003673151e+00 2.350000000004928591e+00 -2.350000000006182699e+00 2.350000000007438139e+00 -2.350000000008692691e+00 2.350000000009948131e+00 -2.350000000011202683e+00 2.350000000012458123e+00
-2.499999999989032773e+00 2.499999999990367705e+00 -2.499999999991702637e+00 2.499999999993038458e+00 -2.499999999994372946e+00 2.499999999995708322e+00 -2.499999999997042810e+00 2.499999999998378186e+00 -2.499999999999713118e+00 2.500000000001048939e+00 -2.500000000002383427e+00 2.500000000003718803e+00 -2.500000000005053291e+00 2.500000000006389111e+00 -2.500000000007723155e+00 2.500000000009058976e+00 -2.500000000010393464e+00 2.500000000011728840e+00 -2.500000000013063328e+00 2.500000000014399149e+00
-3.049999999987150989e+00 3.049999999988779908e+00 -3.049999999990408384e+00 3.049999999992037747e+00 -3.049999999993665778e+00 3.049999999995295141e+00 -3.049999999996923172e+00 3.049999999998552980e+00 -3.050000000000181455e+00 3.050000000001810818e+00 -3.050000000003438849e+00 3.050000000005068213e+00 -3.050000000006696244e+00 3.050000000008325607e+00 -3.050000000009953638e+00 3.050000000011583001e+00 -3.050000000013211032e+00 3.050000000014840396e+00 -3.050000000016468427e+00 3.050000000018097790e+00
-3.199999999987182875e+00 3.199999999988891730e+00 -3.199999999990600585e+00 3.199999999992309885e+00 -3.199999999994017852e+00 3.199999999995727595e+00 -3.199999999997435562e+00 3.199999999999145306e+00 -3.200000000000853717e+00 3.200000000002563461e+00 -3.200000000004271428e+00 3.200000000005981171e+00 -3.200000000007689138e+00 3.200000000009398882e+00 -3.200000000011106849e+00 3.200000000012816148e+00 -3.200000000014524559e+00 3.200000000016233859e+00 -3.200000000017942270e+00 3.200000000019651569e+00
-9.999999999950962559e-01 9.999999999956303842e-01 -9.999999999961642905e-01 9.999999999966985298e-01 -9.999999999972323250e-01 9.999999999977665643e-01 -9.999999999983003596e-01 9.999999999988345989e-01 -9.999999999993685051e-01 9.999999999999027445e-01 -1.000000000000436540e+00 1.000000000000970779e+00 -1.000000000001504574e+00 1.000000000002038814e+00 -1.000000000002572609e+00 1.000000000003106848e+00 -1.000000000003640643e+00 1.000000000004174883e+00 -1.000000000004708456e+00 1.000000000005242695e+00
-2.799999999988163069e+00 2.799999999989658761e+00 -2.799999999991153565e+00 2.799999999992649702e+00 -2.799999999994144062e+00 2.799999999995640199e+00 -2.799999999997134559e+00 2.799999999998630251e+00 -2.800000000000125500e+00 2.800000000001621192e+00 -2.800000000003115996e+00 2.800000000004611689e+00 -2.800000000006106493e+00 2.800000000007602186e+00 -2.800000000009096546e+00 2.800000000010592682e+00 -2.800000000012087042e+00 2.800000000013583179e+00 -2.800000000015077539e+00 2.800000000016573676e+00
-2.349999999990056043e+00 2.349999999991311039e+00 -2.349999999992565591e+00 2.349999999993821032e+00 -2.349999999995075584e+00 2.349999999996331024e+00 -2.349999999997585576e+00 2.349999999998841016e+00 -2.350000000000095568e+00 2.350000000001351008e+00 -2.350000000002605560e+00 2.350000000003861000e+00 -2.350000000005115108e+00 2.350000000006370549e+00 -2.350000000007625101e+00 2.350000000008880541e+00 -2.350000000010135093e+00 2.350000000011390533e+00 -2.350000000012644641e+00 2.350000000013900081e+00
