-2.424260903216459262e+00 -2.645570831469309603e+00 -6.857941340489017712e-01 1.839371475264391487e+00 2.848104987344793670e+00 1.508776741819290779e+00 -1.074431551658599382e+00 -2.771846783144835236e+00 -2.184069769835099706e+00 2.043187817713576493e-01 2.424260903218554475e+00 2.645570831470909212e+00 6.857941340486857218e-01 -1.839371475266243339e+00 -2.848104987346756545e+00 -1.508776741819743528e+00 1.074431551660027795e+00 2.771846783146969084e+00 2.184069769836181507e+00 -2.043187817722251776e-01
-3.401351534686179789e+00 -3.262284643171062370e+00 -4.336940693858049034e-01 2.752446687188136565e+00 3.669389210286903236e+00 1.561179038267162866e+00 -1.834113180524188813e+00 -3.717308395362181273e+00 -2.535844925509485481e+00 7.362438967322364469e-01 3.401351534688979328e+00 3.262284643172905785e+00 4.336940693851714101e-01 -2.752446687190722940e+00 -3.669389210289312864e+00 -1.561179038267404673e+00 1.834113180526309783e+00 3.717308395364919527e+00 2.535844925510585934e+00 -7.362438967336890627e-01
-2.800811605027863305e+00 -3.264839380418009362e+00 -1.037237272798681165e+00 2.045493836260168230e+00 3.441859494016677790e+00 2.000654665831361978e+00 -1.089948879005479876e+00 -3.281966419495959464e+00 -2.768234040792218575e+00 2.771213135297134755e-02 2.800811605030348872e+00 3.264839380420042847e+00 1.037237272798584797e+00 -2.045493836262313625e+00 -3.441859494019105625e+00 -2.000654665832066748e+00 1.089948879007075710e+00 3.281966419498542731e+00 2.768234040793661865e+00 -2.771213135386441095e-02
2.417087019511999113e+00 6.903316049822585398e+00 5.698247712487245487e+00 -2.046241112046741639e-01 -5.938797782147185345e+00 -6.776851394182272337e+00 -2.027868830808313483e+00 4.392948609517734582e+00 7.192089644315284858e+00 4.061859842669838017e+00 -2.417087019515415935e+00 -6.903316049827981082e+00 -5.698247712490164041e+00 2.046241112066344847e-01 5.938797782152415827e+00 6.776851394186454769e+00 2.027868830808001732e+00 -4.392948609522286496e+00 -7.192089644320320829e+00 -4.061859842671204035e+00
2.056678566018233845e+00 6.130417191800342280e+00 5.150059065462691876e+00 -7.615965757273779335e-02 -5.239590112545224443e+00 -6.083347934850555916e+00 -1.911814288792351935e+00 3.835875446703003178e+00 6.421156323198437654e+00 3.712646532177934944e+00 -2.056678566021220789e+00 -6.130417191805161536e+00 -5.150059065465364405e+00 7.615965757441256478e-02 5.239590112549872281e+00 6.083347934854338668e+00 1.911814288792153871e+00 -3.835875446707022629e+00 -6.421156323202961147e+00 -3.712646532179231684e+00
4.223332512836955210e+00 1.193721266388305047e+01 9.809702601781760123e+00 -4.052156264794801732e-01 -1.028606214026935461e+01 -1.168677563394945196e+01 -3.452566588702698613e+00 7.628040187156607033e+00 1.241986564051344466e+01 6.972387530738473060e+00 -4.223332512842886466e+00 -1.193721266389236924e+01 -9.809702601786769449e+00 4.052156264829023247e-01 1.028606214027839805e+01 1.168677563395664798e+01 3.452566588702122186e+00 -7.628040187164488728e+00 -1.241986564052212749e+01 -6.972387530740795647e+00
4.076251395921488552e+00 1.195055731286186784e+01 9.972471294430786060e+00 -2.272142013102456115e-01 -1.023957760771535774e+01 -1.181013121372881258e+01 -3.644064302421298862e+00 7.526276702992937828e+00 1.249173320380546137e+01 7.158636402544646060e+00 -4.076251395927346088e+00 -1.195055731287124345e+01 -9.972471294435933942e+00 2.272142013135594052e-01 1.023957760772441539e+01 1.181013121373613473e+01 3.644064302420854773e+00 -7.526276703000790214e+00 -1.249173320381424013e+01 -7.158636402547111643e+00
-2.853393477600449479e+00 -3.187790700785478659e+00 -8.940792450328667318e-01 2.136737511563677749e+00 3.405964839667578126e+00 1.867214293602764918e+00 -1.210922790369155511e+00 -3.290739409290758921e+00 -2.657573397468317111e+00 1.665745094577499863e-01 2.853393477602938155e+00 3.187790700787427323e+00 8.940792450326666696e-01 -2.136737511565859116e+00 -3.405964839669945121e+00 -1.867214293603362218e+00 1.210922790370817292e+00 3.290739409293312434e+00 2.657573397469659149e+00 -1.665745094587323116e-01
-1.645594567472296710e+00 -1.468926392734073438e+00 -8.123197323207220766e-02 1.373432480973419967e+00 1.695798687903419477e+00 6.200984382395704486e-01 -9.668292539700049648e-01 -1.756674392176704291e+00 -1.098265347632554345e+00 4.655860432923416559e-01 1.645594567473616987e+00 1.468926392734867470e+00 8.123197323168529493e-02 -1.373432480974668302e+00 -1.695798687904500834e+00 -6.200984382395917649e-01 9.668292539710596767e-01 1.756674392177966837e+00 1.098265347632985556e+00 -4.655860432931013815e-01
-1.675387488857248641e+00 -1.186705182065492359e+00 2.803318791831340695e-01 1.516255070728235177e+00 1.502132859392364850e+00 2.496080127411250960e-01 -1.208701041906037776e+00 -1.670521306467041889e+00 -7.551145332572258839e-01 7.828309335866220353e-01 1.675387488858496532e+00 1.186705182066025710e+00 -2.803318791837547952e-01 -1.516255070729497945e+00 -1.502132859393229047e+00 -2.496080127408767391e-01 1.208701041907192186e+00 1.670521306468151668e+00 7.551145332573782065e-01 -7.828309335875571762e-01
-7.760508097060140997e+00 -1.432118728459956003e+01 -9.075057265351587077e+00 3.652817636034553672e+00 1.336920193690295733e+01 1.206362183082854322e+01 8.124360658847449290e-01 -1.110854595491507979e+01 -1.387131503930990917e+01 -5.198162865102248453e+00 7.760508097068669287e+00 1.432118728460989487e+01 9.075057265355196634e+00 -3.652817636040638138e+00 -1.336920193691373093e+01 -1.206362183083511042e+01 -8.124360658816995873e-01 1.110854595492523522e+01 1.387131503931880161e+01 5.198162865102531782e+00
-7.085821334538824345e+00 -1.379138725527934817e+01 -9.126926740075898437e+00 3.062041382140051837e+00 1.272657227273968772e+01 1.189894160616143104e+01 1.261472515241020442e+00 -1.041599172490113823e+01 -1.350620516303628804e+01 -5.461504693636345387e+00 7.085821334546833938e+00 1.379138725528942366e+01 9.126926740079717604e+00 -3.062041382145626933e+00 -1.272657227275007230e+01 -1.189894160616805152e+01 -1.261472515238426073e+00 1.041599172491081760e+01 1.350620516304507213e+01 5.461504693636978658e+00
-2.593577044892558359e+00 -3.238506519719698495e+00 -1.213515698595736048e+00 1.811933257600162550e+00 3.343570992507252981e+00 2.118670181177063405e+00 -8.529248185722371201e-01 -3.121343440519387613e+00 -2.816434464782061831e+00 -1.895738443745742519e-01 2.593577044894926686e+00 3.238506519721773280e+00 1.213515698595804881e+00 -1.811933257602154734e+00 -3.343570992509665718e+00 -2.118670181177904510e+00 8.529248185736586496e-01 3.121343440521902046e+00 2.816434464783597935e+00 1.895738443738597123e-01
6.447926250599504971e-01 4.187781973688719184e+00 4.278240342841125532e+00 8.415911848802843931e-01 -3.288890568977736795e+00 -4.707913930578370376e+00 -2.245594185934510989e+00 2.068059640326890047e+00 4.676744100825757755e+00 3.429782782095424309e+00 -6.447926250615922950e-01 -4.187781973692250581e+00 -4.278240342843627531e+00 -8.415911848796989725e-01 3.288890568980932905e+00 4.707913930581537620e+00 2.245594185935039455e+00 -2.068059640329437787e+00 -4.676744100829278494e+00 -3.429782782097016369e+00
-2.792777606559614600e+00 -2.882305408943316216e+00 -5.955756173995265801e-01 2.182164279878846980e+00 3.160863580984124788e+00 1.533653714942666557e+00 -1.357945509450780630e+00 -3.130014402686856378e+00 -2.321607101273895690e+00 4.008015711946502080e-01 2.792777606561976267e+00 2.882305408945011305e+00 5.955756173991562097e-01 -2.182164279880975499e+00 -3.160863580986259080e+00 -1.533653714943043145e+00 1.357945509452469057e+00 3.130014402689219821e+00 2.321607101274988594e+00 -4.008015711957360061e-01
-2.108509564844423423e+00 -3.061144708064413411e+00 -1.490081864222227992e+00 1.309448419068181657e+00 3.029430802954436786e+00 2.251861078566087304e+00 -3.822093385696340162e-01 -2.701175103565805369e+00 -2.793212440901573501e+00 -5.824430549975448956e-01 2.108509564846482220e+00 3.061144708066481979e+00 1.490081864222598806e+00 -1.309448419069812575e+00 -3.029430802956726954e+00 -2.251861078567145569e+00 3.822093385706779034e-01 2.701175103568093316e+00 2.793212440903219740e+00 5.824430549971880700e-01
-2.878005883286705036e+00 -3.125486779730192843e+00 -7.962241874340221237e-01 2.189469109946049485e+00 3.370099493786657519e+00 1.772320452466036533e+00 -1.286611845195341441e+00 -3.284823388527597920e+00 -2.574929643128435863e+00 2.578120486847201853e-01 2.878005883289187050e+00 3.125486779732078002e+00 7.962241874337541159e-01 -2.189469109948247727e+00 -3.370099493788976108e+00 -1.772320452466560781e+00 1.286611845197040971e+00 3.284823388530122124e+00 2.574929643129705958e+00 -2.578120486857580218e-01
-1.771427877848926968e+00 -1.580938781657134751e+00 -8.707712342147755358e-02 1.478573483738963024e+00 1.825244499766486506e+00 6.671301138422920385e-01 -1.040986015213321680e+00 -1.890882569012626746e+00 -1.181879760551664216e+00 5.014995825423878006e-01 1.771427877850348054e+00 1.580938781657989400e+00 8.707712342106088688e-02 -1.478573483740306838e+00 -1.825244499767650463e+00 -6.671301138423147981e-01 1.040986015214456994e+00 1.890882569013985659e+00 1.181879760552127845e+00 -5.014995825432058130e-01
-1.871336379243154990e+00 -1.367919041667314151e+00 2.632511011991611749e-01 1.677389271536759541e+00 1.708638251126715968e+00 3.312354594932499507e-01 -1.319247614874038632e+00 -1.882104043783312086e+00 -8.932983855575704624e-01 8.319688099287084748e-01 1.871336379244562309e+00 1.367919041667947644e+00 -2.632511011998232009e-01 -1.677389271538171078e+00 -1.708638251127713836e+00 -3.312354594930095875e-01 1.319247614875317165e+00 1.882104043784575964e+00 8.932983855577798504e-01 -8.319688099297306572e-01
-2.057132427051209689e+00 -1.205345017740633295e+00 6.401643763471421833e-01 1.957903376660548478e+00 1.661489084082260703e+00 -4.705815723790696126e-03 -1.667021102247397746e+00 -1.954995022599004706e+00 -6.312133829302195576e-01 1.212959187527204108e+00 2.057132427052663637e+00 1.205345017741064062e+00 -6.401643763480892035e-01 -1.957903376662092132e+00 -1.661489084083128454e+00 4.705815724315831616e-03 1.667021102248881004e+00 1.954995022600224175e+00 6.312133829301729282e-01 -1.212959187528484195e+00
