-2.523236515853338524e+00 2.225521789017446572e+00 -1.709957483350945884e+00 1.027010625240428077e+00 -2.435328115284483286e-01 -5.637836905678907939e-01 1.315913116918604908e+00 -1.939231798878757518e+00 2.372724960941650529e+00 -2.573959272080358573e+00 2.523236515839015315e+00 -2.225521789005032502e+00 1.709957483341662643e+00 -1.027010625235170060e+00 2.435328115277479444e-01 5.637836905639823648e-01 -1.315913116910457203e+00 1.939231798867166567e+00 -2.372724960927762083e+00 2.573959272065525550e+00
-2.466921229265078175e+00 2.241550338196681036e+00 -1.796760882226462019e+00 1.176091952335372115e+00 -4.402989478360230247e-01 -3.385935854197963391e-01 1.084342219413623853e+00 -1.723947881913983515e+00 2.194801514280811272e+00 -2.450812682348107785e+00 2.466921229251016978e+00 -2.241550338184113311e+00 1.796760882216622113e+00 -1.176091952329211265e+00 4.402989478341605145e-01 3.385935854171948645e-01 -1.084342219406800423e+00 1.723947881903603818e+00 -2.194801514267903375e+00 2.450812682333928016e+00
3.259723467077713099e+00 -2.991031456263549160e+00 2.429556446769275624e+00 -1.630259524550911054e+00 6.713814413845231588e-01 3.532161350529949839e-01 -1.343238455188847436e+00 2.201775236437150784e+00 -2.844786916872036553e+00 3.209331033087017282e+00 -3.259723467059107982e+00 2.991031456246751041e+00 -2.429556446755935628e+00 1.630259524542318372e+00 -6.713814413815403226e-01 -3.532161350500978569e-01 1.343238455180337354e+00 -2.201775236423857862e+00 2.844786916855277514e+00 -3.209331033068422379e+00
3.522432790036299721e+00 -3.137308571272243718e+00 2.445082730638583168e+00 -1.513515156437873710e+00 4.337941734460299958e-01 6.883896056631692018e-01 -1.743189013876403015e+00 2.627352935898305653e+00 -3.254333246709346206e+00 3.562756745058985430e+00 -3.522432790016277515e+00 3.137308571254713740e+00 -2.445082730625268930e+00 1.513515156430060182e+00 -4.337941734445057707e-01 -6.883896056582791134e-01 1.743189013865559023e+00 -2.627352935882566687e+00 3.254333246690269021e+00 -3.562756745038428097e+00
1.956228180940751127e+00 -1.743562000781084143e+00 1.360223823874551430e+00 -8.437374618510625757e-01 2.446601983976739170e-01 3.783661099220114732e-01 -9.643553071701380652e-01 1.455946687893338476e+00 -1.805019862628014726e+00 1.977405116895504911e+00 -1.956228180929630245e+00 1.743562000771340381e+00 -1.360223823867143356e+00 8.437374618467043952e-01 -2.446601983968056393e-01 -3.783661099193182942e-01 9.643553071641368657e-01 -1.455946687884615232e+00 1.805019862617432524e+00 -1.977405116884093816e+00
-2.258804518081207746e+00 1.972124089097129662e+00 -1.492398413676204294e+00 8.665863833741387356e-01 -1.559468400058241500e-01 -5.699578666069582411e-01 1.240071126105491750e+00 -1.788797583696561722e+00 2.162424070509289198e+00 -2.324377422805866455e+00 2.258804518068402434e+00 -1.972124089086149112e+00 1.492398413668128310e+00 -8.665863833697449170e-01 1.559468400055586679e-01 5.699578666030850060e-01 -1.240071126097847642e+00 1.788797583685892922e+00 -2.162424070496649975e+00 2.324377422792488712e+00
-3.598203609398505087e-02 7.021575905166012321e-02 -9.757627429136431219e-02 1.153853439495262229e-01 -1.218996922049326304e-01 1.164816492622245681e-01 -9.966157091437262416e-02 7.308592362245319718e-02 -3.935611690683120389e-02 1.773859258219680907e-03 3.598203609374731049e-02 -7.021575905123056405e-02 9.757627429078470638e-02 -1.153853439488537191e-01 1.218996922042328013e-01 -1.164816492615659282e-01 9.966157091381977473e-02 -7.308592362206051130e-02 3.935611690663642914e-02 -1.773859258242718034e-03
-2.208809081655696893e+00 1.980366972158250416e+00 -1.558072745398323855e+00 9.832635025882596747e-01 -3.122055773459272432e-01 -3.894132050703975056e-01 1.052913509772311684e+00 -1.613347304057237697e+00 2.015855423368870802e+00 -2.221037568550227270e+00 2.208809081643130057e+00 -1.980366972147172167e+00 1.558072745389823099e+00 -9.832635025831572007e-01 3.122055773447373062e-01 3.894132050675734869e-01 -1.052913509765738942e+00 1.613347304047557662e+00 -2.015855423357041598e+00 2.221037568537400642e+00
-2.803499928159536303e-01 1.931401147256239792e-01 -8.702433651975710616e-02 -2.760999007874120892e-02 1.395416584780906355e-01 -2.378140171015823978e-01 3.128074827833874916e-01 -3.571811725924043390e-01 3.665914806004876292e-01 -3.401172602943757228e-01 2.803499928144092546e-01 -1.931401147245999650e-01 8.702433651935481684e-02 2.760999007848483067e-02 -1.395416584771980162e-01 2.378140171001431880e-01 -3.128074827815410797e-01 3.571811725903315526e-01 -3.665914805983919167e-01 3.401172602924624755e-01
-2.183518350752708947e+00 1.949912236727748160e+00 -1.525435127134867619e+00 9.516377989671342963e-01 -2.846875325867989637e-01 -4.101299330170200541e-01 1.064801023233091337e+00 -1.615241970389467818e+00 2.007571779431047698e+00 -2.203386475126537736e+00 2.183518350740292657e+00 -1.949912236716847769e+00 1.525435127126554935e+00 -9.516377989622111233e-01 2.846875325857621819e-01 4.101299330140839028e-01 -1.064801023226458643e+00 1.615241970379786007e+00 -2.007571779419274893e+00 2.203386475113819021e+00
4.919053698942914998e+00 -4.467134041267350142e+00 3.577940179280364674e+00 -2.338512603571612836e+00 8.701751208514791891e-01 6.833411655624205272e-01 -2.169967257571469244e+00 3.444181835356979526e+00 -4.381255898070632426e+00 4.889462107475564423e+00 -4.919053698914878758e+00 4.467134041242306175e+00 -3.577940179260773235e+00 2.338512603559367964e+00 -8.701751208478106792e-01 -6.833411655571862697e-01 2.169967257557819273e+00 -3.444181835336246333e+00 4.381255898044869035e+00 -4.889462107447276829e+00
-2.332614169802513793e+00 2.094309948629995866e+00 -1.651000077770564678e+00 1.046078816105635134e+00 -3.387600714613716035e-01 -4.017188692569002018e-01 1.102874768111538950e+00 -1.696073600482350674e+00 2.123248931597748523e+00 -2.342585863742836505e+00 2.332614169789240410e+00 -2.094309948618277240e+00 1.651000077761553442e+00 -1.046078816100201259e+00 3.387600714600622620e-01 4.017188692539724881e-01 -1.102874768104648684e+00 1.696073600472170595e+00 -2.123248931585286492e+00 2.342585863729305107e+00
-2.485517264516913905e+00 2.275170115920554625e+00 -1.842113464335980000e+00 1.228737912103625263e+00 -4.950849319149196459e-01 -2.870304108682937283e-01 1.041049217176371000e+00 -1.693162872690033627e+00 2.179537949264759522e+00 -2.452564665631217000e+00 2.485517264502732360e+00 -2.275170115907781732e+00 1.842113464325871863e+00 -1.228737912097158436e+00 4.950849319127432757e-01 2.870304108659830766e-01 -1.041049217169786933e+00 1.693162872679818243e+00 -2.179537949251925344e+00 2.452564665617012363e+00
-2.104926201212293790e+00 2.015749879530752242e+00 -1.729257915085740560e+00 1.273494137464233011e+00 -6.930718807129432335e-01 4.480691936244746154e-02 6.078440554426582931e-01 -1.200995019001772190e+00 1.676584222276062519e+00 -1.988057680424386797e+00 2.104926201200206126e+00 -2.015749879519351140e+00 1.729257915076146235e+00 -1.273494137457374942e+00 6.930718807095053169e-01 -4.480691936275271736e-02 -6.078440554386290717e-01 1.200995018994410968e+00 -1.676584222266101598e+00 1.988057680412792738e+00
-2.402366900391570415e+00 2.204402125099905962e+00 -1.790655110831117280e+00 1.201626298087009159e+00 -4.949739310641895207e-01 -2.601299330165112722e-01 9.897704668208875400e-01 -1.622525371195730592e+00 2.096456187438328733e+00 -2.365171265184911054e+00 2.402366900377858272e+00 -2.204402125087525199e+00 1.790655110821285145e+00 -1.201626298080675781e+00 4.949739310619900579e-01 2.601299330143772570e-01 -9.897704668146168894e-01 1.622525371185934429e+00 -2.096456187425978168e+00 2.365171265171206905e+00
-2.862802069525220983e+00 2.617071212326940621e+00 -2.115163190659240744e+00 1.406208258682029033e+00 -5.596038647168817270e-01 -3.417784545151328901e-01 1.209705117307675160e+00 -1.959217414706079685e+00 2.516947860881929788e+00 -2.828301913827277136e+00 2.862802069508889602e+00 -2.617071212312251483e+00 2.115163190647638025e+00 -1.406208258674633838e+00 5.596038647144369049e-01 3.417784545124074036e-01 -1.209705117300031496e+00 1.959217414694264026e+00 -2.516947860867111864e+00 2.828301913810898682e+00
-3.136240191391147736e+00 2.807597496196120979e+00 -2.204127596391991073e+00 1.384902330393888104e+00 -4.301131751159490424e-01 -5.667784545159176846e-01 1.508189860040960895e+00 -2.301969133887580288e+00 2.870415630146483377e+00 -3.157885845164521310e+00 3.136240191373307784e+00 -2.807597496180418872e+00 2.204127596379971354e+00 -1.384902330386710290e+00 4.301131751143363324e-01 5.667784545118284001e-01 -1.508189860031553753e+00 2.301969133873773998e+00 -2.870415630129643958e+00 3.157885845146287451e+00
-1.015309909806778821e+00 9.888384529618199359e-01 -8.655725986984390552e-01 6.575784676757456815e-01 -3.852159746186465394e-01 7.514585800869935661e-02 2.422800587547557505e-01 -5.359899153025209362e-01 7.772333444788458445e-01 -9.423957585942233095e-01 1.015309909800933941e+00 -9.888384529562123104e-01 8.655725986936189109e-01 -6.575784676721807553e-01 3.852159746166916587e-01 -7.514585800853948450e-02 -2.422800587530999361e-01 5.359899152992101401e-01 -7.772333444742101083e-01 9.423957585887117183e-01
-2.801251461120896291e+00 2.559513591787287545e+00 -2.067232698910194788e+00 1.372596666207344551e+00 -5.436013083736974671e-01 -3.386055330156011456e-01 1.187667305628867576e+00 -1.920471927401600665e+00 2.465287376204841507e+00 -2.768783319957545785e+00 2.801251461104917517e+00 -2.559513591772923036e+00 2.067232698898856746e+00 -1.372596666200128546e+00 5.436013083713283622e-01 3.386055330129102980e-01 -1.187667305621366021e+00 1.920471927390020150e+00 -2.465287376190329560e+00 2.768783319941513277e+00
-2.415070639441575295e+00 2.233565610411392566e+00 -1.833423617267830652e+00 1.253813346253205063e+00 -5.514710890768081963e-01 -2.048530006225919853e-01 9.411246513254137858e-01 -1.585272463954714217e+00 2.074242762568772047e+00 -2.360171727483058479e+00 2.415070639427775667e+00 -2.233565610398831502e+00 1.833423617257743166e+00 -1.253813346246566374e+00 5.514710890742833271e-01 2.048530006207716636e-01 -9.411246513194141405e-01 1.585272463945120114e+00 -2.074242762556534725e+00 2.360171727469368097e+00
