-2.594959346894853525e+00 1.514183272423199389e+00 1.449593469180388561e-01 -1.748732422724884605e+00 2.684549150281429597e+00 -2.594959346901487329e+00 1.514183272429968641e+00 1.449593469137186730e-01 -1.748732422724667668e+00 2.684549150285397090e+00 -2.594959346908122466e+00 1.514183272436740113e+00 1.449593469094033749e-01 -1.748732422724452507e+00 2.684549150289361474e+00 -2.594959346914756715e+00 1.514183272443507589e+00 1.449593469050783345e-01 -1.748732422724237123e+00 2.684549150293328967e+00
1.295084971861835688e-01 -7.274575140464933920e-02 -1.180339887633649956e-02 9.184405196940198524e-02 -1.368033988747514307e-01 1.295084971865226031e-01 -7.274575140498820702e-02 -1.180339887612720864e-02 9.184405196940240157e-02 -1.368033988749612628e-01 1.295084971868616930e-01 -7.274575140532715811e-02 -1.180339887591816406e-02 9.184405196940290117e-02 -1.368033988751710117e-01 1.295084971872007551e-01 -7.274575140566591491e-02 -1.180339887570863028e-02 9.184405196940340077e-02 -1.368033988753808994e-01
2.390450849709648384e+00 -1.662790070173676638e+00 2.999999999870270329e-01 1.177379873570674196e+00 -2.205040653095852399e+00 2.390450849715005432e+00 -1.662790070179816837e+00 2.999999999916063698e-01 1.177379873569407875e+00 -2.205040653098381931e+00 2.390450849720362925e+00 -1.662790070185958147e+00 2.999999999961814878e-01 1.177379873568143331e+00 -2.205040653100907022e+00 2.390450849725719973e+00 -1.662790070192097014e+00 3.000000000007652101e-01 1.177379873566879009e+00 -2.205040653103437442e+00
2.030901699430149865e+00 -1.428773075801053061e+00 2.809016994265677303e-01 9.742645786320740520e-01 -1.857294901689559019e+00 2.030901699434655594e+00 -1.428773075806263781e+00 2.809016994304943116e-01 9.742645786309341860e-01 -1.857294901691640465e+00 2.030901699439161767e+00 -1.428773075811475834e+00 2.809016994344173401e-01 9.742645786297962074e-01 -1.857294901693718137e+00 2.030901699443667940e+00 -1.428773075816685445e+00 2.809016994383476407e-01 9.742645786286577847e-01 -1.857294901695800027e+00
-5.798074641817190233e+00 3.426441186685431184e+00 2.539763413086309485e-01 -3.837383539264031196e+00 5.955040653093623071e+00 -5.798074641831891363e+00 3.426441186700540431e+00 2.539763412988814140e-01 -3.837383539263374832e+00 5.955040653102305903e+00 -5.798074641846594268e+00 3.426441186715654563e+00 2.539763412891427041e-01 -3.837383539262722021e+00 5.955040653110981630e+00 -5.798074641861297174e+00 3.426441186730760702e+00 2.539763412793824005e-01 -3.837383539262068766e+00 5.955040653119665350e+00
5.272542485912258270e-01 -2.868033988718172722e-01 -6.319660112774748428e-02 3.890576474702670540e-01 -5.663118960625639353e-01 5.272542485926323685e-01 -2.868033988732001660e-01 -6.319660112691637133e-02 3.890576474703059673e-01 -5.663118960634575538e-01 5.272542485940393542e-01 -2.868033988745834484e-01 -6.319660112608625757e-02 3.890576474703452692e-01 -5.663118960643507283e-01 5.272542485954460068e-01 -2.868033988759659536e-01 -6.319660112525415929e-02 3.890576474703845156e-01 -5.663118960652445688e-01
-2.505901699424748053e+00 1.254634122141303099e+00 4.758610463553900050e-01 -2.024593469067859530e+00 2.799999999999146727e+00 -2.505901699431738905e+00 1.254634122147914255e+00 4.758610463516826927e-01 -2.024593469068476370e+00 2.800000000003849632e+00 -2.505901699438730645e+00 1.254634122154527853e+00 4.758610463479802655e-01 -2.024593469069094542e+00 2.800000000008550316e+00 -2.505901699445721942e+00 1.254634122161137233e+00 4.758610463442681793e-01 -2.024593469069712715e+00 2.800000000013253665e+00
-2.157294901678180832e+00 1.254634122143649666e+00 1.272542486047577026e-01 -1.460535821600070117e+00 2.235942352532287014e+00 -2.157294901683707522e+00 1.254634122149278941e+00 1.272542486011755125e-01 -1.460535821599906248e+00 2.235942352535603028e+00 -2.157294901689235100e+00 1.254634122154909770e+00 1.272542485975973470e-01 -1.460535821599744155e+00 2.235942352538915934e+00 -2.157294901694762235e+00 1.254634122160537268e+00 1.272542485940111046e-01 -1.460535821599581396e+00 2.235942352542231948e+00
2.674138953644110472e+00 -1.551847717639474267e+00 -1.631966011399772765e-01 1.815905365133775540e+00 -2.775000000001470735e+00 2.674138953650970763e+00 -1.551847717646453351e+00 -1.631966011355444057e-01 1.815905365133586358e+00 -2.775000000005594547e+00 2.674138953657832385e+00 -1.551847717653434433e+00 -1.631966011311165587e-01 1.815905365133398286e+00 -2.775000000009715695e+00 2.674138953664693119e+00 -1.551847717660411297e+00 -1.631966011266786643e-01 1.815905365133210436e+00 -2.775000000013840395e+00
3.326393202235510937e+00 -2.152708763979896300e+00 1.567627457633564148e-01 1.899061313166523712e+00 -3.229508497188840810e+00 3.326393202243418834e+00 -2.152708763988498308e+00 1.567627457693681892e-01 1.899061313165403053e+00 -3.229508497193036565e+00 3.326393202251327619e+00 -2.152708763997101649e+00 1.567627457753739129e-01 1.899061313164284615e+00 -3.229508497197227879e+00 3.326393202259236404e+00 -2.152708764005701436e+00 1.567627457813917657e-01 1.899061313163166176e+00 -3.229508497201424966e+00
1.946352549147220001e+00 -1.177912029457095278e+00 -4.045084972857766747e-02 1.243362879192694948e+00 -1.971352549156358158e+00 1.946352549152077227e+00 -1.177912029462157451e+00 -4.045084972524287670e-02 1.243362879192364323e+00 -1.971352549159156586e+00 1.946352549156934897e+00 -1.177912029467221178e+00 -4.045084972191169415e-02 1.243362879192035031e+00 -1.971352549161952572e+00 1.946352549161792345e+00 -1.177912029472282018e+00 -4.045084971857329514e-02 1.243362879191705517e+00 -1.971352549164751222e+00
-2.444959346894663987e+00 1.371478174110872139e+00 2.258610463551191383e-01 -1.736929023849353326e+00 2.584549150280894381e+00 -2.444959346901069974e+00 1.371478174117270132e+00 2.258610463511721844e-01 -1.736929023849368869e+00 2.584549150284863650e+00 -2.444959346907476405e+00 1.371478174123669902e+00 2.258610463472298657e-01 -1.736929023849385745e+00 2.584549150288830699e+00 -2.444959346913882836e+00 1.371478174130065675e+00 2.258610463432783599e-01 -1.736929023849402398e+00 2.584549150292800856e+00
9.045084971799498275e-02 -6.094235253073602976e-02 8.155948031106174598e-03 4.774575140596706152e-02 -8.541019662441849680e-02 9.045084971820324671e-02 -6.094235253096906557e-02 8.155948031275030846e-03 4.774575140592700329e-02 -8.541019662452249694e-02 9.045084971841152455e-02 -6.094235253120215690e-02 8.155948031443725765e-03 4.774575140588702832e-02 -8.541019662462635831e-02 9.045084971861978851e-02 -6.094235253143513720e-02 8.155948031612746812e-03 4.774575140584703947e-02 -8.541019662473038621e-02
-2.210410196613963318e+00 1.158813728893586470e+00 3.354101966346612063e-01 -1.701518827222984420e+00 2.417705098311449419e+00 -2.210410196619982948e+00 1.158813728899399598e+00 3.354101966312744154e-01 -1.701518827223321040e+00 2.417705098315379164e+00 -2.210410196626003465e+00 1.158813728905214280e+00 3.354101966278918434e-01 -1.701518827223658770e+00 2.417705098319306689e+00 -2.210410196632023538e+00 1.158813728911026075e+00 3.354101966245008892e-01 -1.701518827223996499e+00 2.417705098323236435e+00
-6.809016994342939055e-01 4.076237921216532833e-01 2.135254915844836399e-02 -4.421729424068107650e-01 6.940983005617518131e-01 -6.809016994360055364e-01 4.076237921234258654e-01 2.135254915729169894e-02 -4.421729424067128433e-01 6.940983005627494595e-01 -6.809016994377175003e-01 4.076237921251989471e-01 2.135254915613630372e-02 -4.421729424066153102e-01 6.940983005637463288e-01 -6.809016994394293532e-01 4.076237921269709741e-01 2.135254915497837580e-02 -4.421729424065177771e-01 6.940983005647441972e-01
-2.197745751396770864e+00 1.275125624956500392e+00 1.345491502916020266e-01 -1.492830723286846739e+00 2.280901699438011576e+00 -2.197745751402409908e+00 1.275125624962236248e+00 1.345491502879594403e-01 -1.492830723286692196e+00 2.280901699441401753e+00 -2.197745751408049841e+00 1.275125624967973659e+00 1.345491502843209619e-01 -1.492830723286538985e+00 2.280901699444790154e+00 -2.197745751413689330e+00 1.275125624973707961e+00 1.345491502806742956e-01 -1.492830723286385552e+00 2.280901699448181219e+00
4.762335554761341072e+00 -3.026973342597394812e+00 1.354101966005242241e-01 2.807875042076632077e+00 -4.678647450845998534e+00 4.762335554772818114e+00 -3.026973342609729833e+00 1.354101966090079934e-01 2.807875042075246519e+00 -4.678647450852237988e+00 4.762335554784295155e+00 -3.026973342622067520e+00 1.354101966174830751e-01 2.807875042073864513e+00 -4.678647450858470336e+00 4.762335554795773085e+00 -3.026973342634398989e+00 1.354101966259755874e-01 2.807875042072482064e+00 -4.678647450864709789e+00
-2.044959346896019881e+00 1.061067977487441638e+00 3.281152949477299519e-01 -1.591969676942713185e+00 2.247745751406127201e+00 -2.044959346901620290e+00 1.061067977492823555e+00 3.281152949446212719e-01 -1.591969676943068235e+00 2.247745751409808701e+00 -2.044959346907221143e+00 1.061067977498207249e+00 3.281152949415165332e-01 -1.591969676943424616e+00 2.247745751413488424e+00 -2.044959346912821552e+00 1.061067977503587390e+00 3.281152949384040229e-01 -1.591969676943780998e+00 2.247745751417170368e+00
-2.430040653083060942e+00 1.365044318767480558e+00 2.213525491678191015e-01 -1.723200266818717630e+00 2.566844051969325857e+00 -2.430040653089422964e+00 1.365044318773838805e+00 2.213525491638919096e-01 -1.723200266818725179e+00 2.566844051973263152e+00 -2.430040653095784986e+00 1.365044318780198829e+00 2.213525491599693251e-01 -1.723200266818734283e+00 2.566844051977197783e+00 -2.430040653102147008e+00 1.365044318786554856e+00 2.213525491560375813e-01 -1.723200266818743165e+00 2.566844051981135522e+00
-1.940450849711263581e+00 1.226518827208550766e+00 -4.409830055357968209e-02 -1.155166278067649044e+00 1.913196601125949803e+00 -1.940450849715958936e+00 1.226518827213579188e+00 -4.409830055702113061e-02 -1.155166278067111918e+00 1.913196601128520635e+00 -1.940450849720654958e+00 1.226518827218608720e+00 -4.409830056045903335e-02 -1.155166278066575902e+00 1.913196601131088803e+00 -1.940450849725350757e+00 1.226518827223635810e+00 -4.409830056390407621e-02 -1.155166278066039887e+00 1.913196601133660080e+00
