-2.157294901687840660e+00 1.254634122154952847e+00 1.272542485956634217e-01 -1.460535821595468020e+00 2.235942352532477084e+00 -2.157294901687445421e+00 1.254634122154701936e+00 1.272542485956770497e-01 -1.460535821595239536e+00 2.235942352532092059e+00 -2.157294901687051070e+00 1.254634122154444587e+00 1.272542485956885128e-01 -1.460535821595014383e+00 2.235942352531706145e+00 -2.157294901686655386e+00 1.254634122154195008e+00 1.272542485957000591e-01 -1.460535821594783235e+00 2.235942352531320232e+00
2.674138953656717721e+00 -1.551847717654177838e+00 -1.631966011282132145e-01 1.815905365127965965e+00 -2.775000000002025846e+00 2.674138953656227891e+00 -1.551847717653867198e+00 -1.631966011282291462e-01 1.815905365127681970e+00 -2.775000000001548006e+00 2.674138953655738948e+00 -1.551847717653548786e+00 -1.631966011282424134e-01 1.815905365127401749e+00 -2.775000000001068390e+00 2.674138953655248230e+00 -1.551847717653239922e+00 -1.631966011282557916e-01 1.815905365127113980e+00 -2.775000000000589218e+00
3.326393202250407022e+00 -2.152708763998008923e+00 1.567627457782511669e-01 1.899061313158896036e+00 -3.229508497189227612e+00 3.326393202249803949e+00 -2.152708763997587926e+00 1.567627457781696765e-01 1.899061313158608044e+00 -3.229508497188676941e+00 3.326393202249202208e+00 -2.152708763997158048e+00 1.567627457780914058e-01 1.899061313158324937e+00 -3.229508497188124938e+00 3.326393202248598246e+00 -2.152708763996739272e+00 1.567627457780129130e-01 1.899061313158032505e+00 -3.229508497187572491e+00
1.946352549156568967e+00 -1.177912029467670596e+00 -4.045084972044450666e-02 1.243362879189077619e+00 -1.971352549157340484e+00 1.946352549156213918e+00 -1.177912029467437005e+00 -4.045084972046953525e-02 1.243362879188885328e+00 -1.971352549157002310e+00 1.946352549155859535e+00 -1.177912029467197863e+00 -4.045084972049264177e-02 1.243362879188695480e+00 -1.971352549156663025e+00 1.946352549155503375e+00 -1.177912029466965604e+00 -4.045084972051582461e-02 1.243362879188500303e+00 -1.971352549156323741e+00
-2.444959346906554920e+00 1.371478174123690552e+00 2.258610463456880713e-01 -1.736929023845517728e+00 2.584549150282447805e+00 -2.444959346906105946e+00 1.371478174123414107e+00 2.258610463456894868e-01 -1.736929023845244391e+00 2.584549150282001495e+00 -2.444959346905657860e+00 1.371478174123130112e+00 2.258610463456884876e-01 -1.736929023844974163e+00 2.584549150281553853e+00 -2.444959346905207109e+00 1.371478174122854998e+00 2.258610463456875161e-01 -1.736929023844697051e+00 2.584549150281106211e+00
9.045084971867739521e-02 -6.094235253133521713e-02 8.155948031403863555e-03 4.774575140604214035e-02 -8.541019662477969399e-02 9.045084971866107493e-02 -6.094235253132340713e-02 8.155948031400980444e-03 4.774575140603502105e-02 -8.541019662476520558e-02 9.045084971864476853e-02 -6.094235253131134733e-02 8.155948031398184070e-03 4.774575140602803358e-02 -8.541019662475066165e-02 9.045084971862842049e-02 -6.094235253129957897e-02 8.155948031395380757e-03 4.774575140602078244e-02 -8.541019662473611773e-02
-2.210410196625343993e+00 1.158813728905214724e+00 3.354101966266142543e-01 -1.701518827220259267e+00 2.417705098313545964e+00 -2.210410196624935431e+00 1.158813728904977136e+00 3.354101966265931045e-01 -1.701518827219987928e+00 2.417705098313126300e+00 -2.210410196624528201e+00 1.158813728904732887e+00 3.354101966265696233e-01 -1.701518827219719698e+00 2.417705098312705747e+00 -2.210410196624118306e+00 1.158813728904497076e+00 3.354101966265462531e-01 -1.701518827219445695e+00 2.417705098312285195e+00
-6.809016994377141696e-01 4.076237921250437379e-01 2.135254915624849870e-02 -4.421729424062763592e-01 6.940983005626313318e-01 -6.809016994375899356e-01 4.076237921249626917e-01 2.135254915625602046e-02 -4.421729424062077474e-01 6.940983005625120938e-01 -6.809016994374658127e-01 4.076237921248797025e-01 2.135254915626286915e-02 -4.421729424061400793e-01 6.940983005623925228e-01 -6.809016994373410236e-01 4.076237921247991003e-01 2.135254915626974212e-02 -4.421729424060705238e-01 6.940983005622729518e-01
-2.197745751406805503e+00 1.275125624967765381e+00 1.345491502829319064e-01 -1.492830723282867922e+00 2.280901699438757202e+00 -2.197745751406403159e+00 1.275125624967510252e+00 1.345491502829449237e-01 -1.492830723282634331e+00 2.280901699438364183e+00 -2.197745751406001258e+00 1.275125624967248461e+00 1.345491502829557762e-01 -1.492830723282403849e+00 2.280901699437970276e+00 -2.197745751405597581e+00 1.275125624966994664e+00 1.345491502829666564e-01 -1.492830723282167593e+00 2.280901699437576369e+00
4.762335554782246128e+00 -3.026973342622368168e+00 1.354101966207790220e-01 2.807875042066434457e+00 -4.678647450846633582e+00 4.762335554781381042e+00 -3.026973342621774421e+00 1.354101966206776309e-01 2.807875042066006355e+00 -4.678647450845834221e+00 4.762335554780517732e+00 -3.026973342621166907e+00 1.354101966205808194e-01 2.807875042065585358e+00 -4.678647450845032196e+00 4.762335554779650870e+00 -3.026973342620575824e+00 1.354101966204838414e-01 2.807875042065149707e+00 -4.678647450844231059e+00
-2.044959346906452424e+00 1.061067977498613590e+00 3.281152949395068075e-01 -1.591969676939336775e+00 2.247745751407456805e+00 -2.044959346906074504e+00 1.061067977498395765e+00 3.281152949394841034e-01 -1.591969676939082534e+00 2.247745751407066450e+00 -2.044959346905697029e+00 1.061067977498171278e+00 3.281152949394594009e-01 -1.591969676938831180e+00 2.247745751406675208e+00 -2.044959346905317776e+00 1.061067977497954784e+00 3.281152949394346985e-01 -1.591969676938574274e+00 2.247745751406283965e+00
-2.430040653094394099e+00 1.365044318779935040e+00 2.213525491584246163e-01 -1.723200266814587378e+00 2.566844051970377016e+00 -2.430040653093948233e+00 1.365044318779659704e+00 2.213525491584265592e-01 -1.723200266814316040e+00 2.566844051969933815e+00 -2.430040653093502812e+00 1.365044318779377264e+00 2.213525491584261151e-01 -1.723200266814048032e+00 2.566844051969489726e+00 -2.430040653093055170e+00 1.365044318779103705e+00 2.213525491584256710e-01 -1.723200266813773363e+00 2.566844051969044749e+00
-1.940450849719346671e+00 1.226518827218080476e+00 -4.409830056122947955e-02 -1.155166278063818108e+00 1.913196601126126550e+00 -1.940450849718994064e+00 1.226518827217839336e+00 -4.409830056119003888e-02 -1.155166278063641583e+00 1.913196601125799701e+00 -1.940450849718642123e+00 1.226518827217593088e+00 -4.409830056115251334e-02 -1.155166278063467722e+00 1.913196601125471741e+00 -1.940450849718289072e+00 1.226518827217353280e+00 -4.409830056111489066e-02 -1.155166278063288532e+00 1.913196601125144003e+00
-2.183155948031798133e+00 1.348732422717702661e+00 8.610463454927358429e-04 -1.350125624970502702e+00 2.183688103938893565e+00 -2.183155948031401117e+00 1.348732422717436430e+00 8.610463455284433909e-04 -1.350125624970294869e+00 2.183688103938519198e+00 -2.183155948031004545e+00 1.348732422717163981e+00 8.610463455619998818e-04 -1.350125624970090366e+00 2.183688103938144387e+00 -2.183155948030605753e+00 1.348732422716899082e+00 8.610463455956535173e-04 -1.350125624969879423e+00 2.183688103937769576e+00
-2.900000000000588773e+00 1.730495168498661362e+00 1.000000000021793178e-01 -1.892298567377047824e+00 2.961803398876510229e+00 -2.900000000000059419e+00 1.730495168498317193e+00 1.000000000022097935e-01 -1.892298567376753837e+00 2.961803398876001303e+00 -2.899999999999530509e+00 1.730495168497964364e+00 1.000000000022373964e-01 -1.892298567376464069e+00 2.961803398875491045e+00 -2.899999999998999378e+00 1.730495168497622194e+00 1.000000000022651242e-01 -1.892298567376165863e+00 2.961803398874980786e+00
-3.036803398875553395e+00 1.782749417092149402e+00 1.522542485962871117e-01 -2.029101966252381928e+00 3.130901699439197827e+00 -3.036803398874997839e+00 1.782749417091793687e+00 1.522542485963108705e-01 -2.029101966252065292e+00 3.130901699438658703e+00 -3.036803398874443616e+00 1.782749417091428867e+00 1.522542485963316039e-01 -2.029101966251753097e+00 3.130901699438118246e+00 -3.036803398873886728e+00 1.782749417091074928e+00 1.522542485963524483e-01 -2.029101966251432465e+00 3.130901699437578678e+00
-1.158155948031506011e+00 5.025831390307495816e-01 3.449593469070881824e-01 -1.060739087063327313e+00 1.371352549156869216e+00 -1.158155948031288851e+00 5.025831390306412239e-01 3.449593469070480478e-01 -1.060739087063154340e+00 1.371352549156628742e+00 -1.158155948031072580e+00 5.025831390305290913e-01 3.449593469070067475e-01 -1.060739087062982922e+00 1.371352549156387823e+00 -1.158155948030854532e+00 5.025831390304217328e-01 3.449593469069653362e-01 -1.060739087062808617e+00 1.371352549156146905e+00
-2.775000000000473754e+00 1.687790070186077740e+00 4.409830056473629245e-02 -1.759142619345806846e+00 2.802254248595195119e+00 -2.774999999999967937e+00 1.687790070185743563e+00 4.409830056477431759e-02 -1.759142619345535064e+00 2.802254248594714614e+00 -2.774999999999462563e+00 1.687790070185401170e+00 4.409830056480958799e-02 -1.759142619345267056e+00 2.802254248594232777e+00 -2.774999999998955857e+00 1.687790070185068769e+00 4.409830056484496941e-02 -1.759142619344991276e+00 2.802254248593750496e+00
-2.597745751406778769e+00 1.654634122155001830e+00 -7.950849718544206191e-02 -1.525986671314418341e+00 2.548606797751387987e+00 -2.597745751406307591e+00 1.654634122154677200e+00 -7.950849718538577360e-02 -1.525986671314185861e+00 2.548606797750952779e+00 -2.597745751405836856e+00 1.654634122154345688e+00 -7.950849718533201105e-02 -1.525986671313957155e+00 2.548606797750516684e+00 -2.597745751405363901e+00 1.654634122154022613e+00 -7.950849718527812360e-02 -1.525986671313720677e+00 2.548606797750079700e+00
-2.663196601125717322e+00 1.477379873561290635e+00 2.727457514084287160e-01 -1.918691769627136168e+00 2.831762745782864243e+00 -2.663196601125227492e+00 1.477379873560991985e+00 2.727457514084256629e-01 -1.918691769626833299e+00 2.831762745782374857e+00 -2.663196601124738994e+00 1.477379873560685120e+00 2.727457514084200008e-01 -1.918691769626533983e+00 2.831762745781884139e+00 -2.663196601124247831e+00 1.477379873560388246e+00 2.727457514084143386e-01 -1.918691769626227561e+00 2.831762745781393420e+00
