-2.857294901691949551e+00 -5.374061313155978681e+00 -4.640576474623521186e-01 5.087257914284702309e+00 3.608155948025070892e+00 -2.857294901696193712e+00 -5.374061313153653430e+00 -4.640576474566657783e-01 5.087257914285885363e+00 3.608155948020125514e+00 -2.857294901700438761e+00 -5.374061313151326402e+00 -4.640576474509884308e-01 5.087257914287071081e+00 3.608155948015165038e+00 -2.857294901704687362e+00 -5.374061313149002039e+00 -4.640576474453105837e-01 5.087257914288255023e+00 3.608155948010219660e+00
-1.980040653095309411e+00 -3.964183272436795580e+00 -4.699593469029395010e-01 3.673732422719961033e+00 2.740450849714825665e+00 -1.980040653098507519e+00 -3.964183272435216843e+00 -4.699593468987622868e-01 3.673732422720960233e+00 2.740450849711272951e+00 -1.980040653101705850e+00 -3.964183272433636773e+00 -4.699593468945917341e-01 3.673732422721960322e+00 2.740450849707709136e+00 -1.980040653104906845e+00 -3.964183272432058480e+00 -4.699593468904206817e-01 3.673732422722959523e+00 2.740450849704155978e+00
-4.295084971874220670e-01 -3.522542485941154711e-01 2.118033988748151686e-01 4.831559480313880606e-01 8.680339887507851349e-02 -4.295084971875730018e-01 -3.522542485937040779e-01 2.118033988752207608e-01 4.831559480312269672e-01 8.680339887457416692e-02 -4.295084971877241031e-01 -3.522542485932923517e-01 2.118033988756257147e-01 4.831559480310662069e-01 8.680339887406818278e-02 -4.295084971878753710e-01 -3.522542485928812916e-01 2.118033988760306685e-01 4.831559480309053356e-01 8.680339887356383621e-02
2.334549150286207464e+00 4.262790070185468849e+00 2.999999999923923522e-01 -4.077379873564994206e+00 -2.819959346898608832e+00 2.334549150289538133e+00 4.262790070183552160e+00 2.999999999878725787e-01 -4.077379873565866397e+00 -2.819959346894635566e+00 2.334549150292869690e+00 4.262790070181632807e+00 2.999999999833600217e-01 -4.077379873566739477e+00 -2.819959346890650309e+00 2.334549150296203912e+00 4.262790070179716118e+00 2.999999999788470206e-01 -4.077379873567611668e+00 -2.819959346886676599e+00
1.919098300567833482e+00 3.378773075812523619e+00 1.690983005560922348e-01 -3.274264578628820033e+00 -2.192705098307197620e+00 1.919098300570437621e+00 3.378773075810930671e+00 1.690983005525004690e-01 -3.274264578629443978e+00 -2.192705098303997069e+00 1.919098300573042204e+00 3.378773075809336390e+00 1.690983005489143931e-01 -3.274264578630067923e+00 -2.192705098300786748e+00 1.919098300575649008e+00 3.378773075807743886e+00 1.690983005453280119e-01 -3.274264578630691869e+00 -2.192705098297585753e+00
-4.176925358164355728e+00 -9.151441186717860887e+00 -1.478976341269520045e+00 8.237383539256228460e+00 6.569959346895274166e+00 -4.176925358171945213e+00 -9.151441186714638576e+00 -1.478976341259930383e+00 8.237383539258924969e+00 6.569959346887364937e+00 -4.176925358179534697e+00 -9.151441186711410936e+00 -1.478976341250355597e+00 8.237383539261621479e+00 6.569959346879431727e+00 -4.176925358187132176e+00 -9.151441186708190401e+00 -1.478976341240779924e+00 8.237383539264314436e+00 6.569959346871522499e+00
2.477457514085963097e-01 -6.319660112599950752e-02 -2.868033988778886378e-01 -1.140576474694161846e-01 2.163118960649604572e-01 2.477457514083985790e-01 -6.319660112627294157e-02 -2.868033988778599386e-01 -1.140576474691250425e-01 2.163118960651115863e-01 2.477457514082010148e-01 -6.319660112654662543e-02 -2.868033988778312948e-01 -1.140576474688341502e-01 2.163118960652633538e-01 2.477457514080032286e-01 -6.319660112681979580e-02 -2.868033988778025956e-01 -1.140576474685432162e-01 2.163118960654144829e-01
-2.394098300566120052e+00 -4.279634122157101928e+00 -2.508610463392156875e-01 4.124593469065874096e+00 2.799999999996049649e+00 -2.394098300569438287e+00 -4.279634122155123066e+00 -2.508610463346712116e-01 4.124593469066700990e+00 2.799999999992023536e+00 -2.394098300572756521e+00 -4.279634122153142428e+00 -2.508610463301340077e-01 4.124593469067527884e+00 2.799999999987984101e+00 -2.394098300576077420e+00 -4.279634122151164455e+00 -2.508610463255963596e-01 4.124593469068353002e+00 2.799999999983957544e+00
-2.492705098314909051e+00 -4.279634122155160370e+00 -1.522542485892346698e-01 4.185535821595167683e+00 2.739057647463532863e+00 -2.492705098318174883e+00 -4.279634122153075815e+00 -1.522542485846768712e-01 4.185535821595895989e+00 2.739057647459433031e+00 -2.492705098321441604e+00 -4.279634122150991260e+00 -1.522542485801262890e-01 4.185535821596626072e+00 2.739057647455320321e+00 -2.492705098324710988e+00 -4.279634122148907593e+00 -1.522542485755752906e-01 4.185535821597355266e+00 2.739057647451220490e+00
3.400861046348682581e+00 4.876847717654832159e+00 -3.868033988823845748e-01 -5.115905365127590976e+00 -2.774999999992336264e+00 3.400861046352109618e+00 4.876847717651859426e+00 -3.868033988876544704e-01 -5.115905365127869864e+00 -2.774999999987247445e+00 3.400861046355537987e+00 4.876847717648883140e+00 -3.868033988929160394e-01 -5.115905365128149640e+00 -2.774999999982142640e+00 3.400861046358969020e+00 4.876847717645910407e+00 -3.868033988981777749e-01 -5.115905365128428528e+00 -2.774999999977053378e+00
3.773606797755379993e+00 5.002708763998737318e+00 -6.817627457889460230e-01 -5.424061313159090680e+00 -2.670491502804583916e+00 3.773606797758745746e+00 5.002708763995381780e+00 -6.817627457943905567e-01 -5.424061313159096009e+00 -2.670491502799152261e+00 3.773606797762113274e+00 5.002708763992024465e+00 -6.817627457998265417e-01 -5.424061313159102227e+00 -2.670491502793702843e+00 3.773606797765483023e+00 5.002708763988670704e+00 -6.817627458052626377e-01 -5.424061313159108444e+00 -2.670491502788270299e+00
1.778647450847347544e+00 2.902912029467418886e+00 1.545084971339949487e-02 -2.893362879189252279e+00 -1.803647450838423261e+00 1.778647450849516476e+00 2.902912029465911203e+00 1.545084971029596355e-02 -2.893362879189659953e+00 -1.803647450835577093e+00 1.778647450851686074e+00 2.902912029464403076e+00 1.545084970719737272e-02 -2.893362879190068515e+00 -1.803647450832722043e+00 1.778647450853857448e+00 2.902912029462895838e+00 1.545084970409851821e-02 -2.893362879190476633e+00 -1.803647450829875432e+00
-1.830040653095303060e+00 -3.771478174124132110e+00 -5.008610463403972979e-01 3.461929023844843023e+00 2.640450849714794046e+00 -1.830040653098373937e+00 -3.771478174122687488e+00 -5.008610463364303600e-01 3.461929023845846665e+00 2.640450849711453607e+00 -1.830040653101444814e+00 -3.771478174121241533e+00 -5.008610463324698614e-01 3.461929023846850306e+00 2.640450849708103398e+00 -1.830040653104518578e+00 -3.771478174119797355e+00 -5.008610463285088077e-01 3.461929023847853948e+00 2.640450849704762959e+00
3.454915028120841836e-02 -5.640576474695861986e-01 -3.831559480314843946e-01 3.272542485945540980e-01 5.854101966255620404e-01 3.454915028058724857e-02 -5.640576474696997744e-01 -3.831559480309328913e-01 3.272542485950079572e-01 5.854101966252918121e-01 3.454915027996618981e-02 -5.640576474698133502e-01 -3.831559480303823872e-01 3.272542485954615388e-01 5.854101966250206956e-01 3.454915027934446492e-02 -5.640576474699265930e-01 -3.831559480298316056e-01 3.272542485959151204e-01 5.854101966247504674e-01
-1.539589803378099475e+00 -3.033813728906885387e+00 -3.354101966212880703e-01 2.826518827221546015e+00 2.082294901684507593e+00 -1.539589803380534194e+00 -3.033813728905650819e+00 -3.354101966180879080e-01 2.826518827222286756e+00 2.082294901681770227e+00 -1.539589803382969135e+00 -3.033813728904415807e+00 -3.354101966148928526e-01 2.826518827223027941e+00 2.082294901679024868e+00 -1.539589803385406075e+00 -3.033813728903182128e+00 -3.354101966116974642e-01 2.826518827223768682e+00 2.082294901676287502e+00
-5.690983005627222591e-01 -1.157623792125281881e+00 -1.463525491558133051e-01 1.067172942406769298e+00 8.059016994369809783e-01 -5.690983005636608416e-01 -1.157623792124830464e+00 -1.463525491545947244e-01 1.067172942407070169e+00 8.059016994359502473e-01 -5.690983005645997572e-01 -1.157623792124379047e+00 -1.463525491533780587e-01 1.067172942407371261e+00 8.059016994349164076e-01 -5.690983005655392279e-01 -1.157623792123927631e+00 -1.463525491521612543e-01 1.067172942407671909e+00 8.059016994338854545e-01
-2.477254248596042263e+00 -3.700125624968992444e+00 1.904508497220861740e-01 3.817830723283174077e+00 2.169098300558955916e+00 -2.477254248598697028e+00 -3.700125624966846161e+00 1.904508497260705424e-01 3.817830723283486716e+00 2.169098300555171832e+00 -2.477254248601351794e+00 -3.700125624964698101e+00 1.904508497300485548e-01 3.817830723283800687e+00 2.169098300551375758e+00 -2.477254248604009224e+00 -3.700125624962553150e+00 1.904508497340268447e-01 3.817830723284113770e+00 2.169098300547591673e+00
5.712664445224539200e+00 8.376973342624021157e+00 -5.354101966340740759e-01 -8.707875042066271831e+00 -4.846352549146265787e+00 5.712664445230494437e+00 8.376973342619050911e+00 -5.354101966431087378e-01 -8.707875042066877569e+00 -4.846352549137622034e+00 5.712664445236451449e+00 8.376973342614075335e+00 -5.354101966521289668e-01 -8.707875042067485083e+00 -4.846352549128948972e+00 5.712664445242412015e+00 8.376973342609108641e+00 -5.354101966611497510e-01 -8.707875042068092597e+00 -4.846352549120303443e+00
-1.430040653097149450e+00 -3.411067977500571669e+00 -6.781152949332752700e-01 2.991969676940661405e+00 2.527254248590364405e+00 -1.430040653100044912e+00 -3.411067977499505854e+00 -6.781152949297180044e-01 2.991969676941791167e+00 2.527254248587511132e+00 -1.430040653102940595e+00 -3.411067977498439596e+00 -6.781152949261664009e-01 2.991969676942920930e+00 2.527254248584648533e+00 -1.430040653105838722e+00 -3.411067977497373782e+00 -6.781152949226143534e-01 2.991969676944050249e+00 2.527254248581795260e+00
-3.044959346909409170e+00 -4.840044318780900134e+00 5.364745084873376313e-02 4.873200266814809112e+00 2.958155948025876558e+00 -3.044959346912984088e+00 -4.840044318778301324e+00 5.364745085391908752e-02 4.873200266815410409e+00 2.958155948021071513e+00 -3.044959346916559895e+00 -4.840044318775701626e+00 5.364745085909616851e-02 4.873200266816013482e+00 2.958155948016251813e+00 -3.044959346920138366e+00 -4.840044318773103704e+00 5.364745086427361032e-02 4.873200266816615667e+00 2.958155948011446768e+00
