-2.186803398871458359e+00 -1.391186271091484628e+00 3.046603799088943187e+00 -4.917184269999104185e-01 -2.742705098309165201e+00 2.186803398872966486e+00 1.391186271092455851e+00 -3.046603799091049947e+00 4.917184270002437629e-01 2.742705098311066347e+00 -2.186803398874474169e+00 -1.391186271093419524e+00 3.046603799093154485e+00 -4.917184270005720559e-01 -2.742705098312967937e+00 2.186803398875978743e+00 1.391186271094391635e+00 -3.046603799095260356e+00 4.917184270009110625e-01 2.742705098314870860e+00
-2.057294901684140420e+00 -1.336677773904356714e+00 2.883407197964261925e+00 -4.453658778435271026e-01 -2.608155948028287874e+00 2.057294901685559285e+00 1.336677773905289968e+00 -2.883407197966255442e+00 4.453658778438287502e-01 2.608155948030095317e+00 -2.057294901686977706e+00 -1.336677773906215672e+00 2.883407197968247182e+00 -4.453658778441255683e-01 -2.608155948031903648e+00 2.057294901688393018e+00 1.336677773907149813e+00 -2.883407197970240254e+00 4.453658778444325450e-01 2.608155948033713312e+00
4.156433855337138716e+00 9.342979003424884965e-01 -4.733861713367687685e+00 1.991389536560695284e+00 3.503115294933416113e+00 -4.156433855340008421e+00 -9.342979003431505225e-01 4.733861713370964175e+00 -1.991389536562062634e+00 -3.503115294935847501e+00 4.156433855342878125e+00 9.342979003437988927e-01 -4.733861713374239777e+00 1.991389536563423768e+00 3.503115294938281998e+00 -4.156433855345745165e+00 -9.342979003444625841e-01 4.733861713377516267e+00 -1.991389536564799334e+00 -3.503115294940718716e+00
3.798277907306168544e+00 1.348355547810760058e+00 -4.631607464773866312e+00 1.514135287967238064e+00 3.695820393245655477e+00 -3.798277907308790002e+00 -1.348355547811707522e+00 4.631607464777070859e+00 -1.514135287968275234e+00 -3.695820393248219204e+00 3.798277907311411017e+00 1.348355547812642330e+00 -4.631607464780273631e+00 1.514135287969305965e+00 3.695820393250785152e+00 -3.798277907314028923e+00 -1.348355547813591349e+00 4.631607464783478179e+00 -1.514135287970351351e+00 -3.695820393253353320e+00
1.569630456465865853e+00 5.335624789678564683e-01 -1.899390203590131332e+00 6.403252247494397587e-01 1.503647450841532951e+00 -1.569630456466949653e+00 -5.335624789682316127e-01 1.899390203591445614e+00 -6.403252247498787408e-01 -1.503647450842576117e+00 1.569630456468032786e+00 5.335624789686015390e-01 -1.899390203592759230e+00 6.403252247503147254e-01 1.503647450843620170e+00 -1.569630456469114588e+00 -5.335624789689772385e-01 1.899390203594073290e+00 -6.403252247507569272e-01 -1.503647450844664890e+00
-1.981762745777893908e+00 -1.030243918560851180e+00 2.618488504152013618e+00 -5.880709761558990945e-01 -2.255040653091012981e+00 1.981762745779261037e+00 1.030243918561571714e+00 -2.618488504153824614e+00 5.880709761563001070e-01 2.255040653092576175e+00 -1.981762745780627721e+00 -1.030243918562285588e+00 2.618488504155634278e+00 -5.880709761566970117e-01 -2.255040653094140701e+00 1.981762745781992408e+00 1.030243918563007011e+00 -2.618488504157444829e+00 5.880709761571027983e-01 2.255040653095706116e+00
-3.081559480308483367e-01 2.786474508432319475e-01 1.359423525312772052e-01 -3.626644452182700706e-01 8.819660112473104441e-02 3.081559480310619437e-01 -2.786474508434237940e-01 -1.359423525313722680e-01 3.626644452185208145e-01 -8.819660112479127401e-02 -3.081559480312754395e-01 2.786474508436164732e-01 1.359423525314675807e-01 -3.626644452187717249e-01 8.819660112485089298e-02 3.081559480314894350e-01 -2.786474508438082642e-01 -1.359423525315629488e-01 3.626644452190224688e-01 -8.819660112491051196e-02
-1.429508497184968974e+00 -1.934220259840881306e+00 2.624922359495844848e+00 3.119290238431924323e-01 -2.817705098309266187e+00 1.429508497185952187e+00 1.934220259842225786e+00 -2.624922359497657620e+00 -3.119290238434142548e-01 2.817705098311217071e+00 -1.429508497186935845e+00 -1.934220259843565159e+00 2.624922359499468172e+00 3.119290238436414064e-01 -2.817705098313167511e+00 1.429508497187914839e+00 1.934220259844910306e+00 -2.624922359501279168e+00 -3.119290238438581220e-01 2.817705098315119283e+00
-2.809016994370555631e-01 -2.159830056244670948e-01 4.143865379054318954e-01 -4.012195928146164436e-02 -3.895898033743603883e-01 2.809016994372492415e-01 2.159830056246176966e-01 -4.143865379057182774e-01 4.012195928148847013e-02 3.895898033746303391e-01 -2.809016994374428089e-01 -2.159830056247672714e-01 4.143865379060044929e-01 -4.012195928151456037e-02 -3.895898033749004008e-01 2.809016994376359322e-01 2.159830056249180119e-01 -4.143865379062907639e-01 4.012195928154214941e-02 3.895898033751705736e-01
-2.065450849715360526e+00 -7.116777739050234031e-01 2.505291903027158984e+00 -8.366777739056807661e-01 -1.988196601122470097e+00 2.065450849716786053e+00 7.116777739055236696e-01 -2.505291903028892708e+00 8.366777739062541963e-01 1.988196601123849439e+00 -2.065450849718211579e+00 -7.116777739060170527e-01 2.505291903030625100e+00 -8.366777739068238517e-01 -1.988196601125229890e+00 2.065450849719635329e+00 7.116777739065182073e-01 -2.505291903032358380e+00 8.366777739074016118e-01 1.988196601126611229e+00
5.047416860960487028e+00 1.716796067497670553e+00 -6.108455182427747765e+00 2.058436853998157012e+00 4.836271242962996375e+00 -5.047416860963972240e+00 -1.716796067498877587e+00 6.108455182431974606e+00 -2.058436853999567884e+00 -4.836271242966351025e+00 5.047416860967454788e+00 1.716796067500067746e+00 -6.108455182436198783e+00 2.058436854000969429e+00 4.836271242969709228e+00 -5.047416860970933783e+00 -1.716796067501277001e+00 6.108455182440424736e+00 -2.058436854002390959e+00 -4.836271242973070095e+00
-2.228976341277667306e+00 -1.345162612372825084e+00 3.060332556120402892e+00 -5.462269241873147774e-01 -2.722745751403130132e+00 2.228976341279204298e+00 1.345162612373764999e+00 -3.060332556122518977e+00 5.462269241876857029e-01 2.722745751405017511e+00 -2.228976341280741291e+00 -1.345162612374696698e+00 3.060332556124633729e+00 -5.462269241880517434e-01 -2.722745751406905335e+00 2.228976341282275619e+00 1.345162612375637279e+00 -3.060332556126748926e+00 5.462269241884283311e-01 2.722745751408794934e+00
-2.628647450839573185e+00 -1.059955681217130019e+00 3.283736088401124853e+00 -9.695048314993781613e-01 -2.684549150278094931e+00 2.628647450841387734e+00 1.059955681217873646e+00 -3.283736088403396369e+00 9.695048315000416306e-01 2.684549150279956997e+00 -2.628647450843201394e+00 -1.059955681218608170e+00 3.283736088405666997e+00 -9.695048315007002149e-01 -2.684549150281820395e+00 2.628647450845012834e+00 1.059955681219352686e+00 -3.283736088407938514e+00 9.695048315013695683e-01 2.684549150283685126e+00
-1.986271242965649719e+00 -1.023810063217278410e+00 2.619020660058742678e+00 -5.948337219371460094e-01 -2.251393202247655712e+00 1.986271242967020179e+00 1.023810063217994726e+00 -2.619020660060553674e+00 5.948337219375517959e-01 2.251393202249216685e+00 -1.986271242968390194e+00 -1.023810063218703936e+00 2.619020660062363781e+00 -5.948337219379533636e-01 -2.251393202250778547e+00 1.986271242969757767e+00 1.023810063219420918e+00 -2.619020660064174333e+00 5.948337219383638130e-01 2.251393202252341297e+00
-2.274467844089935298e+00 -1.551596467716714889e+00 3.233407197963904078e+00 -4.467590800933811668e-01 -2.957294901684414334e+00 2.274467844091503821e+00 1.551596467717797578e+00 -3.233407197966139179e+00 4.467590800936829254e-01 2.957294901686463806e+00 -2.274467844093071900e+00 -1.551596467718872274e+00 3.233407197968373392e+00 -4.467590800939792439e-01 -2.957294901688513722e+00 2.274467844094635982e+00 1.551596467719956074e+00 -3.233407197970607605e+00 4.467590800942871088e-01 2.957294901690565414e+00
-3.135410196620133316e+00 -5.695048314987176674e-01 3.487383539244537811e+00 -1.585816727561445871e+00 -2.507294901684261834e+00 3.135410196622298695e+00 5.695048314991234539e-01 -3.487383539246952324e+00 1.585816727562535444e+00 2.507294901686002220e+00 -3.135410196624463630e+00 -5.695048314995186933e-01 3.487383539249365505e+00 -1.585816727563620798e+00 -2.507294901687745714e+00 3.135410196626626789e+00 5.695048314999258121e-01 -3.487383539251780462e+00 1.585816727564716366e+00 2.507294901689490096e+00
-3.160410196619975132e+00 -1.332169276716711037e+00 3.983736088400253283e+00 -1.129915028124168330e+00 -3.285410196621229684e+00 3.160410196622156498e+00 1.332169276717645179e+00 -3.983736088403009301e+00 1.129915028124941490e+00 3.285410196623507861e+00 -3.160410196624336976e+00 -1.332169276718568440e+00 3.983736088405763542e+00 -1.129915028125708210e+00 -3.285410196625788259e+00 3.160410196626514345e+00 1.332169276719503692e+00 -3.983736088408518672e+00 1.129915028126488252e+00 3.285410196628069990e+00
-6.067627457803993485e-01 -5.314338553426201095e-01 9.352069311547461794e-01 -4.655581462542784932e-02 -9.064338553425468348e-01 6.067627457808175695e-01 5.314338553429902579e-01 -9.352069311553924402e-01 4.655581462545790861e-02 9.064338553431747769e-01 -6.067627457812355685e-01 -5.314338553433584078e-01 9.352069311560381459e-01 -4.655581462548633032e-02 -9.064338553438029411e-01 6.067627457816523462e-01 5.314338553437288892e-01 -9.352069311566840737e-01 4.655581462551816596e-02 9.064338553444313273e-01
-2.727786404495628148e+00 -8.722912359986074726e-01 3.266892036432251789e+00 -1.146759080092917715e+00 -2.558155948028071336e+00 2.727786404497511530e+00 8.722912359992215370e-01 -3.266892036434512203e+00 1.146759080093703975e+00 2.558155948029846360e+00 -2.727786404499394024e+00 -8.722912359998262755e-01 3.266892036436771729e+00 -1.146759080094485572e+00 -2.558155948031623161e+00 2.727786404501274298e+00 8.722912360004412280e-01 -3.266892036439032143e+00 1.146759080095277605e+00 2.558155948033400851e+00
-2.591844051964613094e+00 -9.849556812171315068e-01 3.200580140369906790e+00 -9.931116292493777920e-01 -2.586803398871807769e+00 2.591844051966401885e+00 9.849556812178230647e-01 -3.200580140372121463e+00 9.931116292500579146e-01 2.586803398873601889e+00 -2.591844051968191120e+00 -9.849556812185058519e-01 3.200580140374334803e+00 -9.931116292507331522e-01 -2.586803398875397786e+00 2.591844051969976803e+00 9.849556812191981869e-01 -3.200580140376548588e+00 9.931116292514188260e-01 2.586803398877195015e+00
