-2.335704549222855420e+00 2.111442712293274404e+00 -1.680498151397986639e+00 1.085054722725123710e+00 -3.833985777718527665e-01 -3.557872912676903754e-01 1.060146221320938054e+00 -1.660730652756980952e+00 2.098751196909121042e+00 -2.331331351047334799e+00 2.335704549203625913e+00 -2.111442712272941336e+00 1.680498151378544858e+00 -1.085054722708464148e+00 3.833985777596215505e-01 3.557872912743115235e-01 -1.060146221321288662e+00 1.660730652751025715e+00 -2.098751196897453930e+00 2.331331351031090460e+00
2.959435255837387646e-01 -2.452669434970176920e-01 1.705819241055640811e-01 -7.919915746859104710e-02 -1.993617451425960113e-02 1.171200148320043766e-01 -2.028393320746971762e-01 2.687033222290250434e-01 -3.082647590372973867e-01 3.176510934240154849e-01 -2.959435255810146104e-01 2.452669434943374194e-01 -1.705819241031909517e-01 7.919915746675537660e-02 1.993617451537581936e-02 -1.171200148322940199e-01 2.028393320741303241e-01 -2.687033222276571376e-01 3.082647590352634026e-01 -3.176510934215140414e-01
2.638433327162421183e+00 -2.420270402753160077e+00 1.965194548306871347e+00 -1.317751759157118618e+00 5.413182465054463544e-01 2.881032676990862296e-01 -1.089323226726413685e+00 1.783912638559145947e+00 -2.303880252078133406e+00 2.598328014444923451e+00 -2.638433327141154194e+00 2.420270402730355652e+00 -1.965194548284767473e+00 1.317751759137865353e+00 -5.413182464909451763e-01 -2.881032677074331083e-01 1.089323226727775484e+00 -1.783912638553387886e+00 2.303880252065831691e+00 -2.598328014427273569e+00
2.372810981109380712e+00 -2.250297010602982262e+00 1.907508289957358771e+00 -1.377999367499155969e+00 7.136022658645546635e-01 2.064719751132348957e-02 -7.528755693361820489e-01 1.411407234840633462e+00 -1.931780526345187710e+00 2.263057680423584461e+00 -2.372810981091206806e+00 2.250297010582817503e+00 -1.907508289937181578e+00 1.377999367480930104e+00 -7.136022658500784654e-01 -2.064719752064814173e-02 7.528755693394301174e-01 -1.411407234837485092e+00 1.931780526335963089e+00 -2.263057680409177763e+00
-5.112138363193853507e+00 4.473934429964037562e+00 -3.397790622995432219e+00 1.989047396049771654e+00 -3.856023514724541967e-01 -1.255588137914169788e+00 2.773872912162065774e+00 -4.020631679055738594e+00 4.873823003812709054e+00 -5.249930575032713875e+00 5.112138363149860254e+00 -4.473934429918847044e+00 3.397790622953477779e+00 -1.989047396015130253e+00 3.856023514485536485e-01 1.255588137925025549e+00 -2.773872912158786619e+00 4.020631679038644712e+00 -4.873823003783495089e+00 5.249930574994225552e+00
7.280071145343398609e-01 -7.708764473150512275e-01 7.382870224203361698e-01 -6.334289198228852946e-01 4.665663811944251727e-01 -2.540330744157019427e-01 1.663324036094648850e-02 2.223947711505806502e-01 -4.396532329460020039e-01 6.138753730560647659e-01 -7.280071145298039337e-01 7.708764473092402092e-01 -7.382870224138193826e-01 6.334289198162987855e-01 -4.665663811884168677e-01 2.540330744108558747e-01 -1.663324035774049747e-02 -2.223947711518314829e-01 4.396532329451800503e-01 -6.138753730532463537e-01
-2.523236515858517492e+00 2.225521789024015984e+00 -1.709957483357829489e+00 1.027010625246727926e+00 -2.435328115335541332e-01 -5.637836905642428231e-01 1.315913116916329395e+00 -1.939231798877470103e+00 2.372724960940766792e+00 -2.573959272079220373e+00 2.523236515837027127e+00 -2.225521789001791095e+00 1.709957483337051665e+00 -1.027010625229415997e+00 2.435328115214207279e-01 5.637836905700275292e-01 -1.315913116915185643e+00 1.939231798869509138e+00 -2.372724960926778870e+00 2.573959272060567738e+00
-2.466921229269753546e+00 2.241550338203073700e+00 -1.796760882233480849e+00 1.176091952342058322e+00 -4.402989478416692304e-01 -3.385935854155736613e-01 1.084342219410861174e+00 -1.723947881912403668e+00 2.194801514279905330e+00 -2.450812682347248916e+00 2.466921229249592340e+00 -2.241550338181651725e+00 1.796760882212900423e+00 -1.176091952324321177e+00 4.402989478285271874e-01 3.385935854228502295e-01 -1.084342219411547292e+00 1.723947881906430668e+00 -2.194801514267869180e+00 2.450812682330320236e+00
3.259723467082580761e+00 -2.991031456270809574e+00 2.429556446777585865e+00 -1.630259524559075190e+00 6.713814413916446844e-01 3.532161350474162242e-01 -1.343238455184884605e+00 2.201775236434488026e+00 -2.844786916870071458e+00 3.209331033085002449e+00 -3.259723467056316437e+00 2.991031456242639219e+00 -2.429556446750273935e+00 1.630259524535277560e+00 -6.713814413737123621e-01 -3.532161350577495140e-01 1.343238455186590352e+00 -2.201775236427397253e+00 2.844786916854893377e+00 -3.209331033063212768e+00
3.522432790043494411e+00 -3.137308571281584690e+00 2.445082730648531211e+00 -1.513515156447118537e+00 4.337941734536477911e-01 6.883896056576231937e-01 -1.743189013872880055e+00 2.627352935896324126e+00 -3.254333246708123184e+00 3.562756745057606533e+00 -3.522432790013887871e+00 3.137308571250701394e+00 -2.445082730619402067e+00 1.513515156422574393e+00 -4.337941734361159263e-01 -6.883896056664507990e-01 1.743189013872120441e+00 -2.627352935886050567e+00 3.254333246689356418e+00 -3.562756745032174432e+00
1.956228180944426631e+00 -1.743562000785946031e+00 1.360223823879776361e+00 -8.437374618559506656e-01 2.446601984017353626e-01 3.783661099190083199e-01 -9.643553071681594258e-01 1.455946687892120117e+00 -1.805019862627133875e+00 1.977405116894473736e+00 -1.956228180928000215e+00 1.743562000768800191e+00 -1.360223823863593973e+00 8.437374618423046924e-01 -2.446601983919750867e-01 -3.783661099239408743e-01 9.643553071677711808e-01 -1.455946687886447988e+00 1.805019862616741966e+00 -1.977405116880373681e+00
-2.258804518086411139e+00 1.972124089103455713e+00 -1.492398413682657354e+00 8.665863833799034577e-01 -1.559468400103605490e-01 -5.699578666038643826e-01 1.240071126103730270e+00 -1.788797583695747040e+00 2.162424070508856211e+00 -2.324377422805186555e+00 2.258804518066912070e+00 -1.972124089083465703e+00 1.492398413664138834e+00 -8.665863833646549885e-01 1.559468399998913402e-01 5.699578666085453049e-01 -1.240071126102152643e+00 1.788797583688064963e+00 -2.162424070495830630e+00 2.324377422788087344e+00
-3.598203609360975386e-02 7.021575905144931962e-02 -9.757627429130852348e-02 1.153853439495966110e-01 -1.218996922050873816e-01 1.164816492624161787e-01 -9.966157091455588035e-02 7.308592362259205832e-02 -3.935611690690418024e-02 1.773859258222761776e-03 3.598203609380068446e-02 -7.021575905131209605e-02 9.757627429085630189e-02 -1.153853439488741472e-01 1.218996922041650360e-01 -1.164816492613842680e-01 9.966157091351555974e-02 -7.308592362164541278e-02 3.935611690614322644e-02 -1.773859257722758959e-03
-2.208809081659767859e+00 1.980366972163750683e+00 -1.558072745404315507e+00 9.832635025939343576e-01 -3.122055773507058096e-01 -3.894132050668062672e-01 1.052913509769899392e+00 -1.613347304055731346e+00 2.015855423367811650e+00 -2.221037568549072638e+00 2.208809081641371019e+00 -1.980366972144445681e+00 1.558072745385996605e+00 -9.832635025783820204e-01 3.122055773394578626e-01 3.894132050726638594e-01 -1.052913509769781708e+00 1.613347304049648878e+00 -2.015855423356369691e+00 2.221037568533384743e+00
-2.803499928174467692e-01 1.931401147270023766e-01 -8.702433652087115945e-02 -2.760999007798162208e-02 1.395416584777098845e-01 -2.378140171015412918e-01 3.128074827835948257e-01 -3.571811725927346304e-01 3.665914806008043758e-01 -3.401172602945545798e-01 2.803499928143593500e-01 -1.931401147242801652e-01 8.702433651878194176e-02 2.760999007923606308e-02 -1.395416584780038716e-01 2.378140171008483739e-01 -3.128074827819812831e-01 3.571811725903587531e-01 -3.665914805978990887e-01 3.401172602914045440e-01
-2.183518350757317705e+00 1.949912236733681858e+00 -1.525435127141155034e+00 9.516377989729469800e-01 -2.846875325915518284e-01 -4.101299330136107257e-01 1.064801023230996790e+00 -1.615241970388384463e+00 2.007571779430478376e+00 -2.203386475125897803e+00 2.183518350739031444e+00 -1.949912236714561820e+00 1.525435127123077272e+00 -9.516377989576690899e-01 2.846875325805841017e-01 4.101299330192093029e-01 -1.064801023230666832e+00 1.615241970382157222e+00 -2.007571779418973357e+00 2.203386475110234777e+00
4.919053698951940667e+00 -4.467134041279700263e+00 3.577940179293903622e+00 -2.338512603584475880e+00 8.701751208623028644e-01 6.833411655543555341e-01 -2.169967257566198793e+00 3.444181835353925969e+00 -4.381255898068769916e+00 4.889462107473648622e+00 -4.919053698911707073e+00 4.467134041236973552e+00 -3.577940179252876440e+00 2.338512603549138813e+00 -8.701751208361467871e-01 -6.833411655688026443e-01 2.169967257567497310e+00 -3.444181835341945774e+00 4.381255898044706498e+00 -4.889462107439842775e+00
-2.332614169806683346e+00 2.094309948635689977e+00 -1.651000077776801689e+00 1.046078816111567944e+00 -3.387600714663916435e-01 -4.017188692531003524e-01 1.102874768108953463e+00 -1.696073600480697552e+00 2.123248931596549927e+00 -2.342585863741528662e+00 2.332614169787293967e+00 -2.094309948615316497e+00 1.651000077757443840e+00 -1.046078816095107555e+00 3.387600714544559133e-01 4.017188692593589572e-01 -1.102874768108909942e+00 1.696073600474355070e+00 -2.123248931584539978e+00 2.342585863725020090e+00
-2.485517264521102998e+00 2.275170115926482772e+00 -1.842113464342588491e+00 1.228737912109979069e+00 -4.950849319203283194e-01 -2.870304108642044438e-01 1.041049217173636077e+00 -1.693162872688380727e+00 2.179537949263689267e+00 -2.452564665630117435e+00 2.485517264501005741e+00 -2.275170115904977752e+00 1.842113464321785132e+00 -1.228737912091901308e+00 4.950849319067615606e-01 2.870304108719484715e-01 -1.041049217174786268e+00 1.693162872682822950e+00 -2.179537949251979967e+00 2.452564665613393480e+00
-2.104926201214798454e+00 2.015749879535219780e+00 -1.729257915091273246e+00 1.273494137469974197e+00 -6.930718807181912577e-01 4.480691936673747433e-02 6.078440554395125872e-01 -1.200995018999682973e+00 1.676584222274716485e+00 -1.988057680423325202e+00 2.104926201198928482e+00 -2.015749879517422904e+00 1.729257915073295182e+00 -1.273494137453564878e+00 6.930718807049693897e-01 -4.480691935798419845e-02 -6.078440554429296316e-01 1.200995018997427444e+00 -1.676584222267020419e+00 1.988057680410933781e+00
