1.305778567106044674e+00 7.143652440578410756e-01 5.302487364593289065e-02 -6.135059408444554219e-01 -1.219982519297748258e+00 -1.707038708644145419e+00 -2.026998055550408573e+00 -2.148540709853498765e+00 -2.059769229712762328e+00 -1.769373186111646401e+00 -1.305778567106037569e+00 -7.143652440578476259e-01 -5.302487364595287467e-02 6.135059408444245577e-01 1.219982519297708956e+00 1.707038708644102565e+00 2.026998055550365940e+00 2.148540709853460573e+00 2.059769229712731686e+00 1.769373186111626861e+00
2.330664973422192698e+00 8.167483998231622522e+00 1.320481278308695039e+01 1.694956248939314136e+01 1.903517092469155969e+01 1.925748420404676153e+01 1.759474075472778054e+01 1.420970149056878640e+01 9.433717639701043822e+00 3.734295777683662276e+00 -2.330664973421969322e+00 -8.167483998231311659e+00 -1.320481278308657735e+01 -1.694956248939275056e+01 -1.903517092469117955e+01 -1.925748420404644534e+01 -1.759474075472754961e+01 -1.420970149056866205e+01 -9.433717639701034940e+00 -3.734295777683776407e+00
3.445652267841523564e-01 4.910378316772163743e+00 8.995529364497024005e+00 1.220013532248641930e+01 1.421050703176974928e+01 1.482985530235901805e+01 1.399755401027582202e+01 1.179507460497335103e+01 8.438011116218978813e+00 4.254976308328668466e+00 -3.445652267840061400e-01 -4.910378316771945251e+00 -8.995529364496750446e+00 -1.220013532248612265e+01 -1.421050703176945262e+01 -1.482985530235875871e+01 -1.399755401027562129e+01 -1.179507460497323201e+01 -8.438011116218943286e+00 -4.254976308328728862e+00
9.732145694521488366e+00 -1.451140694046571866e+00 -1.249237932078957769e+01 -2.231077682008889695e+01 -2.994524003591524419e+01 -3.464845451627050466e+01 -3.596003685859538734e+01 -3.375160024489160548e+01 -2.823932183799117723e+01 -1.996278185466351474e+01 -9.732145694521641133e+00 1.451140694046207713e+00 1.249237932078902880e+01 2.231077682008823615e+01 2.994524003591451589e+01 3.464845451626979411e+01 3.596003685859476207e+01 3.375160024489113653e+01 2.823932183799088236e+01 1.996278185466344368e+01
-5.105715878530489249e+00 -2.357896628500430136e+00 6.207299719590633202e-01 3.538595197883168897e+00 6.110078070995986543e+00 8.083463931102530253e+00 9.265584020827816403e+00 9.540724189474559580e+00 8.881951800321346013e+00 7.353752084755621254e+00 5.105715878530474150e+00 2.357896628500475877e+00 -6.207299719589594034e-01 -3.538595197883021459e+00 -6.110078070995804467e+00 -8.083463931102338407e+00 -9.265584020827629885e+00 -9.540724189474397932e+00 -8.881951800321221668e+00 -7.353752084755549312e+00
-3.513895773475931961e+00 -8.158145581129129909e+00 -1.200381925815880102e+01 -1.467447547067323121e+01 -1.590869178103554127e+01 -1.558565449749677789e+01 -1.373698476010283187e+01 -1.054364324318926727e+01 -6.318216463750227163e+00 -1.474318635236702146e+00 3.513895773475722351e+00 8.158145581128856350e+00 1.200381925815848483e+01 1.467447547067291147e+01 1.590869178103524284e+01 1.558565449749653631e+01 1.373698476010266845e+01 1.054364324318919621e+01 6.318216463750252920e+00 1.474318635236826935e+00
-3.353899164001131084e+00 -8.119665633120950687e+00 -1.209062265703384398e+01 -1.487806529495476582e+01 -1.620913924022917740e+01 -1.595354970095610092e+01 -1.413631556203663742e+01 -1.093532036240297245e+01 -6.663899814840241298e+00 -1.740170323280801457e+00 3.353899164000920585e+00 8.119665633120673576e+00 1.209062265703352423e+01 1.487806529495444252e+01 1.620913924022886832e+01 1.595354970095585223e+01 1.413631556203646511e+01 1.093532036240289607e+01 6.663899814840260838e+00 1.740170323280924025e+00
5.668391827881244183e+00 1.198545864724695953e+01 1.712930526661937591e+01 2.059641613960753403e+01 2.204740629718147105e+01 2.134024271307494658e+01 1.854414748599874940e+01 1.393282189832007134e+01 7.957654627555511340e+00 1.203536677605860028e+00 -5.668391827880941314e+00 -1.198545864724657228e+01 -1.712930526661893893e+01 -2.059641613960709350e+01 -2.204740629718106604e+01 -2.134024271307462683e+01 -1.854414748599853624e+01 -1.393282189831998963e+01 -7.957654627555562854e+00 -1.203536677606047878e+00
5.791092701549907851e+00 1.230083406281625891e+01 1.760648408106366247e+01 2.118868876586870087e+01 2.269679696399504110e+01 2.198318453740237999e+01 1.911770484243577783e+01 1.438085099660955635e+01 8.236299257954595276e+00 1.285521162259782635e+00 -5.791092701549596988e+00 -1.230083406281586100e+01 -1.760648408106321128e+01 -2.118868876586824967e+01 -2.269679696399462188e+01 -2.198318453740204603e+01 -1.911770484243555757e+01 -1.438085099660946931e+01 -8.236299257954648567e+00 -1.285521162259975370e+00
1.368442928635083877e+00 5.503643306958344361e+00 9.100108732258789246e+00 1.180579211065994727e+01 1.335584230147933305e+01 1.359852959220481239e+01 1.251009805991840906e+01 1.019709096654872127e+01 6.885921562062820911e+00 2.900710178045593501e+00 -1.368442928634931111e+00 -5.503643306958129422e+00 -9.100108732258528121e+00 -1.180579211065967371e+01 -1.335584230147906659e+01 -1.359852959220458679e+01 -1.251009805991824031e+01 -1.019709096654862712e+01 -6.885921562062809365e+00 -2.900710178045668552e+00
-1.629392083059210350e+00 -5.541222389647384006e+00 -8.910639240770276359e+00 -1.140782063893234977e+01 -1.278832506999563634e+01 -1.291701914170770138e+01 -1.178130538166505836e+01 -9.492355365683739166e+00 -6.274227469380529776e+00 -2.441934473261083482e+00 1.629392083059059360e+00 5.541222389647176172e+00 8.910639240770024117e+00 1.140782063893208864e+01 1.278832506999538410e+01 1.291701914170748822e+01 1.178130538166490204e+01 9.492355365683657453e+00 6.274227469380525335e+00 2.441934473261161642e+00
-2.864675744780891709e+00 -2.288249747801348821e+00 -1.487833922333539949e+00 -5.417785461992373763e-01 4.573098888301380116e-01 1.411633645675463455e+00 2.227776865852126420e+00 2.825849764565053768e+00 3.147308799469313634e+00 3.160687320491681884e+00 2.864675744780854405e+00 2.288249747801328837e+00 1.487833922333541725e+00 5.417785461992582485e-01 -4.573098888300988207e-01 -1.411633645675410831e+00 -2.227776865852065580e+00 -2.825849764564990263e+00 -3.147308799469252349e+00 -3.160687320491630814e+00
-2.692913011046249139e+00 -6.501187365396358331e+00 -9.673080203985600534e+00 -1.189810455589595151e+01 -1.295845953490620595e+01 -1.275035020774327243e+01 -1.129414776533281639e+01 -8.732395448696982143e+00 -5.315855423366015131e+00 -1.378962431453394144e+00 2.692913011046080385e+00 6.501187365396138063e+00 9.673080203985344738e+00 1.189810455589569216e+01 1.295845953490596081e+01 1.275035020774307348e+01 1.129414776533267784e+01 8.732395448696921747e+00 5.315855423366032007e+00 1.378962431453492732e+00
2.539567905634660949e-01 -1.328550311348652313e+00 -2.781009652231642981e+00 -3.961244391920590413e+00 -4.753724930915779190e+00 -5.080877752523769608e+00 -4.910678859157835419e+00 -4.259788504346054161e+00 -3.191920371037173076e+00 -1.811604832394246856e+00 -2.539567905635095602e-01 1.328550311348582591e+00 2.781009652231552831e+00 3.961244391920489605e+00 4.753724930915676161e+00 5.080877752523677238e+00 4.910678859157760812e+00 4.259788504346006199e+00 3.191920371037153537e+00 1.811604832394260178e+00
-8.883663543247215522e-01 -5.138108837840677623e+00 -8.884897428999456892e+00 -1.176197035508729449e+01 -1.348769967235293343e+01 -1.389315897135923450e+01 -1.293865907091842438e+01 -1.071763307167750590e+01 -7.447490473240263142e+00 -3.448335617564968203e+00 8.883663543245745586e-01 5.138108837840464460e+00 8.884897428999195768e+00 1.176197035508701738e+01 1.348769967235265810e+01 1.389315897135899824e+01 1.293865907091824319e+01 1.071763307167740287e+01 7.447490473240240938e+00 3.448335617565034816e+00
7.744471792652807274e+00 1.749697142886591195e+01 2.553674559305327207e+01 3.107680517362379646e+01 3.357485053896645155e+01 3.278635560381599134e+01 2.878850374619223018e+01 2.197263256059115832e+01 1.300592700762638998e+01 2.766110701533291305e+00 -7.744471792652359632e+00 -1.749697142886533285e+01 -2.553674559305260416e+01 -3.107680517362312500e+01 -3.357485053896581917e+01 -3.278635560381547975e+01 -2.878850374619188557e+01 -2.197263256059101622e+01 -1.300592700762645038e+01 -2.766110701533560423e+00
-1.602796026837600696e+00 -5.332506549742639379e+00 -8.540234177801037774e+00 -1.091198418122587377e+01 -1.221559314472797375e+01 -1.232345474018201870e+01 -1.122501072310905457e+01 -9.027784447209670660e+00 -5.946855729344558306e+00 -2.283807338510963625e+00 1.602796026837455701e+00 5.332506549742439539e+00 8.540234177800797966e+00 1.091198418122562330e+01 1.221559314472773217e+01 1.232345474018181619e+01 1.122501072310890535e+01 9.027784447209594276e+00 5.946855729344553865e+00 2.283807338511039120e+00
-3.811696330999705840e+00 -9.431400705781957328e+00 -1.412789386704956485e+01 -1.744145034178568210e+01 -1.904771613533765873e+01 -1.878945876032075546e+01 -1.669195824798659089e+01 -1.296053256262782227e+01 -7.960439648698867998e+00 -2.181123438310920815e+00 3.811696330999460258e+00 9.431400705781634031e+00 1.412789386704918826e+01 1.744145034178530196e+01 1.904771613533729635e+01 1.878945876032046414e+01 1.669195824798638483e+01 1.296053256262772990e+01 7.960439648698888426e+00 2.181123438311062479e+00
1.022960189948502130e+00 -2.034190399206422306e+00 -4.892220259049109288e+00 -7.271365513833209171e+00 -8.938738849540754927e+00 -9.731126146799544685e+00 -9.570963016066965423e+00 -8.473927340501267835e+00 -6.547404615523831239e+00 -3.979976308328550427e+00 -1.022960189948575849e+00 2.034190399206296185e+00 4.892220259048939646e+00 7.271365513833017324e+00 8.938738849540554199e+00 9.731126146799361720e+00 9.570963016066814433e+00 8.473927340501166583e+00 6.547404615523783278e+00 3.979976308328565082e+00
1.763105987438287725e+00 -2.570056240274359638e+00 -6.651643456554181100e+00 -1.008212146658137520e+01 -1.252569118118875480e+01 -1.374315897135922881e+01 -1.361535060719404200e+01 -1.215477686187091955e+01 -9.504408869997766018e+00 -5.923683116818759586e+00 -1.763105987438386091e+00 2.570056240274185999e+00 6.651643456553944844e+00 1.008212146658110520e+01 1.252569118118847236e+01 1.374315897135896769e+01 1.361535060719382528e+01 1.215477686187076856e+01 9.504408869997691411e+00 5.923683116818773797e+00
