-3.452791971339510546e-01 -2.020988316379549676e+00 -2.030535057712626656e+00 -3.660488059931257809e-01 1.600218878148538915e+00 2.247218920024541600e+00 1.041545401577560037e+00 -1.022808866743849299e+00 -2.243929337149556336e+00 -1.615088276382019128e+00 3.452791971338883270e-01 2.020988316379358718e+00 2.030535057712467228e+00 3.660488059931290006e-01 -1.600218878148377710e+00 -2.247218920024351974e+00 -1.041545401577499419e+00 1.022808866743733169e+00 2.243929337149357828e+00 1.615088276381902999e+00
-2.826952448268661988e-01 -1.197163677515511893e+00 -1.124655063620809248e+00 -1.249476431092299555e-01 9.777702997641737337e-01 1.274385567771163963e+00 5.203597851763540616e-01 -6.626659525456659594e-01 -1.299370333381711484e+00 -8.648354859105840120e-01 2.826952448268231777e-01 1.197163677515400204e+00 1.124655063620722650e+00 1.249476431092392537e-01 -9.777702997640771443e-01 -1.274385567771058048e+00 -5.203597851763266391e-01 6.626659525455934618e-01 1.299370333381597797e+00 8.648354859105236159e-01
-8.237271096375694546e-01 -1.615251806565974224e+00 -1.075115271638940273e+00 3.513780041983837199e-01 1.488184889334464467e+00 1.398088257072219731e+00 1.553664284862280587e-01 -1.215444066341081486e+00 -1.584206622849579027e+00 -6.469025126490202116e-01 8.237271096374778612e-01 1.615251806565832116e+00 1.075115271638866332e+00 -3.513780041983288194e-01 -1.488184889334327021e+00 -1.398088257072110929e+00 -1.553664284862381617e-01 1.215444066340962026e+00 1.584206622849447132e+00 6.469025126489860167e-01
3.939769503471167056e+00 7.663988965303079937e+00 5.069789871603640918e+00 -1.704093527802242214e+00 -7.073071959941964693e+00 -6.610801245112342350e+00 -6.983909954856152291e-01 5.789793390151630526e+00 7.504701332588690654e+00 3.032512142159016655e+00 -3.939769503470730516e+00 -7.663988965302404921e+00 -5.069789871603293641e+00 1.704093527801978869e+00 7.073071959941310993e+00 6.610801245111828095e+00 6.983909954856661884e-01 -5.789793390151061203e+00 -7.504701332588067153e+00 -3.032512142158858559e+00
3.435114701560237016e+00 7.342219513364979910e+00 5.196181996539672276e+00 -1.233741221777536312e+00 -6.646531787151840120e+00 -6.579725504984407003e+00 -1.088399444773184621e+00 5.300235220502317546e+00 7.319199637357932886e+00 3.303999990344537174e+00 -3.435114701559844441e+00 -7.342219513364327987e+00 -5.196181996539305459e+00 1.233741221777316266e+00 6.646531787151219284e+00 6.579725504983887419e+00 1.088399444773197500e+00 -5.300235220501789080e+00 -7.319199637357318267e+00 -3.303999990344348436e+00
6.563254246205105780e+00 1.311955028868759321e+01 8.859702106594951942e+00 -2.704345812765291512e+00 -1.203885127827946278e+01 -1.144817265906477388e+01 -1.419282831113022114e+00 9.779705625144307746e+00 1.291601630755604191e+01 5.403982182756811525e+00 -6.563254246204373032e+00 -1.311955028868643502e+01 -8.859702106594339099e+00 2.704345812764858081e+00 1.203885127827834545e+01 1.144817265906387860e+01 1.419282831113090282e+00 -9.779705625143343184e+00 -1.291601630755496544e+01 -5.403982182756520203e+00
6.755605127060462678e+00 1.319488844168833985e+01 8.755916536277187134e+00 -2.901691221033130041e+00 -1.216705914913663911e+01 -1.140154464223227215e+01 -1.236260438980267384e+00 9.948233334181653120e+00 1.293111011937286392e+01 5.253198313693083321e+00 -6.755605127059713055e+00 -1.319488844168717812e+01 -8.755916536276584949e+00 2.901691221032679291e+00 1.216705914913551467e+01 1.140154464223138397e+01 1.236260438980352427e+00 -9.948233334180672571e+00 -1.293111011937178922e+01 -5.253198313692806209e+00
-4.474230622207934771e-01 -1.732624287312499511e+00 -1.589398945471288238e+00 -1.358262330019824882e-01 1.429725632205249175e+00 1.816569515871525153e+00 7.057799101814821174e-01 -9.868754707335374299e-01 -1.865921605274191597e+00 -1.206646932294599850e+00 4.474230622207282515e-01 1.732624287312338751e+00 1.589398945471166780e+00 1.358262330019996966e-01 -1.429725632205108621e+00 -1.816569515871374607e+00 -7.057799101814463683e-01 9.868754707334302934e-01 1.865921605274028616e+00 1.206646932294516361e+00
-5.510273777682353491e-02 -3.694193117930757997e-01 -3.791757089911841350e-01 -7.632846775204882306e-02 2.894462136417064180e-01 4.165928991730282194e-01 2.002881110456378733e-01 -1.811401034087365414e-01 -4.132310738104104098e-01 -3.046421585407467769e-01 5.510273777681271024e-02 3.694193117930407722e-01 3.791757089911542700e-01 7.632846775204862877e-02 -2.894462136416770526e-01 -4.165928991729930253e-01 -2.002881110456259384e-01 1.811401034087157802e-01 4.132310738103737724e-01 3.046421585407247390e-01
2.366676231733200186e-01 -1.723715717342944598e-01 -4.393025587330993131e-01 -3.440595589010327915e-01 3.483628946853331576e-02 3.850120732894175557e-01 4.177725477996011572e-01 1.061090115291014879e-01 -2.930339235753188776e-01 -4.505910489270417152e-01 -2.366676231733052527e-01 1.723715717342732823e-01 4.393025587330599002e-01 3.440595589010075894e-01 -3.483628946852393438e-02 -3.850120732893808628e-01 -4.177725477995676839e-01 -1.061090115290982960e-01 2.930339235752889016e-01 4.505910489270033570e-01
-5.758556662390184044e+00 -1.273514848016372270e+01 -9.212508262400092462e+00 1.905195493640907900e+00 1.145219989019232898e+01 1.155767290988009854e+01 2.134659484303293109e+00 -9.048230182800459431e+00 -1.277149200589865252e+01 -5.965559118876483602e+00 5.758556662389517911e+00 1.273514848016258760e+01 9.212508262399436987e+00 -1.905195493640545301e+00 -1.145219989019125606e+01 -1.155767290987918017e+01 -2.134659484303293997e+00 9.048230182799551713e+00 1.277149200589757605e+01 5.965559118876134548e+00
-5.550624196362526241e+00 -1.358737109503191043e+01 -1.042228849780703825e+01 1.335236146734852358e+00 1.199195272856399974e+01 1.276214977334188028e+01 3.010854120072284257e+00 -9.222678476176652040e+00 -1.385276290993586024e+01 -7.062221007752326862e+00 5.550624196361860996e+00 1.358737109503068652e+01 1.042228849780628153e+01 -1.335236146734522844e+00 -1.199195272856286287e+01 -1.276214977334085887e+01 -3.010854120072222084e+00 9.222678476175712348e+00 1.385276290993468429e+01 7.062221007751891655e+00
-8.224857475452014288e-01 -1.717215494886468630e+00 -1.196222138259573242e+00 3.109720322169579609e-01 1.561791687084645996e+00 1.525024209425706934e+00 2.309817922942066781e-01 -1.253488827308447462e+00 -1.704546285504775938e+00 -7.503255096308060201e-01 8.224857475451081701e-01 1.717215494886316529e+00 1.196222138259489531e+00 -3.109720322169046702e-01 -1.561791687084500557e+00 -1.525024209425587030e+00 -2.309817922942117852e-01 1.253488827308323117e+00 1.704546285504633163e+00 7.503255096307640537e-01
2.924302589295600718e+00 5.718754132205512875e+00 3.798496091498484883e+00 -1.253354165258621755e+00 -5.271902279975131833e+00 -4.944138658134253461e+00 -5.402812971057455727e-01 4.308999901077765315e+00 5.605814485072170505e+00 2.281030261748156818e+00 -2.924302589295276533e+00 -5.718754132205008389e+00 -3.798496091498223315e+00 1.253354165258426800e+00 5.271902279974645111e+00 4.944138658133868880e+00 5.402812971057819880e-01 -4.308999901077341654e+00 -5.605814485071704212e+00 -2.281030261748036914e+00
-2.955564079403535382e-01 -1.079107076735269732e+00 -9.730100427585104406e-01 -6.473483019658385351e-02 8.969096857600755701e-01 1.119115402052673236e+00 4.186893721197776919e-01 -6.269165256054564095e-01 -1.155673948458412648e+00 -7.316596811194786554e-01 2.955564079403115718e-01 1.079107076735170034e+00 9.730100427584363887e-01 6.473483019659614923e-02 -8.969096857599877515e-01 -1.119115402052580865e+00 -4.186893721197572638e-01 6.269165256053890189e-01 1.155673948458312061e+00 7.316596811194285843e-01
-8.823829792071961053e-01 -1.930735927686465514e+00 -1.387333229523466160e+00 2.998279030280781576e-01 1.739802068774804367e+00 1.745432092839443783e+00 3.120764173232360994e-01 -1.378564261457678075e+00 -1.932675901767794802e+00 -8.934325235826633405e-01 8.823829792070945199e-01 1.930735927686293429e+00 1.387333229523367795e+00 -2.998279030280223134e-01 -1.739802068774641608e+00 -1.745432092839305449e+00 -3.120764173232372651e-01 1.378564261457540185e+00 1.932675901767632487e+00 8.934325235826114930e-01
-8.028196759022414586e-01 -1.459280208413523461e+00 -9.126670950332718135e-01 3.863756909871643996e-01 1.366878961046391394e+00 1.220486898956685051e+00 6.788943859944970849e-02 -1.140678077366321652e+00 -1.408836941577951585e+00 -5.155090769223920066e-01 8.028196759021544171e-01 1.459280208413396007e+00 9.126670950332107513e-01 -3.863756909871092216e-01 -1.366878961046266161e+00 -1.220486898956591126e+00 -6.788943859946508508e-02 1.140678077366210630e+00 1.408836941577835233e+00 5.155090769223674707e-01
7.570746305497944029e-02 -3.449404620053495574e-01 -4.812092960263686381e-01 -2.207549929353376794e-01 2.216962375917208850e-01 4.813745508256156436e-01 3.441934860167000787e-01 -7.675084079410648963e-02 -4.344195106563397690e-01 -4.339399225497104773e-01 -7.570746305497991213e-02 3.449404620053145298e-01 4.812092960263283370e-01 2.207549929353253559e-01 -2.216962375916956274e-01 -4.813745508255729000e-01 -3.441934860166753762e-01 7.675084079409327797e-02 4.344195106562993014e-01 4.339399225496761714e-01
3.801127901258520292e-01 -3.196848510893809392e-01 -7.559248718291498026e-01 -5.689581319151233441e-01 8.707447360597125874e-02 6.713203147885531408e-01 7.021098875881293111e-01 1.540593600375098626e-01 -5.210022479727886013e-01 -7.665342355767658100e-01 -3.801127901258290476e-01 3.196848510893427475e-01 7.559248718290824121e-01 5.689581319150821548e-01 -8.707447360595294006e-02 -6.713203147884896360e-01 -7.021098875880733559e-01 -1.540593600375069205e-01 5.210022479727358657e-01 7.665342355767009730e-01
5.492416471004457623e-01 2.329962286664192250e-01 -2.753381530006662192e-01 -5.566756401208933225e-01 -3.790733101464007770e-01 1.110482376373965741e-01 5.096183428990564979e-01 4.880440548701895365e-01 6.411185294438039028e-02 -4.126760515544807273e-01 -5.492416471004000211e-01 -2.329962286664066240e-01 2.753381530006350775e-01 5.566756401208442506e-01 3.790733101463739096e-01 -1.110482376373789493e-01 -5.096183428990090913e-01 -4.880440548701511227e-01 -6.411185294438249971e-02 4.126760515544396490e-01
