2.362585029621566246e+00 6.885601522691656484e+00 1.073460736391385950e+01 1.353283504394875081e+01 1.500637454107585889e+01 1.501098554256302009e+01 1.354621669145794627e+01 1.075544976855150558e+01 6.911864484674297593e+00 2.391697747245594918e+00 -2.362585029621536936e+00 -6.885601522691439769e+00 -1.073460736391347936e+01 -1.353283504394823744e+01 -1.500637454107526914e+01 -1.501098554256240902e+01 -1.354621669145737428e+01 -1.075544976855103485e+01 -6.911864484673963638e+00 -2.391697747245427497e+00
-2.792843217786928456e+00 -8.377142760749119788e+00 -1.314142920330347231e+01 -1.661934099371723761e+01 -1.847043589390840168e+01 -1.851351583770972553e+01 -1.674436386006631849e+01 -1.333615688295658686e+01 -8.622513951674356747e+00 -3.064839278214996021e+00 2.792843217786897370e+00 8.377142760748856887e+00 1.314142920330300690e+01 1.661934099371660523e+01 1.847043589390767693e+01 1.851351583770897236e+01 1.674436386006561150e+01 1.333615688295600599e+01 8.622513951673942856e+00 3.064839278214786411e+00
-2.380607346860674767e+00 -6.646852908900103607e+00 -1.026245819686897143e+01 -1.287350257377756257e+01 -1.422439882379817355e+01 -1.418291180973117172e+01 -1.275310256957046562e+01 -1.007493079380976120e+01 -6.410554595780512344e+00 -2.118668648956068434e+00 2.380607346860641460e+00 6.646852908899893109e+00 1.026245819686860550e+01 1.287350257377707408e+01 1.422439882379761578e+01 1.418291180973059085e+01 1.275310256956992738e+01 1.007493079380932244e+01 6.410554595780201481e+00 2.118668648955916112e+00
1.305778567106097077e+00 7.143652440577995533e-01 5.302487364580366069e-02 -6.135059408446568163e-01 -1.219982519297997836e+00 -1.707038708644416314e+00 -2.026998055550671030e+00 -2.148540709853723918e+00 -2.059769229712927086e+00 -1.769373186111732776e+00 -1.305778567106037791e+00 -7.143652440577620277e-01 -5.302487364579211437e-02 6.135059408446401630e-01 1.219982519297956758e+00 1.707038708644354363e+00 2.026998055550593314e+00 2.148540709853639097e+00 2.059769229712841820e+00 1.769373186111656171e+00
2.330664973422881481e+00 8.167483998232658138e+00 1.320481278308819917e+01 1.694956248939445587e+01 1.903517092469277117e+01 1.925748420404774208e+01 1.759474075472841292e+01 1.420970149056900844e+01 9.433717639700841318e+00 3.734295777683069417e+00 -2.330664973422871711e+00 -8.167483998232407671e+00 -1.320481278308773554e+01 -1.694956248939381638e+01 -1.903517092469202510e+01 -1.925748420404695693e+01 -1.759474075472767396e+01 -1.420970149056839382e+01 -9.433717639700391899e+00 -3.734295777682829609e+00
3.445652267844891981e-01 4.910378316772765928e+00 8.995529364497809155e+00 1.220013532248728794e+01 1.421050703177058416e+01 1.482985530235973215e+01 1.399755401027632473e+01 1.179507460497359617e+01 8.438011116218939733e+00 4.254976308328359380e+00 -3.445652267845396022e-01 -4.910378316772630924e+00 -8.995529364497501845e+00 -1.220013532248683319e+01 -1.421050703177003705e+01 -1.482985530235913707e+01 -1.399755401027574564e+01 -1.179507460497309168e+01 -8.438011116218550711e+00 -4.254976308328121348e+00
9.732145694521696200e+00 -1.451140694047200697e+00 -1.249237932079093483e+01 -2.231077682009079410e+01 -2.994524003591741845e+01 -3.464845451627271444e+01 -3.596003685859735555e+01 -3.375160024489312605e+01 -2.823932183799208318e+01 -1.996278185466372435e+01 -9.732145694521159740e+00 1.451140694047303725e+00 1.249237932079058311e+01 2.231077682009001251e+01 2.994524003591631356e+01 3.464845451627137152e+01 3.596003685859591315e+01 3.375160024489173338e+01 2.823932183799085749e+01 1.996278185466278288e+01
-5.105715878531063012e+00 -2.357896628500883551e+00 6.207299719587648923e-01 3.538595197883042331e+00 6.110078070996022959e+00 8.083463931102718547e+00 9.265584020828118383e+00 9.540724189474937944e+00 8.881951800321756352e+00 7.353752084756020935e+00 5.105715878530825869e+00 2.357896628500748548e+00 -6.207299719587817677e-01 -3.538595197882934862e+00 -6.110078070995810684e+00 -8.083463931102420119e+00 -9.265584020827757783e+00 -9.540724189474556027e+00 -8.881951800321386870e+00 -7.353752084755697638e+00
-3.513895773476598983e+00 -8.158145581130035850e+00 -1.200381925815982775e+01 -1.467447547067425973e+01 -1.590869178103644010e+01 -1.558565449749745291e+01 -1.373698476010320135e+01 -1.054364324318929924e+01 -6.318216463749923406e+00 -1.474318635236109287e+00 3.513895773476526596e+00 8.158145581129767621e+00 1.200381925815939610e+01 1.467447547067369840e+01 1.590869178103581127e+01 1.558565449749681164e+01 1.373698476010261693e+01 1.054364324318883384e+01 6.318216463749608991e+00 1.474318635235974950e+00
-3.353899164001768796e+00 -8.119665633121829984e+00 -1.209062265703485473e+01 -1.487806529495578367e+01 -1.620913924023007269e+01 -1.595354970095678127e+01 -1.413631556203701578e+01 -1.093532036240302041e+01 -6.663899814839957969e+00 -1.740170323280229692e+00 3.353899164001704847e+00 8.119665633121567083e+00 1.209062265703441952e+01 1.487806529495521524e+01 1.620913924022943320e+01 1.595354970095612579e+01 1.413631556203641537e+01 1.093532036240253902e+01 6.663899814839628455e+00 1.740170323280082920e+00
5.668391827882045320e+00 1.198545864724792764e+01 1.712930526662038133e+01 2.059641613960844708e+01 2.204740629718216027e+01 2.134024271307534093e+01 1.854414748599878493e+01 1.393282189831975870e+01 7.957654627554886062e+00 1.203536677605005600e+00 -5.668391827881912093e+00 -1.198545864724752796e+01 -1.712930526661975961e+01 -2.059641613960765483e+01 -2.204740629718128631e+01 -2.134024271307445986e+01 -1.854414748599799267e+01 -1.393282189831913698e+01 -7.957654627554481053e+00 -1.203536677604853722e+00
5.791092701550744515e+00 1.230083406281729630e+01 1.760648408106475671e+01 2.118868876586972050e+01 2.269679696399584046e+01 2.198318453740287737e+01 1.911770484243589863e+01 1.438085099660930055e+01 8.236299257953994868e+00 1.285521162258919770e+00 -5.791092701550608624e+00 -1.230083406281688596e+01 -1.760648408106412077e+01 -2.118868876586890693e+01 -2.269679696399494162e+01 -2.198318453740197143e+01 -1.911770484243508150e+01 -1.438085099660866106e+01 -8.236299257953575648e+00 -1.285521162258760342e+00
1.368442928635372091e+00 5.503643306958782233e+00 9.100108732259311495e+00 1.180579211066048551e+01 1.335584230147980378e+01 1.359852959220516588e+01 1.251009805991859203e+01 1.019709096654871949e+01 6.885921562062636170e+00 2.900710178045253773e+00 -1.368442928635376310e+00 -5.503643306958617032e+00 -9.100108732258993527e+00 -1.180579211066003964e+01 -1.335584230147928508e+01 -1.359852959220461344e+01 -1.251009805991806800e+01 -1.019709096654827718e+01 -6.885921562062311096e+00 -2.900710178045073917e+00
-1.629392083059651775e+00 -5.541222389648019053e+00 -8.910639240771018876e+00 -1.140782063893311182e+01 -1.278832506999631491e+01 -1.291701914170822540e+01 -1.178130538166536212e+01 -9.492355365683794233e+00 -6.274227469380334377e+00 -2.441934473260666483e+00 1.629392083059642671e+00 5.541222389647848523e+00 8.910639240770706238e+00 1.140782063893268017e+01 1.278832506999581753e+01 1.291701914170770138e+01 1.178130538166486652e+01 9.492355365683383894e+00 6.274227469380035060e+00 2.441934473260507943e+00
-2.864675744781209676e+00 -2.288249747801639700e+00 -1.487833922333776648e+00 -5.417785461993991358e-01 4.573098888300621834e-01 1.411633645675477444e+00 2.227776865852223231e+00 2.825849764565218969e+00 3.147308799469527241e+00 3.160687320491918584e+00 2.864675744781089772e+00 2.288249747801537559e+00 1.487833922333705150e+00 5.417785461993654961e-01 -4.573098888300577425e-01 -1.411633645675434590e+00 -2.227776865852144184e+00 -2.825849764565112388e+00 -3.147308799469403340e+00 -3.160687320491790686e+00
-2.692913011046790039e+00 -6.501187365397093743e+00 -9.673080203986435421e+00 -1.189810455589678817e+01 -1.295845953490693603e+01 -1.275035020774382133e+01 -1.129414776533311482e+01 -8.732395448697008788e+00 -5.315855423365767329e+00 -1.378962431452910087e+00 2.692913011046737637e+00 6.501187365396882356e+00 9.673080203986087255e+00 1.189810455589633342e+01 1.295845953490642444e+01 1.275035020774329730e+01 1.129414776533263698e+01 8.732395448696625095e+00 5.315855423365504429e+00 1.378962431452793291e+00
2.539567905633752787e-01 -1.328550311348854596e+00 -2.781009652231929863e+00 -3.961244391920925256e+00 -4.753724930916119362e+00 -5.080877752524077806e+00 -4.910678859158075227e+00 -4.259788504346201599e+00 -3.191920371037213044e+00 -1.811604832394177800e+00 -2.539567905633433043e-01 1.328550311348823065e+00 2.781009652231837492e+00 3.961244391920779151e+00 4.753724930915938174e+00 5.080877752523875301e+00 4.910678859157873610e+00 4.259788504346021298e+00 3.191920371037068271e+00 1.811604832394082765e+00
-8.883663543250610584e-01 -5.138108837841234511e+00 -8.884897429000155000e+00 -1.176197035508804589e+01 -1.348769967235363509e+01 -1.389315897135981182e+01 -1.293865907091880274e+01 -1.071763307167764978e+01 -7.447490473240159226e+00 -3.448335617564636468e+00 8.883663543250854833e-01 5.138108837841086185e+00 8.884897428999849467e+00 1.176197035508760536e+01 1.348769967235311462e+01 1.389315897135925049e+01 1.293865907091826273e+01 1.071763307167718970e+01 7.447490473239811060e+00 3.448335617564434408e+00
7.744471792654027631e+00 1.749697142886750711e+01 2.553674559305502356e+01 3.107680517362549111e+01 3.357485053896785843e+01 3.278635560381696479e+01 2.878850374619263874e+01 2.197263256059097358e+01 1.300592700762564569e+01 2.766110701532087823e+00 -7.744471792653861542e+00 -1.749697142886693157e+01 -2.553674559305410696e+01 -3.107680517362430095e+01 -3.357485053896653682e+01 -3.278635560381561476e+01 -2.878850374619141306e+01 -2.197263256059000369e+01 -1.300592700762499199e+01 -2.766110701531816929e+00
-1.602796026838059884e+00 -5.332506549743300184e+00 -8.540234177801814042e+00 -1.091198418122667313e+01 -1.221559314472869495e+01 -1.232345474018258358e+01 -1.122501072310939207e+01 -9.027784447209752372e+00 -5.946855729344378005e+00 -2.283807338510549290e+00 1.602796026838049448e+00 5.332506549743135871e+00 8.540234177801513837e+00 1.091198418122626101e+01 1.221559314472821711e+01 1.232345474018208265e+01 1.122501072310892134e+01 9.027784447209359797e+00 5.946855729344094676e+00 2.283807338510400076e+00
