1.081433855342194938e+00 -4.801662780622796278e-01 -7.846747752483562710e-01 9.651219592804598513e-01 1.881966011243163539e-01 -1.081433855342613715e+00 4.801662780621547277e-01 7.846747752488530958e-01 -9.651219592806412617e-01 -1.881966011246999915e-01 1.081433855343032713e+00 -4.801662780620270521e-01 -7.846747752493481443e-01 9.651219592808222281e-01 1.881966011250863491e-01 -1.081433855343451489e+00 4.801662780619032622e-01 7.846747752498433037e-01 -9.651219592810043046e-01 -1.881966011254688209e-01
-2.186803398872464221e+00 -1.391186271091837678e+00 3.046603799089649289e+00 -4.917184269997162405e-01 -2.742705098309645706e+00 2.186803398872573467e+00 1.391186271093132865e+00 -3.046603799090559672e+00 4.917184269989823830e-01 2.742705098311009504e+00 -2.186803398872682713e+00 -1.391186271094435156e+00 3.046603799091470943e+00 -4.917184269982471378e-01 -2.742705098312376855e+00 2.186803398872795956e+00 1.391186271095727678e+00 -3.046603799092383547e+00 4.917184269975189981e-01 2.742705098313739320e+00
-2.057294901685180477e+00 -1.336677773904719313e+00 2.883407197965034197e+00 -4.453658778433822185e-01 -2.608155948028820337e+00 2.057294901685274180e+00 1.336677773905950106e+00 -2.883407197965889956e+00 4.453658778426787257e-01 2.608155948030109972e+00 -2.057294901685368771e+00 -1.336677773907187783e+00 2.883407197966746160e+00 -4.453658778419741227e-01 -2.608155948031403160e+00 2.057294901685466471e+00 1.336677773908415912e+00 -2.883407197967603697e+00 4.453658778412761809e-01 2.608155948032691906e+00
4.156433855339122907e+00 9.342979003419739081e-01 -4.733861713368632707e+00 1.991389536561193552e+00 3.503115294933708324e+00 -4.156433855339864536e+00 -9.342979003436809871e-01 4.733861713370431268e+00 -1.991389536560595364e+00 -3.503115294935874591e+00 4.156433855340607053e+00 9.342979003454006115e-01 -4.733861713372228941e+00 1.991389536559994955e+00 3.503115294938048851e+00 -4.156433855341353123e+00 -9.342979003471026944e-01 4.733861713374027502e+00 -1.991389536559404760e+00 -3.503115294940212454e+00
3.798277907308130974e+00 1.348355547810692334e+00 -4.631607464775052918e+00 1.514135287967511179e+00 3.695820393246267432e+00 -3.798277907308654555e+00 -1.348355547812470689e+00 4.631607464776677396e+00 -1.514135287966734023e+00 -3.695820393248370195e+00 3.798277907309178136e+00 1.348355547814260591e+00 -4.631607464778300098e+00 1.514135287965955090e+00 3.695820393250479619e+00 -3.798277907309706158e+00 -1.348355547816034505e+00 4.631607464779925465e+00 -1.514135287965185928e+00 -3.695820393252580160e+00
1.569630456466151180e+00 5.335624789682444913e-01 -1.899390203590356485e+00 6.403252247489717996e-01 1.503647450841884003e+00 -1.569630456466374557e+00 -5.335624789689690228e-01 1.899390203591028392e+00 -6.403252247486617144e-01 -1.503647450842747091e+00 1.569630456466598600e+00 5.335624789696982173e-01 -1.899390203591700521e+00 6.403252247483507409e-01 1.503647450843613065e+00 -1.569630456466824420e+00 -5.335624789704207505e-01 1.899390203592372872e+00 -6.403252247480438752e-01 -1.503647450844475264e+00
-1.981762745778701706e+00 -1.030243918561156269e+00 2.618488504152575835e+00 -5.880709761556804915e-01 -2.255040653091439751e+00 1.981762745778872237e+00 1.030243918562228300e+00 -2.618488504153410279e+00 5.880709761551227155e-01 2.255040653092618363e+00 -1.981762745779043655e+00 -1.030243918563306771e+00 2.618488504154245167e+00 -5.880709761545639402e-01 -2.255040653093799641e+00 1.981762745779217960e+00 1.030243918564376360e+00 -2.618488504155080498e+00 5.880709761540110492e-01 2.255040653094977365e+00
-3.081559480309539190e-01 2.786474508436462272e-01 1.359423525311271030e-01 -3.626644452185320278e-01 8.819660112500567195e-02 3.081559480311175658e-01 -2.786474508436732611e-01 -1.359423525312743186e-01 3.626644452186498224e-01 -8.819660112493170334e-02 -3.081559480312812127e-01 2.786474508436995734e-01 1.359423525314207570e-01 -3.626644452187674506e-01 8.819660112485676329e-02 3.081559480314445265e-01 -2.786474508437268849e-01 -1.359423525315672510e-01 3.626644452188852452e-01 -8.819660112478309999e-02
-1.429508497186008142e+00 -1.934220259841635148e+00 2.624922359496853375e+00 3.119290238434599960e-01 -2.817705098310028689e+00 1.429508497185759230e+00 1.934220259842934331e+00 -2.624922359497408042e+00 -3.119290238444174523e-01 2.817705098311175771e+00 -1.429508497185510985e+00 -1.934220259844238843e+00 2.624922359497964930e+00 3.119290238453757969e-01 -2.817705098312322853e+00 1.429508497185266735e+00 1.934220259845535583e+00 -2.624922359498522262e+00 -3.119290238463274800e-01 2.817705098313469492e+00
-2.809016994370575615e-01 -2.159830056247755703e-01 4.143865379055522435e-01 -4.012195928119353938e-02 -3.895898033745953670e-01 2.809016994370600040e-01 2.159830056249583963e-01 -4.143865379056677067e-01 4.012195928108190646e-02 3.895898033747798306e-01 -2.809016994370623355e-01 -2.159830056251421659e-01 4.143865379057833920e-01 -4.012195928097009312e-02 -3.895898033749646272e-01 2.809016994370653886e-01 2.159830056253246588e-01 -4.143865379058991327e-01 4.012195928085923735e-02 3.895898033751489797e-01
-2.065450849716171877e+00 -7.116777739052724261e-01 2.505291903027728750e+00 -8.366777739054958030e-01 -1.988196601122937501e+00 2.065450849716463200e+00 7.116777739062301045e-01 -2.505291903028612932e+00 8.366777739050833551e-01 1.988196601124075702e+00 -2.065450849716754966e+00 -7.116777739071937781e-01 2.505291903029496670e+00 -8.366777739046697970e-01 -1.988196601125217455e+00 2.065450849717048953e+00 7.116777739081487919e-01 -2.505291903030380851e+00 8.366777739042615680e-01 1.988196601126353880e+00
5.047416860962537832e+00 1.716796067497892153e+00 -6.108455182428969898e+00 2.058436853997986482e+00 4.836271242963798400e+00 -5.047416860963256369e+00 -1.716796067500222067e+00 6.108455182431130837e+00 -2.058436853996988614e+00 -4.836271242966573958e+00 5.047416860963975793e+00 1.716796067502567524e+00 -6.108455182433291775e+00 2.058436853995988525e+00 4.836271242969358397e+00 -5.047416860964700547e+00 -1.716796067504891443e+00 6.108455182435453601e+00 -2.058436853995001314e+00 -4.836271242972131290e+00
-2.228976341278797513e+00 -1.345162612372967859e+00 3.060332556121104997e+00 -5.462269241873203285e-01 -2.722745751403490289e+00 2.228976341278932072e+00 1.345162612374255939e+00 -3.060332556122035808e+00 5.462269241866061220e-01 2.722745751404862524e+00 -2.228976341279066187e+00 -1.345162612375551348e+00 3.060332556122967951e+00 -5.462269241858908053e-01 -2.722745751406237424e+00 2.228976341279204298e+00 1.345162612376836542e+00 -3.060332556123900538e+00 5.462269241851822610e-01 2.722745751407608328e+00
-2.628647450840676747e+00 -1.059955681217395140e+00 3.283736088401863817e+00 -9.695048314992101846e-01 -2.684549150278634500e+00 2.628647450840999156e+00 1.059955681218681667e+00 -3.283736088402982478e+00 9.695048314986133287e-01 2.684549150280120866e+00 -2.628647450841322009e+00 -1.059955681219976631e+00 3.283736088404102027e+00 -9.695048314980150295e-01 -2.684549150281612562e+00 2.628647450841647970e+00 1.059955681221259827e+00 -3.283736088405221576e+00 9.695048314974239467e-01 2.684549150283097596e+00
-1.986271242966632267e+00 -1.023810063217295063e+00 2.619020660059301342e+00 -5.948337219372127338e-01 -2.251393202247903957e+00 1.986271242966806350e+00 1.023810063218365762e+00 -2.619020660060138006e+00 5.948337219366578443e-01 2.251393202249082570e+00 -1.986271242966980433e+00 -1.023810063219442679e+00 2.619020660060975114e+00 -5.948337219361018446e-01 -2.251393202250264736e+00 1.986271242967157846e+00 1.023810063220510935e+00 -2.619020660061812222e+00 5.948337219355517291e-01 2.251393202251442904e+00
-2.274467844091391466e+00 -1.551596467716980676e+00 3.233407197964969448e+00 -4.467590800934899686e-01 -2.957294901685034283e+00 2.274467844091472291e+00 1.551596467718373784e+00 -3.233407197965912250e+00 4.467590800926779515e-01 2.957294901686478905e+00 -2.274467844091553559e+00 -1.551596467719774886e+00 3.233407197966856383e+00 -4.467590800918644911e-01 -2.957294901687926192e+00 2.274467844091638824e+00 1.551596467721165329e+00 -3.233407197967800961e+00 4.467590800910584692e-01 2.957294901689369926e+00
-3.135410196621108536e+00 -5.695048314985706739e-01 3.487383539244899744e+00 -1.585816727561357720e+00 -2.507294901684442134e+00 3.135410196621709833e+00 5.695048314997988026e-01 -3.487383539246262210e+00 1.585816727560969586e+00 2.507294901686043076e+00 -3.135410196622312462e+00 -5.695048315010361462e-01 3.487383539247623343e+00 -1.585816727560579675e+00 -2.507294901687649347e+00 3.135410196622916867e+00 5.695048315022605001e-01 -3.487383539248984921e+00 1.585816727560197092e+00 2.507294901689247624e+00
-3.160410196621472156e+00 -1.332169276716683726e+00 3.983736088401089503e+00 -1.129915028124282461e+00 -3.285410196621619594e+00 3.160410196621841639e+00 1.332169276718256246e+00 -3.983736088402432429e+00 1.129915028123537946e+00 3.285410196623421264e+00 -3.160410196622211565e+00 -1.332169276719838757e+00 3.983736088403775355e+00 -1.129915028122791654e+00 -3.285410196625229151e+00 3.160410196622585932e+00 1.332169276721407281e+00 -3.983736088405119169e+00 1.129915028122054022e+00 3.285410196627029045e+00
-6.067627457803407287e-01 -5.314338553428825662e-01 9.352069311546835628e-01 -4.655581462505595236e-02 -9.064338553425920209e-01 6.067627457803255187e-01 5.314338553433062273e-01 -9.352069311549303654e-01 4.655581462478450283e-02 9.064338553430066892e-01 -6.067627457803106417e-01 -5.314338553437318868e-01 9.352069311551777231e-01 -4.655581462451277575e-02 -9.064338553434219126e-01 6.067627457802967639e-01 5.314338553441546598e-01 -9.352069311554254138e-01 4.655581462424321360e-02 9.064338553438362478e-01
-2.727786404496649997e+00 -8.722912359986110253e-01 3.266892036432762936e+00 -1.146759080092847105e+00 -2.558155948028352000e+00 2.727786404497055894e+00 8.722912359998458154e-01 -3.266892036433933111e+00 1.146759080092333738e+00 2.558155948029838367e+00 -2.727786404497461792e+00 -8.722912360010887101e-01 3.266892036435102842e+00 -1.146759080091819039e+00 -2.558155948031330063e+00 2.727786404497870798e+00 8.722912360023202805e-01 -3.266892036436273017e+00 1.146759080091311445e+00 2.558155948032814209e+00
