-1.122213595499845562e+00 -1.328270575967882561e-01 1.204305231720016911e+00 -6.114745084357831040e-01 -8.263932022521101040e-01 1.122213595499452765e+00 1.328270575957643251e-01 -1.204305231718991731e+00 6.114745084361740135e-01 8.263932022508447828e-01 -1.122213595499060190e+00 -1.328270575947408105e-01 1.204305231717966329e+00 -6.114745084365638128e-01 -8.263932022495770191e-01 1.122213595498668504e+00 1.328270575937150477e-01 -1.204305231716941815e+00 6.114745084369519468e-01 8.263932022483122530e-01
-9.772542485928968903e-01 -4.901219592844796580e-01 1.280166278063227248e+00 -3.010643118104407989e-01 -1.094098300564361859e+00 9.772542485928547018e-01 4.901219592832360972e-01 -1.280166278062416563e+00 3.010643118111841487e-01 1.094098300563093540e+00 -9.772542485928128464e-01 -4.901219592819929249e-01 1.280166278061606322e+00 -3.010643118119266104e-01 -1.094098300561823223e+00 9.772542485927723233e-01 4.901219592807477543e-01 -1.280166278060795859e+00 3.010643118126667961e-01 1.094098300560555126e+00
-1.441311896062536624e+00 -3.137287570348875620e-01 1.635206931158019961e+00 -6.968847050605990745e-01 -1.204508497190028393e+00 1.441311896062146936e+00 3.137287570334380549e-01 -1.635206931156734544e+00 6.968847050612552163e-01 1.204508497188339744e+00 -1.441311896061757469e+00 -3.137287570319889918e-01 1.635206931155449350e+00 -6.968847050619100258e-01 -1.204508497186647764e+00 1.441311896061369113e+00 3.137287570305370421e-01 -1.635206931154164600e+00 6.968847050625621709e-01 1.204508497184959781e+00
3.258359213498730256e+00 9.592979003525414772e-01 -3.851237921252304464e+00 1.420898033744926181e+00 2.973074641848687527e+00 -3.258359213498049467e+00 -9.592979003490296197e-01 3.851237921249453411e+00 -1.420898033746678335e+00 -2.973074641844758670e+00 3.258359213497369122e+00 9.592979003455186504e-01 -3.851237921246603690e+00 1.420898033748427824e+00 2.973074641840823151e+00 -3.258359213496692330e+00 -9.592979003420011308e-01 3.851237921243753970e+00 -1.420898033750170875e+00 -2.973074641836895626e+00
3.031104964904297372e+00 1.375609796415311115e+00 -3.881278574345724763e+00 1.023152282338256169e+00 3.248935688192368776e+00 -3.031104964904050458e+00 -1.375609796411589869e+00 3.881278574343179244e+00 -1.023152282340406449e+00 -3.248935688188498982e+00 3.031104964903804877e+00 1.375609796407869956e+00 -3.881278574340634169e+00 1.023152282342553621e+00 3.248935688184622972e+00 -3.031104964903563292e+00 -1.375609796404143381e+00 3.881278574338088649e+00 -1.023152282344694131e+00 -3.248935688180754511e+00
5.378318560402641779e+00 2.140935021171944452e+00 -6.701489171190828209e+00 2.000813061865311049e+00 5.464918693821052109e+00 -5.378318560401964099e+00 -2.140935021165623731e+00 6.701489171186245208e+00 -2.000813061868803810e+00 -5.464918693814319717e+00 5.378318560401288195e+00 2.140935021159304785e+00 -6.701489171181662208e+00 2.000813061872290799e+00 5.464918693807575778e+00 -5.378318560400618509e+00 -2.140935021152974738e+00 6.701489171177080983e+00 -2.000813061875767129e+00 -5.464918693800845162e+00
5.145162612371485977e+00 2.102738420046910583e+00 -6.444726425409735171e+00 1.880321559052818392e+00 5.282623792133729346e+00 -5.145162612370882016e+00 -2.102738420040811906e+00 6.444726425405362669e+00 -1.880321559056218339e+00 -5.282623792127264295e+00 5.145162612370277166e+00 2.102738420034715450e+00 -6.444726425400991054e+00 1.880321559059612957e+00 5.282623792120788586e+00 -5.145162612369680311e+00 -2.102738420028608779e+00 6.444726425396619440e+00 -1.880321559062997139e+00 -5.282623792114324424e+00
-1.237664445217762310e+00 -4.005321559100583073e-01 1.485206931157189825e+00 -5.173762078724244429e-01 -1.165450849720983229e+00 1.237664445217532716e+00 4.005321559086903460e-01 -1.485206931156114685e+00 5.173762078731289904e-01 1.165450849719474880e+00 -1.237664445217303122e+00 -4.005321559073227733e-01 1.485206931155039989e+00 -5.173762078738323167e-01 -1.165450849717963866e+00 1.237664445217075304e+00 4.005321559059527581e-01 -1.485206931153965515e+00 5.173762078745332005e-01 1.165450849716455961e+00
-7.076237921249111107e-01 -2.031152949394100238e-01 8.331559480322716649e-01 -3.118033988739013496e-01 -6.404508497201651940e-01 7.076237921247591212e-01 2.031152949386522133e-01 -8.331559480316512722e-01 3.118033988742763274e-01 6.404508497193143191e-01 -7.076237921246071316e-01 -2.031152949378946249e-01 8.331559480310312127e-01 -3.118033988746505836e-01 -6.404508497184618898e-01 7.076237921244560303e-01 2.031152949371356486e-01 -8.331559480304111531e-01 3.118033988750235075e-01 6.404508497176113480e-01
-5.899186938118611279e-01 -5.149186938145190462e-01 9.081559480318761590e-01 -4.635254915489162020e-02 -8.795084971886917291e-01 5.899186938120111190e-01 5.149186938135625891e-01 -9.081559480314351784e-01 4.635254915557612820e-02 8.795084971878286417e-01 -5.899186938121612211e-01 -5.149186938126062429e-01 9.081559480309943089e-01 -4.635254915625997008e-02 -8.795084971869645551e-01 5.899186938123126556e-01 5.149186938116486756e-01 -9.081559480305529952e-01 4.635254915694203559e-02 8.795084971861014678e-01
-6.578444185370909025e+00 -2.553067310487890484e+00 8.156326558817406536e+00 -2.487819726207108673e+00 -6.618769410136186693e+00 6.578444185370027952e+00 2.553067310480220620e+00 -8.156326558811787919e+00 2.487819726211309757e+00 6.618769410127980812e+00 -6.578444185369148656e+00 -2.553067310472553419e+00 8.156326558806167526e+00 -2.487819726215504179e+00 -6.618769410119760721e+00 6.578444185368275576e+00 2.553067310464872453e+00 -8.156326558800548909e+00 2.487819726219685279e+00 6.618769410111556617e+00
-7.254305231714050173e+00 -2.901674108239568284e+00 9.047638454880230441e+00 -2.690073974799647161e+00 -7.385081306199461793e+00 7.254305231713147784e+00 2.901674108231029336e+00 -9.047638454874052272e+00 2.690073974804372714e+00 7.385081306190374839e+00 -7.254305231712246282e+00 -2.901674108222493054e+00 9.047638454867874103e+00 -2.690073974809091606e+00 -7.385081306181271898e+00 7.254305231711354551e+00 2.901674108213942116e+00 -9.047638454861697710e+00 2.690073974813794955e+00 7.385081306172187610e+00
-1.364057647468778889e+00 -2.232779073156871408e-01 1.502050983126490102e+00 -7.050406530920472203e-01 -1.066311896064620957e+00 1.364057647468351009e+00 2.232779073143844606e-01 -1.502050983125257311e+00 7.050406530925890092e-01 1.066311896063055542e+00 -1.364057647467923351e+00 -2.232779073130823078e-01 1.502050983124024963e+00 -7.050406530931293547e-01 -1.066311896061487241e+00 1.364057647467497025e+00 2.232779073117773794e-01 -1.502050983122792838e+00 7.050406530936675908e-01 1.066311896059922271e+00
2.130572808998345558e+00 1.030447184037935671e+00 -2.767424192345028455e+00 6.799150281208693469e-01 2.347213595503584660e+00 -2.130572808998223433e+00 -1.030447184035260255e+00 2.767424192343253431e+00 -6.799150281224490833e-01 -2.347213595500836636e+00 2.130572808998101308e+00 1.030447184032585728e+00 -2.767424192341478406e+00 6.799150281240265992e-01 2.347213595498083727e+00 -2.130572808997982293e+00 -1.030447184029906760e+00 2.767424192339703382e+00 -6.799150281255994521e-01 -2.347213595495336147e+00
-1.048074641842597021e+00 -7.263932022536492283e-01 1.497010330032087388e+00 -1.988100632163851689e-01 -1.374138953658390561e+00 1.048074641842712706e+00 7.263932022521268905e-01 -1.497010330031262493e+00 1.988100632173984139e-01 1.374138953656941053e+00 -1.048074641842828614e+00 -7.263932022506049968e-01 1.497010330030437597e+00 -1.988100632184106042e-01 -1.374138953655489548e+00 1.048074641842946075e+00 7.263932022490808826e-01 -1.497010330029612479e+00 1.988100632194200745e-01 1.374138953654040263e+00
-9.222135954999459706e-01 -5.572809002187539829e-03 9.256577808758551518e-01 -5.665151615300838550e-01 -5.755321559077539728e-01 9.222135954995402951e-01 5.572809001443523869e-03 -9.256577808749895109e-01 5.665151615302936872e-01 5.755321559067603232e-01 -9.222135954991347306e-01 -5.572809000699729953e-03 9.256577808741243141e-01 -5.665151615305026311e-01 -5.755321559057645642e-01 9.222135954987297213e-01 5.572808999954159681e-03 -9.256577808732595614e-01 5.665151615307102428e-01 5.755321559047712476e-01
-1.326722092687099286e+00 -4.741389536602252930e-01 1.619756081439159612e+00 -5.269253581539802278e-01 -1.294098300565231563e+00 1.326722092686889010e+00 4.741389536587167219e-01 -1.619756081438016970e+00 5.269253581547835852e-01 1.294098300563594650e+00 -1.326722092686678733e+00 -4.741389536572087060e-01 1.619756081436874995e+00 -5.269253581555857213e-01 -1.294098300561955073e+00 1.326722092686470234e+00 4.741389536556979700e-01 -1.619756081435732797e+00 5.269253581563851929e-01 1.294098300560318826e+00
-6.244678440935540475e-01 -2.486067977518046090e-01 7.781152949383182138e-01 -2.322949016864528371e-01 -6.345491502825117980e-01 6.244678440934753327e-01 2.486067977510706406e-01 -7.781152949377859729e-01 2.322949016868583738e-01 6.345491502817302010e-01 -6.244678440933968400e-01 -2.486067977503369220e-01 7.781152949372540650e-01 -2.322949016872632999e-01 -6.345491502809470497e-01 6.244678440933192354e-01 2.486067977496019543e-01 -7.781152949367221572e-01 2.322949016876668937e-01 6.345491502801655637e-01
-5.730746418435025413e-01 -1.781152949390910067e-01 6.831559480319506772e-01 -2.440983005615002255e-01 -5.322949016886168172e-01 5.730746418433902978e-01 1.781152949384644801e-01 -6.831559480314512989e-01 2.440983005618185264e-01 5.322949016879215955e-01 -5.730746418432781653e-01 -1.781152949378381756e-01 6.831559480309520316e-01 -2.440983005621363000e-01 -5.322949016872252637e-01 5.730746418431666989e-01 1.781152949372106775e-01 -6.831559480304529863e-01 2.440983005624529634e-01 5.322949016865302641e-01
-5.171729424060457214e-01 -1.913118960638427180e-01 6.354101966255837342e-01 -2.013932022492045393e-01 -5.109423525321762360e-01 5.171729424059688940e-01 1.913118960632485543e-01 -6.354101966251397560e-01 2.013932022495246998e-01 5.109423525315353043e-01 -5.171729424058921776e-01 -1.913118960626546405e-01 6.354101966246961108e-01 -2.013932022498443608e-01 -5.109423525308932623e-01 5.171729424058162383e-01 1.913118960620596443e-01 -6.354101966242522437e-01 2.013932022501629671e-01 5.109423525302524416e-01
