-2.149999999981820231e+00 2.149999999983343901e+00 -2.149999999984867571e+00 2.149999999986391686e+00 -2.149999999987915356e+00 2.149999999989439470e+00 -2.149999999990963140e+00 2.149999999992486810e+00 -2.149999999994010924e+00 2.149999999995534594e+00 -2.149999999997058264e+00 2.149999999998582378e+00 -2.150000000000106049e+00 2.150000000001630163e+00 -2.150000000003153833e+00 2.150000000004677947e+00 -2.150000000006201617e+00 2.150000000007725731e+00 -2.150000000009249401e+00 2.150000000010773515e+00
9.999999999857524247e-02 -9.999999999864611633e-02 9.999999999871699019e-02 -9.999999999878786405e-02 9.999999999885873792e-02 -9.999999999892962566e-02 9.999999999900049952e-02 -9.999999999907137338e-02 9.999999999914224724e-02 -9.999999999921312110e-02 9.999999999928399497e-02 -9.999999999935486883e-02 9.999999999942575657e-02 -9.999999999949663043e-02 9.999999999956750429e-02 -9.999999999963839203e-02 9.999999999970926590e-02 -9.999999999978015364e-02 9.999999999985102750e-02 -9.999999999992190136e-02
2.799999999975911535e+00 -2.799999999977895726e+00 2.799999999979880361e+00 -2.799999999981864995e+00 2.799999999983849630e+00 -2.799999999985833821e+00 2.799999999987818455e+00 -2.799999999989803090e+00 2.799999999991787725e+00 -2.799999999993771915e+00 2.799999999995756550e+00 -2.799999999997741185e+00 2.799999999999725819e+00 -2.800000000001710010e+00 2.800000000003694645e+00 -2.800000000005679723e+00 2.800000000007664358e+00 -2.800000000009648993e+00 2.800000000011633183e+00 -2.800000000013617818e+00
2.349999999978114484e+00 -2.349999999979779819e+00 2.349999999981445598e+00 -2.349999999983110932e+00 2.349999999984776711e+00 -2.349999999986442489e+00 2.349999999988107824e+00 -2.349999999989773602e+00 2.349999999991438937e+00 -2.349999999993104716e+00 2.349999999994770050e+00 -2.349999999996435829e+00 2.349999999998101607e+00 -2.349999999999766942e+00 2.350000000001432721e+00 -2.350000000003098499e+00 2.350000000004764278e+00 -2.350000000006429612e+00 2.350000000008095391e+00 -2.350000000009760726e+00
-4.999999999960222929e+00 4.999999999963766761e+00 -4.999999999967310593e+00 4.999999999970854425e+00 -4.999999999974398257e+00 4.999999999977942089e+00 -4.999999999981485921e+00 4.999999999985029753e+00 -4.999999999988573585e+00 4.999999999992117417e+00 -4.999999999995661248e+00 4.999999999999205080e+00 -5.000000000002748912e+00 5.000000000006292744e+00 -5.000000000009836576e+00 5.000000000013381296e+00 -5.000000000016925128e+00 5.000000000020468960e+00 -5.000000000024012792e+00 5.000000000027556624e+00
4.999999999592759370e-02 -4.999999999596303063e-02 4.999999999599847450e-02 -4.999999999603391143e-02 4.999999999606934836e-02 -4.999999999610478529e-02 4.999999999614022222e-02 -4.999999999617565916e-02 4.999999999621110303e-02 -4.999999999624653996e-02 4.999999999628197689e-02 -4.999999999631741382e-02 4.999999999635285075e-02 -4.999999999638828768e-02 4.999999999642373155e-02 -4.999999999645917542e-02 4.999999999649461235e-02 -4.999999999653004928e-02 4.999999999656548622e-02 -4.999999999660092315e-02
-2.449999999979393106e+00 2.449999999981129495e+00 -2.449999999982865884e+00 2.449999999984602272e+00 -2.449999999986339105e+00 2.449999999988075494e+00 -2.449999999989811883e+00 2.449999999991548272e+00 -2.449999999993284661e+00 2.449999999995021049e+00 -2.449999999996757882e+00 2.449999999998494271e+00 -2.450000000000230660e+00 2.450000000001967049e+00 -2.450000000003703438e+00 2.450000000005440270e+00 -2.450000000007176659e+00 2.450000000008913492e+00 -2.450000000010649881e+00 2.450000000012386270e+00
-2.599999999977743670e+00 2.599999999979586640e+00 -2.599999999981429166e+00 2.599999999983272136e+00 -2.599999999985114663e+00 2.599999999986957633e+00 -2.599999999988800159e+00 2.599999999990643129e+00 -2.599999999992486099e+00 2.599999999994328626e+00 -2.599999999996171596e+00 2.599999999998014122e+00 -2.599999999999857092e+00 2.600000000001699618e+00 -2.600000000003542588e+00 2.600000000005385559e+00 -2.600000000007228529e+00 2.600000000009071499e+00 -2.600000000010914025e+00 2.600000000012756995e+00
2.749999999974073628e+00 -2.749999999976022735e+00 2.749999999977971843e+00 -2.749999999979920950e+00 2.749999999981870058e+00 -2.749999999983819166e+00 2.749999999985768273e+00 -2.749999999987716937e+00 2.749999999989666044e+00 -2.749999999991615152e+00 2.749999999993564259e+00 -2.749999999995513367e+00 2.749999999997462474e+00 -2.749999999999411582e+00 2.750000000001360689e+00 -2.750000000003310241e+00 2.750000000005259349e+00 -2.750000000007208456e+00 2.750000000009157564e+00 -2.750000000011106671e+00
3.399999999971117237e+00 -3.399999999973526865e+00 3.399999999975936937e+00 -3.399999999978346565e+00 3.399999999980756638e+00 -3.399999999983166266e+00 3.399999999985575894e+00 -3.399999999987985966e+00 3.399999999990395594e+00 -3.399999999992805222e+00 3.399999999995215294e+00 -3.399999999997624922e+00 3.400000000000034550e+00 -3.400000000002444622e+00 3.400000000004854250e+00 -3.400000000007264767e+00 3.400000000009674395e+00 -3.400000000012084023e+00 3.400000000014494095e+00 -3.400000000016903723e+00
1.899999999983681853e+00 -1.899999999985028554e+00 1.899999999986375254e+00 -1.899999999987721955e+00 1.899999999989068433e+00 -1.899999999990415134e+00 1.899999999991761834e+00 -1.899999999993108535e+00 1.899999999994455013e+00 -1.899999999995801714e+00 1.899999999997148414e+00 -1.899999999998495115e+00 1.899999999999841815e+00 -1.900000000001188294e+00 1.900000000002534994e+00 -1.900000000003881917e+00 1.900000000005228618e+00 -1.900000000006575318e+00 1.900000000007921797e+00 -1.900000000009268497e+00
-2.249999999981950882e+00 2.249999999983545607e+00 -2.249999999985140331e+00 2.249999999986735055e+00 -2.249999999988329780e+00 2.249999999989924504e+00 -2.249999999991519228e+00 2.249999999993113953e+00 -2.249999999994708677e+00 2.249999999996303401e+00 -2.249999999997898126e+00 2.249999999999492850e+00 -2.250000000001087574e+00 2.250000000002682299e+00 -2.250000000004277023e+00 2.250000000005872192e+00 -2.250000000007466472e+00 2.250000000009061196e+00 -2.250000000010655921e+00 2.250000000012250645e+00
1.999999999991444732e-01 -1.999999999992862487e-01 1.999999999994279964e-01 -1.999999999995697442e-01 1.999999999997114919e-01 -1.999999999998532396e-01 1.999999999999949873e-01 -2.000000000001367628e-01 2.000000000002785105e-01 -2.000000000004202583e-01 2.000000000005620060e-01 -2.000000000007037537e-01 2.000000000008455014e-01 -2.000000000009872769e-01 2.000000000011290247e-01 -2.000000000012708001e-01 2.000000000014125479e-01 -2.000000000015542956e-01 2.000000000016960433e-01 -2.000000000018378188e-01
-2.399999999979482990e+00 2.399999999981183851e+00 -2.399999999982885157e+00 2.399999999984586019e+00 -2.399999999986286880e+00 2.399999999987988186e+00 -2.399999999989689048e+00 2.399999999991389910e+00 -2.399999999993091215e+00 2.399999999994792077e+00 -2.399999999996493383e+00 2.399999999998194244e+00 -2.399999999999895106e+00 2.400000000001596412e+00 -2.400000000003297274e+00 2.400000000004998579e+00 -2.400000000006699885e+00 2.400000000008400747e+00 -2.400000000010101608e+00 2.400000000011802914e+00
-5.999999999967359221e-01 5.999999999971612485e-01 -5.999999999975864640e-01 5.999999999980116794e-01 -5.999999999984370058e-01 5.999999999988622212e-01 -5.999999999992874367e-01 5.999999999997127631e-01 -6.000000000001379785e-01 6.000000000005633050e-01 -6.000000000009885204e-01 6.000000000014137358e-01 -6.000000000018390622e-01 6.000000000022642777e-01 -6.000000000026894931e-01 6.000000000031149305e-01 -6.000000000035401460e-01 6.000000000039653614e-01 -6.000000000043906878e-01 6.000000000048159032e-01
-2.349999999980860732e+00 2.349999999982526067e+00 -2.349999999984191845e+00 2.349999999985857624e+00 -2.349999999987522958e+00 2.349999999989188737e+00 -2.349999999990854072e+00 2.349999999992519850e+00 -2.349999999994185185e+00 2.349999999995850963e+00 -2.349999999997516742e+00 2.349999999999182076e+00 -2.350000000000847855e+00 2.350000000002513190e+00 -2.350000000004178968e+00 2.350000000005844747e+00 -2.350000000007510526e+00 2.350000000009175860e+00 -2.350000000010841639e+00 2.350000000012507417e+00
4.699999999959258545e+00 -4.699999999962590103e+00 4.699999999965920772e+00 -4.699999999969252329e+00 4.699999999972582998e+00 -4.699999999975914555e+00 4.699999999979246113e+00 -4.699999999982576782e+00 4.699999999985908339e+00 -4.699999999989239008e+00 4.699999999992570565e+00 -4.699999999995901234e+00 4.699999999999232791e+00 -4.700000000002564349e+00 4.700000000005895018e+00 -4.700000000009226575e+00 4.700000000012558132e+00 -4.700000000015889690e+00 4.700000000019220359e+00 -4.700000000022551916e+00
-2.299999999979834175e+00 2.299999999981464427e+00 -2.299999999983094234e+00 2.299999999984724486e+00 -2.299999999986354737e+00 2.299999999987984989e+00 -2.299999999989615240e+00 2.299999999991245048e+00 -2.299999999992875299e+00 2.299999999994505551e+00 -2.299999999996135802e+00 2.299999999997765610e+00 -2.299999999999395861e+00 2.300000000001026113e+00 -2.300000000002656364e+00 2.300000000004286616e+00 -2.300000000005916867e+00 2.300000000007547118e+00 -2.300000000009177370e+00 2.300000000010807177e+00
-2.399999999978991383e+00 2.399999999980692689e+00 -2.399999999982393550e+00 2.399999999984094412e+00 -2.399999999985795718e+00 2.399999999987496579e+00 -2.399999999989197885e+00 2.399999999990898747e+00 -2.399999999992599609e+00 2.399999999994300914e+00 -2.399999999996001776e+00 2.399999999997702638e+00 -2.399999999999403943e+00 2.400000000001104805e+00 -2.400000000002806111e+00 2.400000000004507417e+00 -2.400000000006208278e+00 2.400000000007909140e+00 -2.400000000009610446e+00 2.400000000011311307e+00
-2.349999999978602983e+00 2.349999999980268761e+00 -2.349999999981934540e+00 2.349999999983599874e+00 -2.349999999985265653e+00 2.349999999986930987e+00 -2.349999999988596766e+00 2.349999999990262101e+00 -2.349999999991927879e+00 2.349999999993593658e+00 -2.349999999995258992e+00 2.349999999996924771e+00 -2.349999999998590106e+00 2.350000000000255884e+00 -2.350000000001921219e+00 2.350000000003587441e+00 -2.350000000005252776e+00 2.350000000006918555e+00 -2.350000000008583889e+00 2.350000000010249668e+00
