2.334549150277432261e+00 4.262790070183436697e+00 3.000000000001366018e-01 -4.077379873558968804e+00 -2.819959346903342823e+00 2.334549150280937901e+00 4.262790070183899438e+00 2.999999999969169551e-01 -4.077379873561421952e+00 -2.819959346901638853e+00 2.334549150284443986e+00 4.262790070184363067e+00 2.999999999936971973e-01 -4.077379873563870660e+00 -2.819959346899935770e+00 2.334549150287956731e+00 4.262790070184825808e+00 2.999999999904849890e-01 -4.077379873566325585e+00 -2.819959346898225583e+00
1.919098300559873405e+00 3.378773075809514914e+00 1.690983005623579449e-01 -3.274264578622578803e+00 -2.192705098310164580e+00 1.919098300562655623e+00 3.378773075809827553e+00 1.690983005597686828e-01 -3.274264578624491495e+00 -2.192705098308757261e+00 1.919098300565438286e+00 3.378773075810140192e+00 1.690983005571793929e-01 -3.274264578626401523e+00 -2.192705098307350831e+00 1.919098300568226056e+00 3.378773075810452386e+00 1.690983005545960705e-01 -3.274264578628315991e+00 -2.192705098305938183e+00
-4.176925358147824063e+00 -9.151441186710270514e+00 -1.478976341282009166e+00 8.237383539242490116e+00 6.569959346900885677e+00 -4.176925358155306078e+00 -9.151441186711929632e+00 -1.478976341275550554e+00 8.237383539248138931e+00 6.569959346897917385e+00 -4.176925358162788982e+00 -9.151441186713586973e+00 -1.478976341269091721e+00 8.237383539253777087e+00 6.569959346894949981e+00 -4.176925358170286984e+00 -9.151441186715240761e+00 -1.478976341262648653e+00 8.237383539259431231e+00 6.569959346891970142e+00
2.477457514060881216e-01 -6.319660112612519864e-02 -2.868033988755170904e-01 -1.140576474678584307e-01 2.163118960635899424e-01 2.477457514060510124e-01 -6.319660112635609728e-02 -2.868033988756227282e-01 -1.140576474676928409e-01 2.163118960637979704e-01 2.477457514060139865e-01 -6.319660112658703754e-02 -2.868033988757283104e-01 -1.140576474675275981e-01 2.163118960640059985e-01 2.477457514059766275e-01 -6.319660112681796393e-02 -2.868033988758338371e-01 -1.140576474673615365e-01 2.163118960642143318e-01
-2.394098300558466175e+00 -4.279634122152939035e+00 -2.508610463445130057e-01 4.124593469059241180e+00 2.799999999997959232e+00 -2.394098300561988246e+00 -4.279634122153363585e+00 -2.508610463412533353e-01 4.124593469061681006e+00 2.799999999996207301e+00 -2.394098300565510762e+00 -4.279634122153788134e+00 -2.508610463379935540e-01 4.124593469064117279e+00 2.799999999994455813e+00 -2.394098300569039939e+00 -4.279634122154213571e+00 -2.508610463347413777e-01 4.124593469066557994e+00 2.799999999992697219e+00
-2.492705098307913758e+00 -4.279634122152465636e+00 -1.522542485947612489e-01 4.185535821589877692e+00 2.739057647466491385e+00 -2.492705098311441159e+00 -4.279634122152812026e+00 -1.522542485914479826e-01 4.185535821592270445e+00 2.739057647464657741e+00 -2.492705098314968559e+00 -4.279634122153159304e+00 -1.522542485881346885e-01 4.185535821594662309e+00 2.739057647462824541e+00 -2.492705098318503065e+00 -4.279634122153504805e+00 -1.522542485848289995e-01 4.185535821597058614e+00 2.739057647460984235e+00
3.400861046338545357e+00 4.876847717651292768e+00 -3.868033988743223017e-01 -5.115905365120092974e+00 -2.774999999996508926e+00 3.400861046342594562e+00 4.876847717651243030e+00 -3.868033988784022603e-01 -5.115905365122563886e+00 -2.774999999993956301e+00 3.400861046346644656e+00 4.876847717651193292e+00 -3.868033988824820524e-01 -5.115905365125033910e+00 -2.774999999991404565e+00 3.400861046350701411e+00 4.876847717651142666e+00 -3.868033988865531292e-01 -5.115905365127506599e+00 -2.774999999988843946e+00
3.773606797744532670e+00 5.002708763995302732e+00 -6.817627457801606061e-01 -5.424061313151324448e+00 -2.670491502809305473e+00 3.773606797748700892e+00 5.002708763995026509e+00 -6.817627457845006900e-01 -5.424061313153729635e+00 -2.670491502806451756e+00 3.773606797752870889e+00 5.002708763994750285e+00 -6.817627457888404408e-01 -5.424061313156132158e+00 -2.670491502803598483e+00 3.773606797757047104e+00 5.002708763994471397e+00 -6.817627457931710877e-01 -5.424061313158538233e+00 -2.670491502800735883e+00
1.778647450840705524e+00 2.902912029465326782e+00 1.545084971886426933e-02 -2.893362879184353087e+00 -1.803647450841327382e+00 1.778647450843102940e+00 2.902912029465492427e+00 1.545084971656915385e-02 -2.893362879185936265e+00 -1.803647450840011324e+00 1.778647450845500355e+00 2.902912029465657628e+00 1.545084971427405224e-02 -2.893362879187518555e+00 -1.803647450838695043e+00 1.778647450847902434e+00 2.902912029465822830e+00 1.545084971198412704e-02 -2.893362879189103509e+00 -1.803647450837374322e+00
-1.830040653089740177e+00 -3.771478174121432936e+00 -5.008610463445379857e-01 3.461929023840248920e+00 2.640450849716749371e+00 -1.830040653092829039e+00 -3.771478174122029792e+00 -5.008610463418173842e-01 3.461929023842526654e+00 2.640450849715437087e+00 -1.830040653095918790e+00 -3.771478174122626648e+00 -5.008610463390965606e-01 3.461929023844801279e+00 2.640450849714124359e+00 -1.830040653099014314e+00 -3.771478174123222615e+00 -5.008610463363822873e-01 3.461929023847081233e+00 2.640450849712806303e+00
3.454915028153954237e-02 -5.640576474684676489e-01 -3.831559480312216048e-01 3.272542485936477119e-01 5.854101966248670408e-01 3.454915028109378783e-02 -5.640576474688013819e-01 -3.831559480309821297e-01 3.272542485941293822e-01 5.854101966249254385e-01 3.454915028064797777e-02 -5.640576474691352260e-01 -3.831559480307425436e-01 3.272542485946103308e-01 5.854101966249838362e-01 3.454915028020105749e-02 -5.640576474694689590e-01 -3.831559480305038456e-01 3.272542485950928892e-01 5.854101966250417899e-01
-1.539589803372286791e+00 -3.033813728903763440e+00 -3.354101966253557610e-01 2.826518827216454977e+00 2.082294901685948663e+00 -1.539589803374775023e+00 -3.033813728904189766e+00 -3.354101966231305965e-01 2.826518827218256646e+00 2.082294901684836663e+00 -1.539589803377264143e+00 -3.033813728904616092e+00 -3.354101966209053209e-01 2.826518827220055208e+00 2.082294901683725108e+00 -1.539589803379757704e+00 -3.033813728905041973e+00 -3.354101966186853745e-01 2.826518827221858654e+00 2.082294901682609112e+00
-5.690983005612744172e-01 -1.157623792124220508e+00 -1.463525491566792236e-01 1.067172942405377967e+00 8.059016994371870357e-01 -5.690983005622229918e-01 -1.157623792124397699e+00 -1.463525491558401170e-01 1.067172942406073632e+00 8.059016994367780296e-01 -5.690983005631716773e-01 -1.157623792124574891e+00 -1.463525491550009827e-01 1.067172942406768410e+00 8.059016994363690234e-01 -5.690983005641222503e-01 -1.157623792124752082e+00 -1.463525491541638468e-01 1.067172942407464964e+00 8.059016994359582409e-01
-2.477254248589770835e+00 -3.700125624966051241e+00 1.904508497175257942e-01 3.817830723278175409e+00 2.169098300561002279e+00 -2.477254248592837715e+00 -3.700125624966095650e+00 1.904508497205653628e-01 3.817830723280097871e+00 2.169098300559151316e+00 -2.477254248595904595e+00 -3.700125624966140059e+00 1.904508497236048481e-01 3.817830723282018113e+00 2.169098300557299908e+00 -2.477254248598977249e+00 -3.700125624966183580e+00 1.904508497266376443e-01 3.817830723283942351e+00 2.169098300555442282e+00
5.712664445209088449e+00 8.376973342617892726e+00 -5.354101966221893605e-01 -8.707875042054537218e+00 -4.846352549152191713e+00 5.712664445216036668e+00 8.376973342617910490e+00 -5.354101966291273662e-01 -8.707875042058841331e+00 -4.846352549147913358e+00 5.712664445222985776e+00 8.376973342617928253e+00 -5.354101966360652609e-01 -8.707875042063141890e+00 -4.846352549143636779e+00 5.712664445229947319e+00 8.376973342617944240e+00 -5.354101966429880566e-01 -8.707875042067451332e+00 -4.846352549139344212e+00
-1.430040653091093628e+00 -3.411067977496957226e+00 -6.781152949373636663e-01 2.991969676935084976e+00 2.527254248591620289e+00 -1.430040653093875624e+00 -3.411067977497675763e+00 -6.781152949350253145e-01 2.991969676937247691e+00 2.527254248590618424e+00 -1.430040653096658065e+00 -3.411067977498393855e+00 -6.781152949326866297e-01 2.991969676939407741e+00 2.527254248589617447e+00 -1.430040653099446057e+00 -3.411067977499111503e+00 -6.781152949303539401e-01 2.991969676941573564e+00 2.527254248588611585e+00
-3.044959346901010999e+00 -4.840044318777338539e+00 5.364745084235937600e-02 4.873200266808270342e+00 2.958155948028981630e+00 -3.044959346905012243e+00 -4.840044318777550814e+00 5.364745084622916937e-02 4.873200266810874481e+00 2.958155948026721216e+00 -3.044959346909013931e+00 -4.840044318777763976e+00 5.364745085009893499e-02 4.873200266813475956e+00 2.958155948024461690e+00 -3.044959346913022724e+00 -4.840044318777975363e+00 5.364745085396002700e-02 4.873200266816082760e+00 2.958155948022193282e+00
-1.884549150278091334e+00 -3.301518827215951468e+00 -1.559016994380074128e-01 3.205166278059826013e+00 2.136803398873192261e+00 -1.884549150280810270e+00 -3.301518827216249452e+00 -1.559016994354722740e-01 3.205166278061690743e+00 2.136803398871809812e+00 -1.884549150283529650e+00 -3.301518827216547436e+00 -1.559016994329370798e-01 3.205166278063552809e+00 2.136803398870427362e+00 -1.884549150286254360e+00 -3.301518827216844976e+00 -1.559016994304077697e-01 3.205166278065419316e+00 2.136803398869039583e+00
-1.791844051965037155e+00 -4.073732422715305113e+00 -7.258610463442429772e-01 3.625125624965669591e+00 2.966311896060410014e+00 -1.791844051968364049e+00 -4.073732422716096480e+00 -7.258610463414046921e-01 3.625125624968214222e+00 2.966311896059144360e+00 -1.791844051971691609e+00 -4.073732422716886958e+00 -7.258610463385661848e-01 3.625125624970755300e+00 2.966311896057879594e+00 -1.791844051975025387e+00 -4.073732422717677437e+00 -7.258610463357347831e-01 3.625125624973303484e+00 2.966311896056608610e+00
-2.899999999995774402e+00 -4.530495168496156744e+00 9.999999999944732265e-02 4.592298567371321916e+00 2.738196601122316665e+00 -2.899999999999522959e+00 -4.530495168496316616e+00 1.000000000030966535e-01 4.592298567373736873e+00 2.738196601120159723e+00 -2.900000000003271072e+00 -4.530495168496476488e+00 1.000000000067459427e-01 4.592298567376148277e+00 2.738196601118003670e+00 -2.900000000007026291e+00 -4.530495168496635472e+00 1.000000000103870995e-01 4.592298567378565899e+00 2.738196601115839179e+00
