2.627786404495104033e+00 8.554471840282196204e-01 -3.156481839805279410e+00 1.095365877842537916e+00 2.479508497182508098e+00 -2.627786404495280781e+00 -8.554471840304653796e-01 3.156481839806843492e+00 -1.095365877841261604e+00 -2.479508497184865323e+00 2.627786404495457528e+00 8.554471840327124710e-01 -3.156481839808408019e+00 1.095365877839981961e+00 2.479508497187218108e+00 -2.627786404495636052e+00 -8.554471840349535672e-01 3.156481839809972989e+00 -1.095365877838697211e+00 -2.479508497189569560e+00
-2.735410196619738166e+00 -1.563070976151108571e+00 3.701441186709847120e+00 -7.245454845933892996e-01 -3.253647450836690602e+00 2.735410196619493028e+00 1.563070976153895897e+00 -3.701441186711325049e+00 7.245454845915182407e-01 3.253647450839328936e+00 -2.735410196619247891e+00 -1.563070976156684777e+00 3.701441186712802534e+00 -7.245454845896435181e-01 -3.253647450841963273e+00 2.735410196619006751e+00 1.563070976159466774e+00 -3.701441186714282239e+00 7.245454845877623562e-01 3.253647450844596278e+00
-2.089057647465554446e+00 -1.018440519683039724e+00 2.718488504149998430e+00 -6.616777739068580022e-01 -2.309549150275817198e+00 2.089057647465478951e+00 1.018440519685051004e+00 -2.718488504151165941e+00 6.616777739055703655e-01 2.309549150277784069e+00 -2.089057647465403456e+00 -1.018440519687063839e+00 2.718488504152333896e+00 -6.616777739042800643e-01 -2.309549150279747387e+00 2.089057647465330625e+00 1.018440519689071344e+00 -2.718488504153502738e+00 6.616777739029851002e-01 2.309549150281710261e+00
-1.104101966250086025e-01 1.977457514061473076e-01 -1.180339887482290129e-02 -1.904508497187738236e-01 1.295084971872929314e-01 1.104101966251649358e-01 -1.977457514062091470e-01 1.180339887470487244e-02 1.904508497189086047e-01 -1.295084971872579871e-01 -1.104101966253212830e-01 1.977457514062709865e-01 -1.180339887458672909e-02 -1.904508497190434135e-01 1.295084971872234869e-01 1.104101966254773109e-01 -1.977457514063329092e-01 1.180339887446896219e-02 1.904508497191783611e-01 -1.295084971871889590e-01
2.814386537900454677e+00 9.934405196840184749e-01 -3.428366544866897847e+00 1.125406530935987304e+00 2.732827057588186115e+00 -2.814386537900595009e+00 -9.934405196864751764e-01 3.428366544868555632e+00 -1.125406530934558003e+00 -2.732827057590732522e+00 2.814386537900734453e+00 9.934405196889334322e-01 -3.428366544870213861e+00 1.125406530933125149e+00 2.732827057593273157e+00 -2.814386537900877006e+00 -9.934405196913851377e-01 3.428366544871872978e+00 -1.125406530931686522e+00 -2.732827057595813347e+00
2.563525491557761882e+00 1.446555814621280689e+00 -3.457546151617740815e+00 6.903252247490112570e-01 3.030901699432210883e+00 -2.563525491557544278e+00 -1.446555814623880387e+00 3.457546151619129482e+00 -6.903252247472725367e-01 -3.030901699434678687e+00 2.563525491557326230e+00 1.446555814626481640e+00 -3.457546151620518593e+00 6.903252247455305968e-01 3.030901699437142049e+00 -2.563525491557111735e+00 -1.446555814629076897e+00 3.457546151621909036e+00 -6.903252247437821065e-01 -3.030901699439604968e+00
-5.800125624957855663e+00 -1.693643785146372593e+00 6.846855049014140882e+00 -2.537945351186693621e+00 -5.278318560392700753e+00 5.800125624958369031e+00 1.693643785151199177e+00 -6.846855049017636752e+00 2.537945351184033083e+00 5.278318560397851300e+00 -5.800125624958881509e+00 -1.693643785156028869e+00 6.846855049021134398e+00 -2.537945351181365883e+00 -5.278318560402990300e+00 5.800125624959400206e+00 1.693643785160845461e+00 -6.846855049024632045e+00 2.537945351178687137e+00 5.278318560408127524e+00
1.081433855341058070e+00 -4.801662780627046212e-01 -7.846747752470605297e-01 9.651219592800278635e-01 1.881966011234249558e-01 -1.081433855341661143e+00 4.801662780623366933e-01 7.846747752478904214e-01 -9.651219592801736358e-01 -1.881966011241667514e-01 1.081433855342264216e+00 -4.801662780619683768e-01 -7.846747752487209793e-01 9.651219592803185199e-01 1.881966011249058268e-01 -1.081433855342866623e+00 4.801662780616018367e-01 7.846747752495502048e-01 -9.651219592804625158e-01 -1.881966011256446247e-01
-2.186803398871322912e+00 -1.391186271088825865e+00 3.046603799086616604e+00 -4.917184270004710811e-01 -2.742705098306349232e+00 2.186803398871037363e+00 1.391186271091148896e+00 -3.046603799087766351e+00 4.917184269988612577e-01 2.742705098308497291e+00 -2.186803398870751369e+00 -1.391186271093473037e+00 3.046603799088915654e+00 -4.917184269972483257e-01 -2.742705098310642242e+00 2.186803398870468484e+00 1.391186271095791627e+00 -3.046603799090067177e+00 4.917184269956297871e-01 2.742705098312786305e+00
-2.057294901684437960e+00 -1.336677773902323008e+00 2.883407197962779556e+00 -4.453658778440219290e-01 -2.608155948026359194e+00 2.057294901684151522e+00 1.336677773904526800e+00 -2.883407197963855140e+00 4.453658778424849363e-01 2.608155948028387794e+00 -2.057294901683864197e+00 -1.336677773906732147e+00 2.883407197964929836e+00 -4.453658778409450014e-01 -2.608155948030413729e+00 2.057294901683580424e+00 1.336677773908931943e+00 -2.883407197966006752e+00 4.453658778393998485e-01 2.608155948032438332e+00
4.156433855336208794e+00 9.342979003387854586e-01 -4.733861713363864965e+00 1.991389536560902229e+00 3.503115294929558754e+00 -4.156433855336755023e+00 -9.342979003420576189e-01 4.733861713366431800e+00 -1.991389536559220907e+00 -3.503115294933172308e+00 4.156433855337300365e+00 9.342979003453319997e-01 -4.733861713369000412e+00 1.991389536557535145e+00 3.503115294936778312e+00 -4.156433855337850147e+00 -9.342979003485969436e-01 4.733861713371569024e+00 -1.991389536555841389e+00 -3.503115294940382984e+00
3.798277907305345202e+00 1.348355547807640331e+00 -4.631607464770435278e+00 1.514135287967167454e+00 3.695820393242248869e+00 -3.798277907305529499e+00 -1.348355547810961008e+00 4.631607464772671712e+00 -1.514135287965232113e+00 -3.695820393245686564e+00 3.798277907305712464e+00 1.348355547814283684e+00 -4.631607464774908145e+00 1.514135287963292331e+00 3.695820393249118485e+00 -3.798277907305900314e+00 -1.348355547817597699e+00 4.631607464777145466e+00 -1.514135287961344778e+00 -3.695820393252548186e+00
1.569630456463905865e+00 5.335624789664482615e-01 -1.899390203587026260e+00 6.403252247484882975e-01 1.503647450839012745e+00 -1.569630456463997126e+00 -5.335624789678047319e-01 1.899390203587955517e+00 -6.403252247477075887e-01 -1.503647450840426947e+00 1.569630456464087720e+00 5.335624789691619796e-01 -1.899390203588885218e+00 6.403252247469251035e-01 1.503647450841838484e+00 -1.569630456464180535e+00 -5.335624789705156745e-01 1.899390203589814918e+00 -6.403252247461393987e-01 -1.503647450843249578e+00
-1.981762745777621015e+00 -1.030243918558574556e+00 2.618488504149895757e+00 -5.880709761562852300e-01 -2.255040653088576708e+00 1.981762745777508883e+00 1.030243918560525440e+00 -2.618488504150989549e+00 5.880709761550120263e-01 2.255040653090459646e+00 -1.981762745777396528e+00 -1.030243918562477656e+00 2.618488504152082896e+00 -5.880709761537363800e-01 -2.255040653092340364e+00 1.981762745777286838e+00 1.030243918564424987e+00 -2.618488504153177576e+00 5.880709761524560708e-01 2.255040653094219749e+00
-3.081559480307725640e-01 2.786474508435540232e-01 1.359423525310467507e-01 -3.626644452183903078e-01 8.819660112495476822e-02 3.081559480310347987e-01 -2.786474508435439756e-01 -1.359423525313150083e-01 3.626644452185461831e-01 -8.819660112478230896e-02 -3.081559480312969779e-01 2.786474508435338726e-01 1.359423525315834602e-01 -3.626644452187018919e-01 8.819660112461073787e-02 3.081559480315588240e-01 -2.786474508435241026e-01 -1.359423525318513015e-01 3.626644452188576007e-01 -8.819660112443923616e-02
-1.429508497185584259e+00 -1.934220259838759892e+00 2.624922359494528568e+00 3.119290238423886308e-01 -2.817705098307141220e+00 1.429508497184744487e+00 1.934220259840963463e+00 -2.624922359495050372e+00 -3.119290238442673502e-01 2.817705098308826095e+00 -1.429508497183904048e+00 -1.934220259843167700e+00 2.624922359495572177e+00 3.119290238461485121e-01 -2.817705098310510525e+00 1.429508497183068272e+00 1.934220259845367940e+00 -2.624922359496096647e+00 -3.119290238480350030e-01 2.817705098312194512e+00
-2.809016994367875553e-01 -2.159830056240306662e-01 4.143865379048140563e-01 -4.012195928142885115e-02 -3.895898033737366095e-01 2.809016994367270481e-01 2.159830056243539631e-01 -4.143865379049533892e-01 4.012195928119199895e-02 3.895898033740227695e-01 -2.809016994366664854e-01 -2.159830056246774266e-01 4.143865379050926667e-01 -4.012195928095471653e-02 -3.895898033743084854e-01 2.809016994366064779e-01 2.159830056250001684e-01 -4.143865379052322773e-01 4.012195928071668471e-02 3.895898033745942013e-01
-2.065450849714768999e+00 -7.116777739030116789e-01 2.505291903024960742e+00 -8.366777739057532637e-01 -1.988196601120220564e+00 2.065450849714882686e+00 7.116777739048030238e-01 -2.505291903026181544e+00 8.366777739047183138e-01 1.988196601122084406e+00 -2.065450849714995929e+00 -7.116777739065954789e-01 2.505291903027402345e+00 -8.366777739036809214e-01 -1.988196601123944252e+00 2.065450849715111836e+00 7.116777739083831600e-01 -2.505291903028623590e+00 8.366777739026391991e-01 1.988196601125803875e+00
5.047416860959000218e+00 1.716796067492614375e+00 -6.108455182422251717e+00 2.058436853998399041e+00 4.836271242957339567e+00 -5.047416860959292428e+00 -1.716796067496976885e+00 6.108455182425239549e+00 -2.058436853995888161e+00 -4.836271242961887928e+00 5.047416860959583751e+00 1.716796067501342282e+00 -6.108455182428228269e+00 2.058436853993371063e+00 4.836271242966426520e+00 -5.047416860959880403e+00 -1.716796067505696133e+00 6.108455182431217878e+00 -2.058436853990843307e+00 -4.836271242970964224e+00
-2.228976341277618900e+00 -1.345162612369987576e+00 3.060332556118060321e+00 -5.462269241880373105e-01 -2.722745751400211578e+00 2.228976341277373763e+00 1.345162612372306388e+00 -3.060332556119248260e+00 5.462269241864550207e-01 2.722745751402380510e+00 -2.228976341277128626e+00 -1.345162612374626976e+00 3.060332556120436642e+00 -5.462269241848698442e-01 -2.722745751404547221e+00 2.228976341276886597e+00 1.345162612376941347e+00 -3.060332556121626357e+00 5.462269241832790057e-01 2.722745751406712156e+00
