-1.448414673387880880e+00 1.277425192754468863e+00 -9.813924339095935201e-01 5.892941458704921143e-01 -1.395116409798340951e-01 -3.239272353647103531e-01 7.556578569780298960e-01 -1.113419422572496709e+00 1.362191737436329264e+00 -1.477623234092017013e+00 1.448414673388367158e+00 -1.277425192755054395e+00 9.813924339102172434e-01 -5.892941458711019598e-01 1.395116409803598967e-01 3.239272353643103952e-01 -7.556578569778024113e-01 1.113419422572464512e+00 -1.362191737436488692e+00 1.477623234092356963e+00
-1.190768374688250697e+00 1.050570039355501306e+00 -8.075345888187717147e-01 4.854520263041405825e-01 -1.158500371116993055e-01 -2.650921608879235336e-01 6.200852911741717710e-01 -9.143801527720519795e-01 1.119169114155496247e+00 -1.214406004935697725e+00 1.190768374688650155e+00 -1.050570039355982477e+00 8.075345888192844157e-01 -4.854520263046419037e-01 1.158500371121317790e-01 2.650921608875944080e-01 -6.200852911739843654e-01 9.143801527720247790e-01 -1.119169114155626810e+00 1.214406004935976613e+00
-8.753409734462275216e-01 7.472169410895781461e-01 -5.459501083725295523e-01 2.912418751898997460e-01 -8.024858062210954435e-03 -2.759776880850953740e-01 5.329656152730347651e-01 -7.377831546482774838e-01 8.703813384090679506e-01 -9.177805324630281536e-01 8.753409734465480430e-01 -7.472169410899508479e-01 5.459501083729156878e-01 -2.912418751902671188e-01 8.024858062517015167e-03 2.759776880848746061e-01 -5.329656152729255192e-01 7.377831546482904734e-01 -8.703813384091981797e-01 9.177805324632649642e-01
3.065152656366806116e+00 -2.787155959823754081e+00 2.236333018675738415e+00 -1.466602220211400409e+00 5.533101780142339887e-01 4.141437195456999509e-01 -1.341058344327598295e+00 2.136700834663871618e+00 -2.723188160033219951e+00 3.043110854731015724e+00 -3.065152656367744921e+00 2.787155959824928697e+00 -2.236333018677027606e+00 1.466602220212694707e+00 -5.533101780153864002e-01 -4.141437195447825736e-01 1.341058344327021423e+00 -2.136700834663693982e+00 2.723188160033442440e+00 -3.043110854731628123e+00
2.540923281419130486e+00 -2.297423749484512445e+00 1.829036373857878539e+00 -1.181610174312282435e+00 4.185197381428076846e-01 3.855383259945970864e-01 -1.151857212580234435e+00 1.805424289737467491e+00 -2.282263858284568236e+00 2.535699538915514140e+00 -2.540923281419922741e+00 2.297423749485496547e+00 -1.829036373858952125e+00 1.181610174313354911e+00 -4.185197381437568143e-01 -3.855383259938476859e-01 1.151857212579771250e+00 -1.805424289737336929e+00 2.282263858284770297e+00 -2.535699538916038609e+00
5.348829754611605480e+00 -4.803044483961173228e+00 3.787103754441987213e+00 -2.400454923134623719e+00 7.788328389979197741e-01 9.190268298674418856e-01 -2.526925749389050235e+00 3.887471570433620016e+00 -4.867484588557188019e+00 5.371034301393617483e+00 -5.348829754613309007e+00 4.803044483963270217e+00 -3.787103754444258730e+00 2.400454923136880137e+00 -7.788328389999020773e-01 -9.190268298658923474e-01 2.526925749388112763e+00 -3.887471570433388646e+00 4.867484588557658753e+00 -5.371034301394762345e+00
5.439528336039447964e+00 -4.832345068414781508e+00 3.752138196565862671e+00 -2.304645895353045759e+00 6.315587964908921936e-01 1.103349677700744991e+00 -2.730254597949913986e+00 4.089903175349521192e+00 -5.049203533915036068e+00 5.514252670711445425e+00 -5.439528336041236756e+00 4.832345068416953104e+00 -3.752138196568192363e+00 2.304645895355337704e+00 -6.315587964928833786e-01 -1.103349677699213327e+00 2.730254597949019590e+00 -4.089903175349354214e+00 5.049203533915586739e+00 -5.514252670712677329e+00
-9.811058498264003669e-01 9.199636343975866604e-01 -7.687689686704071157e-01 5.423218399614095908e-01 -2.627884709785435202e-01 -4.246846449865193662e-02 3.435682907755465143e-01 -6.110372589703116919e-01 8.186936429101669965e-01 -9.462105889079778231e-01 9.811058498266708172e-01 -9.199636343979413766e-01 7.687689686708094605e-01 -5.423218399618252583e-01 2.627884709789255480e-01 4.246846449833471815e-02 -3.435682907753301873e-01 6.110372589702182111e-01 -8.186936429102000812e-01 9.462105889081382504e-01
-5.386374775280589056e-01 4.751992322978429439e-01 -3.652451753025821035e-01 2.195383757359303523e-01 -5.234163033843540480e-02 -1.199786785221758079e-01 2.805546383884408579e-01 -4.136679555101510641e-01 5.062885709524191924e-01 -5.493501335499820781e-01 5.386374775282396499e-01 -4.751992322980604921e-01 3.652451753028139736e-01 -2.195383757361571431e-01 5.234163033863101916e-02 1.199786785220269547e-01 -2.805546383883561479e-01 4.136679555101387962e-01 -5.062885709524782563e-01 5.493501335501083105e-01
-6.353021868488638590e-01 5.408141943271239649e-01 -3.933875403905904289e-01 2.074533731084627908e-01 -1.212224253830745946e-03 -2.051475855568398732e-01 3.914261203459464822e-01 -5.393891392494627457e-01 6.345529910581420019e-01 -6.676023749114065042e-01 6.353021868490982271e-01 -5.408141943273957475e-01 3.933875403908711488e-01 -2.074533731087293553e-01 1.212224254052152173e-03 2.051475855566809448e-01 -3.914261203458688776e-01 5.393891392494740700e-01 -6.345529910582385913e-01 6.676023749115803652e-01
-6.390779152772752880e+00 5.801020746876372591e+00 -4.643418012187626509e+00 3.031285169870308049e+00 -1.122429014920384160e+00 -8.962983124328228746e-01 2.827289716087687754e+00 -4.481526303446259796e+00 5.697079871593873079e+00 -6.354963568020528975e+00 6.390779152774721084e+00 -5.801020746878830181e+00 4.643418012190317690e+00 -3.031285169873006335e+00 1.122429014922782242e+00 8.962983124309188421e-01 -2.827289716086496707e+00 4.481526303445900972e+00 -5.697079871594351808e+00 6.354963568021817721e+00
-6.720030295913582918e+00 6.057408647168672111e+00 -4.801845635591245554e+00 3.076244516776339033e+00 -1.049519151203470946e+00 -1.079940461319185641e+00 3.103687977100424433e+00 -4.823624889017529505e+00 6.071391788626970154e+00 -6.724848558091781392e+00 6.720030295915697671e+00 -6.057408647171289573e+00 4.801845635594091277e+00 -3.076244516779174543e+00 1.049519151205972278e+00 1.079940461317219436e+00 -3.103687977099220507e+00 4.823624889017208872e+00 -6.071391788627530595e+00 6.724848558093190931e+00
-9.461298683828658351e-01 9.288257790249943024e-01 -8.206017509064363891e-01 6.320515059405720226e-01 -3.816316558114574153e-01 9.385504022741361640e-02 2.031087606206213314e-01 -4.801908608371801002e-01 7.102685339085605953e-01 -8.708201741491286008e-01 9.461298683830817735e-01 -9.288257790253046098e-01 8.206017509068090909e-01 -6.320515059409747005e-01 3.816316558118455493e-01 -9.385504022775481570e-02 -2.031087606203652862e-01 4.801908608370353271e-01 -7.102685339085355043e-01 8.708201741492302972e-01
2.234706601371878154e+00 -2.075974613002198765e+00 1.714031765346252678e+00 -1.184307546136690092e+00 5.386550527553872758e-01 1.597247502200721814e-01 -8.424695817762613004e-01 1.442747620837507183e+00 -1.901799470557477667e+00 2.174689937483276214e+00 -2.234706601372514978e+00 2.075974613003021663e+00 -1.714031765347176162e+00 1.184307546137636002e+00 -5.386550527562482538e-01 -1.597247502193661350e-01 8.424695817757906768e-01 -1.442747620837319777e+00 1.901799470557579586e+00 -2.174689937483666125e+00
-1.097858403189242882e+00 1.033475216131499508e+00 -8.679282742735818790e-01 6.174224657179018250e-01 -3.064790443824798594e-01 -3.446468118217421717e-02 3.720347636231836619e-01 -6.731874912821602663e-01 9.084439369214152293e-01 -1.054775560513739219e+00 1.097858403189541088e+00 -1.033475216131893415e+00 8.679282742740307421e-01 -6.174224657183671194e-01 3.064790443829092381e-01 3.446468118181586493e-02 -3.720347636229369703e-01 6.731874912820503543e-01 -9.084439369214465376e-01 1.054775560513913746e+00
-1.166173329874481412e+00 1.073451536505726001e+00 -8.756528275671642270e-01 5.921391188343347878e-01 -2.506627074741611394e-01 -1.153503161633741142e-01 4.700720471619505569e-01 -7.787798509998027363e-01 1.011255256943542236e+00 -1.144741952507999150e+00 1.166173329874824693e+00 -1.073451536506163206e+00 8.756528275676498385e-01 -5.921391188348279488e-01 2.506627074746057837e-01 1.153503161630140550e-01 -4.700720471617162444e-01 7.787798509997179153e-01 -1.011255256943608849e+00 1.144741952508215199e+00
-1.111429849802317182e+00 1.024246411262829337e+00 -8.368025976445756520e-01 5.674467154223458154e-01 -2.425451950608285556e-01 -1.060983389049980630e-01 4.443562282282305653e-01 -7.391174339206161292e-01 9.615286754469074548e-01 -1.089818790856271313e+00 1.111429849802642700e+00 -1.024246411263244783e+00 8.368025976450381709e-01 -5.674467154228158838e-01 2.425451950612528829e-01 1.060983389046539077e-01 -4.443562282280059672e-01 7.391174339205337507e-01 -9.615286754469694053e-01 1.089818790856476038e+00
-5.640250718418452491e-01 5.155280269990611952e-01 -4.165675069786435869e-01 2.768304569786725344e-01 -1.099953130584177541e-01 -6.760693848641190218e-02 2.385913518469645056e-01 -3.862207813250510546e-01 4.960442297686409319e-01 -5.573114128591165617e-01 5.640250718420151133e-01 -5.155280269992753572e-01 4.165675069788798424e-01 -2.768304569789108438e-01 1.099953130586310834e-01 6.760693848624083069e-02 -2.385913518468553429e-01 3.862207813250147503e-01 -4.960442297686782354e-01 5.573114128592256966e-01
-4.656809929431468542e-01 4.284170315349574709e-01 -3.492166261231540725e-01 2.358324642111125635e-01 -9.936337756068887306e-02 -4.683208879074019643e-02 1.884433039929915010e-01 -3.116083756387160730e-01 4.042710483737184113e-01 -4.573608541718924836e-01 4.656809929432841888e-01 -4.284170315351321645e-01 3.492166261233481395e-01 -2.358324642113094616e-01 9.936337756086631445e-02 4.683208879059661683e-02 -1.884433039928982423e-01 3.116083756386824888e-01 -4.042710483737453897e-01 4.573608541719791365e-01
-3.365490843755730155e-01 2.666763179848113396e-01 -1.706994155465346441e-01 5.801326498179855407e-02 6.035162816154525378e-02 -1.728088834459252099e-01 2.683504011883379725e-01 -3.376239119552592594e-01 3.738484418558928324e-01 -3.734780815124228992e-01 3.365490843757184547e-01 -2.666763179849704346e-01 1.706994155466906582e-01 -5.801326498193885850e-02 -6.035162816143733316e-02 1.728088834458577916e-01 -2.683504011883194318e-01 3.376239119552912893e-01 -3.738484418559711031e-01 3.734780815125402498e-01
