2.280506786278868603e+00 2.123312834903986257e+00 2.155971544410657526e-01 -1.869863179270545350e+00 -2.413753155601020772e+00 -9.676738358030131382e-01 1.276184336172302647e+00 2.467918499820510814e+00 1.625027859936363228e+00 -5.575836785503792692e-01 -2.280506786278130527e+00 -2.123312834904108382e+00 -2.155971544419472696e-01 1.869863179269629860e+00 2.413753155600828038e+00 9.676738358037020316e-01 -1.276184336171299449e+00 -2.467918499820021871e+00 -1.625027859936786223e+00 5.575836785493900605e-01
-1.473967733412830494e+00 -4.735253895095970833e+00 -4.092657077383211828e+00 -7.595305045688793832e-02 4.003368911532702690e+00 4.782195461827234872e+00 1.618439020551706964e+00 -2.879606285797073451e+00 -5.003619234952219941e+00 -3.002500902986948272e+00 1.473967733410809000e+00 4.735253895094583498e+00 4.092657077383602626e+00 7.595305045873745886e-02 -4.003368911530921892e+00 -4.782195461826989735e+00 -1.618439020553201990e+00 2.879606285795079046e+00 5.003619234951361072e+00 3.002500902987936371e+00
-2.053666335747085014e+00 -5.112003057933652173e+00 -3.955853678508043370e+00 4.616181530254064858e-01 4.498518363585577440e+00 4.826707349539736569e+00 1.175616430797064016e+00 -3.444687348789069237e+00 -5.225089275550513612e+00 -2.697773487371563750e+00 2.053666335744951166e+00 5.112003057932367867e+00 3.955853678508666427e+00 -4.616181530233851027e-01 -4.498518363583828616e+00 -4.826707349539700154e+00 -1.175616430798773093e+00 3.444687348787031311e+00 5.225089275549816392e+00 2.697773487372786771e+00
4.245247086738072717e+00 7.967910806506684374e+00 5.121593840555300758e+00 -1.947116151085464208e+00 -7.410566156772245172e+00 -6.764526845091777041e+00 -5.416120797912303830e-01 6.127823659162050518e+00 7.745300830800167624e+00 2.977323546664420117e+00 -4.245247086734854847e+00 -7.967910806505161148e+00 -5.121593840556728949e+00 1.947116151082257662e+00 7.410566156769909263e+00 6.764526845092235341e+00 5.416120797941083032e-01 -6.127823659159136405e+00 -7.745300830799603631e+00 -2.977323546666678311e+00
4.322142554299125194e+00 8.053870966624929295e+00 5.145750601798663837e+00 -2.004678335199708172e+00 -7.502391323839802340e+00 -6.814911618960743489e+00 -5.090177667642180603e-01 6.216525346042782729e+00 7.816981604577077469e+00 2.972887663181655427e+00 -4.322142554295875350e+00 -8.053870966623403405e+00 -5.145750601800120450e+00 2.004678335196465877e+00 7.502391323837453108e+00 6.814911618961223105e+00 5.090177667671333950e-01 -6.216525346039843747e+00 -7.816981604576522358e+00 -2.972887663183948703e+00
3.088192703368263459e+00 5.457349227881792331e+00 3.327306082149325661e+00 -1.545866337980632554e+00 -5.144580953110051702e+00 -4.501951288945316598e+00 -1.477801952525958917e-01 4.328225250244403632e+00 5.235914136639888028e+00 1.826960973329156079e+00 -3.088192703366078096e+00 -5.457349227880831322e+00 -3.327306082150382149e+00 1.545866337978426763e+00 5.144580953108518706e+00 4.501951288945718943e+00 1.477801952546042852e-01 -4.328225250242452304e+00 -5.235914136639591376e+00 -1.826960973330763682e+00
-1.927118949566442696e+00 -4.162202596273608890e+00 -2.965843656719929555e+00 6.756442722230400211e-01 3.760111134737026184e+00 3.744631471735416106e+00 6.419671739759238438e-01 -2.989953797097415933e+00 -4.156868667915510684e+00 -1.896738400337640851e+00 1.927118949564731620e+00 4.162202596272679855e+00 2.965843656720549060e+00 -6.756442722213806817e-01 -3.760111134735696581e+00 -3.744631471735512473e+00 -6.419671739773676888e-01 2.989953797095821209e+00 4.156868667915071036e+00 1.896738400338722652e+00
8.248258538543438156e-01 3.091351273707243497e-03 -8.211917524776349842e-01 -9.684601540948702958e-01 -3.173014395421530631e-01 5.954499407067265215e-01 1.017294826793849527e+00 6.004518521390357355e-01 -3.114213399957391770e-01 -9.665495939363403233e-01 -8.248258538544281926e-01 -3.091351274084941370e-03 8.211917524772752719e-01 9.684601540948252207e-01 3.173014395424601508e-01 -5.954499407063205130e-01 -1.017294826793679441e+00 -6.004518521392405717e-01 3.114213399953283945e-01 9.665495939360618793e-01
-1.545153349813456867e+00 -3.553370342241006341e+00 -2.632084016392181702e+00 4.591700069806524676e-01 3.171870733188631331e+00 3.269587671312275123e+00 6.717600953608972025e-01 -2.479886317048696665e+00 -3.587041304407217801e+00 -1.736933639140566088e+00 1.545153349811985821e+00 3.553370342240167457e+00 2.632084016392666648e+00 -4.591700069792410965e-01 -3.171870733187458935e+00 -3.269587671312307542e+00 -6.717600953621091220e-01 2.479886317047310218e+00 3.587041304406791919e+00 1.736933639141455821e+00
-1.374099116170570956e-01 -7.025231035213758135e-01 -6.884555276721822104e-01 -1.068049085285581873e-01 5.628988274610886577e-01 7.685321671572842295e-01 3.405649200738120608e-01 -3.681740922221415913e-01 -7.733795234425034915e-01 -5.409880643868708594e-01 1.374099116167487034e-01 7.025231035211325636e-01 6.884555276722047479e-01 1.068049085288282629e-01 -5.628988274607940046e-01 -7.685321671572078461e-01 -3.405649200740171745e-01 3.681740922218253997e-01 7.733795234423354037e-01 5.409880643869902084e-01
-1.704550059295094622e+00 -4.159086224022024325e+00 -3.184749031691000543e+00 4.151891978603480249e-01 3.672833206517819082e+00 3.902485187982314141e+00 9.148132750541093650e-01 -2.827057684625780443e+00 -4.238218903860473397e+00 -2.155267450727198941e+00 1.704550059293361564e+00 4.159086224020994038e+00 3.184749031691522791e+00 -4.151891978587016196e-01 -3.672833206516408211e+00 -3.902485187982301706e+00 -9.148132750555065806e-01 2.827057684624131095e+00 4.238218903859923614e+00 2.155267450728205247e+00
5.972041127314718700e+00 1.154663205057288167e+01 7.601838938634623233e+00 -2.610134413707993151e+00 -1.067023596839171162e+01 -9.933480267695216526e+00 -1.007270442188117787e+00 8.749362845718255954e+00 1.129276333752623707e+01 4.526076649136586028e+00 -5.972041127310037112e+00 -1.154663205057059017e+01 -7.601838938636612752e+00 2.610134413703356415e+00 1.067023596838825839e+01 9.933480267695792065e+00 1.007270442192251370e+00 -8.749362845713989145e+00 -1.129276333752532757e+01 -4.526076649139797681e+00
-9.467539696107579728e-01 -3.697332266460542360e+00 -3.399720788490645962e+00 -2.992792163135991057e-01 3.047896969156955738e+00 3.882296994268483736e+00 1.516016867344124996e+00 -2.100112280565269884e+00 -3.984846920693318140e+00 -2.584356224688173498e+00 9.467539696091582524e-01 3.697332266459365080e+00 3.399720788490862233e+00 2.992792163150324036e-01 -3.047896969155488467e+00 -3.882296994268191970e+00 -1.516016867345250541e+00 2.100112280563661393e+00 3.984846920692544980e+00 2.584356224688876491e+00
-2.585473959266013644e+00 -5.860832089742997297e+00 -4.304347377761130744e+00 8.007682709590850934e-01 5.245706938108005701e+00 5.365930081177537225e+00 1.062322194989805180e+00 -4.117095442381361714e+00 -5.902258161614579279e+00 -2.821425162858879787e+00 2.585473959263590693e+00 5.860832089741630391e+00 4.304347377761946092e+00 -8.007682709567551793e-01 -5.245706938106086348e+00 -5.365930081177609168e+00 -1.062322194991811797e+00 4.117095442379083536e+00 5.902258161613895382e+00 2.821425162860360381e+00
-1.743909167276596950e+00 -4.005876780664214820e+00 -2.965281421074174251e+00 5.199794042554274354e-01 3.576553871708428645e+00 3.684511835384256084e+00 7.548495657637162015e-01 -2.797132950473522950e+00 -4.043076559743145282e+00 -1.955788600939549982e+00 1.743909167274938277e+00 4.005876780663268910e+00 2.965281421074721369e+00 -5.199794042538361527e-01 -3.576553871707107923e+00 -3.684511835384294276e+00 -7.548495657650828861e-01 2.797132950471960200e+00 4.043076559742665665e+00 1.955788600940553845e+00
-1.041047910754472117e+00 -3.890441995401946684e+00 -3.532440948838852179e+00 -2.621913932413415527e-01 3.224216480388168993e+00 4.052485187982483694e+00 1.539765576871691799e+00 -2.242382191836700400e+00 -4.175843941601501186e+00 -2.666616777660009152e+00 1.041047910752793904e+00 3.890441995400728992e+00 3.532440948839099093e+00 2.621913932428522331e-01 -3.224216480386642658e+00 -4.052485187982198589e+00 -1.539765576872885067e+00 2.242382191835019523e+00 4.175843941600709819e+00 2.666616777660764104e+00
-1.983267408854585856e+00 -5.711061707822868705e+00 -4.730488284726805936e+00 1.500392080130180661e-01 4.906869952198043450e+00 5.618332377625351093e+00 1.697875875893323228e+00 -3.622359577478573733e+00 -5.956214952178015665e+00 -3.379591039270097408e+00 1.983267408852169122e+00 5.711061707821288636e+00 4.730488284727366377e+00 -1.500392080107764148e-01 -4.906869952195972218e+00 -5.618332377625157470e+00 -1.697875875895168640e+00 3.622359577476219172e+00 5.956214952177081301e+00 3.379591039271359065e+00
-1.954127621079620791e+00 -5.511904946579525344e+00 -4.525505258195420488e+00 1.918544467005391940e-01 4.751043686909896202e+00 5.393332377625450036e+00 1.589198777649959649e+00 -3.525117168697463388e+00 -5.733222546376786966e+00 -3.214690153044833298e+00 1.954127621077292654e+00 5.511904946578018993e+00 4.525505258195980041e+00 -1.918544466983734820e-01 -4.751043686907912011e+00 -5.393332377625283947e+00 -1.589198777651748884e+00 3.525117168695201642e+00 5.733222546375905004e+00 3.214690153046063870e+00
1.330677650562862580e-01 -1.208413797264942025e+00 -1.553643382454489963e+00 -6.180035377922485917e-01 8.271366516966973670e-01 1.590360988788051433e+00 1.042444818365178216e+00 -3.648936076604407663e-01 -1.471402980842364538e+00 -1.364844336976283268e+00 -1.330677650568551362e-01 1.208413797264354272e+00 1.553643382454367394e+00 6.180035377926934581e-01 -8.271366516960525495e-01 -1.590360988787737906e+00 -1.042444818365455106e+00 3.648936076598044975e-01 1.471402980841890917e+00 1.364844336976363870e+00
-2.455460376322396332e+00 -5.450754681314042394e+00 -3.952286054759013290e+00 8.045637696566010355e-01 4.898107491424891435e+00 4.953506925549289619e+00 9.250891445084769016e-01 -3.865999413153200059e+00 -5.469844025354218431e+00 -2.564187887733760274e+00 2.455460376320148352e+00 5.450754681312793615e+00 3.952286054759794443e+00 -8.045637696544315487e-01 -4.898107491423124848e+00 -4.953506925549381990e+00 -9.250891445103536226e-01 3.865999413151093744e+00 5.469844025353608252e+00 2.564187887735154270e+00
