-2.394098300559586612e+00 -4.279634122156009468e+00 -2.508610463459556295e-01 4.124593469060924278e+00 2.800000000000800071e+00 -2.394098300561195991e+00 -4.279634122155630216e+00 -2.508610463441122151e-01 4.124593469061684559e+00 2.799999999999429612e+00 -2.394098300562804482e+00 -4.279634122155254516e+00 -2.508610463422661918e-01 4.124593469062442175e+00 2.799999999998054268e+00 -2.394098300564409421e+00 -4.279634122154876152e+00 -2.508610463404201685e-01 4.124593469063205120e+00 2.799999999996679811e+00
-2.492705098309575096e+00 -4.279634122156099174e+00 -1.522542485960222958e-01 4.185535821592243799e+00 2.739057647469590684e+00 -2.492705098311172929e+00 -4.279634122155676401e+00 -1.522542485941633661e-01 4.185535821592970329e+00 2.739057647468182921e+00 -2.492705098312769874e+00 -4.279634122155258069e+00 -1.522542485923017441e-01 4.185535821593694195e+00 2.739057647466771606e+00 -2.492705098314363710e+00 -4.279634122154836184e+00 -1.522542485904401222e-01 4.185535821594424277e+00 2.739057647465360734e+00
3.400861046340188487e+00 4.876847717656087156e+00 -3.868033988721687466e-01 -5.115905365123053272e+00 -2.775000000001014211e+00 3.400861046341944860e+00 4.876847717655358849e+00 -3.868033988743753704e-01 -5.115905365123689208e+00 -2.774999999999203659e+00 3.400861046343701233e+00 4.876847717654635872e+00 -3.868033988765853803e-01 -5.115905365124323367e+00 -2.774999999997388223e+00 3.400861046345453609e+00 4.876847717653908454e+00 -3.868033988787954458e-01 -5.115905365124962856e+00 -2.774999999995572786e+00
3.773606797746432040e+00 5.002708764000147745e+00 -6.817627457781805234e-01 -5.424061313154455277e+00 -2.670491502813804097e+00 3.773606797748201735e+00 5.002708763999275554e+00 -6.817627457804890101e-01 -5.424061313155010389e+00 -2.670491502811842111e+00 3.773606797749971431e+00 5.002708763998408692e+00 -6.817627457828012716e-01 -5.424061313155563724e+00 -2.670491502809874351e+00 3.773606797751735797e+00 5.002708763997536501e+00 -6.817627457851133110e-01 -5.424061313156121500e+00 -2.670491502807906592e+00
1.778647450841454924e+00 2.902912029468608601e+00 1.545084972061145506e-02 -2.893362879186232473e+00 -1.803647450844505506e+00 1.778647450842528732e+00 2.902912029468283084e+00 1.545084971933671086e-02 -2.893362879186694769e+00 -1.803647450843518518e+00 1.778647450843602096e+00 2.902912029467960675e+00 1.545084971806005847e-02 -2.893362879187156178e+00 -1.803647450842528643e+00 1.778647450844673017e+00 2.902912029467635602e+00 1.545084971678341301e-02 -2.893362879187620695e+00 -1.803647450841538769e+00
-1.830040653091115299e+00 -3.771478174124514027e+00 -5.008610463456221185e-01 3.461929023842195363e+00 2.640450849719305548e+00 -1.830040653092565250e+00 -3.771478174124303084e+00 -5.008610463440417160e-01 3.461929023842960973e+00 2.640450849718201098e+00 -1.830040653094014313e+00 -3.771478174124094362e+00 -5.008610463424592041e-01 3.461929023843724806e+00 2.640450849717092652e+00 -1.830040653095460490e+00 -3.771478174123884308e+00 -5.008610463408765812e-01 3.461929023844492637e+00 2.640450849715985093e+00
3.454915028182709014e-02 -5.640576474685545794e-01 -3.831559480316120703e-01 3.272542485933950251e-01 5.854101966250895295e-01 3.454915028157512502e-02 -5.640576474686587183e-01 -3.831559480314242205e-01 3.272542485936150713e-01 5.854101966250382372e-01 3.454915028132332644e-02 -5.640576474687628572e-01 -3.831559480312363708e-01 3.272542485938345624e-01 5.854101966249865008e-01 3.454915028107197195e-02 -5.640576474688672182e-01 -3.831559480310484100e-01 3.272542485940551638e-01 5.854101966249347644e-01
-1.539589803373087484e+00 -3.033813728906006979e+00 -3.354101966263959289e-01 2.826518827217688656e+00 2.082294901687978594e+00 -1.539589803374246113e+00 -3.033813728905807583e+00 -3.354101966251139544e-01 2.826518827218281515e+00 2.082294901687065103e+00 -1.539589803375404298e+00 -3.033813728905610407e+00 -3.354101966238302590e-01 2.826518827218872598e+00 2.082294901686148503e+00 -1.539589803376559818e+00 -3.033813728905411455e+00 -3.354101966225465636e-01 2.826518827219467234e+00 2.082294901685232791e+00
-5.690983005617360480e-01 -1.157623792124836015e+00 -1.463525491567692349e-01 1.067172942405796077e+00 8.059016994376191345e-01 -5.690983005621802482e-01 -1.157623792124767848e+00 -1.463525491562829572e-01 1.067172942406028557e+00 8.059016994372774079e-01 -5.690983005626243374e-01 -1.157623792124700568e+00 -1.463525491557960412e-01 1.067172942406260372e+00 8.059016994369344600e-01 -5.690983005630672054e-01 -1.157623792124633066e+00 -1.463525491553091251e-01 1.067172942406493741e+00 8.059016994365917341e-01
-2.477254248591183483e+00 -3.700125624968725546e+00 1.904508497166652325e-01 3.817830723279926453e+00 2.169098300563323534e+00 -2.477254248592528185e+00 -3.700125624968218396e+00 1.904508497183231563e-01 3.817830723280444261e+00 2.169098300561988157e+00 -2.477254248593871999e+00 -3.700125624967715243e+00 1.904508497199836614e-01 3.817830723280960292e+00 2.169098300560649228e+00 -2.477254248595213593e+00 -3.700125624967208537e+00 1.904508497216441387e-01 3.817830723281480321e+00 2.169098300559309411e+00
5.712664445212626951e+00 8.376973342625122498e+00 -5.354101966198450135e-01 -8.707875042059441739e+00 -4.846352549158440048e+00 5.712664445215659192e+00 8.376973342623927010e+00 -5.354101966236148868e-01 -8.707875042060576831e+00 -4.846352549155377609e+00 5.712664445218690545e+00 8.376973342622740404e+00 -5.354101966273907554e-01 -8.707875042061710147e+00 -4.846352549152307176e+00 5.712664445221714793e+00 8.376973342621548468e+00 -5.354101966311665128e-01 -8.707875042062852344e+00 -4.846352549149236744e+00
-1.430040653091469327e+00 -3.411067977499400161e+00 -6.781152949389752660e-01 2.991969676936090838e+00 2.527254248594058339e+00 -1.430040653092806480e+00 -3.411067977499308235e+00 -6.781152949375813810e-01 2.991969676936860001e+00 2.527254248593142627e+00 -1.430040653094142300e+00 -3.411067977499218529e+00 -6.781152949361856086e-01 2.991969676937627831e+00 2.527254248592223362e+00 -1.430040653095476122e+00 -3.411067977499127490e+00 -6.781152949347898362e-01 2.991969676938399658e+00 2.527254248591304986e+00
-3.044959346902870401e+00 -4.840044318781200339e+00 5.364745084104146494e-02 4.873200266810788328e+00 2.958155948032317628e+00 -3.044959346904651198e+00 -4.840044318780623023e+00 5.364745084317935897e-02 4.873200266811531733e+00 2.958155948030642524e+00 -3.044959346906431996e+00 -4.840044318780050148e+00 5.364745084532049346e-02 4.873200266812275139e+00 2.958155948028963422e+00 -3.044959346908208797e+00 -4.840044318779473720e+00 5.364745084746161408e-02 4.873200266813021209e+00 2.958155948027283877e+00
-1.884549150279116958e+00 -3.301518827218667074e+00 -1.559016994391775879e-01 3.205166278061438945e+00 2.136803398875642301e+00 -1.884549150280353969e+00 -3.301518827218357988e+00 -1.559016994377495635e-01 3.205166278062012264e+00 2.136803398874571158e+00 -1.884549150281590313e+00 -3.301518827218051566e+00 -1.559016994363195130e-01 3.205166278062584251e+00 2.136803398873496018e+00 -1.884549150282824215e+00 -3.301518827217743368e+00 -1.559016994348894625e-01 3.205166278063160235e+00 2.136803398872421766e+00
-1.791844051965898910e+00 -4.073732422718198798e+00 -7.258610463457486617e-01 3.625125624967113325e+00 2.966311896063067444e+00 -1.791844051967486084e+00 -4.073732422718052248e+00 -7.258610463440706706e-01 3.625125624968003724e+00 2.966311896061942122e+00 -1.791844051969072815e+00 -4.073732422717908364e+00 -7.258610463423905701e-01 3.625125624968891902e+00 2.966311896060813247e+00 -1.791844051970655549e+00 -4.073732422717762702e+00 -7.258610463407103586e-01 3.625125624969784521e+00 2.966311896059685260e+00
-2.899999999996927258e+00 -4.530495168499776959e+00 9.999999999761827185e-02 4.592298567373318541e+00 2.738196601125820973e+00 -2.899999999998589040e+00 -4.530495168499213854e+00 9.999999999962727593e-02 4.592298567373997997e+00 2.738196601124235130e+00 -2.900000000000249933e+00 -4.530495168498656078e+00 1.000000000016393470e-01 4.592298567374675677e+00 2.738196601122643958e+00 -2.900000000001907274e+00 -4.530495168498093861e+00 1.000000000036514042e-01 4.592298567375357798e+00 2.738196601121054119e+00
-2.813196601121673801e+00 -4.757749417093454447e+00 -1.272542485963116254e-01 4.679101966248166988e+00 3.019098300563410220e+00 -2.813196601123445273e+00 -4.757749417092965949e+00 -1.272542485942384505e-01 4.679101966248961020e+00 3.019098300561830595e+00 -2.813196601125215857e+00 -4.757749417092481004e+00 -1.272542485921621946e-01 4.679101966249751499e+00 3.019098300560245640e+00 -2.813196601126982888e+00 -4.757749417091994282e+00 -1.272542485900859666e-01 4.679101966250548195e+00 3.019098300558661574e+00
-7.668440519677178768e-01 -1.677583139031011639e+00 -2.699593469069182516e-01 1.510739087061869546e+00 1.203647450843905675e+00 -7.668440519683681345e-01 -1.677583139030938586e+00 -2.699593469062226969e-01 1.510739087062226149e+00 1.203647450843431610e+00 -7.668440519690182811e-01 -1.677583139030866421e+00 -2.699593469055261985e-01 1.510739087062582087e+00 1.203647450842956212e+00 -7.668440519696668733e-01 -1.677583139030793591e+00 -2.699593469048297556e-01 1.510739087062940023e+00 1.203647450842480815e+00
-2.774999999996975220e+00 -4.237790070187325675e+00 1.559016994350932717e-01 4.334142619342096658e+00 2.522745751407139192e+00 -2.774999999998522426e+00 -4.237790070186771452e+00 1.559016994369823161e-01 4.334142619342711278e+00 2.522745751405632841e+00 -2.775000000000069189e+00 -4.237790070186221669e+00 1.559016994388742749e-01 4.334142619343323233e+00 2.522745751404121606e+00 -2.775000000001611955e+00 -4.237790070185670110e+00 1.559016994407662060e-01 4.334142619343939629e+00 2.522745751402611258e+00
-2.877254248591071928e+00 -3.879634122156323972e+00 4.795084971852350830e-01 4.175986671311142651e+00 2.101393202250927850e+00 -2.877254248592450381e+00 -3.879634122155669385e+00 4.795084971870174906e-01 4.175986671311589404e+00 2.101393202249424608e+00 -2.877254248593827946e+00 -3.879634122155018350e+00 4.795084971888027847e-01 4.175986671312035270e+00 2.101393202247916481e+00 -2.877254248595202402e+00 -3.879634122154364206e+00 4.795084971905881344e-01 4.175986671312483800e+00 2.101393202246408798e+00
