-2.380607346860027285e+00 -6.646852908899274937e+00 -1.026245819686805305e+01 -1.287350257377665486e+01 -1.422439882379737952e+01 -1.418291180973057486e+01 -1.275310256957013699e+01 -1.007493079380973988e+01 -6.410554595780806331e+00 -2.118668648956651523e+00 2.380607346859827445e+00 6.646852908898938317e+00 1.026245819686760541e+01 1.287350257377614504e+01 1.422439882379685194e+01 1.418291180973008636e+01 1.275310256956973554e+01 1.007493079380946099e+01 6.410554595780681986e+00 2.118668648956691491e+00
1.305778567106071320e+00 7.143652440578512897e-01 5.302487364592778363e-02 -6.135059408444728524e-01 -1.219982519297773793e+00 -1.707038708644174729e+00 -2.026998055550436995e+00 -2.148540709853522745e+00 -2.059769229712779204e+00 -1.769373186111654839e+00 -1.305778567106038679e+00 -7.143652440578411866e-01 -5.302487364594266062e-02 6.135059408444353268e-01 1.219982519297716284e+00 1.707038708644103453e+00 2.026998055550359279e+00 2.148540709853445474e+00 2.059769229712710370e+00 1.769373186111601326e+00
2.330664973422041264e+00 8.167483998231528375e+00 1.320481278308690243e+01 1.694956248939312715e+01 1.903517092469157035e+01 1.925748420404678996e+01 1.759474075472781962e+01 1.420970149056883969e+01 9.433717639701123758e+00 3.734295777683780848e+00 -2.330664973421801900e+00 -8.167483998231100273e+00 -1.320481278308631978e+01 -1.694956248939245214e+01 -1.903517092469085625e+01 -1.925748420404611849e+01 -1.759474075472725829e+01 -1.420970149056843823e+01 -9.433717639700923030e+00 -3.734295777683803053e+00
3.445652267840064731e-01 4.910378316772057161e+00 8.995529364496951175e+00 1.220013532248637489e+01 1.421050703176972263e+01 1.482985530235900917e+01 1.399755401027582735e+01 1.179507460497337767e+01 8.438011116219032104e+00 4.254976308328757284e+00 -3.445652267838736904e-01 -4.910378316771772944e+00 -8.995529364496537283e+00 -1.220013532248587218e+01 -1.421050703176917906e+01 -1.482985530235848159e+01 -1.399755401027536728e+01 -1.179507460497302773e+01 -8.438011116218827823e+00 -4.254976308328721757e+00
9.732145694521980417e+00 -1.451140694046207713e+00 -1.249237932078933433e+01 -2.231077682008876906e+01 -2.994524003591520156e+01 -3.464845451627052597e+01 -3.596003685859545129e+01 -3.375160024489171917e+01 -2.823932183799132645e+01 -1.996278185466371724e+01 -9.732145694521914692e+00 1.451140694045877311e+00 1.249237932078862379e+01 2.231077682008775653e+01 2.994524003591396877e+01 3.464845451626921147e+01 3.596003685859417942e+01 3.375160024489061072e+01 2.823932183799049511e+01 1.996278185466324828e+01
-5.105715878530727281e+00 -2.357896628500689040e+00 6.207299719587986431e-01 3.538595197882914878e+00 6.110078070995754729e+00 8.083463931102338407e+00 9.265584020827672518e+00 9.540724189474477868e+00 8.881951800321331802e+00 7.353752084755681651e+00 5.105715878530610041e+00 2.357896628500676606e+00 -6.207299719587018316e-01 -3.538595197882721255e+00 -6.110078070995479393e+00 -8.083463931102009781e+00 -9.265584020827322576e+00 -9.540724189474140360e+00 -8.881951800321044033e+00 -7.353752084755468488e+00
-3.513895773475814721e+00 -8.158145581129065960e+00 -1.200381925815878148e+01 -1.467447547067324898e+01 -1.590869178103558035e+01 -1.558565449749683474e+01 -1.373698476010289760e+01 -1.054364324318934720e+01 -6.318216463750328415e+00 -1.474318635236829378e+00 3.513895773475562478e+00 8.158145581128668056e+00 1.200381925815826811e+01 1.467447547067267344e+01 1.590869178103499593e+01 1.558565449749630361e+01 1.373698476010247305e+01 1.054364324318906654e+01 6.318216463750220058e+00 1.474318635236906205e+00
-3.353899164001002298e+00 -8.119665633120884962e+00 -1.209062265703383154e+01 -1.487806529495479779e+01 -1.620913924022923425e+01 -1.595354970095618086e+01 -1.413631556203672623e+01 -1.093532036240307725e+01 -6.663899814840362090e+00 -1.740170323280942899e+00 3.353899164000752720e+00 8.119665633120483506e+00 1.209062265703331462e+01 1.487806529495421337e+01 1.620913924022864094e+01 1.595354970095563552e+01 1.413631556203628747e+01 1.093532036240278238e+01 6.663899814840243074e+00 1.740170323281013065e+00
5.668391827881037237e+00 1.198545864724678367e+01 1.712930526661922670e+01 2.059641613960741324e+01 2.204740629718137157e+01 2.134024271307488618e+01 1.854414748599872098e+01 1.393282189832009976e+01 7.957654627555615257e+00 1.203536677606046545e+00 -5.668391827880661538e+00 -1.198545864724620991e+01 -1.712930526661850550e+01 -2.059641613960661388e+01 -2.204740629718057221e+01 -2.134024271307416498e+01 -1.854414748599815610e+01 -1.393282189831973739e+01 -7.957654627555497129e+00 -1.203536677606184213e+00
5.791092701549701793e+00 1.230083406281609548e+01 1.760648408106353457e+01 2.118868876586861205e+01 2.269679696399497359e+01 2.198318453740235512e+01 1.911770484243578139e+01 1.438085099660961141e+01 8.236299257954717845e+00 1.285521162259979810e+00 -5.791092701549316324e+00 -1.230083406281550751e+01 -1.760648408106279206e+01 -2.118868876586778782e+01 -2.269679696399414937e+01 -2.198318453740160905e+01 -1.911770484243519874e+01 -1.438085099660923660e+01 -8.236299257954591724e+00 -1.285521162260118810e+00
1.368442928634928002e+00 5.503643306958210246e+00 9.100108732258673783e+00 1.180579211065985490e+01 1.335584230147925844e+01 1.359852959220476087e+01 1.251009805991838064e+01 1.019709096654872837e+01 6.885921562062874202e+00 2.900710178045698306e+00 -1.368442928634769018e+00 -5.503643306957916259e+00 -9.100108732258268773e+00 -1.180579211065938061e+01 -1.335584230147875573e+01 -1.359852959220428481e+01 -1.251009805991797919e+01 -1.019709096654843705e+01 -6.885921562062723211e+00 -2.900710178045703191e+00
-1.629392083059098884e+00 -5.541222389647304070e+00 -8.910639240770219516e+00 -1.140782063893231424e+01 -1.278832506999561325e+01 -1.291701914170769250e+01 -1.178130538166506014e+01 -9.492355365683760482e+00 -6.274227469380577737e+00 -2.441934473261165639e+00 1.629392083058936125e+00 5.541222389647014523e+00 8.910639240769826941e+00 1.140782063893185772e+01 1.278832506999513541e+01 1.291701914170724308e+01 1.178130538166468355e+01 9.492355365683492252e+00 6.274227469380445399e+00 2.441934473261182514e+00
-2.864675744780972089e+00 -2.288249747801450074e+00 -1.487833922333655634e+00 -5.417785461993583906e-01 4.573098888300193288e-01 1.411633645675355542e+00 2.227776865852036714e+00 2.825849764564988487e+00 3.147308799469276330e+00 3.160687320491676111e+00 2.864675744780881050e+00 2.288249747801384792e+00 1.487833922333624326e+00 5.417785461993629426e-01 -4.573098888299788056e-01 -1.411633645675283155e+00 -2.227776865851939458e+00 -2.825849764564875244e+00 -3.147308799469159091e+00 -3.160687320491566865e+00
-2.692913011046161209e+00 -6.501187365396302376e+00 -9.673080203985566783e+00 -1.189810455589593907e+01 -1.295845953490620239e+01 -1.275035020774327776e+01 -1.129414776533282883e+01 -8.732395448697008788e+00 -5.315855423366065757e+00 -1.378962431453475412e+00 2.692913011045961369e+00 6.501187365395981743e+00 9.673080203985152892e+00 1.189810455589547189e+01 1.295845953490572455e+01 1.275035020774284078e+01 1.129414776533247711e+01 8.732395448696774309e+00 5.315855423365971610e+00 1.378962431453531812e+00
2.539567905635269907e-01 -1.328550311348607682e+00 -2.781009652231613671e+00 -3.961244391920573982e+00 -4.753724930915773861e+00 -5.080877752523772273e+00 -4.910678859157845189e+00 -4.259788504346071925e+00 -3.191920371037199722e+00 -1.811604832394283937e+00 -2.539567905635591316e-01 1.328550311348522195e+00 2.781009652231480889e+00 3.961244391920407892e+00 4.753724930915588232e+00 5.080877752523587532e+00 4.910678859157679987e+00 4.259788504345941362e+00 3.191920371037117121e+00 1.811604832394257958e+00
-8.883663543245707839e-01 -5.138108837840565712e+00 -8.884897428999378732e+00 -1.176197035508724831e+01 -1.348769967235291034e+01 -1.389315897135923272e+01 -1.293865907091844036e+01 -1.071763307167754853e+01 -7.447490473240335085e+00 -3.448335617565074784e+00 8.883663543244263439e-01 5.138108837840281495e+00 8.884897428998979052e+00 1.176197035508677047e+01 1.348769967235239875e+01 1.389315897135874422e+01 1.293865907091802114e+01 1.071763307167723411e+01 7.447490473240162778e+00 3.448335617565061906e+00
7.744471792652513287e+00 1.749697142886570944e+01 2.553674559305314773e+01 3.107680517362373607e+01 3.357485053896643734e+01 3.278635560381602687e+01 2.878850374619230124e+01 2.197263256059128977e+01 1.300592700762659604e+01 2.766110701533581739e+00 -7.744471792651971498e+00 -1.749697142886486034e+01 -2.553674559305206060e+01 -3.107680517362252459e+01 -3.357485053896520810e+01 -3.278635560381491132e+01 -2.878850374619141661e+01 -2.197263256059070713e+01 -1.300592700762637932e+01 -2.766110701533757599e+00
-1.602796026837504106e+00 -5.332506549742578095e+00 -8.540234177801004023e+00 -1.091198418122586311e+01 -1.221559314472797730e+01 -1.232345474018203113e+01 -1.122501072310907233e+01 -9.027784447209702634e+00 -5.946855729344608932e+00 -2.283807338511039564e+00 1.602796026837346899e+00 5.332506549742300983e+00 8.540234177800627435e+00 1.091198418122542613e+01 1.221559314472752078e+01 1.232345474018160303e+01 1.122501072310871528e+01 9.027784447209448615e+00 5.946855729344483699e+00 2.283807338511057772e+00
-3.811696330999550852e+00 -9.431400705781863181e+00 -1.412789386704951866e+01 -1.744145034178567499e+01 -1.904771613533768004e+01 -1.878945876032080520e+01 -1.669195824798665129e+01 -1.296053256262790754e+01 -7.960439648698981685e+00 -2.181123438311074025e+00 3.811696330999262194e+00 9.431400705781395999e+00 1.412789386704891115e+01 1.744145034178499287e+01 1.904771613533698016e+01 1.878945876032016216e+01 1.669195824798612904e+01 1.296053256262755760e+01 7.960439648698838688e+00 2.181123438311152185e+00
1.022960189948606491e+00 -2.034190399206331712e+00 -4.892220259049030240e+00 -7.271365513833139893e+00 -8.938738849540692755e+00 -9.731126146799491394e+00 -9.570963016066922791e+00 -8.473927340501244743e+00 -6.547404615523831239e+00 -3.979976308328583734e+00 -1.022960189948649123e+00 2.034190399206185162e+00 4.892220259048788655e+00 7.271365513832830807e+00 8.938738849540341036e+00 9.731126146799136123e+00 9.570963016066597717e+00 8.473927340500980065e+00 6.547404615523656268e+00 3.979976308328514012e+00
