-2.184225023071917349e-13 1.999999999998390843e-01 3.151784389032741274e-13 -1.999999999999314548e-01 -4.119482532871643343e-13 2.000000000000238254e-01 5.087597010344779846e-13 -2.000000000001161959e-01 -6.054184931159056759e-13 2.000000000002085665e-01 7.020772851973333673e-13 -2.000000000003009371e-01 -7.990830219739564200e-13 2.000000000003933076e-01 8.957418140553841113e-13 -2.000000000004856782e-01 -9.923867283490039881e-13 2.000000000005780487e-01 1.089059398218239494e-12 -2.000000000006704193e-01
3.450000000005047252e+00 2.649999999985750865e+00 -3.450000000005358558e+00 -2.649999999988644106e+00 3.450000000005669865e+00 2.649999999991535571e+00 -3.450000000005981171e+00 -2.649999999994430144e+00 3.450000000006293366e+00 2.649999999997321165e+00 -3.450000000006606005e+00 -2.650000000000212630e+00 3.450000000006914203e+00 2.650000000003103651e+00 -3.450000000007226841e+00 -2.650000000005995560e+00 3.450000000007539480e+00 2.650000000008898571e+00 -3.450000000007852119e+00 -2.650000000011790036e+00
2.750000000005692780e+00 2.699999999987509725e+00 -2.750000000005656364e+00 -2.699999999990087218e+00 2.750000000005620393e+00 2.699999999992663380e+00 -2.750000000005583534e+00 -2.699999999995241762e+00 2.750000000005548895e+00 2.699999999997817479e+00 -2.750000000005513812e+00 -2.700000000000394085e+00 2.750000000005474288e+00 2.700000000002969802e+00 -2.750000000005439649e+00 -2.700000000005546408e+00 2.750000000005405010e+00 2.700000000008131895e+00 -2.750000000005369927e+00 -2.700000000010708057e+00
-4.600000000017603341e+00 -5.799999999975710807e+00 4.600000000016921220e+00 5.799999999980613552e+00 -4.600000000016239987e+00 -5.799999999985517185e+00 4.600000000015556978e+00 5.799999999990422594e+00 -4.600000000014878410e+00 -5.799999999995324451e+00 4.600000000014199841e+00 5.800000000000226308e+00 -4.600000000013511503e+00 -5.800000000005129053e+00 4.600000000012832935e+00 5.800000000010030909e+00 -4.600000000012155255e+00 -5.800000000014949642e+00 4.600000000011474910e+00 5.800000000019850610e+00
6.000000000007991163e-01 9.499999999949000351e-01 -6.000000000006165957e-01 -9.499999999956291186e-01 6.000000000004340750e-01 9.499999999963579800e-01 -6.000000000002515543e-01 -9.499999999970871745e-01 6.000000000000694778e-01 9.499999999978159249e-01 -5.999999999998872902e-01 -9.499999999985447863e-01 5.999999999997037703e-01 9.499999999992735367e-01 -5.999999999995215827e-01 -9.500000000000021760e-01 5.999999999993397282e-01 9.500000000007331469e-01 -5.999999999991576516e-01 -9.500000000014617862e-01
-2.050000000008470824e+00 -2.699999999989167065e+00 2.050000000008111556e+00 2.699999999991406163e+00 -2.050000000007751844e+00 -2.699999999993643929e+00 2.050000000007392131e+00 2.699999999995883915e+00 -2.050000000007033751e+00 -2.699999999998121236e+00 2.050000000006675815e+00 2.700000000000359446e+00 -2.050000000006312550e+00 -2.700000000002596767e+00 2.050000000005954615e+00 2.700000000004834977e+00 -2.050000000005596679e+00 -2.700000000007079848e+00 2.050000000005238299e+00 2.700000000009317613e+00
-2.450000000005252865e+00 -1.749999999990252686e+00 2.450000000005537526e+00 1.749999999992246646e+00 -2.450000000005822187e+00 -1.749999999994238831e+00 2.450000000006107292e+00 1.749999999996233235e+00 -2.450000000006392842e+00 -1.749999999998225420e+00 2.450000000006678391e+00 1.750000000000218270e+00 -2.450000000006961276e+00 -1.750000000002210454e+00 2.450000000007247269e+00 1.750000000004202860e+00 -2.450000000007532819e+00 -1.750000000006203926e+00 2.450000000007818368e+00 1.750000000008195666e+00
3.400000000007480594e+00 3.049999999983354915e+00 -3.400000000007575185e+00 -3.049999999986408916e+00 3.400000000007670220e+00 3.049999999989461141e+00 -3.400000000007763923e+00 -3.049999999992515587e+00 3.400000000007860734e+00 3.049999999995567812e+00 -3.400000000007956658e+00 -3.049999999998620037e+00 3.400000000008047696e+00 3.050000000001671818e+00 -3.400000000008143619e+00 -3.050000000004723599e+00 3.400000000008239986e+00 3.050000000007787371e+00 -3.400000000008335910e+00 -3.050000000010839152e+00
3.800000000006787726e+00 3.099999999982435028e+00 -3.800000000007043077e+00 -3.099999999985705301e+00 3.800000000007297984e+00 3.099999999988974242e+00 -3.800000000007553336e+00 -3.099999999992245847e+00 3.800000000007809575e+00 3.099999999995513900e+00 -3.800000000008066259e+00 -3.099999999998782396e+00 3.800000000008317613e+00 3.100000000002050449e+00 -3.800000000008574741e+00 -3.100000000005318945e+00 3.800000000008831424e+00 3.100000000008600765e+00 -3.800000000009088552e+00 -3.100000000011868817e+00
2.200000000005049472e+00 2.499999999988147259e+00 -2.200000000004856293e+00 -2.499999999990366817e+00 2.200000000004662670e+00 2.499999999992584598e+00 -2.200000000004469047e+00 -2.499999999994804600e+00 2.200000000004276757e+00 2.499999999997021938e+00 -2.200000000004084466e+00 -2.499999999999240163e+00 2.200000000003888179e+00 2.500000000001457945e+00 -2.200000000003695888e+00 -2.500000000003676170e+00 2.200000000003504042e+00 2.500000000005901946e+00 -2.200000000003311751e+00 -2.500000000008119283e+00
-1.750000000006308509e+00 -1.999999999991133093e+00 1.750000000006149303e+00 1.999999999992903454e+00 -1.750000000005990097e+00 -1.999999999994673372e+00 1.750000000005830225e+00 1.999999999996444178e+00 -1.750000000005671685e+00 -1.999999999998213651e+00 1.750000000005513368e+00 1.999999999999983125e+00 -1.750000000005351497e+00 -2.000000000001752820e+00 1.750000000005193179e+00 2.000000000003522072e+00 -1.750000000005035083e+00 -2.000000000005297984e+00 1.750000000004876544e+00 2.000000000007067236e+00
-1.306232899622727928e-12 -3.000000000001836753e-01 1.161098994728604339e-12 3.000000000003222311e-01 -1.015937334258865121e-12 -3.000000000004607870e-01 8.707201626378946457e-13 3.000000000005993428e-01 -7.257527911974648305e-13 -3.000000000007378986e-01 5.807576641814193863e-13 3.000000000008764545e-01 -4.352351812286769928e-13 -3.000000000010150103e-01 2.902678097882471775e-13 3.000000000011535661e-01 -1.452726827722017333e-13 -3.000000000012921220e-01 2.775557561562891351e-16 3.000000000014306778e-01
-1.400000000007149747e+00 -2.299999999991654498e+00 1.400000000006683676e+00 2.299999999993393995e+00 -1.400000000006217604e+00 -2.299999999995133049e+00 1.400000000005750866e+00 2.299999999996873434e+00 -1.400000000005285683e+00 -2.299999999998612044e+00 1.400000000004820722e+00 2.300000000000351097e+00 -1.400000000004351763e+00 -2.300000000002089706e+00 1.400000000003886802e+00 2.300000000003829204e+00 -1.400000000003422063e+00 -2.300000000005572698e+00 1.400000000002956879e+00 2.300000000007311307e+00
-2.500000000023558933e-01 -6.499999999978598453e-01 2.500000000021568303e-01 6.499999999982808419e-01 -2.500000000019578783e-01 -6.499999999987019494e-01 2.500000000017587043e-01 6.499999999991232791e-01 -2.500000000015599744e-01 -6.499999999995442757e-01 2.500000000013613555e-01 6.499999999999652722e-01 -2.500000000011615153e-01 -6.500000000003862688e-01 2.500000000009627854e-01 6.500000000008073764e-01 -2.500000000007642220e-01 -6.500000000012292611e-01 2.500000000005654366e-01 6.500000000016502577e-01
-1.850000000006038148e+00 -1.899999999990527266e+00 1.850000000005973311e+00 1.899999999992300070e+00 -1.850000000005908474e+00 -1.899999999994071986e+00 1.850000000005843193e+00 1.899999999995845235e+00 -1.850000000005779466e+00 -1.899999999997616706e+00 1.850000000005715517e+00 1.899999999999388400e+00 -1.850000000005648237e+00 -1.900000000001159872e+00 1.850000000005584289e+00 1.900000000002931788e+00 -1.850000000005520784e+00 -1.900000000004709921e+00 1.850000000005456835e+00 1.900000000006481393e+00
4.850000000012673063e+00 4.649999999976120790e+00 -4.850000000012663293e+00 -4.649999999980614973e+00 4.850000000012653523e+00 4.649999999985106491e+00 -4.850000000012642865e+00 -4.649999999989602451e+00 4.850000000012635759e+00 4.649999999994093969e+00 -4.850000000012627765e+00 -4.649999999998586375e+00 4.850000000012613555e+00 4.650000000003077005e+00 -4.850000000012605561e+00 -4.650000000007569412e+00 4.850000000012598456e+00 4.650000000012077805e+00 -4.850000000012590462e+00 -4.650000000016570212e+00
-1.550000000008096235e+00 -2.549999999990931521e+00 1.550000000007578205e+00 2.549999999992858868e+00 -1.550000000007060619e+00 -2.549999999994785771e+00 1.550000000006542145e+00 2.549999999996714450e+00 -1.550000000006025669e+00 -2.549999999998640909e+00 1.550000000005509193e+00 2.550000000000567812e+00 -1.550000000004987832e+00 -2.550000000002494716e+00 1.550000000004471357e+00 2.550000000004422063e+00 -1.550000000003955103e+00 -2.550000000006354295e+00 1.550000000003438405e+00 2.550000000008280754e+00
-2.550000000007444978e+00 -2.449999999987753085e+00 2.550000000007437428e+00 2.449999999990117860e+00 -2.550000000007429879e+00 -2.449999999992482191e+00 2.550000000007421885e+00 2.449999999994848743e+00 -2.550000000007415224e+00 -2.449999999997212630e+00 2.550000000007408563e+00 2.449999999999576517e+00 -2.550000000007397905e+00 -2.450000000001940403e+00 2.550000000007391687e+00 2.450000000004304734e+00 -2.550000000007385914e+00 -2.450000000006677503e+00 2.550000000007378809e+00 2.450000000009041390e+00
-1.850000000005735945e+00 -1.799999999991310551e+00 1.850000000005719514e+00 1.799999999993037170e+00 -1.850000000005703082e+00 -1.799999999994762900e+00 1.850000000005686429e+00 1.799999999996489741e+00 -1.850000000005670886e+00 -1.799999999998215250e+00 1.850000000005655121e+00 1.799999999999940758e+00 -1.850000000005636691e+00 -1.800000000001666045e+00 1.850000000005620926e+00 1.800000000003391554e+00 -1.850000000005605827e+00 -1.800000000005123502e+00 1.850000000005590062e+00 1.800000000006849010e+00
-1.900000000007491030e+00 -2.499999999990599964e+00 1.900000000007159073e+00 2.499999999992673416e+00 -1.900000000006827117e+00 -2.499999999994746869e+00 1.900000000006495160e+00 2.499999999996821654e+00 -1.900000000006164091e+00 -2.499999999998894218e+00 1.900000000005833023e+00 2.500000000000967226e+00 -1.900000000005498180e+00 -2.500000000003039791e+00 1.900000000005167555e+00 2.500000000005112799e+00 -1.900000000004837153e+00 -2.500000000007192469e+00 1.900000000004506084e+00 2.500000000009265477e+00
