-2.215833880450969406e+00 4.455853419379108282e-01 1.692016895193891424e+00 -2.434670497187974458e+00 1.170109929683784689e+00 1.059123776730095168e+00 -2.415184602313023898e+00 1.780096004877336879e+00 3.225562436498516927e-01 -2.159283610982476453e+00 2.215833880455476468e+00 -4.455853419410949479e-01 -1.692016895194654591e+00 2.434670497192057859e+00 -1.170109929687821237e+00 -1.059123776729437472e+00 2.415184602316284401e+00 -1.780096004881829952e+00 -3.225562436478248696e-01 2.159283610984598312e+00
-1.722008466758044309e-01 3.224901404901738267e-01 -2.069090505039587469e-01 -7.925396358607009195e-02 3.000776724672835072e-01 -2.735084972510506418e-01 2.145084965440762631e-02 2.482915110991199548e-01 -3.133350266414517971e-01 1.200559042739420823e-01 1.722008466757871670e-01 -3.224901404906485025e-01 2.069090505045346196e-01 7.925396358586847545e-02 -3.000776724676215146e-01 2.735084972516498292e-01 -2.145084965477378480e-02 -2.482915110992883478e-01 3.133350266420166785e-01 -1.200559042744359095e-01
2.504123723310458516e+00 -3.853881168070629193e-01 -2.051072820375175354e+00 2.796568827196809881e+00 -1.236491006919451907e+00 -1.342986470278192845e+00 2.815266289435989666e+00 -1.966557542135632497e+00 -5.034392473324562634e-01 2.558385872150892748e+00 -2.504123723315703209e+00 3.853881168105680044e-01 2.051072820376298012e+00 -2.796568827201637131e+00 1.236491006924003822e+00 1.342986470277674593e+00 -2.815266289439928293e+00 1.966557542140784598e+00 5.034392473303329618e-01 -2.558385872153561280e+00
2.308059579800572081e+00 -6.621093545333982533e-01 -1.529703351801813049e+00 2.460383495677076038e+00 -1.362650915684146646e+00 -8.584912711534083973e-01 2.371867932496447562e+00 -1.929806711060858326e+00 -1.032440834232789817e-01 2.051177410306801008e+00 -2.308059579805014749e+00 6.621093545368711419e-01 1.529703351802170985e+00 -2.460383495680972477e+00 1.362650915688368158e+00 8.584912711523466911e-01 -2.371867932499417631e+00 1.929806711065414238e+00 1.032440834208876446e-01 -2.051177410308557825e+00
-5.154156367926644222e+00 9.782517682188694996e-01 4.004152443151719254e+00 -5.685415276251477579e+00 2.679454061926938913e+00 2.535528112660662359e+00 -5.660146124718454352e+00 4.118372723200335095e+00 8.187086244372692168e-01 -5.080822433939652605e+00 5.154156367937202887e+00 -9.782517682262300562e-01 -4.004152443153622620e+00 5.685415276261081452e+00 -2.679454061936323406e+00 -2.535528112659243494e+00 5.660146124726162853e+00 -4.118372723210823594e+00 -8.187086244326371443e-01 5.080822433944721439e+00
4.972019777195068047e-01 -4.445397590909011543e-01 2.538585118305602961e-02 4.146969012064456450e-01 -5.128912965842833405e-01 1.882429791164182964e-01 2.915984026399137674e-01 -5.310374604441463475e-01 3.326735726880144517e-01 1.399562207372673506e-01 -4.972019777200782364e-01 4.445397590918876429e-01 -2.538585118364505844e-02 -4.146969012067407423e-01 5.128912965852181483e-01 -1.882429791172218758e-01 -2.915984026399037754e-01 5.310374604449381586e-01 -3.326735726889568645e-01 -1.399562207369549616e-01
-2.438899977270140518e+00 3.678776872186068636e-01 2.006433818881643294e+00 -2.726582104098413506e+00 1.198855681025944531e+00 1.317242726230637651e+00 -2.747367377362571528e+00 1.912481327856254687e+00 4.991107377654876442e-01 -2.499221189695755019e+00 2.438899977275258202e+00 -3.678776872220148042e-01 -2.006433818882753961e+00 2.726582104103128845e+00 -1.198855681030377207e+00 -1.317242726230147154e+00 2.747367377366424002e+00 -1.912481327861277558e+00 -4.991107377634302900e-01 2.499221189698370704e+00
-2.425513270998478355e+00 2.401183528685385538e-01 2.143237217757368640e+00 -2.759644810393625303e+00 1.100919824472594843e+00 1.465435936831273933e+00 -2.823643088171096771e+00 1.853955593098352450e+00 6.441875761146084178e-01 -2.611243506999549879e+00 2.425513271003728821e+00 -2.401183528718285332e-01 -2.143237217758750202e+00 2.759644810398541814e+00 -1.100919824476992437e+00 -1.465435936831025687e+00 2.823643088175198379e+00 -1.853955593103426835e+00 -6.441875761127402455e-01 2.611243507002439124e+00
3.676637618316890510e+00 -7.623379975015348586e-01 -2.780455553930601731e+00 4.030959536012951538e+00 -1.958221581782192411e+00 -1.728932003028688991e+00 3.990703048976892653e+00 -2.962420793906621608e+00 -5.081685414913481580e-01 3.559808742642888379e+00 -3.676637618324340551e+00 7.623379975068362846e-01 2.780455553931817203e+00 -4.030959536019685707e+00 1.958221581788892385e+00 1.728932003027554343e+00 -3.990703048982252810e+00 2.962420793914062767e+00 5.081685414879526519e-01 -3.559808742646356272e+00
3.314331954130501412e+00 -5.673964581828867537e-01 -2.647317413485558379e+00 3.679504725751716165e+00 -1.678199813589547063e+00 -1.706662524096439260e+00 3.684501938198924798e+00 -2.624729278537044852e+00 -5.989476158304721798e-01 3.328834429499837988e+00 -3.314331954137369696e+00 5.673964581875712287e-01 2.647317413486917737e+00 -3.679504725758002692e+00 1.678199813595576462e+00 1.706662524095644340e+00 -3.684501938204014504e+00 2.624729278543827871e+00 5.989476158275809370e-01 -3.328834429503237935e+00
2.137136187064626824e+00 -4.674305340668388209e-01 -1.587638638273758396e+00 2.333811689161575220e+00 -1.155921546760483754e+00 -9.749444131760585108e-01 2.302037442500830977e+00 -1.731262904678586789e+00 -2.668158360787327710e-01 2.044923731729540783e+00 -2.137136187068926496e+00 4.674305340699395628e-01 1.587638638274411207e+00 -2.333811689165445458e+00 1.155921546764380192e+00 9.749444131753524090e-01 -2.302037442503894304e+00 1.731262904682896675e+00 2.668158360767245996e-01 -2.044923731731500993e+00
-2.184684449304291842e+00 4.813008968340298233e-01 1.618881311156429970e+00 -2.384410016654046061e+00 1.184160775259298637e+00 9.923455365730937672e-01 -2.350732918411858385e+00 1.771106746469293114e+00 2.686720667912573801e-01 -2.086949703595609051e+00 2.184684449308682552e+00 -4.813008968372022855e-01 -1.618881311157089664e+00 2.384410016657996234e+00 -1.184160775263282117e+00 -9.923455365723654609e-01 2.350732918414982109e+00 -1.771106746473697147e+00 -2.686720667891996372e-01 2.086949703597604788e+00
7.583192701980687178e-02 1.494263747563135195e-02 -9.339805089689334761e-02 9.485335634450799136e-02 -1.810875708259988143e-02 -7.356523564353274758e-02 1.045898782680093064e-01 -4.938754032648290382e-02 -4.653134256621148379e-02 1.040884141860904943e-01 -7.583192701999968977e-02 -1.494263747554621519e-02 9.339805089698606511e-02 -9.485335634470216937e-02 1.810875708273548476e-02 7.356523564356773348e-02 -1.045898782681858596e-01 4.938754032665564064e-02 4.653134256618484538e-02 -1.040884141862322004e-01
-1.903124557495067926e+00 3.741907354895108728e-01 1.463236965765107866e+00 -2.094328953661969361e+00 9.987943790584348225e-01 9.201757414959349513e-01 -2.080525839796264709e+00 1.525629069795822357e+00 2.870413044070384001e-01 -1.863066360854893855e+00 1.903124557498950153e+00 -3.741907354922389684e-01 -1.463236965765781772e+00 2.094328953665491877e+00 -9.987943790619010498e-01 -9.201757414953863901e-01 2.080525839799082899e+00 -1.525629069799686821e+00 -2.870413044053096163e-01 1.863066360856735715e+00
-3.361968861324646785e-01 2.379333001464695174e-01 5.648951642173877241e-02 -3.043407094702255122e-01 3.012844449760033738e-01 -4.984039753382130122e-02 -2.426935436985298011e-01 3.351437691591110379e-01 -1.512915861203888435e-01 -1.572898429241588181e-01 3.361968861329311387e-01 -2.379333001470870512e-01 -5.648951642147873042e-02 3.043407094705379845e-01 -3.012844449766302057e-01 4.984039753424539254e-02 2.426935436986578931e-01 -3.351437691596858004e-01 1.512915861209374047e-01 1.572898429240909834e-01
-2.373565235638176230e+00 7.472828251446279602e-01 1.495081587815713098e+00 -2.504856641729559463e+00 1.449553998415670897e+00 8.008037163891903454e-01 -2.390955227365534785e+00 2.009932726685515370e+00 2.813759767408480217e-02 -2.043010456581674017e+00 2.373565235642659754e+00 -7.472828251482517281e-01 -1.495081587815934698e+00 2.504856641733447020e+00 -1.449553998420017642e+00 -8.008037163879719866e-01 2.390955227368446234e+00 -2.009932726690158766e+00 -2.813759767153162228e-02 2.043010456583329137e+00
5.014433381112256782e+00 -9.764694381919631905e-01 -3.866524710946356524e+00 5.521841843630983071e+00 -2.624789691409919801e+00 -2.436216501671645940e+00 5.488733953559883361e+00 -4.016177241648438923e+00 -7.674344470929447271e-01 4.918350541854861646e+00 -5.014433381122497480e+00 9.764694381991436689e-01 3.866524710948153754e+00 -5.521841843640281411e+00 2.624789691419052051e+00 2.436216501670219081e+00 -5.488733953567329849e+00 4.016177241658627217e+00 7.674344470884032487e-01 -4.918350541859735969e+00
-2.317835833759456676e+00 2.355288675826957279e-01 2.040955044051579126e+00 -2.634815418554385058e+00 1.056456247026885009e+00 1.392876615165515641e+00 -2.693880912342391021e+00 1.773970328249096173e+00 6.084537184440919066e-01 -2.489250573057760541e+00 2.317835833764466447e+00 -2.355288675858444314e-01 -2.040955044052886080e+00 2.634815418559071976e+00 -1.056456247031088092e+00 -1.392876615165266951e+00 2.693880912346297674e+00 -1.773970328253940965e+00 -6.084537184422981193e-01 2.489250573060507676e+00
-2.817312445229204876e+00 7.170626796149819349e-01 1.974354709135805575e+00 -3.038055841264334145e+00 1.597094129137001328e+00 1.160559090005474747e+00 -2.961413164176276869e+00 2.320790877690410703e+00 2.331598610537264082e-01 -2.594886733199089246e+00 2.817312445234743556e+00 -7.170626796191491570e-01 -1.974354709136443509e+00 3.038055841269254653e+00 -1.597094129142146324e+00 -1.160559090004352090e+00 2.961413164180098256e+00 -2.320790877696028875e+00 -2.331598610509363900e-01 2.594886733201442475e+00
-1.574124821470250124e+00 7.431730035049693983e-02 1.486759595198284822e+00 -1.822108027874796088e+00 6.552568585389469957e-01 1.051807392049752821e+00 -1.891730605137618371e+00 1.172055309970999382e+00 5.138969529937202907e-01 -1.776177410307032467e+00 1.574124821473761537e+00 -7.431730035256772782e-02 -1.486759595199361295e+00 1.822108027878133418e+00 -6.552568585417941627e-01 -1.051807392049746825e+00 1.891730605140455657e+00 -1.172055309974343595e+00 -5.138969529926233903e-01 1.776177410309094151e+00
