-2.050000000002268674e+00 -2.699999999998830891e+00 2.050000000002040856e+00 2.699999999998949907e+00 -2.050000000001813483e+00 -2.699999999999068923e+00 2.050000000001585665e+00 2.699999999999187494e+00 -2.050000000001357847e+00 -2.699999999999306954e+00 2.050000000001130029e+00 2.699999999999425526e+00 -2.050000000000902656e+00 -2.699999999999545430e+00 2.050000000000674838e+00 2.699999999999663558e+00 -2.050000000000446132e+00 -2.699999999999783018e+00 2.050000000000219202e+00 2.699999999999901590e+00
-2.450000000001935518e+00 -1.749999999998819167e+00 2.450000000001773870e+00 1.749999999998979927e+00 -2.450000000001612221e+00 -1.749999999999140687e+00 2.450000000001450573e+00 1.749999999999301670e+00 -2.450000000001288480e+00 -1.749999999999462874e+00 2.450000000001126388e+00 1.749999999999623412e+00 -2.450000000000965183e+00 -1.749999999999784617e+00 2.450000000000803091e+00 1.749999999999945377e+00 -2.450000000000640998e+00 -1.750000000000106581e+00 2.450000000000479350e+00 1.750000000000267120e+00
3.400000000002391332e+00 3.049999999997683009e+00 -3.400000000002120437e+00 -3.049999999997897948e+00 3.400000000001849543e+00 3.049999999998114220e+00 -3.400000000001578648e+00 -3.049999999998329159e+00 3.400000000001307310e+00 3.049999999998544986e+00 -3.400000000001036415e+00 -3.049999999998759925e+00 3.400000000000765965e+00 3.049999999998976197e+00 -3.400000000000495071e+00 -3.049999999999191136e+00 3.400000000000223288e+00 3.049999999999406519e+00 -3.399999999999952394e+00 -3.049999999999621458e+00
3.800000000002532463e+00 3.099999999997705480e+00 -3.800000000002253131e+00 -3.099999999997949729e+00 3.800000000001973355e+00 3.099999999998194422e+00 -3.800000000001693579e+00 -3.099999999998439115e+00 3.800000000001413802e+00 3.099999999998684252e+00 -3.800000000001134026e+00 -3.099999999998928502e+00 3.800000000000854250e+00 3.099999999999174083e+00 -3.800000000000574918e+00 -3.099999999999418332e+00 3.800000000000293809e+00 3.099999999999663025e+00 -3.800000000000014921e+00 -3.099999999999907274e+00
2.200000000001374190e+00 2.499999999998934186e+00 -2.200000000001159695e+00 -2.499999999999066524e+00 2.200000000000945199e+00 2.499999999999199307e+00 -2.200000000000730260e+00 -2.499999999999331646e+00 2.200000000000515765e+00 2.499999999999464873e+00 -2.200000000000301270e+00 -2.499999999999597211e+00 2.200000000000086331e+00 2.499999999999730438e+00 -2.199999999999871836e+00 -2.499999999999862776e+00 2.199999999999656897e+00 2.499999999999996003e+00 -2.199999999999442402e+00 -2.500000000000127898e+00
-1.750000000001680656e+00 -1.999999999998973044e+00 1.750000000001509015e+00 1.999999999999078293e+00 -1.750000000001337597e+00 -1.999999999999183764e+00 1.750000000001165956e+00 1.999999999999288791e+00 -1.750000000000994316e+00 -1.999999999999394928e+00 1.750000000000822897e+00 1.999999999999499956e+00 -1.750000000000651257e+00 -1.999999999999605871e+00 1.750000000000479616e+00 1.999999999999710898e+00 -1.750000000000307532e+00 -1.999999999999816591e+00 1.750000000000136335e+00 1.999999999999921840e+00
-6.633582572135310329e-15 -3.000000000001580291e-01 -1.582067810090848070e-14 3.000000000001542544e-01 3.821942762272101390e-14 -3.000000000001504796e-01 -6.061817714453354711e-14 3.000000000001466494e-01 8.304468224196170922e-14 -3.000000000001428746e-01 -1.054989429150055003e-13 3.000000000001390443e-01 1.278976924368180335e-13 -3.000000000001353251e-01 -1.502964419586305667e-13 3.000000000001314393e-01 1.727507026316743577e-13 -3.000000000001277201e-01 -1.951494521534868909e-13 3.000000000001238343e-01
-1.400000000002041389e+00 -2.299999999999204903e+00 1.400000000001851985e+00 2.299999999999280398e+00 -1.400000000001662359e+00 -2.299999999999355893e+00 1.400000000001472733e+00 2.299999999999430944e+00 -1.400000000001283107e+00 -2.299999999999506883e+00 1.400000000001093703e+00 2.299999999999582379e+00 -1.400000000000904077e+00 -2.299999999999658318e+00 1.400000000000714451e+00 2.299999999999733369e+00 -1.400000000000524381e+00 -2.299999999999808864e+00 1.400000000000335199e+00 2.299999999999884359e+00
-2.500000000005281331e-01 -6.499999999998018474e-01 2.500000000004763967e-01 6.499999999998121725e-01 -2.500000000004247158e-01 -6.499999999998226086e-01 2.500000000003729794e-01 6.499999999998330447e-01 -2.500000000003212430e-01 -6.499999999998435918e-01 2.500000000002694511e-01 6.499999999998539169e-01 -2.500000000002178258e-01 -6.499999999998645750e-01 2.500000000001660894e-01 6.499999999998749001e-01 -2.500000000001141864e-01 -6.499999999998854472e-01 2.500000000000625056e-01 6.499999999998957723e-01
-1.850000000001656097e+00 -1.899999999998827516e+00 1.850000000001490674e+00 1.899999999998941425e+00 -1.850000000001325473e+00 -1.899999999999055778e+00 1.850000000001160050e+00 1.899999999999169686e+00 -1.850000000000994627e+00 -1.899999999999284261e+00 1.850000000000829203e+00 1.899999999999398170e+00 -1.850000000000663780e+00 -1.899999999999512745e+00 1.850000000000498579e+00 1.899999999999626654e+00 -1.850000000000332490e+00 -1.899999999999741007e+00 1.850000000000167510e+00 1.899999999999854916e+00
4.850000000003738876e+00 4.649999999997318056e+00 -4.850000000003329426e+00 -4.649999999997621813e+00 4.850000000002920864e+00 4.649999999997924682e+00 -4.850000000002512301e+00 -4.649999999998228439e+00 4.850000000002102851e+00 4.649999999998532196e+00 -4.850000000001694289e+00 -4.649999999998835953e+00 4.850000000001285727e+00 4.649999999999139710e+00 -4.850000000000877165e+00 -4.649999999999443467e+00 4.850000000000466827e+00 4.649999999999746336e+00 -4.850000000000059153e+00 -4.650000000000050093e+00
-1.550000000002019096e+00 -2.549999999998944222e+00 1.550000000001808598e+00 2.549999999999027267e+00 -1.550000000001598766e+00 -2.549999999999111200e+00 1.550000000001388711e+00 2.549999999999194245e+00 -1.550000000001178435e+00 -2.549999999999278177e+00 1.550000000000968381e+00 2.549999999999361666e+00 -1.550000000000758105e+00 -2.549999999999445599e+00 1.550000000000548050e+00 2.549999999999528644e+00 -1.550000000000337330e+00 -2.549999999999612132e+00 1.550000000000127720e+00 2.549999999999695621e+00
-2.550000000002226042e+00 -2.449999999998603961e+00 2.550000000002010658e+00 2.449999999998762945e+00 -2.550000000001795719e+00 -2.449999999998922817e+00 2.550000000001580336e+00 2.449999999999081801e+00 -2.550000000001364509e+00 -2.449999999999242117e+00 2.550000000001149569e+00 2.449999999999401101e+00 -2.550000000000934186e+00 -2.449999999999561417e+00 2.550000000000718803e+00 2.449999999999720401e+00 -2.550000000000502975e+00 -2.449999999999880274e+00 2.550000000000288036e+00 2.450000000000039257e+00
-1.850000000001773115e+00 -1.799999999999033040e+00 1.850000000001615241e+00 1.799999999999148281e+00 -1.850000000001457146e+00 -1.799999999999263967e+00 1.850000000001299494e+00 1.799999999999378986e+00 -1.850000000001141398e+00 -1.799999999999494893e+00 1.850000000000983524e+00 1.799999999999609912e+00 -1.850000000000825651e+00 -1.799999999999725819e+00 1.850000000000667999e+00 1.799999999999841283e+00 -1.850000000000509237e+00 -1.799999999999956524e+00 1.850000000000351807e+00 1.800000000000071987e+00
-1.900000000002066036e+00 -2.499999999999061195e+00 1.900000000001855538e+00 2.499999999999171330e+00 -1.900000000001644374e+00 -2.499999999999281464e+00 1.900000000001433875e+00 2.499999999999391598e+00 -1.900000000001222489e+00 -2.499999999999502620e+00 1.900000000001011990e+00 2.499999999999612310e+00 -1.900000000000801048e+00 -2.499999999999722888e+00 1.900000000000590328e+00 2.499999999999833022e+00 -1.900000000000378941e+00 -2.499999999999943601e+00 1.900000000000168221e+00 2.500000000000053735e+00
-2.850000000002213874e+00 -2.699999999998121680e+00 2.850000000001975842e+00 2.699999999998300204e+00 -2.850000000001737810e+00 -2.699999999998479172e+00 2.850000000001500666e+00 2.699999999998657696e+00 -2.850000000001262190e+00 -2.699999999998837108e+00 2.850000000001024603e+00 2.699999999999015188e+00 -2.850000000000786571e+00 -2.699999999999194600e+00 2.850000000000548983e+00 2.699999999999373124e+00 -2.850000000000310507e+00 -2.699999999999552092e+00 2.850000000000073364e+00 2.699999999999730615e+00
-1.900000000002369127e+00 -2.799999999998584510e+00 1.900000000002135758e+00 2.799999999998691091e+00 -1.900000000001902611e+00 -2.799999999998797673e+00 1.900000000001669243e+00 2.799999999998903810e+00 -1.900000000001436096e+00 -2.799999999999010836e+00 1.900000000001202727e+00 2.799999999999116973e+00 -1.900000000000969358e+00 -2.799999999999223999e+00 1.900000000000736211e+00 2.799999999999330136e+00 -1.900000000000502398e+00 -2.799999999999436717e+00 1.900000000000269473e+00 2.799999999999543299e+00
-6.500000000009675816e-01 -1.049999999999598810e+00 6.500000000008807621e-01 1.049999999999634115e+00 -6.500000000007941647e-01 -1.049999999999669420e+00 6.500000000007075673e-01 1.049999999999704503e+00 -6.500000000006207479e-01 -1.049999999999740030e+00 6.500000000005340395e-01 1.049999999999775113e+00 -6.500000000004473311e-01 -1.049999999999810640e+00 6.500000000003608447e-01 1.049999999999845723e+00 -6.500000000002738032e-01 -1.049999999999881029e+00 6.500000000001873168e-01 1.049999999999916334e+00
-2.450000000002010569e+00 -2.549999999998437517e+00 2.450000000001788969e+00 2.549999999998588063e+00 -2.450000000001567368e+00 -2.549999999998739053e+00 2.450000000001346212e+00 2.549999999998889599e+00 -2.450000000001124167e+00 -2.549999999999040590e+00 2.450000000000903011e+00 2.549999999999191136e+00 -2.450000000000680966e+00 -2.549999999999342570e+00 2.450000000000459810e+00 2.549999999999493561e+00 -2.450000000000237765e+00 -2.549999999999644107e+00 2.450000000000016165e+00 2.549999999999794653e+00
-2.250000000002042810e+00 -2.399999999998454925e+00 2.250000000001834977e+00 2.399999999998592592e+00 -2.250000000001627587e+00 -2.399999999998729816e+00 2.250000000001419753e+00 2.399999999998867484e+00 -2.250000000001211475e+00 -2.399999999999005595e+00 2.250000000001003642e+00 2.399999999999143263e+00 -2.250000000000796252e+00 -2.399999999999281375e+00 2.250000000000588418e+00 2.399999999999419042e+00 -2.250000000000380140e+00 -2.399999999999556710e+00 2.250000000000172751e+00 2.399999999999694378e+00
