-1.122213595499896410e+00 -1.328270575968028555e-01 1.204305231720077085e+00 -6.114745084358053084e-01 -8.263932022521561782e-01 1.122213595499503613e+00 1.328270575957790911e-01 -1.204305231719051461e+00 6.114745084361963290e-01 8.263932022508908570e-01 -1.122213595499111038e+00 -1.328270575947554932e-01 1.204305231718026725e+00 -6.114745084365862393e-01 -8.263932022496232044e-01 1.122213595498719352e+00 1.328270575937298137e-01 -1.204305231717001767e+00 6.114745084369742623e-01 8.263932022483584383e-01
-9.772542485929384126e-01 -4.901219592845112993e-01 1.280166278063288310e+00 -3.010643118104467386e-01 -1.094098300564419368e+00 9.772542485928964462e-01 4.901219592832679051e-01 -1.280166278062477625e+00 3.010643118111903660e-01 1.094098300563150827e+00 -9.772542485928543687e-01 -4.901219592820246773e-01 1.280166278061667828e+00 -3.010643118119327166e-01 -1.094098300561880510e+00 9.772542485928140676e-01 4.901219592807794512e-01 -1.280166278060857366e+00 3.010643118126729023e-01 1.094098300560612635e+00
-1.441311896062600795e+00 -3.137287570349135968e-01 1.635206931158100341e+00 -6.968847050606225002e-01 -1.204508497190094118e+00 1.441311896062211106e+00 3.137287570334642561e-01 -1.635206931156814925e+00 6.968847050612787530e-01 1.204508497188405469e+00 -1.441311896061821640e+00 -3.137287570320150820e-01 1.635206931155530174e+00 -6.968847050619335626e-01 -1.204508497186713711e+00 1.441311896061433506e+00 3.137287570305631323e-01 -1.635206931154245424e+00 6.968847050625857076e-01 1.204508497185025728e+00
3.258359213498873697e+00 9.592979003526127535e-01 -3.851237921252492757e+00 1.420898033744969924e+00 2.973074641848847843e+00 -3.258359213498192908e+00 -9.592979003491014511e-01 3.851237921249641705e+00 -1.420898033746722744e+00 -2.973074641844919430e+00 3.258359213497512563e+00 9.592979003455903708e-01 -3.851237921246791984e+00 1.420898033748472233e+00 2.973074641840983467e+00 -3.258359213496835771e+00 -9.592979003420729622e-01 3.851237921243942264e+00 -1.420898033750215061e+00 -2.973074641837055943e+00
3.031104964904427046e+00 1.375609796415401931e+00 -3.881278574345910837e+00 1.023152282338279928e+00 3.248935688192540638e+00 -3.031104964904181021e+00 -1.375609796411681351e+00 3.881278574343365317e+00 -1.023152282340430652e+00 -3.248935688188670845e+00 3.031104964903934995e+00 1.375609796407960994e+00 -3.881278574340821130e+00 1.023152282342577823e+00 3.248935688184794834e+00 -3.031104964903693411e+00 -1.375609796404234642e+00 3.881278574338276055e+00 -1.023152282344718333e+00 -3.248935688180925929e+00
5.378318560402874482e+00 2.140935021172090558e+00 -6.701489171191151506e+00 2.000813061865363895e+00 5.464918693821343432e+00 -5.378318560402197690e+00 -2.140935021165770280e+00 6.701489171186567617e+00 -2.000813061868857101e+00 -5.464918693814610151e+00 5.378318560401520010e+00 2.140935021159451335e+00 -6.701489171181987281e+00 2.000813061872344534e+00 5.464918693807866212e+00 -5.378318560400851212e+00 -2.140935021153121287e+00 6.701489171177405169e+00 -2.000813061875819976e+00 -5.464918693801135596e+00
5.145162612371707134e+00 2.102738420047052692e+00 -6.444726425410045145e+00 1.880321559052866798e+00 5.282623792134010010e+00 -5.145162612371103172e+00 -2.102738420040955347e+00 6.444726425405672643e+00 -1.880321559056267633e+00 -5.282623792127544959e+00 5.145162612370500099e+00 2.102738420034858446e+00 -6.444726425401302805e+00 1.880321559059662251e+00 5.282623792121069251e+00 -5.145162612369903243e+00 -2.102738420028751776e+00 6.444726425396932079e+00 -1.880321559063045989e+00 -5.282623792114605088e+00
-1.237664445217816711e+00 -4.005321559100872841e-01 1.485206931157261989e+00 -5.173762078724398750e-01 -1.165450849721045845e+00 1.237664445217587117e+00 4.005321559087194339e-01 -1.485206931156186849e+00 5.173762078731445335e-01 1.165450849719537274e+00 -1.237664445217357523e+00 -4.005321559073518611e-01 1.485206931155112597e+00 -5.173762078738479708e-01 -1.165450849718026483e+00 1.237664445217129483e+00 4.005321559059817904e-01 -1.485206931154037902e+00 5.173762078745487436e-01 1.165450849716518578e+00
-7.076237921249423080e-01 -2.031152949394252616e-01 8.331559480323121880e-01 -3.118033988739110640e-01 -6.404508497201998329e-01 7.076237921247903184e-01 2.031152949386675621e-01 -8.331559480316919064e-01 3.118033988742861529e-01 6.404508497193488470e-01 -7.076237921246382179e-01 -2.031152949379099737e-01 8.331559480310718468e-01 -3.118033988746604646e-01 -6.404508497184965288e-01 7.076237921244872275e-01 2.031152949371509420e-01 -8.331559480304518983e-01 3.118033988750332774e-01 6.404508497176458759e-01
-5.899186938118846646e-01 -5.149186938145492443e-01 9.081559480319182365e-01 -4.635254915488737359e-02 -8.795084971887364711e-01 5.899186938120346557e-01 5.149186938135927871e-01 -9.081559480314772559e-01 4.635254915557207589e-02 8.795084971878733837e-01 -5.899186938121847579e-01 -5.149186938126364410e-01 9.081559480310366084e-01 -4.635254915625580674e-02 -8.795084971870092971e-01 5.899186938123363033e-01 5.149186938116788737e-01 -9.081559480305952947e-01 4.635254915693795552e-02 8.795084971861464318e-01
-6.578444185371194131e+00 -2.553067310488065456e+00 8.156326558817800887e+00 -2.487819726207175286e+00 -6.618769410136539300e+00 6.578444185370313058e+00 2.553067310480396923e+00 -8.156326558812180494e+00 2.487819726211377702e+00 6.618769410128332531e+00 -6.578444185369432873e+00 -2.553067310472729279e+00 8.156326558806563654e+00 -2.487819726215572125e+00 -6.618769410120113328e+00 6.578444185368561570e+00 2.553067310465048312e+00 -8.156326558800943261e+00 2.487819726219752781e+00 6.618769410111910112e+00
-7.254305231714364588e+00 -2.901674108239765904e+00 9.047638454880665648e+00 -2.690073974799717771e+00 -7.385081306199855256e+00 7.254305231713462199e+00 2.901674108231228288e+00 -9.047638454874487479e+00 2.690073974804445101e+00 7.385081306190766526e+00 -7.254305231712560698e+00 -2.901674108222691562e+00 9.047638454868312863e+00 -2.690073974809163104e+00 -7.385081306181664473e+00 7.254305231711668966e+00 2.901674108214140624e+00 -9.047638454862134694e+00 2.690073974813866009e+00 7.385081306172579296e+00
-1.364057647468840173e+00 -2.232779073157080130e-01 1.502050983126564487e+00 -7.050406530920720893e-01 -1.066311896064679798e+00 1.364057647468412293e+00 2.232779073144055271e-01 -1.502050983125331696e+00 7.050406530926138782e-01 1.066311896063114606e+00 -1.364057647467984635e+00 -2.232779073131032355e-01 1.502050983124099570e+00 -7.050406530931544458e-01 -1.066311896061546083e+00 1.364057647467558310e+00 2.232779073117983626e-01 -1.502050983122867667e+00 7.050406530936924598e-01 1.066311896059981112e+00
2.130572808998436152e+00 1.030447184038002506e+00 -2.767424192345161238e+00 6.799150281208836688e-01 2.347213595503708561e+00 -2.130572808998314027e+00 -1.030447184035327535e+00 2.767424192343385769e+00 -6.799150281224638492e-01 -2.347213595500960093e+00 2.130572808998192347e+00 1.030447184032653007e+00 -2.767424192341611633e+00 6.799150281240413651e-01 2.347213595498207628e+00 -2.130572808998073331e+00 -1.030447184029974039e+00 2.767424192339836164e+00 -6.799150281256141071e-01 -2.347213595495460048e+00
-1.048074641842640098e+00 -7.263932022536933042e-01 1.497010330032157999e+00 -1.988100632163843362e-01 -1.374138953658461393e+00 1.048074641842756005e+00 7.263932022521711884e-01 -1.497010330031332881e+00 1.988100632173979698e-01 1.374138953657011886e+00 -1.048074641842871468e+00 -7.263932022506491837e-01 1.497010330030508429e+00 -1.988100632184099936e-01 -1.374138953655560602e+00 1.048074641842989374e+00 7.263932022491250695e-01 -1.497010330029683089e+00 1.988100632194194639e-01 1.374138953654111095e+00
-9.222135954999883811e-01 -5.572809002194367700e-03 9.256577808759018922e-01 -5.665151615301058374e-01 -5.755321559077871685e-01 9.222135954995828167e-01 5.572809001450407251e-03 -9.256577808750362513e-01 5.665151615303156696e-01 5.755321559067935189e-01 -9.222135954991772522e-01 -5.572809000706557825e-03 9.256577808741711655e-01 -5.665151615305248356e-01 -5.755321559057976488e-01 9.222135954987721318e-01 5.572808999961043064e-03 -9.256577808733064128e-01 5.665151615307323363e-01 5.755321559048044433e-01
-1.326722092687157017e+00 -4.741389536602584331e-01 1.619756081439237994e+00 -5.269253581539951048e-01 -1.294098300565300619e+00 1.326722092686946741e+00 4.741389536587501952e-01 -1.619756081438095574e+00 5.269253581547987952e-01 1.294098300563663928e+00 -1.326722092686736687e+00 -4.741389536572420682e-01 1.619756081436953599e+00 -5.269253581556009314e-01 -1.294098300562024129e+00 1.326722092686528187e+00 4.741389536557313322e-01 -1.619756081435811623e+00 5.269253581564002920e-01 1.294098300560387882e+00
-6.244678440935810260e-01 -2.486067977518215122e-01 7.781152949383556283e-01 -2.322949016864589156e-01 -6.345491502825455488e-01 6.244678440935024222e-01 2.486067977510877103e-01 -7.781152949378234984e-01 2.322949016868645633e-01 6.345491502817639518e-01 -6.244678440934239294e-01 -2.486067977503539639e-01 7.781152949372918126e-01 -2.322949016872694894e-01 -6.345491502809808004e-01 6.244678440933462138e-01 2.486067977496189685e-01 -7.781152949367596827e-01 2.322949016876730832e-01 6.345491502801993144e-01
-5.730746418435277434e-01 -1.781152949391040241e-01 6.831559480319838729e-01 -2.440983005615076362e-01 -5.322949016886454610e-01 5.730746418434154998e-01 1.781152949384776085e-01 -6.831559480314846056e-01 2.440983005618260204e-01 5.322949016879502393e-01 -5.730746418433033673e-01 -1.781152949378512484e-01 6.831559480309854493e-01 -2.440983005621437940e-01 -5.322949016872539074e-01 5.730746418431919009e-01 1.781152949372237781e-01 -6.831559480304862930e-01 2.440983005624604019e-01 5.322949016865589078e-01
-5.171729424060682589e-01 -1.913118960638560129e-01 6.354101966256143763e-01 -2.013932022492101181e-01 -5.109423525322034365e-01 5.171729424059914315e-01 1.913118960632619603e-01 -6.354101966251705091e-01 2.013932022495303620e-01 5.109423525315625048e-01 -5.171729424059147151e-01 -1.913118960626679910e-01 6.354101966247268640e-01 -2.013932022498500229e-01 -5.109423525309204628e-01 5.171729424058386648e-01 1.913118960620729947e-01 -6.354101966242831079e-01 2.013932022501686014e-01 5.109423525302797531e-01
