5.000000000019961394e-02 -5.000000000021901508e-02 5.000000000023840929e-02 -5.000000000025781738e-02 5.000000000027719771e-02 -5.000000000029660580e-02 5.000000000031599307e-02 -5.000000000033540115e-02 5.000000000035478148e-02 -5.000000000037418957e-02 5.000000000039357684e-02 -5.000000000041298492e-02 5.000000000043236525e-02 -5.000000000045176640e-02 5.000000000047116061e-02 -5.000000000049056176e-02 5.000000000050994903e-02 -5.000000000052935017e-02 5.000000000054873744e-02 -5.000000000056814553e-02
-2.449999999995455369e+00 2.449999999996405720e+00 -2.449999999997356070e+00 2.449999999998307310e+00 -2.449999999999256772e+00 2.450000000000207567e+00 -2.450000000001157918e+00 2.450000000002108713e+00 -2.450000000003058176e+00 2.450000000004009415e+00 -2.450000000004959322e+00 2.450000000005910117e+00 -2.450000000006860024e+00 2.450000000007810819e+00 -2.450000000008760725e+00 2.450000000009711520e+00 -2.450000000010661427e+00 2.450000000011612222e+00 -2.450000000012562573e+00 2.450000000013513368e+00
-2.599999999994058175e+00 2.599999999995066702e+00 -2.599999999996075228e+00 2.599999999997084643e+00 -2.599999999998092282e+00 2.599999999999101252e+00 -2.600000000000109779e+00 2.600000000001118750e+00 -2.600000000002126832e+00 2.600000000003135803e+00 -2.600000000004143885e+00 2.600000000005153300e+00 -2.600000000006160938e+00 2.600000000007169909e+00 -2.600000000008178436e+00 2.600000000009187406e+00 -2.600000000010195045e+00 2.600000000011204460e+00 -2.600000000012212542e+00 2.600000000013221513e+00
2.749999999994209077e+00 -2.749999999995276223e+00 2.749999999996342925e+00 -2.749999999997410516e+00 2.749999999998476330e+00 -2.749999999999543476e+00 2.750000000000610179e+00 -2.750000000001677325e+00 2.750000000002743139e+00 -2.750000000003810730e+00 2.750000000004876988e+00 -2.750000000005944578e+00 2.750000000007010392e+00 -2.750000000008077539e+00 2.750000000009144241e+00 -2.750000000010211387e+00 2.750000000011277201e+00 -2.750000000012344792e+00 2.750000000013411050e+00 -2.750000000014478641e+00
3.399999999992734168e+00 -3.399999999994053113e+00 3.399999999995372502e+00 -3.399999999996691891e+00 3.399999999998009947e+00 -3.399999999999329336e+00 3.400000000000647837e+00 -3.400000000001967670e+00 3.400000000003285283e+00 -3.400000000004605116e+00 3.400000000005923617e+00 -3.400000000007243006e+00 3.400000000008561063e+00 -3.400000000009880452e+00 3.400000000011198953e+00 -3.400000000012518786e+00 3.400000000013836843e+00 -3.400000000015156232e+00 3.400000000016474733e+00 -3.400000000017794122e+00
1.899999999996134337e+00 -1.899999999996871525e+00 1.899999999997608713e+00 -1.899999999998346123e+00 1.899999999999082423e+00 -1.899999999999819833e+00 1.900000000000556799e+00 -1.900000000001294209e+00 1.900000000002030731e+00 -1.900000000002768141e+00 1.900000000003504885e+00 -1.900000000004242295e+00 1.900000000004978817e+00 -1.900000000005716227e+00 1.900000000006452971e+00 -1.900000000007190382e+00 1.900000000007926904e+00 -1.900000000008664314e+00 1.900000000009401058e+00 -1.900000000010138468e+00
-2.249999999995901501e+00 2.249999999996774136e+00 -2.249999999997647215e+00 2.249999999998520295e+00 -2.249999999999392486e+00 2.250000000000266009e+00 -2.250000000001138201e+00 2.250000000002011724e+00 -2.250000000002883915e+00 2.250000000003756995e+00 -2.250000000004629630e+00 2.250000000005502709e+00 -2.250000000006374901e+00 2.250000000007248424e+00 -2.250000000008120615e+00 2.250000000008994139e+00 -2.250000000009866330e+00 2.250000000010739409e+00 -2.250000000011612045e+00 2.250000000012485124e+00
1.999999999994549471e-01 -1.999999999995325239e-01 1.999999999996101285e-01 -1.999999999996877331e-01 1.999999999997652822e-01 -1.999999999998428868e-01 1.999999999999204359e-01 -1.999999999999980682e-01 2.000000000000755895e-01 -2.000000000001532219e-01 2.000000000002307710e-01 -2.000000000003084033e-01 2.000000000003859246e-01 -2.000000000004635570e-01 2.000000000005411060e-01 -2.000000000006187384e-01 2.000000000006962597e-01 -2.000000000007738921e-01 2.000000000008514411e-01 -2.000000000009290735e-01
-2.399999999994758770e+00 2.399999999995690025e+00 -2.399999999996620836e+00 2.399999999997552536e+00 -2.399999999998482902e+00 2.399999999999414158e+00 -2.400000000000344968e+00 2.400000000001276668e+00 -2.400000000002206590e+00 2.400000000003138290e+00 -2.400000000004069101e+00 2.400000000005000356e+00 -2.400000000005930723e+00 2.400000000006861978e+00 -2.400000000007792789e+00 2.400000000008724488e+00 -2.400000000009654855e+00 2.400000000010586110e+00 -2.400000000011516921e+00 2.400000000012448176e+00
-5.999999999988797628e-01 5.999999999991124655e-01 -5.999999999993452793e-01 5.999999999995780930e-01 -5.999999999998106848e-01 6.000000000000436096e-01 -6.000000000002763123e-01 6.000000000005091261e-01 -6.000000000007417178e-01 6.000000000009745316e-01 -6.000000000012072343e-01 6.000000000014401591e-01 -6.000000000016726398e-01 6.000000000019055646e-01 -6.000000000021382673e-01 6.000000000023710811e-01 -6.000000000026036728e-01 6.000000000028365976e-01 -6.000000000030691893e-01 6.000000000033021141e-01
-2.349999999995044941e+00 2.349999999995956657e+00 -2.349999999996868372e+00 2.349999999997780087e+00 -2.349999999998691358e+00 2.349999999999603073e+00 -2.350000000000514788e+00 2.350000000001426503e+00 -2.350000000002337774e+00 2.350000000003249490e+00 -2.350000000004160761e+00 2.350000000005072920e+00 -2.350000000005984191e+00 2.350000000006895906e+00 -2.350000000007807177e+00 2.350000000008719336e+00 -2.350000000009630163e+00 2.350000000010542323e+00 -2.350000000011453594e+00 2.350000000012365753e+00
4.699999999990135180e+00 -4.699999999991958610e+00 4.699999999993782041e+00 -4.699999999995606359e+00 4.699999999997428013e+00 -4.699999999999252331e+00 4.700000000001074874e+00 -4.700000000002898304e+00 4.700000000004720846e+00 -4.700000000006544276e+00 4.700000000008367707e+00 -4.700000000010191137e+00 4.700000000012013679e+00 -4.700000000013837109e+00 4.700000000015659651e+00 -4.700000000017483970e+00 4.700000000019306512e+00 -4.700000000021129942e+00 4.700000000022952484e+00 -4.700000000024776803e+00
-2.299999999995109512e+00 2.299999999996001687e+00 -2.299999999996893862e+00 2.299999999997786482e+00 -2.299999999998678213e+00 2.299999999999570832e+00 -2.300000000000463007e+00 2.300000000001355627e+00 -2.300000000002246914e+00 2.300000000003139533e+00 -2.300000000004031708e+00 2.300000000004924328e+00 -2.300000000005815615e+00 2.300000000006708234e+00 -2.300000000007600409e+00 2.300000000008493029e+00 -2.300000000009384760e+00 2.300000000010277379e+00 -2.300000000011169110e+00 2.300000000012061729e+00
-2.399999999995147792e+00 2.399999999996078603e+00 -2.399999999997009859e+00 2.399999999997941114e+00 -2.399999999998871480e+00 2.399999999999803180e+00 -2.400000000000733547e+00 2.400000000001665246e+00 -2.400000000002595613e+00 2.400000000003526868e+00 -2.400000000004457679e+00 2.400000000005388934e+00 -2.400000000006319301e+00 2.400000000007251000e+00 -2.400000000008181811e+00 2.400000000009113066e+00 -2.400000000010043433e+00 2.400000000010974688e+00 -2.400000000011905499e+00 2.400000000012837198e+00
-2.349999999994108801e+00 2.349999999995020517e+00 -2.349999999995932232e+00 2.349999999996844391e+00 -2.349999999997755218e+00 2.349999999998667377e+00 -2.349999999999578648e+00 2.350000000000490807e+00 -2.350000000001401634e+00 2.350000000002313794e+00 -2.350000000003225065e+00 2.350000000004136780e+00 -2.350000000005048051e+00 2.350000000005959766e+00 -2.350000000006871481e+00 2.350000000007783196e+00 -2.350000000008694467e+00 2.350000000009606183e+00 -2.350000000010517454e+00 2.350000000011429613e+00
-2.499999999994098054e+00 2.499999999995067945e+00 -2.499999999996037836e+00 2.499999999997008171e+00 -2.499999999997977174e+00 2.499999999998947509e+00 -2.499999999999916955e+00 2.500000000000887290e+00 -2.500000000001856293e+00 2.500000000002826628e+00 -2.500000000003796075e+00 2.500000000004766409e+00 -2.500000000005735412e+00 2.500000000006705747e+00 -2.500000000007675194e+00 2.500000000008645529e+00 -2.500000000009614531e+00 2.500000000010584866e+00 -2.500000000011554313e+00 2.500000000012524648e+00
-3.049999999993508570e+00 3.049999999994692068e+00 -3.049999999995875122e+00 3.049999999997059064e+00 -3.049999999998241229e+00 3.049999999999425171e+00 -3.050000000000607780e+00 3.050000000001791278e+00 -3.050000000002973888e+00 3.050000000004157386e+00 -3.050000000005340439e+00 3.050000000006523937e+00 -3.050000000007706102e+00 3.050000000008890044e+00 -3.050000000010072654e+00 3.050000000011256596e+00 -3.050000000012438761e+00 3.050000000013622703e+00 -3.050000000014805313e+00 3.050000000015989254e+00
-3.199999999993257571e+00 3.199999999994498801e+00 -3.199999999995740474e+00 3.199999999996982147e+00 -3.199999999998222933e+00 3.199999999999464606e+00 -3.200000000000705835e+00 3.200000000001947509e+00 -3.200000000003187850e+00 3.200000000004429968e+00 -3.200000000005670753e+00 3.200000000006912870e+00 -3.200000000008153211e+00 3.200000000009395329e+00 -3.200000000010636114e+00 3.200000000011878232e+00 -3.200000000013118573e+00 3.200000000014360690e+00 -3.200000000015601476e+00 3.200000000016843593e+00
-9.999999999982571719e-01 9.999999999986450838e-01 -9.999999999990331068e-01 9.999999999994211297e-01 -9.999999999998088196e-01 1.000000000000196954e+00 -1.000000000000584643e+00 1.000000000000972777e+00 -1.000000000001360467e+00 1.000000000001748601e+00 -1.000000000002136291e+00 1.000000000002524425e+00 -1.000000000002912115e+00 1.000000000003300249e+00 -1.000000000003687939e+00 1.000000000004076073e+00 -1.000000000004463763e+00 1.000000000004851897e+00 -1.000000000005239587e+00 1.000000000005627721e+00
-2.799999999994118749e+00 2.799999999995204991e+00 -2.799999999996291233e+00 2.799999999997377920e+00 -2.799999999998463274e+00 2.799999999999549960e+00 -2.800000000000635758e+00 2.800000000001722444e+00 -2.800000000002807798e+00 2.800000000003894485e+00 -2.800000000004980283e+00 2.800000000006066969e+00 -2.800000000007152323e+00 2.800000000008239009e+00 -2.800000000009324808e+00 2.800000000010411494e+00 -2.800000000011496848e+00 2.800000000012583534e+00 -2.800000000013669776e+00 2.800000000014756463e+00
