3.204787539882868463e-01 2.584115589478767072e-01 -1.669774724529909937e-02 -2.780409381023858928e-01 -3.101589786549512340e-01 -8.657280893659498322e-02 2.083865379699457732e-01 3.315458765265726360e-01 1.813690153914594705e-01 -1.183338115866934409e-01 -3.204787539878146685e-01 -2.584115589474961228e-01 1.669774724527436915e-02 2.780409381019761650e-01 3.101589786544943217e-01 8.657280893646754349e-02 -2.083865379696386855e-01 -3.315458765260841378e-01 -1.813690153911923508e-01 1.183338115865195661e-01
2.576777976123025837e+00 5.238174521313500698e+00 3.581065489001347579e+00 -1.028379557455525894e+00 -4.789998164262950553e+00 -4.602601001467511388e+00 -6.206838174360047589e-01 3.872943413015308423e+00 5.173601859702500860e+00 2.208990335717022191e+00 -2.576777976119227542e+00 -5.238174521305784204e+00 -3.581065488996073132e+00 1.028379557454008442e+00 4.789998164255892199e+00 4.602601001460731922e+00 6.206838174350921555e-01 -3.872943413009593439e+00 -5.173601859694878513e+00 -2.208990335713761244e+00
1.974564212320234269e+00 4.552028048352380729e+00 3.376665697365996088e+00 -5.825194506844010300e-01 -4.061458381936507323e+00 -4.192011228718928173e+00 -8.665463734348330949e-01 3.173324871252800605e+00 4.597013493544642948e+00 2.230788600937420263e+00 -1.974564212317323486e+00 -4.552028048345675870e+00 -3.376665697361023177e+00 5.825194506835407182e-01 4.061458381930522776e+00 4.192011228712752668e+00 8.665463734335581147e-01 -3.173324871248117685e+00 -4.597013493537869699e+00 -2.230788600934128230e+00
-3.865850963438645316e+00 -1.070104550410463595e+01 -8.713982499407400439e+00 4.571447003302444578e-01 9.251388325440313309e+00 1.041851454151743894e+01 2.996310071157863852e+00 -6.896140799270881416e+00 -1.110320979024349342e+01 -6.156465136358284518e+00 3.865850963432944987e+00 1.070104550408887256e+01 8.713982499394564485e+00 -4.571447003295658895e-01 -9.251388325426679771e+00 -1.041851454150209122e+01 -2.996310071153453602e+00 6.896140799260702003e+00 1.110320979022713317e+01 6.156465136349201117e+00
2.280506786281098375e+00 2.123312834905872748e+00 2.155971544411960927e-01 -1.869863179271769482e+00 -2.413753155602134548e+00 -9.676738358030713139e-01 1.276184336172924150e+00 2.467918499820774603e+00 1.625027859935856078e+00 -5.575836785509389326e-01 -2.280506786277737952e+00 -2.123312834902745916e+00 -2.155971544408794571e-01 1.869863179269013909e+00 2.413753155598578282e+00 9.676738358016465646e-01 -1.276184336171043210e+00 -2.467918499817137956e+00 -1.625027859933462215e+00 5.575836785501210313e-01
-1.473967733411994274e+00 -4.735253895097765842e+00 -4.092657077385533526e+00 -7.595305045818312450e-02 4.003368911532448671e+00 4.782195461827355665e+00 1.618439020552127516e+00 -2.879606285795796694e+00 -5.003619234950099859e+00 -3.002500902985416609e+00 1.473967733409820680e+00 4.735253895090790976e+00 4.092657077379505459e+00 7.595305045807354549e-02 -4.003368911526548501e+00 -4.782195461820311522e+00 -1.618439020549744756e+00 2.879606285791544984e+00 5.003619234942727090e+00 3.002500902980987707e+00
-2.053666335746717753e+00 -5.112003057935527117e+00 -3.955853678510057758e+00 4.616181530244213294e-01 4.498518363585302993e+00 4.826707349539557157e+00 1.175616430797272738e+00 -3.444687348787635273e+00 -5.225089275547991186e+00 -2.697773487369817591e+00 2.053666335743690396e+00 5.112003057927996252e+00 3.955853678504231308e+00 -4.616181530237387642e-01 -4.498518363578673629e+00 -4.826707349532447289e+00 -1.175616430795542566e+00 3.444687348782551339e+00 5.225089275540292455e+00 2.697773487365837219e+00
4.245247086739010633e+00 7.967910806510656307e+00 5.121593840558440469e+00 -1.947116151084757885e+00 -7.410566156772801172e+00 -6.764526845092062146e+00 -5.416120797914997231e-01 6.127823659160366532e+00 7.745300830797003933e+00 2.977323546662333786e+00 -4.245247086732753417e+00 -7.967910806498919030e+00 -5.121593840550898058e+00 1.947116151081885738e+00 7.410566156761881018e+00 6.764526845082097672e+00 5.416120797907044704e-01 -6.127823659151326652e+00 -7.745300830785592616e+00 -2.977323546657937747e+00
4.322142554300061335e+00 8.053870966629050443e+00 5.145750601801981183e+00 -2.004678335198924355e+00 -7.502391323840427617e+00 -6.814911618961182249e+00 -5.090177667646125226e-01 6.216525346041084532e+00 7.816981604574012366e+00 2.972887663179707207e+00 -4.322142554293691319e+00 -8.053870966617187932e+00 -5.145750601794403245e+00 2.004678335195967165e+00 7.502391323829371572e+00 6.814911618951144945e+00 5.090177667638655645e-01 -6.216525346031914090e+00 -7.816981604562494468e+00 -2.972887663175316497e+00
3.088192703369832426e+00 5.457349227885175402e+00 3.327306082151375133e+00 -1.545866337980891014e+00 -5.144580953111206334e+00 -4.501951288945718943e+00 -1.477801952522974638e-01 4.328225250244012834e+00 5.235914136638164074e+00 1.826960973327535154e+00 -3.088192703365280956e+00 -5.457349227877136499e+00 -3.327306082146475052e+00 1.545866337978611060e+00 5.144580953103624843e+00 4.501951288939087803e+00 1.477801952520816364e-01 -4.328225250237627719e+00 -5.235914136630449356e+00 -1.826960973324836424e+00
-1.927118949566850370e+00 -4.162202596275046851e+00 -2.965843656720827504e+00 6.756442722229691888e-01 3.760111134736920935e+00 3.744631471734736650e+00 6.419671739754121420e-01 -2.989953797096497112e+00 -4.156868667913110826e+00 -1.896738400335632679e+00 1.927118949564009531e+00 4.162202596268914867e+00 2.965843656716459442e+00 -6.756442722219717645e-01 -3.760111134731380034e+00 -3.744631471729220618e+00 -6.419671739744678973e-01 2.989953797092085530e+00 4.156868667906985948e+00 1.896738400332833141e+00
8.248258538556254571e-01 3.091351273999481952e-03 -8.211917524783577393e-01 -9.684601540958359678e-01 -3.173014395425730605e-01 5.954499407070130701e-01 1.017294826794396201e+00 6.004518521393301667e-01 -3.114213399958026263e-01 -9.665495939364849853e-01 -8.248258538544104290e-01 -3.091351273995401883e-03 8.211917524771478183e-01 9.684601540944093312e-01 3.173014395421059897e-01 -5.954499407061356608e-01 -1.017294826792897622e+00 -6.004518521384473173e-01 3.114213399953433825e-01 9.665495939350615684e-01
-1.545153349813876975e+00 -3.553370342242650803e+00 -2.632084016393339443e+00 4.591700069805697004e-01 3.171870733188906222e+00 3.269587671312122801e+00 6.717600953605734615e-01 -2.479886317048214828e+00 -3.587041304405619968e+00 -1.736933639139053076e+00 1.545153349811599020e+00 3.553370342237416324e+00 2.632084016389462544e+00 -4.591700069798915207e-01 -3.171870733184232183e+00 -3.269587671307306209e+00 -6.717600953595849189e-01 2.479886317044555089e+00 3.587041304400334862e+00 1.736933639136489793e+00
-1.374099116165959922e-01 -7.025231035210637298e-01 -6.884555276721622263e-01 -1.068049085288832190e-01 5.628988274605297715e-01 7.685321671568038360e-01 3.405649200737891902e-01 -3.681740922215601119e-01 -7.733795234416290798e-01 -5.409880643863556049e-01 1.374099116163932655e-01 7.025231035200287799e-01 6.884555276711482596e-01 1.068049085287262195e-01 -5.628988274596999908e-01 -7.685321671556717416e-01 -3.405649200732877024e-01 3.681740922210161582e-01 7.733795234404895469e-01 5.409880643855577986e-01
-1.704550059294625219e+00 -4.159086224023352152e+00 -3.184749031692587717e+00 4.151891978594037247e-01 3.672833206517375881e+00 3.902485187982060566e+00 9.148132750543804814e-01 -2.827057684624384226e+00 -4.238218903858258280e+00 -2.155267450725825373e+00 1.704550059292112119e+00 4.159086224017225497e+00 3.184749031687897247e+00 -4.151891978587899379e-01 -3.672833206511963322e+00 -3.902485187976312719e+00 -9.148132750530342250e-01 2.827057684620212008e+00 4.238218903852013497e+00 2.155267450722645250e+00
5.972041127315319997e+00 1.154663205057810238e+01 7.601838938639254195e+00 -2.610134413706377998e+00 -1.067023596839190169e+01 -9.933480267695454557e+00 -1.007270442188874959e+00 8.749362845715225490e+00 1.129276333752129169e+01 4.526076649133683460e+00 -5.972041127306518149e+00 -1.154663205056109376e+01 -7.601838938628057818e+00 2.610134413702526857e+00 1.067023596837617738e+01 9.933480267680822706e+00 1.007270442187395254e+00 -8.749362845702318481e+00 -1.129276333750465255e+01 -4.526076649127000806e+00
-9.467539696104575464e-01 -3.697332266461987871e+00 -3.399720788492103019e+00 -2.992792163141059225e-01 3.047896969156992597e+00 3.882296994268304324e+00 1.516016867343843888e+00 -2.100112280564730760e+00 -3.984846920691556882e+00 -2.584356224686339853e+00 9.467539696090612189e-01 3.697332266456540673e+00 3.399720788487095469e+00 2.992792163136668293e-01 -3.047896969152500635e+00 -3.882296994262585343e+00 -1.516016867341611896e+00 2.100112280561629241e+00 3.984846920685685134e+00 2.584356224682528236e+00
-2.585473959265813804e+00 -5.860832089745187545e+00 -4.304347377763328986e+00 8.007682709580796754e-01 5.245706938107726813e+00 5.365930081177302746e+00 1.062322194990032331e+00 -4.117095442379685721e+00 -5.902258161611675824e+00 -2.821425162856960434e+00 2.585473959262002630e+00 5.860832089736554451e+00 4.304347377756989168e+00 -8.007682709568972879e-01 -5.245706938099996108e+00 -5.365930081169397958e+00 -1.062322194988469359e+00 4.117095442373609693e+00 5.902258161602978781e+00 2.821425162852796209e+00
-1.743909167277202243e+00 -4.005876780666130621e+00 -2.965281421075421697e+00 5.199794042554641837e-01 3.576553871708834098e+00 3.684511835384066458e+00 7.548495657632358080e-01 -2.797132950473097068e+00 -4.043076559741368037e+00 -1.955788600937754751e+00 1.743909167274631411e+00 4.005876780660229564e+00 2.965281421071054524e+00 -5.199794042546961315e-01 -3.576553871703562759e+00 -3.684511835378639244e+00 -7.548495657621252519e-01 2.797132950468969703e+00 4.043076559735410136e+00 1.955788600934868393e+00
-1.041047910753675865e+00 -3.890441995402710962e+00 -3.532440948839988160e+00 -2.621913932421743310e-01 3.224216480387459782e+00 4.052485187981725190e+00 1.539765576871485298e+00 -2.242382191835454730e+00 -4.175843941598946785e+00 -2.666616777657947246e+00 1.041047910752140204e+00 3.890441995396979991e+00 3.532440948834785210e+00 2.621913932417900828e-01 -3.224216480382708028e+00 -4.052485187975754855e+00 -1.539765576869218222e+00 2.242382191832142713e+00 4.175843941592793485e+00 2.666616777654014392e+00
