-8.895898033741048705e-01 5.820916362169670233e-01 -5.225424859212055018e-02 -4.975424859383348331e-01 8.572949016876045825e-01 -8.895898033744334965e-01 5.820916362177847025e-01 -5.225424859311471326e-02 -4.975424859375426334e-01 8.572949016873175898e-01 -8.895898033747615674e-01 5.820916362186020487e-01 -5.225424859411064576e-02 -4.975424859367497121e-01 8.572949016870315964e-01 -8.895898033750900824e-01 5.820916362194206162e-01 -5.225424859510326148e-02 -4.975424859359569574e-01 8.572949016867446037e-01
-1.205040653092229741e+00 6.629933356534918332e-01 1.322949016900669406e-01 -8.770509831264058365e-01 1.286803398875210336e+00 -1.205040653092905423e+00 6.629933356547751400e-01 1.322949016886664220e-01 -8.770509831254214017e-01 1.286803398875018933e+00 -1.205040653093580438e+00 6.629933356560578916e-01 1.322949016872633499e-01 -8.770509831244356347e-01 1.286803398874828197e+00 -1.205040653094255898e+00 6.629933356573424197e-01 1.322949016858650240e-01 -8.770509831234503118e-01 1.286803398874636573e+00
-1.077786404499965656e+00 8.775831390298269863e-01 -3.421729424043287726e-01 -3.239356881889964845e-01 8.663118960633156007e-01 -1.077786404500047146e+00 8.775831390305763868e-01 -3.421729424054593682e-01 -3.239356881879152383e-01 8.663118960626972065e-01 -1.077786404500128192e+00 8.775831390313255653e-01 -3.421729424065918512e-01 -3.239356881868330484e-01 8.663118960620809217e-01 -1.077786404500209683e+00 8.775831390320758540e-01 -3.421729424077206705e-01 -3.239356881857509141e-01 8.663118960614624164e-01
2.869098300559234982e+00 -1.615044318775464838e+00 -2.559016994427565361e-01 2.029101966252831790e+00 -3.027254248594129393e+00 2.869098300560776860e+00 -1.615044318778469101e+00 -2.559016994394376354e-01 2.029101966250462130e+00 -3.027254248593616026e+00 2.869098300562316961e+00 -1.615044318781472032e+00 -2.559016994361127950e-01 2.029101966248089361e+00 -3.027254248593104435e+00 2.869098300563858395e+00 -1.615044318784479405e+00 -2.559016994327991124e-01 2.029101966245717481e+00 -3.027254248592590624e+00
2.821352549153318900e+00 -1.572339220463271126e+00 -2.772542485988861438e-01 2.020946018221712936e+00 -2.992705098313169110e+00 2.821352549154863887e+00 -1.572339220466247633e+00 -2.772542485956156488e-01 2.020946018219394347e+00 -2.992705098312689049e+00 2.821352549156407541e+00 -1.572339220469222587e+00 -2.772542485923393252e-01 2.020946018217072204e+00 -2.992705098312210765e+00 2.821352549157952527e+00 -1.572339220472201982e+00 -2.772542485890740482e-01 2.020946018214750950e+00 -2.992705098311730705e+00
5.340450849713486825e+00 -3.196932689520926907e+00 -1.677050983222958536e-01 3.468285238693200156e+00 -5.444098300563813275e+00 5.340450849716006587e+00 -3.196932689526251981e+00 -1.677050983162000075e-01 3.468285238688654903e+00 -5.444098300562559167e+00 5.340450849718522797e+00 -3.196932689531574390e+00 -1.677050983100932258e-01 3.468285238684103877e+00 -5.444098300561307724e+00 5.340450849721041671e+00 -3.196932689536905237e+00 -1.677050983040068999e-01 3.468285238679554627e+00 -5.444098300560052728e+00
5.617705098307000711e+00 -3.427834388957968326e+00 -7.135254916650797530e-02 3.543285238693463235e+00 -5.661803398876292803e+00 5.617705098309532019e+00 -3.427834388963479029e+00 -7.135254916012351289e-02 3.543285238688635985e+00 -5.661803398874870830e+00 5.617705098312059775e+00 -3.427834388968987067e+00 -7.135254915372758744e-02 3.543285238683802962e+00 -5.661803398873453297e+00 5.617705098314589307e+00 -3.427834388974503987e+00 -7.135254914735310316e-02 3.543285238678971716e+00 -5.661803398872030435e+00
-1.684549150280619578e+00 1.242501832841204745e+00 -3.258610463407820013e-01 -7.152475842521655025e-01 1.483155948032252036e+00 -1.684549150280984176e+00 1.242501832842556775e+00 -3.258610463426044324e-01 -7.152475842505667813e-01 1.483155948031488425e+00 -1.684549150281348107e+00 1.242501832843908360e+00 -3.258610463444300831e-01 -7.152475842489662838e-01 1.483155948030727256e+00 -1.684549150281712704e+00 1.242501832845261944e+00 -3.258610463462496831e-01 -7.152475842473660084e-01 1.483155948029963644e+00
-4.013932022501156549e-01 3.222135954996189766e-01 -1.199593469056549483e-01 -1.281152949380069683e-01 3.272542485941076773e-01 -4.013932022501545127e-01 3.222135954999045815e-01 -1.199593469060779849e-01 -1.281152949376075934e-01 3.272542485938846335e-01 -4.013932022501932040e-01 3.222135955001900198e-01 -1.199593469065017431e-01 -1.281152949372078020e-01 3.272542485936623669e-01 -4.013932022502320063e-01 3.222135955004759023e-01 -1.199593469069241275e-01 -1.281152949368080662e-01 3.272542485934392120e-01
-5.690983005625648294e-01 4.076237921243721085e-01 -9.045084971788620865e-02 -2.612712429695118743e-01 5.131966011255648663e-01 -5.690983005627103797e-01 4.076237921248458962e-01 -9.045084971850708699e-02 -2.612712429689802440e-01 5.131966011253260573e-01 -5.690983005628554858e-01 4.076237921253194618e-01 -9.045084971912904781e-02 -2.612712429684481141e-01 5.131966011250879145e-01 -5.690983005630009250e-01 4.076237921257936936e-01 -9.045084971974898247e-02 -2.612712429679160953e-01 5.131966011248487725e-01
-6.524999999994268052e+00 4.151770077143993376e+00 -1.927050983004309215e-01 -3.839966678288592838e+00 6.405901699439493946e+00 -6.524999999996894395e+00 4.151770077150155558e+00 -1.927050983077734647e-01 -3.839966678282866308e+00 6.405901699437574592e+00 -6.524999999999518074e+00 4.151770077156315075e+00 -1.927050983151291086e-01 -3.839966678277132672e+00 6.405901699435661456e+00 -6.525000000002143530e+00 4.151770077162483474e+00 -1.927050983224602443e-01 -3.839966678271400813e+00 6.405901699433741214e+00
-6.871352549149745137e+00 4.231278574330652908e+00 2.500000001259457261e-02 -4.271729424069929948e+00 6.886803398876764959e+00 -6.871352549152770273e+00 4.231278574337340004e+00 2.500000000480184781e-02 -4.271729424063997804e+00 6.886803398874964621e+00 -6.871352549155791856e+00 4.231278574344023546e+00 2.499999999699517583e-02 -4.271729424058060332e+00 6.886803398873171389e+00 -6.871352549158815215e+00 4.231278574350716859e+00 2.499999998921463573e-02 -4.271729424052122859e+00 6.886803398871370163e+00
-1.153647450842336664e+00 6.239356881849928982e-01 1.440983005648257542e-01 -8.570916362200408090e-01 1.242705098312696821e+00 -1.153647450843003242e+00 6.239356881862364590e-01 1.440983005634803304e-01 -8.570916362191058901e-01 1.242705098312530287e+00 -1.153647450843669153e+00 6.239356881874795757e-01 1.440983005621324642e-01 -8.570916362181697501e-01 1.242705098312364420e+00 -1.153647450844335731e+00 6.239356881887243578e-01 1.440983005607891498e-01 -8.570916362172341652e-01 1.242705098312198109e+00
2.005901699434764929e+00 -9.883222260894266586e-01 -4.067627457849051220e-01 1.646478174126783767e+00 -2.257294901687548094e+00 2.005901699436101193e+00 -9.883222260917240432e-01 -4.067627457825243598e-01 1.646478174125226568e+00 -2.257294901687410427e+00 2.005901699437436569e+00 -9.883222260940204285e-01 -4.067627457801392676e-01 1.646478174123667149e+00 -2.257294901687273203e+00 2.005901699438772834e+00 -9.883222260963202555e-01 -4.067627457777622801e-01 1.646478174122107951e+00 -2.257294901687135535e+00
-1.433155948030447657e+00 9.989356881852007319e-01 -1.831559480287058839e-01 -7.025831390330277149e-01 1.319959346906941500e+00 -1.433155948030864879e+00 9.989356881864324134e-01 -1.831559480302812626e-01 -7.025831390317085479e-01 1.319959346906383058e+00 -1.433155948031280991e+00 9.989356881876635397e-01 -1.831559480318594446e-01 -7.025831390303879376e-01 1.319959346905826614e+00 -1.433155948031697990e+00 9.989356881888965534e-01 -1.831559480334324086e-01 -7.025831390290676604e-01 1.319959346905268172e+00
-1.044098300561304482e+00 5.871322893103753104e-01 9.409830056445132873e-02 -7.393865379073073507e-01 1.102254248593889319e+00 -1.044098300561866699e+00 5.871322893114693242e-01 9.409830056324329506e-02 -7.393865379064453736e-01 1.102254248593703245e+00 -1.044098300562428250e+00 5.871322893125630049e-01 9.409830056203308257e-02 -7.393865379055823972e-01 1.102254248593518060e+00 -1.044098300562990023e+00 5.871322893136582399e-01 9.409830056082692240e-02 -7.393865379047196429e-01 1.102254248593332209e+00
-5.277864044995476123e-01 3.553695435297409833e-01 -4.721359549819049983e-02 -2.789763412825784772e-01 4.986067977505730386e-01 -5.277864044997241377e-01 3.553695435302120509e-01 -4.721359549877603146e-02 -2.789763412821015254e-01 4.986067977503870763e-01 -5.277864044999004411e-01 3.553695435306829520e-01 -4.721359549936260391e-02 -2.789763412816239629e-01 4.986067977502017246e-01 -5.277864045000768556e-01 3.553695435311545747e-01 -4.721359549994722654e-02 -2.789763412811465670e-01 4.986067977500157067e-01
-5.095491502810325368e-01 3.340169943742521408e-01 -3.090169943666642993e-02 -2.840169943755950221e-01 4.904508497190478433e-01 -5.095491502812196094e-01 3.340169943747196557e-01 -3.090169943723562046e-02 -2.840169943751408854e-01 4.904508497188825866e-01 -5.095491502814065710e-01 3.340169943751870041e-01 -3.090169943780582060e-02 -2.840169943746863046e-01 4.904508497187178295e-01 -5.095491502815935325e-01 3.340169943756550186e-01 -3.090169943837412295e-02 -2.840169943742317238e-01 4.904508497185524618e-01
-4.418440519684513346e-01 2.899186938117082613e-01 -2.725424859293284000e-02 -2.458203932505060862e-01 4.250000000001869505e-01 -4.418440519686130941e-01 2.899186938121132151e-01 -2.725424859342627515e-02 -2.458203932501121236e-01 4.250000000000431766e-01 -4.418440519687745760e-01 2.899186938125180024e-01 -2.725424859392059501e-02 -2.458203932497176336e-01 4.249999999998999578e-01 -4.418440519689362800e-01 2.899186938129234559e-01 -2.725424859441326342e-02 -2.458203932493233379e-01 4.249999999997560729e-01
-4.786474508438033348e-01 3.222135954994021501e-01 -4.270509831161378028e-02 -2.531152949383042583e-01 4.522542485943168988e-01 -4.786474508439636510e-01 3.222135954998294749e-01 -4.270509831214482771e-02 -2.531152949378717154e-01 4.522542485941483670e-01 -4.786474508441236342e-01 3.222135955002566332e-01 -4.270509831267681189e-02 -2.531152949374386729e-01 4.522542485939803902e-01 -4.786474508442837839e-01 3.222135955006844021e-01 -4.270509831320703359e-02 -2.531152949370057970e-01 4.522542485938117474e-01
