4.972019777206445612e-01 -4.445397590915916575e-01 2.538585118282465913e-02 4.146969012072148075e-01 -5.128912965848233529e-01 1.882429791163219013e-01 2.915984026403912188e-01 -5.310374604444403346e-01 3.326735726878595756e-01 1.399562207376013612e-01 -4.972019777201238111e-01 4.445397590915259878e-01 -2.538585118326819323e-02 -4.146969012066277771e-01 5.128912965845768834e-01 -1.882429791166208566e-01 -2.915984026397953066e-01 5.310374604440369906e-01 -3.326735726879813670e-01 -1.399562207370529943e-01
-2.438899977273849995e+00 3.678776872179626567e-01 2.006433818885115627e+00 -2.726582104101098469e+00 1.198855681025738473e+00 1.317242726232682015e+00 -2.747367377363845176e+00 1.912481327855497515e+00 4.991107377669672385e-01 -2.499221189695730594e+00 2.438899977273243369e+00 -3.678776872200872905e-01 -2.006433818882012332e+00 2.726582104099575243e+00 -1.198855681027051423e+00 -1.317242726229606919e+00 2.747367377361552343e+00 -1.912481327855862112e+00 -4.991107377642384213e-01 2.499221189692888867e+00
-2.425513271002386784e+00 2.401183528680731760e-01 2.143237217760798341e+00 -2.759644810396456815e+00 1.100919824472655906e+00 1.465435936833107800e+00 -2.823643088172390847e+00 1.853955593097874832e+00 6.441875761157285218e-01 -2.611243506999366026e+00 2.425513271001919602e+00 -2.401183528703559056e-01 -2.143237217757647528e+00 2.759644810395036618e+00 -1.100919824474136721e+00 -1.465435936829937891e+00 2.823643088170154414e+00 -1.853955593098399968e+00 -6.441875761128668110e-01 2.611243506996529629e+00
3.676637618323985279e+00 -7.623379975025037503e-01 -2.780455553935119006e+00 4.030959536018074552e+00 -1.958221581783775367e+00 -1.728932003030700049e+00 3.990703048979453715e+00 -2.962420793907233119e+00 -5.081685414922506583e-01 3.559808742643078450e+00 -3.676637618322847967e+00 7.623379975054261903e-01 2.780455553930546664e+00 -4.030959536015623179e+00 1.958221581785465570e+00 1.728932003026248720e+00 -3.990703048975925427e+00 2.962420793907513783e+00 5.081685414883814200e-01 -3.559808742638812529e+00
3.314331954136913616e+00 -5.673964581829893383e-01 -2.647317413490517968e+00 3.679504725756619354e+00 -1.678199813590472544e+00 -1.706662524099081590e+00 3.684501938201703020e+00 -2.624729278537359711e+00 -5.989476158319799737e-01 3.328834429500568515e+00 -3.314331954136017444e+00 5.673964581857854350e-01 2.647317413486335091e+00 -3.679504725754498828e+00 1.678199813592162748e+00 1.706662524094962219e+00 -3.684501938198564197e+00 2.624729278537767829e+00 5.989476158283510987e-01 -3.328834429496712932e+00
2.137136187068808812e+00 -4.674305340669411835e-01 -1.587638638276991143e+00 2.333811689164802416e+00 -1.155921546761080609e+00 -9.749444131778665090e-01 2.302037442502748998e+00 -1.731262904678798620e+00 -2.668158360798654760e-01 2.044923731730227345e+00 -2.137136187068121806e+00 4.674305340686070731e-01 1.587638638274345704e+00 -2.333811689163358682e+00 1.155921546762029406e+00 9.749444131753005616e-01 -2.302037442500689313e+00 1.731262904678930514e+00 2.668158360776448634e-01 -2.044923731727749772e+00
-2.184684449307598531e+00 4.813008968335102389e-01 1.618881311159501513e+00 -2.384410016656446363e+00 1.184160775259083920e+00 9.923455365750145640e-01 -2.350732918413079187e+00 1.771106746468567028e+00 2.686720667927858242e-01 -2.086949703595804451e+00 2.184684449306892873e+00 -4.813008968352086026e-01 -1.618881311156799230e+00 2.384410016654968434e+00 -1.184160775260048926e+00 -9.923455365723946597e-01 2.350732918410972871e+00 -1.771106746468697368e+00 -2.686720667905198590e-01 2.086949703593271366e+00
7.583192702015179032e-02 1.494263747580903273e-02 -9.339805089740849109e-02 9.485335634491534607e-02 -1.810875708257811412e-02 -7.356523564392813963e-02 1.045898782684227396e-01 -4.938754032657612092e-02 -4.653134256648242678e-02 1.040884141864664436e-01 -7.583192702016129660e-02 -1.494263747570735712e-02 9.339805089729850962e-02 -9.485335634488772927e-02 1.810875708265563891e-02 7.356523564380910984e-02 -1.045898782683606365e-01 4.938754032662157067e-02 4.653134256636656113e-02 -1.040884141863758772e-01
-1.903124557497960723e+00 3.741907354887708537e-01 1.463236965768119902e+00 -2.094328953664173820e+00 9.987943790580631198e-01 9.201757414979211402e-01 -2.080525839797509935e+00 1.525629069795105819e+00 2.870413044086301824e-01 -1.863066360855277992e+00 1.903124557497394287e+00 -3.741907354903111216e-01 -1.463236965765742914e+00 2.094328953662919712e+00 -9.987943790589663973e-01 -9.201757414955987757e-01 2.080525839795690946e+00 -1.525629069795277903e+00 -2.870413044066032482e-01 1.863066360853068204e+00
-3.361968861327465086e-01 2.379333001461288455e-01 5.648951642233870918e-02 -3.043407094704661531e-01 3.012844449756229004e-01 -4.984039753318310340e-02 -2.426935436987785466e-01 3.351437691586713896e-01 -1.512915861196352518e-01 -1.572898429244983243e-01 3.361968861324617364e-01 -2.379333001461690078e-01 -5.648951642200669698e-02 3.043407094701160998e-01 -3.012844449755434084e-01 4.984039753344085555e-02 2.426935436983973793e-01 -3.351437691584796541e-01 1.512915861197912659e-01 1.572898429241222917e-01
-2.373565235641894589e+00 7.472828251447463099e-01 1.495081587818438473e+00 -2.504856641732107203e+00 1.449553998415884060e+00 8.008037163907779643e-01 -2.390955227366728497e+00 2.009932726684991344e+00 2.813759767539952827e-02 -2.043010456581782375e+00 2.373565235640886506e+00 -7.472828251462886318e-01 -1.495081587815617397e+00 2.504856641730333067e+00 -1.449553998416620360e+00 -8.008037163881306375e-01 2.390955227364362390e+00 -2.009932726684843018e+00 -2.813759767320145322e-02 2.043010456579049450e+00
5.014433381121190081e+00 -9.764694381916169119e-01 -3.866524710953717303e+00 5.521841843637718128e+00 -2.624789691410611248e+00 -2.436216501675839918e+00 5.488733953563611045e+00 -4.016177241648120955e+00 -7.674344470957373820e-01 4.918350541855794233e+00 -5.014433381119707711e+00 9.764694381956880997e-01 3.866524710947449428e+00 -5.521841843634422098e+00 2.624789691413004000e+00 2.436216501669711931e+00 -5.488733953558821099e+00 4.016177241648585472e+00 7.674344470903856630e-01 -4.918350541849970448e+00
-2.317835833763471687e+00 2.355288675823652145e-01 2.040955044055003498e+00 -2.634815418557378219e+00 1.056456247027130591e+00 1.392876615167337295e+00 -2.693880912343896039e+00 1.773970328248883899e+00 6.084537184451459524e-01 -2.489250573057811167e+00 2.317835833763018272e+00 -2.355288675845383650e-01 -2.040955044051996126e+00 2.634815418556015310e+00 -1.056456247028537021e+00 -1.392876615164313270e+00 2.693880912341756861e+00 -1.773970328249377726e+00 -6.084537184424183565e-01 2.489250573055100890e+00
-2.817312445233719487e+00 7.170626796149177640e-01 1.974354709139332309e+00 -3.038055841267514712e+00 1.597094129137218044e+00 1.160559090007493355e+00 -2.961413164177809865e+00 2.320790877689849818e+00 2.331598610552562678e-01 -2.594886733199214035e+00 2.817312445232705187e+00 -7.170626796169776718e-01 -1.974354709135896613e+00 3.038055841265537182e+00 -1.597094129138328489e+00 -1.160559090004200211e+00 2.961413164175059620e+00 -2.320790877689893783e+00 -2.331598610524475423e-01 2.594886733195956197e+00
-1.574124821472465685e+00 7.431730034923736405e-02 1.486759595201291750e+00 -1.822108027876602865e+00 6.552568585382038124e-01 1.051807392051801182e+00 -1.891730605138681298e+00 1.172055309970121639e+00 5.138969529953018034e-01 -1.776177410307336446e+00 1.574124821472249858e+00 -7.431730035082884100e-02 -1.486759595199205197e+00 1.822108027875741998e+00 -6.552568585392780642e-01 -1.051807392049671552e+00 1.891730605137258436e+00 -1.172055309970567727e+00 -5.138969529933488101e-01 1.776177410305488591e+00
-2.169691176307110947e+00 5.060961105865184884e-01 1.574739516216098645e+00 -2.357313438254547311e+00 1.196448631858032741e+00 9.508037163908249489e-01 -2.314185436496718928e+00 1.769684424895023866e+00 2.337966241663231026e-01 -2.044528840336245157e+00 2.169691176306379088e+00 -5.060961105881671696e-01 -1.574739516213429447e+00 2.357313438253058280e+00 -1.196448631858952005e+00 -9.508037163882477882e-01 2.314185436494617054e+00 -1.769684424895117125e+00 -2.337966241641057652e-01 2.044528840333732056e+00
-2.763288405769452893e+00 2.908990954437864485e-01 2.421316009354883558e+00 -3.137326778320809417e+00 1.266832814484098346e+00 1.648075487372448134e+00 -3.204261746768519270e+00 2.118760111098878518e+00 7.135098538689740311e-01 -2.957541250037696301e+00 2.763288405768901335e+00 -2.908990954463635537e-01 -2.421316009351302867e+00 3.137326778319177834e+00 -1.266832814485761016e+00 -1.648075487368851899e+00 3.204261746765965757e+00 -2.118760111099454502e+00 -7.135098538657341782e-01 2.957541250034466884e+00
-2.977838390169199378e+00 5.990372358880624581e-01 2.273627884510637465e+00 -3.271847115320678068e+00 1.572659079772203095e+00 1.423075487372212899e+00 -3.245584648524678428e+00 2.392338095567485556e+00 4.332225463800185583e-01 -2.901621743012701593e+00 2.977838390168298321e+00 -5.990372358904542116e-01 -2.273627884506924879e+00 3.271847115318705868e+00 -1.572659079773597535e+00 -1.423075487368591130e+00 3.245584648521827376e+00 -2.392338095567737355e+00 -4.332225463768629159e-01 2.901621743009244359e+00
-8.212643661804825967e-01 -2.006031971113286239e-01 1.057087567829893882e+00 -1.042077768393021575e+00 1.679483201768556255e-01 8.446426768983621436e-01 -1.160885338052266347e+00 5.200598857211933268e-01 5.495182757804175644e-01 -1.166057362458984947e+00 8.212643661806272588e-01 2.006031971101751576e-01 -1.057087567828682850e+00 1.042077768392751569e+00 -1.679483201777492440e-01 -8.446426768970385357e-01 1.160885338051607318e+00 -5.200598857217355597e-01 -5.495182757791170491e-01 1.166057362458001068e+00
-2.438309033801156822e+00 1.760835717479993234e-01 2.231310380511881686e+00 -2.799146241652080480e+00 1.059283379194588370e+00 1.553883945073389228e+00 -2.885983512570895471e+00 1.838793149023798978e+00 7.243525225451270533e-01 -2.690320609449329936e+00 2.438309033800756698e+00 -1.760835717503821951e-01 -2.231310380508680691e+00 2.799146241650701139e+00 -1.059283379196167552e+00 -1.553883945070144712e+00 2.885983512568669695e+00 -1.838793149024411377e+00 -7.243525225421735270e-01 2.690320609446473554e+00
