-1.963196601128386565e+00 -5.583813728908116225e+00 -7.071603799093466591e+00 -5.858281572998343734e+00 -2.407294901685383515e+00 1.963196601126866669e+00 5.583813728906950935e+00 7.071603799093098885e+00 5.858281572998914832e+00 2.407294901686674038e+00 -1.963196601125346552e+00 -5.583813728905783869e+00 -7.071603799092732068e+00 -5.858281572999487707e+00 -2.407294901687972555e+00 1.963196601123831542e+00 5.583813728904616802e+00 7.071603799092362586e+00 5.858281573000054365e+00 2.407294901689258637e+00
-2.392705098315986767e+00 -6.088322226095599810e+00 -7.458407197968371705e+00 -5.979634122154461551e+00 -2.216844051966530671e+00 2.392705098314390710e+00 6.088322226094420309e+00 7.458407197968054625e+00 5.979634122155130349e+00 2.216844051967928220e+00 -2.392705098312795542e+00 -6.088322226093238143e+00 -7.458407197967738433e+00 -5.979634122155800924e+00 -2.216844051969334206e+00 2.392705098311205258e+00 6.088322226092055089e+00 7.458407197967421354e+00 5.979634122156465281e+00 2.216844051970727758e+00
5.218566144661694217e+00 1.094070209965879492e+01 1.248386171337405237e+01 9.258610463434553850e+00 2.496884705059017051e+00 -5.218566144659051886e+00 -1.094070209965700435e+01 -1.248386171337379302e+01 -9.258610463435923421e+00 -2.496884705061494625e+00 5.218566144656408667e+00 1.094070209965521023e+01 1.248386171337353012e+01 9.258610463437298321e+00 2.496884705063985521e+00 -5.218566144653775218e+00 -1.094070209965341434e+01 -1.248386171337326900e+01 -9.258610463438659011e+00 -2.496884705066455545e+00
5.251722092692784116e+00 1.085164445218995510e+01 1.230660746478026724e+01 9.060864712028321222e+00 2.354179606746620301e+00 -5.251722092690181753e+00 -1.085164445218820539e+01 -1.230660746478003631e+01 -9.060864712029696122e+00 -2.354179606749075226e+00 5.251722092687579391e+00 1.085164445218645213e+01 1.230660746477980183e+01 9.060864712031071022e+00 2.354179606751542586e+00 -5.251722092684985022e+00 -1.085164445218469709e+01 -1.230660746477956735e+01 -9.060864712032435264e+00 -2.354179606753989518e+00
2.855369543534406418e+00 6.291437521032815283e+00 7.324390203593341475e+00 5.559674775248343082e+00 1.671352549154235589e+00 -2.855369543532850773e+00 -6.291437521031732594e+00 -7.324390203593142523e+00 -5.559674775249105139e+00 -1.671352549155666001e+00 2.855369543531296017e+00 6.291437521030649016e+00 7.324390203592943571e+00 5.559674775249867196e+00 1.671352549157103962e+00 -2.855369543529745702e+00 -6.291437521029563662e+00 -7.324390203592744619e+00 -5.559674775250623924e+00 -1.671352549158529266e+00
-1.143237254221852073e+00 -4.719756081439316908e+00 -6.493488504156164076e+00 -5.786929023842382058e+00 -2.869959346904379593e+00 1.143237254220440535e+00 4.719756081438147177e+00 6.493488504155681795e+00 5.786929023842770192e+00 2.869959346905489816e+00 -1.143237254219029442e+00 -4.719756081436976558e+00 -6.493488504155197738e+00 -5.786929023843159214e+00 -2.869959346906607145e+00 1.143237254217623677e+00 4.719756081435804163e+00 6.493488504154712793e+00 5.786929023843543796e+00 2.869959346907713815e+00
8.315594803148845804e-02 4.463525491564627745e-01 6.390576474688435260e-01 5.876644452187048673e-01 3.118033988749033258e-01 -8.315594803134887525e-02 -4.463525491563432590e-01 -6.390576474687895692e-01 -5.876644452187368417e-01 -3.118033988750092966e-01 8.315594803120929246e-02 4.463525491562235215e-01 6.390576474687355013e-01 5.876644452187690382e-01 3.118033988751158780e-01 -8.315594803107026478e-02 -4.463525491561037839e-01 -6.390576474686812114e-01 -5.876644452188009016e-01 -3.118033988752214603e-01
-8.704915028151920531e-01 -3.890779740157943145e+00 -5.424922359499995572e+00 -4.886929023842585984e+00 -2.482294901685921040e+00 8.704915028140107758e-01 3.890779740156953714e+00 5.424922359499572799e+00 4.886929023842892406e+00 2.482294901686839417e+00 -8.704915028128300536e-01 -3.890779740155962507e+00 -5.424922359499150915e+00 -4.886929023843199715e+00 -2.482294901687763122e+00 8.704915028116533282e-01 3.890779740154970856e+00 5.424922359498726365e+00 4.886929023843503472e+00 2.482294901688677946e+00
-1.690983005634696390e-01 -1.334016994375623488e+00 -1.989386537906316033e+00 -1.884878040718370951e+00 -1.060410196624417267e+00 1.690983005630329328e-01 1.334016994375238019e+00 1.989386537906127961e+00 1.884878040718452219e+00 1.060410196624737011e+00 -1.690983005625963931e-01 -1.334016994374851661e+00 -1.989386537905939889e+00 -1.884878040718533709e+00 -1.060410196625058976e+00 1.690983005621614632e-01 1.334016994374465304e+00 1.989386537905750929e+00 1.884878040718614312e+00 1.060410196625377166e+00
-2.009549150284327013e+00 -5.463322226095366219e+00 -6.830291903030939693e+00 -5.588322226092233613e+00 -2.211803398873085413e+00 2.009549150282861518e+00 5.463322226094258660e+00 6.830291903030610179e+00 5.588322226092809153e+00 2.211803398874345294e+00 -2.009549150281396024e+00 -5.463322226093149325e+00 -6.830291903030280665e+00 -5.588322226093385581e+00 -2.211803398875612281e+00 2.009549150279935414e+00 5.463322226092038214e+00 6.830291903029950262e+00 5.588322226093956679e+00 2.211803398876867277e+00
7.227583139038720184e+00 1.513320393250345219e+01 1.725845518243609433e+01 1.279156314599579147e+01 3.438728757026386695e+00 -7.227583139035067106e+00 -1.513320393250097773e+01 -1.725845518243573906e+01 -1.279156314599769040e+01 -3.438728757029813288e+00 7.227583139031414916e+00 1.513320393249849971e+01 1.725845518243537668e+01 1.279156314599959110e+01 3.438728757033258532e+00 -7.227583139027773385e+00 -1.513320393249601636e+01 -1.725845518243502141e+01 -1.279156314600147937e+01 -3.438728757036674466e+00
-4.960236587216502180e-01 -3.804837387626859524e+00 -5.660332556125108994e+00 -5.353773075811405491e+00 -3.002254248592100438e+00 4.960236587204081005e-01 3.804837387625765288e+00 5.660332556124576975e+00 5.353773075811639970e+00 3.002254248593011710e+00 -4.960236587191664270e-01 -3.804837387624668388e+00 -5.660332556124044956e+00 -5.353773075811876225e+00 -3.002254248593929198e+00 4.960236587179291945e-01 3.804837387623571043e+00 5.660332556123511161e+00 5.353773075812108040e+00 3.002254248594836472e+00
-2.796352549160321832e+00 -7.265044318783377975e+00 -8.958736088405814257e+00 -7.230495168497957259e+00 -2.740450849716190795e+00 2.796352549158402923e+00 7.265044318781949784e+00 8.958736088405418130e+00 7.230495168498745073e+00 2.740450849717861015e+00 -2.796352549156484457e+00 -7.265044318780518040e+00 -8.958736088405020226e+00 -7.230495168499533776e+00 -2.740450849719541004e+00 2.796352549154572653e+00 7.265044318779085408e+00 8.958736088404622322e+00 7.230495168500315373e+00 2.740450849721205451e+00
-5.887287570338664011e-01 -3.651189936782883283e+00 -5.319020660062556694e+00 -4.955166278061486018e+00 -2.698606797748507979e+00 5.887287570327019992e-01 3.651189936781872980e+00 5.319020660062084183e+00 4.955166278061732044e+00 2.698606797749378394e+00 -5.887287570315382634e-01 -3.651189936780861345e+00 -5.319020660061611672e+00 -4.955166278061978957e+00 -2.698606797750254138e+00 5.887287570303783024e-01 3.651189936779848377e+00 5.319020660061136496e+00 4.955166278062222318e+00 2.698606797751121000e+00
-1.100532155909607512e+00 -5.073403532283347062e+00 -7.108407197968817925e+00 -6.428240919904944839e+00 -3.292705098310623857e+00 1.100532155908059195e+00 5.073403532282044104e+00 7.108407197968255709e+00 6.428240919905338302e+00 3.292705098311822454e+00 -1.100532155906510656e+00 -5.073403532280739370e+00 -7.108407197967693492e+00 -6.428240919905732653e+00 -3.292705098313028600e+00 1.100532155904968112e+00 5.073403532279433747e+00 7.108407197967129498e+00 6.428240919906122564e+00 3.292705098314222312e+00
-2.464589803379042099e+00 -6.830495168502134007e+00 -8.587383539249632491e+00 -7.064183272435563765e+00 -2.842705098309967315e+00 2.464589803377197352e+00 6.830495168500731573e+00 8.587383539249206166e+00 7.064183272436274308e+00 2.842705098311544276e+00 -2.464589803375353494e+00 -6.830495168499327363e+00 -8.587383539248776287e+00 -7.064183272436985739e+00 -2.842705098313130119e+00 2.464589803373515853e+00 6.830495168497920488e+00 8.587383539248346409e+00 7.064183272437691841e+00 2.842705098314701306e+00
-2.489589803378869259e+00 -6.642830723283286609e+00 -8.258736088405813192e+00 -6.720084971873083290e+00 -2.614589803372600052e+00 2.489589803377098676e+00 6.642830723281956118e+00 8.258736088405427722e+00 6.720084971873791169e+00 2.614589803374129495e+00 -2.489589803375328092e+00 -6.642830723280622962e+00 -8.258736088405040476e+00 -6.720084971874500823e+00 -2.614589803375668264e+00 2.489589803373563726e+00 6.642830723279288918e+00 8.258736088404655007e+00 6.720084971875203372e+00 2.614589803377192823e+00
2.317627457798473456e-01 -1.593566144657276196e+00 -2.810206931156503440e+00 -2.953444185374609177e+00 -1.968566144655512495e+00 -2.317627457804750657e-01 1.593566144656660466e+00 2.810206931156133070e+00 2.953444185374626940e+00 1.968566144655910843e+00 2.317627457811027858e-01 -1.593566144656043626e+00 -2.810206931155763588e+00 -2.953444185374644704e+00 -1.968566144656311856e+00 -2.317627457817279524e-01 1.593566144655426564e+00 2.810206931155392329e+00 2.953444185374661135e+00 1.968566144656708206e+00
-3.622213595504126360e+00 -8.027708764002008834e+00 -9.366892036436876623e+00 -7.128240919904048845e+00 -2.166844051966108964e+00 3.622213595502136396e+00 8.027708764000617947e+00 9.366892036436617275e+00 7.128240919905016959e+00 2.166844051967934170e+00 -3.622213595500146877e+00 -8.027708763999228836e+00 -9.366892036436354374e+00 -7.128240919905986850e+00 -2.166844051969770035e+00 3.622213595498164018e+00 8.027708763997836172e+00 9.366892036436093250e+00 7.128240919906948747e+00 2.166844051971589913e+00
-2.983155948035141503e+00 -7.190044318783248123e+00 -8.650580140374541926e+00 -6.806888370748031214e+00 -2.363196601122560025e+00 2.983155948033294980e+00 7.190044318781910526e+00 8.650580140374222182e+00 6.806888370748850114e+00 2.363196601124204488e+00 -2.983155948031449345e+00 -7.190044318780572041e+00 -8.650580140373900662e+00 -6.806888370749670791e+00 -2.363196601125858720e+00 2.983155948029609483e+00 7.190044318779230892e+00 8.650580140373579141e+00 6.806888370750483475e+00 2.363196601127498298e+00
