2.308059579803401373e+00 -6.621093545317007223e-01 -1.529703351805370870e+00 2.460383495678475363e+00 -1.362650915682224406e+00 -8.584912711559923304e-01 2.371867932496293019e+00 -1.929806711057668656e+00 -1.032440834260956175e-01 2.051177410305589532e+00 -2.308059579799980554e+00 6.621093545325673624e-01 1.529703351800930422e+00 -2.460383495674122400e+00 1.362650915681547614e+00 8.584912711524268492e-01 -2.371867932491434239e+00 1.929806711055508162e+00 1.032440834237697558e-01 -2.051177410300696113e+00
-5.154156367928881544e+00 9.782517682099403089e-01 4.004152443161414610e+00 -5.685415276251608141e+00 2.679454061917690311e+00 2.535528112668984146e+00 -5.660146124716136207e+00 4.118372723188603146e+00 8.187086244466817986e-01 -5.080822433935889393e+00 5.154156367921779669e+00 -9.782517682130951187e-01 -4.004152443150602814e+00 5.685415276242055782e+00 -2.679454061917270202e+00 -2.535528112659905631e+00 5.660146124705064175e+00 -4.118372723184632989e+00 -8.187086244402598245e-01 5.080822433924375936e+00
4.972019777192747125e-01 -4.445397590904913709e-01 2.538585118295233478e-02 4.146969012058708826e-01 -5.128912965833127835e-01 1.882429791159145882e-01 2.915984026392718920e-01 -5.310374604426389977e-01 3.326735726868568221e-01 1.399562207369058064e-01 -4.972019777182132838e-01 4.445397590899421436e-01 -2.538585118336833535e-02 -4.146969012048328240e-01 5.128912965825084269e-01 -1.882429791160087351e-01 -2.915984026383587890e-01 5.310374604416580047e-01 -3.326735726866167919e-01 -1.399562207362053112e-01
-2.438899977271292041e+00 3.678776872152385580e-01 2.006433818885276388e+00 -2.726582104098226988e+00 1.198855681022289899e+00 1.317242726233425199e+00 -2.747367377360840912e+00 1.912481327851158319e+00 4.991107377687115099e-01 -2.499221189692960365e+00 2.438899977268033314e+00 -3.678776872169629564e-01 -2.006433818879990394e+00 2.726582104093738135e+00 -1.198855681022298558e+00 -1.317242726228917027e+00 2.747367377355559359e+00 -1.912481327849441914e+00 -4.991107377654393495e-01 2.499221189687401257e+00
-2.425513271000905746e+00 2.401183528658390465e-01 2.143237217761446711e+00 -2.759644810394658698e+00 1.100919824470007136e+00 1.465435936833964004e+00 -2.823643088170321391e+00 1.853955593094544385e+00 6.441875761171982351e-01 -2.611243506997275698e+00 2.425513270997800674e+00 -2.401183528678604850e-01 -2.143237217755963986e+00 2.759644810390236458e+00 -1.100919824470290020e+00 -1.465435936829200259e+00 2.823643088165013637e+00 -1.853955593093051801e+00 -6.441875761136353074e-01 2.611243506991600238e+00
3.676637618321524581e+00 -7.623379974991169039e-01 -2.780455553935937463e+00 4.030959536015128464e+00 -1.958221581779583387e+00 -1.728932003032055853e+00 3.990703048976208756e+00 -2.962420793901928473e+00 -5.081685414947528789e-01 3.559808742640004020e+00 -3.676637618316389133e+00 7.623379975012098964e-01 2.780455553928339985e+00 -4.030959536008292154e+00 1.958221581779142850e+00 1.728932003025724029e+00 -3.990703048968339051e+00 2.962420793898986382e+00 5.081685414903303055e-01 -3.559808742631866529e+00
3.314331954133987068e+00 -5.673964581790004180e-01 -2.647317413491632188e+00 3.679504725753477867e+00 -1.678199813585771416e+00 -1.706662524100881262e+00 3.684501938198534443e+00 -2.624729278531735321e+00 -5.989476158349578139e-01 3.328834429497796066e+00 -3.314331954129486668e+00 5.673964581811794528e-01 2.647317413484568949e+00 -3.679504725747355209e+00 1.678199813585635969e+00 1.706662524094905820e+00 -3.684501938191387271e+00 2.624729278529287946e+00 5.989476158306767939e-01 -3.328834429490320268e+00
2.137136187067167459e+00 -4.674305340646458529e-01 -1.587638638277642844e+00 2.333811689162968328e+00 -1.155921546758320373e+00 -9.749444131789181123e-01 2.302037442500848297e+00 -1.731262904675431091e+00 -2.668158360816450525e-01 2.044923731728540250e+00 -2.137136187064156534e+00 4.674305340658033159e-01 1.587638638273270120e+00 -2.333811689158987068e+00 1.155921546758011287e+00 9.749444131752916798e-01 -2.302037442496284392e+00 1.731262904673679159e+00 2.668158360791338946e-01 -2.044923731723838234e+00
-2.184684449305277276e+00 4.813008968308578606e-01 1.618881311159884318e+00 -2.384410016653931930e+00 1.184160775255792997e+00 9.923455365760021074e-01 -2.350732918410564309e+00 1.771106746464539139e+00 2.686720667947219976e-01 -2.086949703593631522e+00 2.184684449302195297e+00 -4.813008968320325320e-01 -1.618881311155420777e+00 2.384410016649860964e+00 -1.184160775255469700e+00 -9.923455365723026222e-01 2.350732918405900929e+00 -1.771106746462742354e+00 -2.686720667921634886e-01 2.086949703588829141e+00
7.583192702029079024e-02 1.494263747563190359e-02 -9.339805089732086674e-02 9.485335634498077984e-02 -1.810875708275084747e-02 -7.356523564377218105e-02 1.045898782683987865e-01 -4.938754032670657212e-02 -4.653134256628872756e-02 1.040884141863524237e-01 -7.583192702021783471e-02 -1.494263747551398056e-02 9.339805089710925823e-02 -9.485335634484998169e-02 1.810875708280866581e-02 7.356523564357314582e-02 -1.045898782682229133e-01 4.938754032669825933e-02 4.653134256612223574e-02 -1.040884141861486700e-01
-1.903124557495568192e+00 3.741907354867919921e-01 1.463236965767687581e+00 -2.094328953661418247e+00 9.987943790553067691e-01 9.201757414980781258e-01 -2.080525839794602927e+00 1.525629069791466286e+00 2.870413044097450128e-01 -1.863066360852579484e+00 1.903124557492932079e+00 -3.741907354879252523e-01 -1.463236965763718533e+00 2.094328953657886405e+00 -9.987943790551233603e-01 -9.201757414947548952e-01 2.080525839790520415e+00 -1.525629069789978143e+00 -2.870413044074056064e-01 1.863066360848343317e+00
-3.361968861320646651e-01 2.379333001455012642e-01 5.648951642235194859e-02 -3.043407094697951343e-01 3.012844449747942299e-01 -4.984039753290760155e-02 -2.426935436982144978e-01 3.351437691576910627e-01 -1.512915861190566869e-01 -1.572898429241444407e-01 3.361968861314142965e-01 -2.379333001452825780e-01 -5.648951642195851330e-02 3.043407094691140680e-01 -3.012844449743870001e-01 4.984039753311114707e-02 2.426935436975693750e-01 -3.351437691571347299e-01 1.512915861190481659e-01 1.572898429235974060e-01
-2.373565235640348270e+00 7.472828251426731905e-01 1.495081587818908098e+00 -2.504856641730232258e+00 1.449553998413215750e+00 8.008037163916809087e-01 -2.390955227364703894e+00 2.009932726681577186e+00 2.813759767712586957e-02 -2.043010456579955836e+00 2.373565235636758697e+00 -7.472828251434026070e-01 -1.495081587814460544e+00 2.504856641725734079e+00 -1.449553998412374867e+00 -8.008037163881625009e-01 2.390955227359736313e+00 -2.009932726679242165e+00 -2.813759767489687480e-02 2.043010456575001577e+00
5.014433381117189725e+00 -9.764694381857711436e-01 -3.866524710955623334e+00 5.521841843633406022e+00 -2.624789691403771386e+00 -2.436216501678702517e+00 5.488733953559254530e+00 -4.016177241639964812e+00 -7.674344471002892965e-01 4.918350541852015034e+00 -5.014433381110253052e+00 9.764694381887800700e-01 3.866524710945148158e+00 -5.521841843624104129e+00 2.624789691403308645e+00 2.436216501669925538e+00 -5.488733953548493361e+00 4.016177241636060380e+00 7.674344470941020235e-01 -4.918350541840841750e+00
-2.317835833761437314e+00 2.355288675801233966e-01 2.040955044055130507e+00 -2.634815418554973032e+00 1.056456247024283979e+00 1.392876615167840892e+00 -2.693880912341233724e+00 1.773970328245209060e+00 6.084537184464449133e-01 -2.489250573055198146e+00 2.317835833758463249e+00 -2.355288675820403355e-01 -2.040955044049902245e+00 2.634815418550744859e+00 -1.056456247024540884e+00 -1.392876615163301857e+00 2.693880912336164002e+00 -1.773970328243772654e+00 -6.084537184430551804e-01 2.489250573049781590e+00
-2.817312445231639373e+00 7.170626796121695179e-01 1.974354709139962027e+00 -3.038055841265098422e+00 1.597094129133788787e+00 1.160559090008651761e+00 -2.961413164175246138e+00 2.320790877685552367e+00 2.331598610573981378e-01 -2.594886733196898554e+00 2.817312445227561746e+00 -7.170626796134493830e-01 -1.974354709134378272e+00 3.038055841259815537e+00 -1.597094129133161733e+00 -1.160559090004096072e+00 2.961413164169274914e+00 -2.320790877683070796e+00 -2.331598610543353933e-01 2.594886733190818084e+00
-1.574124821470446633e+00 7.431730034682521024e-02 1.486759595201775364e+00 -1.822108027874553171e+00 6.552568585354009434e-01 1.051807392052733992e+00 -1.891730605136697996e+00 1.172055309966844483e+00 5.138969529969097394e-01 -1.776177410305627813e+00 1.574124821468519064e+00 -7.431730034833577969e-02 -1.486759595198071437e+00 1.822108027871710334e+00 -6.552568585357623210e-01 -1.051807392049460166e+00 1.891730605133217225e+00 -1.172055309966015368e+00 -5.138969529943975267e-01 1.776177410301848392e+00
-2.169691176305003744e+00 5.060961105842748387e-01 1.574739516216221658e+00 -2.357313438252136351e+00 1.196448631855117295e+00 9.508037163914817569e-01 -2.314185436494193837e+00 1.769684424891309948e+00 2.337966241678875734e-01 -2.044528840333954545e+00 2.169691176301912439e+00 -5.060961105853730713e-01 -1.574739516211838941e+00 2.357313438248084037e+00 -1.196448631854734934e+00 -9.508037163878707565e-01 2.314185436489574865e+00 -1.769684424889477636e+00 -2.337966241654156341e-01 2.044528840329217889e+00
-2.763288405766941125e+00 2.908990954400446638e-01 2.421316009356206944e+00 -3.137326778318250131e+00 1.266832814479892377e+00 1.648075487374312864e+00 -3.204261746766019492e+00 2.118760111094024179e+00 7.135098538717554728e-01 -2.957541250035557567e+00 2.763288405763384858e+00 -2.908990954423054665e-01 -2.421316009349991472e+00 3.137326778313206166e+00 -1.266832814480177039e+00 -1.648075487368924064e+00 3.204261746759979879e+00 -2.118760111092294451e+00 -7.135098538677390190e-01 2.957541250029111612e+00
-2.977838390166351878e+00 5.990372358848189416e-01 2.273627884511031372e+00 -3.271847115317476185e+00 1.572659079768121915e+00 1.423075487373298476e+00 -3.245584648521349536e+00 2.392338095562381639e+00 4.332225463822904077e-01 -2.901621743009690668e+00 2.977838390162212079e+00 -5.990372358865591051e-01 -2.273627884504844765e+00 3.271847115311945497e+00 -1.572659079767805723e+00 -1.423075487368128833e+00 3.245584648514967085e+00 -2.392338095560030187e+00 -4.332225463786631425e-01 2.901621743003078180e+00
