-2.594959346894866403e+00 1.514183272423077042e+00 1.449593469182500205e-01 -1.748732422725103541e+00 2.684549150281573482e+00 -2.594959346901500208e+00 1.514183272429846294e+00 1.449593469139297541e-01 -1.748732422724886604e+00 2.684549150285540087e+00 -2.594959346908134901e+00 1.514183272436617766e+00 1.449593469096144560e-01 -1.748732422724671220e+00 2.684549150289504471e+00 -2.594959346914769593e+00 1.514183272443384798e+00 1.449593469052895545e-01 -1.748732422724456059e+00 2.684549150293472852e+00
1.295084971861838463e-01 -7.274575140464284440e-02 -1.180339887634730342e-02 9.184405196941296257e-02 -1.368033988747583973e-01 1.295084971865228807e-01 -7.274575140498169834e-02 -1.180339887613800556e-02 9.184405196941337890e-02 -1.368033988749682017e-01 1.295084971868619705e-01 -7.274575140532066331e-02 -1.180339887592896271e-02 9.184405196941386462e-02 -1.368033988751779506e-01 1.295084971872010327e-01 -7.274575140565939235e-02 -1.180339887571943587e-02 9.184405196941437810e-02 -1.368033988753878383e-01
2.390450849709694126e+00 -1.662790070173600476e+00 2.999999999868574463e-01 1.177379873570871816e+00 -2.205040653096002945e+00 2.390450849715051174e+00 -1.662790070179740454e+00 2.999999999914368942e-01 1.177379873569605717e+00 -2.205040653098532033e+00 2.390450849720408666e+00 -1.662790070185881763e+00 2.999999999960120123e-01 1.177379873568340951e+00 -2.205040653101057568e+00 2.390450849725765714e+00 -1.662790070192020186e+00 3.000000000005956791e-01 1.177379873567076629e+00 -2.205040653103587545e+00
2.030901699430190277e+00 -1.428773075800990444e+00 2.809016994264251776e-01 9.742645786322418067e-01 -1.857294901689688249e+00 2.030901699434696450e+00 -1.428773075806200943e+00 2.809016994303518144e-01 9.742645786311020517e-01 -1.857294901691769251e+00 2.030901699439203067e+00 -1.428773075811412996e+00 2.809016994342747875e-01 9.742645786299637400e-01 -1.857294901693847144e+00 2.030901699443708797e+00 -1.428773075816622384e+00 2.809016994382050325e-01 9.742645786288255394e-01 -1.857294901695929035e+00
-5.798074641817224872e+00 3.426441186685163398e+00 2.539763413090987965e-01 -3.837383539264519694e+00 5.955040653093946368e+00 -5.798074641831925113e+00 3.426441186700272645e+00 2.539763412993490399e-01 -3.837383539263863774e+00 5.955040653102628312e+00 -5.798074641846628019e+00 3.426441186715387222e+00 2.539763412896103301e-01 -3.837383539263210519e+00 5.955040653111304927e+00 -5.798074641861330036e+00 3.426441186730492028e+00 2.539763412798502484e-01 -3.837383539262557708e+00 5.955040653119989535e+00
5.272542485912257160e-01 -2.868033988717895721e-01 -6.319660112779233729e-02 3.890576474703119070e-01 -5.663118960625916909e-01 5.272542485926323685e-01 -2.868033988731724104e-01 -6.319660112696119658e-02 3.890576474703507648e-01 -5.663118960634851984e-01 5.272542485940392432e-01 -2.868033988745557483e-01 -6.319660112613109670e-02 3.890576474703900112e-01 -5.663118960643783728e-01 5.272542485954460068e-01 -2.868033988759380870e-01 -6.319660112529901230e-02 3.890576474704293131e-01 -5.663118960652722134e-01
-2.505901699424734286e+00 1.254634122141156993e+00 4.758610463556133263e-01 -2.024593469068074025e+00 2.799999999999271072e+00 -2.505901699431725138e+00 1.254634122147767927e+00 4.758610463519059031e-01 -2.024593469068690865e+00 2.800000000003973533e+00 -2.505901699438716879e+00 1.254634122154381526e+00 4.758610463482034203e-01 -2.024593469069309037e+00 2.800000000008674661e+00 -2.505901699445708175e+00 1.254634122160990239e+00 4.758610463444914451e-01 -2.024593469069927210e+00 2.800000000013378454e+00
-2.157294901678190602e+00 1.254634122143547303e+00 1.272542486049336730e-01 -1.460535821600252193e+00 2.235942352532406030e+00 -2.157294901683717736e+00 1.254634122149176578e+00 1.272542486013513718e-01 -1.460535821600088546e+00 2.235942352535721600e+00 -2.157294901689244870e+00 1.254634122154807407e+00 1.272542485977732341e-01 -1.460535821599926010e+00 2.235942352539034950e+00 -2.157294901694772449e+00 1.254634122160434462e+00 1.272542485941870749e-01 -1.460535821599763917e+00 2.235942352542350964e+00
2.674138953644122463e+00 -1.551847717639347035e+00 -1.631966011401957128e-01 1.815905365134001581e+00 -2.775000000001618172e+00 2.674138953650982753e+00 -1.551847717646325897e+00 -1.631966011357627311e-01 1.815905365133812177e+00 -2.775000000005741541e+00 2.674138953657844375e+00 -1.551847717653306979e+00 -1.631966011313348841e-01 1.815905365133624327e+00 -2.775000000009863133e+00 2.674138953664705110e+00 -1.551847717660283621e+00 -1.631966011268971006e-01 1.815905365133436256e+00 -2.775000000013987833e+00
3.326393202235554458e+00 -2.152708763979768403e+00 1.567627457631054488e-01 1.899061313166801268e+00 -3.229508497189038874e+00 3.326393202243462355e+00 -2.152708763988369967e+00 1.567627457691173065e-01 1.899061313165680831e+00 -3.229508497193234628e+00 3.326393202251370695e+00 -2.152708763996973751e+00 1.567627457751230580e-01 1.899061313164562170e+00 -3.229508497197426831e+00 3.326393202259279480e+00 -2.152708764005572650e+00 1.567627457811407998e-01 1.899061313163443732e+00 -3.229508497201623918e+00
1.946352549147235100e+00 -1.177912029457009124e+00 -4.045084972873213419e-02 1.243362879192858594e+00 -1.971352549156468736e+00 1.946352549152092104e+00 -1.177912029462071297e+00 -4.045084972539726709e-02 1.243362879192527970e+00 -1.971352549159266720e+00 1.946352549156949774e+00 -1.177912029467135246e+00 -4.045084972206609147e-02 1.243362879192198678e+00 -1.971352549162063150e+00 1.946352549161807222e+00 -1.177912029472195643e+00 -4.045084971872776880e-02 1.243362879191869164e+00 -1.971352549164861800e+00
-2.444959346894669316e+00 1.371478174110749348e+00 2.258610463553232806e-01 -1.736929023849560716e+00 2.584549150281025387e+00 -2.444959346901075303e+00 1.371478174117147120e+00 2.258610463513762157e-01 -1.736929023849575815e+00 2.584549150284994656e+00 -2.444959346907481734e+00 1.371478174123546889e+00 2.258610463474338970e-01 -1.736929023849592690e+00 2.584549150288962149e+00 -2.444959346913888165e+00 1.371478174129942440e+00 2.258610463434824744e-01 -1.736929023849609566e+00 2.584549150292932307e+00
9.045084971799646767e-02 -6.094235253073286562e-02 8.155948031099573975e-03 4.774575140597456940e-02 -8.541019662442406180e-02 9.045084971820471775e-02 -6.094235253096590144e-02 8.155948031268433693e-03 4.774575140593452505e-02 -8.541019662452804806e-02 9.045084971841299559e-02 -6.094235253119899276e-02 8.155948031437126877e-03 4.774575140589453620e-02 -8.541019662463190942e-02 9.045084971862127343e-02 -6.094235253143196612e-02 8.155948031606144455e-03 4.774575140585454736e-02 -8.541019662473593732e-02
-2.210410196613957545e+00 1.158813728893464567e+00 3.354101966348533304e-01 -1.701518827223172936e+00 2.417705098311562661e+00 -2.210410196619977619e+00 1.158813728899277473e+00 3.354101966314664285e-01 -1.701518827223509334e+00 2.417705098315491519e+00 -2.210410196625997692e+00 1.158813728905092599e+00 3.354101966280838565e-01 -1.701518827223847063e+00 2.417705098319419932e+00 -2.210410196632017765e+00 1.158813728910903285e+00 3.354101966246929578e-01 -1.701518827224185237e+00 2.417705098323349677e+00
-6.809016994342985685e-01 4.076237921216226412e-01 2.135254915850282043e-02 -4.421729424068681080e-01 6.940983005617902268e-01 -6.809016994360103103e-01 4.076237921233951123e-01 2.135254915734612763e-02 -4.421729424067701308e-01 6.940983005627876512e-01 -6.809016994377221632e-01 4.076237921251681939e-01 2.135254915619073240e-02 -4.421729424066725977e-01 6.940983005637846315e-01 -6.809016994394340161e-01 4.076237921269401654e-01 2.135254915503282877e-02 -4.421729424065751202e-01 6.940983005647826110e-01
-2.197745751396781078e+00 1.275125624956395809e+00 1.345491502917815496e-01 -1.492830723287032590e+00 2.280901699438132368e+00 -2.197745751402420122e+00 1.275125624962131665e+00 1.345491502881388801e-01 -1.492830723286877825e+00 2.280901699441522545e+00 -2.197745751408059611e+00 1.275125624967869076e+00 1.345491502845004295e-01 -1.492830723286724393e+00 2.280901699444910946e+00 -2.197745751413699544e+00 1.275125624973602934e+00 1.345491502808538464e-01 -1.492830723286571182e+00 2.280901699448302011e+00
4.762335554761397027e+00 -3.026973342597204297e+00 1.354101966001597934e-01 2.807875042077030425e+00 -4.678647450846279199e+00 4.762335554772872293e+00 -3.026973342609538875e+00 1.354101966086436737e-01 2.807875042075644867e+00 -4.678647450852516876e+00 4.762335554784351110e+00 -3.026973342621877006e+00 1.354101966171187832e-01 2.807875042074262417e+00 -4.678647450858750112e+00 4.762335554795828152e+00 -3.026973342634207143e+00 1.354101966256111567e-01 2.807875042072879967e+00 -4.678647450864990454e+00
-2.044959346896013219e+00 1.061067977487327285e+00 3.281152949479086978e-01 -1.591969676942887713e+00 2.247745751406231118e+00 -2.044959346901613628e+00 1.061067977492708980e+00 3.281152949447999068e-01 -1.591969676943242762e+00 2.247745751409912174e+00 -2.044959346907214481e+00 1.061067977498092674e+00 3.281152949416952236e-01 -1.591969676943599143e+00 2.247745751413592341e+00 -2.044959346912814890e+00 1.061067977503472592e+00 3.281152949385827688e-01 -1.591969676943955525e+00 2.247745751417274285e+00
-2.430040653083066715e+00 1.365044318767358877e+00 2.213525491680218005e-01 -1.723200266818923687e+00 2.566844051969456419e+00 -2.430040653089427849e+00 1.365044318773716903e+00 2.213525491640944975e-01 -1.723200266818931237e+00 2.566844051973393270e+00 -2.430040653095789871e+00 1.365044318780076926e+00 2.213525491601719408e-01 -1.723200266818939896e+00 2.566844051977328345e+00 -2.430040653102151893e+00 1.365044318786432731e+00 2.213525491562402525e-01 -1.723200266818949222e+00 2.566844051981266528e+00
-1.940450849711285120e+00 1.226518827208472162e+00 -4.409830055343054445e-02 -1.155166278067811580e+00 1.913196601126063490e+00 -1.940450849715980475e+00 1.226518827213500140e+00 -4.409830055687206235e-02 -1.155166278067274233e+00 1.913196601128634100e+00 -1.940450849720676496e+00 1.226518827218529895e+00 -4.409830056030997203e-02 -1.155166278066738217e+00 1.913196601131202490e+00 -1.940450849725372295e+00 1.226518827223556540e+00 -4.409830056375493856e-02 -1.155166278066202201e+00 1.913196601133773767e+00
