-1.717854223483249454e+00 -4.310175145316336831e+00 -3.349060546945766603e+00 3.731183482570443743e-01 3.787687471875353484e+00 4.079575324265267255e+00 1.008140950563984006e+00 -2.894434558317126260e+00 -4.410752844772426684e+00 -2.290716389011758558e+00 1.717854223480018039e+00 4.310175145310823908e+00 3.349060546942514538e+00 -3.731183482553535602e-01 -3.787687471870116784e+00 -4.079575324260796165e+00 -1.008140950563968019e+00 2.894434558312679151e+00 4.410752844767177550e+00 2.290716389010035936e+00
3.204787539881878144e-01 2.584115589477582464e-01 -1.669774724533648613e-02 -2.780409381023259963e-01 -3.101589786548636929e-01 -8.657280893656112142e-02 2.083865379699076925e-01 3.315458765265141272e-01 1.813690153914431502e-01 -1.183338115866575391e-01 -3.204787539877745894e-01 -2.584115589475029506e-01 1.669774724522332665e-02 2.780409381019376958e-01 3.101589786545203009e-01 8.657280893654557830e-02 -2.083865379695824527e-01 -3.315458765261165563e-01 -1.813690153913011527e-01 1.183338115864272233e-01
2.576777976123738600e+00 5.238174521313214704e+00 3.581065489000561097e+00 -1.028379557456163829e+00 -4.789998164263178815e+00 -4.602601001467451880e+00 -6.206838174358064730e-01 3.872943413015674796e+00 5.173601859703058636e+00 2.208990335717505360e+00 -2.576777976119317692e+00 -5.238174521306683928e+00 -3.581065488997301482e+00 1.028379557453463766e+00 4.789998164256748403e+00 4.602601001462587327e+00 6.206838174365206795e-01 -3.872943413009975799e+00 -5.173601859697067873e+00 -2.208990335716162434e+00
1.974564212320934597e+00 4.552028048352085854e+00 3.376665697365190066e+00 -5.825194506850324139e-01 -4.061458381936663642e+00 -4.192011228718757643e+00 -8.665463734345839608e-01 3.173324871253076829e+00 4.597013493545002660e+00 2.230788600937754218e+00 -1.974564212317359901e+00 -4.552028048346319800e+00 -3.376665697361982854e+00 5.825194506830353447e-01 4.061458381931111639e+00 4.192011228714222604e+00 8.665463734348076708e-01 -3.173324871248283774e+00 -4.597013493539587436e+00 -2.230788600936181254e+00
-3.865850963440621957e+00 -1.070104550410445299e+01 -8.713982499405815929e+00 4.571447003318160895e-01 9.251388325441066485e+00 1.041851454151743006e+01 2.996310071157410437e+00 -6.896140799271723409e+00 -1.110320979024470311e+01 -6.156465136359358326e+00 3.865850963433002274e+00 1.070104550409063116e+01 8.713982499397175729e+00 -4.571447003281450261e-01 -9.251388325428116843e+00 -1.041851454150586775e+01 -2.996310071156772281e+00 6.896140799260923160e+00 1.110320979023135557e+01 6.156465136354469792e+00
2.280506786280782627e+00 2.123312834905415780e+00 2.155971544410169027e-01 -1.869863179271616715e+00 -2.413753155601928935e+00 -9.676738358030690934e-01 1.276184336172774048e+00 2.467918499820742184e+00 1.625027859936088781e+00 -5.575836785506371740e-01 -2.280506786277743281e+00 -2.123312834903196222e+00 -2.155971544414467811e-01 1.869863179268891562e+00 2.413753155599155154e+00 9.676738358025316344e-01 -1.276184336170630873e+00 -2.467918499817687294e+00 -1.625027859934641716e+00 5.575836785492859216e-01
-1.473967733413245274e+00 -4.735253895097748966e+00 -4.092657077384544095e+00 -7.595305045710221137e-02 4.003368911532938057e+00 4.782195461827157601e+00 1.618439020551559526e+00 -2.879606285796392218e+00 -5.003619234950532402e+00 -3.002500902985564046e+00 1.473967733410112224e+00 4.735253895091550369e+00 4.092657077380385644e+00 7.595305045841449498e-02 -4.003368911527240392e+00 -4.782195461821765470e+00 -1.618439020550922258e+00 2.879606285791755926e+00 5.003619234944439498e+00 3.002500902983037179e+00
-2.053666335747878158e+00 -5.112003057935472938e+00 -3.955853678509113180e+00 4.616181530254417908e-01 4.498518363585798596e+00 4.826707349539438141e+00 1.175616430796767808e+00 -3.444687348788271652e+00 -5.225089275548556067e+00 -2.697773487370065393e+00 2.053666335744029237e+00 5.112003057928940386e+00 3.955853678505279358e+00 -4.616181530234150232e-01 -4.498518363579585788e+00 -4.826707349534153479e+00 -1.175616430796773360e+00 3.444687348782987879e+00 5.225089275542343259e+00 2.697773487368047451e+00
4.245247086740246978e+00 7.967910806510128729e+00 5.121593840556965205e+00 -1.947116151085988012e+00 -7.410566156773186641e+00 -6.764526845091747731e+00 -5.416120797908705597e-01 6.127823659161102832e+00 7.745300830797730463e+00 2.977323546662726805e+00 -4.245247086733193953e+00 -7.967910806500309029e+00 -5.121593840552468357e+00 1.947116151081451196e+00 7.410566156763362500e+00 6.764526845084724016e+00 5.416120797924455221e-01 -6.127823659152237923e+00 -7.745300830788876212e+00 -2.977323546661183151e+00
4.322142554301312778e+00 8.053870966628446482e+00 5.145750601800403778e+00 -2.004678335200201111e+00 -7.502391323840770454e+00 -6.814911618960775463e+00 -5.090177667639165238e-01 6.216525346041811950e+00 7.816981604574666953e+00 2.972887663180024731e+00 -4.322142554294152283e+00 -8.053870966618530858e+00 -5.145750601795901602e+00 2.004678335195574146e+00 7.502391323830835290e+00 6.814911618953712669e+00 5.090177667655552129e-01 -6.216525346032833355e+00 -7.816981604565742536e+00 -2.972887663178512163e+00
3.088192703370446601e+00 5.457349227884699339e+00 3.327306082150453204e+00 -1.545866337981528282e+00 -5.144580953111324462e+00 -4.501951288945530649e+00 -1.477801952520316764e-01 4.328225250244360112e+00 5.235914136638641025e+00 1.826960973327924620e+00 -3.088192703365433722e+00 -5.457349227878035336e+00 -3.327306082147629240e+00 1.545866337978182736e+00 5.144580953104570753e+00 4.501951288940930773e+00 1.477801952533811525e-01 -4.328225250238179278e+00 -5.235914136632720428e+00 -1.826960973327144355e+00
-1.927118949567626860e+00 -4.162202596275013100e+00 -2.965843656720225763e+00 6.756442722236333243e-01 3.760111134737305960e+00 3.744631471734775285e+00 6.419671739751610096e-01 -2.989953797096977617e+00 -4.156868667913683701e+00 -1.896738400335988173e+00 1.927118949564235573e+00 4.162202596269782617e+00 2.965843656717464860e+00 -6.756442722216465802e-01 -3.760111134732212701e+00 -3.744631471730769601e+00 -6.419671739755481443e-01 2.989953797092521626e+00 4.156868667908828030e+00 1.896738400334736285e+00
8.248258538552092345e-01 3.091351273788678355e-03 -8.211917524782321731e-01 -9.684601540955397603e-01 -3.173014395423812140e-01 5.954499407069683281e-01 1.017294826794213680e+00 6.004518521392059327e-01 -3.114213399957731498e-01 -9.665495939363812905e-01 -8.248258538543755680e-01 -3.091351274069426003e-03 8.211917524770675492e-01 9.684601540944519638e-01 3.173014395422660838e-01 -5.954499407060154237e-01 -1.017294826792978446e+00 -6.004518521387065544e-01 3.114213399951230032e-01 9.665495939351194110e-01
-1.545153349814551769e+00 -3.553370342242513580e+00 -2.632084016392691961e+00 4.591700069811782137e-01 3.171870733189145586e+00 3.269587671312013111e+00 6.717600953602874680e-01 -2.479886317048560329e+00 -3.587041304405962805e+00 -1.736933639139255803e+00 1.545153349811757781e+00 3.553370342238014068e+00 2.632084016390193071e+00 -4.591700069796141870e-01 -3.171870733184811275e+00 -3.269587671308476828e+00 -6.717600953604678793e-01 2.479886317044816657e+00 3.587041304401738184e+00 1.736933639138033669e+00
-1.374099116169157642e-01 -7.025231035212408104e-01 -6.884555276720965011e-01 -1.068049085286448541e-01 5.628988274607719111e-01 7.685321671568985380e-01 3.405649200736872162e-01 -3.681740922217888734e-01 -7.733795234418415765e-01 -5.409880643864165561e-01 1.374099116165329593e-01 7.025231035202930130e-01 6.884555276713644201e-01 1.068049085287323119e-01 -5.628988274599376895e-01 -7.685321671560041423e-01 -3.405649200734708337e-01 3.681740922211499401e-01 7.733795234408727959e-01 5.409880643859170668e-01
-1.704550059295602882e+00 -4.159086224023325506e+00 -3.184749031691804344e+00 4.151891978602713640e-01 3.672833206517810201e+00 3.902485187981961090e+00 9.148132750539333946e-01 -2.827057684624943779e+00 -4.238218903858730791e+00 -2.155267450725998124e+00 1.704550059292437414e+00 4.159086224018022193e+00 3.184749031688732579e+00 -4.151891978585779408e-01 -3.672833206512750692e+00 -3.902485187977701386e+00 -9.148132750539884617e-01 2.827057684620624567e+00 4.238218903853702813e+00 2.155267450724407841e+00
5.972041127317448073e+00 1.154663205057754105e+01 7.601838938637029308e+00 -2.610134413708452783e+00 -1.067023596839271171e+01 -9.933480267695006916e+00 -1.007270442187735870e+00 8.749362845716557757e+00 1.129276333752243033e+01 4.526076649134100904e+00 -5.972041127307408104e+00 -1.154663205056324848e+01 -7.601838938630257836e+00 2.610134413702115630e+00 1.067023596837849730e+01 9.933480267684620557e+00 1.007270442189748039e+00 -8.749362845703819502e+00 -1.129276333750945938e+01 -4.526076649131588248e+00
-9.467539696113599357e-01 -3.697332266462016293e+00 -3.399720788491464418e+00 -2.992792163133933814e-01 3.047896969157346092e+00 3.882296994268254586e+00 1.516016867343567442e+00 -2.100112280565094025e+00 -3.984846920691943684e+00 -2.584356224686628067e+00 9.467539696091199497e-01 3.697332266457105554e+00 3.399720788487928136e+00 2.992792163141486661e-01 -3.047896969152925628e+00 -3.882296994263807921e+00 -1.516016867342763641e+00 2.100112280561596823e+00 3.984846920687022731e+00 2.584356224684342340e+00
-2.585473959267078126e+00 -5.860832089745068529e+00 -4.304347377762232973e+00 8.007682709592258696e-01 5.245706938108263273e+00 5.365930081177142874e+00 1.062322194989442803e+00 -4.117095442380418469e+00 -5.902258161612314424e+00 -2.821425162857215341e+00 2.585473959262432508e+00 5.860832089737659345e+00 4.304347377758164228e+00 -8.007682709565973056e-01 -5.245706938101108996e+00 -5.365930081171353727e+00 -1.062322194989795854e+00 4.117095442374220760e+00 5.902258161605375086e+00 2.821425162855256019e+00
-1.743909167277837735e+00 -4.005876780665925452e+00 -2.965281421074756452e+00 5.199794042560226259e-01 3.576553871709019283e+00 3.684511835383971423e+00 7.548495657630310829e-01 -2.797132950473376845e+00 -4.043076559741741960e+00 -1.955788600938079380e+00 1.743909167274685812e+00 4.005876780660853065e+00 2.965281421071943146e+00 -5.199794042542567052e-01 -3.576553871704132526e+00 -3.684511835379987499e+00 -7.548495657632372513e-01 2.797132950469155332e+00 4.043076559736981324e+00 1.955788600936704480e+00
