2.959435255849118263e-01 -2.452669434980129515e-01 1.705819241062881131e-01 -7.919915746900943465e-02 -1.993617451412192654e-02 1.171200148320725443e-01 -2.028393320748626272e-01 2.687033222291644874e-01 -3.082647590372979418e-01 3.176510934237929962e-01 -2.959435255805319409e-01 2.452669434936128878e-01 -1.705819241022979438e-01 7.919915746581958349e-02 1.993617451619704439e-02 -1.171200148328319646e-01 2.028393320742318817e-01 -2.687033222272054434e-01 3.082647590342013633e-01 -3.176510934198623626e-01
2.638433327171860299e+00 -2.420270402762175088e+00 1.965194548314377787e+00 -1.317751759162453906e+00 5.413182465084329653e-01 2.881032676981609697e-01 -1.089323226726885974e+00 1.783912638560098296e+00 -2.303880252078595259e+00 2.598328014444029055e+00 -2.638433327138319129e+00 2.420270402725399173e+00 -1.965194548277963360e+00 1.317751759129963895e+00 -5.413182464830643692e-01 -2.881032677139416798e-01 1.089323226731534033e+00 -1.783912638553160734e+00 2.303880252060741984e+00 -2.598328014417005782e+00
2.372810981117092322e+00 -2.250297010610752491e+00 1.907508289964170434e+00 -1.377999367504327166e+00 7.136022658678131680e-01 2.064719750984106428e-02 -7.528755693359909795e-01 1.411407234840995173e+00 -1.931780526345280080e+00 2.263057680422638551e+00 -2.372810981088664839e+00 2.250297010578452550e+00 -1.907508289931157064e+00 1.377999367473830672e+00 -7.136022658428323728e-01 -2.064719752687471654e-02 7.528755693434103780e-01 -1.411407234838076397e+00 1.931780526332300685e+00 -2.263057680400864413e+00
-5.112138363212982206e+00 4.473934429980783278e+00 -3.397790623007982624e+00 1.989047396057270545e+00 -3.856023514750605563e-01 -1.255588137915396585e+00 2.773872912165401772e+00 -4.020631679059093244e+00 4.873823003814045762e+00 -5.249930575030377078e+00 5.112138363142912922e+00 -4.473934429907266086e+00 3.397790622938202887e+00 -1.989047395998056134e+00 3.856023514322422518e-01 1.255588137937662108e+00 -2.773872912164934146e+00 4.020631679035939321e+00 -4.873823003770458406e+00 5.249930574970621322e+00
7.280071145353691486e-01 -7.708764473165152786e-01 7.382870224219306721e-01 -6.334289198243627794e-01 4.665663811956290985e-01 -2.540330744165827381e-01 1.663324036155805485e-02 2.223947711500944835e-01 -4.396532329454501120e-01 6.138753730552433119e-01 -7.280071145285437195e-01 7.708764473074496415e-01 -7.382870224115122282e-01 6.334289198136107135e-01 -4.665663811855995102e-01 2.540330744082537340e-01 -1.663324035574459403e-02 -2.223947711528244664e-01 4.396532329448268328e-01 -6.138753730513246687e-01
-2.523236515867175012e+00 2.225521789031737363e+00 -1.709957483363756969e+00 1.027010625250446285e+00 -2.435328115351220180e-01 -5.637836905643454077e-01 1.315913116917312164e+00 -1.939231798878371826e+00 2.372724960940657546e+00 -2.573959272077352978e+00 2.523236515832998350e+00 -2.225521788995632022e+00 1.709957483329253014e+00 -1.027010625220919682e+00 2.435328115134797189e-01 5.637836905760018613e-01 -1.315913116917841075e+00 1.939231798867723011e+00 -2.372724960919865289e+00 2.573959272048452096e+00
-2.466921229278221883e+00 2.241550338211071747e+00 -1.796760882240058699e+00 1.176091952346662195e+00 -4.402989478441934890e-01 -3.385935854148152124e-01 1.084342219411223329e+00 -1.723947881913028946e+00 2.194801514279910659e+00 -2.450812682345874016e+00 2.466921229246356262e+00 -2.241550338176461654e+00 1.796760882206088317e+00 -1.176091952316655309e+00 4.402989478211027929e-01 3.385935854287451807e-01 -1.084342219414629049e+00 1.723947881905578017e+00 -2.194801514262325615e+00 2.450812682319873037e+00
3.259723467093295746e+00 -2.991031456281000089e+00 2.429556446786003132e+00 -1.630259524564983353e+00 6.713814413948907545e-01 3.532161350464345650e-01 -1.343238455185331803e+00 2.201775236435244754e+00 -2.844786916869978644e+00 3.209331033083056006e+00 -3.259723467051876433e+00 2.991031456235573316e+00 -2.429556446741011122e+00 1.630259524524827919e+00 -6.713814413635236233e-01 -3.532161350659636101e-01 1.343238455191111402e+00 -2.201775236426710691e+00 2.844786916847957148e+00 -3.209331033049698245e+00
3.522432790056580831e+00 -3.137308571293505377e+00 2.445082730657944570e+00 -1.513515156453301369e+00 4.337941734565528007e-01 6.883896056574230204e-01 -1.743189013874335336e+00 2.627352935898096042e+00 -3.254333246708863037e+00 3.562756745056176122e+00 -3.522432790009588643e+00 3.137308571243422328e+00 -2.445082730609667632e+00 1.513515156411553431e+00 -4.337941734254439075e-01 -6.883896056748710635e-01 1.743189013876413895e+00 -2.627352935884604168e+00 3.254333246681109681e+00 -3.562756745016876447e+00
1.956228180951514073e+00 -1.743562000792368671e+00 1.360223823884807448e+00 -8.437374618592062836e-01 2.446601984032054644e-01 3.783661099189925547e-01 -9.643553071690068590e-01 1.455946687893083347e+00 -1.805019862627466498e+00 1.977405116893550474e+00 -1.956228180925445148e+00 1.743562000764567133e+00 -1.360223823857991787e+00 8.437374618359999578e-01 -2.446601983858929796e-01 -3.783661099287294882e-01 9.643553071702146706e-01 -1.455946687885645296e+00 1.805019862612104120e+00 -1.977405116871766788e+00
-2.258804518094807090e+00 1.972124089110823819e+00 -1.492398413688205361e+00 8.665863833832574414e-01 -1.559468400115917308e-01 -5.699578666042915964e-01 1.240071126105062316e+00 -1.788797583697072202e+00 2.162424070509289642e+00 -2.324377422804014603e+00 2.258804518063736388e+00 -1.972124089078290510e+00 1.492398413657389789e+00 -8.665863833571748609e-01 1.559468399928102544e-01 5.699578666139487604e-01 -1.240071126104649091e+00 1.788797583686630555e+00 -2.162424070489834538e+00 2.324377422777450519e+00
-3.598203609338290754e-02 7.021575905142254936e-02 -9.757627429144374864e-02 1.153853439498413735e-01 -1.218996922053837695e-01 1.164816492627099714e-01 -9.966157091480407071e-02 7.308592362276894461e-02 -3.935611690700322601e-02 1.773859258256814397e-03 3.598203609380257184e-02 -7.021575905131154094e-02 9.757627429081328074e-02 -1.153853439487530497e-01 1.218996922039439629e-01 -1.164816492610597914e-01 9.966157091310490213e-02 -7.308592362118687680e-02 3.935611690569330162e-02 -1.773859257348173180e-03
-2.208809081667114871e+00 1.980366972170516382e+00 -1.558072745409714965e+00 9.832635025975484666e-01 -3.122055773525173605e-01 -3.894132050664484979e-01 1.052913509770368794e+00 -1.613347304056236275e+00 2.015855423367566512e+00 -2.221037568547428620e+00 2.208809081637955529e+00 -1.980366972139248061e+00 1.558072745379394775e+00 -9.832635025711431442e-01 3.122055773326261607e-01 3.894132050778931764e-01 -1.052913509772246181e+00 1.613347304048364128e+00 -2.015855423350707998e+00 2.221037568523233308e+00
-2.803499928190458235e-01 1.931401147281328057e-01 -8.702433652146615572e-02 -2.760999007790349014e-02 1.395416584780530267e-01 -2.378140171021535521e-01 3.128074827842939332e-01 -3.571811725933367043e-01 3.665914806011551508e-01 -3.401172602945521373e-01 2.803499928139724928e-01 -1.931401147235530247e-01 8.702433651782728874e-02 2.760999008024542234e-02 -1.395416584788663206e-01 2.378140171013611026e-01 -3.128074827819729009e-01 3.571811725897143797e-01 -3.665914805965851397e-01 3.401172602894829700e-01
-2.183518350765206950e+00 1.949912236740887872e+00 -1.525435127146858916e+00 9.516377989767075274e-01 -2.846875325933415080e-01 -4.101299330134400845e-01 1.064801023231802812e+00 -1.615241970389347914e+00 2.007571779430777248e+00 -2.203386475124839983e+00 2.183518350736197711e+00 -1.949912236709895774e+00 1.525435127116913758e+00 -9.516377989507394108e-01 2.846875325739067208e-01 4.101299330244537189e-01 -1.064801023233316490e+00 1.615241970381215530e+00 -2.007571779413787727e+00 2.203386475100654440e+00
4.919053698969269917e+00 -4.467134041295847346e+00 3.577940179306957624e+00 -2.338512603593341677e+00 8.701751208668034865e-01 6.833411655535399643e-01 -2.169967257567712249e+00 3.444181835355979437e+00 -4.381255898069524868e+00 4.889462107471515218e+00 -4.919053698905671013e+00 4.467134041226808350e+00 -3.577940179239229579e+00 2.338512603533551726e+00 -8.701751208208348132e-01 -6.833411655812189345e-01 2.169967257574390906e+00 -3.444181835341008302e+00 4.381255898034354779e+00 -4.889462107419583425e+00
-2.332614169814533955e+00 2.094309948642948171e+00 -1.651000077782624587e+00 1.046078816115498356e+00 -3.387600714683974834e-01 -4.017188692526628691e-01 1.102874768109430414e+00 -1.696073600481255328e+00 2.123248931596357192e+00 -2.342585863739892638e+00 2.332614169783809199e+00 -2.094309948609958116e+00 1.651000077750594430e+00 -1.046078816087562258e+00 3.387600714473049113e-01 4.017188692648624992e-01 -1.102874768111542281e+00 1.696073600473074761e+00 -2.123248931578677112e+00 2.342585863714442329e+00
-2.485517264529228054e+00 2.275170115934133985e+00 -1.842113464348831497e+00 1.228737912114275854e+00 -4.950849319225881229e-01 -2.870304108636524409e-01 1.041049217174131902e+00 -1.693162872689053522e+00 2.179537949263646190e+00 -2.452564665628591545e+00 2.485517264497516976e+00 -2.275170115899438628e+00 1.842113464314544924e+00 -1.228737912083752715e+00 4.950849318988317926e-01 2.870304108783323094e-01 -1.041049217178298125e+00 1.693162872682300257e+00 -2.179537949246626471e+00 2.452564665602968486e+00
-2.104926201220962412e+00 2.015749879541594680e+00 -1.729257915096986897e+00 1.273494137474432852e+00 -6.930718807211457833e-01 4.480691936828568034e-02 6.078440554389764605e-01 -1.200995018999546637e+00 1.676584222274296154e+00 -1.988057680421981166e+00 2.104926201196203994e+00 -2.015749879513145437e+00 1.729257915067630380e+00 -1.273494137447040764e+00 6.930718806984119684e-01 -4.480691935242281376e-02 -6.078440554464157319e-01 1.200995018997836006e+00 -1.676584222263596269e+00 1.988057680403335414e+00
-2.402366900403922312e+00 2.204402125113690047e+00 -1.790655110844332709e+00 1.201626298098144918e+00 -4.949739310723973995e-01 -2.601299330113621688e-01 9.897704668182665255e-01 -1.622525371194582400e+00 2.096456187437330865e+00 -2.365171265182721250e+00 2.402366900373398284e+00 -2.204402125080211494e+00 1.790655110811173900e+00 -1.201626298068550147e+00 4.949739310492787259e-01 2.601299330257571540e-01 -9.897704668225284497e-01 1.622525371188295873e+00 -2.096456187421103401e+00 2.365171265158138691e+00
