-2.089057647467199352e+00 -1.018440519683325274e+00 2.718488504151914231e+00 -6.616777739079385823e-01 -2.309549150277047325e+00 2.089057647467489787e+00 1.018440519684914891e+00 -2.718488504153186991e+00 6.616777739071374453e-01 2.309549150278819241e+00 -2.089057647467780665e+00 -1.018440519686504953e+00 2.718488504154461083e+00 -6.616777739063344210e-01 -2.309549150280585827e+00 2.089057647468074208e+00 1.018440519688091017e+00 -2.718488504155734287e+00 6.616777739055268448e-01 2.309549150282353303e+00
-1.104101966251754136e-01 1.977457514062729849e-01 -1.180339887474657519e-02 -1.904508497189479066e-01 1.295084971873377844e-01 1.104101966253041300e-01 -1.977457514063492294e-01 1.180339887466508308e-02 1.904508497190745275e-01 -1.295084971873344259e-01 -1.104101966254328326e-01 1.977457514064255018e-01 -1.180339887458353720e-02 -1.904508497192011762e-01 1.295084971873313728e-01 1.104101966255612299e-01 -1.977457514065018573e-01 1.180339887450231745e-02 1.904508497193280192e-01 -1.295084971873284307e-01
2.814386537902624497e+00 9.934405196840041530e-01 -3.428366544869159149e+00 1.125406530937631766e+00 2.732827057589388264e+00 -2.814386537903186714e+00 -9.934405196859045217e-01 3.428366544870895538e+00 -1.125406530936806870e+00 -2.732827057591639353e+00 2.814386537903748930e+00 9.934405196878053346e-01 -3.428366544872633259e+00 1.125406530935979310e+00 2.732827057593883779e+00 -2.814386537904314700e+00 -9.934405196897010404e-01 3.428366544874369648e+00 -1.125406530935146865e+00 -2.732827057596128650e+00
2.563525491559336178e+00 1.446555814621028002e+00 -3.457546151619288910e+00 6.903252247504507721e-01 3.030901699432857921e+00 -2.563525491559604408e+00 -1.446555814623104119e+00 3.457546151620840114e+00 -6.903252247493356641e-01 -3.030901699435102792e+00 2.563525491559872638e+00 1.446555814625180680e+00 -3.457546151622392649e+00 6.903252247482177806e-01 3.030901699437341446e+00 -2.563525491560144864e+00 -1.446555814627252357e+00 3.457546151623943853e+00 -6.903252247470944569e-01 -3.030901699439580987e+00
-5.800125624962201520e+00 -1.693643785146981218e+00 6.846855049019046291e+00 -2.537945351189584642e+00 -5.278318560395714343e+00 5.800125624963519577e+00 1.693643785150672709e+00 -6.846855049022645190e+00 2.537945351188122256e+00 5.278318560400225401e+00 -5.800125624964837634e+00 -1.693643785154364645e+00 6.846855049026245865e+00 -2.537945351186654097e+00 -5.278318560404724025e+00 5.800125624966161908e+00 1.693643785158045922e+00 -6.846855049029843876e+00 2.537945351185176612e+00 5.278318560409222648e+00
1.081433855340901751e+00 -4.801662780628657146e-01 -7.846747752467819748e-01 9.651219592800776015e-01 1.881966011230558622e-01 -1.081433855341506156e+00 4.801662780626845262e-01 7.846747752474978466e-01 -9.651219592803395031e-01 -1.881966011236115288e-01 1.081433855342110339e+00 -4.801662780625033378e-01 -7.846747752482142735e-01 9.651219592806008496e-01 1.881966011241644199e-01 -1.081433855342714301e+00 4.801662780623238147e-01 7.846747752489291461e-01 -9.651219592808617520e-01 -1.881966011247171444e-01
-2.186803398873224946e+00 -1.391186271088967530e+00 3.046603799088726916e+00 -4.917184270018356562e-01 -2.742705098307614442e+00 2.186803398873382154e+00 1.391186271090838700e+00 -3.046603799090041420e+00 4.917184270007787794e-01 2.742705098309585754e+00 -2.186803398873540250e+00 -1.391186271092710314e+00 3.046603799091356812e+00 -4.917184269997195156e-01 -2.742705098311551737e+00 2.186803398873701898e+00 1.391186271094577487e+00 -3.046603799092671316e+00 4.917184269986552558e-01 2.742705098313519052e+00
-2.057294901686342659e+00 -1.336677773902327004e+00 2.883407197964802826e+00 -4.453658778454590572e-01 -2.608155948027493842e+00 2.057294901686478106e+00 1.336677773904105138e+00 -2.883407197966037838e+00 4.453658778444459232e-01 2.608155948029358129e+00 -2.057294901686614441e+00 -1.336677773905883493e+00 2.883407197967273738e+00 -4.453658778434306798e-01 -2.608155948031218418e+00 2.057294901686753885e+00 1.336677773907658073e+00 -2.883407197968508751e+00 4.453658778424107179e-01 2.608155948033079152e+00
4.156433855338887540e+00 9.342979003384106473e-01 -4.733861713366421142e+00 1.991389536563183960e+00 3.503115294930616130e+00 -4.156433855339957795e+00 -9.342979003408780070e-01 4.733861713369016400e+00 -1.991389536562323315e+00 -3.503115294933749180e+00 4.156433855341028050e+00 9.342979003433458107e-01 -4.733861713371612545e+00 1.991389536561459561e+00 3.503115294936872015e+00 -4.156433855342102746e+00 -9.342979003458058429e-01 4.733861713374206914e+00 -1.991389536560588702e+00 -3.503115294939996183e+00
3.798277907307936463e+00 1.348355547807251087e+00 -4.631607464772923066e+00 1.514135287969407662e+00 3.695820393243293367e+00 -3.798277907308691415e+00 -1.348355547809820587e+00 4.631607464775266081e+00 -1.514135287968289223e+00 -3.695820393246334046e+00 3.798277907309446810e+00 1.348355547812390975e+00 -4.631607464777609984e+00 1.514135287967167454e+00 3.695820393249365399e+00 -3.798277907310207091e+00 -1.348355547814954036e+00 4.631607464779952998e+00 -1.514135287966038357e+00 -3.695820393252398528e+00
1.569630456465757273e+00 5.335624789660421419e-01 -1.899390203588681381e+00 6.403252247500463845e-01 1.503647450839679989e+00 -1.569630456466079904e+00 -5.335624789670889712e-01 1.899390203589650827e+00 -6.403252247495999638e-01 -1.503647450840927879e+00 1.569630456466402979e+00 5.335624789681361335e-01 -1.899390203590621162e+00 6.403252247491523219e-01 1.503647450842172217e+00 -1.569630456466727608e+00 -5.335624789691801872e-01 1.899390203591590831e+00 -6.403252247487017934e-01 -1.503647450843416999e+00
-1.981762745779354518e+00 -1.030243918558569227e+00 2.618488504151720075e+00 -5.880709761575928507e-01 -2.255040653089579017e+00 1.981762745779600987e+00 1.030243918560117988e+00 -2.618488504152924001e+00 5.880709761567899374e-01 2.255040653091282543e+00 -1.981762745779848123e+00 -1.030243918561667194e+00 2.618488504154128815e+00 -5.880709761559850257e-01 -2.255040653092981184e+00 1.981762745780098367e+00 1.030243918563212624e+00 -2.618488504155333185e+00 5.880709761551757842e-01 2.255040653094681158e+00
-3.081559480308660448e-01 2.786474508433428032e-01 1.359423525312542513e-01 -3.626644452183199752e-01 8.819660112472796354e-02 3.081559480311021337e-01 -2.786474508433816055e-01 -1.359423525314662762e-01 3.626644452184898948e-01 -8.819660112462054946e-02 -3.081559480313382782e-01 2.786474508434203523e-01 1.359423525316784120e-01 -3.626644452186597034e-01 8.819660112451391254e-02 3.081559480315739785e-01 -2.786474508434594877e-01 -1.359423525318899928e-01 3.626644452188295675e-01 -8.819660112440740052e-02
-1.429508497186668059e+00 -1.934220259838835165e+00 2.624922359495811541e+00 3.119290238415054484e-01 -2.817705098307928147e+00 1.429508497186309235e+00 1.934220259840711442e+00 -2.624922359496612234e+00 -3.119290238428845674e-01 2.817705098309584599e+00 -1.429508497185951299e+00 -1.934220259842587719e+00 2.624922359497414259e+00 3.119290238442659069e-01 -2.817705098311237499e+00 1.429508497185597360e+00 1.934220259844461332e+00 -2.624922359498217173e+00 -3.119290238456520203e-01 2.817705098312892176e+00
-2.809016994371300591e-01 -2.159830056240392149e-01 4.143865379051801523e-01 -4.012195928167368308e-02 -3.895898033739529920e-01 2.809016994371335008e-01 2.159830056243033369e-01 -4.143865379053468523e-01 4.012195928151288116e-02 3.895898033742195565e-01 -2.809016994371370535e-01 -2.159830056245675145e-01 4.143865379055137188e-01 -4.012195928135176004e-02 -3.895898033744855105e-01 2.809016994371410503e-01 2.159830056248311092e-01 -4.143865379056805298e-01 4.012195928118991728e-02 3.895898033747516309e-01
-2.065450849716702564e+00 -7.116777739026699523e-01 2.505291903026754863e+00 -8.366777739073743003e-01 -1.988196601120981066e+00 2.065450849717122672e+00 7.116777739040536233e-01 -2.505291903028030731e+00 8.366777739067806641e-01 1.988196601122626639e+00 -2.065450849717543225e+00 -7.116777739054375163e-01 2.505291903029307043e+00 -8.366777739061850294e-01 -1.988196601124267548e+00 2.065450849717965998e+00 7.116777739068176345e-01 -2.505291903030582024e+00 8.366777739055857310e-01 1.988196601125908902e+00
5.047416860963092944e+00 1.716796067492313504e+00 -6.108455182426334673e+00 2.058436854001638672e+00 4.836271242959340633e+00 -5.047416860964130336e+00 -1.716796067495680589e+00 6.108455182429452179e+00 -2.058436854000202931e+00 -4.836271242963354311e+00 5.047416860965168617e+00 1.716796067499048117e+00 -6.108455182432573238e+00 2.058436853998762750e+00 4.836271242967355555e+00 -5.047416860966212226e+00 -1.716796067502406542e+00 6.108455182435689856e+00 -2.058436853997313243e+00 -4.836271242971358575e+00
-2.228976341279333528e+00 -1.345162612370237376e+00 3.060332556120048508e+00 -5.462269241892190319e-01 -2.722745751401463021e+00 2.228976341279527151e+00 1.345162612372098332e+00 -3.060332556121392766e+00 5.462269241881907433e-01 2.722745751403446324e+00 -2.228976341279721218e+00 -1.345162612373959732e+00 3.060332556122737468e+00 -5.462269241871600123e-01 -2.722745751405424297e+00 2.228976341279918394e+00 1.345162612375816469e+00 -3.060332556124081282e+00 5.462269241861243962e-01 2.722745751407403159e+00
-2.628647450841333555e+00 -1.059955681214273637e+00 3.283736088400720288e+00 -9.695048315014566098e-01 -2.684549150276331897e+00 2.628647450841799404e+00 1.059955681216132817e+00 -3.283736088402334552e+00 9.695048315005975192e-01 2.684549150278481733e+00 -2.628647450842265254e+00 -1.059955681217992440e+00 3.283736088403950149e+00 -9.695048314997358752e-01 -2.684549150280624907e+00 2.628647450842734212e+00 1.059955681219846957e+00 -3.283736088405565301e+00 9.695048314988691240e-01 2.684549150282769858e+00
-1.986271242967348138e+00 -1.023810063215047972e+00 2.619020660058718697e+00 -5.948337219389547847e-01 -2.251393202246422032e+00 1.986271242967599271e+00 1.023810063216594735e+00 -2.619020660059926175e+00 5.948337219381558683e-01 2.251393202248126446e+00 -1.986271242967850847e+00 -1.023810063218141941e+00 2.619020660061134098e+00 -5.948337219373549534e-01 -2.251393202249825976e+00 1.986271242968105311e+00 1.023810063219685151e+00 -2.619020660062341577e+00 5.948337219365498196e-01 2.251393202251526393e+00
