-3.000000000001609823e+00 -3.199999999974757703e+00 3.000000000002725820e+00 3.199999999980161380e+00 -3.000000000003843148e+00 -3.199999999985567278e+00 3.000000000004960921e+00 3.199999999990969179e+00 -3.000000000006076029e+00 -3.199999999996375077e+00 3.000000000007191581e+00 3.200000000001775646e+00 -3.000000000008312462e+00 -3.200000000007180656e+00 3.000000000009427126e+00 3.200000000012586554e+00 -3.000000000010542234e+00 -3.200000000017991564e+00 3.000000000011657342e+00 3.200000000023397462e+00
-1.600000000002763656e+00 -1.849999999984884624e+00 1.600000000003264811e+00 1.849999999987920418e+00 -1.600000000003766631e+00 -1.849999999990957322e+00 1.600000000004268452e+00 1.849999999993992450e+00 -1.600000000004768941e+00 -1.849999999997029132e+00 1.600000000005269651e+00 1.850000000000063149e+00 -1.600000000005773471e+00 -1.850000000003099609e+00 1.600000000006273737e+00 1.850000000006136514e+00 -1.600000000006774448e+00 -1.850000000009172973e+00 1.600000000007274936e+00 1.850000000012209878e+00
-2.057798376142727648e-13 1.999999999995004940e-01 3.371886103664678558e-13 -1.999999999997151001e-01 -4.685418719674316890e-13 1.999999999999297062e-01 5.998535002049720788e-13 -2.000000000001442846e-01 -7.313316618962062421e-13 2.000000000003588352e-01 8.627959457996325909e-13 -2.000000000005734413e-01 -9.939132850078635784e-13 2.000000000007880196e-01 1.125405324486905556e-12 -2.000000000010025980e-01 -1.256869608390331905e-12 2.000000000012171764e-01 1.388347770081566068e-12 -2.000000000014317825e-01
3.449999999996820943e+00 2.649999999975789944e+00 -3.449999999998781153e+00 -2.649999999980899190e+00 3.450000000000742695e+00 2.649999999986010657e+00 -3.450000000002704237e+00 -2.649999999991118127e+00 3.450000000004664003e+00 2.649999999996229150e+00 -3.450000000006623324e+00 -2.650000000001334843e+00 3.450000000008587531e+00 2.650000000006445422e+00 -3.450000000010546852e+00 -2.650000000011556889e+00 3.450000000012506618e+00 2.650000000016667911e+00 -3.450000000014466384e+00 -2.650000000021779378e+00
2.749999999999887645e+00 2.699999999979108889e+00 -2.750000000001064482e+00 -2.699999999983812238e+00 2.750000000002241762e+00 2.699999999988516919e+00 -2.750000000003419043e+00 -2.699999999993218935e+00 2.750000000004594991e+00 2.699999999997924061e+00 -2.750000000005770495e+00 -2.700000000002623413e+00 2.750000000006950884e+00 2.700000000007328094e+00 -2.750000000008126833e+00 -2.700000000012032775e+00 2.750000000009302337e+00 2.700000000016737012e+00 -2.750000000010478285e+00 -2.700000000021442137e+00
-4.600000000007378631e+00 -5.799999999955200991e+00 4.600000000008503065e+00 5.799999999964445152e+00 -4.600000000009629275e+00 -5.799999999973692866e+00 4.600000000010756374e+00 5.799999999982934362e+00 -4.600000000011879919e+00 -5.799999999992181188e+00 4.600000000013002577e+00 5.800000000001420908e+00 -4.600000000014135892e+00 -5.800000000010666845e+00 4.600000000015257662e+00 5.800000000019914559e+00 -4.600000000016381208e+00 -5.800000000029160496e+00 4.600000000017502977e+00 5.800000000038407322e+00
6.000000000003580247e-01 9.499999999922450478e-01 -6.000000000003775646e-01 -9.499999999936583617e-01 6.000000000003974376e-01 9.499999999950721197e-01 -6.000000000004174217e-01 -9.499999999964852115e-01 6.000000000004366285e-01 9.499999999978989695e-01 -6.000000000004559464e-01 -9.499999999993116173e-01 6.000000000004769296e-01 9.500000000007252643e-01 -6.000000000004961365e-01 -9.500000000021390223e-01 6.000000000005154543e-01 9.500000000035526693e-01 -6.000000000005346612e-01 -9.500000000049664273e-01
-2.050000000003869616e+00 -2.699999999980151166e+00 2.050000000004295053e+00 2.699999999984394883e+00 -2.050000000004721379e+00 -2.699999999988639487e+00 2.050000000005148149e+00 2.699999999992881872e+00 -2.050000000005572698e+00 -2.699999999997126476e+00 2.050000000005997247e+00 2.700000000001367084e+00 -2.050000000006426681e+00 -2.700000000005611689e+00 2.050000000006851231e+00 2.700000000009856738e+00 -2.050000000007275780e+00 -2.700000000014100898e+00 2.050000000007700329e+00 2.700000000018345503e+00
-2.449999999998828670e+00 -1.749999999983366195e+00 2.450000000000307487e+00 1.749999999986852961e+00 -2.450000000001786749e+00 -1.749999999990341060e+00 2.450000000003266454e+00 1.749999999993827160e+00 -2.450000000004745271e+00 -1.749999999997315481e+00 2.450000000006223200e+00 1.750000000000798916e+00 -2.450000000007704681e+00 -1.750000000004287015e+00 2.450000000009182610e+00 1.750000000007775336e+00 -2.450000000010660983e+00 -1.750000000011263213e+00 2.450000000012139356e+00 1.750000000014751755e+00
3.399999999999245848e+00 3.049999999972824227e+00 -3.400000000000889422e+00 -3.049999999978329601e+00 3.400000000002534328e+00 3.049999999983837196e+00 -3.400000000004180123e+00 -3.049999999989341237e+00 3.400000000005822809e+00 3.049999999994849276e+00 -3.400000000007465939e+00 -3.050000000000350209e+00 3.400000000009114398e+00 3.050000000005857803e+00 -3.400000000010756640e+00 -3.050000000011365398e+00 3.400000000012399770e+00 3.050000000016872548e+00 -3.400000000014042900e+00 -3.050000000022380142e+00
3.799999999997265565e+00 3.099999999971707609e+00 -3.799999999999305711e+00 -3.099999999977529175e+00 3.800000000001347189e+00 3.099999999983353849e+00 -3.800000000003388667e+00 -3.099999999989174082e+00 3.800000000005427925e+00 3.099999999994998756e+00 -3.800000000007467182e+00 -3.100000000000815881e+00 3.800000000009512213e+00 3.100000000006639667e+00 -3.800000000011551027e+00 -3.100000000012464341e+00 3.800000000013590284e+00 3.100000000018287682e+00 -3.800000000015629542e+00 -3.100000000024111912e+00
2.199999999999258105e+00 2.499999999979824583e+00 -2.199999999999976197e+00 -2.499999999983951948e+00 2.200000000000694289e+00 2.499999999988080646e+00 -2.200000000001413270e+00 -2.499999999992207123e+00 2.200000000002130474e+00 2.499999999996335820e+00 -2.200000000002847678e+00 -2.500000000000460521e+00 2.200000000003569323e+00 2.500000000004588774e+00 -2.200000000004286083e+00 -2.500000000008717471e+00 2.200000000005003287e+00 2.500000000012845724e+00 -2.200000000005720047e+00 -2.500000000016974422e+00
-1.750000000001689537e+00 -1.999999999984133137e+00 1.750000000002253087e+00 1.999999999987428501e+00 -1.750000000002817080e+00 -1.999999999990724975e+00 1.750000000003381517e+00 1.999999999994019451e+00 -1.750000000003944622e+00 -1.999999999997315703e+00 1.750000000004507505e+00 2.000000000000608846e+00 -1.750000000005073941e+00 -2.000000000003904876e+00 1.750000000005636824e+00 2.000000000007201351e+00 -1.750000000006199485e+00 -2.000000000010497381e+00 1.750000000006762590e+00 2.000000000013793855e+00
-1.670469318426626160e-12 -2.999999999991518340e-01 1.473404731555660874e-12 2.999999999994737432e-01 -1.276367900260311217e-12 -2.999999999997956524e-01 1.079358824540577189e-12 3.000000000001175060e-01 -8.821554597915337581e-13 -3.000000000004393597e-01 6.849520950424903276e-13 3.000000000007612688e-01 -4.883038418057594754e-13 -3.000000000010831225e-01 2.910727214811004160e-13 3.000000000014050316e-01 -9.384160115644135658e-14 -3.000000000017268853e-01 -1.033617635926020739e-13 3.000000000020487390e-01
-1.400000000004467227e+00 -2.299999999984757348e+00 1.400000000004458123e+00 2.299999999988144417e+00 -1.400000000004449685e+00 -2.299999999991532817e+00 1.400000000004441469e+00 2.299999999994919442e+00 -1.400000000004431699e+00 -2.299999999998307842e+00 1.400000000004421929e+00 2.300000000001693135e+00 -1.400000000004416156e+00 -2.300000000005081091e+00 1.400000000004406164e+00 2.300000000008469492e+00 -1.400000000004396394e+00 -2.300000000011857448e+00 1.400000000004386624e+00 2.300000000015245405e+00
-2.500000000018829382e-01 -6.499999999957145613e-01 2.500000000017241764e-01 6.499999999965762054e-01 -2.500000000015654700e-01 -6.499999999974379605e-01 2.500000000014069301e-01 6.499999999982994936e-01 -2.500000000012478907e-01 -6.499999999991612487e-01 2.500000000010887957e-01 6.500000000000225597e-01 -2.500000000009309220e-01 -6.500000000008842038e-01 2.500000000007718270e-01 6.500000000017459589e-01 -2.500000000006127321e-01 -6.500000000026077140e-01 2.500000000004537482e-01 6.500000000034694692e-01
-1.850000000001201572e+00 -1.899999999983969845e+00 1.850000000001938094e+00 1.899999999987223465e+00 -1.850000000002675282e+00 -1.899999999990478194e+00 1.850000000003412470e+00 1.899999999993731148e+00 -1.850000000004148548e+00 -1.899999999996986100e+00 1.850000000004884404e+00 1.900000000000237499e+00 -1.850000000005623813e+00 -1.900000000003491785e+00 1.850000000006359668e+00 1.900000000006746737e+00 -1.850000000007095302e+00 -1.900000000010001244e+00 1.850000000007831380e+00 1.900000000013256196e+00
4.850000000000187050e+00 4.649999999959930186e+00 -4.850000000002334666e+00 -4.649999999968104980e+00 4.850000000004484946e+00 4.649999999976282439e+00 -4.850000000006635226e+00 -4.649999999984454568e+00 4.850000000008782841e+00 4.649999999992632915e+00 -4.850000000010929568e+00 -4.650000000000801492e+00 4.850000000013084289e+00 4.650000000008978063e+00 -4.850000000015231016e+00 -4.650000000017156410e+00 4.850000000017377744e+00 4.650000000025332980e+00 -4.850000000019525359e+00 -4.650000000033511327e+00
-1.550000000005064438e+00 -2.549999999982726973e+00 1.550000000005052003e+00 2.549999999986480859e+00 -1.550000000005040235e+00 -2.549999999990236077e+00 1.550000000005029133e+00 2.549999999993989519e+00 -1.550000000005016032e+00 -2.549999999997744293e+00 1.550000000005002709e+00 2.550000000001496403e+00 -1.550000000004994050e+00 -2.550000000005251177e+00 1.550000000004980727e+00 2.550000000009005952e+00 -1.550000000004967404e+00 -2.550000000012760726e+00 1.550000000004953860e+00 2.550000000016515944e+00
-2.550000000001128253e+00 -2.449999999979015630e+00 2.550000000002254907e+00 2.449999999983319299e+00 -2.550000000003381562e+00 -2.449999999987624300e+00 2.550000000004509104e+00 2.449999999991926636e+00 -2.550000000005634426e+00 -2.449999999996232081e+00 2.550000000006759748e+00 2.450000000000532197e+00 -2.550000000007889511e+00 -2.450000000004837197e+00 2.550000000009014833e+00 2.450000000009142198e+00 -2.550000000010140155e+00 -2.450000000013446755e+00 2.550000000011265477e+00 2.450000000017752200e+00
