-1.375541196117694431e+00 3.664798191923811510e-01 9.447183301494410657e-01 -1.477062823256593660e+00 7.916731582897935660e-01 5.463952090995063404e-01 -1.433999249953518129e+00 1.139372012742568163e+00 9.458711802384384137e-02 -1.250565838804964525e+00 1.375541196116579767e+00 -3.664798191910492720e-01 -9.447183301498960351e-01 1.477062823255792301e+00 -7.916731582883974605e-01 -5.463952091003462241e-01 1.433999249953108235e+00 -1.139372012741249218e+00 -9.458711802498478982e-02 1.250565838804986729e+00
-1.390911552924557482e+00 5.106891690782767723e-01 7.905604287451003520e-01 -1.440048691202847175e+00 9.023183377989292264e-01 3.793098675403374642e-01 -1.348223830177214033e+00 1.205622300794321422e+00 -6.907018630633690592e-02 -1.124425427026299218e+00 1.390911552923569605e+00 -5.106891690769430614e-01 -7.905604287456844403e-01 1.440048691202195474e+00 -9.023183377975803054e-01 -3.793098675412717724e-01 1.348223830176962235e+00 -1.205622300793093737e+00 6.907018630514535906e-02 1.124425427026472413e+00
-1.145371190926320226e+00 5.905806970039884085e-01 4.511019429512110324e-01 -1.120882835698250535e+00 8.665748577910203920e-01 1.021629928642848184e-01 -9.866746588622928860e-01 1.057742633715463620e+00 -2.567763827755037420e-01 -7.558838918505116355e-01 1.145371190925675631e+00 -5.905806970029059411e-01 -4.511019429518424717e-01 1.120882835697907032e+00 -8.665748577899858862e-01 -1.021629928651573427e-01 9.866746588622828940e-01 -1.057742633714581437e+00 2.567763827744766747e-01 7.558838918508369309e-01
2.807850622969938925e+00 -4.764501450541380745e-01 -2.247749885538889103e+00 3.118838612177375680e+00 -1.418664795497116993e+00 -1.451098122697889403e+00 3.124532947798932980e+00 -2.222010651337944509e+00 -5.124027652125696664e-01 2.824376228589292381e+00 -2.807850622967393406e+00 4.764501450513941028e-01 2.247749885539577441e+00 -3.118838612175431457e+00 1.418664795494145148e+00 1.451098122699438830e+00 -3.124532947797781457e+00 2.222010651335046383e+00 5.124027652148253065e-01 -2.824376228589045912e+00
2.493407124318538948e+00 -9.287729424088680963e-02 -2.384223316663068193e+00 2.895699901653226327e+00 -1.019876077849685148e+00 -1.696763666201262621e+00 3.014541397086889507e+00 -1.847042285063978273e+00 -8.432129660445456532e-01 2.838298577029194636e+00 -2.493407124315950352e+00 9.287729423841950549e-02 2.384223316663387049e+00 -2.895699901651125341e+00 1.019876077846897822e+00 1.696763666202438348e+00 -3.014541397085483521e+00 1.847042285061154754e+00 8.432129660464595666e-01 -2.838298577028621317e+00
4.684365880238596347e+00 -6.775029712511707602e-01 -3.887913370466725027e+00 5.248019253952500129e+00 -2.281503271973125191e+00 -2.565951301306759191e+00 5.297959937990007973e+00 -3.662174136266237223e+00 -9.928160407417329081e-01 4.829299390240479717e+00 -4.684365880234232726e+00 6.775029712465820975e-01 3.887913370467769525e+00 -5.248019253949122387e+00 2.281503271968114532e+00 2.565951301309272736e+00 -5.297959937987950951e+00 3.662174136261313606e+00 9.928160407454644787e-01 -4.829299390239941481e+00
5.551031993758592797e+00 -9.601360259399329689e-01 -4.422324401273836969e+00 6.158890153782811794e+00 -2.817885204491158646e+00 -2.846267422076608877e+00 6.163873234044643823e+00 -4.399800145866013423e+00 -9.915979564962322801e-01 5.565493455929072297e+00 -5.551031993753579030e+00 9.601360259345100845e-01 4.422324401275212757e+00 -6.158890153778988186e+00 2.817885204485291339e+00 2.846267422079682863e+00 -6.163873234042387850e+00 4.399800145860297995e+00 9.915979565006965979e-01 -5.565493455928605115e+00
-9.605296203430220281e-01 -2.354097014376412278e-01 1.237270321846123178e+00 -1.219088795122774904e+00 1.958545081701043578e-01 9.888480121279257240e-01 -1.358315064744946232e+00 6.079471139194658758e-01 6.436303692736583537e-01 -1.364579991892515443e+00 9.605296203417553746e-01 2.354097014386168640e-01 -1.237270321846005938e+00 1.219088795121657798e+00 -1.958545081689089806e-01 -9.888480121282139379e-01 1.358315064744090028e+00 -6.079471139181726880e-01 -6.436303692743224891e-01 1.364579991892002964e+00
-4.955550430991345068e-01 -6.492657301899124045e-02 5.718808073039804984e-01 -6.073596361856943293e-01 1.421132666713078030e-01 4.402954715766570493e-01 -6.597116363590489474e-01 3.352420696584294535e-01 2.656109473725851711e-01 -6.474864650844223135e-01 4.955550430985371513e-01 6.492657301948934201e-02 -5.718808073039701734e-01 6.073596361851821834e-01 -1.421132666707164149e-01 -4.402954715768400695e-01 6.597116363586726928e-01 -3.352420696578051196e-01 -2.656109473729430515e-01 6.474864650842186986e-01
-2.401118085492084109e-01 -2.119743130780912810e-01 4.893025587334041693e-01 -3.632353427867706097e-01 -6.229380353049424057e-02 4.364661008355819605e-01 -4.508028708629388537e-01 9.348445753306353079e-02 3.409052999499185832e-01 -4.942426730107988275e-01 2.401118085487396192e-01 2.119743130783494078e-01 -4.893025587332393012e-01 3.632353427863176942e-01 6.229380353086175215e-02 -4.364661008355610883e-01 4.508028708625471115e-01 -9.348445753262429880e-02 -3.409052999500433168e-01 4.942426730105061727e-01
-6.575382691491732601e+00 1.381046513916188268e+00 4.951865144271613950e+00 -7.202313120203109875e+00 3.514961724623469230e+00 3.070227791990676192e+00 -7.124230959243756267e+00 5.304807991546158341e+00 8.880551518958772483e-01 -6.348779434558968759e+00 6.575382691486035824e+00 -1.381046513909787388e+00 -4.951865144273459585e+00 7.202313120198857277e+00 -3.514961724616628924e+00 -3.070227791994466049e+00 7.124230959241367955e+00 -5.304807991539572498e+00 -8.880551519012311878e-01 6.348779434558676549e+00
-7.064216856957715507e+00 1.393350434972351559e+00 5.426235183053182531e+00 -7.772272467109612393e+00 3.710619082877623320e+00 3.410178119528566310e+00 -7.719523895575362005e+00 5.664666481547389054e+00 1.060309061557566990e+00 -6.911134540057854991e+00 7.064216856951505363e+00 -1.393350434965466400e+00 -5.426235183055085898e+00 7.772272467104941462e+00 -3.710619082870234120e+00 -3.410178119532582208e+00 7.719523895572691252e+00 -5.664666481540246323e+00 -1.060309061563294630e+00 6.911134540057444653e+00
-1.304565235580904536e+00 6.081985005121364196e-01 5.895850174460309789e-01 -1.301297256966720939e+00 9.401816555411570686e-01 1.960474337607410744e-01 -1.170649236169727381e+00 1.180133279495084953e+00 -2.166806386836911680e-01 -9.254099117438342459e-01 1.304565235580106286e+00 -6.081985005108975217e-01 -5.895850174466930049e-01 1.301297256966256422e+00 -9.401816555399498121e-01 -1.960474337616956997e-01 1.170649236169641005e+00 -1.180133279494031351e+00 2.166806386825387287e-01 9.254099117441355604e-01
2.108727733770167756e+00 1.368186767935731241e-01 -2.269567734684800442e+00 2.531218210259138068e+00 -7.060577339638867134e-01 -1.701197563676991598e+00 2.705935412293940967e+00 -1.479820294327327757e+00 -9.663023221965315601e-01 2.615776802813183366e+00 -2.108727733767764789e+00 -1.368186767956797723e-01 2.269567734684879490e+00 -2.531218210257116130e+00 7.060577339614327874e-01 1.701197563677855129e+00 -2.705935412292501674e+00 1.479820294324776686e+00 9.663023221980920896e-01 -2.615776802812466606e+00
-1.424199673498366847e+00 2.919747874235649743e-01 1.080962725320679496e+00 -1.562722683866082818e+00 7.561279686779258657e-01 6.738409461965713110e-01 -1.548275509808026973e+00 1.146266076104739406e+00 2.007589203330342742e-01 -1.382272341380423430e+00 1.424199673497125840e+00 -2.919747874221779171e-01 -1.080962725321072959e+00 1.562722683865153783e+00 -7.561279686764410535e-01 -6.738409461973878800e-01 1.548275509807501171e+00 -1.146266076103307663e+00 -2.007589203341920148e-01 1.382272341380352598e+00
-8.109798999811062004e-01 1.097984624935721687e-02 7.980723165854067824e-01 -9.491701221527896193e-01 3.177440828506034598e-01 5.756395503471910535e-01 -9.944489595111635216e-01 5.934053147691911168e-01 2.968591742045699755e-01 -9.423842039794139147e-01 8.109798999802452224e-01 -1.097984624855297131e-02 -7.980723165854934908e-01 9.491701221520844056e-01 -3.177440828496883030e-01 -5.756395503475617570e-01 9.944489595106839053e-01 -5.934053147682580853e-01 -2.968591742051872595e-01 9.423842039792067471e-01
-1.066936405536219823e+00 8.575581157263498788e-01 5.881637872093559150e-02 -9.267009157370843520e-01 1.030585884391271634e+00 -2.848254523947841843e-01 -6.957534836008534285e-01 1.102732726178013323e+00 -6.005865837344290803e-01 -3.967008528903857023e-01 1.066936405535924948e+00 -8.575581157253699960e-01 -5.881637872179590332e-02 9.267009157371129957e-01 -1.030585884390446072e+00 2.848254523937848726e-01 6.957534836012009283e-01 -1.102732726177424460e+00 6.005865837333893564e-01 3.967008528910190845e-01
-5.100533478682827138e-01 2.690647325572763371e-02 4.784228915264006621e-01 -5.893263132523147707e-01 2.143717399087455844e-01 3.373172187990202131e-01 -6.109119130174163192e-01 3.808528070437365298e-01 1.631925864684290461e-01 -5.726971982628822344e-01 5.100533478677610200e-01 -2.690647325522364797e-02 -4.784228915264728821e-01 5.893263132518939962e-01 -2.143717399081789265e-01 -3.373172187992655169e-01 6.109119130171378753e-01 -3.808528070431649315e-01 -1.631925864688227035e-01 5.726971982627734326e-01
-5.807705710016090039e-01 1.162406657146382166e-01 4.441214729541266282e-01 -6.383367697722355238e-01 3.062884055820686569e-01 2.782731542735989994e-01 -6.334181179638460613e-01 4.663545022743142421e-01 8.518552040979406048e-02 -5.664960874857253303e-01 5.807705710011001887e-01 -1.162406657140723221e-01 -4.441214729542846129e-01 6.383367697718534961e-01 -3.062884055814619755e-01 -2.782731542739302344e-01 6.334181179636283465e-01 -4.663545022737282664e-01 -8.518552041026540567e-02 5.664960874856933559e-01
1.900192658368153042e-01 -2.319319168540051879e-01 8.263305468857642944e-02 1.347909350583527677e-01 -2.410893022285673926e-01 1.486265376124848714e-01 6.636832841274958872e-02 -2.266471869330929645e-01 2.000714194929092415e-01 -8.550872633197634243e-03 -1.900192658368414222e-01 2.319319168538380160e-01 -8.263305468835310807e-02 -1.347909350584477195e-01 2.410893022284558429e-01 -1.486265376122588577e-01 -6.636832841290338236e-02 2.266471869330480837e-01 -2.000714194927027123e-01 8.550872632999681477e-03
