-2.057294901687843680e+00 -1.336677773905178501e+00 2.883407197967914115e+00 -4.453658778450328981e-01 -2.608155948030405735e+00 2.057294901688067945e+00 1.336677773905437849e+00 -2.883407197968299140e+00 4.453658778450134692e-01 2.608155948030802307e+00 -2.057294901688293542e+00 -1.336677773905692312e+00 2.883407197968683722e+00 -4.453658778449971489e-01 -2.608155948031201987e+00 2.057294901688525357e+00 1.336677773905952105e+00 -2.883407197969068747e+00 4.453658778449757771e-01 2.608155948031595450e+00
4.156433855343663275e+00 9.342979003427398510e-01 -4.733861713373374691e+00 1.991389536563796359e+00 3.503115294936295587e+00 -4.156433855344170425e+00 -9.342979003430024187e-01 4.733861713374044378e+00 -1.991389536563950013e+00 -3.503115294936868906e+00 4.156433855344679351e+00 9.342979003432574370e-01 -4.733861713374714952e+00 1.991389536564108553e+00 3.503115294937447999e+00 -4.156433855345193606e+00 -9.342979003435215590e-01 4.733861713375384639e+00 -1.991389536564259544e+00 -3.503115294938013324e+00
3.798277907312570978e+00 1.348355547811336486e+00 -4.631607464779680328e+00 1.514135287970191479e+00 3.695820393248737901e+00 -3.798277907313019508e+00 -1.348355547811649569e+00 4.631607464780322481e+00 -1.514135287970277854e+00 -3.695820393249324987e+00 3.798277907313469370e+00 1.348355547811955324e+00 -4.631607464780964634e+00 1.514135287970369115e+00 3.695820393249918290e+00 -3.798277907313926782e+00 -1.348355547812269517e+00 4.631607464781607675e+00 -1.514135287970452826e+00 -3.695820393250499158e+00
1.569630456469067070e+00 5.335624789681077118e-01 -1.899390203593098736e+00 6.403252247509922945e-01 1.503647450843170752e+00 -1.569630456469252922e+00 -5.335624789682337221e-01 1.899390203593362969e+00 -6.403252247510305972e-01 -1.503647450843410560e+00 1.569630456469439661e+00 5.335624789683565128e-01 -1.899390203593626758e+00 6.403252247510708983e-01 1.503647450843652589e+00 -1.569630456469629287e+00 -5.335624789684828562e-01 1.899390203593890991e+00 -6.403252247511079798e-01 -1.503647450843889732e+00
-1.981762745781330493e+00 -1.030243918561777550e+00 2.618488504155504160e+00 -5.880709761571536465e-01 -2.255040653093194791e+00 1.981762745781554758e+00 1.030243918561989158e+00 -2.618488504155859431e+00 5.880709761571630834e-01 2.255040653093543401e+00 -1.981762745781779689e+00 -1.030243918562196770e+00 2.618488504156214258e+00 -5.880709761571751848e-01 -2.255040653093895120e+00 1.981762745782009283e+00 1.030243918562408822e+00 -2.618488504156569974e+00 5.880709761571829564e-01 2.255040653094240621e+00
-3.081559480311452659e-01 2.786474508435523578e-01 1.359423525313295800e-01 -3.626644452185506795e-01 8.819660112485375181e-02 3.081559480311933386e-01 -2.786474508435843322e-01 -1.359423525313579462e-01 3.626644452186000844e-01 -8.819660112485613879e-02 -3.081559480312416333e-01 2.786474508436165287e-01 1.359423525313864234e-01 -3.626644452186494894e-01 8.819660112485817882e-02 3.081559480312890398e-01 -2.786474508436482811e-01 -1.359423525314149284e-01 3.626644452186989498e-01 -8.819660112486144010e-02
-1.429508497187835792e+00 -1.934220259842669432e+00 2.624922359499350932e+00 3.119290238425911355e-01 -2.817705098311795275e+00 1.429508497187961691e+00 1.934220259842998280e+00 -2.624922359499680002e+00 -3.119290238427143702e-01 2.817705098312200285e+00 -1.429508497188087812e+00 -1.934220259843322909e+00 2.624922359500008628e+00 3.119290238428347184e-01 -2.817705098312607959e+00 1.429508497188221927e+00 1.934220259843651757e+00 -2.624922359500337254e+00 -3.119290238429602846e-01 2.817705098313011636e+00
-2.809016994376281051e-01 -2.159830056248141505e-01 4.143865379061399401e-01 -4.012195928156764291e-02 -3.895898033749144451e-01 2.809016994376577481e-01 2.159830056248545072e-01 -4.143865379061946186e-01 4.012195928156134239e-02 3.895898033749728984e-01 -2.809016994376875020e-01 -2.159830056248941976e-01 4.143865379062491860e-01 -4.012195928155548597e-02 -3.895898033750317957e-01 2.809016994377183107e-01 2.159830056249345820e-01 -4.143865379063038090e-01 4.012195928154889402e-02 3.895898033750898604e-01
-2.065450849718907023e+00 -7.116777739054440666e-01 2.505291903030452794e+00 -8.366777739072580600e-01 -1.988196601124300633e+00 2.065450849719151272e+00 7.116777739056110441e-01 -2.505291903030801404e+00 8.366777739073073539e-01 1.988196601124617491e+00 -2.065450849719396409e+00 -7.116777739057741359e-01 2.505291903031149126e+00 -8.366777739073592013e-01 -1.988196601124937013e+00 2.065450849719645987e+00 7.116777739059418906e-01 -2.505291903031496847e+00 8.366777739074071629e-01 1.988196601125250096e+00
5.047416860969186736e+00 1.716796067498448153e+00 -6.108455182435676534e+00 2.058436854002183125e+00 4.836271242967246309e+00 -5.047416860969784480e+00 -1.716796067498852940e+00 6.108455182436525632e+00 -2.058436854002306138e+00 -4.836271242968017248e+00 5.047416860970384889e+00 1.716796067499248180e+00 -6.108455182437374731e+00 2.058436854002435368e+00 4.836271242968796180e+00 -5.047416860970995067e+00 -1.716796067499654743e+00 6.108455182438224718e+00 -2.058436854002554828e+00 -4.836271242969558237e+00
-2.228976341281427853e+00 -1.345162612373981492e+00 3.060332556124280234e+00 -5.462269241886132942e-01 -2.722745751405570402e+00 2.228976341281673879e+00 1.345162612374247280e+00 -3.060332556124691461e+00 5.462269241886035243e-01 2.722745751405986514e+00 -2.228976341281920792e+00 -1.345162612374507960e+00 3.060332556125101799e+00 -5.462269241885969739e-01 -2.722745751406406178e+00 2.228976341282174811e+00 1.345162612374774191e+00 -3.060332556125512582e+00 5.462269241885850946e-01 2.722745751406819181e+00
-2.628647450843960343e+00 -1.059955681217799706e+00 3.283736088405261100e+00 -9.695048315012431139e-01 -2.684549150280428176e+00 2.628647450844266320e+00 1.059955681218035073e+00 -3.283736088405713627e+00 9.695048315012889661e-01 2.684549150280850949e+00 -2.628647450844574074e+00 -1.059955681218265333e+00 3.283736088406165710e+00 -9.695048315013384821e-01 -2.684549150281278163e+00 2.628647450844887157e+00 1.059955681218501589e+00 -3.283736088406618236e+00 9.695048315013823359e-01 2.684549150281696495e+00
-1.986271242968957518e+00 -1.023810063217888366e+00 2.619020660061907702e+00 -5.948337219385142483e-01 -2.251393202249442282e+00 1.986271242969182005e+00 1.023810063218099309e+00 -2.619020660062262973e+00 5.948337219385246843e-01 2.251393202249790892e+00 -1.986271242969407602e+00 -1.023810063218306032e+00 2.619020660062618244e+00 -5.948337219385377850e-01 -2.251393202250142167e+00 1.986271242969638529e+00 1.023810063218517419e+00 -2.619020660062973960e+00 5.948337219385465557e-01 2.251393202250487224e+00
-2.274467844093950308e+00 -1.551596467717758276e+00 3.233407197967939961e+00 -4.467590800949224894e-01 -2.957294901686816857e+00 2.274467844094196334e+00 1.551596467718055816e+00 -3.233407197968370284e+00 4.467590800948930685e-01 2.957294901687264499e+00 -2.274467844094443247e+00 -1.551596467718348471e+00 3.233407197968800162e+00 -4.467590800948669782e-01 -2.957294901687715694e+00 2.274467844094697266e+00 1.551596467718646455e+00 -3.233407197969230484e+00 4.467590800948353369e-01 2.957294901688160227e+00
-3.135410196625170176e+00 -5.695048314989982208e-01 3.487383539249009790e+00 -1.585816727563783335e+00 -2.507294901686642152e+00 3.135410196625556534e+00 5.695048314991763005e-01 -3.487383539249507169e+00 1.585816727563913897e+00 2.507294901687056932e+00 -3.135410196625944224e+00 -5.695048314993489402e-01 3.487383539250003661e+00 -1.585816727564048012e+00 -2.507294901687476152e+00 3.135410196626336354e+00 5.695048314995280192e-01 -3.487383539250501485e+00 1.585816727564176798e+00 2.507294901687885158e+00
-3.160410196625133672e+00 -1.332169276717714013e+00 3.983736088405228415e+00 -1.129915028126224019e+00 -3.285410196624141133e+00 3.160410196625500046e+00 1.332169276718005779e+00 -3.983736088405776421e+00 1.129915028126273091e+00 3.285410196624656720e+00 -3.160410196625868195e+00 -1.332169276718291107e+00 3.983736088406323095e+00 -1.129915028126326160e+00 -3.285410196625177637e+00 3.160410196626243451e+00 1.332169276718583539e+00 -3.983736088406870657e+00 1.129915028126372567e+00 3.285410196625688339e+00
-6.067627457815185643e-01 -5.314338553433956003e-01 9.352069311561690412e-01 -4.655581462557620287e-02 -9.064338553436747103e-01 6.067627457815806258e-01 5.314338553434923007e-01 -9.352069311562910547e-01 4.655581462555549721e-02 9.064338553438093804e-01 -6.067627457816430203e-01 -5.314338553435875578e-01 9.352069311564128462e-01 -4.655581462553584626e-02 -9.064338553439448276e-01 6.067627457817077463e-01 5.314338553436843693e-01 -9.352069311565348597e-01 4.655581462551441896e-02 9.064338553440788315e-01
-2.727786404500256889e+00 -8.722912359992037734e-01 3.266892036436576774e+00 -1.146759080094932770e+00 -2.558155948030518267e+00 2.727786404500581519e+00 8.722912359994144937e-01 -3.266892036437032409e+00 1.146759080095005601e+00 2.558155948030928162e+00 -2.727786404500907480e+00 -8.722912359996199960e-01 3.266892036437488045e+00 -1.146759080095081318e+00 -2.558155948031341165e+00 2.727786404501238771e+00 8.722912359998314935e-01 -3.266892036437943680e+00 1.146759080095152150e+00 2.558155948031746174e+00
-2.591844051968989149e+00 -9.849556812178330567e-01 3.200580140374065685e+00 -9.931116292512148780e-01 -2.586803398874201410e+00 2.591844051969292906e+00 9.849556812180561005e-01 -3.200580140374508442e+00 9.931116292512667254e-01 2.586803398874610416e+00 -2.591844051969597995e+00 -9.849556812182743704e-01 3.200580140374950755e+00 -9.931116292513219035e-01 -2.586803398875023863e+00 2.591844051969908413e+00 9.849556812184984134e-01 -3.200580140375393068e+00 9.931116292513718635e-01 2.586803398875428428e+00
-2.463196601125333896e+00 -8.372099298114532573e-01 2.980620793467867902e+00 -1.004915028126341703e+00 -2.359549150280389807e+00 2.463196601125625662e+00 8.372099298116507660e-01 -2.980620793468282237e+00 1.004915028126401877e+00 2.359549150280765950e+00 -2.463196601125918761e+00 -8.372099298118436117e-01 2.980620793468696128e+00 -1.004915028126464938e+00 -2.359549150281145646e+00 2.463196601126216301e+00 8.372099298120418975e-01 -2.980620793469110907e+00 1.004915028126523335e+00 2.359549150281517793e+00
