-2.450000000002217959e+00 -1.750000000001160405e+00 2.450000000001965716e+00 1.750000000000952127e+00 -2.450000000001713474e+00 -1.750000000000745404e+00 2.450000000001462119e+00 1.750000000000536460e+00 -2.450000000001208544e+00 -1.750000000000329514e+00 2.450000000000954969e+00 1.750000000000122791e+00 -2.450000000000704947e+00 -1.749999999999916067e+00 2.450000000000451372e+00 1.749999999999709122e+00 -2.450000000000198686e+00 -1.749999999999493960e+00 2.449999999999945555e+00 1.749999999999287237e+00
3.400000000002801226e+00 3.050000000001732214e+00 -3.400000000002455280e+00 -3.050000000001376055e+00 3.400000000002109779e+00 3.050000000001021672e+00 -3.400000000001765610e+00 -3.050000000000664180e+00 3.400000000001418332e+00 3.050000000000310685e+00 -3.400000000001071054e+00 -3.049999999999955858e+00 3.400000000000729106e+00 3.049999999999601918e+00 -3.400000000000382272e+00 -3.049999999999247091e+00 3.400000000000034994e+00 3.049999999998881606e+00 -3.399999999999688161e+00 -3.049999999998526778e+00
3.800000000003093792e+00 3.100000000001790212e+00 -3.800000000002705214e+00 -3.100000000001424727e+00 3.800000000002316192e+00 3.100000000001062350e+00 -3.800000000001929390e+00 -3.100000000000695977e+00 3.800000000001538591e+00 3.100000000000334488e+00 -3.800000000001148681e+00 -3.099999999999972111e+00 3.800000000000763656e+00 3.099999999999608846e+00 -3.800000000000373745e+00 -3.099999999999246469e+00 3.799999999999983835e+00 3.099999999998871214e+00 -3.799999999999593925e+00 -3.099999999998508393e+00
2.200000000001661071e+00 2.500000000001424638e+00 -2.200000000001441691e+00 -2.500000000001136868e+00 2.200000000001221423e+00 2.500000000000850431e+00 -2.200000000001003375e+00 -2.500000000000562217e+00 2.200000000000782219e+00 2.500000000000276223e+00 -2.200000000000561062e+00 -2.499999999999990230e+00 2.200000000000344347e+00 2.499999999999703348e+00 -2.200000000000123634e+00 -2.499999999999417355e+00 2.199999999999902922e+00 2.499999999999123368e+00 -2.199999999999682210e+00 -2.499999999998836930e+00
-1.750000000001562084e+00 -2.000000000001347367e+00 1.750000000001387335e+00 2.000000000001116884e+00 -1.750000000001212364e+00 -2.000000000000887734e+00 1.750000000001038725e+00 2.000000000000657696e+00 -1.750000000000862865e+00 -2.000000000000428546e+00 1.750000000000687450e+00 2.000000000000199396e+00 -1.750000000000514921e+00 -1.999999999999970468e+00 1.750000000000339506e+00 1.999999999999741540e+00 -1.750000000000163869e+00 -1.999999999999506839e+00 1.749999999999988232e+00 1.999999999999277689e+00
3.283484595328900468e-14 -3.000000000002874811e-01 -3.058664432842306269e-14 3.000000000002549516e-01 2.836619827917274961e-14 -3.000000000002224776e-01 -2.597921877622866305e-14 3.000000000001900036e-01 2.389755060505649453e-14 -3.000000000001574740e-01 -2.181588243388432602e-14 3.000000000001249445e-01 1.917910275039957924e-14 -3.000000000000925260e-01 -1.709743457922741072e-14 3.000000000000599409e-01 1.498801083243961330e-14 -3.000000000000274669e-01 -1.287858708565181587e-14 2.999999999999949374e-01
-1.400000000001382583e+00 -2.300000000001385381e+00 1.400000000001248024e+00 2.300000000001125144e+00 -1.400000000001113243e+00 -2.300000000000866240e+00 1.400000000000980016e+00 2.300000000000606004e+00 -1.400000000000844125e+00 -2.300000000000347100e+00 1.400000000000708678e+00 2.300000000000088196e+00 -1.400000000000577005e+00 -2.299999999999828848e+00 1.400000000000441336e+00 2.299999999999569944e+00 -1.400000000000305889e+00 -2.299999999999306155e+00 1.400000000000169997e+00 2.299999999999047251e+00
-2.500000000003511635e-01 -6.500000000003967049e-01 2.500000000003289591e-01 6.500000000003243183e-01 -2.500000000003066436e-01 -6.500000000002521539e-01 2.500000000002847722e-01 6.500000000001796563e-01 -2.500000000002621237e-01 -6.500000000001076028e-01 2.500000000002395861e-01 6.500000000000354383e-01 -2.500000000002181588e-01 -6.499999999999631628e-01 2.500000000001956213e-01 6.499999999998909983e-01 -2.500000000001730838e-01 -6.499999999998180567e-01 2.500000000001505462e-01 6.499999999997457811e-01
-1.850000000001778222e+00 -1.900000000001103917e+00 1.850000000001592149e+00 1.900000000000883871e+00 -1.850000000001405631e+00 -1.900000000000664935e+00 1.850000000001220224e+00 1.900000000000444444e+00 -1.850000000001032818e+00 -1.900000000000225731e+00 1.850000000000845857e+00 1.900000000000006795e+00 -1.850000000000661782e+00 -1.899999999999787859e+00 1.850000000000474598e+00 1.899999999999569145e+00 -1.850000000000287637e+00 -1.899999999999343991e+00 1.850000000000100453e+00 1.899999999999125055e+00
4.850000000004292211e+00 4.650000000002888711e+00 -4.850000000003801937e+00 -4.650000000002346923e+00 4.850000000003310774e+00 4.650000000001809575e+00 -4.850000000002822276e+00 -4.650000000001267786e+00 4.850000000002328449e+00 4.650000000000730438e+00 -4.850000000001835510e+00 -4.650000000000192202e+00 4.850000000001350564e+00 4.649999999999653966e+00 -4.850000000000857625e+00 -4.649999999999116618e+00 4.850000000000364686e+00 4.649999999998561506e+00 -4.849999999999872635e+00 -4.649999999998024158e+00
-1.550000000001503064e+00 -2.550000000001491962e+00 1.550000000001354294e+00 2.550000000001203304e+00 -1.550000000001205080e+00 -2.550000000000916422e+00 1.550000000001057421e+00 2.550000000000627765e+00 -1.550000000000907097e+00 -2.550000000000340883e+00 1.550000000000756772e+00 2.550000000000053557e+00 -1.550000000000611333e+00 -2.549999999999766231e+00 1.550000000000461009e+00 2.549999999999479350e+00 -1.550000000000311129e+00 -2.549999999999187139e+00 1.550000000000161027e+00 2.549999999998899813e+00
-2.550000000002309086e+00 -2.450000000001551381e+00 2.550000000002051070e+00 2.450000000001266720e+00 -2.550000000001792611e+00 -2.450000000000982947e+00 2.550000000001536371e+00 2.450000000000697398e+00 -2.550000000001276579e+00 -2.450000000000414513e+00 2.550000000001017675e+00 2.450000000000130740e+00 -2.550000000000762324e+00 -2.449999999999847411e+00 2.550000000000503420e+00 2.449999999999564082e+00 -2.550000000000244071e+00 -2.449999999999272315e+00 2.549999999999985167e+00 2.449999999998988987e+00
-1.850000000001754463e+00 -1.800000000001116929e+00 1.850000000001567502e+00 1.800000000000907541e+00 -1.850000000001380318e+00 -1.800000000000699485e+00 1.850000000001194245e+00 1.800000000000489875e+00 -1.850000000001006173e+00 -1.800000000000282041e+00 1.850000000000818101e+00 1.800000000000073985e+00 -1.850000000000633360e+00 -1.799999999999865929e+00 1.850000000000445510e+00 1.799999999999657874e+00 -1.850000000000257661e+00 -1.799999999999443823e+00 1.850000000000070033e+00 1.799999999999235545e+00
-1.900000000001803357e+00 -2.500000000001608935e+00 1.900000000001616174e+00 2.500000000001323830e+00 -1.900000000001428546e+00 -2.500000000001039169e+00 1.900000000001242917e+00 2.500000000000753619e+00 -1.900000000001054179e+00 -2.500000000000469402e+00 1.900000000000865885e+00 2.500000000000185185e+00 -1.900000000000681588e+00 -2.499999999999900968e+00 1.900000000000493072e+00 2.499999999999616751e+00 -1.900000000000304778e+00 -2.499999999999325873e+00 1.900000000000116707e+00 2.499999999999042100e+00
-2.850000000002502976e+00 -2.700000000001505640e+00 2.850000000002214762e+00 2.700000000001191225e+00 -2.850000000001925216e+00 -2.700000000000878586e+00 2.850000000001638334e+00 2.700000000000563727e+00 -2.850000000001347900e+00 -2.700000000000251088e+00 2.850000000001057909e+00 2.699999999999938893e+00 -2.850000000000772360e+00 -2.699999999999626255e+00 2.850000000000482814e+00 2.699999999999313616e+00 -2.850000000000192824e+00 -2.699999999998991207e+00 2.849999999999903277e+00 2.699999999998678568e+00
-1.900000000002014300e+00 -2.800000000001683365e+00 1.900000000001829337e+00 2.800000000001365397e+00 -1.900000000001643929e+00 -2.800000000001048317e+00 1.900000000001460521e+00 2.800000000000730349e+00 -1.900000000001274003e+00 -2.800000000000414158e+00 1.900000000001087486e+00 2.800000000000097078e+00 -1.900000000000906075e+00 -2.799999999999780442e+00 1.900000000000719558e+00 2.799999999999463807e+00 -1.900000000000533484e+00 -2.799999999999140954e+00 1.900000000000347633e+00 2.799999999998823874e+00
-6.500000000006881384e-01 -1.050000000000718137e+00 6.500000000006255219e-01 1.050000000000599343e+00 -6.500000000005629053e-01 -1.050000000000480993e+00 6.500000000005008438e-01 1.050000000000362199e+00 -6.500000000004375611e-01 -1.050000000000243849e+00 6.500000000003745004e-01 1.050000000000125500e+00 -6.500000000003132161e-01 -1.050000000000007150e+00 6.500000000002501555e-01 1.049999999999888800e+00 -6.500000000001869838e-01 -1.049999999999768230e+00 6.500000000001240341e-01 1.049999999999649880e+00
-2.450000000002195755e+00 -2.550000000001536371e+00 2.450000000001949285e+00 2.550000000001241496e+00 -2.450000000001702372e+00 -2.550000000000947509e+00 2.450000000001457678e+00 2.550000000000651745e+00 -2.450000000001208988e+00 -2.550000000000359091e+00 2.450000000000961631e+00 2.550000000000065548e+00 -2.450000000000718270e+00 -2.549999999999772005e+00 2.450000000000470468e+00 2.549999999999478462e+00 -2.450000000000223110e+00 -2.549999999999176481e+00 2.449999999999975753e+00 2.549999999998882938e+00
-2.250000000002081446e+00 -2.400000000001349942e+00 2.250000000001855849e+00 2.400000000001072387e+00 -2.250000000001629363e+00 -2.400000000000797051e+00 2.250000000001404654e+00 2.400000000000519051e+00 -2.250000000001177725e+00 -2.400000000000243716e+00 2.250000000000950795e+00 2.399999999999967493e+00 -2.250000000000727418e+00 -2.399999999999691713e+00 2.250000000000500933e+00 2.399999999999415490e+00 -2.250000000000273559e+00 -2.399999999999132605e+00 2.250000000000046629e+00 2.399999999998856381e+00
-2.050000000002009326e+00 -2.700000000001389289e+00 2.050000000001807265e+00 2.700000000001081091e+00 -2.050000000001604761e+00 -2.700000000000773781e+00 2.050000000001404477e+00 2.700000000000465583e+00 -2.050000000001200640e+00 -2.700000000000158717e+00 2.050000000000997691e+00 2.699999999999851852e+00 -2.050000000000798739e+00 -2.699999999999544986e+00 2.050000000000595790e+00 2.699999999999237676e+00 -2.050000000000392397e+00 -2.699999999998924149e+00 2.050000000000189448e+00 2.699999999998616840e+00
