-5.800125624961456339e+00 -1.693643785152331827e+00 6.846855049021114858e+00 -2.537945351185451059e+00 -5.278318560399887893e+00 5.800125624961619764e+00 1.693643785155777293e+00 -6.846855049023412576e+00 2.537945351183425124e+00 5.278318560403439719e+00 -5.800125624961784965e+00 -1.693643785159216097e+00 6.846855049025710294e+00 -2.537945351181392528e+00 -5.278318560406977333e+00 5.800125624961961712e+00 1.693643785162668447e+00 -6.846855049028006235e+00 2.537945351179360376e+00 5.278318560410546034e+00
1.081433855342000872e+00 -4.801662780623993099e-01 -7.846747752480998095e-01 9.651219592803672587e-01 1.881966011241620884e-01 -1.081433855342400108e+00 4.801662780621151483e-01 7.846747752486744609e-01 -9.651219592804384240e-01 -1.881966011246942738e-01 1.081433855342799788e+00 -4.801662780618316528e-01 -7.846747752492504446e-01 9.651219592805089231e-01 1.881966011252226845e-01 -1.081433855343199024e+00 4.801662780615466031e-01 7.846747752498259842e-01 -9.651219592805797554e-01 -1.881966011257585891e-01
-2.186803398872623649e+00 -1.391186271091497062e+00 3.046603799089481868e+00 -4.917184269997938451e-01 -2.742705098309413447e+00 2.186803398872335880e+00 1.391186271093134863e+00 -3.046603799090210174e+00 4.917184269986056844e-01 2.742705098310875833e+00 -2.186803398872049442e+00 -1.391186271094769555e+00 3.046603799090937148e+00 -4.917184269974142485e-01 -2.742705098312333778e+00 2.186803398871769666e+00 1.391186271096410243e+00 -3.046603799091663234e+00 4.917184269962229792e-01 2.742705098313801049e+00
-2.057294901685390087e+00 -1.336677773904349387e+00 2.883407197964904967e+00 -4.453658778435212184e-01 -2.608155948028587190e+00 2.057294901685107202e+00 1.336677773905902811e+00 -2.883407197965584867e+00 4.453658778423877918e-01 2.608155948029967419e+00 -2.057294901684824318e+00 -1.336677773907453348e+00 2.883407197966263436e+00 -4.453658778412510899e-01 -2.608155948031343208e+00 2.057294901684548538e+00 1.336677773909009437e+00 -2.883407197966941116e+00 4.453658778401146101e-01 2.608155948032728322e+00
4.156433855339204619e+00 9.342979003412705818e-01 -4.733861713368161084e+00 1.991389536561338325e+00 3.503115294933191848e+00 -4.156433855339450645e+00 -9.342979003436139296e-01 4.733861713369859281e+00 -1.991389536560044249e+00 -3.503115294935691626e+00 4.156433855339698447e+00 9.342979003459529475e-01 -4.733861713371557478e+00 1.991389536558745288e+00 3.503115294938180746e+00 -4.156433855339954242e+00 -9.342979003483009581e-01 4.733861713373253899e+00 -1.991389536557446771e+00 -3.503115294940692070e+00
3.798277907308336587e+00 1.348355547810057287e+00 -4.631607464774727845e+00 1.514135287967690813e+00 3.695820393245849989e+00 -3.798277907308333035e+00 -1.348355547812421174e+00 4.631607464776188010e+00 -1.514135287966229537e+00 -3.695820393248214764e+00 3.798277907308329482e+00 1.348355547814780842e+00 -4.631607464777649064e+00 1.514135287964763377e+00 3.695820393250571101e+00 -3.798277907308335699e+00 -1.348355547817149391e+00 4.631607464779108341e+00 -1.514135287963297438e+00 -3.695820393252946534e+00
1.569630456466017954e+00 5.335624789680691871e-01 -1.899390203590059389e+00 6.403252247488586679e-01 1.503647450841665512e+00 -1.569630456466027280e+00 -5.335624789690354142e-01 1.899390203590667348e+00 -6.403252247482681403e-01 -1.503647450842638955e+00 1.569630456466037050e+00 5.335624789699999759e-01 -1.899390203591275306e+00 6.403252247476755032e-01 1.503647450843608846e+00 -1.569630456466050150e+00 -5.335624789709680904e-01 1.899390203591882376e+00 -6.403252247470830882e-01 -1.503647450844586730e+00
-1.981762745778750334e+00 -1.030243918560879823e+00 2.618488504152363117e+00 -5.880709761556852655e-01 -2.255040653091218150e+00 1.981762745778597345e+00 1.030243918562260275e+00 -2.618488504153065222e+00 5.880709761547385783e-01 2.255040653092505565e+00 -1.981762745778444135e+00 -1.030243918563638283e+00 2.618488504153766439e+00 -5.880709761537890046e-01 -2.255040653093788983e+00 1.981762745778297141e+00 1.030243918565021177e+00 -2.618488504154467211e+00 5.880709761528396529e-01 2.255040653095081726e+00
-3.081559480309473131e-01 2.786474508436741493e-01 1.359423525311150849e-01 -3.626644452185401879e-01 8.819660112500343763e-02 3.081559480311268917e-01 -2.786474508436569408e-01 -1.359423525313048497e-01 3.626644452186404965e-01 -8.819660112487499870e-02 -3.081559480313065258e-01 2.786474508436399544e-01 1.359423525314952530e-01 -3.626644452187406942e-01 8.819660112474779490e-02 3.081559480314854937e-01 -2.786474508436226349e-01 -1.359423525316856007e-01 3.626644452188408918e-01 -8.819660112461813473e-02
-1.429508497186267046e+00 -1.934220259841411771e+00 2.624922359496838276e+00 3.119290238433728435e-01 -2.817705098309901235e+00 1.429508497185604243e+00 1.934220259842943435e+00 -2.624922359497125601e+00 -3.119290238447273156e-01 2.817705098311024337e+00 -1.429508497184941884e+00 -1.934220259844472878e+00 2.624922359497411151e+00 3.119290238460851183e-01 -2.817705098312146106e+00 1.429508497184287963e+00 1.934220259846006984e+00 -2.624922359497695368e+00 -3.119290238474425880e-01 2.817705098313272316e+00
-2.809016994370689413e-01 -2.159830056248043251e-01 4.143865379055642340e-01 -4.012195928115087906e-02 -3.895898033746297839e-01 2.809016994370147069e-01 2.159830056250314767e-01 -4.143865379056509424e-01 4.012195928097722630e-02 3.895898033748237399e-01 -2.809016994369605835e-01 -2.159830056252582398e-01 4.143865379057373732e-01 -4.012195928080311558e-02 -3.895898033750171408e-01 2.809016994369075149e-01 2.159830056254857800e-01 -4.143865379058236931e-01 4.012195928062906036e-02 3.895898033752116518e-01
-2.065450849716204740e+00 -7.116777739050013096e-01 2.505291903027520473e+00 -8.366777739055002439e-01 -1.988196601122737217e+00 2.065450849716212733e+00 7.116777739062770669e-01 -2.505291903028318501e+00 8.366777739047176476e-01 1.988196601124019969e+00 -2.065450849716221171e+00 -7.116777739075507148e-01 2.505291903029116973e+00 -8.366777739039324979e-01 -1.988196601125297613e+00 2.065450849716234050e+00 7.116777739088289145e-01 -2.505291903029914113e+00 8.366777739031474592e-01 1.988196601126585694e+00
5.047416860962658625e+00 1.716796067497173617e+00 -6.108455182428468078e+00 2.058436853998057536e+00 4.836271242963280592e+00 -5.047416860962687934e+00 -1.716796067500281131e+00 6.108455182430422958e+00 -2.058436853996157723e+00 -4.836271242966411421e+00 5.047416860962718133e+00 1.716796067503383316e+00 -6.108455182432377839e+00 2.058436853994251692e+00 4.836271242969529816e+00 -5.047416860962760765e+00 -1.716796067506497048e+00 6.108455182434329167e+00 -2.058436853992346105e+00 -4.836271242972673967e+00
-2.228976341278963158e+00 -1.345162612372559297e+00 3.060332556120904268e+00 -5.462269241874433412e-01 -2.722745751403198966e+00 2.228976341278704254e+00 1.345162612374195765e+00 -3.060332556121660108e+00 5.462269241862733882e-01 2.722745751404677339e+00 -2.228976341278445350e+00 -1.345162612375829569e+00 3.060332556122414172e+00 -5.462269241851001045e-01 -2.722745751406151271e+00 2.228976341278194440e+00 1.345162612377468925e+00 -3.060332556123167791e+00 5.462269241839270428e-01 2.722745751407635417e+00
-2.628647450840767785e+00 -1.059955681217031875e+00 3.283736088401627562e+00 -9.695048314992482652e-01 -2.684549150278381369e+00 2.628647450840706501e+00 1.059955681218724965e+00 -3.283736088402614772e+00 9.695048314981653537e-01 2.684549150280038710e+00 -2.628647450840645217e+00 -1.059955681220414947e+00 3.283736088403602427e+00 -9.695048314970790004e-01 -2.684549150281690277e+00 2.628647450840591038e+00 1.059955681222111146e+00 -3.283736088404588305e+00 9.695048314959927582e-01 2.684549150283355168e+00
-1.986271242966847650e+00 -1.023810063216909594e+00 2.619020660059187211e+00 -5.948337219373877049e-01 -2.251393202247676584e+00 1.986271242966697770e+00 1.023810063218289157e+00 -2.619020660059892869e+00 5.948337219364439044e-01 2.251393202248965331e+00 -1.986271242966548334e+00 -1.023810063219666500e+00 2.619020660060597194e+00 -5.948337219354969951e-01 -2.251393202250250525e+00 1.986271242966405115e+00 1.023810063221048727e+00 -2.619020660061301520e+00 5.948337219345504190e-01 2.251393202251544157e+00
-2.274467844091663693e+00 -1.551596467716650718e+00 3.233407197964911273e+00 -4.467590800936152018e-01 -2.957294901684875743e+00 2.274467844091316415e+00 1.551596467718401318e+00 -3.233407197965649349e+00 4.467590800923205707e-01 2.957294901686413180e+00 -2.274467844090969582e+00 -1.551596467720148809e+00 3.233407197966386093e+00 -4.467590800910221649e-01 -2.957294901687947064e+00 2.274467844090630742e+00 1.551596467721902073e+00 -3.233407197967121505e+00 4.467590800897240921e-01 2.957294901689490274e+00
-3.135410196621164491e+00 -5.695048314980283299e-01 3.487383539244539143e+00 -1.585816727561478512e+00 -2.507294901684046895e+00 3.135410196621413625e+00 5.695048314997350758e-01 -3.487383539245844766e+00 1.585816727560578787e+00 2.507294901685910737e+00 -3.135410196621662759e+00 -5.695048315014389351e-01 3.487383539247151276e+00 -1.585816727559675066e+00 -2.507294901687766142e+00 3.135410196621917667e+00 5.695048315031490116e-01 -3.487383539248456010e+00 1.585816727558772010e+00 2.507294901689638422e+00
-3.160410196621634249e+00 -1.332169276716150152e+00 3.983736088400794628e+00 -1.129915028124417464e+00 -3.285410196621247003e+00 3.160410196621533885e+00 1.332169276718212059e+00 -3.983736088401971909e+00 1.129915028123082976e+00 3.285410196623249401e+00 -3.160410196621433521e+00 -1.332169276720269746e+00 3.983736088403147857e+00 -1.129915028121744047e+00 -3.285410196625244694e+00 3.160410196621342038e+00 1.332169276722335205e+00 -3.983736088404322917e+00 1.129915028120405562e+00 3.285410196627255086e+00
-6.067627457803683733e-01 -5.314338553427546685e-01 9.352069311545914143e-01 -4.655581462507954460e-02 -9.064338553424737821e-01 6.067627457802213797e-01 5.314338553432744749e-01 -9.352069311547667185e-01 4.655581462466781839e-02 9.064338553429032164e-01 -6.067627457800742752e-01 -5.314338553437933932e-01 9.352069311549414676e-01 -4.655581462425512074e-02 -9.064338553433317625e-01 6.067627457799299462e-01 5.314338553443141988e-01 -9.352069311551158837e-01 4.655581462384245084e-02 9.064338553437625290e-01
