-2.179367797339182289e-13 1.999999999998462730e-01 3.146927163300006214e-13 -1.999999999999386158e-01 -4.114625307138908283e-13 2.000000000000310418e-01 5.082739784612044787e-13 -2.000000000001234124e-01 -6.049327705426321700e-13 2.000000000002157552e-01 7.015915626240598613e-13 -2.000000000003081535e-01 -7.985972994006829140e-13 2.000000000004004963e-01 8.952560914821106053e-13 -2.000000000004928946e-01 -9.919010057757304821e-13 2.000000000005852652e-01 1.088573675644965988e-12 -2.000000000006776357e-01
3.450000000005177814e+00 2.649999999985837906e+00 -3.450000000005489120e+00 -2.649999999988730703e+00 3.450000000005800427e+00 2.649999999991622612e+00 -3.450000000006111733e+00 -2.649999999994516742e+00 3.450000000006423928e+00 2.649999999997407762e+00 -3.450000000006736567e+00 -2.650000000000299671e+00 3.450000000007044765e+00 2.650000000003190692e+00 -3.450000000007356959e+00 -2.650000000006082157e+00 3.450000000007670042e+00 2.650000000008985612e+00 -3.450000000007982681e+00 -2.650000000011876633e+00
2.750000000005798029e+00 2.699999999987599875e+00 -2.750000000005761613e+00 -2.699999999990177812e+00 2.750000000005725642e+00 2.699999999992753530e+00 -2.750000000005689227e+00 -2.699999999995331912e+00 2.750000000005654144e+00 2.699999999997908073e+00 -2.750000000005619505e+00 -2.700000000000484235e+00 2.750000000005579981e+00 2.700000000003060396e+00 -2.750000000005544898e+00 -2.700000000005636558e+00 2.750000000005510703e+00 2.700000000008222045e+00 -2.750000000005475176e+00 -2.700000000010798207e+00
-4.600000000017782753e+00 -5.799999999975907095e+00 4.600000000017100632e+00 5.799999999980811616e+00 -4.600000000016419399e+00 -5.799999999985714361e+00 4.600000000015736390e+00 5.799999999990619770e+00 -4.600000000015057822e+00 -5.799999999995522515e+00 4.600000000014379253e+00 5.800000000000424372e+00 -4.600000000013690915e+00 -5.800000000005326228e+00 4.600000000013012347e+00 5.800000000010228085e+00 -4.600000000012333778e+00 -5.800000000015145929e+00 4.600000000011655210e+00 5.800000000020047786e+00
6.000000000008229861e-01 9.499999999949328977e-01 -6.000000000006404655e-01 -9.499999999956618701e-01 6.000000000004579448e-01 9.499999999963906205e-01 -6.000000000002753131e-01 -9.499999999971200371e-01 6.000000000000933476e-01 9.499999999978485654e-01 -5.999999999999112710e-01 -9.499999999985774268e-01 5.999999999997276401e-01 9.499999999993061772e-01 -5.999999999995455635e-01 -9.500000000000350386e-01 5.999999999993634869e-01 9.500000000007657874e-01 -5.999999999991815214e-01 -9.500000000014945378e-01
-2.050000000008551204e+00 -2.699999999989259436e+00 2.050000000008191936e+00 2.699999999991498090e+00 -2.050000000007832224e+00 -2.699999999993735855e+00 2.050000000007472067e+00 2.699999999995975841e+00 -2.050000000007114132e+00 -2.699999999998213607e+00 2.050000000006755752e+00 2.700000000000451372e+00 -2.050000000006392931e+00 -2.700000000002688694e+00 2.050000000006034995e+00 2.700000000004926903e+00 -2.050000000005677059e+00 -2.700000000007171774e+00 2.050000000005319123e+00 2.700000000009409540e+00
-2.450000000005345235e+00 -1.749999999990309529e+00 2.450000000005629897e+00 1.749999999992303490e+00 -2.450000000005915002e+00 -1.749999999994295674e+00 2.450000000006199219e+00 1.749999999996290079e+00 -2.450000000006485212e+00 -1.749999999998282485e+00 2.450000000006770762e+00 1.750000000000275113e+00 -2.450000000007053202e+00 -1.750000000002267520e+00 2.450000000007339196e+00 1.750000000004259704e+00 -2.450000000007625189e+00 -1.750000000006260770e+00 2.450000000007911183e+00 1.750000000008253176e+00
3.400000000007610268e+00 3.049999999983456611e+00 -3.400000000007704859e+00 -3.049999999986510169e+00 3.400000000007799450e+00 3.049999999989562394e+00 -3.400000000007894041e+00 -3.049999999992617283e+00 3.400000000007989964e+00 3.049999999995669064e+00 -3.400000000008085888e+00 -3.049999999998721290e+00 3.400000000008176926e+00 3.050000000001772626e+00 -3.400000000008273293e+00 -3.050000000004824852e+00 3.400000000008369661e+00 3.050000000007888623e+00 -3.400000000008465584e+00 -3.050000000010940404e+00
3.800000000006931611e+00 3.099999999982537169e+00 -3.800000000007186962e+00 -3.099999999985807442e+00 3.800000000007442313e+00 3.099999999989075938e+00 -3.800000000007697221e+00 -3.099999999992347988e+00 3.800000000007953904e+00 3.099999999995616040e+00 -3.800000000008210588e+00 -3.099999999998884537e+00 3.800000000008462386e+00 3.100000000002152589e+00 -3.800000000008718626e+00 -3.100000000005421086e+00 3.800000000008975753e+00 3.100000000008702905e+00 -3.800000000009232437e+00 -3.100000000011970958e+00
2.200000000005135181e+00 2.499999999988231636e+00 -2.200000000004941558e+00 -2.499999999990451194e+00 2.200000000004748379e+00 2.499999999992669419e+00 -2.200000000004554312e+00 -2.499999999994888977e+00 2.200000000004362022e+00 2.499999999997106759e+00 -2.200000000004169731e+00 -2.499999999999324984e+00 2.200000000003973000e+00 2.500000000001542322e+00 -2.200000000003780709e+00 -2.500000000003760547e+00 2.200000000003589307e+00 2.500000000005986323e+00 -2.200000000003397016e+00 -2.500000000008204104e+00
-1.750000000006376455e+00 -1.999999999991200594e+00 1.750000000006217249e+00 1.999999999992971178e+00 -1.750000000006057599e+00 -1.999999999994740874e+00 1.750000000005898171e+00 1.999999999996511679e+00 -1.750000000005739631e+00 -1.999999999998281153e+00 1.750000000005581313e+00 2.000000000000051070e+00 -1.750000000005419443e+00 -2.000000000001820322e+00 1.750000000005260681e+00 2.000000000003590017e+00 -1.750000000005102585e+00 -2.000000000005365486e+00 1.750000000004944267e+00 2.000000000007134737e+00
-1.306954544588734279e-12 -3.000000000001944445e-01 1.161848395270226320e-12 3.000000000003330003e-01 -1.016686734800487102e-12 -3.000000000004715561e-01 8.714695631795166264e-13 3.000000000006101120e-01 -7.264744361634711822e-13 -3.000000000007486678e-01 5.814793091474257380e-13 3.000000000008872236e-01 -4.359845817702989734e-13 -3.000000000010257795e-01 2.909616991786379003e-13 3.000000000011643353e-01 -1.460220833138237140e-13 -3.000000000013028911e-01 1.026956297778269800e-15 3.000000000014414470e-01
-1.400000000007205703e+00 -2.299999999991733990e+00 1.400000000006739409e+00 2.299999999993473487e+00 -1.400000000006273337e+00 -2.299999999995212541e+00 1.400000000005806822e+00 2.299999999996952482e+00 -1.400000000005341860e+00 -2.299999999998691536e+00 1.400000000004876455e+00 2.300000000000430145e+00 -1.400000000004407719e+00 -2.300000000002169198e+00 1.400000000003942535e+00 2.300000000003908252e+00 -1.400000000003477796e+00 -2.300000000005652190e+00 1.400000000003012612e+00 2.300000000007390799e+00
-2.500000000023664404e-01 -6.499999999978824938e-01 2.500000000021674329e-01 6.499999999983036014e-01 -2.500000000019684254e-01 -6.499999999987247090e-01 2.500000000017692514e-01 6.499999999991459276e-01 -2.500000000015705770e-01 -6.499999999995669242e-01 2.500000000013719026e-01 6.499999999999880318e-01 -2.500000000011720624e-01 -6.500000000004090284e-01 2.500000000009733880e-01 6.500000000008301360e-01 -2.500000000007748246e-01 -6.500000000012520207e-01 2.500000000005760392e-01 6.500000000016730173e-01
-1.850000000006109202e+00 -1.899999999990590993e+00 1.850000000006044365e+00 1.899999999992363797e+00 -1.850000000005979528e+00 -1.899999999994135713e+00 1.850000000005914469e+00 1.899999999995908961e+00 -1.850000000005850520e+00 -1.899999999997680433e+00 1.850000000005786571e+00 1.899999999999452349e+00 -1.850000000005719514e+00 -1.900000000001223821e+00 1.850000000005655565e+00 1.900000000002995515e+00 -1.850000000005592060e+00 -1.900000000004773648e+00 1.850000000005527889e+00 1.900000000006545120e+00
4.850000000012858692e+00 4.649999999976276222e+00 -4.850000000012848922e+00 -4.649999999980770404e+00 4.850000000012839152e+00 4.649999999985262811e+00 -4.850000000012828494e+00 -4.649999999989757882e+00 4.850000000012820500e+00 4.649999999994249400e+00 -4.850000000012814283e+00 -4.649999999998740918e+00 4.850000000012798296e+00 4.650000000003233325e+00 -4.850000000012791190e+00 -4.650000000007724843e+00 4.850000000012784085e+00 4.650000000012234125e+00 -4.850000000012776091e+00 -4.650000000016724755e+00
-1.550000000008158185e+00 -2.549999999991019450e+00 1.550000000007640155e+00 2.549999999992946798e+00 -1.550000000007122569e+00 -2.549999999994874145e+00 1.550000000006604317e+00 2.549999999996801936e+00 -1.550000000006087397e+00 -2.549999999998728839e+00 1.550000000005570922e+00 2.550000000000655742e+00 -1.550000000005050227e+00 -2.550000000002582645e+00 1.550000000004533307e+00 2.550000000004509548e+00 -1.550000000004016831e+00 -2.550000000006441780e+00 1.550000000003500356e+00 2.550000000008368239e+00
-2.550000000007542234e+00 -2.449999999987834798e+00 2.550000000007534684e+00 2.449999999990200461e+00 -2.550000000007527579e+00 -2.449999999992564348e+00 2.550000000007519585e+00 2.449999999994930455e+00 -2.550000000007512480e+00 -2.449999999997294342e+00 2.550000000007506262e+00 2.449999999999658229e+00 -2.550000000007495604e+00 -2.450000000002022116e+00 2.550000000007489387e+00 2.450000000004386447e+00 -2.550000000007483170e+00 -2.450000000006759215e+00 2.550000000007476508e+00 2.450000000009123102e+00
-1.850000000005806777e+00 -1.799999999991370947e+00 1.850000000005790568e+00 1.799999999993097344e+00 -1.850000000005773915e+00 -1.799999999994822852e+00 1.850000000005757261e+00 1.799999999996550137e+00 -1.850000000005741718e+00 -1.799999999998275424e+00 1.850000000005726175e+00 1.800000000000000933e+00 -1.850000000005707523e+00 -1.800000000001726441e+00 1.850000000005691980e+00 1.800000000003451950e+00 -1.850000000005676659e+00 -1.800000000005183898e+00 1.850000000005660894e+00 1.800000000006909184e+00
-1.900000000007565637e+00 -2.499999999990684785e+00 1.900000000007233680e+00 2.499999999992758681e+00 -1.900000000006901502e+00 -2.499999999994831690e+00 1.900000000006569101e+00 2.499999999996906475e+00 -1.900000000006238476e+00 -2.499999999998979483e+00 1.900000000005907630e+00 2.500000000001052491e+00 -1.900000000005572565e+00 -2.500000000003125500e+00 1.900000000005241718e+00 2.500000000005198508e+00 -1.900000000004911094e+00 -2.500000000007278178e+00 1.900000000004580691e+00 2.500000000009350742e+00
