-2.450000000002214851e+00 -1.750000000001110223e+00 2.450000000001962608e+00 1.750000000000901279e+00 -2.450000000001709921e+00 -1.750000000000694556e+00 2.450000000001458123e+00 1.750000000000485612e+00 -2.450000000001204548e+00 -1.750000000000279332e+00 2.450000000000951861e+00 1.750000000000072387e+00 -2.450000000000700950e+00 -1.749999999999865663e+00 2.450000000000448264e+00 1.749999999999658495e+00 -2.450000000000194689e+00 -1.749999999999443556e+00 2.449999999999941558e+00 1.749999999999236833e+00
3.400000000002804335e+00 3.050000000001655831e+00 -3.400000000002458833e+00 -3.050000000001298783e+00 3.400000000002112444e+00 3.050000000000944844e+00 -3.400000000001768719e+00 -3.050000000000587352e+00 3.400000000001421441e+00 3.050000000000233413e+00 -3.400000000001074163e+00 -3.049999999999879030e+00 3.400000000000731770e+00 3.049999999999524647e+00 -3.400000000000385381e+00 -3.049999999999170264e+00 3.400000000000038103e+00 3.049999999998804334e+00 -3.399999999999690825e+00 -3.049999999998449951e+00
3.800000000003092904e+00 3.100000000001707612e+00 -3.800000000002704770e+00 -3.100000000001342126e+00 3.800000000002315748e+00 3.100000000000979306e+00 -3.800000000001928502e+00 -3.100000000000613820e+00 3.800000000001538147e+00 3.100000000000251887e+00 -3.800000000001148237e+00 -3.099999999999889067e+00 3.800000000000763212e+00 3.099999999999526246e+00 -3.800000000000372857e+00 -3.099999999999163869e+00 3.799999999999983391e+00 3.099999999998788169e+00 -3.799999999999593481e+00 -3.099999999998425793e+00
2.200000000001669953e+00 2.500000000001369571e+00 -2.200000000001450573e+00 -2.500000000001081357e+00 2.200000000001230305e+00 2.500000000000795364e+00 -2.200000000001011813e+00 -2.500000000000506706e+00 2.200000000000790656e+00 2.500000000000220712e+00 -2.200000000000569944e+00 -2.499999999999934275e+00 2.200000000000353229e+00 2.499999999999648281e+00 -2.200000000000132516e+00 -2.499999999999361844e+00 2.199999999999911804e+00 2.499999999999067857e+00 -2.199999999999691092e+00 -2.499999999998781863e+00
-1.750000000001569189e+00 -2.000000000001302958e+00 1.750000000001394662e+00 2.000000000001072920e+00 -1.750000000001219691e+00 -2.000000000000843769e+00 1.750000000001045830e+00 2.000000000000613287e+00 -1.750000000000869971e+00 -2.000000000000384581e+00 1.750000000000694333e+00 2.000000000000155431e+00 -1.750000000000522249e+00 -1.999999999999926281e+00 1.750000000000346612e+00 1.999999999999697353e+00 -1.750000000000170974e+00 -1.999999999999462430e+00 1.749999999999995337e+00 1.999999999999233502e+00
2.894906536710095679e-14 -3.000000000002842615e-01 -2.670086374223501480e-14 3.000000000002517320e-01 2.448041769298470172e-14 -3.000000000002192024e-01 -2.209343819004061515e-14 3.000000000001867839e-01 2.001177001886844664e-14 -3.000000000001542544e-01 -1.793010184769627813e-14 3.000000000001217249e-01 1.529332216421153134e-14 -3.000000000000892508e-01 -1.321165399303936283e-14 3.000000000000567213e-01 1.110223024625156540e-14 -3.000000000000242473e-01 -8.992806499463767977e-15 2.999999999999917177e-01
-1.400000000001397238e+00 -2.300000000001342304e+00 1.400000000001262901e+00 2.300000000001082512e+00 -1.400000000001128120e+00 -2.300000000000823164e+00 1.400000000000994671e+00 2.300000000000562927e+00 -1.400000000000859002e+00 -2.300000000000304023e+00 1.400000000000723333e+00 2.300000000000045119e+00 -1.400000000000591660e+00 -2.299999999999786215e+00 1.400000000000456213e+00 2.299999999999526867e+00 -1.400000000000320544e+00 -2.299999999999263078e+00 1.400000000000184874e+00 2.299999999999004174e+00
-2.500000000003569367e-01 -6.500000000003864908e-01 2.500000000003346212e-01 6.500000000003141043e-01 -2.500000000003124168e-01 -6.500000000002418288e-01 2.500000000002904343e-01 6.500000000001694422e-01 -2.500000000002678968e-01 -6.500000000000973888e-01 2.500000000002453038e-01 6.500000000000251132e-01 -2.500000000002238765e-01 -6.499999999999529487e-01 2.500000000002013389e-01 6.499999999998807843e-01 -2.500000000001788569e-01 -6.499999999998077316e-01 2.500000000001563194e-01 6.499999999997355671e-01
-1.850000000001783107e+00 -1.900000000001059508e+00 1.850000000001596812e+00 1.900000000000839240e+00 -1.850000000001410294e+00 -1.900000000000620526e+00 1.850000000001225109e+00 1.900000000000400036e+00 -1.850000000001037703e+00 -1.900000000000181322e+00 1.850000000000850520e+00 1.899999999999962386e+00 -1.850000000000666445e+00 -1.899999999999743450e+00 1.850000000000479483e+00 1.899999999999524736e+00 -1.850000000000292300e+00 -1.899999999999299582e+00 1.850000000000105116e+00 1.899999999999080647e+00
4.850000000004301093e+00 4.650000000002775913e+00 -4.850000000003809930e+00 -4.650000000002235012e+00 4.850000000003318767e+00 4.650000000001696776e+00 -4.850000000002830269e+00 -4.650000000001154099e+00 4.850000000002337330e+00 4.650000000000616751e+00 -4.850000000001844391e+00 -4.650000000000079403e+00 4.850000000001358558e+00 4.649999999999541167e+00 -4.850000000000866507e+00 -4.649999999999002931e+00 4.850000000000373568e+00 4.649999999998449596e+00 -4.849999999999880629e+00 -4.649999999997911360e+00
-1.550000000001519496e+00 -2.550000000001444000e+00 1.550000000001370726e+00 2.550000000001156231e+00 -1.550000000001221512e+00 -2.550000000000868905e+00 1.550000000001073852e+00 2.550000000000580247e+00 -1.550000000000923528e+00 -2.550000000000293365e+00 1.550000000000773648e+00 2.550000000000006040e+00 -1.550000000000627765e+00 -2.549999999999719158e+00 1.550000000000477440e+00 2.549999999999431832e+00 -1.550000000000327560e+00 -2.549999999999139177e+00 1.550000000000177236e+00 2.549999999998851852e+00
-2.550000000002313083e+00 -2.450000000001491873e+00 2.550000000002055511e+00 2.450000000001206768e+00 -2.550000000001797051e+00 -2.450000000000923883e+00 2.550000000001540812e+00 2.450000000000637890e+00 -2.550000000001281020e+00 -2.450000000000355005e+00 2.550000000001022116e+00 2.450000000000071676e+00 -2.550000000000766764e+00 -2.449999999999788347e+00 2.550000000000507860e+00 2.449999999999504574e+00 -2.550000000000248512e+00 -2.449999999999212807e+00 2.549999999999989608e+00 2.449999999998929479e+00
-1.850000000001758016e+00 -1.800000000001073408e+00 1.850000000001570832e+00 1.800000000000864242e+00 -1.850000000001383871e+00 -1.800000000000655964e+00 1.850000000001197797e+00 1.800000000000446354e+00 -1.850000000001009504e+00 -1.800000000000238742e+00 1.850000000000821876e+00 1.800000000000030909e+00 -1.850000000000636691e+00 -1.799999999999822631e+00 1.850000000000449063e+00 1.799999999999614575e+00 -1.850000000000261213e+00 -1.799999999999400302e+00 1.850000000000073586e+00 1.799999999999192246e+00
-1.900000000001815348e+00 -2.500000000001557865e+00 1.900000000001628164e+00 2.500000000001271871e+00 -1.900000000001440537e+00 -2.500000000000988098e+00 1.900000000001254907e+00 2.500000000000701661e+00 -1.900000000001066169e+00 -2.500000000000417888e+00 1.900000000000877876e+00 2.500000000000133671e+00 -1.900000000000693579e+00 -2.499999999999849454e+00 1.900000000000505063e+00 2.499999999999565237e+00 -1.900000000000316769e+00 -2.499999999999274358e+00 1.900000000000128697e+00 2.499999999998990141e+00
-2.850000000002506972e+00 -2.700000000001439915e+00 2.850000000002218759e+00 2.700000000001125056e+00 -2.850000000001930101e+00 -2.700000000000812417e+00 2.850000000001642775e+00 2.700000000000497558e+00 -2.850000000001352340e+00 -2.700000000000185363e+00 2.850000000001062794e+00 2.699999999999872724e+00 -2.850000000000777245e+00 -2.699999999999560529e+00 2.850000000000487255e+00 2.699999999999247446e+00 -2.850000000000197264e+00 -2.699999999998925038e+00 2.849999999999907274e+00 2.699999999998612843e+00
-1.900000000002029843e+00 -2.800000000001629186e+00 1.900000000001845324e+00 2.800000000001310774e+00 -1.900000000001659917e+00 -2.800000000000994138e+00 1.900000000001476508e+00 2.800000000000675726e+00 -1.900000000001289990e+00 -2.800000000000359091e+00 1.900000000001103473e+00 2.800000000000042455e+00 -1.900000000000922062e+00 -2.799999999999725819e+00 1.900000000000735545e+00 2.799999999999408740e+00 -1.900000000000549472e+00 -2.799999999999085887e+00 1.900000000000363398e+00 2.799999999998768807e+00
-6.500000000006947998e-01 -1.050000000000698375e+00 6.500000000006321832e-01 1.050000000000579581e+00 -6.500000000005694556e-01 -1.050000000000461231e+00 6.500000000005073941e-01 1.050000000000342437e+00 -6.500000000004442224e-01 -1.050000000000224087e+00 6.500000000003811618e-01 1.050000000000105738e+00 -6.500000000003198775e-01 -1.049999999999987388e+00 6.500000000002567058e-01 1.049999999999869038e+00 -6.500000000001937561e-01 -1.049999999999748468e+00 6.500000000001306955e-01 1.049999999999630118e+00
-2.450000000002201972e+00 -2.550000000001477307e+00 2.450000000001955947e+00 2.550000000001181988e+00 -2.450000000001709033e+00 -2.550000000000888445e+00 2.450000000001463896e+00 2.550000000000593126e+00 -2.450000000001216094e+00 -2.550000000000300027e+00 2.450000000000968736e+00 2.550000000000006040e+00 -2.450000000000725375e+00 -2.549999999999712941e+00 2.450000000000477574e+00 2.549999999999418954e+00 -2.450000000000230216e+00 -2.549999999999116973e+00 2.449999999999981970e+00 2.549999999998823874e+00
-2.250000000002088107e+00 -2.400000000001295319e+00 2.250000000001862510e+00 2.400000000001017764e+00 -2.250000000001636469e+00 -2.400000000000741984e+00 2.250000000001411760e+00 2.400000000000463984e+00 -2.250000000001184386e+00 -2.400000000000188205e+00 2.250000000000957456e+00 2.399999999999912426e+00 -2.250000000000734524e+00 -2.399999999999636646e+00 2.250000000000507150e+00 2.399999999999360423e+00 -2.250000000000280664e+00 -2.399999999999077538e+00 2.250000000000053735e+00 2.399999999998801314e+00
-2.050000000002022205e+00 -2.700000000001333778e+00 2.050000000001820144e+00 2.700000000001025580e+00 -2.050000000001618083e+00 -2.700000000000718270e+00 2.050000000001417355e+00 2.700000000000409628e+00 -2.050000000001213962e+00 -2.700000000000103206e+00 2.050000000001010569e+00 2.699999999999796341e+00 -2.050000000000811617e+00 -2.699999999999489031e+00 2.050000000000608669e+00 2.699999999999182165e+00 -2.050000000000405276e+00 -2.699999999998868194e+00 2.050000000000202327e+00 2.699999999998561329e+00
