-5.112138363164933530e+00 4.473934429938903889e+00 -3.397790622976686770e+00 1.989047396038583937e+00 -3.856023514685281706e-01 -1.255588137912446056e+00 2.773872912157268278e+00 -4.020631679050890916e+00 4.873823003810785259e+00 -5.249930575036056979e+00 5.112138363159767884e+00 -4.473934429935279233e+00 3.397790622974946384e+00 -1.989047396038897908e+00 3.856023514708984967e-01 1.255588137908285606e+00 -2.773872912151722936e+00 4.020631679044509355e+00 -4.873823003804173659e+00 5.249930575029860158e+00
7.280071145326783011e-01 -7.708764473127079908e-01 7.382870224177633389e-01 -6.334289198204514637e-01 4.665663811923701498e-01 -2.540330744141115482e-01 1.663324035975438653e-02 2.223947711515593118e-01 -4.396532329470319578e-01 6.138753730574217915e-01 -7.280071145317124071e-01 7.708764473118194793e-01 -7.382870224170388074e-01 6.334289198199616333e-01 -4.665663811921663129e-01 2.540330744142100805e-01 -1.663324036014540708e-02 -2.223947711509156600e-01 4.396532329461957378e-01 -6.138753730564715516e-01
-2.523236515845264538e+00 2.225521789012280927e+00 -1.709957483348858220e+00 1.027010625241097319e+00 -2.435328115311548580e-01 -5.637836905641395724e-01 1.315913116914906311e+00 -1.939231798876118962e+00 2.372724960940854722e+00 -2.573959272081810745e+00 2.523236515842684824e+00 -2.225521789010443729e+00 1.709957483347937623e+00 -1.027010625241183472e+00 2.435328115322548670e-01 5.637836905621498307e-01 -1.315913116912220904e+00 1.939231798873003454e+00 -2.372724960937604877e+00 2.573959272078743421e+00
-2.466921229256718640e+00 2.241550338190903435e+00 -1.796760882223560341e+00 1.176091952335168278e+00 -4.402989478379356614e-01 -3.385935854166440273e-01 1.084342219410250774e+00 -1.723947881911366053e+00 2.194801514279751231e+00 -2.450812682349076344e+00 2.466921229254083858e+00 -2.241550338188924574e+00 1.796760882222426137e+00 -1.176091952334989754e+00 4.402989478387452360e-01 3.385935854149413338e-01 -1.084342219407820940e+00 1.723947881908450386e+00 -2.194801514276626175e+00 2.450812682346044546e+00
3.259723467066137470e+00 -2.991031456255317966e+00 2.429556446764862265e+00 -1.630259524550159211e+00 6.713814413867285058e-01 3.532161350489496643e-01 -1.343238455184295077e+00 2.201775236433397787e+00 -2.844786916870185589e+00 3.209331033087756246e+00 -3.259723467062605629e+00 2.991031456252621901e+00 -2.429556446763259991e+00 1.630259524549807049e+00 -6.713814413876804110e-01 -3.532161350468072669e-01 1.343238455181171576e+00 -2.201775236429602600e+00 2.844786916866078652e+00 -3.209331033083735019e+00
3.522432790023589444e+00 -3.137308571263632384e+00 2.445082730634469570e+00 -1.513515156437951870e+00 4.337941734493964696e-01 6.883896056578497902e-01 -1.743189013870668713e+00 2.627352935893626285e+00 -3.254333246706926364e+00 3.562756745059541874e+00 -3.522432790019935922e+00 3.137308571260982948e+00 -2.445082730633076018e+00 1.513515156437949871e+00 -4.337941734508085623e-01 -6.883896056551846998e-01 1.743189013867010750e+00 -2.627352935889337271e+00 3.254333246702413973e+00 -3.562756745055244423e+00
1.956228180933961225e+00 -1.743562000776550214e+00 1.360223823872472426e+00 -8.437374618512488711e-01 2.446601983996106178e-01 3.783661099190721022e-01 -9.643553071670487586e-01 1.455946687890906199e+00 -1.805019862626893179e+00 1.977405116896070902e+00 -1.956228180931929961e+00 1.743562000775075616e+00 -1.360223823871694160e+00 8.437374618512429869e-01 -2.446601984003899388e-01 -3.783661099175965603e-01 9.643553071650209363e-01 -1.455946687888526769e+00 1.805019862624388072e+00 -1.977405116893683701e+00
-2.258804518073705747e+00 1.972124089092391230e+00 -1.492398413674372426e+00 8.665863833749077871e-01 -1.559468400085213535e-01 -5.699578666032550922e-01 1.240071126101799814e+00 -1.788797583693815474e+00 2.162424070508216278e+00 -2.324377422806851001e+00 2.258804518071431566e+00 -1.972124089090802945e+00 1.492398413673620139e+00 -8.665863833750653278e-01 1.559468400095876672e-01 5.699578666013993544e-01 -1.240071126099336007e+00 1.788797583690986404e+00 -2.162424070505291063e+00 2.324377422804115412e+00
-3.598203609379368312e-02 7.021575905133316253e-02 -9.757627429096323024e-02 1.153853439491125676e-01 -1.218996922045599424e-01 1.164816492619318716e-01 -9.966157091418013925e-02 7.308592362236168705e-02 -3.935611690682275926e-02 1.773859258262993482e-03 3.598203609369067524e-02 -7.021575905119985250e-02 9.757627429081301706e-02 -1.153853439489600369e-01 1.218996922044198877e-01 -1.164816492618181293e-01 9.966157091410375590e-02 -7.308592362232983752e-02 3.935611690683879504e-02 -1.773859258326220684e-03
-2.208809081648583916e+00 1.980366972153550842e+00 -1.558072745396231751e+00 9.832635025885447799e-01 -3.122055773480078567e-01 -3.894132050673513867e-01 1.052913509769235700e+00 -1.613347304055005482e+00 2.015855423368175803e+00 -2.221037568551447627e+00 2.208809081646270212e+00 -1.980366972151853533e+00 1.558072745395311154e+00 -9.832635025884916002e-01 3.122055773488405239e-01 3.894132050657284627e-01 -1.052913509766981059e+00 1.613347304052341835e+00 -2.015855423365356280e+00 2.221037568548746233e+00
-2.803499928151231280e-01 1.931401147254037665e-01 -8.702433652008301213e-02 -2.760999007800132854e-02 1.395416584771133339e-01 -2.378140171005623804e-01 3.128074827825085280e-01 -3.571811725918116465e-01 3.665914806002701920e-01 -3.401172602945526924e-01 2.803499928149296716e-01 -1.931401147253503647e-01 8.702433652017360632e-02 2.760999007777545367e-02 -1.395416584767720236e-01 2.378140171001413838e-01 -3.128074827820488402e-01 3.571811725913581759e-01 -3.665914805998665704e-01 3.401172602942392764e-01
-2.183518350745266012e+00 1.949912236722787018e+00 -1.525435127132603652e+00 9.516377989673534543e-01 -2.846875325889276498e-01 -4.101299330138120647e-01 1.064801023229748456e+00 -1.615241970386881443e+00 2.007571779429937031e+00 -2.203386475127311339e+00 2.183518350742992276e+00 -1.949912236721130565e+00 1.525435127131721247e+00 -9.516377989673318050e-01 2.846875325897822440e-01 4.101299330121789266e-01 -1.064801023227496257e+00 1.615241970384233117e+00 -2.007571779427143710e+00 2.203386475124645028e+00
4.919053698925658580e+00 -4.467134041255433452e+00 3.577940179274409882e+00 -2.338512603571280657e+00 8.701751208556003370e-01 6.833411655556249631e-01 -2.169967257564080487e+00 3.444181835351009635e+00 -4.381255898067752952e+00 4.889462107476786557e+00 -4.919053698920408557e+00 4.467134041251494381e+00 -3.577940179272157462e+00 2.338512603570934711e+00 -8.701751208572247043e-01 -6.833411655522203532e-01 2.169967257559228369e+00 -3.444181835345190290e+00 4.381255898061517939e+00 -4.889462107470741614e+00
-2.332614169794724468e+00 2.094309948624735629e+00 -1.651000077768068897e+00 1.046078816105692422e+00 -3.387600714633925980e-01 -4.017188692537735917e-01 1.102874768108285553e+00 -1.696073600479894417e+00 2.123248931596833255e+00 -2.342585863743880559e+00 2.332614169792276204e+00 -2.094309948622934403e+00 1.651000077767086571e+00 -1.046078816105624476e+00 3.387600714642600153e-01 4.017188692520705651e-01 -1.102874768105913228e+00 1.696073600477087551e+00 -2.123248931593857858e+00 2.342585863741026397e+00
-2.485517264508630753e+00 2.275170115914845415e+00 -1.842113464333145822e+00 1.228737912103490038e+00 -4.950849319169006724e-01 -2.870304108650795216e-01 1.041049217172952845e+00 -1.693162872687401288e+00 2.179537949263728791e+00 -2.452564665632271268e+00 2.485517264505947566e+00 -2.275170115912805269e+00 1.842113464331943673e+00 -1.228737912103243346e+00 4.950849319176485741e-01 2.870304108634257334e-01 -1.041049217170554986e+00 1.693162872684496723e+00 -2.179537949260593077e+00 2.452564665629207497e+00
-2.104926201205223002e+00 2.015749879525444932e+00 -1.729257915082577091e+00 1.273494137463208498e+00 -6.930718807137045134e-01 4.480691936436637102e-02 6.078440554403703455e-01 -1.200995018999914565e+00 1.676584222275334213e+00 -1.988057680425246554e+00 2.104926201202797387e+00 -2.015749879523469179e+00 1.729257915081242158e+00 -1.273494137462644282e+00 6.930718807139778503e-01 -4.480691936543829135e-02 -6.078440554386046468e-01 1.200995018997631059e+00 -1.676584222272748725e+00 1.988057680422607110e+00
-2.402366900383149151e+00 2.204402125093953391e+00 -1.790655110827971130e+00 1.201626298086543976e+00 -4.949739310658772817e-01 -2.601299330134998478e-01 9.897704668175377751e-01 -1.622525371193004551e+00 2.096456187437035990e+00 -2.365171265185550098e+00 2.402366900380546344e+00 -2.204402125091966536e+00 1.790655110826790075e+00 -1.201626298086284184e+00 4.949739310665784986e-01 2.601299330119211106e-01 -9.897704668152359497e-01 1.622525371190207899e+00 -2.096456187434009077e+00 2.365171265182586691e+00
-2.862802069515743231e+00 2.617071212320431606e+00 -2.115163190656037084e+00 1.406208258681919343e+00 -5.596038647191884374e-01 -3.417784545114305184e-01 1.209705117303762956e+00 -1.959217414703094517e+00 2.516947860880804466e+00 -2.828301913828559222e+00 2.862802069512658143e+00 -2.617071212318091256e+00 2.115163190654664405e+00 -1.406208258681649115e+00 5.596038647200638483e-01 3.417784545095129412e-01 -1.209705117300990729e+00 1.959217414699742088e+00 -2.516947860877190024e+00 2.828301913825032710e+00
-3.136240191380313291e+00 2.807597496188817932e+00 -2.204127596388552490e+00 1.384902330394029546e+00 -4.301131751188675967e-01 -5.667784545113980776e-01 1.508189860036187824e+00 -2.301969133883833507e+00 2.870415630144801167e+00 -3.157885845165505856e+00 3.136240191377035469e+00 -2.807597496186418962e+00 2.204127596387260635e+00 -1.384902330393970926e+00 4.301131751200672482e-01 5.667784545090778225e-01 -1.508189860032973284e+00 2.301969133880042762e+00 -2.870415630140794594e+00 3.157885845161672034e+00
-1.015309909804371413e+00 9.888384529601172979e-01 -8.655725986975553177e-01 6.575784676756282199e-01 -3.852159746190979561e-01 7.514585800941392391e-02 2.422800587541368844e-01 -5.359899153023396368e-01 7.772333444793777524e-01 -9.423957585956149741e-01 1.015309909803172816e+00 -9.888384529591183192e-01 8.655725986968523245e-01 -6.575784676752898239e-01 3.852159746191627931e-01 -7.514585800986992026e-02 -2.422800587533344707e-01 5.359899153012709361e-01 -7.772333444781436285e-01 9.423957585943334436e-01
