-2.145495178221510812e+00 7.966351432859015702e-01 1.208994400858300677e+00 -2.217893301142718876e+00 1.398295546281473678e+00 5.740983002413446723e-01 -2.073188574776958060e+00 1.863081038708637838e+00 -1.169945419806202036e-01 -1.725545705958218212e+00 2.145495178217857291e+00 -7.966351432839580138e-01 -1.208994400856930218e+00 2.217893301139167939e+00 -1.398295546278667256e+00 -5.740983002410960934e-01 2.073188574773856985e+00 -1.863081038705241887e+00 1.169945419797357444e-01 1.725545705955874531e+00
-1.706601147874577729e+00 3.060540532981286255e-01 1.346813030008150447e+00 -1.889327726565966259e+00 8.742249188373115709e-01 8.616146976072543984e-01 -1.887113743660785437e+00 1.356820558237067376e+00 2.920755153825259631e-01 -1.700175919231700306e+00 1.706601147871543489e+00 -3.060540532970374983e-01 -1.346813030006397849e+00 1.889327726562817000e+00 -8.742249188353611311e-01 -8.616146976064015250e-01 1.887113743657829579e+00 -1.356820558234447027e+00 -2.920755153826456452e-01 1.700175919229229615e+00
-1.827303689909181239e+00 3.794291837962586733e-01 1.381257932859059512e+00 -2.003195268888886993e+00 9.736393401707897910e-01 8.586135784801449677e-01 -1.983000137867656720e+00 1.472542894184755369e+00 2.519221447276218662e-01 -1.768695136977788129e+00 1.827303689905952488e+00 -3.794291837950184987e-01 -1.381257932857287818e+00 2.003195268885566094e+00 -9.736393401686568305e-01 -8.586135784793351711e-01 1.983000137864568746e+00 -1.472542894181936957e+00 -2.519221447278421899e-01 1.768695136975238835e+00
3.014221210864419742e+00 -4.174993222662679582e-01 -2.523421321923115634e+00 3.383958998959093023e+00 -1.454661065977994383e+00 -1.673902355626523342e+00 3.422451302806919671e+00 -2.349430449331332937e+00 -6.605301639987095630e-01 3.125930227515950399e+00 -3.014221210859012068e+00 4.174993222645115853e-01 2.523421321919771643e+00 -3.383958998953408681e+00 1.454661065974655276e+00 1.673902355624770966e+00 -3.422451302801515549e+00 2.349430449326735726e+00 6.605301639987015694e-01 -3.125930227511359405e+00
3.079138161546311370e+00 -1.041814059744658127e+00 -1.854412281647848104e+00 3.221806441389155395e+00 -1.933048342330853764e+00 -9.493718262076049630e-01 3.049101859103602763e+00 -2.635062384829289783e+00 4.859975824332557481e-02 2.577929942507632965e+00 -3.079138161541028929e+00 1.041814059742009579e+00 1.854412281645676286e+00 -3.221806441383958219e+00 1.933048342326913582e+00 9.493718262070451885e-01 -3.049101859098999778e+00 2.635062384824441217e+00 -4.859975824223705665e-02 -2.577929942504081584e+00
5.838877416978006885e+00 -1.194101034644644788e+00 -4.435127461153794748e+00 6.407906062050306772e+00 -3.097817901543507890e+00 -2.766202708419201794e+00 6.349684215262439757e+00 -4.698298768471302012e+00 -8.265027613188836719e-01 5.669911036634067258e+00 -5.838877416967683587e+00 1.194101034640707493e+00 4.435127461148097083e+00 -6.407906062039677941e+00 3.097817901536708440e+00 2.766202708416578115e+00 -6.349684215252545449e+00 4.698298768462301211e+00 8.265027613195550238e-01 -5.669911036625886247e+00
4.746039840079176564e+00 -9.456422847482585103e-01 -3.634370662239498007e+00 5.218101238004686948e+00 -2.499875243096921107e+00 -2.279321637076740625e+00 5.179378530105248402e+00 -3.809402994995016112e+00 -7.011567291107989597e-01 4.633662164827521579e+00 -4.746039840070775284e+00 9.456422847450928204e-01 3.634370662234815086e+00 -5.218101237996022768e+00 2.499875243091415733e+00 2.279321637074557927e+00 -5.179378530097169531e+00 3.809402994987706403e+00 7.011567291113002254e-01 -4.633662164820826490e+00
-2.188905089773143686e+00 8.944278216018520800e-01 1.137442124217347805e+00 -2.231571233503648610e+00 1.485927196769616820e+00 4.847590490203330660e-01 -2.055795636627968381e+00 1.931973664853602113e+00 -2.153756194090054032e-01 -1.678784439269086715e+00 2.188905089769448420e+00 -8.944278215997556458e-01 -1.137442124216115014e+00 2.231571233500106555e+00 -1.485927196766683611e+00 -4.847590490202428049e-01 2.055795636624926370e+00 -1.931973664850117345e+00 2.153756194079575748e-01 1.678784439266846729e+00
-9.949819072150208887e-01 3.519567157990235451e-01 5.812319732308655063e-01 -1.035235879850681773e+00 6.357607924095795005e-01 2.878542443222459335e-01 -9.741537516541245445e-01 8.573321730529709361e-01 -3.370066361877235850e-02 -8.177146669175326954e-01 9.949819072133199160e-01 -3.519567157981464689e-01 -5.812319732301945985e-01 1.035235879849017548e+00 -6.357607924082930850e-01 -2.878542443220957203e-01 9.741537516526602714e-01 -8.573321730514003036e-01 3.370066361839335611e-02 8.177146669164133685e-01
-1.265188985829771129e+00 5.978508000670610389e-01 5.623732191281574089e-01 -1.258960169042280031e+00 9.176232220451032706e-01 1.802293748836686360e-01 -1.129495559217785328e+00 1.147572289592226902e+00 -2.195565763059380837e-01 -8.894680543989919030e-01 1.265188985827667034e+00 -5.978508000657369870e-01 -5.623732191276082926e-01 1.258960169040312937e+00 -9.176232220433382381e-01 -1.802293748837781040e-01 1.129495559216147527e+00 -1.147572289590192529e+00 2.195565763051882668e-01 8.894680543978470411e-01
-6.467858447813602751e+00 1.059132635800239530e+00 5.222773360721694402e+00 -7.198870950795054569e+00 3.240006995346311314e+00 3.390014292415490349e+00 -7.225207807629496770e+00 5.103726895729971069e+00 1.225417005551352245e+00 -6.544290983270993678e+00 6.467858447802063537e+00 -1.059132635796244060e+00 -5.222773360714848323e+00 7.198870950783018863e+00 -3.240006995339005602e+00 -3.390014292412056207e+00 7.225207807618144074e+00 -5.103726895720066103e+00 -1.225417005551626470e+00 6.544290983261443984e+00
-6.209921418210663013e+00 9.456445025431019502e-01 5.098249633196307862e+00 -6.938996396338166228e+00 3.059029861760048874e+00 3.342891118206982259e+00 -6.988834060361365452e+00 4.872976064591887813e+00 1.260307129277633331e+00 -6.354555952486912851e+00 6.209921418199556342e+00 -9.456445025393649395e-01 -5.098249633189591457e+00 6.938996396326539973e+00 -3.059029861753095769e+00 -3.342891118203543233e+00 6.988834060350359145e+00 -4.872976064582395850e+00 -1.260307129277769445e+00 6.354555952477611847e+00
-1.635196030919460863e+00 3.906351433492722958e-01 1.175976878343309551e+00 -1.773078875603136151e+00 9.084023501183310367e-01 7.051878665080247854e-01 -1.737400406175886314e+00 1.337248805646062966e+00 1.653701529666890546e-01 -1.531653079811928997e+00 1.635196030916591825e+00 -3.906351433480915736e-01 -1.175976878341827181e+00 1.773078875600215154e+00 -9.084023501163784875e-01 -7.051878665074022834e-01 1.737400406173199352e+00 -1.337248805643528327e+00 -1.653701529669772963e-01 1.531653079809741858e+00
2.089302009817277206e+00 -6.418839399432826331e-01 -1.334722182652658073e+00 2.210943969684458832e+00 -1.264398335398243312e+00 -7.245545805435702480e-01 2.116163329246596447e+00 -1.763144612202737438e+00 -4.346252782293780204e-02 1.814237877965502399e+00 -2.089302009813667205e+00 6.418839399415758873e-01 1.334722182651053135e+00 -2.210943969680868371e+00 1.264398335395625850e+00 7.245545805430604336e-01 -2.116163329243376801e+00 1.763144612199463390e+00 4.346252782356052613e-02 -1.814237877962971979e+00
-1.540503966439076500e+00 4.080408303206795040e-01 1.060823201647335123e+00 -1.655113296756267394e+00 8.848791717656276923e-01 6.148754423067175345e-01 -1.607708605734591734e+00 1.275099374562069787e+00 1.087393905844990100e-01 -1.402930194819308252e+00 1.540503966436389094e+00 -4.080408303195116604e-01 -1.060823201646019509e+00 1.655113296753555119e+00 -8.848791717637537468e-01 -6.148754423062112728e-01 1.607708605732120155e+00 -1.275099374559671928e+00 -1.087393905848418885e-01 1.402930194817321841e+00
-1.905673707592979715e+00 3.969614356304362879e-01 1.439017552407622524e+00 -2.088628025820383538e+00 1.016311949796267378e+00 8.938816741822450673e-01 -2.067132880553379515e+00 1.536178769253817578e+00 2.612464296486911586e-01 -1.843292366376382940e+00 1.905673707589613075e+00 -3.969614356291411572e-01 -1.439017552405777112e+00 2.088628025816921863e+00 -1.016311949794041825e+00 -8.938816741814030742e-01 2.067132880550161644e+00 -1.536178769250878151e+00 -2.612464296489231952e-01 1.843292366373726177e+00
-1.597980788025097798e+00 9.220520673368981512e-02 1.489587066619320055e+00 -1.843319826262184602e+00 6.773653516511886075e-01 1.047029098032804750e+00 -1.908221876740261225e+00 1.196220256466657084e+00 5.019806262506916195e-01 -1.786333874559540069e+00 1.597980788022180132e+00 -9.220520673293797209e-02 -1.489587066617285904e+00 1.843319826259043115e+00 -6.773653516495293792e-01 -1.047029098031617256e+00 1.908221876737203226e+00 -1.196220256464251896e+00 -5.019806262504572514e-01 1.786333874556866874e+00
-1.207345197962850003e+00 4.611827002217786520e-01 6.651924183570063764e-01 -1.243163287115495619e+00 7.962336743587522525e-01 3.071344647818418094e-01 -1.157291892097436437e+00 1.053343748763030385e+00 -8.098795013743725901e-02 -9.581367033543400913e-01 1.207345197960799199e+00 -4.611827002206670412e-01 -6.651924183562613058e-01 1.243163287113509874e+00 -7.962336743571618580e-01 -3.071344647817275675e-01 1.157291892095710484e+00 -1.053343748761116139e+00 8.098795013691656441e-02 9.581367033530450161e-01
-1.161945193756334538e+00 2.627527636066499528e-01 8.530607948618633696e-01 -1.265585872663754996e+00 6.347246280610172597e-01 5.194223213813168316e-01 -1.245342188499604319e+00 9.445652235339532243e-01 1.349391720562284069e-01 -1.103195734116029003e+00 1.161945193754289729e+00 -2.627527636058315519e-01 -8.530607948607802360e-01 1.265585872661664668e+00 -6.347246280596424706e-01 -5.194223213808448758e-01 1.245342188497672975e+00 -9.445652235321557733e-01 -1.349391720564068198e-01 1.103195734114447379e+00
-1.537952544824254364e+00 5.428838379931331115e-01 8.997543174632882668e-01 -1.600608474975541817e+00 9.818737951065557024e-01 4.463466022231117325e-01 -1.506585695501328592e+00 1.324751104037630078e+00 -5.075262832181917649e-02 -1.265087811151918595e+00 1.537952544821624690e+00 -5.428838379917790835e-01 -8.997543174622489870e-01 1.600608474972968320e+00 -9.818737951045682921e-01 -4.463466022228771979e-01 1.506585695499063515e+00 -1.324751104035202687e+00 5.075262832123536572e-02 1.265087811150186425e+00
