-1.560410196625467094e+00 -2.157091636216066366e+00 2.272542485955764691e-01 2.297542485936343137e+00 1.192705098310492762e+00 -1.560410196625270807e+00 -2.157091636217357777e+00 2.272542485945812096e-01 2.297542485937020817e+00 1.192705098311904521e+00 -1.560410196625074741e+00 -2.157091636218647857e+00 2.272542485935850065e-01 2.297542485937696277e+00 1.192705098313319390e+00 -1.560410196624876900e+00 -2.157091636219939712e+00 2.272542485925929112e-01 2.297542485938373513e+00 1.192705098314729373e+00
-1.819959346906362407e+00 -2.187993335653381610e+00 4.677050983141119445e-01 2.477050983123564976e+00 1.063196601123077789e+00 -1.819959346906293129e+00 -2.187993335654806693e+00 4.677050983131608164e-01 2.477050983124403860e+00 1.063196601124545282e+00 -1.819959346906223852e+00 -2.187993335656230887e+00 4.677050983122086336e-01 2.477050983125241412e+00 1.063196601126015661e+00 -1.819959346906153463e+00 -2.187993335657656857e+00 4.677050983112608362e-01 2.477050983126079409e+00 1.063196601127480712e+00
-1.972213595498997218e+00 -1.302583139028657300e+00 1.167172942406777381e+00 2.023935688185738435e+00 8.368810393618864030e-02 -1.972213595499442640e+00 -1.302583139029938941e+00 1.167172942406429881e+00 2.023935688186806026e+00 8.368810393719450236e-02 -1.972213595499887617e+00 -1.302583139031218584e+00 1.167172942406081493e+00 2.023935688187872728e+00 8.368810393820247384e-02 -1.972213595500332151e+00 -1.302583139032500892e+00 1.167172942405736880e+00 2.023935688188938986e+00 8.368810393920611546e-02
2.980901699438450958e+00 4.590044318775634125e+00 -1.440983005661923833e-01 -4.679101966247397826e+00 -2.747745751402194792e+00 2.980901699437848329e+00 4.590044318778216059e+00 -1.440983005639910053e-01 -4.679101966248621736e+00 -2.747745751405147985e+00 2.980901699437244812e+00 4.590044318780796218e+00 -1.440983005617877399e-01 -4.679101966249842981e+00 -2.747745751408108283e+00 2.980901699436638186e+00 4.590044318783379929e+00 -1.440983005595928845e-01 -4.679101966251066003e+00 -2.747745751411057924e+00
2.653647450844764943e+00 4.297339220463449294e+00 2.254248590170121469e-03 -4.295946018216311835e+00 -2.657294901683594723e+00 2.653647450844125011e+00 4.297339220465798526e+00 2.254248592264876394e-03 -4.295946018217369655e+00 -2.657294901686339639e+00 2.653647450843485522e+00 4.297339220468148646e+00 2.254248594361379920e-03 -4.295946018218426588e+00 -2.657294901689090327e+00 2.653647450842842481e+00 4.297339220470500543e+00 2.254248596450111886e-03 -4.295946018219483520e+00 -2.657294901691831690e+00
5.284549150283769592e+00 8.821932689520751936e+00 1.677050983049751254e-01 -8.718285238682993210e+00 -5.555901699429545815e+00 5.284549150282366270e+00 8.821932689525496585e+00 1.677050983093155700e-01 -8.718285238685060889e+00 -5.555901699435157326e+00 5.284549150280964724e+00 8.821932689530241234e+00 1.677050983136595397e-01 -8.718285238687125016e+00 -5.555901699440778607e+00 5.284549150279554297e+00 8.821932689534989436e+00 1.677050983179877441e-01 -8.718285238689190919e+00 -5.555901699446383013e+00
5.282294901689945199e+00 8.702834388958178735e+00 9.635254914875260313e-02 -8.643285238682910432e+00 -5.438196601117001983e+00 5.282294901688598721e+00 8.702834388962893186e+00 9.635254915301741385e-02 -8.643285238684995875e+00 -5.438196601122547769e+00 5.282294901687253130e+00 8.702834388967605861e+00 9.635254915728577729e-02 -8.643285238687074212e+00 -5.438196601128104213e+00 5.282294901685899546e+00 8.702834388972323865e+00 9.635254916153845883e-02 -8.643285238689157879e+00 -5.438196601133642893e+00
-1.740450849718921944e+00 -2.167501832840945220e+00 4.008610463453132211e-01 2.415247584248628954e+00 1.091844051966895490e+00 -1.740450849718819359e+00 -2.167501832842326781e+00 4.008610463443556537e-01 2.415247584249419877e+00 1.091844051968339668e+00 -1.740450849718716553e+00 -2.167501832843707010e+00 4.008610463433970317e-01 2.415247584250209023e+00 1.091844051969787177e+00 -1.740450849718612414e+00 -2.167501832845089460e+00 4.008610463424427395e-01 2.415247584250999502e+00 1.091844051971229357e+00
-8.486067977496076775e-01 -5.722135954989041595e-01 4.949593469065071139e-01 8.781152949367777572e-01 4.774575140567927090e-02 -8.486067977497935289e-01 -5.722135954994586049e-01 4.949593469063501283e-01 8.781152949372352801e-01 4.774575140611853064e-02 -8.486067977499793802e-01 -5.722135955000119401e-01 4.949593469061927542e-01 8.781152949376925809e-01 4.774575140655867855e-02 -8.486067977501650095e-01 -5.722135955005667185e-01 4.949593469060368234e-01 8.781152949381496597e-01 4.774575140699693909e-02
-6.809016994376551057e-01 -1.157623792123602335e+00 -3.454915028042652991e-02 1.136271242968046158e+00 7.368033988740307905e-01 -6.809016994374641474e-01 -1.157623792124218953e+00 -3.454915028099918295e-02 1.136271242968309725e+00 7.368033988747652030e-01 -6.809016994372731890e-01 -1.157623792124835571e+00 -3.454915028157228007e-02 1.136271242968572404e+00 7.368033988755010588e-01 -6.809016994370813425e-01 -1.157623792125452411e+00 -3.454915028214333023e-02 1.136271242968835748e+00 7.368033988762344721e-01
-6.525000000002335376e+00 -1.032677007714386441e+01 1.427050983207640844e-01 1.041496667827565759e+01 6.294098300553509162e+00 -6.525000000000877876e+00 -1.032677007714958428e+01 1.427050983157667208e-01 1.041496667827829548e+01 6.294098300560127868e+00 -6.524999999999421263e+00 -1.032677007715530415e+01 1.427050983107651105e-01 1.041496667828092804e+01 6.294098300566759896e+00 -6.524999999997957545e+00 -1.032677007716102580e+01 1.427050983057822908e-01 1.041496667828356593e+01 6.294098300573368832e+00
-6.703647450846607292e+00 -1.080627857433105987e+01 2.500000000888613627e-02 1.082172942405701654e+01 6.663196601115609852e+00 -6.703647450845015676e+00 -1.080627857433698580e+01 2.500000000362612163e-02 1.082172942405969707e+01 6.663196601122517215e+00 -6.703647450843423172e+00 -1.080627857434290995e+01 2.499999999836172160e-02 1.082172942406237226e+01 6.663196601129437902e+00 -6.703647450841823563e+00 -1.080627857434883765e+01 2.499999999311683374e-02 1.082172942406505101e+01 6.663196601136336383e+00
-1.321352549156380451e+00 -1.723935688185354920e+00 2.559016994387124377e-01 1.882091636217669617e+00 9.072949016860936133e-01 -1.321352549156264544e+00 -1.723935688186422954e+00 2.559016994379352816e-01 1.882091636218258257e+00 9.072949016872329242e-01 -1.321352549156148415e+00 -1.723935688187490323e+00 2.559016994371574039e-01 1.882091636218846009e+00 9.072949016883746776e-01 -1.321352549156030953e+00 -1.723935688188559023e+00 2.559016994363828568e-01 1.882091636219434427e+00 9.072949016895125451e-01
1.894098300563770820e+00 3.763322226089401923e+00 4.317627457779426026e-01 -3.496478174123151650e+00 -2.592705098309080469e+00 1.894098300562975234e+00 3.763322226091250666e+00 4.317627457798828838e-01 -3.496478174123803573e+00 -2.592705098311420375e+00 1.894098300562179649e+00 3.763322226093099410e+00 4.317627457818244974e-01 -3.496478174124453275e+00 -2.592705098313764722e+00 1.894098300561380954e+00 3.763322226094949041e+00 4.317627457837597826e-01 -3.496478174125105642e+00 -2.592705098316101520e+00
-1.041844051968837448e+00 -1.348935688185642245e+00 2.081559480322423827e-01 1.477583139030285153e+00 7.050406530925352744e-01 -1.041844051968751073e+00 -1.348935688186481574e+00 2.081559480316362565e-01 1.477583139030750781e+00 7.050406530934278937e-01 -1.041844051968664475e+00 -1.348935688187320681e+00 2.081559480310295196e-01 1.477583139031215964e+00 7.050406530943225114e-01 -1.041844051968576990e+00 -1.348935688188160897e+00 2.081559480304254195e-01 1.477583139031681370e+00 7.050406530952140205e-01
-1.155901699437619223e+00 -1.537132289310548572e+00 2.059016994386009825e-01 1.664386537905258701e+00 8.227457514049565379e-01 -1.155901699437503538e+00 -1.537132289311489819e+00 2.059016994379025967e-01 1.664386537905769403e+00 8.227457514059691723e-01 -1.155901699437387631e+00 -1.537132289312430844e+00 2.059016994372035170e-01 1.664386537906279218e+00 8.227457514069838052e-01 -1.155901699437270835e+00 -1.537132289313372757e+00 2.059016994365074071e-01 1.664386537906789476e+00 8.227457514079949963e-01
-1.422213595499514316e+00 -9.303695435292991256e-01 8.472135955006989683e-01 1.453976341280074358e+00 5.139320224879684318e-02 -1.422213595499839611e+00 -9.303695435302212768e-01 8.472135955004540531e-01 1.453976341280845297e+00 5.139320224951726690e-02 -1.422213595500164907e+00 -9.303695435311416517e-01 8.472135955002085828e-01 1.453976341281616014e+00 5.139320225023924493e-02 -1.422213595500489980e+00 -9.303695435320644691e-01 8.472135954999656660e-01 1.453976341282386286e+00 5.139320225095822536e-02
-5.654508497188762695e-01 -7.840169943739085934e-01 8.090169943817893117e-02 8.340169943744737413e-01 4.345491502804508799e-01 -5.654508497188041050e-01 -7.840169943743769965e-01 8.090169943781677642e-02 8.340169943747188785e-01 4.345491502809637474e-01 -5.654508497187317184e-01 -7.840169943748451775e-01 8.090169943745428860e-02 8.340169943749634607e-01 4.345491502814777252e-01 -5.654508497186589988e-01 -7.840169943753139137e-01 8.090169943709327183e-02 8.340169943752083759e-01 4.345491502819899265e-01
-8.331559480313119881e-01 -9.399186938112715772e-01 2.522542485944614943e-01 1.095820393249419711e+00 4.249999999991627142e-01 -8.331559480313105448e-01 -9.399186938119087342e-01 2.522542485940655332e-01 1.095820393249812952e+00 4.249999999998006484e-01 -8.331559480313088795e-01 -9.399186938125455582e-01 2.522542485936691281e-01 1.095820393250205527e+00 4.250000000004400258e-01 -8.331559480313065480e-01 -9.399186938131831592e-01 2.522542485932746659e-01 1.095820393250598102e+00 4.250000000010769607e-01
-6.463525491559913849e-01 -5.722135954990165141e-01 2.927050983127891803e-01 7.531152949368562499e-01 1.727457514057128551e-01 -6.463525491560665470e-01 -5.722135954994723717e-01 2.927050983125824013e-01 7.531152949371844318e-01 1.727457514061219723e-01 -6.463525491561417091e-01 -5.722135954999275631e-01 2.927050983123752337e-01 7.531152949375125027e-01 1.727457514065319777e-01 -6.463525491562165382e-01 -5.722135955003835317e-01 2.927050983121693983e-01 7.531152949378403516e-01 1.727457514069403455e-01
