-3.399999999877413970e+00 3.399999999887612923e+00 -3.399999999897810987e+00 3.399999999908010384e+00 -3.399999999918208449e+00 3.399999999928408290e+00 -3.399999999938605910e+00 3.399999999948805307e+00 -3.399999999959003372e+00 3.399999999969202324e+00 -3.399999999979400389e+00 3.399999999989599786e+00 -3.399999999999797407e+00 3.400000000009997247e+00 -3.400000000020195312e+00 3.400000000030394709e+00 -3.400000000040592329e+00 3.400000000050791726e+00 -3.400000000060989347e+00 3.400000000071188744e+00
-2.149999999919639304e+00 2.149999999926088812e+00 -2.149999999932537431e+00 2.149999999938986939e+00 -2.149999999945435558e+00 2.149999999951885510e+00 -2.149999999958334129e+00 2.149999999964784081e+00 -2.149999999971232700e+00 2.149999999977682208e+00 -2.149999999984130827e+00 2.149999999990580335e+00 -2.149999999997028954e+00 2.150000000003478906e+00 -2.150000000009927525e+00 2.150000000016377033e+00 -2.150000000022825652e+00 2.150000000029275160e+00 -2.150000000035723779e+00 2.150000000042173287e+00
9.999999999418832108e-02 -9.999999999448828947e-02 9.999999999478824397e-02 -9.999999999508822623e-02 9.999999999538815298e-02 -9.999999999568814912e-02 9.999999999598808975e-02 -9.999999999628807201e-02 9.999999999658799876e-02 -9.999999999688798102e-02 9.999999999718792165e-02 -9.999999999748790391e-02 9.999999999778783066e-02 -9.999999999808782680e-02 9.999999999838776743e-02 -9.999999999868774969e-02 9.999999999898769032e-02 -9.999999999928767258e-02 9.999999999958759933e-02 -9.999999999988758159e-02
2.799999999896161995e+00 -2.799999999904561054e+00 2.799999999912959670e+00 -2.799999999921359173e+00 2.799999999929757344e+00 -2.799999999938157291e+00 2.799999999946555462e+00 -2.799999999954954966e+00 2.799999999963353137e+00 -2.799999999971752640e+00 2.799999999980150811e+00 -2.799999999988550314e+00 2.799999999996948485e+00 -2.800000000005348433e+00 2.800000000013746604e+00 -2.800000000022146107e+00 2.800000000030544278e+00 -2.800000000038943782e+00 2.800000000047341953e+00 -2.800000000055741456e+00
2.349999999906007275e+00 -2.349999999913056303e+00 2.349999999920105331e+00 -2.349999999927154803e+00 2.349999999934203387e+00 -2.349999999941253304e+00 2.349999999948301443e+00 -2.349999999955351360e+00 2.349999999962399500e+00 -2.349999999969449416e+00 2.349999999976497556e+00 -2.349999999983547028e+00 2.349999999990595612e+00 -2.349999999997645528e+00 2.350000000004694112e+00 -2.350000000011743584e+00 2.350000000018792168e+00 -2.350000000025841640e+00 2.350000000032890224e+00 -2.350000000039939696e+00
-4.999999999824010999e+00 4.999999999839008780e+00 -4.999999999854006560e+00 4.999999999869005229e+00 -4.999999999884002122e+00 4.999999999899001679e+00 -4.999999999913998572e+00 4.999999999928998129e+00 -4.999999999943995022e+00 4.999999999958993691e+00 -4.999999999973990583e+00 4.999999999988989252e+00 -5.000000000003986145e+00 5.000000000018985702e+00 -5.000000000033982595e+00 5.000000000048982152e+00 -5.000000000063979044e+00 5.000000000078977713e+00 -5.000000000093974606e+00 5.000000000108973275e+00
4.999999998345559110e-02 -4.999999998360557529e-02 4.999999998375555255e-02 -4.999999998390554368e-02 4.999999998405551399e-02 -4.999999998420550512e-02 4.999999998435547544e-02 -4.999999998450546657e-02 4.999999998465543688e-02 -4.999999998480542801e-02 4.999999998495539139e-02 -4.999999998510538252e-02 4.999999998525535283e-02 -4.999999998540535090e-02 4.999999998555531427e-02 -4.999999998570530541e-02 4.999999998585527572e-02 -4.999999998600526685e-02 4.999999998615523022e-02 -4.999999998630522136e-02
-2.449999999909688420e+00 2.449999999917037652e+00 -2.449999999924386440e+00 2.449999999931736117e+00 -2.449999999939084461e+00 2.449999999946434137e+00 -2.449999999953782481e+00 2.449999999961132158e+00 -2.449999999968480502e+00 2.449999999975830178e+00 -2.449999999983178522e+00 2.449999999990528199e+00 -2.449999999997876543e+00 2.450000000005226219e+00 -2.450000000012575008e+00 2.450000000019924240e+00 -2.450000000027272584e+00 2.450000000034622261e+00 -2.450000000041970605e+00 2.450000000049320281e+00
-2.599999999903702452e+00 2.599999999911501547e+00 -2.599999999919300198e+00 2.599999999927099736e+00 -2.599999999934897943e+00 2.599999999942697926e+00 -2.599999999950496132e+00 2.599999999958295671e+00 -2.599999999966093878e+00 2.599999999973893416e+00 -2.599999999981692067e+00 2.599999999989491162e+00 -2.599999999997289812e+00 2.600000000005089795e+00 -2.600000000012888002e+00 2.600000000020687541e+00 -2.600000000028485747e+00 2.600000000036285286e+00 -2.600000000044083492e+00 2.600000000051883031e+00
2.749999999888424806e+00 -2.749999999896673764e+00 2.749999999904922277e+00 -2.749999999913171678e+00 2.749999999921420191e+00 -2.749999999929670036e+00 2.749999999937918105e+00 -2.749999999946167506e+00 2.749999999954416019e+00 -2.749999999962665420e+00 2.749999999970913489e+00 -2.749999999979163334e+00 2.749999999987411403e+00 -2.749999999995661248e+00 2.750000000003909317e+00 -2.750000000012158718e+00 2.750000000020407231e+00 -2.750000000028656633e+00 2.750000000036904702e+00 -2.750000000045154547e+00
3.399999999874831147e+00 -3.399999999885030100e+00 3.399999999895228608e+00 -3.399999999905428005e+00 3.399999999915625626e+00 -3.399999999925825467e+00 3.399999999936023531e+00 -3.399999999946222484e+00 3.399999999956420549e+00 -3.399999999966619946e+00 3.399999999976817566e+00 -3.399999999987016963e+00 3.399999999997215028e+00 -3.400000000007414869e+00 3.400000000017612489e+00 -3.400000000027811886e+00 3.400000000038009507e+00 -3.400000000048208904e+00 3.400000000058406968e+00 -3.400000000068606365e+00
1.899999999930292116e+00 -1.899999999935991335e+00 1.899999999941690554e+00 -1.899999999947390217e+00 1.899999999953088992e+00 -1.899999999958788877e+00 1.899999999964487651e+00 -1.899999999970187314e+00 1.899999999975886089e+00 -1.899999999981585530e+00 1.899999999987284305e+00 -1.899999999992983968e+00 1.899999999998682743e+00 -1.900000000004382850e+00 1.900000000010081624e+00 -1.900000000015781065e+00 1.900000000021479840e+00 -1.900000000027179503e+00 1.900000000032878278e+00 -1.900000000038577941e+00
-2.249999999920363702e+00 2.249999999927112970e+00 -2.249999999933861794e+00 2.249999999940611506e+00 -2.249999999947359886e+00 2.249999999954109597e+00 -2.249999999960858421e+00 2.249999999967607689e+00 -2.249999999974356513e+00 2.249999999981106225e+00 -2.249999999987854604e+00 2.249999999994604316e+00 -2.250000000001352696e+00 2.250000000008102408e+00 -2.250000000014851231e+00 2.250000000021600499e+00 -2.250000000028349323e+00 2.250000000035099035e+00 -2.250000000041847414e+00 2.250000000048597126e+00
1.999999999974724774e-01 -1.999999999980724141e-01 1.999999999986722954e-01 -1.999999999992722599e-01 1.999999999998721412e-01 -2.000000000004721334e-01 2.000000000010720147e-01 -2.000000000016719515e-01 2.000000000022718327e-01 -2.000000000028717972e-01 2.000000000034716785e-01 -2.000000000040716153e-01 2.000000000046714965e-01 -2.000000000052714888e-01 2.000000000058713701e-01 -2.000000000064713346e-01 2.000000000070711881e-01 -2.000000000076711526e-01 2.000000000082710339e-01 -2.000000000088709984e-01
-2.399999999911499149e+00 2.399999999918698723e+00 -2.399999999925897409e+00 2.399999999933096984e+00 -2.399999999940295226e+00 2.399999999947495244e+00 -2.399999999954693930e+00 2.399999999961893060e+00 -2.399999999969091746e+00 2.399999999976291321e+00 -2.399999999983489563e+00 2.399999999990689137e+00 -2.399999999997887823e+00 2.400000000005087397e+00 -2.400000000012286083e+00 2.400000000019485658e+00 -2.400000000026683900e+00 2.400000000033883474e+00 -2.400000000041082160e+00 2.400000000048281734e+00
-5.999999999852391186e-01 5.999999999870389011e-01 -5.999999999888385727e-01 5.999999999906384662e-01 -5.999999999924380267e-01 5.999999999942380313e-01 -5.999999999960377028e-01 5.999999999978374854e-01 -5.999999999996371569e-01 6.000000000014370505e-01 -6.000000000032366110e-01 6.000000000050365045e-01 -6.000000000068361761e-01 6.000000000086361807e-01 -6.000000000104357412e-01 6.000000000122356347e-01 -6.000000000140351952e-01 6.000000000158350888e-01 -6.000000000176347603e-01 6.000000000194346539e-01
-2.349999999916152049e+00 2.349999999923201077e+00 -2.349999999930250105e+00 2.349999999937299577e+00 -2.349999999944348161e+00 2.349999999951398078e+00 -2.349999999958446661e+00 2.349999999965496134e+00 -2.349999999972544718e+00 2.349999999979594190e+00 -2.349999999986642774e+00 2.349999999993692246e+00 -2.350000000000740830e+00 2.350000000007790746e+00 -2.350000000014838886e+00 2.350000000021888358e+00 -2.350000000028936942e+00 2.350000000035986414e+00 -2.350000000043034998e+00 2.350000000050084470e+00
4.699999999823278429e+00 -4.699999999837377374e+00 4.699999999851474541e+00 -4.699999999865574374e+00 4.699999999879670654e+00 -4.699999999893770486e+00 4.699999999907867654e+00 -4.699999999921966598e+00 4.699999999936063766e+00 -4.699999999950162710e+00 4.699999999964259878e+00 -4.699999999978358822e+00 4.699999999992455990e+00 -4.700000000006555823e+00 4.700000000020652990e+00 -4.700000000034751935e+00 4.700000000048849103e+00 -4.700000000062948047e+00 4.700000000077045215e+00 -4.700000000091144159e+00
-2.299999999912849091e+00 2.299999999919748461e+00 -2.299999999926647387e+00 2.299999999933546757e+00 -2.299999999940445239e+00 2.299999999947345053e+00 -2.299999999954243535e+00 2.299999999961143349e+00 -2.299999999968041831e+00 2.299999999974941201e+00 -2.299999999981840126e+00 2.299999999988739496e+00 -2.299999999995637978e+00 2.300000000002537792e+00 -2.300000000009436274e+00 2.300000000016336088e+00 -2.300000000023234570e+00 2.300000000030133940e+00 -2.300000000037032422e+00 2.300000000043932236e+00
-2.399999999908467352e+00 2.399999999915666482e+00 -2.399999999922865168e+00 2.399999999930064742e+00 -2.399999999937262984e+00 2.399999999944463003e+00 -2.399999999951661689e+00 2.399999999958861263e+00 -2.399999999966059505e+00 2.399999999973259079e+00 -2.399999999980457321e+00 2.399999999987656896e+00 -2.399999999994855582e+00 2.400000000002055600e+00 -2.400000000009253842e+00 2.400000000016453416e+00 -2.400000000023651658e+00 2.400000000030851233e+00 -2.400000000038049919e+00 2.400000000045249493e+00
