-2.492705098310003642e+00 -4.279634122157113474e+00 -1.522542485963877534e-01 4.185535821592947237e+00 2.739057647470505508e+00 -2.492705098311154721e+00 -4.279634122156599219e+00 -1.522542485949166524e-01 4.185535821593340700e+00 2.739057647469278933e+00 -2.492705098312306244e+00 -4.279634122156084075e+00 -1.522542485934435530e-01 4.185535821593730610e+00 2.739057647468050138e+00 -2.492705098313453771e+00 -4.279634122155568932e+00 -1.522542485919700650e-01 4.185535821594126737e+00 2.739057647466820899e+00
3.400861046340603266e+00 4.876847717657520676e+00 -3.868033988714962290e-01 -5.115905365123990300e+00 -2.775000000002417089e+00 3.400861046341840943e+00 4.876847717656740855e+00 -3.868033988732182404e-01 -5.115905365124272741e+00 -2.775000000000871658e+00 3.400861046343078620e+00 4.876847717655961034e+00 -3.868033988749426388e-01 -5.115905365124552517e+00 -2.774999999999322675e+00 3.400861046344311855e+00 4.876847717655177661e+00 -3.868033988766674813e-01 -5.115905365124837623e+00 -2.774999999997773248e+00
3.773606797746875241e+00 5.002708764001523534e+00 -6.817627457775610189e-01 -5.424061313155372765e+00 -2.670491502815156348e+00 3.773606797748106700e+00 5.002708764000623809e+00 -6.817627457793505874e-01 -5.424061313155578823e+00 -2.670491502813495899e+00 3.773606797749338604e+00 5.002708763999725861e+00 -6.817627457811428204e-01 -5.424061313155781328e+00 -2.670491502811831452e+00 3.773606797750566066e+00 5.002708763998824359e+00 -6.817627457829354976e-01 -5.424061313155988273e+00 -2.670491502810166562e+00
1.778647450841657651e+00 2.902912029469313371e+00 1.545084972095950304e-02 -2.893362879186666348e+00 -1.803647450845203171e+00 1.778647450842427036e+00 2.902912029468933675e+00 1.545084971995448753e-02 -2.893362879186907932e+00 -1.803647450844347855e+00 1.778647450843196198e+00 2.902912029468554422e+00 1.545084971894811199e-02 -2.893362879187146408e+00 -1.803647450843491207e+00 1.778647450843963140e+00 2.902912029468174282e+00 1.545084971794145889e-02 -2.893362879187388881e+00 -1.803647450842634115e+00
-1.830040653091329572e+00 -3.771478174125464378e+00 -5.008610463461359297e-01 3.461929023842742925e+00 2.640450849720246129e+00 -1.830040653092392722e+00 -3.771478174125138416e+00 -5.008610463448692762e-01 3.461929023843198561e+00 2.640450849719262028e+00 -1.830040653093455871e+00 -3.771478174124811567e+00 -5.008610463436011795e-01 3.461929023843650643e+00 2.640450849718276150e+00 -1.830040653094515468e+00 -3.771478174124484273e+00 -5.008610463423326387e-01 3.461929023844108499e+00 2.640450849717290271e+00
3.454915028172383940e-02 -5.640576474686174180e-01 -3.831559480315627764e-01 3.272542485934669676e-01 5.854101966250868649e-01 3.454915028152394374e-02 -5.640576474686755937e-01 -3.831559480313984078e-01 3.272542485936262846e-01 5.854101966250210287e-01 3.454915028132410360e-02 -5.640576474687331032e-01 -3.831559480312338728e-01 3.272542485937849355e-01 5.854101966249553035e-01 3.454915028112481856e-02 -5.640576474687911679e-01 -3.831559480310693933e-01 3.272542485939448076e-01 5.854101966248894673e-01
-1.539589803373029309e+00 -3.033813728906583407e+00 -3.354101966269246171e-01 2.826518827217871177e+00 2.082294901688693578e+00 -1.539589803373875521e+00 -3.033813728906297413e+00 -3.354101966259002143e-01 2.826518827218218011e+00 2.082294901687884447e+00 -1.539589803374721955e+00 -3.033813728906010976e+00 -3.354101966248745348e-01 2.826518827218561736e+00 2.082294901687073541e+00 -1.539589803375565502e+00 -3.033813728905724538e+00 -3.354101966238485777e-01 2.826518827218909902e+00 2.082294901686262634e+00
-5.690983005618245327e-01 -1.157623792125089368e+00 -1.463525491568807846e-01 1.067172942405954617e+00 8.059016994378560561e-01 -5.690983005621499391e-01 -1.157623792124986783e+00 -1.463525491564913739e-01 1.067172942406092284e+00 8.059016994375520770e-01 -5.690983005624751234e-01 -1.157623792124883977e+00 -1.463525491561015190e-01 1.067172942406228842e+00 8.059016994372475429e-01 -5.690983005627995306e-01 -1.157623792124780948e+00 -1.463525491557115532e-01 1.067172942406367175e+00 8.059016994369430087e-01
-2.477254248591621799e+00 -3.700125624969581750e+00 1.904508497164233705e-01 3.817830723280568606e+00 2.169098300564073600e+00 -2.477254248592574370e+00 -3.700125624969025750e+00 1.904508497177214710e-01 3.817830723280813743e+00 2.169098300562928294e+00 -2.477254248593526942e+00 -3.700125624968469751e+00 1.904508497190213756e-01 3.817830723281056216e+00 2.169098300561780768e+00 -2.477254248594476405e+00 -3.700125624967911975e+00 1.904508497203216688e-01 3.817830723281302685e+00 2.169098300560631909e+00
5.712664445213619935e+00 8.376973342627133334e+00 -5.354101966192512663e-01 -8.707875042060942761e+00 -4.846352549160217293e+00 5.712664445215762221e+00 8.376973342625836594e+00 -5.354101966221986864e-01 -8.707875042061465010e+00 -4.846352549157595391e+00 5.712664445217905396e+00 8.376973342624541630e+00 -5.354101966251502143e-01 -8.707875042061983706e+00 -4.846352549154969935e+00 5.712664445220041465e+00 8.376973342623243113e+00 -5.354101966281025193e-01 -8.707875042062511284e+00 -4.846352549152342704e+00
-1.430040653091478209e+00 -3.411067977500161774e+00 -6.781152949395601315e-01 2.991969676936407474e+00 2.527254248594910546e+00 -1.430040653092469860e+00 -3.411067977499945059e+00 -6.781152949384327000e-01 2.991969676936886202e+00 2.527254248594080099e+00 -1.430040653093461067e+00 -3.411067977499727455e+00 -6.781152949373041583e-01 2.991969676937361822e+00 2.527254248593248320e+00 -1.430040653094449166e+00 -3.411067977499509407e+00 -6.781152949361752835e-01 2.991969676937842326e+00 2.527254248592416097e+00
-3.044959346903305164e+00 -4.840044318782298127e+00 5.364745084060426605e-02 4.873200266811526404e+00 2.958155948033349247e+00 -3.044959346904577480e+00 -4.840044318781638211e+00 5.364745084228640659e-02 4.873200266811904768e+00 2.958155948031902849e+00 -3.044959346905849351e+00 -4.840044318780978294e+00 5.364745084397082309e-02 4.873200266812279580e+00 2.958155948030452898e+00 -3.044959346907117226e+00 -4.840044318780316601e+00 5.364745084565571143e-02 4.873200266812660608e+00 2.958155948029002502e+00
-1.884549150279303475e+00 -3.301518827219358965e+00 -1.559016994395471811e-01 3.205166278061835516e+00 2.136803398876344406e+00 -1.884549150280196761e+00 -3.301518827218975716e+00 -1.559016994384153920e-01 3.205166278062150820e+00 2.136803398875408710e+00 -1.884549150281090046e+00 -3.301518827218591579e+00 -1.559016994372821319e-01 3.205166278062463459e+00 2.136803398874470794e+00 -1.884549150281980445e+00 -3.301518827218207441e+00 -1.559016994361485664e-01 3.205166278062780094e+00 2.136803398873532434e+00
-1.791844051966144935e+00 -4.073732422719130497e+00 -7.258610463462277229e-01 3.625125624967652449e+00 2.966311896063967612e+00 -1.791844051967317775e+00 -4.073732422718842727e+00 -7.258610463448746941e-01 3.625125624968199123e+00 2.966311896062953757e+00 -1.791844051968490614e+00 -4.073732422718554069e+00 -7.258610463435197779e-01 3.625125624968742244e+00 2.966311896061938569e+00 -1.791844051969659679e+00 -4.073732422718264523e+00 -7.258610463421647507e-01 3.625125624969291138e+00 2.966311896060922049e+00
-2.899999999997263878e+00 -4.530495168500929815e+00 9.999999999705889986e-02 4.592298567374044183e+00 2.738196601126960061e+00 -2.899999999998447375e+00 -4.530495168500294767e+00 9.999999999863748434e-02 4.592298567374384355e+00 2.738196601125592711e+00 -2.899999999999631761e+00 -4.530495168499660608e+00 1.000000000002182476e-01 4.592298567374720086e+00 2.738196601124222695e+00 -2.900000000000812150e+00 -4.530495168499022896e+00 1.000000000017994412e-01 4.592298567375062035e+00 2.738196601122851792e+00
-2.813196601122125884e+00 -4.757749417094514932e+00 -1.272542485967022019e-01 4.679101966248893518e+00 3.019098300564378778e+00 -2.813196601123399976e+00 -4.757749417093928734e+00 -1.272542485950632907e-01 4.679101966249318956e+00 3.019098300563004322e+00 -2.813196601124674512e+00 -4.757749417093342537e+00 -1.272542485934222145e-01 4.679101966249740840e+00 3.019098300561627202e+00 -2.813196601125944607e+00 -4.757749417092753674e+00 -1.272542485917806943e-01 4.679101966250168054e+00 3.019098300560249193e+00
-7.668440519677093281e-01 -1.677583139031421089e+00 -2.699593469072417151e-01 1.510739087062039854e+00 1.203647450844371969e+00 -7.668440519681885004e-01 -1.677583139031292525e+00 -2.699593469066821627e-01 1.510739087062256569e+00 1.203647450843946753e+00 -7.668440519686676726e-01 -1.677583139031163295e+00 -2.699593469061218887e-01 1.510739087062471508e+00 1.203647450843520872e+00 -7.668440519691452906e-01 -1.677583139031034065e+00 -2.699593469055614481e-01 1.510739087062689334e+00 1.203647450843094546e+00
-2.774999999997401989e+00 -4.237790070188459879e+00 1.559016994346473783e-01 4.334142619342880032e+00 2.522745751408194348e+00 -2.774999999998501554e+00 -4.237790070187843483e+00 1.559016994361290265e-01 4.334142619343179348e+00 2.522745751406898940e+00 -2.774999999999601119e+00 -4.237790070187228864e+00 1.559016994376127563e-01 4.334142619343475111e+00 2.522745751405600867e+00 -2.775000000000696243e+00 -4.237790070186611580e+00 1.559016994390969024e-01 4.334142619343776204e+00 2.522745751404301906e+00
-2.877254248591418317e+00 -3.879634122157250786e+00 4.795084971848446176e-01 4.175986671311767928e+00 2.101393202251831571e+00 -2.877254248592380215e+00 -3.879634122156570886e+00 4.795084971862285106e-01 4.175986671311942011e+00 2.101393202250556591e+00 -2.877254248593342112e+00 -3.879634122155890985e+00 4.795084971876143465e-01 4.175986671312114318e+00 2.101393202249278946e+00 -2.877254248594300456e+00 -3.879634122155208420e+00 4.795084971890005709e-01 4.175986671312289289e+00 2.101393202248000858e+00
-2.886803398872761939e+00 -3.777379873563443180e+00 5.522542485912291799e-01 4.118691769624247989e+00 1.993237254220483923e+00 -2.886803398873686977e+00 -3.777379873562751733e+00 5.522542485925834299e-01 4.118691769624392762e+00 1.993237254219220489e+00 -2.886803398874612014e+00 -3.777379873562060286e+00 5.522542485939397894e-01 4.118691769624533983e+00 1.993237254217953724e+00 -2.886803398875533944e+00 -3.777379873561366175e+00 5.522542485952964819e-01 4.118691769624680532e+00 1.993237254216686516e+00
