-2.735410196614775469e+00 -1.563070976139395496e+00 3.701441186697821628e+00 -7.245454845955084933e-01 -3.253647450824871168e+00 2.735410196613084377e+00 1.563070976148313029e+00 -3.701441186701639463e+00 7.245454845889545137e-01 3.253647450832738208e+00 -2.735410196611392397e+00 -1.563070976157219905e+00 3.701441186705456410e+00 -7.245454845823946499e-01 -3.253647450840609245e+00 2.735410196609696865e+00 1.563070976166138104e+00 -3.701441186709273357e+00 7.245454845758472207e-01 3.253647450848473621e+00
-2.089057647462285949e+00 -1.018440519673723843e+00 2.718488504141185480e+00 -6.616777739091810329e-01 -2.309549150266740014e+00 2.089057647461371126e+00 1.018440519680194223e+00 -2.718488504144268347e+00 6.616777739046189044e-01 2.309549150272641516e+00 -2.089057647460455858e+00 -1.018440519686656609e+00 2.718488504147350771e+00 -6.616777739000523351e-01 -2.309549150278545682e+00 2.089057647459538369e+00 1.018440519693127655e+00 -2.718488504150431861e+00 6.616777738954947585e-01 2.309549150284444519e+00
-1.104101966247804656e-01 1.977457514060529942e-01 -1.180339887486857309e-02 -1.904508497187201443e-01 1.295084971872237922e-01 1.104101966252730577e-01 -1.977457514061990163e-01 1.180339887446608602e-02 1.904508497191148564e-01 -1.295084971870653912e-01 -1.104101966257656220e-01 1.977457514063452049e-01 -1.180339887406342027e-02 -1.904508497195097350e-01 1.295084971869067958e-01 1.104101966262585194e-01 -1.977457514064911437e-01 1.180339887366148657e-02 1.904508497199042527e-01 -1.295084971867487278e-01
2.814386537894480789e+00 9.934405196748476996e-01 -3.428366544855713904e+00 1.125406530936388982e+00 2.732827057578361529e+00 -2.814386537894062901e+00 -9.934405196828303142e-01 3.428366544860226739e+00 -1.125406530931199800e+00 -2.732827057586081132e+00 2.814386537893644125e+00 9.934405196908023816e-01 -3.428366544864740018e+00 1.125406530926005066e+00 2.732827057593804287e+00 -2.814386537893223128e+00 -9.934405196987858844e-01 3.428366544869251076e+00 -1.125406530920821435e+00 -2.732827057601519893e+00
2.563525491553636737e+00 1.446555814611994784e+00 -3.457546151608049900e+00 6.903252247502926764e-01 3.030901699423149687e+00 -2.563525491552090863e+00 -1.446555814620316349e+00 3.457546151611645247e+00 -6.903252247441969969e-01 -3.030901699430511798e+00 2.563525491550544544e+00 1.446555814628628145e+00 -3.457546151615239705e+00 6.903252247380955442e-01 3.030901699437877017e+00 -2.563525491548995561e+00 -1.446555814636950599e+00 3.457546151618834163e+00 -6.903252247320057489e-01 -3.030901699445236019e+00
-5.800125624945505542e+00 -1.693643785125042101e+00 6.846855048989710646e+00 -2.537945351189311083e+00 -5.278318560369993584e+00 5.800125624945405178e+00 1.693643785140806601e+00 -6.846855048999349158e+00 2.537945351179510478e+00 5.278318560385685920e+00 -5.800125624945301261e+00 -1.693643785156550452e+00 6.846855049008987670e+00 -2.537945351169699659e+00 -5.278318560401387138e+00 5.800125624945194680e+00 1.693643785172317173e+00 -6.846855049018619965e+00 2.537945351159910157e+00 5.278318560417072369e+00
1.081433855336846106e+00 -4.801662780636704597e-01 -7.846747752428139266e-01 9.651219592781719037e-01 1.881966011210107759e-01 -1.081433855338538752e+00 4.801662780622750759e-01 7.846747752453689939e-01 -9.651219592783562007e-01 -1.881966011234509351e-01 1.081433855340230954e+00 -4.801662780608827452e-01 -7.846747752479246163e-01 9.651219592785398316e-01 1.881966011258929816e-01 -1.081433855341924044e+00 4.801662780594868618e-01 7.846747752504770190e-01 -9.651219592787250168e-01 -1.881966011283311424e-01
-2.186803398868031767e+00 -1.391186271078464376e+00 3.046603799076998964e+00 -4.917184270030753868e-01 -2.742705098296322586e+00 2.186803398866375758e+00 1.391186271085868231e+00 -3.046603799079916186e+00 4.917184269974780864e-01 2.742705098302698374e+00 -2.186803398864718417e+00 -1.391186271093263205e+00 3.046603799082832964e+00 -4.917184269918757344e-01 -2.742705098309077272e+00 2.186803398863058412e+00 1.391186271100667504e+00 -3.046603799085749298e+00 4.917184269862838186e-01 2.742705098315450840e+00
-2.057294901681865351e+00 -1.336677773893065968e+00 2.883407197954546142e+00 -4.453658778464679169e-01 -2.608155948017741643e+00 2.057294901680247534e+00 1.336677773900085242e+00 -2.883407197957263968e+00 4.453658778411315744e-01 2.608155948023756832e+00 -2.057294901678627941e+00 -1.336677773907096300e+00 2.883407197959981350e+00 -4.453658778357905690e-01 -2.608155948029775129e+00 2.057294901677006571e+00 1.336677773914116463e+00 -2.883407197962698731e+00 4.453658778304593335e-01 2.608155948035787652e+00
4.156433855326940652e+00 9.342979003262967819e-01 -4.733861713347792488e+00 1.991389536561035456e+00 3.503115294915820854e+00 -4.156433855327470006e+00 -9.342979003370520674e-01 4.733861713354965417e+00 -1.991389536554718287e+00 -3.503115294926895995e+00 4.156433855327995808e+00 9.342979003477928091e-01 -4.733861713362139234e+00 1.991389536548394235e+00 3.503115294937977353e+00 -4.156433855328521609e+00 -9.342979003585496489e-01 4.733861713369307722e+00 -1.991389536542084837e+00 -3.503115294949046721e+00
3.798277907297338718e+00 1.348355547795025311e+00 -4.631607464755247427e+00 1.514135287967884880e+00 3.695820393228785417e+00 -3.798277907296758293e+00 -1.348355547805813126e+00 4.631607464761330561e+00 -1.514135287960862275e+00 -3.695820393239207746e+00 3.798277907296176537e+00 1.348355547816586952e+00 -4.631607464767414584e+00 1.514135287953832343e+00 3.695820393249636293e+00 -3.798277907295592115e+00 -1.348355547827376322e+00 4.631607464773495941e+00 -1.514135287946817510e+00 -3.695820393260053738e+00
1.569630456458265488e+00 5.335624789610143859e-01 -1.899390203578292136e+00 6.403252247475009762e-01 1.503647450831786969e+00 -1.569630456458076528e+00 -5.335624789654265232e-01 1.899390203580828773e+00 -6.403252247446585832e-01 -1.503647450836079535e+00 1.569630456457886680e+00 5.335624789698329984e-01 -1.899390203583365411e+00 6.403252247418133036e-01 1.503647450840374544e+00 -1.569630456457696166e+00 -5.335624789742458018e-01 1.899390203585900938e+00 -6.403252247389740193e-01 -1.503647450844665334e+00
-1.981762745774037882e+00 -1.030243918550028059e+00 2.618488504141204043e+00 -5.880709761579547834e-01 -2.255040653079959156e+00 1.981762745773032242e+00 1.030243918556290383e+00 -2.618488504144067086e+00 5.880709761534649305e-01 2.255040653085596425e+00 -1.981762745772026157e+00 -1.030243918562545158e+00 2.618488504146930129e+00 -5.880709761489708587e-01 -2.255040653091236358e+00 1.981762745771017853e+00 1.030243918568808148e+00 -2.618488504149792284e+00 5.880709761444853356e-01 2.255040653096871406e+00
-3.081559480297313414e-01 2.786474508433443575e-01 1.359423525303589952e-01 -3.626644452177842926e-01 8.819660112506157168e-02 3.081559480305186005e-01 -2.786474508432218999e-01 -1.359423525312220826e-01 3.626644452181952416e-01 -8.819660112445275313e-02 -3.081559480313057486e-01 2.786474508431000530e-01 1.359423525320855031e-01 -3.626644452186062462e-01 8.819660112384343498e-02 3.081559480320933964e-01 -2.786474508429774288e-01 -1.359423525329476190e-01 3.626644452190172507e-01 -8.819660112323528256e-02
-1.429508497185527416e+00 -1.934220259828814292e+00 2.624922359487916079e+00 3.119290238383287672e-01 -2.817705098298723954e+00 1.429508497182240934e+00 1.934220259835642164e+00 -2.624922359488846890e+00 -3.119290238445778796e-01 2.817705098303517008e+00 -1.429508497178954229e+00 -1.934220259842462930e+00 2.624922359489776813e+00 3.119290238508317659e-01 -2.817705098308311840e+00 1.429508497175663528e+00 1.934220259849291024e+00 -2.624922359490709400e+00 -3.119290238570757712e-01 2.817705098313104450e+00
-2.809016994362142916e-01 -2.159830056221000993e-01 4.143865379030409191e-01 -4.012195928200833206e-02 -3.895898033717565823e-01 2.809016994359213593e-01 2.159830056231234474e-01 -4.143865379033800922e-01 4.012195928119510757e-02 3.895898033725982978e-01 -2.809016994356283159e-01 -2.159830056241456298e-01 4.143865379037192653e-01 -4.012195928038120307e-02 -3.895898033734404575e-01 2.809016994353348839e-01 2.159830056251690611e-01 -4.143865379040584385e-01 4.012195927956872799e-02 3.895898033742818956e-01
-2.065450849710312564e+00 -7.116777738953848909e-01 2.505291903016134469e+00 -8.366777739065731634e-01 -1.988196601112069306e+00 2.065450849710043446e+00 7.116777739012094539e-01 -2.505291903019463806e+00 8.366777739028086192e-01 1.988196601117723450e+00 -2.065450849709773440e+00 -7.116777739070264674e-01 2.505291903022792255e+00 -8.366777738990404112e-01 -1.988196601123381368e+00 2.065450849709501657e+00 7.116777739128516966e-01 -2.505291903026119815e+00 8.366777738952800858e-01 1.988196601129032626e+00
5.047416860947760320e+00 1.716796067474865239e+00 -6.108455182400891914e+00 2.058436853999656702e+00 4.836271242938090964e+00 -5.047416860947150141e+00 -1.716796067489055222e+00 6.108455182409048057e+00 -2.058436853990514237e+00 -4.836271242951895921e+00 5.047416860946537298e+00 1.716796067503226997e+00 -6.108455182417204199e+00 2.058436853981362002e+00 4.836271242965707984e+00 -5.047416860945922679e+00 -1.716796067517419200e+00 6.108455182425356789e+00 -2.058436853972229308e+00 -4.836271242979504947e+00
-2.228976341274430339e+00 -1.345162612359694698e+00 3.060332556108622537e+00 -5.462269241906925199e-01 -2.722745751390361235e+00 2.228976341272898232e+00 1.345162612367099886e+00 -3.060332556111664992e+00 5.462269241851713808e-01 2.722745751396815628e+00 -2.228976341271366124e+00 -1.345162612374496192e+00 3.060332556114707447e+00 -5.462269241796452457e-01 -2.722745751403273129e+00 2.228976341269830908e+00 1.345162612381902045e+00 -3.060332556117749458e+00 5.462269241741295467e-01 2.722745751409724857e+00
-2.628647450834180610e+00 -1.059955681204407085e+00 3.283736088387734231e+00 -9.695048315012620987e-01 -2.684549150264990303e+00 2.628647450833506038e+00 1.059955681212119138e+00 -3.283736088391823849e+00 9.695048314960814650e-01 2.684549150272280471e+00 -2.628647450832830579e+00 -1.059955681219821200e+00 3.283736088395913466e+00 -9.695048314908957243e-01 -2.684549150279575080e+00 2.628647450832153343e+00 1.059955681227533919e+00 -3.283736088400001307e+00 9.695048314857205307e-01 2.684549150286862140e+00
