2.563525491559633274e+00 1.446555814622334957e+00 -3.457546151620052299e+00 6.903252247488842475e-01 3.030901699434701335e+00 -2.563525491558513725e+00 -1.446555814626142356e+00 3.457546151621285979e+00 -6.903252247458411262e-01 -3.030901699437815289e+00 2.563525491557394176e+00 1.446555814629945313e+00 -3.457546151622520103e+00 6.903252247428020016e-01 3.030901699440931907e+00 -2.563525491556283065e+00 -1.446555814633752934e+00 3.457546151623753339e+00 -6.903252247397562158e-01 -3.030901699444041864e+00
-5.800125624957681580e+00 -1.693643785151296433e+00 6.846855049016761896e+00 -2.537945351182396170e+00 -5.278318560398346015e+00 5.800125624956788073e+00 1.693643785158660764e+00 -6.846855049020421191e+00 2.537945351177296693e+00 5.278318560405155679e+00 -5.800125624955896342e+00 -1.693643785166015769e+00 6.846855049024081374e+00 -2.537945351172204766e+00 -5.278318560411970672e+00 5.800125624955017045e+00 1.693643785173381655e+00 -6.846855049027739781e+00 2.537945351167099961e+00 5.278318560418770566e+00
1.081433855340539374e+00 -4.801662780626677618e-01 -7.846747752466338710e-01 9.651219592796133062e-01 1.881966011233948133e-01 -1.081433855341199735e+00 4.801662780619245230e-01 7.846747752477533089e-01 -9.651219592795623470e-01 -1.881966011245454484e-01 1.081433855341860539e+00 -4.801662780611829495e-01 -7.846747752488733019e-01 9.651219592795121649e-01 1.881966011256969717e-01 -1.081433855342520456e+00 4.801662780604393777e-01 7.846747752499930728e-01 -9.651219592794607616e-01 -1.881966011268447758e-01
-2.186803398871572934e+00 -1.391186271090908422e+00 3.046603799087949760e+00 -4.917184269987712186e-01 -2.742705098308805045e+00 2.186803398870454718e+00 1.391186271094280613e+00 -3.046603799088916542e+00 4.917184269959976040e-01 2.742705098311485123e+00 -2.186803398869336501e+00 -1.391186271097649030e+00 3.046603799089882436e+00 -4.917184269932274865e-01 -2.742705098314166534e+00 2.186803398868225834e+00 1.391186271101021665e+00 -3.046603799090848330e+00 4.917184269904514848e-01 2.742705098316843504e+00
-2.057294901684961097e+00 -1.336677773903844013e+00 2.883407197964046986e+00 -4.453658778428665199e-01 -2.608155948028406002e+00 2.057294901683880184e+00 1.336677773907038569e+00 -2.883407197964940938e+00 4.453658778402256324e-01 2.608155948030931981e+00 -2.057294901682799271e+00 -1.336677773910229572e+00 2.883407197965834889e+00 -4.453658778375880756e-01 -2.608155948033458404e+00 2.057294901681725463e+00 1.336677773913424572e+00 -2.883407197966727953e+00 4.453658778349449676e-01 2.608155948035981275e+00
4.156433855337369643e+00 9.342979003397891002e-01 -4.733861713365507207e+00 1.991389536560227436e+00 3.503115294931907542e+00 -4.156433855337019700e+00 -9.342979003448452779e-01 4.733861713368282764e+00 -1.991389536556888551e+00 -3.503115294936746338e+00 4.156433855336670646e+00 9.342979003498949053e-01 -4.733861713371059210e+00 1.991389536553555661e+00 3.503115294941587354e+00 -4.156433855336329586e+00 -9.342979003549521932e-01 4.733861713373834768e+00 -1.991389536550213446e+00 -3.503115294946418157e+00
3.798277907306864432e+00 1.348355547808990362e+00 -4.631607464772591776e+00 1.514135287966478005e+00 3.695820393245050628e+00 -3.798277907306031320e+00 -1.348355547814002353e+00 4.631607464774856631e+00 -1.514135287962867782e+00 -3.695820393249546143e+00 3.798277907305199097e+00 1.348355547819008127e+00 -4.631607464777122374e+00 1.514135287959263110e+00 3.695820393254043879e+00 -3.798277907304374867e+00 -1.348355547824021006e+00 4.631607464779386341e+00 -1.514135287955649334e+00 -3.695820393258533176e+00
1.569630456464346180e+00 5.335624789683195424e-01 -1.899390203588544823e+00 6.403252247472798198e-01 1.503647450841371080e+00 -1.569630456464026214e+00 -5.335624789703720117e-01 1.899390203589493620e+00 -6.403252247458146584e-01 -1.503647450843225153e+00 1.569630456463706691e+00 5.335624789724219275e-01 -1.899390203590442860e+00 6.403252247443517176e-01 1.503647450845080336e+00 -1.569630456463390722e+00 -5.335624789744747298e-01 1.899390203591391435e+00 -6.403252247428852240e-01 -1.503647450846931743e+00
-1.981762745777678969e+00 -1.030243918560495686e+00 2.618488504150990437e+00 -5.880709761546607517e-01 -2.255040653090760294e+00 1.981762745776904922e+00 1.030243918563369387e+00 -2.618488504151992302e+00 5.880709761524077761e-01 2.255040653093154379e+00 -1.981762745776131096e+00 -1.030243918566239758e+00 2.618488504152995056e+00 -5.880709761501577981e-01 -2.255040653095550685e+00 1.981762745775363044e+00 1.030243918569113681e+00 -2.618488504153996921e+00 5.880709761479028241e-01 2.255040653097941661e+00
-3.081559480305932075e-01 2.786474508437533082e-01 1.359423525307845992e-01 -3.626644452184077938e-01 8.819660112517498096e-02 3.081559480309287724e-01 -2.786474508436537767e-01 -1.359423525311815040e-01 3.626644452185535661e-01 -8.819660112486835124e-02 -3.081559480312643373e-01 2.786474508435546893e-01 1.359423525315786030e-01 -3.626644452186995604e-01 8.819660112456138845e-02 3.081559480315991806e-01 -2.786474508434549913e-01 -1.359423525319756465e-01 3.626644452188453327e-01 -8.819660112425571630e-02
-1.429508497186120053e+00 -1.934220259840728762e+00 2.624922359495998947e+00 3.119290238438290341e-01 -2.817705098309456702e+00 1.429508497184324156e+00 1.934220259843744127e+00 -2.624922359496067781e+00 -3.119290238468005461e-01 2.817705098311361844e+00 -1.429508497182528703e+00 -1.934220259846757273e+00 2.624922359496136171e+00 3.119290238497691714e-01 -2.817705098313267875e+00 1.429508497180741688e+00 1.934220259849772638e+00 -2.624922359496204116e+00 -3.119290238527431258e-01 2.817705098315172574e+00
-2.809016994367780629e-01 -2.159830056248961683e-01 4.143865379053079945e-01 -4.012195928080852791e-02 -3.895898033746196809e-01 2.809016994365956532e-01 2.159830056253588537e-01 -4.143865379054115783e-01 4.012195928041011050e-02 3.895898033749695677e-01 -2.809016994364132991e-01 -2.159830056258210396e-01 4.143865379055152731e-01 -4.012195928001215106e-02 -3.895898033753195655e-01 2.809016994362319997e-01 2.159830056262837528e-01 -4.143865379056187459e-01 4.012195927961340058e-02 3.895898033756690637e-01
-2.065450849715230852e+00 -7.116777739046182827e-01 2.505291903026310774e+00 -8.366777739046178386e-01 -1.988196601122394380e+00 2.065450849714800086e+00 7.116777739073267828e-01 -2.505291903027554667e+00 8.366777739026790561e-01 1.988196601124835539e+00 -2.065450849714369763e+00 -7.116777739100317302e-01 2.505291903028798561e+00 -8.366777739007432713e-01 -1.988196601127278251e+00 2.065450849713944326e+00 7.116777739127405633e-01 -2.505291903030041567e+00 8.366777738988026014e-01 1.988196601129716079e+00
5.047416860959996754e+00 1.716796067496325406e+00 -6.108455182425290175e+00 2.058436853995680327e+00 4.836271242962357775e+00 -5.047416860958968243e+00 -1.716796067502926570e+00 6.108455182428341068e+00 -2.058436853990967652e+00 -4.836271242968320117e+00 5.047416860957938844e+00 1.716796067509519075e+00 -6.108455182431392849e+00 2.058436853986262083e+00 4.836271242974286011e+00 -5.047416860956921880e+00 -1.716796067516121127e+00 6.108455182434443742e+00 -2.058436853981544967e+00 -4.836271242980240359e+00
-2.228976341278143813e+00 -1.345162612371576527e+00 3.060332556119370828e+00 -5.462269241868142888e-01 -2.722745751402356529e+00 2.228976341277079332e+00 1.345162612374956268e+00 -3.060332556120395342e+00 5.462269241840694844e-01 2.722745751405077463e+00 -2.228976341276015294e+00 -1.345162612378332012e+00 3.060332556121420300e+00 -5.462269241813282328e-01 -2.722745751407799730e+00 2.228976341274958362e+00 1.345162612381711975e+00 -3.060332556122444814e+00 5.462269241785812079e-01 2.722745751410517556e+00
-2.628647450839575406e+00 -1.059955681216532497e+00 3.283736088400099451e+00 -9.695048314981160598e-01 -2.684549150277950158e+00 2.628647450838867083e+00 1.059955681220101642e+00 -3.283736088401597364e+00 9.695048314954740620e-01 2.684549150281080099e+00 -2.628647450838158761e+00 -1.059955681223666124e+00 3.283736088403095721e+00 -9.695048314928360611e-01 -2.684549150284211816e+00 2.628647450837457988e+00 1.059955681227235713e+00 -3.283736088404593190e+00 9.695048314901918429e-01 2.684549150287337760e+00
-1.986271242966186845e+00 -1.023810063216259003e+00 2.619020660058062333e+00 -5.948337219367830775e-01 -2.251393202247208070e+00 1.986271242965419903e+00 1.023810063219132260e+00 -2.619020660059071748e+00 5.948337219345348759e-01 2.251393202249606595e+00 -1.986271242964653405e+00 -1.023810063222002187e+00 2.619020660060080719e+00 -5.948337219322897829e-01 -2.251393202252006009e+00 1.986271242963892458e+00 1.023810063224875666e+00 -2.619020660061090133e+00 5.948337219300395828e-01 2.251393202254401871e+00
-2.274467844091223601e+00 -1.551596467715676830e+00 3.233407197963726887e+00 -4.467590800931470207e-01 -2.957294901684275334e+00 2.274467844089951285e+00 1.551596467719266847e+00 -3.233407197964674129e+00 4.467590800901437564e-01 2.957294901687078870e+00 -2.274467844088679858e+00 -1.551596467722853312e+00 3.233407197965621815e+00 -4.467590800871446000e-01 -2.957294901689882849e+00 2.274467844087415980e+00 1.551596467726443995e+00 -3.233407197966568614e+00 4.467590800841388932e-01 2.957294901692683275e+00
-3.135410196619234924e+00 -5.695048314975443837e-01 3.487383539242408403e+00 -1.585816727559952177e+00 -2.507294901683385646e+00 3.135410196619111467e+00 5.695048315012515294e-01 -3.487383539244576891e+00 1.585816727557586514e+00 2.507294901687014743e+00 -3.135410196618988898e+00 -5.695048315049535681e-01 3.487383539246745379e+00 -1.585816727555224848e+00 -2.507294901690646505e+00 3.135410196618871659e+00 5.695048315086616020e-01 -3.487383539248913422e+00 1.585816727552856742e+00 2.507294901694270273e+00
-3.160410196620341949e+00 -1.332169276714844974e+00 3.983736088398652342e+00 -1.129915028123561926e+00 -3.285410196620106138e+00 3.160410196619430678e+00 1.332169276719181727e+00 -3.983736088400421149e+00 1.129915028120320297e+00 3.285410196623877788e+00 -3.160410196618518963e+00 -1.332169276723513152e+00 3.983736088402190845e+00 -1.129915028117083553e+00 -3.285410196627652102e+00 3.160410196617616130e+00 1.332169276727850571e+00 -3.983736088403959652e+00 1.129915028113839037e+00 3.285410196631418422e+00
