-4.295084971875066659e-01 -3.522542485946746349e-01 2.118033988745470220e-01 4.831559480317002553e-01 8.680339887549679001e-02 -4.295084971875722246e-01 -3.522542485940451940e-01 2.118033988750015750e-01 4.831559480313519783e-01 8.680339887482704797e-02 -4.295084971876378943e-01 -3.522542485934162526e-01 2.118033988754564889e-01 4.831559480310035348e-01 8.680339887415683409e-02 -4.295084971877036750e-01 -3.522542485927866451e-01 2.118033988759105424e-01 4.831559480306552579e-01 8.680339887348753614e-02
2.334549150282578367e+00 4.262790070192180814e+00 2.999999999998559375e-01 -4.077379873566540525e+00 -2.819959346906374176e+00 2.334549150286138186e+00 4.262790070188470892e+00 2.999999999940021755e-01 -4.077379873566448154e+00 -2.819959346900465569e+00 2.334549150289698005e+00 4.262790070184762747e+00 2.999999999881466928e-01 -4.077379873566358448e+00 -2.819959346894553853e+00 2.334549150293260489e+00 4.262790070181052826e+00 2.999999999822987595e-01 -4.077379873566264301e+00 -2.819959346888648355e+00
1.919098300564327175e+00 3.378773075817059990e+00 1.690983005621634061e-01 -3.274264578629156208e+00 -2.192705098312961010e+00 1.919098300567082305e+00 3.378773075814025972e+00 1.690983005575321108e-01 -3.274264578628984346e+00 -2.192705098308225242e+00 1.919098300569837878e+00 3.378773075810993287e+00 1.690983005528993166e-01 -3.274264578628813815e+00 -2.192705098303486366e+00 1.919098300572595228e+00 3.378773075807958826e+00 1.690983005482726287e-01 -3.274264578628640621e+00 -2.192705098298753263e+00
-4.176925358156228008e+00 -9.151441186729279309e+00 -1.478976341283913865e+00 8.237383539257692178e+00 6.569959346909127973e+00 -4.176925358164677249e+00 -9.151441186722454546e+00 -1.478976341271243999e+00 8.237383539258697596e+00 6.569959346897084274e+00 -4.176925358173127378e+00 -9.151441186715631559e+00 -1.478976341258571026e+00 8.237383539259704790e+00 6.569959346885033469e+00 -4.176925358181581949e+00 -9.151441186708806796e+00 -1.478976341245913817e+00 8.237383539260706655e+00 6.569959346872995098e+00
2.477457514078126033e-01 -6.319660112590244627e-02 -2.868033988770009035e-01 -1.140576474689302955e-01 2.163118960643499178e-01 2.477457514074870581e-01 -6.319660112623283477e-02 -2.868033988768792231e-01 -1.140576474685250224e-01 2.163118960644789535e-01 2.477457514071615408e-01 -6.319660112656276529e-02 -2.868033988767578757e-01 -1.140576474681194996e-01 2.163118960646081002e-01 2.477457514068358291e-01 -6.319660112689319542e-02 -2.868033988766364173e-01 -1.140576474677144903e-01 2.163118960647369415e-01
-2.394098300562765846e+00 -4.279634122162474519e+00 -2.508610463455833162e-01 4.124593469066749840e+00 2.800000000002304645e+00 -2.394098300566291027e+00 -4.279634122158681997e+00 -2.508610463397126789e-01 4.124593469066585527e+00 2.799999999996334310e+00 -2.394098300569816651e+00 -4.279634122154890363e+00 -2.508610463338402097e-01 4.124593469066421214e+00 2.799999999990360422e+00 -2.394098300573344940e+00 -4.279634122151096953e+00 -2.508610463279754010e-01 4.124593469066255125e+00 2.799999999984392751e+00
-2.492705098312494982e+00 -4.279634122161398047e+00 -1.522542485952100288e-01 4.185535821597135886e+00 2.739057647470075185e+00 -2.492705098315925127e+00 -4.279634122157471410e+00 -1.522542485893515485e-01 4.185535821596828576e+00 2.739057647464028911e+00 -2.492705098319355272e+00 -4.279634122153545661e+00 -1.522542485834911252e-01 4.185535821596523043e+00 2.739057647457979527e+00 -2.492705098322788970e+00 -4.279634122149617248e+00 -1.522542485776384735e-01 4.185535821596214845e+00 2.739057647451936361e+00
3.400861046345905692e+00 4.876847717662270654e+00 -3.868033988752673791e-01 -5.115905365129888693e+00 -2.775000000000160227e+00 3.400861046349272776e+00 4.876847717657031289e+00 -3.868033988818743163e-01 -5.115905365128733173e+00 -2.774999999992840305e+00 3.400861046352640749e+00 4.876847717651793701e+00 -3.868033988884839180e-01 -5.115905365127577653e+00 -2.774999999985516386e+00 3.400861046356011386e+00 4.876847717646551672e+00 -3.868033988950842494e-01 -5.115905365126419468e+00 -2.774999999978200460e+00
3.773606797752778963e+00 5.002708764006784214e+00 -6.817627457815951253e-01 -5.424061313161791631e+00 -2.670491502812885720e+00 3.773606797755958198e+00 5.002708764001019937e+00 -6.817627457883375097e-01 -5.424061313160194686e+00 -2.670491502805158568e+00 3.773606797759136988e+00 5.002708763995259211e+00 -6.817627457950827807e-01 -5.424061313158597741e+00 -2.670491502797426087e+00 3.773606797762319331e+00 5.002708763989493157e+00 -6.817627458018183928e-01 -5.424061313157000797e+00 -2.670491502789703375e+00
1.778647450845210143e+00 2.902912029471913069e+00 1.545084971812686614e-02 -2.893362879190419790e+00 -1.803647450843435918e+00 1.778647450847451905e+00 2.902912029469129074e+00 1.545084971416382791e-02 -2.893362879190085390e+00 -1.803647450839267474e+00 1.778647450849693890e+00 2.902912029466346411e+00 1.545084971019940190e-02 -2.893362879189751435e+00 -1.803647450835096366e+00 1.778647450851937650e+00 2.902912029463561971e+00 1.545084970624034659e-02 -2.893362879189416148e+00 -1.803647450830930143e+00
-1.830040653092977809e+00 -3.771478174128928273e+00 -5.008610463453769812e-01 3.461929023846109121e+00 2.640450849719966353e+00 -1.830040653096354664e+00 -3.771478174125967975e+00 -5.008610463401689250e-01 3.461929023846366249e+00 2.640450849714919279e+00 -1.830040653099731962e+00 -3.771478174123008120e+00 -5.008610463349595365e-01 3.461929023846625597e+00 2.640450849709869541e+00 -1.830040653103111481e+00 -3.771478174120047377e+00 -5.008610463297565873e-01 3.461929023846881837e+00 2.640450849704825131e+00
3.454915028210903127e-02 -5.640576474697766018e-01 -3.831559480324132072e-01 3.272542485941490886e-01 5.854101966261376910e-01 3.454915028130617349e-02 -5.640576474697545084e-01 -3.831559480315962496e-01 3.272542485946315360e-01 5.854101966256193279e-01 3.454915028050337122e-02 -5.640576474697320819e-01 -3.831559480307794030e-01 3.272542485951144275e-01 5.854101966251007427e-01 3.454915027969995833e-02 -5.640576474697100995e-01 -3.831559480299633336e-01 3.272542485955963754e-01 5.854101966245826016e-01
-1.539589803375244426e+00 -3.033813728910346175e+00 -3.354101966260423229e-01 2.826518827221694341e+00 2.082294901688882316e+00 -1.539589803377895416e+00 -3.033813728907872598e+00 -3.354101966218611675e-01 2.826518827221804475e+00 2.082294901684770494e+00 -1.539589803380546851e+00 -3.033813728905399465e+00 -3.354101966176789018e-01 2.826518827221915497e+00 2.082294901680656896e+00 -1.539589803383200284e+00 -3.033813728902925444e+00 -3.354101966135019652e-01 2.826518827222024299e+00 2.082294901676546850e+00
-5.690983005618204249e-01 -1.157623792126442730e+00 -1.463525491573384463e-01 1.067172942406847680e+00 8.059016994383737531e-01 -5.690983005628498237e-01 -1.157623792125523909e+00 -1.463525491557408076e-01 1.067172942406916070e+00 8.059016994368191078e-01 -5.690983005638793335e-01 -1.157623792124605311e+00 -1.463525491541426971e-01 1.067172942406984903e+00 8.059016994352633523e-01 -5.690983005649095094e-01 -1.157623792123686268e+00 -1.463525491525466127e-01 1.067172942407053071e+00 8.059016994337093731e-01
-2.477254248594186414e+00 -3.700125624974013760e+00 1.904508497173358350e-01 3.817830723284712402e+00 2.169098300564110904e+00 -2.477254248596840291e+00 -3.700125624970178606e+00 1.904508497223613150e-01 3.817830723283983207e+00 2.169098300558636616e+00 -2.477254248599495501e+00 -3.700125624966345228e+00 1.904508497273887380e-01 3.817830723283254901e+00 2.169098300553158776e+00 -2.477254248602152042e+00 -3.700125624962509185e+00 1.904508497324091665e-01 3.817830723282525263e+00 2.169098300547687153e+00
5.712664445220300813e+00 8.376973342636150122e+00 -5.354101966227966525e-01 -8.707875042070178040e+00 -4.846352549158726930e+00 5.712664445226208976e+00 8.376973342627326957e+00 -5.354101966341613394e-01 -8.707875042068378590e+00 -4.846352549146252464e+00 5.712664445232118915e+00 8.376973342618507345e+00 -5.354101966455304673e-01 -8.707875042066579141e+00 -4.846352549133770893e+00 5.712664445238033295e+00 8.376973342609680628e+00 -5.354101966568838300e-01 -8.707875042064776139e+00 -4.846352549121303532e+00
-1.430040653093728187e+00 -3.411067977504379289e+00 -6.781152949387375672e-01 2.991969676940717360e+00 2.527254248595317332e+00 -1.430040653097000014e+00 -3.411067977502008741e+00 -6.781152949339994684e-01 2.991969676941275136e+00 2.527254248590925734e+00 -1.430040653100271841e+00 -3.411067977499638637e+00 -6.781152949292602594e-01 2.991969676941833356e+00 2.527254248586531027e+00 -1.430040653103546333e+00 -3.411067977497268089e+00 -6.781152949245267125e-01 2.991969676942389356e+00 2.527254248582140761e+00
-3.044959346906590536e+00 -4.840044318787620981e+00 5.364745084206271053e-02 4.873200266816719584e+00 2.958155948033005078e+00 -3.044959346910252052e+00 -4.840044318782871002e+00 5.364745084866051617e-02 4.873200266816047233e+00 2.958155948025993354e+00 -3.044959346913913123e+00 -4.840044318778122800e+00 5.364745085526070878e-02 4.873200266815376658e+00 2.958155948018978076e+00 -3.044959346917577303e+00 -4.840044318773372822e+00 5.364745086185188083e-02 4.873200266814702530e+00 2.958155948011970793e+00
-1.884549150281961127e+00 -3.301518827222957864e+00 -1.559016994380763299e-01 3.205166278065724406e+00 2.136803398875858573e+00 -1.884549150284644314e+00 -3.301518827219980690e+00 -1.559016994335520601e-01 3.205166278065543217e+00 2.136803398871223614e+00 -1.884549150287327723e+00 -3.301518827217003960e+00 -1.559016994290263747e-01 3.205166278065362917e+00 2.136803398866586434e+00 -1.884549150290013353e+00 -3.301518827214026341e+00 -1.559016994245066012e-01 3.205166278065180396e+00 2.136803398861954140e+00
-1.791844051967760088e+00 -4.073732422723645996e+00 -7.258610463460122286e-01 3.625125624971767380e+00 2.966311896064577347e+00 -1.791844051971586138e+00 -4.073732422720699908e+00 -7.258610463403639690e-01 3.625125624972311833e+00 2.966311896059267816e+00 -1.791844051975412633e+00 -4.073732422717755597e+00 -7.258610463347143771e-01 3.625125624972858063e+00 2.966311896053955177e+00 -1.791844051979241570e+00 -4.073732422714809509e+00 -7.258610463290717796e-01 3.625125624973400740e+00 2.966311896048647867e+00
