-2.392705098312407408e+00 -6.088322226092678591e+00 -7.458407197967044766e+00 -5.979634122154875442e+00 -2.216844051968125839e+00 2.392705098312513989e+00 6.088322226093043632e+00 7.458407197967527047e+00 5.979634122155291998e+00 2.216844051968320795e+00 -2.392705098312621015e+00 -6.088322226093408673e+00 -7.458407197968009328e+00 -5.979634122155709441e+00 -2.216844051968501983e+00 2.392705098312730261e+00 6.088322226093769274e+00 7.458407197968490721e+00 5.979634122156127773e+00 2.216844051968696050e+00
5.218566144655728323e+00 1.094070209965423146e+01 1.248386171337227069e+01 9.258610463435596571e+00 2.496884705061826359e+00 -5.218566144655987671e+00 -1.094070209965489759e+01 -1.248386171337308426e+01 -9.258610463436253823e+00 -2.496884705062076826e+00 5.218566144656247907e+00 1.094070209965556373e+01 1.248386171337390138e+01 9.258610463436909299e+00 2.496884705062304644e+00 -5.218566144656511696e+00 -1.094070209965622453e+01 -1.248386171337471673e+01 -9.258610463437570104e+00 -2.496884705062553778e+00
5.251722092686891941e+00 1.085164445218547336e+01 1.230660746477854772e+01 9.060864712029387036e+00 2.354179606749412734e+00 -5.251722092687154841e+00 -1.085164445218613416e+01 -1.230660746477935241e+01 -9.060864712030028301e+00 -2.354179606749652987e+00 5.251722092687418630e+00 1.085164445218679674e+01 1.230660746478015710e+01 9.060864712030673118e+00 2.354179606749870146e+00 -5.251722092687685084e+00 -1.085164445218745399e+01 -1.230660746478096179e+01 -9.060864712031319712e+00 -2.354179606750109066e+00
2.855369543530989151e+00 6.291437521030132984e+00 7.324390203592217041e+00 5.559674775248836909e+00 1.671352549155769918e+00 -2.855369543531127707e+00 -6.291437521030514013e+00 -7.324390203592693993e+00 -5.559674775249228595e+00 -1.671352549155930012e+00 2.855369543531266263e+00 6.291437521030895930e+00 7.324390203593170945e+00 5.559674775249621170e+00 1.671352549156076339e+00 -2.855369543531407039e+00 -6.291437521031274294e+00 -7.324390203593647897e+00 -5.559674775250015522e+00 -1.671352549156235323e+00
-1.143237254218819832e+00 -4.719756081436633721e+00 -6.493488504154747432e+00 -5.786929023842484199e+00 -2.869959346905604392e+00 1.143237254218849808e+00 4.719756081436908168e+00 6.493488504155160435e+00 5.786929023842878550e+00 2.869959346905832653e+00 -1.143237254218880006e+00 -4.719756081437183504e+00 -6.493488504155573438e+00 -5.786929023843273789e+00 -2.869959346906049813e+00 1.143237254218912868e+00 4.719756081437454398e+00 6.493488504155986440e+00 5.786929023843669917e+00 2.869959346906276743e+00
8.315594803135109570e-02 4.463525491562948533e-01 6.390576474687001962e-01 5.876644452186130518e-01 3.118033988748629692e-01 -8.315594803135209490e-02 -4.463525491563205549e-01 -6.390576474687406083e-01 -5.876644452186529088e-01 -3.118033988748872831e-01 8.315594803135309410e-02 4.463525491563463676e-01 6.390576474687810205e-01 5.876644452186927658e-01 3.118033988749104868e-01 -8.315594803135434310e-02 -4.463525491563716807e-01 -6.390576474688214326e-01 -5.876644452187326229e-01 -3.118033988749346896e-01
-8.704915028125805865e-01 -3.890779740155572597e+00 -5.424922359498684621e+00 -4.886929023842597530e+00 -2.482294901686952215e+00 8.704915028126002374e-01 3.890779740155797750e+00 5.424922359499030122e+00 4.886929023842929709e+00 2.482294901687148503e+00 -8.704915028126193333e-01 -3.890779740156024236e+00 -5.424922359499373847e+00 -4.886929023843263664e+00 -2.482294901687334576e+00 8.704915028126413157e-01 3.890779740156246724e+00 5.424922359499717572e+00 4.886929023843596731e+00 2.482294901687529531e+00
-1.690983005625746882e-01 -1.334016994374753295e+00 -1.989386537905779573e+00 -1.884878040718289238e+00 -1.060410196624711254e+00 1.690983005625716906e-01 1.334016994374829235e+00 1.989386537905904806e+00 1.884878040718416248e+00 1.060410196624792523e+00 -1.690983005625688040e-01 -1.334016994374905396e+00 -1.989386537906029817e+00 -1.884878040718543257e+00 -1.060410196624870238e+00 1.690983005625668056e-01 1.334016994374980003e+00 1.989386537906154828e+00 1.884878040718670711e+00 1.060410196624951062e+00
-2.009549150281159324e+00 -5.463322226092730105e+00 -6.830291903029688250e+00 -5.588322226092517830e+00 -2.211803398874429671e+00 2.009549150281245034e+00 5.463322226093056067e+00 6.830291903030128786e+00 5.588322226092905964e+00 2.211803398874619742e+00 -2.009549150281330299e+00 -5.463322226093382028e+00 -6.830291903030568434e+00 -5.588322226093294098e+00 -2.211803398874796933e+00 2.009549150281418228e+00 5.463322226093704437e+00 6.830291903031008083e+00 5.588322226093684009e+00 2.211803398874985671e+00
7.227583139030468118e+00 1.513320393249713014e+01 1.725845518243361454e+01 1.279156314599722144e+01 3.438728757030264482e+00 -7.227583139030827830e+00 -1.513320393249805207e+01 -1.725845518243474430e+01 -1.279156314599812916e+01 -3.438728757030609984e+00 7.227583139031187542e+00 1.513320393249897400e+01 1.725845518243587051e+01 1.279156314599903688e+01 3.438728757030923511e+00 -7.227583139031551696e+00 -1.513320393249988705e+01 -1.725845518243700027e+01 -1.279156314599994815e+01 -3.438728757031267236e+00
-4.960236587189672530e-01 -3.804837387624341538e+00 -5.660332556123649717e+00 -5.353773075811323778e+00 -3.002254248593113850e+00 4.960236587189599256e-01 3.804837387624558254e+00 5.660332556124006764e+00 5.353773075811685267e+00 3.002254248593343888e+00 -4.960236587189525981e-01 -3.804837387624775413e+00 -5.660332556124362924e+00 -5.353773075812046756e+00 -3.002254248593564157e+00 4.960236587189479351e-01 3.804837387624989020e+00 5.660332556124718195e+00 5.353773075812409132e+00 3.002254248593793307e+00
-2.796352549156042588e+00 -7.265044318779855459e+00 -8.958736088404183562e+00 -7.230495168498408454e+00 -2.740450849718070181e+00 2.796352549156165601e+00 7.265044318780290666e+00 8.958736088404760878e+00 7.230495168498911163e+00 2.740450849718309101e+00 -2.796352549156288614e+00 -7.265044318780725874e+00 -8.958736088405339970e+00 -7.230495168499414760e+00 -2.740450849718532034e+00 2.796352549156414735e+00 7.265044318781155752e+00 8.958736088405919062e+00 7.230495168499921022e+00 2.740450849718769621e+00
-5.887287570314769791e-01 -3.651189936780689926e+00 -5.319020660061327455e+00 -4.955166278061462037e+00 -2.698606797749405040e+00 5.887287570314785334e-01 3.651189936780898648e+00 5.319020660061663186e+00 4.955166278061797769e+00 2.698606797749613762e+00 -5.887287570314796437e-01 -3.651189936781108702e+00 -5.319020660061998029e+00 -4.955166278062132612e+00 -2.698606797749813602e+00 5.887287570314834184e-01 3.651189936781314316e+00 5.319020660062333761e+00 4.955166278062468344e+00 2.698606797750020547e+00
-1.100532155906407406e+00 -5.073403532280413408e+00 -7.108407197967163249e+00 -6.428240919904887107e+00 -3.292705098311794476e+00 1.100532155906430498e+00 5.073403532280707395e+00 7.108407197967614444e+00 6.428240919905324091e+00 3.292705098312054268e+00 -1.100532155906452703e+00 -5.073403532281002271e+00 -7.108407197968064750e+00 -6.428240919905761963e+00 -3.292705098312300738e+00 1.100532155906478904e+00 5.073403532281291817e+00 7.108407197968515057e+00 6.428240919906200723e+00 3.292705098312558754e+00
-2.464589803374884980e+00 -6.830495168498672776e+00 -8.587383539248000019e+00 -7.064183272435972327e+00 -2.842705098311799183e+00 2.464589803374988008e+00 6.830495168499078673e+00 8.587383539248550690e+00 7.064183272436462602e+00 2.842705098312041656e+00 -2.464589803375091481e+00 -6.830495168499486347e+00 -8.587383539249104913e+00 -7.064183272436951988e+00 -2.842705098312268586e+00 2.464589803375198063e+00 6.830495168499888692e+00 8.587383539249657360e+00 7.064183272437443151e+00 2.842705098312509726e+00
-2.489589803374888888e+00 -6.642830723279976368e+00 -8.258736088404246445e+00 -6.720084971873465207e+00 -2.614589803374337773e+00 2.489589803374996801e+00 6.642830723280373384e+00 8.258736088404779352e+00 6.720084971873931501e+00 2.614589803374563370e+00 -2.489589803375104271e+00 -6.642830723280770400e+00 -8.258736088405312259e+00 -6.720084971874398683e+00 -2.614589803374774313e+00 2.489589803375214405e+00 6.642830723281162975e+00 8.258736088405845166e+00 6.720084971874867641e+00 2.614589803374998578e+00
2.317627457811322067e-01 -1.593566144655960581e+00 -2.810206931155650789e+00 -2.953444185374439535e+00 -1.968566144655931272e+00 -2.317627457811677338e-01 1.593566144656046291e+00 2.810206931155824428e+00 2.953444185374635378e+00 1.968566144656075378e+00 2.317627457812033720e-01 -1.593566144656132888e+00 -2.810206931155997623e+00 -2.953444185374830777e+00 -1.968566144656214600e+00 -2.317627457812373448e-01 1.593566144656216821e+00 2.810206931156170818e+00 2.953444185375026620e+00 1.968566144656358041e+00
-3.622213595499650829e+00 -8.027708763998480990e+00 -9.366892036435386260e+00 -7.128240919904697215e+00 -2.166844051968147777e+00 3.622213595499825800e+00 8.027708763998965935e+00 9.366892036435995550e+00 7.128240919905199924e+00 2.166844051968354279e+00 -3.622213595500000771e+00 -8.027708763999452657e+00 -9.366892036436606617e+00 -7.128240919905702633e+00 -2.166844051968543017e+00 3.622213595500178851e+00 8.027708763999935826e+00 9.366892036437217683e+00 7.128240919906207118e+00 2.166844051968748186e+00
-2.983155948031019467e+00 -7.190044318779921007e+00 -8.650580140373062221e+00 -6.806888370748540140e+00 -2.363196601124398999e+00 2.983155948031157134e+00 7.190044318780353549e+00 8.650580140373625326e+00 6.806888370749016204e+00 2.363196601124612162e+00 -2.983155948031294802e+00 -7.190044318780787869e+00 -8.650580140374184879e+00 -6.806888370749493156e+00 -2.363196601124808893e+00 2.983155948031435134e+00 7.190044318781215971e+00 8.650580140374746207e+00 6.806888370749971884e+00 2.363196601125021168e+00
-2.686803398874812565e+00 -6.762790070186213143e+00 -8.255620793466851737e+00 -6.595084971873538926e+00 -2.415450849718113080e+00 2.686803398874933357e+00 6.762790070186618152e+00 8.255620793467384644e+00 6.595084971873998114e+00 2.415450849718326687e+00 -2.686803398875053706e+00 -6.762790070187024938e+00 -8.255620793467919327e+00 -6.595084971874459079e+00 -2.415450849718524751e+00 2.686803398875177606e+00 6.762790070187426394e+00 8.255620793468452234e+00 6.595084971874920932e+00 2.415450849718736581e+00
