2.504123723313512073e+00 -3.853881168074473340e-01 -2.051072820377032979e+00 2.796568827198520957e+00 -1.236491006919340663e+00 -1.342986470279490030e+00 2.815266289436496372e+00 -1.966557542134411474e+00 -5.034392473341027241e-01 2.558385872150741314e+00 -2.504123723313150141e+00 3.853881168077396002e-01 2.051072820376331762e+00 -2.796568827197985829e+00 1.236491006919418378e+00 1.342986470278865418e+00 -2.815266289435839564e+00 1.966557542134256931e+00 5.034392473336291030e-01 -2.558385872150029883e+00
2.308059579803028782e+00 -6.621093545340559494e-01 -1.529703351802918831e+00 2.460383495678262644e+00 -1.362650915684106456e+00 -8.584912711542598274e-01 2.371867932496628306e+00 -1.929806711059685043e+00 -1.032440834246854122e-01 2.051177410306569193e+00 -2.308059579802645089e+00 6.621093545342298103e-01 1.529703351802334410e+00 -2.460383495677747501e+00 1.362650915684089359e+00 8.584912711537657781e-01 -2.371867932496030562e+00 1.929806711059470326e+00 1.032440834243416594e-01 -2.051177410305950577e+00
-5.154156367930581517e+00 9.782517682181969265e-01 4.004152443154981533e+00 -5.685415276252887118e+00 2.679454061924736230e+00 2.535528112663611111e+00 -5.660146124717885030e+00 4.118372723195615315e+00 8.187086244417127734e-01 -5.080822433938426030e+00 5.154156367929805249e+00 -9.782517682187408248e-01 -4.004152443153575547e+00 5.685415276251772454e+00 -2.679454061924842811e+00 -2.535528112662374767e+00 5.660146124716538552e+00 -4.118372723195253826e+00 -8.187086244407938418e-01 5.080822433936983629e+00
4.972019777195665902e-01 -4.445397590910628582e-01 2.538585118320429990e-02 4.146969012062860505e-01 -5.128912965840888294e-01 1.882429791163140742e-01 2.915984026397282491e-01 -5.310374604436549628e-01 3.326735726875381105e-01 1.399562207372678502e-01 -4.972019777194351953e-01 4.445397590910062369e-01 -2.538585118326919243e-02 -4.146969012061531568e-01 5.128912965839975691e-01 -1.882429791163403310e-01 -2.915984026396066797e-01 5.310374604435375012e-01 -3.326735726875208465e-01 -1.399562207371708167e-01
-2.438899977271993258e+00 3.678776872186877434e-01 2.006433818882673581e+00 -2.726582104098870474e+00 1.198855681025194686e+00 1.317242726231441896e+00 -2.747367377361882745e+00 1.912481327854136159e+00 4.991107377669986578e-01 -2.499221189694567080e+00 2.438899977271641095e+00 -3.678776872189746805e-01 -2.006433818881989684e+00 2.726582104098349557e+00 -1.198855681025272846e+00 -1.317242726230831718e+00 2.747367377361243257e+00 -1.912481327853987612e+00 -4.991107377665351397e-01 2.499221189693873413e+00
-2.425513271000988347e+00 2.401183528689457281e-01 2.143237217758632074e+00 -2.759644810394679126e+00 1.100919824472350150e+00 1.465435936832035324e+00 -2.823643088170844972e+00 1.853955593096816123e+00 6.441875761158252223e-01 -2.611243506998567110e+00 2.425513271000658833e+00 -2.401183528692703295e-01 -2.143237217757925972e+00 2.759644810394170644e+00 -1.100919824472464281e+00 -1.465435936831394947e+00 2.823643088170205484e+00 -1.853955593096697552e+00 -6.441875761153261770e-01 2.611243506997862340e+00
3.676637618321263457e+00 -7.623379975030935007e-01 -2.780455553932118740e+00 4.030959536015047640e+00 -1.958221581782695342e+00 -1.728932003029470588e+00 3.990703048977018330e+00 -2.962420793905189864e+00 -5.081685414927992195e-01 3.559808742641946022e+00 -3.676637618320699463e+00 7.623379975034613176e-01 2.780455553931129309e+00 -4.030959536014248279e+00 1.958221581782752629e+00 1.728932003028605724e+00 -3.990703048976058653e+00 2.962420793904916749e+00 5.081685414921632837e-01 -3.559808742640925505e+00
3.314331954134098535e+00 -5.673964581833503829e-01 -2.647317413487645599e+00 3.679504725753502736e+00 -1.678199813589193123e+00 -1.706662524097943390e+00 3.684501938199149507e+00 -2.624729278535106403e+00 -5.989476158326062505e-01 3.328834429499277991e+00 -3.314331954133610036e+00 5.673964581837194210e-01 2.647317413486729443e+00 -3.679504725752790417e+00 1.678199813589279499e+00 1.706662524097132039e+00 -3.684501938198281756e+00 2.624729278534888355e+00 5.989476158319966270e-01 -3.328834429498343184e+00
2.137136187066965398e+00 -4.674305340673434728e-01 -1.587638638274917469e+00 2.333811689162719638e+00 -1.155921546760405150e+00 -9.749444131768841837e-01 2.302037442500973974e+00 -1.731262904677460801e+00 -2.668158360800006457e-01 2.044923731729205940e+00 -2.137136187066633664e+00 4.674305340675497522e-01 1.587638638274347036e+00 -2.333811689162252900e+00 1.155921546760431351e+00 9.749444131763878030e-01 -2.302037442500417086e+00 1.731262904677296488e+00 2.668158360796383244e-01 -2.044923731728615302e+00
-2.184684449305782206e+00 4.813008968339732019e-01 1.618881311157388980e+00 -2.384410016654377795e+00 1.184160775258457976e+00 9.923455365739949352e-01 -2.350732918411312156e+00 1.771106746467271176e+00 2.686720667928870210e-01 -2.086949703594788375e+00 2.184684449305442477e+00 -4.813008968341829785e-01 -1.618881311156806779e+00 2.384410016653900843e+00 -1.184160775258483955e+00 -9.923455365734885625e-01 2.350732918410742833e+00 -1.771106746467101978e+00 -2.686720667925176498e-01 2.086949703594184857e+00
7.583192702007122976e-02 1.494263747561293959e-02 -9.339805089710413732e-02 9.485335634474656441e-02 -1.810875708266892689e-02 -7.356523564366328205e-02 1.045898782681995293e-01 -4.938754032656502563e-02 -4.653134256628588261e-02 1.040884141862263440e-01 -7.583192702006454067e-02 -1.494263747559579705e-02 9.339805089707753361e-02 -9.485335634473228417e-02 1.810875708267900563e-02 7.356523564363730283e-02 -1.045898782681790040e-01 4.938754032656662851e-02 4.653134256626348386e-02 -1.040884141862015999e-01
-1.903124557496178149e+00 3.741907354893248550e-01 1.463236965765900122e+00 -2.094328953662068393e+00 9.987943790575346537e-01 9.201757414967095539e-01 -2.080525839795600795e+00 1.525629069793857706e+00 2.870413044084907384e-01 -1.863066360854001235e+00 1.903124557495889713e+00 -3.741907354895216420e-01 -1.463236965765383646e+00 2.094328953661655834e+00 -9.987943790575701808e-01 -9.201757414962564718e-01 2.080525839795103415e+00 -1.525629069793721149e+00 -2.870413044081554510e-01 1.863066360853470771e+00
-3.361968861322223723e-01 2.379333001461405583e-01 5.648951642184893429e-02 -3.043407094699226989e-01 3.012844449754498166e-01 -4.984039753347399571e-02 -2.426935436982964323e-01 3.351437691583862843e-01 -1.512915861197375589e-01 -1.572898429241359197e-01 3.361968861321436020e-01 -2.379333001461217678e-01 -5.648951642179242394e-02 3.043407094698373783e-01 -3.012844449754062959e-01 4.984039753350839874e-02 2.426935436982127492e-01 -3.351437691583216694e-01 1.512915861197448586e-01 1.572898429240628115e-01
-2.373565235640139548e+00 7.472828251452632298e-01 1.495081587816359026e+00 -2.504856641730165645e+00 1.449553998415379796e+00 8.008037163897707700e-01 -2.390955227365135549e+00 2.009932726683904658e+00 2.813759767544715684e-02 -2.043010456580951928e+00 2.373565235639734095e+00 -7.472828251454213255e-01 -1.495081587815771718e+00 2.504856641729630518e+00 -1.449553998415342937e+00 -8.008037163892802734e-01 2.390955227364522262e+00 -2.009932726683668403e+00 -2.813759767511370136e-02 2.043010456580323542e+00
5.014433381117310518e+00 -9.764694381924816646e-01 -3.866524710949383437e+00 5.521841843633356284e+00 -2.624789691409094683e+00 -2.436216501673977852e+00 5.488733953560019252e+00 -4.016177241645190854e+00 -7.674344470963869735e-01 4.918350541853983238e+00 -5.014433381116551125e+00 9.764694381930031364e-01 3.866524710948020971e+00 -5.521841843632270042e+00 2.624789691409191050e+00 2.436216501672781476e+00 -5.488733953558709189e+00 4.016177241644833806e+00 7.674344470955005715e-01 -4.918350541852584357e+00
-2.317835833761843212e+00 2.355288675831377354e-01 2.040955044052714218e+00 -2.634815418555360722e+00 1.056456247026684725e+00 1.392876615166174892e+00 -2.693880912342104139e+00 1.773970328247640671e+00 6.084537184451953573e-01 -2.489250573056766225e+00 2.317835833761527020e+00 -2.355288675834459888e-01 -2.040955044052040535e+00 2.634815418554874000e+00 -1.056456247026791750e+00 -1.392876615165564713e+00 2.693880912341493516e+00 -1.773970328247526318e+00 -6.084537184447202929e-01 2.489250573056093430e+00
-2.817312445231670459e+00 7.170626796155540328e-01 1.974354709136861175e+00 -3.038055841265201007e+00 1.597094129136586993e+00 1.160559090006325844e+00 -2.961413164175894508e+00 2.320790877688474474e+00 2.331598610553973772e-01 -2.594886733198222828e+00 2.817312445231216600e+00 -7.170626796157943961e-01 -1.974354709136129982e+00 3.038055841264578394e+00 -1.597094129136592322e+00 -1.160559090005698346e+00 2.961413164175162649e+00 -2.320790877688233778e+00 -2.331598610549502348e-01 2.594886733197456774e+00
-1.574124821471353020e+00 7.431730034974198817e-02 1.486759595199748318e+00 -1.822108027875211755e+00 6.552568585378525379e-01 1.051807392051047119e+00 -1.891730605137444954e+00 1.172055309969204817e+00 5.138969529954056092e-01 -1.776177410306627458e+00 1.574124821471152069e+00 -7.431730034997804935e-02 -1.486759595199273587e+00 1.822108027874887570e+00 -6.552568585379501265e-01 -1.051807392050609913e+00 1.891730605137028398e+00 -1.172055309969147530e+00 -5.138969529950571102e-01 1.776177410306160054e+00
-2.169691176305230673e+00 5.060961105868220233e-01 1.574739516214110457e+00 -2.357313438252470306e+00 1.196448631857279121e+00 9.508037163899452082e-01 -2.314185436494992310e+00 1.769684424893641861e+00 2.337966241665622169e-01 -2.044528840335307240e+00 2.169691176304889169e+00 -5.060961105870216414e-01 -1.574739516213537804e+00 2.357313438251994242e+00 -1.196448631857296663e+00 -9.508037163894498267e-01 2.314185436494427872e+00 -1.769684424893467334e+00 -2.337966241662038924e-01 2.044528840334711273e+00
-2.763288405767726275e+00 2.908990954446439847e-01 2.421316009352444176e+00 -3.137326778318684006e+00 1.266832814483606517e+00 1.648075487371295278e+00 -3.204261746766698504e+00 2.118760111097536036e+00 7.135098538691837522e-01 -2.957541250036769043e+00 2.763288405767348355e+00 -2.908990954450083599e-01 -2.421316009351643483e+00 3.137326778318103138e+00 -1.266832814483731529e+00 -1.648075487370570302e+00 3.204261746765970642e+00 -2.118760111097397481e+00 -7.135098538686204250e-01 2.957541250035967906e+00
