4.972019777206541091e-01 -4.445397590916113639e-01 2.538585118283831488e-02 4.146969012072184713e-01 -5.128912965848413386e-01 1.882429791163393873e-01 2.915984026403887208e-01 -5.310374604444547675e-01 3.326735726878791710e-01 1.399562207375927847e-01 -4.972019777201333590e-01 4.445397590915456942e-01 -2.538585118328184898e-02 -4.146969012066314408e-01 5.128912965845948690e-01 -1.882429791166383148e-01 -2.915984026397927531e-01 5.310374604440515345e-01 -3.326735726880010180e-01 -1.399562207370445011e-01
-2.438899977273950803e+00 3.678776872180400948e-01 2.006433818885125842e+00 -2.726582104101187731e+00 1.198855681025834174e+00 1.317242726232660033e+00 -2.747367377363914454e+00 1.912481327855601210e+00 4.991107377669150580e-01 -2.499221189695771894e+00 2.438899977273345065e+00 -3.678776872201648951e-01 -2.006433818882022546e+00 2.726582104099664505e+00 -1.198855681027146236e+00 -1.317242726229584715e+00 2.747367377361622065e+00 -1.912481327855965363e+00 -4.991107377641860188e-01 2.499221189692931056e+00
-2.425513271002492033e+00 2.401183528681488655e-01 2.143237217760813884e+00 -2.759644810396551406e+00 1.100919824472751607e+00 1.465435936833090480e+00 -2.823643088172465010e+00 1.853955593097980081e+00 6.441875761156796720e-01 -2.611243506999413544e+00 2.425513271002023963e+00 -2.401183528704317616e-01 -2.143237217757663515e+00 2.759644810395130321e+00 -1.100919824474231534e+00 -1.465435936829920349e+00 2.823643088170229021e+00 -1.853955593098504773e+00 -6.441875761128177391e-01 2.611243506996577146e+00
3.676637618324132273e+00 -7.623379975026226552e-01 -2.780455553935125668e+00 4.030959536018201561e+00 -1.958221581783918586e+00 -1.728932003030659637e+00 3.990703048979549639e+00 -2.962420793907385441e+00 -5.081685414921670585e-01 3.559808742643132184e+00 -3.676637618322994960e+00 7.623379975055454283e-01 2.780455553930553769e+00 -4.030959536015748412e+00 1.958221581785607679e+00 1.728932003026208086e+00 -3.990703048976021350e+00 2.962420793907666106e+00 5.081685414882972651e-01 -3.559808742638866264e+00
3.314331954137049507e+00 -5.673964581830952536e-01 -2.647317413490529070e+00 3.679504725756738814e+00 -1.678199813590601996e+00 -1.706662524099049172e+00 3.684501938201794502e+00 -2.624729278537499155e+00 -5.989476158319074761e-01 3.328834429500622250e+00 -3.314331954136153335e+00 5.673964581858917944e-01 2.647317413486346194e+00 -3.679504725754617844e+00 1.678199813592291312e+00 1.706662524094930022e+00 -3.684501938198655679e+00 2.624729278537907273e+00 5.989476158282782681e-01 -3.328834429496767111e+00
2.137136187068893634e+00 -4.674305340670105724e-01 -1.587638638276993808e+00 2.333811689164875247e+00 -1.155921546761163654e+00 -9.749444131778420841e-01 2.302037442502802733e+00 -1.731262904678886994e+00 -2.668158360798162376e-01 2.044923731730257543e+00 -2.137136187068206183e+00 4.674305340686766841e-01 1.587638638274348590e+00 -2.333811689163431513e+00 1.155921546762111785e+00 9.749444131752761367e-01 -2.302037442500743492e+00 1.731262904679018444e+00 2.668158360775954585e-01 -2.044923731727779526e+00
-2.184684449307685572e+00 4.813008968335812376e-01 1.618881311159504177e+00 -2.384410016656520970e+00 1.184160775259168963e+00 9.923455365749894730e-01 -2.350732918413134254e+00 1.771106746468657178e+00 2.686720667927353645e-01 -2.086949703595834649e+00 2.184684449306979026e+00 -4.813008968352797123e-01 -1.618881311156801894e+00 2.384410016655042597e+00 -1.184160775260133081e+00 -9.923455365723694577e-01 2.350732918411028383e+00 -1.771106746468787296e+00 -2.686720667904692883e-01 2.086949703593302008e+00
7.583192702015573161e-02 1.494263747580690596e-02 -9.339805089740994826e-02 9.485335634491919021e-02 -1.810875708258119152e-02 -7.356523564392837555e-02 1.045898782684260842e-01 -4.938754032657983323e-02 -4.653134256648144146e-02 1.040884141864689694e-01 -7.583192702016525177e-02 -1.494263747570522688e-02 9.339805089729993903e-02 -9.485335634489155954e-02 1.810875708265868855e-02 7.356523564380934577e-02 -1.045898782683639672e-01 4.938754032662524829e-02 4.653134256636556887e-02 -1.040884141863784029e-01
-1.903124557498037328e+00 3.741907354888322490e-01 1.463236965768124342e+00 -2.094328953664240434e+00 9.987943790581373937e-01 9.201757414979008232e-01 -2.080525839797560117e+00 1.525629069795185311e+00 2.870413044085872722e-01 -1.863066360855306858e+00 1.903124557497470670e+00 -3.741907354903726279e-01 -1.463236965765747133e+00 2.094328953662986326e+00 -9.987943790590401161e-01 -9.201757414955784586e-01 2.080525839795741128e+00 -1.525629069795356951e+00 -2.870413044065602270e-01 1.863066360853096848e+00
-3.361968861327548908e-01 2.379333001461415298e-01 5.648951642233213111e-02 -3.043407094704711491e-01 3.012844449756353349e-01 -4.984039753319274846e-02 -2.426935436987796568e-01 3.351437691586823253e-01 -1.512915861196469369e-01 -1.572898429244954377e-01 3.361968861324700630e-01 -2.379333001461817199e-01 -5.648951642200014667e-02 3.043407094701210402e-01 -3.012844449755557874e-01 4.984039753345048673e-02 2.426935436983984895e-01 -3.351437691584906453e-01 1.512915861198030343e-01 1.572898429241194607e-01
-2.373565235641981630e+00 7.472828251448258019e-01 1.495081587818431812e+00 -2.504856641732178701e+00 1.449553998415975542e+00 8.008037163907428813e-01 -2.390955227366778235e+00 2.009932726685085491e+00 2.813759767533935419e-02 -2.043010456581805467e+00 2.373565235640973103e+00 -7.472828251463682347e-01 -1.495081587815610735e+00 2.504856641730405009e+00 -1.449553998416711176e+00 -8.008037163880955545e-01 2.390955227364412128e+00 -2.009932726684936721e+00 -2.813759767314105709e-02 2.043010456579072542e+00
5.014433381121391697e+00 -9.764694381917785604e-01 -3.866524710953728849e+00 5.521841843637894875e+00 -2.624789691410806647e+00 -2.436216501675786184e+00 5.488733953563743384e+00 -4.016177241648329677e+00 -7.674344470956248054e-01 4.918350541855869729e+00 -5.014433381119909328e+00 9.764694381958500813e-01 3.866524710947460974e+00 -5.521841843634597069e+00 2.624789691413198511e+00 2.436216501669659085e+00 -5.488733953558954326e+00 4.016177241648794194e+00 7.674344470902727533e-01 -4.918350541850045943e+00
-2.317835833763571607e+00 2.355288675824376288e-01 2.040955044055018153e+00 -2.634815418557467925e+00 1.056456247027221629e+00 1.392876615167320198e+00 -2.693880912343967093e+00 1.773970328248984263e+00 6.084537184450989900e-01 -2.489250573057856464e+00 2.317835833763118192e+00 -2.355288675846109459e-01 -2.040955044052010781e+00 2.634815418556105016e+00 -1.056456247028627615e+00 -1.392876615164296394e+00 2.693880912341827916e+00 -1.773970328249477868e+00 -6.084537184423712830e-01 2.489250573055146187e+00
-2.817312445233827845e+00 7.170626796150103566e-01 1.974354709139331421e+00 -3.038055841267607082e+00 1.597094129137327290e+00 1.160559090007457606e+00 -2.961413164177876478e+00 2.320790877689964393e+00 2.331598610551889605e-01 -2.594886733199248674e+00 2.817312445232813989e+00 -7.170626796170704864e-01 -1.974354709135896169e+00 3.038055841265628665e+00 -1.597094129138436847e+00 -1.160559090004164462e+00 2.961413164175126678e+00 -2.320790877690007470e+00 -2.331598610523799575e-01 2.594886733195990836e+00
-1.574124821472536295e+00 7.431730034928560324e-02 1.486759595201305295e+00 -1.822108027876667480e+00 6.552568585382662070e-01 1.051807392051792744e+00 -1.891730605138733479e+00 1.172055309970191583e+00 5.138969529952720494e-01 -1.776177410307371085e+00 1.574124821472320246e+00 -7.431730035087719122e-02 -1.486759595199218742e+00 1.822108027875806169e+00 -6.552568585393400147e-01 -1.051807392049663115e+00 1.891730605137310617e+00 -1.172055309970637449e+00 -5.138969529933189451e-01 1.776177410305523230e+00
-2.169691176307195768e+00 5.060961105865893206e-01 1.574739516216100199e+00 -2.357313438254620142e+00 1.196448631858117118e+00 9.508037163907989697e-01 -2.314185436496772219e+00 1.769684424895112906e+00 2.337966241662723377e-01 -2.044528840336274023e+00 2.169691176306464353e+00 -5.060961105882381128e-01 -1.574739516213430779e+00 2.357313438253131110e+00 -1.196448631859035716e+00 -9.508037163882218090e-01 2.314185436494670789e+00 -1.769684424895205721e+00 -2.337966241640548060e-01 2.044528840333761366e+00
-2.763288405769571909e+00 2.908990954438728238e-01 2.421316009354900434e+00 -3.137326778320915999e+00 1.266832814484207148e+00 1.648075487372427483e+00 -3.204261746768603647e+00 2.118760111098998422e+00 7.135098538689178538e-01 -2.957541250037750036e+00 2.763288405769020351e+00 -2.908990954464501510e-01 -2.421316009351319742e+00 3.137326778319283971e+00 -1.266832814485868930e+00 -1.648075487368831471e+00 3.204261746766050134e+00 -2.118760111099573518e+00 -7.135098538656778899e-01 2.957541250034519731e+00
-2.977838390169318838e+00 5.990372358881586035e-01 2.273627884510643238e+00 -3.271847115320781541e+00 1.572659079772319224e+00 1.423075487372180703e+00 -3.245584648524756588e+00 2.392338095567609901e+00 4.332225463799512233e-01 -2.901621743012745558e+00 2.977838390168418226e+00 -5.990372358905505790e-01 -2.273627884506931096e+00 3.271847115318808896e+00 -1.572659079773712776e+00 -1.423075487368558933e+00 3.245584648521905091e+00 -2.392338095567860812e+00 -4.332225463767953588e-01 2.901621743009288767e+00
-8.212643661805265616e-01 -2.006031971113059753e-01 1.057087567829911423e+00 -1.042077768393064652e+00 1.679483201768890988e-01 8.446426768983661404e-01 -1.160885338052304316e+00 5.200598857212339610e-01 5.495182757804077944e-01 -1.166057362459014257e+00 8.212643661806712236e-01 2.006031971101524813e-01 -1.057087567828700170e+00 1.042077768392794201e+00 -1.679483201777823842e-01 -8.446426768970425325e-01 1.160885338051645288e+00 -5.200598857217759718e-01 -5.495182757791072792e-01 1.166057362458030155e+00
-2.438309033801263848e+00 1.760835717480747076e-01 2.231310380511900338e+00 -2.799146241652178180e+00 1.059283379194684516e+00 1.553883945073374129e+00 -2.885983512570973186e+00 1.838793149023906226e+00 7.243525225450795357e-01 -2.690320609449381450e+00 2.438309033800864167e+00 -1.760835717504578013e-01 -2.231310380508699343e+00 2.799146241650797950e+00 -1.059283379196263031e+00 -1.553883945070129391e+00 2.885983512568747855e+00 -1.838793149024517959e+00 -7.243525225421257874e-01 2.690320609446524180e+00
