-2.053666335744467553e+00 -5.112003057932797745e+00 -3.955853678509511084e+00 4.616181530231044383e-01 4.498518363584523172e+00 4.826707349540735770e+00 1.175616430799035328e+00 -3.444687348787991876e+00 -5.225089275551240142e+00 -2.697773487373285928e+00 2.053666335743925320e+00 5.112003057932993144e+00 3.955853678510281135e+00 -4.616181530223921747e-01 -4.498518363584456559e+00 -4.826707349541369041e+00 -1.175616430799846679e+00 3.444687348787664138e+00 5.225089275551675350e+00 2.697773487374109713e+00
4.245247086734185160e+00 7.967910806505851262e+00 5.121593840557932431e+00 -1.947116151081960789e+00 -7.410566156770985735e+00 -6.764526845093637775e+00 -5.416120797942642895e-01 6.127823659160672065e+00 7.745300830801546077e+00 2.977323546667062004e+00 -4.245247086733522579e+00 -7.967910806506337984e+00 -5.121593840559167887e+00 1.947116151080994229e+00 7.410566156771084323e+00 6.764526845094721352e+00 5.416120797954379062e-01 -6.127823659160364755e+00 -7.745300830802372083e+00 -2.977323546668315668e+00
4.322142554295258066e+00 8.053870966624160133e+00 5.145750601801344359e+00 -2.004678335196214078e+00 -7.502391323838604187e+00 -6.814911618962663731e+00 -5.090177667672556305e-01 6.216525346041459343e+00 7.816981604578524312e+00 2.972887663184315521e+00 -4.322142554294593708e+00 -8.053870966624657513e+00 -5.145750601802594026e+00 2.004678335195241523e+00 7.502391323838709880e+00 6.814911618963762407e+00 5.090177667684392393e-01 -6.216525346041156475e+00 -7.816981604579362752e+00 -2.972887663185582063e+00
3.088192703365765013e+00 5.457349227881149289e+00 3.327306082150871536e+00 -1.545866337978461402e+00 -5.144580953109189281e+00 -4.501951288946353102e+00 -1.477801952543915665e-01 4.328225250243545652e+00 5.235914136640639427e+00 1.826960973330646887e+00 -3.088192703365342240e+00 -5.457349227881514331e+00 -3.327306082151723299e+00 1.545866337977824134e+00 5.144580953109292309e+00 4.501951288947110719e+00 1.477801952551796028e-01 -4.328225250243370681e+00 -5.235914136641229177e+00 -1.826960973331500426e+00
-1.927118949564082584e+00 -4.162202596272811306e+00 -2.965843656721223187e+00 6.756442722209470286e-01 3.760111134735994121e+00 3.744631471736228789e+00 6.419671739776987573e-01 -2.989953797096327026e+00 -4.156868667916006288e+00 -1.896738400339134101e+00 1.927118949563685568e+00 4.162202596273014699e+00 2.965843656721858679e+00 -6.756442722204022422e-01 -3.760111134735989236e+00 -3.744631471736768358e+00 -6.419671739783371356e-01 2.989953797096109867e+00 4.156868667916396198e+00 1.896738400339797570e+00
8.248258538545094609e-01 3.091351274084025436e-03 -8.211917524773969523e-01 -9.684601540949596687e-01 -3.173014395424482159e-01 5.954499407065176886e-01 1.017294826793908813e+00 6.004518521392767649e-01 -3.114213399955694239e-01 -9.665495939364063815e-01 -8.248258538546527907e-01 -3.091351274229103829e-03 8.211917524773694188e-01 9.684601540950724674e-01 3.173014395426084211e-01 -5.954499407064421934e-01 -1.017294826793980311e+00 -6.004518521394375252e-01 3.114213399954534056e-01 9.665495939364301403e-01
-1.545153349811410726e+00 -3.553370342240203428e+00 -2.632084016393177794e+00 4.591700069788711147e-01 3.171870733187653890e+00 3.269587671312855992e+00 6.717600953623772408e-01 -2.479886317047700128e+00 -3.587041304407533104e+00 -1.736933639141784891e+00 1.545153349811054344e+00 3.553370342240359303e+00 2.632084016393716919e+00 -4.591700069783922755e-01 -3.171870733187630353e+00 -3.269587671313307187e+00 -6.717600953629310201e-01 2.479886317047495403e+00 3.587041304407852405e+00 1.736933639142354213e+00
-1.374099116165373169e-01 -7.025231035211604302e-01 -6.884555276724357853e-01 -1.068049085290320027e-01 5.628988274608189846e-01 7.685321671574408819e-01 3.405649200742321137e-01 -3.681740922218441625e-01 -7.733795234425863141e-01 -5.409880643872413408e-01 1.374099116164375356e-01 7.025231035211617625e-01 6.884555276725369266e-01 1.068049085291497696e-01 -5.628988274607816811e-01 -7.685321671575147118e-01 -3.405649200743563476e-01 3.681740922217708323e-01 7.733795234426258380e-01 5.409880643873588024e-01
-1.704550059292913478e+00 -4.159086224021372402e+00 -3.184749031692296395e+00 4.151891978583995280e-01 3.672833206516972204e+00 3.902485187983213422e+00 9.148132750558031212e-01 -2.827057684624882494e+00 -4.238218903861127096e+00 -2.155267450728693746e+00 1.704550059292478270e+00 4.159086224021536715e+00 3.184749031692924337e+00 -4.151891978578248210e-01 -3.672833206516924687e+00 -3.902485187983732118e+00 -9.148132750564603732e-01 2.827057684624622702e+00 4.238218903861485920e+00 2.155267450729363432e+00
5.972041127309108077e+00 1.154663205057156894e+01 7.601838938638299403e+00 -2.610134413702974499e+00 -1.067023596838982868e+01 -9.933480267697795796e+00 -1.007270442192438109e+00 8.749362845716239789e+00 1.129276333752814843e+01 4.526076649140335917e+00 -5.972041127308115982e+00 -1.154663205057224218e+01 -7.601838938640081977e+00 2.610134413701548972e+00 1.067023596838993704e+01 9.933480267699350108e+00 1.007270442194154736e+00 -8.749362845715760173e+00 -1.129276333752931727e+01 -4.526076649142158459e+00
-9.467539696085310874e-01 -3.697332266459457895e+00 -3.399720788491519485e+00 -2.992792163155033602e-01 3.047896969155754476e+00 3.882296994268962465e+00 1.516016867345708397e+00 -2.100112280564085943e+00 -3.984846920693560612e+00 -2.584356224689507098e+00 9.467539696080449207e-01 3.697332266459504080e+00 3.399720788492058610e+00 2.992792163160924446e-01 -3.047896969155601710e+00 -3.882296994269371471e+00 -1.516016867346342334e+00 2.100112280563743994e+00 3.984846920693799532e+00 2.584356224690118609e+00
-2.585473959262930332e+00 -5.860832089742025630e+00 -4.304347377762895555e+00 8.007682709563566092e-01 5.245706938106759587e+00 5.365930081178714062e+00 1.062322194992136870e+00 -4.117095442380064085e+00 -5.902258161615394627e+00 -2.821425162860890179e+00 2.585473959262348576e+00 5.860832089742290307e+00 4.304347377763785509e+00 -8.007682709555719036e-01 -5.245706938106728501e+00 -5.365930081179461908e+00 -1.062322194993047031e+00 4.117095442379732795e+00 5.902258161615926646e+00 2.821425162861828095e+00
-1.743909167274448668e+00 -4.005876780663427894e+00 -2.965281421075277812e+00 5.199794042535603733e-01 3.576553871707473853e+00 3.684511835384943090e+00 7.548495657652749546e-01 -2.797132950472559720e+00 -4.043076559743580489e+00 -1.955788600940856048e+00 1.743909167274047212e+00 4.005876780663604642e+00 2.965281421075885770e+00 -5.199794042530208049e-01 -3.576553871707447652e+00 -3.684511835385451572e+00 -7.548495657658991220e-01 2.797132950472329682e+00 4.043076559743940201e+00 1.955788600941497979e+00
-1.041047910752164629e+00 -3.890441995400938602e+00 -3.532440948839888684e+00 -2.621913932433518335e-01 3.224216480387013473e+00 4.052485187983117854e+00 1.539765576873402875e+00 -2.242382191835530669e+00 -4.175843941601887543e+00 -2.666616777661489746e+00 1.041047910751661032e+00 3.890441995400995445e+00 3.532440948840458006e+00 2.621913932439656758e-01 -3.224216480386861150e+00 -4.052485187983553061e+00 -1.539765576874066122e+00 2.242382191835179395e+00 4.175843941602145115e+00 2.666616777662132343e+00
-1.983267408851560276e+00 -5.711061707821808220e+00 -4.730488284728438408e+00 1.500392080103530867e-01 4.906869952196766249e+00 5.618332377626463092e+00 1.697875875895622499e+00 -3.622359577477265447e+00 -5.956214952178821243e+00 -3.379591039272128228e+00 1.983267408850900138e+00 5.711061707821970757e+00 4.730488284729289283e+00 -1.500392080095146463e-01 -4.906869952196631246e+00 -5.618332377627142549e+00 -1.697875875896556197e+00 3.622359577476839121e+00 5.956214952179264444e+00 3.379591039273058151e+00
-1.954127621076721777e+00 -5.511904946578412456e+00 -4.525505258196869107e+00 1.918544466980276475e-01 4.751043686908605679e+00 5.393332377626391505e+00 1.589198777652081951e+00 -3.525117168696180858e+00 -5.733222546377441553e+00 -3.214690153046667831e+00 1.954127621076091836e+00 5.511904946578576769e+00 4.525505258197690672e+00 -1.918544466972240681e-01 -4.751043686908482222e+00 -5.393332377627051422e+00 -1.589198777652979455e+00 3.525117168695776737e+00 5.733222546377874096e+00 3.214690153047563559e+00
1.330677650572283932e-01 -1.208413797264502598e+00 -1.553643382454910515e+00 -6.180035377931109020e-01 8.271366516961839999e-01 1.590360988788331653e+00 1.042444818365967363e+00 -3.648936076598786604e-01 -1.471402980842538621e+00 -1.364844336977019346e+00 -1.330677650574644266e-01 1.208413797264439760e+00 1.553643382455072386e+00 6.180035377933641438e-01 -8.271366516960478865e-01 -1.590360988788425134e+00 -1.042444818366213166e+00 3.648936076596803746e-01 1.471402980842554387e+00 1.364844336977232064e+00
-2.455460376319607452e+00 -5.450754681313351391e+00 -3.952286054760822509e+00 8.045637696540772765e-01 4.898107491423913551e+00 4.953506925550581919e+00 9.250891445106947941e-01 -3.865999413152129360e+00 -5.469844025355182993e+00 -2.564187887735734250e+00 2.455460376319075433e+00 5.450754681313605410e+00 3.952286054761652956e+00 -8.045637696533544103e-01 -4.898107491423894011e+00 -4.953506925551281803e+00 -9.250891445115368983e-01 3.865999413151831821e+00 5.469844025355684813e+00 2.564187887736605109e+00
-2.720525374855395473e+00 -6.041881837033672653e+00 -4.382132704949051494e+00 8.903758819184680595e-01 5.428832329726301253e+00 5.491599279245107823e+00 1.026929805954292396e+00 -4.284370889086145162e+00 -6.063509853866496435e+00 -2.843712449379614426e+00 2.720525374854805278e+00 6.041881837033954206e+00 4.382132704949971647e+00 -8.903758819176665895e-01 -5.428832329726279049e+00 -5.491599279245884091e+00 -1.026929805955225872e+00 4.284370889085815648e+00 6.063509853867052435e+00 2.843712449380579876e+00
-2.451045120868618810e+00 -5.610658049051783003e+00 -4.144678992908916726e+00 7.382956740151700448e-01 5.012597610943894999e+00 5.154366228763588076e+00 1.046723297419413390e+00 -3.923869193855470616e+00 -5.659508185565552907e+00 -2.729281699552581930e+00 2.451045120868057925e+00 5.610658049052031693e+00 4.144678992909769377e+00 -7.382956740144155372e-01 -5.012597610943860360e+00 -5.154366228764301283e+00 -1.046723297420286913e+00 3.923869193855149540e+00 5.659508185566058280e+00 2.729281699553480767e+00
