-2.392705098312265743e+00 -6.088322226092456546e+00 -7.458407197966827162e+00 -5.979634122154744880e+00 -2.216844051968133833e+00 2.392705098312372325e+00 6.088322226092820699e+00 7.458407197967309443e+00 5.979634122155161435e+00 2.216844051968327900e+00 -2.392705098312478462e+00 -6.088322226093185741e+00 -7.458407197967790836e+00 -5.979634122155580656e+00 -2.216844051968509977e+00 2.392705098312587708e+00 6.088322226093548117e+00 7.458407197968273117e+00 5.979634122155997211e+00 2.216844051968703599e+00
5.218566144655458316e+00 1.094070209965384777e+01 1.248386171337191897e+01 9.258610463435411830e+00 2.496884705061880094e+00 -5.218566144655717665e+00 -1.094070209965451568e+01 -1.248386171337273431e+01 -9.258610463436065530e+00 -2.496884705062128340e+00 5.218566144655978789e+00 1.094070209965518004e+01 1.248386171337354966e+01 9.258610463436728111e+00 2.496884705062357934e+00 -5.218566144656241690e+00 -1.094070209965584084e+01 -1.248386171337436501e+01 -9.258610463437385363e+00 -2.496884705062606180e+00
5.251722092686623711e+00 1.085164445218509321e+01 1.230660746477820133e+01 9.060864712029205847e+00 2.354179606749468689e+00 -5.251722092686886612e+00 -1.085164445218575580e+01 -1.230660746477900602e+01 -9.060864712029847112e+00 -2.354179606749707609e+00 5.251722092687149512e+00 1.085164445218641660e+01 1.230660746477981071e+01 9.060864712030495483e+00 2.354179606749926990e+00 -5.251722092687416854e+00 -1.085164445218707385e+01 -1.230660746478061540e+01 -9.060864712031140300e+00 -2.354179606750165021e+00
2.855369543530836385e+00 6.291437521029910052e+00 7.324390203592007431e+00 5.559674775248722334e+00 1.671352549155794343e+00 -2.855369543530975385e+00 -6.291437521030291968e+00 -7.324390203592484383e+00 -5.559674775249114020e+00 -1.671352549155953326e+00 2.855369543531113496e+00 6.291437521030672109e+00 7.324390203592961335e+00 5.559674775249509260e+00 1.671352549156100542e+00 -2.855369543531254273e+00 -6.291437521031051361e+00 -7.324390203593439175e+00 -5.559674775249900947e+00 -1.671352549156259526e+00
-1.143237254218720800e+00 -4.719756081436448092e+00 -6.493488504154547591e+00 -5.786929023842345643e+00 -2.869959346905581299e+00 1.143237254218750776e+00 4.719756081436723427e+00 6.493488504154960594e+00 5.786929023842740882e+00 2.869959346905808673e+00 -1.143237254218780530e+00 -4.719756081436998763e+00 -6.493488504155373597e+00 -5.786929023843137010e+00 -2.869959346906026276e+00 1.143237254218813392e+00 4.719756081437269657e+00 6.493488504155786600e+00 5.786929023843531361e+00 2.869959346906252762e+00
8.315594803134210289e-02 4.463525491562769787e-01 6.390576474686802122e-01 5.876644452185986189e-01 3.118033988748596941e-01 -8.315594803134310209e-02 -4.463525491563027359e-01 -6.390576474687207353e-01 -5.876644452186384759e-01 -3.118033988748839525e-01 8.315594803134404578e-02 4.463525491563283820e-01 6.390576474687611475e-01 5.876644452186784440e-01 3.118033988749072116e-01 -8.315594803134535029e-02 -4.463525491563538616e-01 -6.390576474688014486e-01 -5.876644452187183010e-01 -3.118033988749313590e-01
-8.704915028124998733e-01 -3.890779740155418054e+00 -5.424922359498516755e+00 -4.886929023842478514e+00 -2.482294901686929567e+00 8.704915028125191911e-01 3.890779740155644095e+00 5.424922359498862257e+00 4.886929023842811581e+00 2.482294901687125410e+00 -8.704915028125386200e-01 -3.890779740155871025e+00 -5.424922359499205982e+00 -4.886929023843146425e+00 -2.482294901687311928e+00 8.704915028125603804e-01 3.890779740156093958e+00 5.424922359499550595e+00 4.886929023843478603e+00 2.482294901687506883e+00
-1.690983005625489310e-01 -1.334016994374698228e+00 -1.989386537905716290e+00 -1.884878040718241721e+00 -1.060410196624698154e+00 1.690983005625460445e-01 1.334016994374774390e+00 1.989386537905841967e+00 1.884878040718368952e+00 1.060410196624779200e+00 -1.690983005625430469e-01 -1.334016994374850329e+00 -1.989386537905966756e+00 -1.884878040718496406e+00 -1.060410196624857138e+00 1.690983005625411595e-01 1.334016994374925158e+00 1.989386537906091768e+00 1.884878040718623415e+00 1.060410196624937962e+00
-2.009549150281033647e+00 -5.463322226092527600e+00 -6.830291903029486633e+00 -5.588322226092394374e+00 -2.211803398874431004e+00 2.009549150281118912e+00 5.463322226092854450e+00 6.830291903029927170e+00 5.588322226092782508e+00 2.211803398874620186e+00 -2.009549150281204621e+00 -5.463322226093180412e+00 -6.830291903030366818e+00 -5.588322226093171530e+00 -2.211803398874798265e+00 2.009549150281292551e+00 5.463322226093502820e+00 6.830291903030807354e+00 5.588322226093559664e+00 2.211803398874987003e+00
7.227583139030095083e+00 1.513320393249659901e+01 1.725845518243313137e+01 1.279156314599696564e+01 3.438728757030339089e+00 -7.227583139030453907e+00 -1.513320393249752094e+01 -1.725845518243425403e+01 -1.279156314599787159e+01 -3.438728757030681038e+00 7.227583139030814507e+00 1.513320393249844287e+01 1.725845518243538379e+01 1.279156314599878463e+01 3.438728757030997230e+00 -7.227583139031179549e+00 -1.513320393249935769e+01 -1.725845518243651000e+01 -1.279156314599969058e+01 -3.438728757031340955e+00
-4.960236587188935342e-01 -3.804837387624185219e+00 -5.660332556123470304e+00 -5.353773075811189663e+00 -3.002254248593076547e+00 4.960236587188864288e-01 3.804837387624401934e+00 5.660332556123827352e+00 5.353773075811551152e+00 3.002254248593306585e+00 -4.960236587188788793e-01 -3.804837387624618650e+00 -5.660332556124182624e+00 -5.353773075811913529e+00 -3.002254248593527741e+00 4.960236587188742163e-01 3.804837387624833589e+00 5.660332556124539671e+00 5.353773075812274129e+00 3.002254248593756003e+00
-2.796352549155874279e+00 -7.265044318779589894e+00 -8.958736088403920661e+00 -7.230495168498249470e+00 -2.740450849718077286e+00 2.796352549155996847e+00 7.265044318780025101e+00 8.958736088404499753e+00 7.230495168498752179e+00 2.740450849718314874e+00 -2.796352549156119860e+00 -7.265044318780459420e+00 -8.958736088405078846e+00 -7.230495168499259329e+00 -2.740450849718539139e+00 2.796352549156245537e+00 7.265044318780890187e+00 8.958736088405656162e+00 7.230495168499762038e+00 2.740450849718776283e+00
-5.887287570314045926e-01 -3.651189936780541601e+00 -5.319020660061159589e+00 -4.955166278061339469e+00 -2.698606797749373953e+00 5.887287570314059248e-01 3.651189936780751211e+00 5.319020660061495320e+00 4.955166278061675200e+00 2.698606797749582675e+00 -5.887287570314072571e-01 -3.651189936780960821e+00 -5.319020660061831052e+00 -4.955166278062010932e+00 -2.698606797749782515e+00 5.887287570314112539e-01 3.651189936781167766e+00 5.319020660062166783e+00 4.955166278062346663e+00 2.698606797749989461e+00
-1.100532155906302600e+00 -5.073403532280212680e+00 -7.108407197966942093e+00 -6.428240919904730788e+00 -3.292705098311763834e+00 1.100532155906325249e+00 5.073403532280506667e+00 7.108407197967394175e+00 6.428240919905167772e+00 3.292705098312022294e+00 -1.100532155906348120e+00 -5.073403532280801542e+00 -7.108407197967844482e+00 -6.428240919905607420e+00 -3.292705098312270096e+00 1.100532155906374099e+00 5.073403532281091977e+00 7.108407197968294788e+00 6.428240919906044404e+00 3.292705098312527667e+00
-2.464589803374728660e+00 -6.830495168498418757e+00 -8.587383539247746000e+00 -7.064183272435814231e+00 -2.842705098311798739e+00 2.464589803374831689e+00 6.830495168498825542e+00 8.587383539248296671e+00 7.064183272436303618e+00 2.842705098312040324e+00 -2.464589803374935162e+00 -6.830495168499233216e+00 -8.587383539248850894e+00 -7.064183272436796557e+00 -2.842705098312268586e+00 2.464589803375041743e+00 6.830495168499636449e+00 8.587383539249403341e+00 7.064183272437285055e+00 2.842705098312509282e+00
-2.489589803374736121e+00 -6.642830723279731231e+00 -8.258736088404004860e+00 -6.720084971873315993e+00 -2.614589803374341326e+00 2.489589803374843591e+00 6.642830723280129135e+00 8.258736088404537767e+00 6.720084971873783175e+00 2.614589803374566035e+00 -2.489589803374950616e+00 -6.642830723280525262e+00 -8.258736088405068898e+00 -6.720084971874252133e+00 -2.614589803374777865e+00 2.489589803375061194e+00 6.642830723280918725e+00 8.258736088405601805e+00 6.720084971874719315e+00 2.614589803375002131e+00
2.317627457811561875e-01 -1.593566144655887307e+00 -2.810206931155556642e+00 -2.953444185374360043e+00 -1.968566144655897077e+00 -2.317627457811918257e-01 1.593566144655973460e+00 2.810206931155730725e+00 2.953444185374555886e+00 1.968566144656041184e+00 2.317627457812275749e-01 -1.593566144656059613e+00 -2.810206931155903920e+00 -2.953444185374752173e+00 -1.968566144656180850e+00 -2.317627457812613256e-01 1.593566144656143990e+00 2.810206931156076227e+00 2.953444185374947129e+00 1.968566144656323846e+00
-3.622213595499455874e+00 -8.027708763998194996e+00 -9.366892036435119806e+00 -7.128240919904550665e+00 -2.166844051968178420e+00 3.622213595499630845e+00 8.027708763998681718e+00 9.366892036435729096e+00 7.128240919905052486e+00 2.166844051968383589e+00 -3.622213595499806704e+00 -8.027708763999168440e+00 -9.366892036436340163e+00 -7.128240919905557860e+00 -2.166844051968573659e+00 3.622213595499984340e+00 8.027708763999651609e+00 9.366892036436949454e+00 7.128240919906060569e+00 2.166844051968778384e+00
-2.983155948030848936e+00 -7.190044318779661658e+00 -8.650580140372813531e+00 -6.806888370748394479e+00 -2.363196601124414986e+00 2.983155948030986604e+00 7.190044318780095089e+00 8.650580140373374860e+00 6.806888370748870543e+00 2.363196601124626817e+00 -2.983155948031124272e+00 -7.190044318780526744e+00 -8.650580140373934412e+00 -6.806888370749349271e+00 -2.363196601124825325e+00 2.983155948031264604e+00 7.190044318780955734e+00 8.650580140374495741e+00 6.806888370749826223e+00 2.363196601125037155e+00
-2.686803398874654469e+00 -6.762790070185966229e+00 -8.255620793466611929e+00 -6.595084971873395041e+00 -2.415450849718122850e+00 2.686803398874774818e+00 6.762790070186373015e+00 8.255620793467143059e+00 6.595084971873855118e+00 2.415450849718335125e+00 -2.686803398874895166e+00 -6.762790070186778024e+00 -8.255620793467677743e+00 -6.595084971874317858e+00 -2.415450849718534965e+00 2.686803398875019067e+00 6.762790070187180369e+00 8.255620793468212426e+00 6.595084971874777047e+00 2.415450849718746795e+00
