-3.452791971339139732e-01 -2.020988316379530580e+00 -2.030535057712641756e+00 -3.660488059931621962e-01 1.600218878148510715e+00 2.247218920024545152e+00 1.041545401577592234e+00 -1.022808866743814882e+00 -2.243929337149548342e+00 -1.615088276382043553e+00 3.452791971338513566e-01 2.020988316379340066e+00 2.030535057712482327e+00 3.660488059931654159e-01 -1.600218878148349955e+00 -2.247218920024355526e+00 -1.041545401577531393e+00 1.022808866743698974e+00 2.243929337149349834e+00 1.615088276381928090e+00
-2.826952448268451046e-01 -1.197163677515502123e+00 -1.124655063620819240e+00 -1.249476431092511330e-01 9.777702997641585236e-01 1.274385567771167516e+00 5.203597851763732685e-01 -6.626659525456470856e-01 -1.299370333381708376e+00 -8.648354859105991110e-01 2.826952448268020834e-01 1.197163677515390878e+00 1.124655063620732198e+00 1.249476431092604312e-01 -9.777702997640619342e-01 -1.274385567771061378e+00 -5.203597851763456239e-01 6.626659525455743660e-01 1.299370333381594467e+00 8.648354859105389369e-01
-8.237271096375456958e-01 -1.615251806565970227e+00 -1.075115271638959591e+00 3.513780041983574076e-01 1.488184889334452476e+00 1.398088257072231944e+00 1.553664284862543432e-01 -1.215444066341062834e+00 -1.584206622849583246e+00 -6.469025126490437483e-01 8.237271096374542134e-01 1.615251806565828341e+00 1.075115271638885206e+00 -3.513780041983024516e-01 -1.488184889334315031e+00 -1.398088257072122920e+00 -1.553664284862643630e-01 1.215444066340943374e+00 1.584206622849451351e+00 6.469025126490099975e-01
3.939769503471055589e+00 7.663988965303060397e+00 5.069789871603732401e+00 -1.704093527802117869e+00 -7.073071959941907849e+00 -6.610801245112400970e+00 -6.983909954857396851e-01 5.789793390151541708e+00 7.504701332588712859e+00 3.032512142159129453e+00 -3.939769503470619050e+00 -7.663988965302388046e+00 -5.069789871603382458e+00 1.704093527801854302e+00 7.073071959941255038e+00 6.610801245111886715e+00 6.983909954857907554e-01 -5.789793390150973273e+00 -7.504701332588087581e+00 -3.032512142158972246e+00
3.435114701560126438e+00 7.342219513364955041e+00 5.196181996539754877e+00 -1.233741221777415076e+00 -6.646531787151778836e+00 -6.579725504984456741e+00 -1.088399444773303859e+00 5.300235220502227840e+00 7.319199637357946209e+00 3.303999990344641979e+00 -3.435114701559733863e+00 -7.342219513364304007e+00 -5.196181996539386283e+00 1.233741221777195252e+00 6.646531787151158888e+00 6.579725504983938045e+00 1.088399444773316072e+00 -5.300235220501698485e+00 -7.319199637357331589e+00 -3.303999990344455462e+00
6.563254246204913045e+00 1.311955028868755591e+01 8.859702106595108262e+00 -2.704345812765077461e+00 -1.203885127827935975e+01 -1.144817265906486980e+01 -1.419282831113235499e+00 9.779705625144153203e+00 1.291601630755607566e+01 5.403982182757002484e+00 -6.563254246204179410e+00 -1.311955028868640305e+01 -8.859702106594490090e+00 2.704345812764643586e+00 1.203885127827824775e+01 1.144817265906397452e+01 1.419282831113302779e+00 -9.779705625143186865e+00 -1.291601630755499741e+01 -5.403982182756714714e+00
6.755605127060269055e+00 1.319488844168830610e+01 8.755916536277341677e+00 -2.901691221032915546e+00 -1.216705914913654141e+01 -1.140154464223237163e+01 -1.236260438980481879e+00 9.948233334181500354e+00 1.293111011937290122e+01 5.253198313693276056e+00 -6.755605127059520321e+00 -1.319488844168714792e+01 -8.755916536276737716e+00 2.901691221032464796e+00 1.216705914913541875e+01 1.140154464223148345e+01 1.236260438980566700e+00 -9.948233334180519805e+00 -1.293111011937182475e+01 -5.253198313693003385e+00
-4.474230622207633346e-01 -1.732624287312486189e+00 -1.589398945471303559e+00 -1.358262330020129638e-01 1.429725632205227859e+00 1.816569515871530927e+00 7.057799101815098730e-01 -9.868754707335103404e-01 -1.865921605274187600e+00 -1.206646932294621832e+00 4.474230622206981645e-01 1.732624287312325873e+00 1.589398945471181213e+00 1.358262330020301167e-01 -1.429725632205087527e+00 -1.816569515871380380e+00 -7.057799101814740128e-01 9.868754707334035370e-01 1.865921605274024841e+00 1.206646932294539010e+00
-5.510273777681667928e-02 -3.694193117930721360e-01 -3.791757089911867995e-01 -7.632846775205552603e-02 2.894462136417010889e-01 4.165928991730287745e-01 2.002881110456437297e-01 -1.811401034087301576e-01 -4.132310738104087999e-01 -3.046421585407512178e-01 5.510273777680585461e-02 3.694193117930372194e-01 3.791757089911568235e-01 7.632846775205533174e-02 -2.894462136416718345e-01 -4.165928991729935249e-01 -2.002881110456317670e-01 1.811401034087093687e-01 4.132310738103721626e-01 3.046421585407292909e-01
2.366676231733261249e-01 -1.723715717342874099e-01 -4.393025587330972592e-01 -3.440595589010372879e-01 3.483628946852593278e-02 3.850120732894133924e-01 4.177725477996037107e-01 1.061090115291085101e-01 -2.930339235753129934e-01 -4.505910489270418817e-01 -2.366676231733113589e-01 1.723715717342663156e-01 4.393025587330577908e-01 3.440595589010120858e-01 -3.483628946851652364e-02 -3.850120732893766440e-01 -4.177725477995700709e-01 -1.061090115291053737e-01 2.930339235752830174e-01 4.505910489270035790e-01
-5.758556662389989533e+00 -1.273514848016367473e+01 -9.212508262400234571e+00 1.905195493640696514e+00 1.145219989019222062e+01 1.155767290988018026e+01 2.134659484303499610e+00 -9.048230182800299559e+00 -1.277149200589867206e+01 -5.965559118876663902e+00 5.758556662389324288e+00 1.273514848016254142e+01 9.212508262399575543e+00 -1.905195493640334359e+00 -1.145219989019114770e+01 -1.155767290987926543e+01 -2.134659484303499610e+00 9.048230182799391841e+00 1.277149200589759381e+01 5.965559118876319289e+00
-5.550624196362312190e+00 -1.358737109503184648e+01 -1.042228849780718214e+01 1.335236146734624540e+00 1.199195272856387184e+01 1.276214977334196021e+01 3.010854120072504081e+00 -9.222678476176472628e+00 -1.385276290993586912e+01 -7.062221007752515156e+00 5.550624196361646945e+00 1.358737109503062790e+01 1.042228849780642186e+01 -1.335236146734294582e+00 -1.199195272856273675e+01 -1.276214977334093703e+01 -3.010854120072440132e+00 9.222678476175534712e+00 1.385276290993469139e+01 7.062221007752084390e+00
-8.224857475451757827e-01 -1.717215494886463079e+00 -1.196222138259593004e+00 3.109720322169297613e-01 1.561791687084632230e+00 1.525024209425719146e+00 2.309817922942346002e-01 -1.253488827308426812e+00 -1.704546285504779490e+00 -7.503255096308307781e-01 8.224857475450825239e-01 1.717215494886311422e+00 1.196222138259508849e+00 -3.109720322168764706e-01 -1.561791687084486790e+00 -1.525024209425599020e+00 -2.309817922942395407e-01 1.253488827308302245e+00 1.704546285504636716e+00 7.503255096307891447e-01
2.924302589295517230e+00 5.718754132205497775e+00 3.798496091498551941e+00 -1.253354165258528941e+00 -5.271902279975090089e+00 -4.944138658134296982e+00 -5.402812971058383873e-01 4.308999901077699590e+00 5.605814485072185605e+00 2.281030261748241195e+00 -2.924302589295193044e+00 -5.718754132204995067e+00 -3.798496091498290372e+00 1.253354165258333763e+00 5.271902279974603367e+00 4.944138658133911512e+00 5.402812971058746916e-01 -4.308999901077275041e+00 -5.605814485071718423e+00 -2.281030261748122179e+00
-2.955564079403349420e-01 -1.079107076735261961e+00 -9.730100427585200995e-01 -6.473483019660272730e-02 8.969096857600626915e-01 1.119115402052677011e+00 4.186893721197950113e-01 -6.269165256054399782e-01 -1.155673948458410427e+00 -7.316596811194925332e-01 2.955564079402930311e-01 1.079107076735162263e+00 9.730100427584456035e-01 6.473483019661502302e-02 -8.969096857599748729e-01 -1.119115402052584640e+00 -4.186893721197744167e-01 6.269165256053724766e-01 1.155673948458309841e+00 7.316596811194427952e-01
-8.823829792071666844e-01 -1.930735927686458409e+00 -1.387333229523487921e+00 2.998279030280461832e-01 1.739802068774788157e+00 1.745432092839456661e+00 3.120764173232674632e-01 -1.378564261457654094e+00 -1.932675901767798132e+00 -8.934325235826908740e-01 8.823829792070652100e-01 1.930735927686286990e+00 1.387333229523389111e+00 -2.998279030279903390e-01 -1.739802068774625399e+00 -1.745432092839318328e+00 -3.120764173232684624e-01 1.378564261457516205e+00 1.932675901767635596e+00 8.934325235826394707e-01
-8.028196759022208084e-01 -1.459280208413520796e+00 -9.126670950332897991e-01 3.863756909871409184e-01 1.366878961046381624e+00 1.220486898956697042e+00 6.788943859947349502e-02 -1.140678077366305665e+00 -1.408836941577956692e+00 -5.155090769224137670e-01 8.028196759021336559e-01 1.459280208413393565e+00 9.126670950332284038e-01 -3.863756909870856848e-01 -1.366878961046256613e+00 -1.220486898956603339e+00 -6.788943859948878834e-02 1.140678077366194643e+00 1.408836941577840340e+00 5.155090769223895641e-01
7.570746305498718409e-02 -3.449404620053435622e-01 -4.812092960263695263e-01 -2.207549929353446183e-01 2.216962375917136130e-01 4.813745508256139782e-01 3.441934860167054078e-01 -7.675084079409852378e-02 -4.344195106563357722e-01 -4.339399225497135859e-01 -7.570746305498773920e-02 3.449404620053085901e-01 4.812092960263291141e-01 2.207549929353322671e-01 -2.216962375916882999e-01 -4.813745508255712346e-01 -3.441934860166806498e-01 7.675084079408533988e-02 4.344195106562953046e-01 4.339399225496795021e-01
3.801127901258625763e-01 -3.196848510893690598e-01 -7.559248718291466940e-01 -5.689581319151312266e-01 8.707447360595871322e-02 6.713203147885462574e-01 7.021098875881339740e-01 1.540593600375220751e-01 -5.210022479727788314e-01 -7.665342355767665872e-01 -3.801127901258396502e-01 3.196848510893310347e-01 7.559248718290790814e-01 5.689581319150902594e-01 -8.707447360594028352e-02 -6.713203147884827526e-01 -7.021098875880779078e-01 -1.540593600375191885e-01 5.210022479727260958e-01 7.665342355767017501e-01
5.492416471004470946e-01 2.329962286664273297e-01 -2.753381530006580036e-01 -5.566756401208917682e-01 -3.790733101464071053e-01 1.110482376373874980e-01 5.096183428990522790e-01 4.880440548701935333e-01 6.411185294438942472e-02 -4.126760515544741770e-01 -5.492416471004013534e-01 -2.329962286664147564e-01 2.753381530006268063e-01 5.566756401208426963e-01 3.790733101463803489e-01 -1.110482376373698732e-01 -5.096183428990047615e-01 -4.880440548701552306e-01 -6.411185294439147864e-02 4.126760515544330432e-01
