-1.794098300556197456e+00 1.050657780872534808e+00 9.409830056090805195e-02 -1.202912029464685340e+00 1.852254248589669805e+00 -1.794098300559776815e+00 1.050657780873832658e+00 9.409830056238538409e-02 -1.202912029468373278e+00 1.852254248594161101e+00 -1.794098300563355286e+00 1.050657780875135838e+00 9.409830056386439545e-02 -1.202912029472057664e+00 1.852254248598652842e+00 -1.794098300566935977e+00 1.050657780876432579e+00 9.409830056534342069e-02 -1.202912029475748268e+00 1.852254248603144804e+00
-1.859549150273816176e+00 1.264715428338853531e+00 -1.868033988738833640e-01 -9.624611797479366571e-01 1.744098300559083103e+00 -1.859549150277723273e+00 1.264715428340753345e+00 -1.868033988730515571e-01 -9.624611797511811728e-01 1.744098300563503345e+00 -1.859549150281629704e+00 1.264715428342657599e+00 -1.868033988722182515e-01 -9.624611797544224689e-01 1.744098300567924031e+00 -1.859549150285537467e+00 1.264715428344556303e+00 -1.868033988713848625e-01 -9.624611797576699823e-01 1.744098300572344939e+00
-1.527786404494858363e+00 9.551662780600714830e-01 -1.770509831324361752e-02 -9.265188272159332605e-01 1.516844051965859252e+00 -1.527786404497974315e+00 9.551662780613673354e-01 -1.770509831222625424e-02 -9.265188272188747964e-01 1.516844051969602925e+00 -1.527786404501089601e+00 9.551662780626675175e-01 -1.770509831120752747e-02 -9.265188272218136678e-01 1.516844051973346819e+00 -1.527786404504206219e+00 9.551662780639627037e-01 -1.770509831018875907e-02 -9.265188272247575352e-01 1.516844051977091157e+00
2.934549150270250095e+00 -1.863651116525569806e+00 8.090169943824142285e-02 1.732749417088495836e+00 -2.884549150275056206e+00 2.934549150276267948e+00 -1.863651116528150409e+00 8.090169943640262984e-02 1.732749417094050504e+00 -2.884549150282208263e+00 2.934549150282283581e+00 -1.863651116530739005e+00 8.090169943456128332e-02 1.732749417099600286e+00 -2.884549150289361652e+00 2.934549150288303210e+00 -1.863651116533318275e+00 8.090169943271982578e-02 1.732749417105159617e+00 -2.884549150296515041e+00
3.267705098299252153e+00 -2.129101966242650246e+00 1.772542485938682355e-01 1.842298567369260454e+00 -3.158155948023779303e+00 3.267705098306013412e+00 -2.129101966245693589e+00 1.772542485920351185e-01 1.842298567375268759e+00 -3.158155948031671212e+00 3.267705098312773337e+00 -2.129101966248746258e+00 1.772542485901992260e-01 1.842298567381271512e+00 -3.158155948039564453e+00 3.267705098319535928e+00 -2.129101966251788269e+00 1.772542485883631946e-01 1.842298567387284924e+00 -3.158155948047458139e+00
5.458155948010138481e+00 -3.510129290644766087e+00 2.213525491567545633e-01 3.151973342615733475e+00 -5.321352549144625854e+00 5.458155948021379267e+00 -3.510129290649704359e+00 2.213525491535088263e-01 3.151973342625921326e+00 -5.321352549157869483e+00 5.458155948032619165e+00 -3.510129290654656842e+00 2.213525491502583709e-01 3.151973342636099851e+00 -5.321352549171114887e+00 5.458155948043862615e+00 -3.510129290659592449e+00 2.213525491470077489e-01 3.151973342646296139e+00 -5.321352549184362069e+00
5.177254248573712303e+00 -3.248325891770647456e+00 7.864745084471314041e-02 3.121071643178239707e+00 -5.128647450832439780e+00 5.177254248584284291e+00 -3.248325891775075469e+00 7.864745084131145869e-02 3.121071643188169986e+00 -5.128647450845110534e+00 5.177254248594854502e+00 -3.248325891779517693e+00 7.864745083790515567e-02 3.121071643198091383e+00 -5.128647450857783952e+00 5.177254248605429154e+00 -3.248325891783943042e+00 7.864745083449872776e-02 3.121071643208029656e+00 -5.128647450870456481e+00
-1.582294901680540100e+00 1.227912029464062416e+00 -4.045084971864555401e-01 -5.734035322791085632e-01 1.332294901683990451e+00 -1.582294901684035082e+00 1.227912029466157628e+00 -4.045084971863518453e-01 -5.734035322813706426e-01 1.332294901687548494e+00 -1.582294901687529176e+00 1.227912029468256172e+00 -4.045084971862470402e-01 -5.734035322836297244e-01 1.332294901691107425e+00 -1.582294901691024158e+00 1.227912029470350719e+00 -4.045084971861420131e-01 -5.734035322858943573e-01 1.332294901694666800e+00
-9.881966011215909118e-01 5.525831390299877910e-01 9.409830056153403732e-02 -7.048373876227036483e-01 1.046352549154002443e+00 -9.881966011235332470e-01 5.525831390306201740e-01 9.409830056245170604e-02 -7.048373876248206216e-01 1.046352549156511325e+00 -9.881966011254749160e-01 5.525831390312556657e-01 9.409830056337037396e-02 -7.048373876269360405e-01 1.046352549159020207e+00 -9.881966011274179174e-01 5.525831390318874936e-01 9.409830056428902800e-02 -7.048373876290545681e-01 1.046352549161529311e+00
-7.654508497153733604e-01 4.826237921231030792e-01 -1.545084971875943999e-02 -4.576237921235085659e-01 7.559016994354875729e-01 -7.654508497169391079e-01 4.826237921237652717e-01 -1.545084971826590770e-02 -4.576237921249689533e-01 7.559016994373577436e-01 -7.654508497185044114e-01 4.826237921244294071e-01 -1.545084971777169885e-02 -4.576237921264280084e-01 7.559016994392282474e-01 -7.654508497200704920e-01 4.826237921250912111e-01 -1.545084971727746573e-02 -4.576237921278896170e-01 7.559016994410987511e-01
-6.332294901663268583e+00 3.926770077143490578e+00 -2.135254915750137150e-02 -3.892220926863717345e+00 6.319098300548854574e+00 -6.332294901676147170e+00 3.926770077148760585e+00 -2.135254915315665247e-02 -3.892220926876015508e+00 6.319098300564414572e+00 -6.332294901689023092e+00 3.926770077154047911e+00 -2.135254914880627131e-02 -3.892220926888302124e+00 6.319098300579975458e+00 -6.332294901701905232e+00 3.926770077159314365e+00 -2.135254914445572361e-02 -3.892220926900609612e+00 6.319098300595538120e+00
-6.376393202226320334e+00 4.015827724612673677e+00 -1.213525491577043813e-01 -3.819475175457605065e+00 6.301393202236865498e+00 -6.376393202239357905e+00 4.015827724618174166e+00 -1.213525491535750317e-01 -3.819475175469785544e+00 6.301393202252451253e+00 -6.376393202252391923e+00 4.015827724623693307e+00 -1.213525491494400477e-01 -3.819475175481954921e+00 6.301393202268037896e+00 -6.376393202265433047e+00 4.015827724629191131e+00 -1.213525491453048832e-01 -3.819475175494145169e+00 6.301393202283626316e+00
-1.905901699430377016e+00 1.412461179745893247e+00 -3.795084971873480817e-01 -7.984035322784226452e-01 1.671352549152605560e+00 -1.905901699434511931e+00 1.412461179748206952e+00 -3.795084971869581159e-01 -7.984035322813662905e-01 1.671352549156980505e+00 -1.905901699438645958e+00 1.412461179750524876e+00 -3.795084971865668177e-01 -7.984035322843063831e-01 1.671352549161356338e+00 -1.905901699442781538e+00 1.412461179752837692e+00 -3.795084971861753531e-01 -7.984035322872530260e-01 1.671352549165732393e+00
1.723606797743088670e+00 -1.060206931153236498e+00 -8.155948029874654504e-03 1.073403532277009020e+00 -1.728647450839125632e+00 1.723606797746584318e+00 -1.060206931154643817e+00 -8.155948031091611594e-03 1.073403532280384765e+00 -1.728647450843372457e+00 1.723606797750079300e+00 -1.060206931156055798e+00 -8.155948032310129936e-03 1.073403532283757400e+00 -1.728647450847619726e+00 1.723606797753576059e+00 -1.060206931157462007e+00 -8.155948033528689911e-03 1.073403532287135587e+00 -1.728647450851867218e+00
-1.389589803369351007e+00 9.306984339653763261e-01 -1.163118960622108178e-01 -7.425018328415441404e-01 1.317705098309449818e+00 -1.389589803372254684e+00 9.306984339667503381e-01 -1.163118960615319858e-01 -7.425018328440160520e-01 1.317705098312772272e+00 -1.389589803375157473e+00 9.306984339681281249e-01 -1.163118960608520019e-01 -7.425018328464856321e-01 1.317705098316094947e+00 -1.389589803378061816e+00 9.306984339695014707e-01 -1.163118960601719348e-01 -7.425018328489596531e-01 1.317705098319417845e+00
-1.635942352524957677e+00 1.067501832840807463e+00 -9.131189606341799658e-02 -9.197560814339066360e-01 1.579508497183501614e+00 -1.635942352528344301e+00 1.067501832842336240e+00 -9.131189606250657287e-02 -9.197560814369094562e-01 1.579508497187450677e+00 -1.635942352531730259e+00 1.067501832843869458e+00 -9.131189606159377525e-02 -9.197560814399095008e-01 1.579508497191400185e+00 -1.635942352535117772e+00 1.067501832845397347e+00 -9.131189606068090825e-02 -9.197560814429148746e-01 1.579508497195349914e+00
-1.710942352525264276e+00 9.793052317166220933e-01 1.263932022481555062e-01 -1.183813728902029849e+00 1.789057647464644463e+00 -1.710942352528652455e+00 9.793052317177883825e-01 1.263932022496545016e-01 -1.183813728905620977e+00 1.789057647468957679e+00 -1.710942352532039523e+00 9.793052317189596678e-01 1.263932022511551900e-01 -1.183813728909209440e+00 1.789057647473271340e+00 -1.710942352535429034e+00 9.793052317201248469e-01 1.263932022526558785e-01 -1.183813728912803231e+00 1.789057647477585222e+00
-1.097745751401474124e+00 8.180339887470082783e-01 -2.258610463433158300e-01 -4.525831390295142476e-01 9.581559480286497843e-01 -1.097745751403860659e+00 8.180339887483550898e-01 -2.258610463431091064e-01 -4.525831390311949032e-01 9.581559480311634402e-01 -1.097745751406246750e+00 8.180339887497043438e-01 -2.258610463429016335e-01 -4.525831390328735049e-01 9.581559480336778734e-01 -1.097745751408633730e+00 8.180339887510507113e-01 -2.258610463426940496e-01 -4.525831390345559369e-01 9.581559480361921954e-01
-1.194098300557704606e+00 7.084848384663614551e-01 4.774575140582057453e-02 -7.857390870600463595e-01 1.223606797747052388e+00 -1.194098300560097137e+00 7.084848384672542965e-01 4.774575140676722007e-02 -7.857390870624705315e-01 1.223606797750029562e+00 -1.194098300562489445e+00 7.084848384681505795e-01 4.774575140771498971e-02 -7.857390870648927050e-01 1.223606797753006736e+00 -1.194098300564882864e+00 7.084848384690427547e-01 4.774575140866276629e-02 -7.857390870673186534e-01 1.223606797755984132e+00
-1.013196601121372886e+00 6.871322893110789476e-01 -9.860679775096134470e-02 -5.275831390287979428e-01 9.522542485913070287e-01 -1.013196601123499629e+00 6.871322893121077913e-01 -9.860679775050032458e-02 -5.275831390305723012e-01 9.522542485937181000e-01 -1.013196601125625707e+00 6.871322893131391885e-01 -9.860679775003847181e-02 -5.275831390323448833e-01 9.522542485961293934e-01 -1.013196601127752894e+00 6.871322893141674770e-01 -9.860679774957657739e-02 -5.275831390341207960e-01 9.522542485985409089e-01
