2.547496276602677412e+00 -2.263716817662364544e+00 1.758348984366361778e+00 -1.080861701343213577e+00 2.975721441874357720e-01 5.148458477466656413e-01 -1.276867140959114355e+00 1.913899781955501922e+00 -2.363586577367692954e+00 2.581909050508847336e+00 -2.547496276566256768e+00 2.263716817621960420e+00 -1.758348984325932562e+00 1.080861701306701672e+00 -2.975721441584338600e-01 -5.148458477653361509e-01 1.276867140965616265e+00 -1.913899781949192525e+00 2.363586577349201967e+00 -2.581909050479977541e+00
-3.223468678320021485e+00 2.881651257978663061e+00 -2.257757734860888821e+00 1.412859153932245482e+00 -4.296600750495389587e-01 -5.955971255945756715e-01 1.562553129813482711e+00 -2.376555546735293678e+00 2.957924148303341827e+00 -3.249750525163204617e+00 3.223468678274485466e+00 -2.881651257927847265e+00 2.257757734809771044e+00 -1.412859153885811070e+00 4.296600750123566459e-01 5.955971256188882235e-01 -1.562553129822533693e+00 2.376555546728188695e+00 -2.957924148280791865e+00 3.249750525127408807e+00
-2.335704549233672989e+00 2.111442712304888225e+00 -1.680498151408808649e+00 1.085054722733971300e+00 -3.833985777780756776e-01 -3.557872912641636409e-01 1.060146221319644200e+00 -1.660730652757057335e+00 2.098751196909475425e+00 -2.331331351046861844e+00 2.335704549201421454e+00 -2.111442712268486233e+00 1.680498151371822235e+00 -1.085054722700007801e+00 3.833985777504761439e-01 3.557872912827133027e-01 -1.060146221327319616e+00 1.660730652753101388e+00 -2.098751196894286686e+00 2.331331351021919573e+00
2.959435255852900237e-01 -2.452669434984911800e-01 1.705819241067862702e-01 -7.919915746945883905e-02 -1.993617451377065891e-02 1.171200148318428669e-01 -2.028393320747505779e-01 2.687033222291445589e-01 -3.082647590373251423e-01 3.176510934238147010e-01 -2.959435255804964138e-01 2.452669434934806048e-01 -1.705819241020494481e-01 7.919915746545738711e-02 1.993617451664252832e-02 -1.171200148333061963e-01 2.028393320746609552e-01 -2.687033222275101441e-01 3.082647590343071120e-01 -3.176510934197079861e-01
2.638433327174203313e+00 -2.420270402766394380e+00 1.965194548319709300e+00 -1.317751759168112713e+00 5.413182465137119648e-01 2.881032676938000692e-01 -1.089323226723751814e+00 1.783912638558280195e+00 -2.303880252077937119e+00 2.598328014444204026e+00 -2.638433327138889783e+00 2.420270402725904102e+00 -1.965194548278008657e+00 1.317751759129270228e+00 -5.413182464815476935e-01 -2.881032677161549649e-01 1.089323226734099759e+00 -1.783912638555601449e+00 2.303880252062507239e+00 -2.598328014417524034e+00
2.372810981118378404e+00 -2.250297010613794946e+00 1.907508289968338655e+00 -1.377999367508950357e+00 7.136022658722670498e-01 2.064719750604898652e-02 -7.528755693331629084e-01 1.411407234839246350e+00 -1.931780526344507587e+00 2.263057680422582596e+00 -2.372810981088960602e+00 2.250297010578699464e+00 -1.907508289931003409e+00 1.377999367473018877e+00 -7.136022658412717323e-01 -2.064719752908927841e-02 7.528755693459846521e-01 -1.411407234840587943e+00 1.931780526334250236e+00 -2.263057680401721949e+00
-5.112138363220455339e+00 4.473934429991465400e+00 -3.397790623020195966e+00 1.989047396069390405e+00 -3.856023514856997680e-01 -1.255588137907211355e+00 2.773872912160133986e+00 -4.020631679056736907e+00 4.873823003814108823e+00 -5.249930575032043301e+00 5.112138363145185771e+00 -4.473934429909155241e+00 3.397790622938909877e+00 -1.989047395997052714e+00 3.856023514294307231e-01 1.255588137941939131e+00 -2.773872912169902172e+00 4.020631679040577389e+00 -4.873823003773625651e+00 5.249930574971187980e+00
7.280071145353097517e-01 -7.708764473168918663e-01 7.382870224225857037e-01 -6.334289198251219499e-01 4.665663811963293162e-01 -2.540330744170971045e-01 1.663324036181695886e-02 2.223947711501040869e-01 -4.396532329456720456e-01 6.138753730555718269e-01 -7.280071145288400380e-01 7.708764473075637724e-01 -7.382870224113131652e-01 6.334289198130067522e-01 -4.665663811845603970e-01 2.540330744068223234e-01 -1.663324035404428747e-02 -2.223947711546112593e-01 4.396532329464772904e-01 -6.138753730525922103e-01
-2.523236515870649121e+00 2.225521789036728038e+00 -1.709957483369459519e+00 1.027010625256083998e+00 -2.435328115400362536e-01 -5.637836905606107285e-01 1.315913116914964709e+00 -1.939231798877392388e+00 2.372724960940790773e+00 -2.573959272078190086e+00 2.523236515834046845e+00 -2.225521788996411399e+00 1.709957483329377359e+00 -1.027010625220145412e+00 2.435328115117776915e-01 5.637836905784404662e-01 -1.315913116920610859e+00 1.939231798870296286e+00 -2.372724960921658521e+00 2.573959272048887748e+00
-2.466921229280860661e+00 2.241550338215350102e+00 -1.796760882245234781e+00 1.176091952351991710e+00 -4.402989478490202391e-01 -3.385935854109724530e-01 1.084342219408619634e+00 -1.723947881911705782e+00 2.194801514279677956e+00 -2.450812682346382942e+00 2.466921229247162284e+00 -2.241550338177109580e+00 1.796760882206196452e+00 -1.176091952315964084e+00 4.402989478195475925e-01 3.385935854310219706e-01 -1.084342219417274489e+00 1.723947881908112434e+00 -2.194801514264200115e+00 2.450812682320528069e+00
3.259723467096704574e+00 -2.991031456286487256e+00 2.429556446792598301e+00 -1.630259524571715302e+00 6.713814414009109388e-01 3.532161350417424295e-01 -1.343238455182281577e+00 2.201775236433866301e+00 -2.844786916869995075e+00 3.209331033083981488e+00 -3.259723467053101231e+00 2.991031456236477037e+00 -2.429556446741079512e+00 1.630259524523714809e+00 -6.713814413611490783e-01 -3.532161350693949764e-01 1.343238455195106207e+00 -2.201775236430599580e+00 2.844786916850972958e+00 -3.209331033051055382e+00
3.522432790060882279e+00 -3.137308571300079230e+00 2.445082730665700588e+00 -1.513515156461163302e+00 4.337941734635887836e-01 6.883896056518827855e-01 -1.743189013870627857e+00 2.627352935896250408e+00 -3.254333246708581040e+00 3.562756745056939955e+00 -3.522432790010754378e+00 3.137308571244342925e+00 -2.445082730609815513e+00 1.513515156410579765e+00 -4.337941734232838020e-01 -6.883896056779876815e-01 1.743189013879964611e+00 -2.627352935887896201e+00 3.254333246683370096e+00 -3.562756745017330307e+00
1.956228180954215246e+00 -1.743562000796315958e+00 1.360223823889365802e+00 -8.437374618637533130e-01 2.446601984072052927e-01 3.783661099159215113e-01 -9.643553071670518673e-01 1.455946687892251123e+00 -1.805019862627572635e+00 1.977405116894282111e+00 -1.956228180926414817e+00 1.743562000765383813e+00 -1.360223823858332182e+00 8.437374618356445755e-01 -2.446601983847872253e-01 -3.783661099304677089e-01 9.643553071722951175e-01 -1.455946687887673452e+00 1.805019862613631121e+00 -1.977405116872336333e+00
-2.258804518097989877e+00 1.972124089115413037e+00 -1.492398413693473813e+00 8.665863833885009138e-01 -1.559468400162107582e-01 -5.699578666007166783e-01 1.240071126102729959e+00 -1.788797583695978188e+00 2.162424070509219920e+00 -2.324377422804616788e+00 2.258804518064582822e+00 -1.972124089078960640e+00 1.492398413657546552e+00 -8.665863833566022079e-01 1.559468399914799297e-01 5.699578666158744422e-01 -1.240071126106822241e+00 1.788797583688599424e+00 -2.162424070491101968e+00 2.324377422777528235e+00
-3.598203609267563996e-02 7.021575905075795598e-02 -9.757627429087348259e-02 1.153853439494041122e-01 -1.218996922051034243e-01 1.164816492625947580e-01 -9.966157091484816044e-02 7.308592362295378286e-02 -3.935611690730192458e-02 1.773859258636822922e-03 3.598203609337614212e-02 -7.021575905087157343e-02 9.757627429038917555e-02 -1.153853439483698007e-01 1.218996922036199304e-01 -1.164816492608073545e-01 9.966157091293173509e-02 -7.308592362109631035e-02 3.935611690568456555e-02 -1.773859257418696628e-03
-2.208809081669785623e+00 1.980366972174607332e+00 -1.558072745414541993e+00 9.832635026024360014e-01 -3.122055773568792048e-01 -3.894132050630341180e-01 1.052913509768113931e+00 -1.613347304055158693e+00 2.015855423367475030e+00 -2.221037568547994390e+00 2.208809081638766880e+00 -1.980366972139890436e+00 1.558072745379527779e+00 -9.832635025705396270e-01 3.122055773312385485e-01 3.894132050799239408e-01 -1.052913509774591638e+00 1.613347304050584574e+00 -2.015855423352307607e+00 2.221037568523712036e+00
-2.803499928200319791e-01 1.931401147293178577e-01 -8.702433652271163167e-02 -2.760999007672415573e-02 1.395416584770426960e-01 -2.378140171013808091e-01 3.128074827837895588e-01 -3.571811725930975623e-01 3.665914806011460469e-01 -3.401172602947174495e-01 2.803499928142454967e-01 -1.931401147238697436e-01 8.702433651813540338e-02 2.760999007998313215e-02 -1.395416584786623726e-01 2.378140171012050330e-01 -3.128074827818342341e-01 3.571811725895537304e-01 -3.665914805963612633e-01 3.401172602891603391e-01
-2.183518350767784444e+00 1.949912236744937521e+00 -1.525435127151706372e+00 9.516377989816801053e-01 -2.846875325978492355e-01 -4.101299330098291396e-01 1.064801023229317467e+00 -1.615241970388027415e+00 2.007571779430455283e+00 -2.203386475125211241e+00 2.183518350736873614e+00 -1.949912236710479085e+00 1.525435127117075407e+00 -9.516377989502542434e-01 2.846875325727206696e-01 4.101299330262155873e-01 -1.064801023235349975e+00 1.615241970383109571e+00 -2.007571779415079138e+00 2.203386475100875597e+00
4.919053698974753530e+00 -4.467134041304590575e+00 3.577940179317459890e+00 -2.338512603604102846e+00 8.701751208765029499e-01 6.833411655458681011e-01 -2.169967257562575469e+00 3.444181835353454790e+00 -4.381255898069221999e+00 4.889462107472720476e+00 -4.919053698907479344e+00 4.467134041228292496e+00 -3.577940179239611496e+00 2.338512603532298506e+00 -8.701751208178051256e-01 -6.833411655857463129e-01 2.169967257579712872e+00 -3.444181835346161069e+00 4.381255898038234342e+00 -4.889462107421057802e+00
-2.332614169817267769e+00 2.094309948647149699e+00 -1.651000077787582176e+00 1.046078816120511457e+00 -3.387600714728597473e-01 -4.017188692491839297e-01 1.102874768107148018e+00 -1.696073600480179522e+00 2.123248931596282141e+00 -2.342585863740467733e+00 2.332614169784603675e+00 -2.094309948610539429e+00 1.651000077750612194e+00 -1.046078816086787322e+00 3.387600714456993622e-01 4.017188692671376793e-01 -1.102874768114128878e+00 1.696073600475498822e+00 -2.123248931580408616e+00 2.342585863714949035e+00
