-5.105715878530744156e+00 -2.357896628500959046e+00 6.207299719583270203e-01 3.538595197882309584e+00 6.110078070995093036e+00 8.083463931101707800e+00 9.265584020827144940e+00 9.540724189474108385e+00 8.881951800321150614e+00 7.353752084755702079e+00 5.105715878530812546e+00 2.357896628501023439e+00 -6.207299719582719533e-01 -3.538595197882266064e+00 -6.110078070995067279e+00 -8.083463931101704247e+00 -9.265584020827159151e+00 -9.540724189474143913e+00 -8.881951800321203905e+00 -7.353752084755766916e+00
-3.513895773475886664e+00 -8.158145581128817270e+00 -1.200381925815826811e+01 -1.467447547067254021e+01 -1.590869178103475789e+01 -1.558565449749599097e+01 -1.373698476010210356e+01 -1.054364324318866153e+01 -6.318216463749775080e+00 -1.474318635236431252e+00 3.513895773475800066e+00 8.158145581128758650e+00 1.200381925815824324e+01 1.467447547067255087e+01 1.590869178103480941e+01 1.558565449749606557e+01 1.373698476010219949e+01 1.054364324318876811e+01 6.318216463749883438e+00 1.474318635236537167e+00
-3.353899164001055588e+00 -8.119665633120602521e+00 -1.209062265703327732e+01 -1.487806529495404462e+01 -1.620913924022836738e+01 -1.595354970095529978e+01 -1.413631556203590556e+01 -1.093532036240237382e+01 -6.663899814839806979e+00 -1.740170323280557652e+00 3.353899164000966326e+00 8.119665633120542125e+00 1.209062265703324890e+01 1.487806529495405350e+01 1.620913924022842068e+01 1.595354970095537261e+01 1.413631556203599970e+01 1.093532036240248395e+01 6.663899814839917113e+00 1.740170323280666453e+00
5.668391827880912892e+00 1.198545864724608379e+01 1.712930526661806496e+01 2.059641613960592821e+01 2.204740629717972311e+01 2.134024271307324483e+01 1.854414748599723595e+01 1.393282189831888296e+01 7.957654627554729743e+00 1.203536677605535843e+00 -5.668391827880796541e+00 -1.198545864724600740e+01 -1.712930526661803299e+01 -2.059641613960594597e+01 -2.204740629717979417e+01 -2.134024271307335141e+01 -1.854414748599737095e+01 -1.393282189831903395e+01 -7.957654627554879845e+00 -1.203536677605679728e+00
5.791092701549588995e+00 1.230083406281540981e+01 1.760648408106238705e+01 2.118868876586714123e+01 2.269679696399333935e+01 2.198318453740072798e+01 1.911770484243430701e+01 1.438085099660839994e+01 8.236299257953833219e+00 1.285521162259460004e+00 -5.791092701549469979e+00 -1.230083406281533165e+01 -1.760648408106235507e+01 -2.118868876586715899e+01 -2.269679696399341751e+01 -2.198318453740083456e+01 -1.911770484243444557e+01 -1.438085099660855626e+01 -8.236299257953985986e+00 -1.285521162259608330e+00
1.368442928634917566e+00 5.503643306957839876e+00 9.100108732258011202e+00 1.180579211065898448e+01 1.335584230147827611e+01 1.359852959220378033e+01 1.251009805991749069e+01 1.019709096654800007e+01 6.885921562062350176e+00 2.900710178045402543e+00 -1.368442928634836075e+00 -5.503643306957780368e+00 -9.100108732257977451e+00 -1.180579211065898093e+01 -1.335584230147830809e+01 -1.359852959220383539e+01 -1.251009805991756352e+01 -1.019709096654809066e+01 -6.885921562062443435e+00 -2.900710178045497578e+00
-1.629392083059198804e+00 -5.541222389647102453e+00 -8.910639240769764768e+00 -1.140782063893166942e+01 -1.278832506999485297e+01 -1.291701914170690557e+01 -1.178130538166431407e+01 -9.492355365683115664e+00 -6.274227469380067035e+00 -2.441934473260814364e+00 1.629392083059122420e+00 5.541222389647048274e+00 8.910639240769736347e+00 1.140782063893166942e+01 1.278832506999488494e+01 1.291701914170695886e+01 1.178130538166438512e+01 9.492355365683200930e+00 6.274227469380156741e+00 2.441934473260904070e+00
-2.864675744780947220e+00 -2.288249747801487821e+00 -1.487833922333745562e+00 -5.417785461994854002e-01 4.573098888298753883e-01 1.411633645675216764e+00 2.227776865851923915e+00 2.825849764564916100e+00 3.147308799469255902e+00 3.160687320491711638e+00 2.864675744780966316e+00 2.288249747801508693e+00 1.487833922333767545e+00 5.417785461995068275e-01 -4.573098888298564035e-01 -1.411633645675204551e+00 -2.227776865851916366e+00 -2.825849764564916100e+00 -3.147308799469263896e+00 -3.160687320491725405e+00
-2.692913011046240257e+00 -6.501187365396099871e+00 -9.673080203985129799e+00 -1.189810455589532445e+01 -1.295845953490548119e+01 -1.275035020774253347e+01 -1.129414776533212006e+01 -8.732395448696394169e+00 -5.315855423365569266e+00 -1.378962431453119475e+00 2.692913011046168759e+00 6.501187365396051909e+00 9.673080203985108483e+00 1.189810455589533333e+01 1.295845953490552027e+01 1.275035020774259209e+01 1.129414776533219822e+01 8.732395448696481211e+00 5.315855423365657195e+00 1.378962431453206516e+00
2.539567905634666500e-01 -1.328550311348575264e+00 -2.781009652231503537e+00 -3.961244391920407004e+00 -4.753724930915569580e+00 -5.080877752523561774e+00 -4.910678859157646237e+00 -4.259788504345900506e+00 -3.191920371037062498e+00 -1.811604832394186460e+00 -2.539567905634998457e-01 1.328550311348549284e+00 2.781009652231487106e+00 3.961244391920400343e+00 4.753724930915575797e+00 5.080877752523576874e+00 4.910678859157669329e+00 4.259788504345930704e+00 3.191920371037097137e+00 1.811604832394222653e+00
-8.883663543246456129e-01 -5.138108837840333010e+00 -8.884897428998893787e+00 -1.176197035508658040e+01 -1.348769967235213763e+01 -1.389315897135844935e+01 -1.293865907091771561e+01 -1.071763307167693746e+01 -7.447490473239869679e+00 -3.448335617564775468e+00 8.883663543245610139e-01 5.138108837840269949e+00 8.884897428998858260e+00 1.176197035508657329e+01 1.348769967235216427e+01 1.389315897135850086e+01 1.293865907091778666e+01 1.071763307167702628e+01 7.447490473239964714e+00 3.448335617564873168e+00
7.744471792652427133e+00 1.749697142886482482e+01 2.553674559305162362e+01 3.107680517362176431e+01 3.357485053896422755e+01 3.278635560381382419e+01 2.878850374619030106e+01 2.197263256058963421e+01 1.300592700762536502e+01 2.766110701532828564e+00 -7.744471792652245945e+00 -1.749697142886470758e+01 -2.553674559305157032e+01 -3.107680517362178918e+01 -3.357485053896434124e+01 -3.278635560381398761e+01 -2.878850374619049646e+01 -2.197263256058986158e+01 -1.300592700762559240e+01 -2.766110701533050609e+00
-1.602796026837636223e+00 -5.332506549742440427e+00 -8.540234177800638093e+00 -1.091198418122532132e+01 -1.221559314472732183e+01 -1.232345474018134368e+01 -1.122501072310841153e+01 -9.027784447209116436e+00 -5.946855729344128427e+00 -2.283807338510686957e+00 1.602796026837563836e+00 5.332506549742388913e+00 8.540234177800609672e+00 1.091198418122532132e+01 1.221559314472735380e+01 1.232345474018139520e+01 1.122501072310847903e+01 9.027784447209198149e+00 5.946855729344212804e+00 2.283807338510772222e+00
-3.811696330999607252e+00 -9.431400705781509686e+00 -1.412789386704883121e+01 -1.744145034178474774e+01 -1.904771613533661068e+01 -1.878945876031971807e+01 -1.669195824798563876e+01 -1.296053256262704600e+01 -7.960439648698310222e+00 -2.181123438310615725e+00 3.811696330999501559e+00 9.431400705781438631e+00 1.412789386704879746e+01 1.744145034178475839e+01 1.904771613533666752e+01 1.878945876031980333e+01 1.669195824798575245e+01 1.296053256262717390e+01 7.960439648698439008e+00 2.181123438310744067e+00
1.022960189948460386e+00 -2.034190399206233568e+00 -4.892220259048720266e+00 -7.271365513832668270e+00 -8.938738849540115439e+00 -9.731126146798882104e+00 -9.570963016066340145e+00 -8.473927340500740257e+00 -6.547404615523436888e+00 -3.979976308328321721e+00 -1.022960189948525667e+00 2.034190399206180722e+00 4.892220259048684738e+00 7.271365513832651395e+00 8.938738849540122544e+00 9.731126146798908749e+00 9.570963016066382778e+00 8.473927340500797101e+00 6.547404615523502613e+00 3.979976308328392776e+00
1.763105987438311928e+00 -2.570056240274057657e+00 -6.651643456553648193e+00 -1.008212146658067709e+01 -1.252569118118796254e+01 -1.374315897135843834e+01 -1.361535060719332435e+01 -1.215477686187034223e+01 -9.504408869997366338e+00 -5.923683116818565964e+00 -1.763105987438405187e+00 2.570056240273982606e+00 6.651643456553594902e+00 1.008212146658065222e+01 1.252569118118797320e+01 1.374315897135847386e+01 1.361535060719338297e+01 1.215477686187042217e+01 9.504408869997458709e+00 5.923683116818667216e+00
-4.790642115868958939e+00 -1.049690859993542880e+01 -1.517566453397749981e+01 -1.836892068836169045e+01 -1.976409890197299646e+01 -1.922462941048493690e+01 -1.680331924642932151e+01 -1.273718311892382005e+01 -7.424242762564928100e+00 -1.384565796865194098e+00 4.790642115868854134e+00 1.049690859993535774e+01 1.517566453397747139e+01 1.836892068836170822e+01 1.976409890197306041e+01 1.922462941048503282e+01 1.680331924642943875e+01 1.273718311892395505e+01 7.424242762565060438e+00 1.384565796865323772e+00
-4.031793797379762623e+00 -9.844729785491017182e+00 -1.469399502993268847e+01 -1.810490966176115535e+01 -1.974358959157337878e+01 -1.944962941048492766e+01 -1.725180398916173630e+01 -1.336525179299306743e+01 -8.170415630141341978e+00 -2.175802258778327225e+00 4.031793797379653377e+00 9.844729785490944352e+00 1.469399502993265294e+01 1.810490966176116245e+01 1.974358959157343918e+01 1.944962941048501648e+01 1.725180398916185354e+01 1.336525179299320065e+01 8.170415630141476981e+00 2.175802258778460008e+00
1.035065109252160109e-01 -1.279821458581000826e+00 -2.537871586680875424e+00 -3.547497161485334338e+00 -4.209868997257502521e+00 -4.460149523696053109e+00 -4.273839539066210946e+00 -3.669176362761540133e+00 -2.705348639414814294e+00 -1.476702541969834748e+00 -1.035065109252445437e-01 1.279821458580979066e+00 2.537871586680861213e+00 3.547497161485329453e+00 4.209868997257508738e+00 4.460149523696067320e+00 4.273839539066232263e+00 3.669176362761567667e+00 2.705348639414844936e+00 1.476702541969866722e+00
-4.104979128772625607e+00 -9.734842482209039360e+00 -1.441179162685097204e+01 -1.767801419420006326e+01 -1.921378956225341028e+01 -1.886878533760978272e+01 -1.667677293756305090e+01 -1.285232180847824957e+01 -7.769795873388045671e+00 -1.926708182859540486e+00 4.104979128772520802e+00 9.734842482208970083e+00 1.441179162685094006e+01 1.767801419420007392e+01 1.921378956225347068e+01 1.886878533760986798e+01 1.667677293756316814e+01 1.285232180847838102e+01 7.769795873388177121e+00 1.926708182859668606e+00
