2.390450849718197102e+00 -1.662790070179589685e+00 2.999999999893437352e-01 1.177379873571483548e+00 -2.205040653098585768e+00 2.390450849718527504e+00 -1.662790070183527202e+00 2.999999999953867902e-01 1.177379873565647106e+00 -2.205040653095183600e+00 2.390450849718857462e+00 -1.662790070187467162e+00 3.000000000014256263e-01 1.177379873559812662e+00 -2.205040653091778324e+00 2.390450849719189197e+00 -1.662790070191403347e+00 3.000000000074727335e-01 1.177379873553977996e+00 -2.205040653088377933e+00
2.030901699436848062e+00 -1.428773075805623183e+00 2.809016994283581869e-01 9.742645786325953017e-01 -1.857294901691424194e+00 2.030901699437059449e+00 -1.428773075808906556e+00 2.809016994334616046e-01 9.742645786276246112e-01 -1.857294901688482991e+00 2.030901699437270391e+00 -1.428773075812191928e+00 2.809016994385614696e-01 9.742645786226551419e-01 -1.857294901685539124e+00 2.030901699437482222e+00 -1.428773075815474192e+00 2.809016994436682735e-01 9.742645786176857836e-01 -1.857294901682599253e+00
-5.798074641837188459e+00 3.426441186695674546e+00 2.539763413085874277e-01 -3.837383539270952326e+00 5.955040653103074177e+00 -5.798074641840615051e+00 3.426441186707563258e+00 2.539763412927724673e-01 -3.837383539257261944e+00 5.955040653096732584e+00 -5.798074641844040755e+00 3.426441186719458631e+00 2.539763412769676654e-01 -3.837383539243575115e+00 5.955040653090384772e+00 -5.798074641847469124e+00 3.426441186731343791e+00 2.539763412611421023e-01 -3.837383539229887841e+00 5.955040653084045843e+00
5.272542485924722744e-01 -2.868033988719976279e-01 -6.319660112837378885e-02 3.890576474711665012e-01 -5.663118960632455012e-01 5.272542485928911615e-01 -2.868033988731742978e-01 -6.319660112688835207e-02 3.890576474699405374e-01 -5.663118960627467890e-01 5.272542485933099377e-01 -2.868033988743515228e-01 -6.319660112540384511e-02 3.890576474687149622e-01 -5.663118960622477438e-01 5.272542485937289358e-01 -2.868033988755278596e-01 -6.319660112391742302e-02 3.890576474674892760e-01 -5.663118960617493647e-01
-2.505901699432739438e+00 1.254634122144781871e+00 4.758610463561348536e-01 -2.024593469071150675e+00 2.800000000003093348e+00 -2.505901699435199692e+00 1.254634122150792175e+00 4.758610463488679998e-01 -2.024593469065407270e+00 2.800000000001064748e+00 -2.505901699437659058e+00 1.254634122156805587e+00 4.758610463416056424e-01 -2.024593469059665640e+00 2.799999999999035261e+00 -2.505901699440119756e+00 1.254634122162814114e+00 4.758610463343339037e-01 -2.024593469053923123e+00 2.799999999997007549e+00
-2.157294901685094413e+00 1.254634122147695985e+00 1.272542486038234499e-01 -1.460535821601395945e+00 2.235942352534713073e+00 -2.157294901686456878e+00 1.254634122152197495e+00 1.272542485979005766e-01 -1.460535821596317563e+00 2.235942352532417132e+00 -2.157294901687818900e+00 1.254634122156701448e+00 1.272542485919814226e-01 -1.460535821591240513e+00 2.235942352530119415e+00 -2.157294901689182254e+00 1.254634122161201626e+00 1.272542485860545525e-01 -1.460535821586163463e+00 2.235942352527824362e+00
2.674138953652436257e+00 -1.551847717644464053e+00 -1.631966011386153381e-01 1.815905365135063620e+00 -2.775000000004108180e+00 2.674138953654139783e+00 -1.551847717650057357e+00 -1.631966011312669940e-01 1.815905365128771320e+00 -2.775000000001272671e+00 2.674138953655843309e+00 -1.551847717655653103e+00 -1.631966011239233127e-01 1.815905365122480575e+00 -2.774999999998435385e+00 2.674138953657547724e+00 -1.551847717661244630e+00 -1.631966011165700836e-01 1.815905365116189829e+00 -2.774999999995601652e+00
3.326393202247312608e+00 -2.152708763987435603e+00 1.567627457656445289e-01 1.899061313168484366e+00 -3.229508497193157801e+00 3.326393202248469461e+00 -2.152708763993536056e+00 1.567627457743610286e-01 1.899061313160486542e+00 -3.229508497188931404e+00 3.326393202249626313e+00 -2.152708763999639618e+00 1.567627457830716997e-01 1.899061313152491159e+00 -3.229508497184700566e+00 3.326393202250784054e+00 -2.152708764005737851e+00 1.567627457917940559e-01 1.899061313144495333e+00 -3.229508497180475057e+00
1.946352549153895550e+00 -1.177912029460921994e+00 -4.045084972791170713e-02 1.243362879194350956e+00 -1.971352549159085088e+00 1.946352549154925837e+00 -1.177912029464806221e+00 -4.045084972265563378e-02 1.243362879189733761e+00 -1.971352549156869305e+00 1.946352549155956124e+00 -1.177912029468692445e+00 -4.045084971740295354e-02 1.243362879185118119e+00 -1.971352549154651301e+00 1.946352549156987077e+00 -1.177912029472575561e+00 -4.045084971214335523e-02 1.243362879180502256e+00 -1.971352549152436184e+00
-2.444959346902864095e+00 1.371478174114876047e+00 2.258610463553401559e-01 -1.736929023852347820e+00 2.584549150284808139e+00 -2.444959346904627129e+00 1.371478174120172255e+00 2.258610463485312136e-01 -1.736929023846631059e+00 2.584549150282365204e+00 -2.444959346906388831e+00 1.371478174125471350e+00 2.258610463417265457e-01 -1.736929023840915853e+00 2.584549150279920049e+00 -2.444959346908152309e+00 1.371478174130765781e+00 2.258610463349129960e-01 -1.736929023835200425e+00 2.584549150277478002e+00
9.045084971861480638e-02 -6.094235253113965828e-02 8.155948031189587041e-03 4.774575140618457503e-02 -8.541019662482127184e-02 9.045084971863587286e-02 -6.094235253129626217e-02 8.155948031422013966e-03 4.774575140596525741e-02 -8.541019662469877261e-02 9.045084971865691159e-02 -6.094235253145295628e-02 8.155948031654283031e-03 4.774575140574599530e-02 -8.541019662457614847e-02 9.045084971867797807e-02 -6.094235253160951160e-02 8.155948031886866081e-03 4.774575140552673319e-02 -8.541019662445367699e-02
-2.210410196621102941e+00 1.158813728896708417e+00 3.354101966353499886e-01 -1.701518827225989350e+00 2.417705098315031442e+00 -2.210410196623047607e+00 1.158813728901809226e+00 3.354101966290394810e-01 -1.701518827220883212e+00 2.417705098313078338e+00 -2.210410196624991386e+00 1.158813728906912477e+00 3.354101966227328591e-01 -1.701518827215778407e+00 2.417705098311123457e+00 -2.210410196626936052e+00 1.158813728912011731e+00 3.354101966164181881e-01 -1.701518827210673379e+00 2.417705098309171241e+00
-6.809016994368185527e-01 4.076237921226656957e-01 2.135254915893051303e-02 -4.421729424082210813e-01 6.940983005633379888e-01 -6.809016994371982490e-01 4.076237921240417061e-01 2.135254915708326151e-02 -4.421729424066092595e-01 6.940983005625768198e-01 -6.809016994375779452e-01 4.076237921254184382e-01 2.135254915523720348e-02 -4.421729424049979373e-01 6.940983005618149848e-01 -6.809016994379578636e-01 4.076237921267939490e-01 2.135254915338871337e-02 -4.421729424033865596e-01 6.940983005610539269e-01
-2.197745751403850090e+00 1.275125624960181892e+00 1.345491502913974680e-01 -1.492830723288966155e+00 2.280901699440980313e+00 -2.197745751405251191e+00 1.275125624964779547e+00 1.345491502853577437e-01 -1.492830723283794958e+00 2.280901699438651065e+00 -2.197745751406652293e+00 1.275125624969379645e+00 1.345491502793218219e-01 -1.492830723278625094e+00 2.280901699436320040e+00 -2.197745751408053838e+00 1.275125624973975746e+00 1.345491502732780176e-01 -1.492830723273455229e+00 2.280901699433991681e+00
4.762335554777470392e+00 -3.026973342607043538e+00 1.354101966027428661e-01 2.807875042080008043e+00 -4.678647450852077228e+00 4.762335554779365765e+00 -3.026973342615989715e+00 1.354101966153270498e-01 2.807875042068599836e+00 -4.678647450846199263e+00 4.762335554781259361e+00 -3.026973342624939889e+00 1.354101966279029345e-01 2.807875042057195181e+00 -4.678647450840315969e+00 4.762335554783155622e+00 -3.026973342633883401e+00 1.354101966404955837e-01 2.807875042045790082e+00 -4.678647450834439780e+00
-2.044959346902488928e+00 1.061067977490744552e+00 3.281152949475536484e-01 -1.591969676944592349e+00 2.247745751408803283e+00 -2.044959346904335007e+00 1.061067977495506076e+00 3.281152949416945575e-01 -1.591969676939876788e+00 2.247745751407030923e+00 -2.044959346906181086e+00 1.061067977500269821e+00 3.281152949358389637e-01 -1.591969676935162559e+00 2.247745751405256787e+00 -2.044959346908028497e+00 1.061067977505029569e+00 3.281152949299759314e-01 -1.591969676930448108e+00 2.247745751403485315e+00
-2.430040653090540737e+00 1.365044318771106324e+00 2.213525491679416146e-01 -1.723200266821182547e+00 2.566844051972484664e+00 -2.430040653092284231e+00 1.365044318776362786e+00 2.213525491611778862e-01 -1.723200266815499093e+00 2.566844051970050611e+00 -2.430040653094027281e+00 1.365044318781621913e+00 2.213525491544184320e-01 -1.723200266809817416e+00 2.566844051967614782e+00 -2.430040653095771663e+00 1.365044318786876820e+00 2.213525491476501794e-01 -1.723200266804135516e+00 2.566844051965181173e+00
-1.940450849717617388e+00 1.226518827212021767e+00 -4.409830055396060655e-02 -1.155166278069410968e+00 1.913196601128532626e+00 -1.940450849718418969e+00 1.226518827215693275e+00 -4.409830055910120283e-02 -1.155166278064767793e+00 1.913196601126159191e+00 -1.940450849719220328e+00 1.226518827219366559e+00 -4.409830056423839906e-02 -1.155166278060126173e+00 1.913196601123783536e+00 -1.940450849720022353e+00 1.226518827223036956e+00 -4.409830056938243703e-02 -1.155166278055484330e+00 1.913196601121410767e+00
-2.183155948029163795e+00 1.348732422710404277e+00 8.610463537786633426e-04 -1.350125624976517447e+00 2.183688103941074043e+00 -2.183155948030200300e+00 1.348732422714655099e+00 8.610463479355942584e-04 -1.350125624971317606e+00 2.183688103938501879e+00 -2.183155948031237248e+00 1.348732422718908142e+00 8.610463420963276882e-04 -1.350125624966119320e+00 2.183688103935927494e+00 -2.183155948032274640e+00 1.348732422723157631e+00 8.610463362493381290e-04 -1.350125624960920590e+00 2.183688103933356217e+00
-2.899999999997371791e+00 1.730495168489063929e+00 1.000000000133440259e-01 -1.892298567385448882e+00 2.961803398879975457e+00 -2.899999999999013589e+00 1.730495168494945890e+00 1.000000000054658000e-01 -1.892298567378588592e+00 2.961803398876751370e+00 -2.900000000000654499e+00 1.730495168500831182e+00 9.999999999759263958e-02 -1.892298567371730078e+00 2.961803398873523729e+00 -2.900000000002297185e+00 1.730495168506711590e+00 9.999999998970914017e-02 -1.892298567364871342e+00 2.961803398870300530e+00
