-8.248743750356810622e-01 -8.681356214847054886e+00 -1.322185504903219844e+01 -1.271205464881190572e+01 -7.346681439592111396e+00 8.248743750334535108e-01 8.681356214844937469e+00 1.322185504903099940e+01 1.271205464881208513e+01 7.346681439593602647e+00 -8.248743750312255152e-01 -8.681356214842827157e+00 -1.322185504902980746e+01 -1.271205464881227520e+01 -7.346681439595096563e+00 8.248743750289921906e-01 8.681356214840706187e+00 1.322185504902861197e+01 1.271205464881245284e+01 7.346681439596580709e+00
2.143566144657472528e+00 3.880166278063189367e+00 4.134674775250071654e+00 2.809878040718424508e+00 4.118033988744423946e-01 -2.143566144656782857e+00 -3.880166278062728402e+00 -4.134674775250015699e+00 -2.809878040718794434e+00 -4.118033988750983143e-01 2.143566144656092298e+00 3.880166278062268326e+00 4.134674775249961520e+00 2.809878040719168357e+00 4.118033988757556774e-01 -2.143566144655400851e+00 -3.880166278061806917e+00 -4.134674775249904677e+00 -2.809878040719537395e+00 -4.118033988764099318e-01
-1.963196601127296548e+00 -5.583813728907639273e+00 -7.071603799093716169e+00 -5.858281572999140430e+00 -2.407294901686357402e+00 1.963196601126110608e+00 5.583813728906668494e+00 7.071603799093332476e+00 5.858281572999488596e+00 2.407294901687307753e+00 -1.963196601124924223e+00 -5.583813728905700380e+00 -7.071603799092952336e+00 -5.858281572999844755e+00 -2.407294901688260325e+00 1.963196601123735174e+00 5.583813728904729601e+00 7.071603799092568643e+00 5.858281573000192033e+00 2.407294901689208011e+00
-2.392705098314886314e+00 -6.088322226095169931e+00 -7.458407197968702107e+00 -5.979634122155338183e+00 -2.216844051967551632e+00 2.392705098313636647e+00 6.088322226094181389e+00 7.458407197968352165e+00 5.979634122155759179e+00 2.216844051968586360e+00 -2.392705098312386092e+00 -6.088322226093193734e+00 -7.458407197968004887e+00 -5.979634122156189058e+00 -2.216844051969623308e+00 2.392705098311133316e+00 6.088322226092204303e+00 7.458407197967654945e+00 5.979634122156608278e+00 2.216844051970655372e+00
5.218566144660134576e+00 1.094070209965834906e+01 1.248386171337475936e+01 9.258610463435996252e+00 2.496884705060542053e+00 -5.218566144658046468e+00 -1.094070209965682317e+01 -1.248386171337437922e+01 -9.258610463436903970e+00 -2.496884705062396570e+00 5.218566144655958361e+00 1.094070209965530083e+01 1.248386171337400263e+01 9.258610463437822347e+00 2.496884705064254639e+00 -5.218566144653865813e+00 -1.094070209965377494e+01 -1.248386171337362072e+01 -9.258610463438728289e+00 -2.496884705066104271e+00
5.251722092691219146e+00 1.085164445218950036e+01 1.230660746478096890e+01 9.060864712029761847e+00 2.354179606748153297e+00 -5.251722092689161236e+00 -1.085164445218800644e+01 -1.230660746478061007e+01 -9.060864712030676671e+00 -2.354179606749991827e+00 5.251722092687102439e+00 1.085164445218651785e+01 1.230660746478026013e+01 9.060864712031600376e+00 2.354179606751834797e+00 -5.251722092685039200e+00 -1.085164445218502394e+01 -1.230660746477990131e+01 -9.060864712032509871e+00 -2.354179606753669329e+00
2.855369543533449850e+00 6.291437521032584357e+00 7.324390203593846849e+00 5.559674775249305867e+00 1.671352549155227241e+00 -2.855369543532224164e+00 -6.291437521031666869e+00 -7.324390203593588389e+00 -5.559674775249804135e+00 -1.671352549156294387e+00 2.855369543530998477e+00 6.291437521030751157e+00 7.324390203593333482e+00 5.559674775250309509e+00 1.671352549157363754e+00 -2.855369543529769683e+00 -6.291437521029833668e+00 -7.324390203593075022e+00 -5.559674775250806000e+00 -1.671352549158428236e+00
-1.143237254220968113e+00 -4.719756081438971407e+00 -6.493488504156431418e+00 -5.786929023843081943e+00 -2.869959346905178066e+00 1.143237254219876764e+00 4.719756081438010398e+00 6.493488504155968677e+00 5.786929023843292441e+00 2.869959346905984976e+00 -1.143237254218785415e+00 -4.719756081437052053e+00 -6.493488504155506824e+00 -5.786929023843508268e+00 -2.869959346906792774e+00 1.143237254217690957e+00 4.719756081436090156e+00 6.493488504155044083e+00 5.786929023843718767e+00 2.869959346907596576e+00
8.315594803146211800e-02 4.463525491564598879e-01 6.390576474688597353e-01 5.876644452187259615e-01 3.118033988749149277e-01 -8.315594803135462065e-02 -4.463525491563621328e-01 -6.390576474688091091e-01 -5.876644452187418377e-01 -3.118033988749913665e-01 8.315594803124705392e-02 4.463525491562647107e-01 6.390576474687588160e-01 5.876644452187582690e-01 3.118033988750679164e-01 -8.315594803113929290e-02 -4.463525491561668446e-01 -6.390576474687083008e-01 -5.876644452187740342e-01 -3.118033988751440777e-01
-8.704915028143951350e-01 -3.890779740157608302e+00 -5.424922359500202518e+00 -4.886929023843189057e+00 -2.482294901686636468e+00 8.704915028134831978e-01 3.890779740156795619e+00 5.424922359499801061e+00 4.886929023843351594e+00 2.482294901687301714e+00 -8.704915028125709275e-01 -3.890779740155986488e+00 -5.424922359499400493e+00 -4.886929023843518571e+00 -2.482294901687968292e+00 8.704915028116565479e-01 3.890779740155173361e+00 5.424922359498999924e+00 4.886929023843679332e+00 2.482294901688631317e+00
-1.690983005631639946e-01 -1.334016994375437637e+00 -1.989386537906304264e+00 -1.884878040718513281e+00 -1.060410196624638646e+00 1.690983005628289293e-01 1.334016994375123666e+00 1.989386537906131736e+00 1.884878040718547698e+00 1.060410196624867574e+00 -1.690983005624939750e-01 -1.334016994374810805e+00 -1.989386537905959873e+00 -1.884878040718583669e+00 -1.060410196625096724e+00 1.690983005621580215e-01 1.334016994374496834e+00 1.989386537905787344e+00 1.884878040718617864e+00 1.060410196625324764e+00
-2.009549150283348240e+00 -5.463322226094952327e+00 -6.830291903031182166e+00 -5.588322226092957479e+00 -2.211803398873952720e+00 2.009549150282202934e+00 5.463322226094026846e+00 6.830291903030831335e+00 5.588322226093313638e+00 2.211803398874882642e+00 -2.009549150281057628e+00 -5.463322226093103140e+00 -6.830291903030482281e+00 -5.588322226093676015e+00 -2.211803398875813897e+00 2.009549150279909657e+00 5.463322226092177658e+00 6.830291903030131451e+00 5.588322226094030398e+00 2.211803398876740268e+00
7.227583139036473980e+00 1.513320393250280738e+01 1.725845518243711041e+01 1.279156314599788224e+01 3.438728757028611138e+00 -7.227583139033587400e+00 -1.513320393250069706e+01 -1.725845518243658816e+01 -1.279156314599914168e+01 -3.438728757031175753e+00 7.227583139030700821e+00 1.513320393249859208e+01 1.725845518243606946e+01 1.279156314600041355e+01 3.438728757033745254e+00 -7.227583139027807135e+00 -1.513320393249648532e+01 -1.725845518243554721e+01 -1.279156314600166766e+01 -3.438728757036304096e+00
-4.960236587207487169e-01 -3.804837387626414991e+00 -5.660332556125243997e+00 -5.353773075811998794e+00 -3.002254248592865604e+00 4.960236587197957014e-01 3.804837387625523704e+00 5.660332556124754610e+00 5.353773075812098270e+00 3.002254248593517971e+00 -4.960236587188424640e-01 -3.804837387624634637e+00 -5.660332556124268777e+00 -5.353773075812203963e+00 -3.002254248594171671e+00 4.960236587178867840e-01 3.804837387623742906e+00 5.660332556123780279e+00 5.353773075812303439e+00 3.002254248594822261e+00
-2.796352549159063727e+00 -7.265044318782914345e+00 -8.958736088406231701e+00 -7.230495168498990211e+00 -2.740450849717365855e+00 2.796352549157562262e+00 7.265044318781717081e+00 8.958736088405800047e+00 7.230495168499484038e+00 2.740450849718600423e+00 -2.796352549156060352e+00 -7.265044318780524257e+00 -8.958736088405370168e+00 -7.230495168499985859e+00 -2.740450849719838100e+00 2.796352549154555334e+00 7.265044318779327881e+00 8.958736088404934961e+00 7.230495168500477909e+00 2.740450849721070004e+00
-5.887287570330941300e-01 -3.651189936782563539e+00 -5.319020660062766304e+00 -4.955166278062080210e+00 -2.698606797749203867e+00 5.887287570321990682e-01 3.651189936781738865e+00 5.319020660062327543e+00 4.955166278062194785e+00 2.698606797749829589e+00 -5.887287570313037843e-01 -3.651189936780916412e+00 -5.319020660061891448e+00 -4.955166278062313800e+00 -2.698606797750456199e+00 5.887287570304062800e-01 3.651189936780091294e+00 5.319020660061453576e+00 4.955166278062427487e+00 2.698606797751079700e+00
-1.100532155908527487e+00 -5.073403532282780404e+00 -7.108407197968920066e+00 -6.428240919905588768e+00 -3.292705098311492495e+00 1.100532155907331999e+00 5.073403532281711925e+00 7.108407197968387159e+00 6.428240919905794826e+00 3.292705098312360690e+00 -1.100532155906136733e+00 -5.073403532280646111e+00 -7.108407197967856028e+00 -6.428240919906006212e+00 -3.292705098313229328e+00 1.100532155904938136e+00 5.073403532279576744e+00 7.108407197967324898e+00 6.428240919906210493e+00 3.292705098314094414e+00
-2.464589803377740029e+00 -6.830495168501586889e+00 -8.587383539249966447e+00 -7.064183272436546979e+00 -2.842705098311146816e+00 2.464589803376300292e+00 6.830495168500417158e+00 8.587383539249513476e+00 7.064183272436983962e+00 2.842705098312308998e+00 -2.464589803374860111e+00 -6.830495168499249203e+00 -8.587383539249065834e+00 -7.064183272437429828e+00 -2.842705098313473844e+00 2.464589803373416377e+00 6.830495168498079472e+00 8.587383539248612863e+00 7.064183272437865035e+00 2.842705098314632917e+00
-2.489589803377604049e+00 -6.642830723282791006e+00 -8.258736088406195108e+00 -6.720084971874098478e+00 -2.614589803373786658e+00 2.489589803376219379e+00 6.642830723281677230e+00 8.258736088405781217e+00 6.720084971874538127e+00 2.614589803374916421e+00 -2.489589803374834709e+00 -6.642830723280567895e+00 -8.258736088405367326e+00 -6.720084971874986657e+00 -2.614589803376048405e+00 2.489589803373446486e+00 6.642830723279455896e+00 8.258736088404953435e+00 6.720084971875426305e+00 2.614589803377175059e+00
2.317627457803072000e-01 -1.593566144656912709e+00 -2.810206931156355115e+00 -2.953444185374697994e+00 -1.968566144655770511e+00 -2.317627457807819313e-01 1.593566144656419326e+00 2.810206931156031818e+00 2.953444185374667796e+00 1.968566144656046291e+00 2.317627457812568847e-01 -1.593566144655927275e+00 -2.810206931155708965e+00 -2.953444185374640263e+00 -1.968566144656322514e+00 -2.317627457817329484e-01 1.593566144655433892e+00 2.810206931155386556e+00 2.953444185374610065e+00 1.968566144656597405e+00
