-1.104101966250529837e-01 1.977457514064366595e-01 -1.180339887494974253e-02 -1.904508497189887350e-01 1.295084971875473112e-01 1.104101966252294675e-01 -1.977457514065025790e-01 1.180339887481382521e-02 1.904508497191385041e-01 -1.295084971875041790e-01 -1.104101966254059514e-01 1.977457514065686373e-01 -1.180339887467772575e-02 -1.904508497192884675e-01 1.295084971874607416e-01 1.104101966255827683e-01 -1.977457514066345012e-01 1.180339887454234619e-02 1.904508497194381533e-01 -1.295084971874178315e-01
2.814386537904436381e+00 9.934405196797316817e-01 -3.428366544868250543e+00 1.125406530940994188e+00 2.732827057586538544e+00 -2.814386537904526531e+00 -9.934405196825293327e-01 3.428366544870067312e+00 -1.125406530939323080e+00 -2.732827057589387376e+00 2.814386537904615793e+00 9.934405196853164366e-01 -3.428366544871883193e+00 1.125406530937646865e+00 2.732827057592239317e+00 -2.814386537904702834e+00 -9.934405196881158639e-01 3.428366544873698629e+00 -1.125406530935981531e+00 -2.732827057595083708e+00
2.563525491561109426e+00 1.446555814617073166e+00 -3.457546151618491326e+00 6.903252247535577313e-01 3.030901699430233354e+00 -2.563525491560795455e+00 -1.446555814620023472e+00 3.457546151619997676e+00 -6.903252247515427875e-01 -3.030901699432985374e+00 2.563525491560481040e+00 1.446555814622963343e+00 -3.457546151621503583e+00 6.903252247495221816e-01 3.030901699435739616e+00 -2.563525491560163516e+00 -1.446555814625915204e+00 3.457546151623010378e+00 -6.903252247475133441e-01 -3.030901699438487640e+00
-5.800125624966943505e+00 -1.693643785137552316e+00 6.846855049017832151e+00 -2.537945351197568478e+00 -5.278318560389866576e+00 5.800125624967387594e+00 1.693643785143055913e+00 -6.846855049021672635e+00 2.537945351194446086e+00 5.278318560395634407e+00 -5.800125624967830795e+00 -1.693643785148537750e+00 6.846855049025511342e+00 -2.537945351191313925e+00 -5.278318560401410231e+00 5.800125624968267779e+00 1.693643785154044457e+00 -6.846855049029349161e+00 2.537945351188203524e+00 5.278318560407170068e+00
1.081433855340628636e+00 -4.801662780638876749e-01 -7.846747752459324321e-01 9.651219592805001524e-01 1.881966011220470025e-01 -1.081433855341292993e+00 4.801662780634522454e-01 7.846747752468659076e-01 -9.651219592806421499e-01 -1.881966011228916602e-01 1.081433855341957129e+00 -4.801662780630198135e-01 -7.846747752477998272e-01 9.651219592807834813e-01 1.881966011237384273e-01 -1.081433855342621930e+00 4.801662780625839400e-01 7.846747752487309713e-01 -9.651219592809264780e-01 -1.881966011245812531e-01
-2.186803398875763360e+00 -1.391186271084867254e+00 3.046603799088608344e+00 -4.917184270055486861e-01 -2.742705098305271871e+00 2.186803398875380555e+00 1.391186271087500703e+00 -3.046603799089850906e+00 4.917184270036868976e-01 2.742705098307664624e+00 -2.186803398874997750e+00 -1.391186271090125048e+00 3.046603799091092135e+00 -4.917184270018199466e-01 -2.742705098310060041e+00 2.186803398874611837e+00 1.391186271092760052e+00 -3.046603799092334697e+00 4.917184269999635982e-01 2.742705098312450129e+00
-2.057294901688697664e+00 -1.336677773898578891e+00 2.883407197964722890e+00 -4.453658778488606140e-01 -2.608155948025377313e+00 2.057294901688317523e+00 1.336677773901077115e+00 -2.883407197965884183e+00 4.453658778470837021e-01 2.608155948027636395e+00 -2.057294901687936939e+00 -1.336677773903566679e+00 2.883407197967044588e+00 -4.453658778453019607e-01 -2.608155948029897253e+00 2.057294901687553690e+00 1.336677773906066236e+00 -2.883407197968205882e+00 4.453658778435302112e-01 2.608155948032154114e+00
4.156433855341163053e+00 9.342979003326982168e-01 -4.733861713365102197e+00 1.991389536567602869e+00 3.503115294926797851e+00 -4.156433855341685302e+00 -9.342979003364346724e-01 4.733861713367931046e+00 -1.991389536565619567e+00 -3.503115294930850609e+00 4.156433855342206662e+00 9.342979003401560290e-01 -4.733861713370759006e+00 1.991389536563629381e+00 3.503115294934908697e+00 -4.156433855342726247e+00 -9.342979003438947050e-01 4.733861713373584301e+00 -1.991389536561654516e+00 -3.503115294938954793e+00
3.798277907310368740e+00 1.348355547801547427e+00 -4.631607464771721361e+00 1.514135287973898070e+00 3.695820393239501289e+00 -3.798277907310484203e+00 -1.348355547805328625e+00 4.631607464774170957e+00 -1.514135287971635879e+00 -3.695820393243347990e+00 3.798277907310599666e+00 1.348355547809096056e+00 -4.631607464776619665e+00 1.514135287969366361e+00 3.695820393247199576e+00 -3.798277907310711576e+00 -1.348355547812879474e+00 4.631607464779067485e+00 -1.514135287967112387e+00 -3.695820393251040059e+00
1.569630456466998503e+00 5.335624789628615749e-01 -1.899390203587914661e+00 6.403252247525600405e-01 1.503647450837437116e+00 -1.569630456467063784e+00 -5.335624789644066723e-01 1.899390203588933401e+00 -6.403252247516467710e-01 -1.503647450839019850e+00 1.569630456467128621e+00 5.335624789659458855e-01 -1.899390203589951698e+00 6.403252247507303929e-01 1.503647450840604582e+00 -1.569630456467192126e+00 -5.335624789674919821e-01 1.899390203590969772e+00 -6.403252247498203431e-01 -1.503647450842185096e+00
-1.981762745781491919e+00 -1.030243918554917482e+00 2.618488504151511798e+00 -5.880709761608472474e-01 -2.255040653087436731e+00 1.981762745781313395e+00 1.030243918557133043e+00 -2.618488504152700624e+00 5.880709761593697626e-01 2.255040653089538161e+00 -1.981762745781134649e+00 -1.030243918559340610e+00 2.618488504153888563e+00 -5.880709761578879480e-01 -2.255040653091641811e+00 1.981762745780954127e+00 1.030243918561557281e+00 -2.618488504155076946e+00 5.880709761564150151e-01 2.255040653093741021e+00
-3.081559480308102561e-01 2.786474508433447461e-01 1.359423525312271341e-01 -3.626644452182937739e-01 8.819660112470180391e-02 3.081559480311031884e-01 -2.786474508433259833e-01 -1.359423525315318626e-01 3.626644452184632494e-01 -8.819660112450219969e-02 -3.081559480313960653e-01 2.786474508433077757e-01 1.359423525318368409e-01 -3.626644452186327250e-01 8.819660112430194321e-02 3.081559480316894417e-01 -2.786474508432888464e-01 -1.359423525321406256e-01 3.626644452188023116e-01 -8.819660112410290798e-02
-1.429508497189143856e+00 -1.934220259835465860e+00 2.624922359496022040e+00 3.119290238382816938e-01 -2.817705098306134026e+00 1.429508497188145100e+00 1.934220259837947875e+00 -2.624922359496554058e+00 -3.119290238404310855e-01 2.817705098307995648e+00 -1.429508497187145899e+00 -1.934220259840422562e+00 2.624922359497085189e+00 3.119290238425852513e-01 -2.817705098309857714e+00 1.429508497186142701e+00 1.934220259842905687e+00 -2.624922359497619428e+00 -3.119290238447296471e-01 2.817705098311717116e+00
-2.809016994375627130e-01 -2.159830056231828999e-01 4.143865379050640785e-01 -4.012195928241536758e-02 -3.895898033733855015e-01 2.809016994374863296e-01 2.159830056235488294e-01 -4.143865379052134590e-01 4.012195928214229435e-02 3.895898033737036359e-01 -2.809016994374098908e-01 -2.159830056239135931e-01 4.143865379053627285e-01 -4.012195928186851335e-02 -3.895898033740221034e-01 2.809016994373330078e-01 2.159830056242797169e-01 -4.143865379055122200e-01 4.012195928159618952e-02 3.895898033743399047e-01
-2.065450849718413640e+00 -7.116777738990177626e-01 2.505291903026152678e+00 -8.366777739103996581e-01 -1.988196601118610296e+00 2.065450849718492687e+00 7.116777739010581305e-01 -2.505291903027490719e+00 8.366777739091890709e-01 1.988196601120695739e+00 -2.065450849718570847e+00 -7.116777739030906158e-01 2.505291903028828759e+00 -8.366777739079745979e-01 -1.988196601122784068e+00 2.065450849718647230e+00 7.116777739051320939e-01 -2.505291903030165468e+00 8.366777739067683406e-01 1.988196601124866625e+00
5.047416860966941421e+00 1.716796067483886690e+00 -6.108455182424838981e+00 2.058436854008519834e+00 4.836271242953841032e+00 -5.047416860967150143e+00 -1.716796067488856270e+00 6.108455182428114583e+00 -2.058436854005582184e+00 -4.836271242958930294e+00 5.047416860967357977e+00 1.716796067493806754e+00 -6.108455182431389296e+00 2.058436854002634764e+00 4.836271242964026662e+00 -5.047416860967562258e+00 -1.716796067498779221e+00 6.108455182434662234e+00 -2.058436853999707328e+00 -4.836271242969109707e+00
-2.228976341281688089e+00 -1.345162612366456623e+00 3.060332556119948144e+00 -5.462269241926229757e-01 -2.722745751399334946e+00 2.228976341281351470e+00 1.345162612369086741e+00 -3.060332556121234227e+00 5.462269241907915518e-01 2.722745751401753012e+00 -2.228976341281014406e+00 -1.345162612371707755e+00 3.060332556122519421e+00 -5.462269241889550209e-01 -2.722745751404173298e+00 2.228976341280673790e+00 1.345162612374339206e+00 -3.060332556123805947e+00 5.462269241871290371e-01 2.722745751406587811e+00
-2.628647450843613065e+00 -1.059955681209742151e+00 3.283736088400111441e+00 -9.695048315052771093e-01 -2.684549150273482176e+00 2.628647450843600630e+00 1.059955681212453316e+00 -3.283736088401772335e+00 9.695048315035961206e-01 2.684549150276180907e+00 -2.628647450843587752e+00 -1.059955681215154266e+00 3.283736088403432340e+00 -9.695048315019100249e-01 -2.684549150278883189e+00 2.628647450843572209e+00 1.059955681217866985e+00 -3.283736088405091902e+00 9.695048315002348094e-01 2.684549150281578367e+00
-1.986271242969386286e+00 -1.023810063211676669e+00 2.619020660058585470e+00 -5.948337219419750355e-01 -2.251393202244499570e+00 1.986271242969214201e+00 1.023810063213890675e+00 -2.619020660059779182e+00 5.948337219405022136e-01 2.251393202246603664e+00 -1.986271242969041673e+00 -1.023810063216096689e+00 2.619020660060972450e+00 -5.948337219390249508e-01 -2.251393202248709979e+00 1.986271242968866479e+00 1.023810063218312028e+00 -2.619020660062165717e+00 5.948337219375566809e-01 2.251393202250810965e+00
-2.274467844093995605e+00 -1.551596467710552041e+00 3.233407197963553248e+00 -4.467590800985128396e-01 -2.957294901680791899e+00 2.274467844093521318e+00 1.551596467713368677e+00 -3.233407197964816682e+00 4.467590800964813536e-01 2.957294901683310773e+00 -2.274467844093046587e+00 -1.551596467716175765e+00 3.233407197966079227e+00 -4.467590800944442053e-01 -2.957294901685832311e+00 2.274467844092568303e+00 1.551596467718993955e+00 -3.233407197967343549e+00 4.467590800924183814e-01 2.957294901688348077e+00
