-1.980040653091165614e+00 -3.964183272438213557e+00 -4.699593469078511276e-01 3.673732422718431589e+00 2.740450849718737647e+00 -1.980040653094683023e+00 -3.964183272436785810e+00 -4.699593469034548665e-01 3.673732422719723889e+00 2.740450849715133863e+00 -1.980040653098200876e+00 -3.964183272435358507e+00 -4.699593468990511669e-01 3.673732422721016189e+00 2.740450849711539849e+00 -1.980040653101714954e+00 -3.964183272433929428e+00 -4.699593468946476338e-01 3.673732422722308488e+00 2.740450849707935621e+00
-4.295084971872496493e-01 -3.522542485943999102e-01 2.118033988744817131e-01 4.831559480314698840e-01 8.680339887544977207e-02 -4.295084971874367774e-01 -3.522542485939853529e-01 2.118033988749246921e-01 4.831559480313293298e-01 8.680339887491914097e-02 -4.295084971876239610e-01 -3.522542485935711842e-01 2.118033988753683650e-01 4.831559480311886645e-01 8.680339887439028623e-02 -4.295084971878108115e-01 -3.522542485931562384e-01 2.118033988758121211e-01 4.831559480310480548e-01 8.680339887385971065e-02
2.334549150280145202e+00 4.262790070188010816e+00 2.999999999999041211e-01 -4.077379873562984258e+00 -2.819959346904813646e+00 2.334549150283825814e+00 4.262790070186241564e+00 2.999999999951344365e-01 -4.077379873564167312e+00 -2.819959346900767994e+00 2.334549150287507313e+00 4.262790070184474978e+00 2.999999999903565917e-01 -4.077379873565350366e+00 -2.819959346896733443e+00 2.334549150291184816e+00 4.262790070182704838e+00 2.999999999855788024e-01 -4.077379873566532531e+00 -2.819959346892687346e+00
1.919098300562269710e+00 3.378773075813516158e+00 1.690983005621719548e-01 -3.274264578626126188e+00 -2.192705098311558576e+00 1.919098300565153181e+00 3.378773075812036453e+00 1.690983005583772125e-01 -3.274264578626994382e+00 -2.192705098308294520e+00 1.919098300568037097e+00 3.378773075810558080e+00 1.690983005545760309e-01 -3.274264578627863020e+00 -2.192705098305039790e+00 1.919098300570917903e+00 3.378773075809076598e+00 1.690983005507748493e-01 -3.274264578628731215e+00 -2.192705098301776179e+00
-4.176925358152244527e+00 -9.151441186720484566e+00 -1.478976341283008145e+00 8.237383539250725306e+00 6.569959346905247521e+00 -4.176925358160559654e+00 -9.151441186717633514e+00 -1.478976341272940642e+00 8.237383539254105713e+00 6.569959346897253916e+00 -4.176925358168875668e+00 -9.151441186714786014e+00 -1.478976341262856042e+00 8.237383539257486120e+00 6.569959346889282514e+00 -4.176925358177182801e+00 -9.151441186711933184e+00 -1.478976341252771665e+00 8.237383539260866527e+00 6.569959346881288909e+00
2.477457514070876832e-01 -6.319660112595504309e-02 -2.868033988763563635e-01 -1.140576474685074670e-01 2.163118960639977273e-01 2.477457514068934219e-01 -6.319660112624915504e-02 -2.868033988763439290e-01 -1.140576474682056529e-01 2.163118960641720046e-01 2.477457514066991884e-01 -6.319660112654298945e-02 -2.868033988763314390e-01 -1.140576474679035890e-01 2.163118960643454491e-01 2.477457514065050104e-01 -6.319660112683730957e-02 -2.868033988763190045e-01 -1.140576474676015389e-01 2.163118960645196986e-01
-2.394098300560720372e+00 -4.279634122158103793e+00 -2.508610463451120820e-01 4.124593469063322360e+00 2.800000000000302247e+00 -2.394098300564390769e+00 -4.279634122156270593e+00 -2.508610463403131430e-01 4.124593469064459228e+00 2.799999999996198419e+00 -2.394098300568061610e+00 -4.279634122154439169e+00 -2.508610463355059883e-01 4.124593469065596096e+00 2.799999999992106581e+00 -2.394098300571728455e+00 -4.279634122152605080e+00 -2.508610463306989447e-01 4.124593469066732077e+00 2.799999999988002752e+00
-2.492705098310311840e+00 -4.279634122157259135e+00 -1.522542485950040547e-01 4.185535821593789230e+00 2.739057647468380541e+00 -2.492705098313933831e+00 -4.279634122155314024e+00 -1.522542485901847709e-01 4.185535821594826622e+00 2.739057647464195000e+00 -2.492705098317555823e+00 -4.279634122153371578e+00 -1.522542485853572714e-01 4.185535821595864014e+00 2.739057647460021450e+00 -2.492705098321173818e+00 -4.279634122151424691e+00 -1.522542485805298274e-01 4.185535821596900519e+00 2.739057647455835909e+00
3.400861046342461336e+00 4.876847717657226688e+00 -3.868033988748370566e-01 -5.115905365125412274e+00 -2.774999999998439826e+00 3.400861046346311145e+00 4.876847717654375636e+00 -3.868033988804445711e-01 -5.115905365126030446e+00 -2.774999999993205790e+00 3.400861046350161399e+00 4.876847717651525471e+00 -3.868033988860614114e-01 -5.115905365126648618e+00 -2.774999999987986854e+00 3.400861046354007655e+00 4.876847717648672642e+00 -3.868033988916784738e-01 -5.115905365127265902e+00 -2.774999999982752819e+00
3.773606797748953134e+00 5.002708764001512876e+00 -6.817627457809662950e-01 -5.424061313157023889e+00 -2.670491502811177753e+00 3.773606797752760755e+00 5.002708763998263919e+00 -6.817627457867772023e-01 -5.424061313157371167e+00 -2.670491502805572015e+00 3.773606797756570153e+00 5.002708763995018515e+00 -6.817627457925979906e-01 -5.424061313157717557e+00 -2.670491502799983152e+00 3.773606797760374221e+00 5.002708763991766894e+00 -6.817627457984190009e-01 -5.424061313158063058e+00 -2.670491502794377414e+00
1.778647450843217959e+00 2.902912029468912802e+00 1.545084971836574450e-02 -2.893362879187735270e+00 -1.803647450842401856e+00 1.778647450845631139e+00 2.902912029467494381e+00 1.545084971507865862e-02 -2.893362879188350778e+00 -1.803647450839490185e+00 1.778647450848044542e+00 2.902912029466076849e+00 1.545084971178600081e-02 -2.893362879188965398e+00 -1.803647450836586508e+00 1.778647450850455281e+00 2.902912029464656651e+00 1.545084970849331524e-02 -2.893362879189580905e+00 -1.803647450833674615e+00
-1.830040653091388636e+00 -3.771478174125427074e+00 -5.008610463450093864e-01 3.461929023843372200e+00 2.640450849718446680e+00 -1.830040653094761494e+00 -3.771478174124129445e+00 -5.008610463408380564e-01 3.461929023844655173e+00 2.640450849715062276e+00 -1.830040653098135239e+00 -3.771478174122832705e+00 -5.008610463366595100e-01 3.461929023845939035e+00 2.640450849711687642e+00 -1.830040653101504766e+00 -3.771478174121533300e+00 -5.008610463324811857e-01 3.461929023847222453e+00 2.640450849708303238e+00
3.454915028185218118e-02 -5.640576474692016173e-01 -3.831559480318812438e-01 3.272542485939420875e-01 5.854101966255826905e-01 3.454915028119526221e-02 -5.640576474693571596e-01 -3.831559480313209143e-01 3.272542485944444079e-01 5.854101966253323353e-01 3.454915028053823223e-02 -5.640576474695125908e-01 -3.831559480307596965e-01 3.272542485949469504e-01 5.854101966250822020e-01 3.454915027988175735e-02 -5.640576474696683551e-01 -3.831559480301985343e-01 3.272542485954496039e-01 5.854101966248317357e-01
-1.539589803373841992e+00 -3.033813728907257090e+00 -3.354101966256916034e-01 2.826518827219263397e+00 2.082294901687457678e+00 -1.539589803376522070e+00 -3.033813728906136653e+00 -3.354101966223221321e-01 2.826518827220227514e+00 2.082294901684679456e+00 -1.539589803379202149e+00 -3.033813728905017104e+00 -3.354101966189469985e-01 2.826518827221192520e+00 2.082294901681908783e+00 -1.539589803381879562e+00 -3.033813728903895779e+00 -3.354101966155718095e-01 2.826518827222157082e+00 2.082294901679130561e+00
-5.690983005615150025e-01 -1.157623792125439310e+00 -1.463525491570863979e-01 1.067172942406166003e+00 8.059016994378656040e-01 -5.690983005625466218e-01 -1.157623792125032525e+00 -1.463525491558045344e-01 1.067172942406552583e+00 8.059016994368206621e-01 -5.690983005635783520e-01 -1.157623792124626183e+00 -1.463525491545204227e-01 1.067172942406939162e+00 8.059016994357787178e-01 -5.690983005646090831e-01 -1.157623792124219175e+00 -1.463525491532363665e-01 1.067172942407325742e+00 8.059016994347337759e-01
-2.477254248592042352e+00 -3.700125624970366456e+00 1.904508497173518222e-01 3.817830723281693039e+00 2.169098300562704473e+00 -2.477254248595014641e+00 -3.700125624968319205e+00 1.904508497215849916e-01 3.817830723282265470e+00 2.169098300558819137e+00 -2.477254248597986930e+00 -3.700125624966274618e+00 1.904508497258252664e-01 3.817830723282837901e+00 2.169098300554944458e+00 -2.477254248600956110e+00 -3.700125624964226034e+00 1.904508497300656800e-01 3.817830723283410332e+00 2.169098300551058678e+00
5.712664445215055231e+00 8.376973342627776375e+00 -5.354101966225296438e-01 -8.707875042063051296e+00 -4.846352549155657385e+00 5.712664445221731668e+00 8.376973342623024621e+00 -5.354101966321349604e-01 -8.707875042064241455e+00 -4.846352549146773825e+00 5.712664445228409882e+00 8.376973342618276419e+00 -5.354101966417563752e-01 -8.707875042065433391e+00 -4.846352549137916021e+00 5.712664445235079214e+00 8.376973342613519335e+00 -5.354101966513780120e-01 -8.707875042066623550e+00 -4.846352549129031573e+00
-1.430040653092443881e+00 -3.411067977500937598e+00 -6.781152949381188400e-01 2.991969676938114553e+00 2.527254248593595598e+00 -1.430040653095606018e+00 -3.411067977500019222e+00 -6.781152949343924874e-01 2.991969676939501888e+00 2.527254248590721897e+00 -1.430040653098768377e+00 -3.411067977499101733e+00 -6.781152949306596955e-01 2.991969676940890110e+00 2.527254248587854857e+00 -1.430040653101927406e+00 -3.411067977498182469e+00 -6.781152949269271257e-01 2.991969676942277445e+00 2.527254248584980711e+00
-3.044959346903925557e+00 -4.840044318782877220e+00 5.364745084217395488e-02 4.873200266812828474e+00 2.958155948031126137e+00 -3.044959346907909925e+00 -4.840044318780421406e+00 5.364745084767094663e-02 4.873200266813773496e+00 2.958155948026205184e+00 -3.044959346911894738e+00 -4.840044318777968257e+00 5.364745085317720874e-02 4.873200266814719406e+00 2.958155948021298443e+00 -3.044959346915874665e+00 -4.840044318775510668e+00 5.364745085868355412e-02 4.873200266815665316e+00 2.958155948016377934e+00
-1.884549150280106389e+00 -3.301518827219684482e+00 -1.559016994380445498e-01 3.205166278062979046e+00 2.136803398874580040e+00 -1.884549150282919472e+00 -3.301518827218227869e+00 -1.559016994343346563e-01 3.205166278063817931e+00 2.136803398871383486e+00 -1.884549150285732777e+00 -3.301518827216772589e+00 -1.559016994306184345e-01 3.205166278064656815e+00 2.136803398868195814e+00 -1.884549150288542974e+00 -3.301518827215314644e+00 -1.559016994269022405e-01 3.205166278065496144e+00 2.136803398864998371e+00
