-2.145495178221342059e+00 7.966351432857967652e-01 1.208994400858255158e+00 -2.217893301142560780e+00 1.398295546281332902e+00 5.740983002413517777e-01 -2.073188574776825721e+00 1.863081038708475079e+00 -1.169945419805613618e-01 -1.725545705958124731e+00 2.145495178217688537e+00 -7.966351432838530977e-01 -1.208994400856884921e+00 2.217893301139009843e+00 -1.398295546278526480e+00 -5.740983002411030878e-01 2.073188574773724646e+00 -1.863081038705079351e+00 1.169945419796766806e-01 1.725545705955781051e+00
-1.706601147874434288e+00 3.060540532980636774e-01 1.346813030008083611e+00 -1.889327726565822374e+00 8.742249188372093194e-01 8.616146976072307506e-01 -1.887113743660655318e+00 1.356820558236938368e+00 2.920755153825476125e-01 -1.700175919231596611e+00 1.706601147871399826e+00 -3.060540532969724392e-01 -1.346813030006331013e+00 1.889327726562673337e+00 -8.742249188352589906e-01 -8.616146976063777663e-01 1.887113743657699683e+00 -1.356820558234318463e+00 -2.920755153826675166e-01 1.700175919229126142e+00
-1.827303689909029139e+00 3.794291837961862868e-01 1.381257932858992898e+00 -2.003195268888735558e+00 9.736393401706787687e-01 8.586135784801242066e-01 -1.983000137867521051e+00 1.472542894184617035e+00 2.519221447276490111e-01 -1.768695136977681770e+00 1.827303689905800388e+00 -3.794291837949460011e-01 -1.381257932857220982e+00 2.003195268885415548e+00 -9.736393401685459192e-01 -8.586135784793145209e-01 1.983000137864433743e+00 -1.472542894181799067e+00 -2.519221447278695569e-01 1.768695136975132476e+00
3.014221210864163059e+00 -4.174993222661602110e-01 -2.523421321922985960e+00 3.383958998958831899e+00 -1.454661065977817413e+00 -1.673902355626470273e+00 3.422451302806680307e+00 -2.349430449331105564e+00 -6.605301639987383178e-01 3.125930227515756332e+00 -3.014221210858754940e+00 4.174993222644035606e-01 2.523421321919641525e+00 -3.383958998953148445e+00 1.454661065974478529e+00 1.673902355624717897e+00 -3.422451302801276629e+00 2.349430449326507908e+00 6.605301639987308793e-01 -3.125930227511165338e+00
3.079138161546066677e+00 -1.041814059744513354e+00 -1.854412281647773275e+00 3.221806441388922693e+00 -1.933048342330654590e+00 -9.493718262076060732e-01 3.049101859103404699e+00 -2.635062384829056636e+00 4.859975824324891391e-02 2.577929942507489525e+00 -3.079138161540783791e+00 1.041814059741864806e+00 1.854412281645601679e+00 -3.221806441383725961e+00 1.933048342326714630e+00 9.493718262070462988e-01 -3.049101859098802603e+00 2.635062384824208515e+00 -4.859975824216006268e-02 -2.577929942503938143e+00
5.838877416977521051e+00 -1.194101034644414527e+00 -4.435127461153579809e+00 6.407906062049822715e+00 -3.097817901543153507e+00 -2.766202708419133849e+00 6.349684215262005438e+00 -4.698298768470859699e+00 -8.265027613189690481e-01 5.669911036633725310e+00 -5.838877416967196865e+00 1.194101034640477010e+00 4.435127461147882144e+00 -6.407906062039193884e+00 3.097817901536354501e+00 2.766202708416509726e+00 -6.349684215252112907e+00 4.698298768461859787e+00 8.265027613196411771e-01 -5.669911036625546075e+00
4.746039840078780436e+00 -9.456422847480727700e-01 -3.634370662239320815e+00 5.218101238004292597e+00 -2.499875243096633781e+00 -2.279321637076683338e+00 5.179378530104893130e+00 -3.809402994994657288e+00 -7.011567291108664612e-01 4.633662164827241803e+00 -4.746039840070379157e+00 9.456422847449066360e-01 3.634370662234638338e+00 -5.218101237995628416e+00 2.499875243091128851e+00 2.279321637074500639e+00 -5.179378530096815147e+00 3.809402994987347579e+00 7.011567291113683931e-01 -4.633662164820546714e+00
-2.188905089772974044e+00 8.944278216017406136e-01 1.137442124217309392e+00 -2.231571233503491403e+00 1.485927196769470715e+00 4.847590490203476099e-01 -2.055795636627839595e+00 1.931973664853436023e+00 -2.153756194089392340e-01 -1.678784439268998341e+00 2.188905089769278778e+00 -8.944278215996441794e-01 -1.137442124216076156e+00 2.231571233499949791e+00 -1.485927196766537506e+00 -4.847590490202572933e-01 2.055795636624797584e+00 -1.931973664849951700e+00 2.153756194078910169e-01 1.678784439266758577e+00
-9.949819072149421739e-01 3.519567157989759165e-01 5.812319732308426357e-01 -1.035235879850607166e+00 6.357607924095146634e-01 2.878542443222477099e-01 -9.741537516540617059e-01 8.573321730528954410e-01 -3.370066361874640704e-02 -8.177146669174876203e-01 9.949819072132412012e-01 -3.519567157980987848e-01 -5.812319732301719499e-01 1.035235879848943386e+00 -6.357607924082283590e-01 -2.878542443220974412e-01 9.741537516525975438e-01 -8.573321730513250305e-01 3.370066361836726587e-02 8.177146669163685155e-01
-1.265188985829675206e+00 5.978508000669919831e-01 5.623732191281427539e-01 -1.258960169042193655e+00 9.176232220450163402e-01 1.802293748836842902e-01 -1.129495559217716938e+00 1.147572289592130756e+00 -2.195565763058935360e-01 -8.894680543989481603e-01 1.265188985827571111e+00 -5.978508000656679311e-01 -5.623732191275936376e-01 1.258960169040226562e+00 -9.176232220432514186e-01 -1.802293748837937581e-01 1.129495559216079359e+00 -1.147572289590096606e+00 2.195565763051435804e-01 8.894680543978031872e-01
-6.467858447813055633e+00 1.059132635799999056e+00 5.222773360721431501e+00 -7.198870950794503010e+00 3.240006995345926288e+00 3.390014292415391317e+00 -7.225207807628995837e+00 5.103726895729481683e+00 1.225417005551426630e+00 -6.544290983270592221e+00 6.467858447801516419e+00 -1.059132635796003141e+00 -5.222773360714585422e+00 7.198870950782468192e+00 -3.240006995338621465e+00 -3.390014292411957619e+00 7.225207807617644029e+00 -5.103726895719577605e+00 -1.225417005551701521e+00 6.544290983261043415e+00
-6.209921418210136324e+00 9.456445025428753537e-01 5.098249633196048514e+00 -6.938996396337633321e+00 3.059029861759681168e+00 3.342891118206881451e+00 -6.988834060360879619e+00 4.872976064591417966e+00 1.260307129277699278e+00 -6.354555952486520276e+00 6.209921418199029652e+00 -9.456445025391375658e-01 -5.098249633189332108e+00 6.938996396326008842e+00 -3.059029861752729396e+00 -3.342891118203441536e+00 6.988834060349873312e+00 -4.872976064581926892e+00 -1.260307129277836280e+00 6.354555952477221048e+00
-1.635196030919326304e+00 3.906351433492046277e-01 1.175976878343254484e+00 -1.773078875603003812e+00 9.084023501182302285e-01 7.051878665080109077e-01 -1.737400406175768630e+00 1.337248805645939287e+00 1.653701529667172820e-01 -1.531653079811838181e+00 1.635196030916457044e+00 -3.906351433480237945e-01 -1.175976878341772336e+00 1.773078875600082815e+00 -9.084023501162776792e-01 -7.051878665073884056e-01 1.737400406173082335e+00 -1.337248805643404870e+00 -1.653701529670057457e-01 1.531653079809651485e+00
2.089302009817109340e+00 -6.418839399431881532e-01 -1.334722182652601230e+00 2.210943969684297628e+00 -1.264398335398110307e+00 -7.245545805435651410e-01 2.116163329246457447e+00 -1.763144612202579342e+00 -4.346252782298481998e-02 1.814237877965399148e+00 -2.089302009813498895e+00 6.418839399414811853e-01 1.334722182650996070e+00 -2.210943969680706722e+00 1.264398335395492845e+00 7.245545805430553266e-01 -2.116163329243237801e+00 1.763144612199305516e+00 4.346252782360782163e-02 -1.814237877962869394e+00
-1.540503966438950822e+00 4.080408303206135567e-01 1.060823201647287162e+00 -1.655113296756144825e+00 8.848791717655315470e-01 6.148754423067079866e-01 -1.607708605734484264e+00 1.275099374561952992e+00 1.087393905845286668e-01 -1.402930194819226317e+00 1.540503966436263639e+00 -4.080408303194454911e-01 -1.060823201645971547e+00 1.655113296753432772e+00 -8.848791717636576015e-01 -6.148754423062017249e-01 1.607708605732012908e+00 -1.275099374559555576e+00 -1.087393905848717535e-01 1.402930194817240128e+00
-1.905673707592821176e+00 3.969614356303606817e-01 1.439017552407552802e+00 -2.088628025820225886e+00 1.016311949796151470e+00 8.938816741822235290e-01 -2.067132880553238738e+00 1.536178769253673471e+00 2.612464296487195803e-01 -1.843292366376271918e+00 1.905673707589454535e+00 -3.969614356290654955e-01 -1.439017552405707612e+00 2.088628025816764655e+00 -1.016311949793926361e+00 -8.938816741813815359e-01 2.067132880550020424e+00 -1.536178769250734044e+00 -2.612464296489518389e-01 1.843292366373615598e+00
-1.597980788024957910e+00 9.220520673363993835e-02 1.489587066619239009e+00 -1.843319826262039163e+00 6.773653516510986794e-01 1.047029098032765004e+00 -1.908221876740124445e+00 1.196220256466536513e+00 5.019806262506969485e-01 -1.786333874559425716e+00 1.597980788022040688e+00 -9.220520673288798430e-02 -1.489587066617205302e+00 1.843319826258897898e+00 -6.773653516494396731e-01 -1.047029098031577732e+00 1.908221876737066891e+00 -1.196220256464131104e+00 -5.019806262504629135e-01 1.786333874556752743e+00
-1.207345197962755412e+00 4.611827002217190330e-01 6.651924183569820626e-01 -1.243163287115407023e+00 7.962336743586726495e-01 3.071344647818469165e-01 -1.157291892097362718e+00 1.053343748762938903e+00 -8.098795013740314741e-02 -9.581367033542886880e-01 1.207345197960704608e+00 -4.611827002206073112e-01 -6.651924183562369919e-01 1.243163287113421722e+00 -7.962336743570823661e-01 -3.071344647817327855e-01 1.157291892095636987e+00 -1.053343748761024878e+00 8.098795013688231403e-02 9.581367033529937238e-01
-1.161945193756238393e+00 2.627527636066027128e-01 8.530607948618230685e-01 -1.265585872663659961e+00 6.347246280609459834e-01 5.194223213813056184e-01 -1.245342188499519942e+00 9.445652235338652947e-01 1.349391720562473640e-01 -1.103195734115963278e+00 1.161945193754193806e+00 -2.627527636057842564e-01 -8.530607948607397129e-01 1.265585872661569855e+00 -6.347246280595713053e-01 -5.194223213808335515e-01 1.245342188497588598e+00 -9.445652235320679546e-01 -1.349391720564259156e-01 1.103195734114381876e+00
-1.537952544824132683e+00 5.428838379930596147e-01 8.997543174632529617e-01 -1.600608474975426798e+00 9.818737951064555602e-01 4.463466022231142860e-01 -1.506585695501231559e+00 1.324751104037513505e+00 -5.075262832177920846e-02 -1.265087811151849095e+00 1.537952544821502787e+00 -5.428838379917053647e-01 -8.997543174622137929e-01 1.600608474972853523e+00 -9.818737951044682610e-01 -4.463466022228798069e-01 1.506585695498966482e+00 -1.324751104035086335e+00 5.075262832119520340e-02 1.265087811150116925e+00
