-5.800125624961518511e+00 -1.693643785152308290e+00 6.846855049021162820e+00 -2.537945351185503462e+00 -5.278318560399902104e+00 5.800125624961681936e+00 1.693643785155754422e+00 -6.846855049023459650e+00 2.537945351183477527e+00 5.278318560403455706e+00 -5.800125624961846249e+00 -1.693643785159193227e+00 6.846855049025758255e+00 -2.537945351181444931e+00 -5.278318560406992432e+00 5.800125624962022997e+00 1.693643785162645576e+00 -6.846855049028054196e+00 2.537945351179413223e+00 5.278318560410560245e+00
1.081433855342007755e+00 -4.801662780624081361e-01 -7.846747752481014748e-01 9.651219592803771397e-01 1.881966011241577030e-01 -1.081433855342407213e+00 4.801662780621238635e-01 7.846747752486760152e-01 -9.651219592804483050e-01 -1.881966011246899440e-01 1.081433855342806893e+00 -4.801662780618404236e-01 -7.846747752492519989e-01 9.651219592805186931e-01 1.881966011252182436e-01 -1.081433855343206130e+00 4.801662780615553183e-01 7.846747752498277606e-01 -9.651219592805895253e-01 -1.881966011257542037e-01
-2.186803398872651183e+00 -1.391186271091492399e+00 3.046603799089507181e+00 -4.917184269998136070e-01 -2.742705098309425882e+00 2.186803398872363413e+00 1.391186271093130422e+00 -3.046603799090235043e+00 4.917184269986255019e-01 2.742705098310888712e+00 -2.186803398872076976e+00 -1.391186271094765114e+00 3.046603799090962017e+00 -4.917184269974340660e-01 -2.742705098312346212e+00 2.186803398871797199e+00 1.391186271096405802e+00 -3.046603799091688103e+00 4.917184269962427967e-01 2.742705098313813483e+00
-2.057294901685416288e+00 -1.336677773904345390e+00 2.883407197964928947e+00 -4.453658778435398702e-01 -2.608155948028599180e+00 2.057294901685133404e+00 1.336677773905898814e+00 -2.883407197965608404e+00 4.453658778424064435e-01 2.608155948029979410e+00 -2.057294901684850519e+00 -1.336677773907449351e+00 2.883407197966287416e+00 -4.453658778412697417e-01 -2.608155948031355198e+00 2.057294901684574739e+00 1.336677773909005218e+00 -2.883407197966965096e+00 4.453658778401333174e-01 2.608155948032740312e+00
4.156433855339247252e+00 9.342979003412522632e-01 -4.733861713368193058e+00 1.991389536561375850e+00 3.503115294933200285e+00 -4.156433855339494166e+00 -9.342979003435960550e-01 4.733861713369890367e+00 -1.991389536560081996e+00 -3.503115294935700064e+00 4.156433855339741079e+00 9.342979003459348508e-01 -4.733861713371589452e+00 1.991389536558782813e+00 3.503115294938188740e+00 -4.156433855339996875e+00 -9.342979003482828615e-01 4.733861713373285873e+00 -1.991389536557484519e+00 -3.503115294940700508e+00
3.798277907308378776e+00 1.348355547810043298e+00 -4.631607464774760707e+00 1.514135287967725230e+00 3.695820393245861979e+00 -3.798277907308374779e+00 -1.348355547812407629e+00 4.631607464776221761e+00 -1.514135287966264176e+00 -3.695820393248227198e+00 3.798277907308371670e+00 1.348355547814767075e+00 -4.631607464777681926e+00 1.514135287964797794e+00 3.695820393250583535e+00 -3.798277907308377888e+00 -1.348355547817135625e+00 4.631607464779141203e+00 -1.514135287963331855e+00 -3.695820393252958524e+00
1.569630456466035051e+00 5.335624789680631919e-01 -1.899390203590072934e+00 6.403252247488729898e-01 1.503647450841670175e+00 -1.569630456466044377e+00 -5.335624789690297520e-01 1.899390203590680670e+00 -6.403252247482823512e-01 -1.503647450842643840e+00 1.569630456466054147e+00 5.335624789699942028e-01 -1.899390203591288850e+00 6.403252247476897141e-01 1.503647450843613509e+00 -1.569630456466067470e+00 -5.335624789709623172e-01 1.899390203591896142e+00 -6.403252247470972991e-01 -1.503647450844591171e+00
-1.981762745778774315e+00 -1.030243918560874272e+00 2.618488504152383545e+00 -5.880709761557032511e-01 -2.255040653091227476e+00 1.981762745778620882e+00 1.030243918562254946e+00 -2.618488504153085206e+00 5.880709761547564529e-01 2.255040653092515335e+00 -1.981762745778467671e+00 -1.030243918563632954e+00 2.618488504153786867e+00 -5.880709761538069902e-01 -2.255040653093798309e+00 1.981762745778320678e+00 1.030243918565015848e+00 -2.618488504154487639e+00 5.880709761528575275e-01 2.255040653095090608e+00
-3.081559480309485899e-01 2.786474508436774244e-01 1.359423525311142800e-01 -3.626644452185430190e-01 8.819660112500599114e-02 3.081559480311281130e-01 -2.786474508436602160e-01 -1.359423525313040726e-01 3.626644452186432721e-01 -8.819660112487749670e-02 -3.081559480313077470e-01 2.786474508436432296e-01 1.359423525314944481e-01 -3.626644452187434697e-01 8.819660112475030678e-02 3.081559480314867150e-01 -2.786474508436259101e-01 -1.359423525316848236e-01 3.626644452188436674e-01 -8.819660112462067436e-02
-1.429508497186291027e+00 -1.934220259841414435e+00 2.624922359496863589e+00 3.119290238433598539e-01 -2.817705098309918554e+00 1.429508497185628224e+00 1.934220259842946543e+00 -2.624922359497150914e+00 -3.119290238447145480e-01 2.817705098311041656e+00 -1.429508497184965421e+00 -1.934220259844475542e+00 2.624922359497436464e+00 3.119290238460721287e-01 -2.817705098312163869e+00 1.429508497184311500e+00 1.934220259846009871e+00 -2.624922359497720681e+00 -3.119290238474295984e-01 2.817705098313289636e+00
-2.809016994370726605e-01 -2.159830056248039365e-01 4.143865379055677867e-01 -4.012195928115340482e-02 -3.895898033746317268e-01 2.809016994370184817e-01 2.159830056250311436e-01 -4.143865379056544396e-01 4.012195928097977982e-02 3.895898033748256828e-01 -2.809016994369643583e-01 -2.159830056252578789e-01 4.143865379057409259e-01 -4.012195928080568297e-02 -3.895898033750190836e-01 2.809016994369112896e-01 2.159830056254854191e-01 -4.143865379058272458e-01 4.012195928063160000e-02 3.895898033752136502e-01
-2.065450849716227388e+00 -7.116777739049935381e-01 2.505291903027538236e+00 -8.366777739055190066e-01 -1.988196601122743878e+00 2.065450849716235382e+00 7.116777739062696284e-01 -2.505291903028336264e+00 8.366777739047364104e-01 1.988196601124026408e+00 -2.065450849716243820e+00 -7.116777739075430542e-01 2.505291903029134737e+00 -8.366777739039512607e-01 -1.988196601125304053e+00 2.065450849716256698e+00 7.116777739088212540e-01 -2.505291903029931877e+00 8.366777739031663330e-01 1.988196601126592133e+00
5.047416860962713692e+00 1.716796067497154521e+00 -6.108455182428511598e+00 2.058436853998103278e+00 4.836271242963295691e+00 -5.047416860962743002e+00 -1.716796067500262923e+00 6.108455182430465591e+00 -2.058436853996203908e+00 -4.836271242966426520e+00 5.047416860962774088e+00 1.716796067503364442e+00 -6.108455182432421360e+00 2.058436853994297433e+00 4.836271242969544915e+00 -5.047416860962815832e+00 -1.716796067506478396e+00 6.108455182434373576e+00 -2.058436853992391846e+00 -4.836271242972689066e+00
-2.228976341278990692e+00 -1.345162612372554189e+00 3.060332556120929137e+00 -5.462269241874635473e-01 -2.722745751403210956e+00 2.228976341278732232e+00 1.345162612374190880e+00 -3.060332556121684089e+00 5.462269241862937053e-01 2.722745751404689774e+00 -2.228976341278473328e+00 -1.345162612375824462e+00 3.060332556122438596e+00 -5.462269241851203105e-01 -2.722745751406163262e+00 2.228976341278221973e+00 1.345162612377464040e+00 -3.060332556123192216e+00 5.462269241839472489e-01 2.722745751407647408e+00
-2.628647450840797539e+00 -1.059955681217022772e+00 3.283736088401651543e+00 -9.695048314992720240e-01 -2.684549150278390695e+00 2.628647450840736255e+00 1.059955681218716306e+00 -3.283736088402639197e+00 9.695048314981891124e-01 2.684549150280048480e+00 -2.628647450840674971e+00 -1.059955681220406287e+00 3.283736088403626407e+00 -9.695048314971026482e-01 -2.684549150281700047e+00 2.628647450840620792e+00 1.059955681222102486e+00 -3.283736088404612730e+00 9.695048314960167390e-01 2.684549150283364494e+00
-1.986271242966871187e+00 -1.023810063216904043e+00 2.619020660059207639e+00 -5.948337219374056906e-01 -2.251393202247685466e+00 1.986271242966721307e+00 1.023810063218284050e+00 -2.619020660059913297e+00 5.948337219364618900e-01 2.251393202248975101e+00 -1.986271242966571871e+00 -1.023810063219661171e+00 2.619020660060618066e+00 -5.948337219355150918e-01 -2.251393202250259407e+00 1.986271242966428652e+00 1.023810063221043176e+00 -2.619020660061321504e+00 5.948337219345684046e-01 2.251393202251553483e+00
-2.274467844091693003e+00 -1.551596467716646277e+00 3.233407197964937918e+00 -4.467590800936358519e-01 -2.957294901684889510e+00 2.274467844091345725e+00 1.551596467718397321e+00 -3.233407197965675550e+00 4.467590800923411098e-01 2.957294901686427391e+00 -2.274467844090998891e+00 -1.551596467720144590e+00 3.233407197966412738e+00 -4.467590800910428150e-01 -2.957294901687960831e+00 2.274467844090660051e+00 1.551596467721898076e+00 -3.233407197967148594e+00 4.467590800897446313e-01 2.957294901689504041e+00
-3.135410196621196466e+00 -5.695048314980137860e-01 3.487383539244561792e+00 -1.585816727561506934e+00 -2.507294901684052224e+00 3.135410196621444712e+00 5.695048314997209760e-01 -3.487383539245867414e+00 1.585816727560606987e+00 2.507294901685915622e+00 -3.135410196621694290e+00 -5.695048315014242801e-01 3.487383539247173925e+00 -1.585816727559703487e+00 -2.507294901687770583e+00 3.135410196621949197e+00 5.695048315031345787e-01 -3.487383539248478659e+00 1.585816727558800432e+00 2.507294901689643307e+00
-3.160410196621670664e+00 -1.332169276716139716e+00 3.983736088400824826e+00 -1.129915028124446330e+00 -3.285410196621258994e+00 3.160410196621569856e+00 1.332169276718201845e+00 -3.983736088402000775e+00 1.129915028123111620e+00 3.285410196623261392e+00 -3.160410196621469492e+00 -1.332169276720259532e+00 3.983736088403177611e+00 -1.129915028121772913e+00 -3.285410196625256685e+00 3.160410196621378009e+00 1.332169276722324991e+00 -3.983736088404352671e+00 1.129915028120434428e+00 3.285410196627267077e+00
-6.067627457803770330e-01 -5.314338553427541134e-01 9.352069311545996300e-01 -4.655581462508498469e-02 -9.064338553424785561e-01 6.067627457802298174e-01 5.314338553432741419e-01 -9.352069311547748232e-01 4.655581462467334175e-02 9.064338553429081013e-01 -6.067627457800827129e-01 -5.314338553437930601e-01 9.352069311549496833e-01 -4.655581462426061634e-02 -9.064338553433365364e-01 6.067627457799383839e-01 5.314338553443137547e-01 -9.352069311551239883e-01 4.655581462384791869e-02 9.064338553437673029e-01
