2.330664973421860964e+00 8.167483998231139353e+00 1.320481278308636597e+01 1.694956248939250898e+01 1.903517092469091665e+01 1.925748420404616823e+01 1.759474075472725829e+01 1.420970149056836540e+01 9.433717639700740065e+00 3.734295777683491302e+00 -2.330664973422010622e+00 -8.167483998231229947e+00 -1.320481278308638196e+01 -1.694956248939245214e+01 -1.903517092469079586e+01 -1.925748420404599059e+01 -1.759474075472704513e+01 -1.420970149056813625e+01 -9.433717639700516244e+00 -3.734295777683293238e+00
3.445652267838801297e-01 4.910378316771771168e+00 8.995529364496553271e+00 1.220013532248591304e+01 1.421050703176924301e+01 1.482985530235855620e+01 1.399755401027542767e+01 1.179507460497304550e+01 8.438011116218770979e+00 4.254976308328567214e+00 -3.445652267840071392e-01 -4.910378316771855545e+00 -8.995529364496581692e+00 -1.220013532248588817e+01 -1.421050703176916308e+01 -1.482985530235843363e+01 -1.399755401027527135e+01 -1.179507460497287319e+01 -8.438011116218596896e+00 -4.254976308328408230e+00
9.732145694522005286e+00 -1.451140694045836455e+00 -1.249237932078871260e+01 -2.231077682008800167e+01 -2.994524003591437733e+01 -3.464845451626975148e+01 -3.596003685859477628e+01 -3.375160024489115074e+01 -2.823932183799088591e+01 -1.996278185466337618e+01 -9.732145694521623369e+00 1.451140694046138435e+00 1.249237932078890267e+01 2.231077682008806562e+01 2.994524003591430628e+01 3.464845451626955253e+01 3.596003685859447074e+01 3.375160024489078125e+01 2.823932183799045958e+01 1.996278185466295341e+01
-5.105715878530770802e+00 -2.357896628500841363e+00 6.207299719585712694e-01 3.538595197882651089e+00 6.110078070995489163e+00 8.083463931102107480e+00 9.265584020827496659e+00 9.540724189474367734e+00 8.881951800321289170e+00 7.353752084755695861e+00 5.105715878530658891e+00 2.357896628500741443e+00 -6.207299719586494291e-01 -3.538595197882699495e+00 -6.110078070995504262e+00 -8.083463931102086164e+00 -9.265584020827443368e+00 -9.540724189474286021e+00 -8.881951800321186141e+00 -7.353752084755583951e+00
-3.513895773475597117e+00 -8.158145581128703583e+00 -1.200381925815832318e+01 -1.467447547067274627e+01 -1.590869178103507409e+01 -1.558565449749636755e+01 -1.373698476010249081e+01 -1.054364324318901147e+01 -6.318216463750061074e+00 -1.474318635236631314e+00 3.513895773475705475e+00 8.158145581128760426e+00 1.200381925815831607e+01 1.467447547067268054e+01 1.590869178103495507e+01 1.558565449749620946e+01 1.373698476010230962e+01 1.054364324318882318e+01 6.318216463749883438e+00 1.474318635236478769e+00
-3.353899164000776700e+00 -8.119665633120511927e+00 -1.209062265703336436e+01 -1.487806529495428975e+01 -1.620913924022872621e+01 -1.595354970095571367e+01 -1.413631556203632300e+01 -1.093532036240274685e+01 -6.663899814840103630e+00 -1.740170323280753273e+00 3.353899164000889499e+00 8.119665633120572323e+00 1.209062265703336259e+01 1.487806529495422581e+01 1.620913924022860897e+01 1.595354970095555558e+01 1.413631556203614004e+01 1.093532036240255501e+01 6.663899814839919777e+00 1.740170323280596065e+00
5.668391827880618905e+00 1.198545864724615306e+01 1.712930526661846642e+01 2.059641613960660322e+01 2.204740629718057576e+01 2.134024271307417209e+01 1.854414748599812768e+01 1.393282189831964146e+01 7.957654627555287519e+00 1.203536677605846705e+00 -5.668391827880761014e+00 -1.198545864724622056e+01 -1.712930526661844866e+01 -2.059641613960650375e+01 -2.204740629718040879e+01 -2.134024271307395182e+01 -1.854414748599787188e+01 -1.393282189831938211e+01 -7.957654627555042381e+00 -1.203536677605641980e+00
5.791092701549287014e+00 1.230083406281546132e+01 1.760648408106276364e+01 2.118868876586778427e+01 2.269679696399416358e+01 2.198318453740161971e+01 1.911770484243516677e+01 1.438085099660912647e+01 8.236299257954367903e+00 1.285521162259759542e+00 -5.791092701549432675e+00 -1.230083406281553238e+01 -1.760648408106274587e+01 -2.118868876586768479e+01 -2.269679696399398594e+01 -2.198318453740138878e+01 -1.911770484243490387e+01 -1.438085099660886002e+01 -8.236299257954115660e+00 -1.285521162259548156e+00
1.368442928634727496e+00 5.503643306957872738e+00 9.100108732258249233e+00 1.180579211065939305e+01 1.335584230147879836e+01 1.359852959220434698e+01 1.251009805991803425e+01 1.019709096654846014e+01 6.885921562062683243e+00 2.900710178045578402e+00 -1.368442928634835409e+00 -5.503643306957939352e+00 -9.100108732258263444e+00 -1.180579211065935752e+01 -1.335584230147871487e+01 -1.359852959220422441e+01 -1.251009805991788681e+01 -1.019709096654829850e+01 -6.885921562062524259e+00 -2.900710178045436738e+00
-1.629392083058943896e+00 -5.541222389647010971e+00 -8.910639240769830494e+00 -1.140782063893187726e+01 -1.278832506999516561e+01 -1.291701914170727328e+01 -1.178130538166469243e+01 -9.492355365683458501e+00 -6.274227469380344147e+00 -2.441934473261000882e+00 1.629392083059044039e+00 5.541222389647070479e+00 8.910639240769842928e+00 1.140782063893183818e+01 1.278832506999508034e+01 1.291701914170715426e+01 1.178130538166454855e+01 9.492355365683305735e+00 6.274227469380194044e+00 2.441934473260868987e+00
-2.864675744780942335e+00 -2.288249747801458511e+00 -1.487833922333695824e+00 -5.417785461994203411e-01 4.573098888299480524e-01 1.411633645675287374e+00 2.227776865851981203e+00 2.825849764564952071e+00 3.147308799469263008e+00 3.160687320491684993e+00 2.864675744780906808e+00 2.288249747801421208e+00 1.487833922333659409e+00 5.417785461993882556e-01 -4.573098888299721443e-01 -1.411633645675300919e+00 -2.227776865851983423e+00 -2.825849764564941857e+00 -3.147308799469242135e+00 -3.160687320491656127e+00
-2.692913011045998228e+00 -6.501187365396005724e+00 -9.673080203985179537e+00 -1.189810455589550209e+01 -1.295845953490574942e+01 -1.275035020774285321e+01 -1.129414776533245224e+01 -8.732395448696694373e+00 -5.315855423365815291e+00 -1.378962431453290893e+00 2.692913011046087934e+00 6.501187365396053686e+00 9.673080203985175984e+00 1.189810455589545057e+01 1.295845953490565705e+01 1.275035020774272709e+01 1.129414776533230302e+01 8.732395448696539830e+00 5.315855423365667853e+00 1.378962431453165216e+00
2.539567905635672918e-01 -1.328550311348511759e+00 -2.781009652231478224e+00 -3.961244391920418106e+00 -4.753724930915609548e+00 -5.080877752523619506e+00 -4.910678859157711962e+00 -4.259788504345963567e+00 -3.191920371037116677e+00 -1.811604832394226428e+00 -2.539567905635207179e-01 1.328550311348543955e+00 2.781009652231492879e+00 3.961244391920413221e+00 4.753724930915586455e+00 5.080877752523580426e+00 4.910678859157660447e+00 4.259788504345904947e+00 3.191920371037056725e+00 1.811604832394169806e+00
-8.883663543244059158e-01 -5.138108837840260179e+00 -8.884897428998980828e+00 -1.176197035508680599e+01 -1.348769967235246092e+01 -1.389315897135882416e+01 -1.293865907091808864e+01 -1.071763307167726609e+01 -7.447490473240124587e+00 -3.448335617564931344e+00 8.883663543245203797e-01 5.138108837840333010e+00 8.884897428999002145e+00 1.176197035508677402e+01 1.348769967235238099e+01 1.389315897135870337e+01 1.293865907091794121e+01 1.071763307167710266e+01 7.447490473239961162e+00 3.448335617564784350e+00
7.744471792651960840e+00 1.749697142886484613e+01 2.553674559305208902e+01 3.107680517362260630e+01 3.357485053896531468e+01 3.278635560381501080e+01 2.878850374619144503e+01 2.197263256059061121e+01 1.300592700762608800e+01 2.766110701533240679e+00 -7.744471792652184661e+00 -1.749697142886495982e+01 -2.553674559305207481e+01 -3.107680517362246420e+01 -3.357485053896506599e+01 -3.278635560381467684e+01 -2.878850374619106489e+01 -2.197263256059021330e+01 -1.300592700762571319e+01 -2.766110701532920935e+00
-1.602796026837364884e+00 -5.332506549742308088e+00 -8.540234177800645199e+00 -1.091198418122545633e+01 -1.221559314472755453e+01 -1.232345474018163678e+01 -1.122501072310872416e+01 -9.027784447209413088e+00 -5.946855729344381558e+00 -2.283807338510874807e+00 1.602796026837459920e+00 5.332506549742364932e+00 8.540234177800652304e+00 1.091198418122541902e+01 1.221559314472747637e+01 1.232345474018152309e+01 1.122501072310858738e+01 9.027784447209267427e+00 5.946855729344237673e+00 2.283807338510748242e+00
-3.811696330999285287e+00 -9.431400705781419092e+00 -1.412789386704896089e+01 -1.744145034178507103e+01 -1.904771613533706898e+01 -1.878945876032024032e+01 -1.669195824798616457e+01 -1.296053256262750963e+01 -7.960439648698672599e+00 -2.181123438310849760e+00 3.811696330999418958e+00 9.431400705781491922e+00 1.412789386704895733e+01 1.744145034178499643e+01 1.904771613533693042e+01 1.878945876032005557e+01 1.669195824798594430e+01 1.296053256262728226e+01 7.960439648698455883e+00 2.181123438310664131e+00
1.022960189948675325e+00 -2.034190399206152300e+00 -4.892220259048771780e+00 -7.271365513832837024e+00 -8.938738849540376563e+00 -9.731126146799196519e+00 -9.570963016066663442e+00 -8.473927340501035133e+00 -6.547404615523674920e+00 -3.979976308328477153e+00 -1.022960189948581622e+00 2.034190399206220690e+00 4.892220259048805531e+00 7.271365513832835248e+00 8.938738849540339260e+00 9.731126146799127241e+00 9.570963016066571072e+00 8.473927340500924998e+00 6.547404615523558569e+00 3.979976308328367018e+00
1.763105987438587263e+00 -2.570056240273949300e+00 -6.651643456553703260e+00 -1.008212146658087960e+01 -1.252569118118827696e+01 -1.374315897135881492e+01 -1.361535060719370982e+01 -1.215477686187068862e+01 -9.504408869997638121e+00 -5.923683116818736494e+00 -1.763105987438452704e+00 2.570056240274047887e+00 6.651643456553754774e+00 1.008212146658087960e+01 1.252569118118822722e+01 1.374315897135871722e+01 1.361535060719358015e+01 1.215477686187053408e+01 9.504408869997472920e+00 5.923683116818579286e+00
-4.790642115868609885e+00 -1.049690859993529024e+01 -1.517566453397756554e+01 -1.836892068836193559e+01 -1.976409890197337305e+01 -1.922462941048538454e+01 -1.680331924642977981e+01 -1.273718311892423571e+01 -7.424242762565267384e+00 -1.384565796865432574e+00 4.790642115868738671e+00 1.049690859993535419e+01 1.517566453397755311e+01 1.836892068836184677e+01 1.976409890197322028e+01 1.922462941048518559e+01 1.680331924642955244e+01 1.273718311892400479e+01 7.424242762565048004e+00 1.384565796865246057e+00
