2.547496276603975041e+00 -2.263716817663079972e+00 1.758348984366425061e+00 -1.080861701342617831e+00 2.975721441862400618e-01 5.148458477483445206e-01 -1.276867140961112090e+00 1.913899781957622448e+00 -2.363586577369729547e+00 2.581909050510599712e+00 -2.547496276567554396e+00 2.263716817622676292e+00 -1.758348984325995845e+00 1.080861701306105926e+00 -2.975721441572380943e-01 -5.148458477670149191e-01 1.276867140967614001e+00 -1.913899781951313717e+00 2.363586577351238560e+00 -2.581909050481730361e+00
-3.223468678321693037e+00 2.881651257979607195e+00 -2.257757734861013610e+00 1.412859153931537382e+00 -4.296600750480680242e-01 -5.955971255966656663e-01 1.562553129815987152e+00 -2.376555546737967095e+00 2.957924148305921985e+00 -3.249750525165440163e+00 3.223468678276157018e+00 -2.881651257928791399e+00 2.257757734809895389e+00 -1.412859153885102748e+00 4.296600750108857114e-01 5.955971256209779963e-01 -1.562553129825037912e+00 2.376555546730863000e+00 -2.957924148283373356e+00 3.249750525129644796e+00
-2.335704549234924876e+00 2.111442712305625413e+00 -1.680498151408959195e+00 1.085054722733519883e+00 -3.833985777770668735e-01 -3.557872912656311892e-01 1.060146221321426774e+00 -1.660730652758980241e+00 2.098751196911350814e+00 -2.331331351048505862e+00 2.335704549202673341e+00 -2.111442712269223421e+00 1.680498151371972559e+00 -1.085054722699556384e+00 3.833985777494672287e-01 3.557872912841807955e-01 -1.060146221329101968e+00 1.660730652755024517e+00 -2.098751196896162075e+00 2.331331351023564036e+00
2.959435255854101499e-01 -2.452669434985342845e-01 1.705819241067480507e-01 -7.919915746934301504e-02 -1.993617451395267304e-02 1.171200148320732937e-01 -2.028393320750068451e-01 2.687033222294015200e-01 -3.082647590375577340e-01 3.176510934240001638e-01 -2.959435255806165954e-01 2.452669434935236259e-01 -1.705819241020112009e-01 7.919915746534156309e-02 1.993617451682454245e-02 -1.171200148335366231e-01 2.028393320749171946e-01 -2.687033222277672162e-01 3.082647590345397592e-01 -3.176510934198935043e-01
2.638433327175678578e+00 -2.420270402767306983e+00 1.965194548319969536e+00 -1.317751759167695491e+00 5.413182465126579190e-01 2.881032676953875216e-01 -1.089323226725717575e+00 1.783912638560431363e+00 -2.303880252080063418e+00 2.598328014446097178e+00 -2.638433327140364604e+00 2.420270402726816261e+00 -1.965194548278268893e+00 1.317751759128852784e+00 -5.413182464804937588e-01 -2.881032677177424728e-01 1.089323226736065520e+00 -1.783912638557753061e+00 2.303880252064633538e+00 -2.598328014419417631e+00
2.372810981119832352e+00 -2.250297010614782156e+00 1.907508289968762316e+00 -1.377999367508769168e+00 7.136022658714984424e-01 2.064719750732940673e-02 -7.528755693348299083e-01 1.411407234841136393e+00 -1.931780526346436044e+00 2.263057680424360729e+00 -2.372810981090414106e+00 2.250297010579686230e+00 -1.907508289931427070e+00 1.377999367472837466e+00 -7.136022658405033470e-01 -2.064719753036969863e-02 7.528755693476516520e-01 -1.411407234842478431e+00 1.931780526336179360e+00 -2.263057680403500083e+00
-5.112138363222941351e+00 4.473934429992744377e+00 -3.397790623020146228e+00 1.989047396068014173e+00 -3.856023514831329324e-01 -1.255588137910717661e+00 2.773872912164236926e+00 -4.020631679061033914e+00 4.873823003818180233e+00 -5.249930575035490321e+00 5.112138363147670894e+00 -4.473934429910435995e+00 3.397790622938859695e+00 -1.989047395995676926e+00 3.856023514268638874e-01 1.255588137945445659e+00 -2.773872912174005112e+00 4.020631679044875284e+00 -4.873823003777697949e+00 5.249930574974635000e+00
7.280071145358949503e-01 -7.708764473173767007e-01 7.382870224229226563e-01 -6.334289198252782693e-01 4.665663811962894592e-01 -2.540330744168649568e-01 1.663324036141539120e-02 2.223947711506358282e-01 -4.396532329462818356e-01 6.138753730561999911e-01 -7.280071145294252366e-01 7.708764473080486068e-01 -7.382870224116502289e-01 6.334289198131628496e-01 -4.665663811845204845e-01 2.540330744065902313e-01 -1.663324035364266429e-02 -2.223947711551430007e-01 4.396532329470871914e-01 -6.138753730532204855e-01
-2.523236515871905894e+00 2.225521789037398612e+00 -1.709957483369479281e+00 1.027010625255450282e+00 -2.435328115388114556e-01 -5.637836905623068162e-01 1.315913116916966219e+00 -1.939231798879502922e+00 2.372724960942803829e+00 -2.573959272079909155e+00 2.523236515835303617e+00 -2.225521788997082417e+00 1.709957483329397343e+00 -1.027010625219511697e+00 2.435328115105528657e-01 5.637836905801366649e-01 -1.315913116922612147e+00 1.939231798872407486e+00 -2.372724960923672466e+00 2.573959272050607261e+00
-2.466921229282202699e+00 2.241550338216155236e+00 -1.796760882245423296e+00 1.176091952351545178e+00 -4.402989478479827357e-01 -3.385935854124994537e-01 1.084342219410486585e+00 -1.723947881913729940e+00 2.194801514281661259e+00 -2.450812682348130878e+00 2.466921229248504766e+00 -2.241550338177913826e+00 1.796760882206384968e+00 -1.176091952315517553e+00 4.402989478185099781e-01 3.385935854325490268e-01 -1.084342219419141440e+00 1.723947881910136815e+00 -2.194801514266183862e+00 2.450812682322276448e+00
3.259723467098528005e+00 -2.991031456287616574e+00 2.429556446792922042e+00 -1.630259524571201935e+00 6.713814413996107566e-01 3.532161350437019176e-01 -1.343238455184708746e+00 2.201775236436523286e+00 -2.844786916872622307e+00 3.209331033086321394e+00 -3.259723467054925106e+00 2.991031456237606356e+00 -2.429556446741403697e+00 1.630259524523201442e+00 -6.713814413598490072e-01 -3.532161350713545755e-01 1.343238455197533598e+00 -2.201775236433257010e+00 2.844786916853600189e+00 -3.209331033053395288e+00
3.522432790062688834e+00 -3.137308571301085092e+00 2.445082730665806725e+00 -1.513515156460358835e+00 4.337941734619531475e-01 6.883896056541897179e-01 -1.743189013873380322e+00 2.627352935899178732e+00 -3.254333246711398342e+00 3.562756745059370900e+00 -3.522432790012560933e+00 3.137308571245348787e+00 -2.445082730609921651e+00 1.513515156409775297e+00 -4.337941734216481660e-01 -6.883896056802946140e-01 1.743189013882716853e+00 -2.627352935890824970e+00 3.254333246686187842e+00 -3.562756745019762139e+00
1.956228180955220886e+00 -1.743562000796877287e+00 1.360223823889427974e+00 -8.437374618633097789e-01 2.446601984062998780e-01 3.783661099172002662e-01 -9.643553071685787570e-01 1.455946687893876490e+00 -1.805019862629137606e+00 1.977405116895633475e+00 -1.956228180927420235e+00 1.743562000765944919e+00 -1.360223823858394132e+00 8.437374618352010414e-01 -2.446601983838818661e-01 -3.783661099317464638e-01 9.643553071738220073e-01 -1.455946687889299263e+00 1.805019862615196535e+00 -1.977405116873687918e+00
-2.258804518099080116e+00 1.972124089115968149e+00 -1.492398413693439618e+00 8.665863833878806322e-01 -1.559468400150652023e-01 -5.699578666022753204e-01 1.240071126104548949e+00 -1.788797583697879778e+00 2.162424070511017593e+00 -2.324377422806135129e+00 2.258804518065672617e+00 -1.972124089079515752e+00 1.492398413657512357e+00 -8.665863833559819263e-01 1.559468399903343461e-01 5.699578666174330843e-01 -1.240071126108641453e+00 1.788797583690501236e+00 -2.162424070492900530e+00 2.324377422779047020e+00
-3.598203609276008630e-02 7.021575905085454539e-02 -9.757627429097276428e-02 1.153853439494963995e-01 -1.218996922051796133e-01 1.164816492626474520e-01 -9.966157091487218289e-02 7.308592362294677458e-02 -3.935611690726456557e-02 1.773859258572794279e-03 3.598203609346059539e-02 -7.021575905096816284e-02 9.757627429048845724e-02 -1.153853439484620741e-01 1.218996922036961333e-01 -1.164816492608600346e-01 9.966157091295574366e-02 -7.308592362108930207e-02 3.935611690564723431e-02 -1.773859257354664515e-03
-2.208809081670941588e+00 1.980366972175267470e+00 -1.558072745414642135e+00 9.832635026019660440e-01 -3.122055773558853331e-01 -3.894132050644545928e-01 1.052913509769822120e+00 -1.613347304056987008e+00 2.015855423369245170e+00 -2.221037568549532271e+00 2.208809081639922400e+00 -1.980366972140550574e+00 1.558072745379627921e+00 -9.832635025700695586e-01 3.122055773302447323e-01 3.894132050813444712e-01 -1.052913509776299605e+00 1.613347304052413111e+00 -2.015855423354077747e+00 2.221037568525249917e+00
-2.803499928200779978e-01 1.931401147292700071e-01 -8.702433652257454688e-02 -2.760999007693712426e-02 1.395416584773105373e-01 -2.378140171016774052e-01 3.128074827840858774e-01 -3.571811725933644599e-01 3.665914806013575444e-01 -3.401172602948528412e-01 2.803499928142915154e-01 -1.931401147238218652e-01 8.702433651799837411e-02 2.760999008019604517e-02 -1.395416584789302417e-01 2.378140171015016291e-01 -3.128074827821305526e-01 3.571811725898207390e-01 -3.665914805965728718e-01 3.401172602892957308e-01
-2.183518350768913319e+00 1.949912236745572791e+00 -1.525435127151785197e+00 9.516377989811948268e-01 -2.846875325968478143e-01 -4.101299330112489483e-01 1.064801023231016552e+00 -1.615241970389839299e+00 2.007571779432202774e+00 -2.203386475126723809e+00 2.183518350738002489e+00 -1.949912236711114133e+00 1.525435127117154233e+00 -9.516377989497690759e-01 2.846875325717191929e-01 4.101299330276354516e-01 -1.064801023237049060e+00 1.615241970384921899e+00 -2.007571779416827074e+00 2.203386475102388609e+00
4.919053698977426059e+00 -4.467134041306189296e+00 3.577940179317829372e+00 -2.338512603603205342e+00 8.701751208744278321e-01 6.833411655489181058e-01 -2.169967257566302266e+00 3.444181835357492893e+00 -4.381255898073176169e+00 4.889462107476203911e+00 -4.919053698910150985e+00 4.467134041229892105e+00 -3.577940179239980978e+00 2.338512603531401002e+00 -8.701751208157301187e-01 -6.833411655887962066e-01 2.169967257583439224e+00 -3.444181835350199172e+00 4.381255898042188512e+00 -4.889462107424542126e+00
-2.332614169818493011e+00 2.094309948647853581e+00 -1.651000077787695419e+00 1.046078816120022736e+00 -3.387600714718173589e-01 -4.017188692506781234e-01 1.102874768108947690e+00 -1.696073600482108645e+00 2.123248931598151756e+00 -2.342585863742094876e+00 2.332614169785828917e+00 -2.094309948611243311e+00 1.651000077750725437e+00 -1.046078816086298602e+00 3.387600714446569183e-01 4.017188692686319285e-01 -1.102874768115928772e+00 1.696073600477428167e+00 -2.123248931582278676e+00 2.342585863716576622e+00
