7.280071145327167148e-01 -7.708764473127567296e-01 7.382870224178168517e-01 -6.334289198205058646e-01 4.665663811924208315e-01 -2.540330744141561792e-01 1.663324035979435456e-02 2.223947711515280590e-01 -4.396532329470064226e-01 6.138753730574013634e-01 -7.280071145316977521e-01 7.708764473118092653e-01 -7.382870224170348106e-01 6.334289198199651860e-01 -4.665663811921748061e-01 2.540330744142288433e-01 -1.663324036017588270e-02 -2.223947711508725278e-01 4.396532329461408928e-01 -6.138753730564106004e-01
-2.523236515844643257e+00 2.225521789011377649e+00 -1.709957483347764207e+00 1.027010625239931807e+00 -2.435328115300371132e-01 -5.637836905650874808e-01 1.315913116915571113e+00 -1.939231798876435597e+00 2.372724960940776562e+00 -2.573959272081340455e+00 2.523236515841864591e+00 -2.225521789009357043e+00 1.709957483346703278e+00 -1.027010625239925812e+00 2.435328115310909924e-01 5.637836905630768669e-01 -1.315913116912808656e+00 1.939231798873183532e+00 -2.372724960937351746e+00 2.573959272078078619e+00
-2.466921229256221704e+00 2.241550338190108072e+00 -1.796760882222546485e+00 1.176091952334046065e+00 -4.402989478368196097e-01 -3.385935854176327919e-01 1.084342219410995733e+00 -1.723947881911794378e+00 2.194801514279804522e+00 -2.450812682348743721e+00 2.466921229253394632e+00 -2.241550338187946689e+00 1.796760882221266398e+00 -1.176091952333765178e+00 4.402989478375693433e-01 3.385935854159259906e-01 -1.084342219408506836e+00 1.723947881908758806e+00 -2.194801514276518262e+00 2.450812682345529403e+00
3.259723467065654301e+00 -2.991031456254515497e+00 2.429556446763821764e+00 -1.630259524548996142e+00 6.713814413855628827e-01 3.532161350499882224e-01 -1.343238455185079117e+00 2.201775236433849869e+00 -2.844786916870240656e+00 3.209331033087400087e+00 -3.259723467061868885e+00 2.991031456251576515e+00 -2.429556446762022315e+00 1.630259524548503203e+00 -6.713814413864291897e-01 -3.532161350478476569e-01 1.343238455181884117e+00 -2.201775236429902805e+00 2.844786916865926329e+00 -3.209331033083141715e+00
3.522432790023054316e+00 -3.137308571262659385e+00 2.445082730633158619e+00 -1.513515156436447073e+00 4.337941734478525380e-01 6.883896056592641033e-01 -1.743189013871787152e+00 2.627352935894338604e+00 -3.254333246707141303e+00 3.562756745059230123e+00 -3.522432790019124127e+00 3.137308571259752377e+00 -2.445082730631564338e+00 1.513515156436311182e+00 -4.337941734491935208e-01 -6.883896056565775856e-01 1.743189013868028825e+00 -2.627352935889864849e+00 3.254333246702388660e+00 -3.562756745054665330e+00
1.956228180933585969e+00 -1.743562000775938925e+00 1.360223823871686832e+00 -8.437374618503747925e-01 2.446601983987377049e-01 3.783661099198487032e-01 -9.643553071676372879e-01 1.455946687891249036e+00 -1.805019862626944249e+00 1.977405116895821324e+00 -1.956228180931401273e+00 1.743562000774320886e+00 -1.360223823870797100e+00 8.437374618502941903e-01 -2.446601983994772800e-01 -3.783661099183614485e-01 9.643553071655540654e-01 -1.455946687888767244e+00 1.805019862624306359e+00 -1.977405116893285353e+00
-2.258804518073186163e+00 1.972124089091589649e+00 -1.492398413673371005e+00 8.665863833738151056e-01 -1.559468400074494887e-01 -5.699578666041896780e-01 1.240071126102487709e+00 -1.788797583694188953e+00 2.162424070508224716e+00 -2.324377422806490401e+00 2.258804518070732570e+00 -1.972124089089837717e+00 1.492398413672495483e+00 -8.665863833738940425e-01 1.559468400084790818e-01 5.699578666023104034e-01 -1.240071126099949517e+00 1.788797583691232873e+00 -2.162424070505140072e+00 2.324377422803578064e+00
-3.598203609382118195e-02 7.021575905139464113e-02 -9.757627429105213135e-02 1.153853439492197874e-01 -1.218996922046747811e-01 1.164816492620429356e-01 -9.966157091427688131e-02 7.308592362243451768e-02 -3.935611690686528774e-02 1.773859258271604650e-03 3.598203609371666833e-02 -7.021575905125691797e-02 9.757627429089482662e-02 -1.153853439490586108e-01 1.218996922045254144e-01 -1.164816492619199645e-01 9.966157091419208802e-02 -7.308592362239638152e-02 3.935611690687750019e-02 -1.773859258332979166e-03
-2.208809081648107409e+00 1.980366972152792115e+00 -1.558072745395267633e+00 9.832635025874797430e-01 -3.122055773469504247e-01 -3.894132050682867496e-01 1.052913509769939804e+00 -1.613347304055409159e+00 2.015855423368225541e+00 -2.221037568551133656e+00 2.208809081645620065e+00 -1.980366972150932048e+00 1.558072745394219583e+00 -9.832635025873398549e-01 3.122055773477355745e-01 3.894132050666535561e-01 -1.052913509767625211e+00 1.613347304052632714e+00 -2.015855423365258137e+00 2.221037568548266172e+00
-2.803499928149538190e-01 1.931401147251457506e-01 -8.702433651976268503e-02 -2.760999007835041041e-02 1.395416584774560598e-01 -2.378140171008632786e-01 3.128074827827359572e-01 -3.571811725919432079e-01 3.665914806002920079e-01 -3.401172602944625423e-01 2.803499928147363818e-01 -1.931401147250744188e-01 8.702433651984481378e-02 2.760999007812448003e-02 -1.395416584771076995e-01 2.378140171004265724e-01 -3.128074827822543424e-01 3.571811725914629254e-01 -3.665914805998599091e-01 3.401172602941210377e-01
-2.183518350744785952e+00 1.949912236722019188e+00 -1.525435127131625546e+00 9.516377989662709869e-01 -2.846875325878511775e-01 -4.101299330147661903e-01 1.064801023230469657e+00 -1.615241970387298664e+00 2.007571779429995651e+00 -2.203386475127000921e+00 2.183518350742340353e+00 -1.949912236720202419e+00 1.525435127130618351e+00 -9.516377989661650716e-01 2.846875325886605856e-01 4.101299330131210619e-01 -1.064801023228156618e+00 1.615241970384536874e+00 -2.007571779427054892e+00 2.203386475124169408e+00
4.919053698924764184e+00 -4.467134041253963517e+00 3.577940179272513621e+00 -2.338512603569164128e+00 8.701751208534806992e-01 6.833411655575165611e-01 -2.169967257565519780e+00 3.444181835351855181e+00 -4.381255898067889731e+00 4.889462107476189701e+00 -4.919053698919130468e+00 4.467134041249661180e+00 -3.577940179269970322e+00 2.338512603568614789e+00 -8.701751208549863836e-01 -6.833411655541032914e-01 2.169967257560548646e+00 -3.444181835345796916e+00 4.381255898061334975e+00 -4.889462107469781493e+00
-2.332614169794252401e+00 2.094309948624002882e+00 -1.651000077767150076e+00 1.046078816104687226e+00 -3.387600714624042775e-01 -4.017188692546367346e-01 1.102874768108920600e+00 -1.696073600480238808e+00 2.123248931596838140e+00 -2.342585863743540830e+00 2.332614169791621617e+00 -2.094309948622030237e+00 1.651000077766032526e+00 -1.046078816104527132e+00 3.387600714632209020e-01 4.017188692529236049e-01 -1.102874768106485659e+00 1.696073600477313148e+00 -2.123248931593707312e+00 2.342585863740511698e+00
-2.485517264508092072e+00 2.275170115914029623e+00 -1.842113464332134409e+00 1.228737912102392693e+00 -4.950849319158293627e-01 -2.870304108660078901e-01 1.041049217173627639e+00 -1.693162872687756337e+00 2.179537949263712804e+00 -2.452564665631880025e+00 2.485517264505215262e+00 -2.275170115911804292e+00 1.842113464330782602e+00 -1.228737912102039642e+00 4.950849319165133711e-01 2.870304108643541574e-01 -1.041049217171174046e+00 1.693162872684734754e+00 -2.179537949260418106e+00 2.452564665628635066e+00
-2.104926201204869951e+00 2.015749879524832533e+00 -1.729257915081765962e+00 1.273494137462285458e+00 -6.930718807127631553e-01 4.480691936350816862e-02 6.078440554410444729e-01 -1.200995019000338448e+00 1.676584222275451896e+00 -1.988057680425039830e+00 2.104926201202283131e+00 -2.015749879522696464e+00 1.729257915080292474e+00 -1.273494137461613995e+00 6.930718807129623293e-01 -4.480691936455805102e-02 -6.078440554392535722e-01 1.200995018997975006e+00 -1.676584222272746283e+00 1.988057680422257389e+00
-2.402366900382757908e+00 2.204402125093262832e+00 -1.790655110827050533e+00 1.201626298085493261e+00 -4.949739310648039181e-01 -2.601299330144791755e-01 9.897704668183082699e-01 -1.622525371193490606e+00 2.096456187437173657e+00 -2.365171265185320504e+00 2.402366900379968140e+00 -2.204402125091096565e+00 1.790655110825724261e+00 -1.201626298085129774e+00 4.949739310654421853e-01 2.601299330129018816e-01 -9.897704668159539310e-01 1.622525371190581822e+00 -2.096456187433993978e+00 2.365171265182182125e+00
-2.862802069515090864e+00 2.617071212319428852e+00 -2.115163190654784753e+00 1.406208258680551770e+00 -5.596038647178454006e-01 -3.417784545126040241e-01 1.209705117304629152e+00 -1.959217414703568361e+00 2.516947860880821342e+00 -2.828301913828109804e+00 2.862802069511782843e+00 -2.617071212316875783e+00 2.115163190653240211e+00 -1.406208258680159862e+00 5.596038647186478698e-01 3.417784545106856142e-01 -1.209705117301791866e+00 1.959217414700080706e+00 -2.516947860877023047e+00 2.828301913824374125e+00
-3.136240191379715103e+00 2.807597496187828501e+00 -2.204127596387272181e+00 1.384902330392597802e+00 -4.301131751174308571e-01 -5.667784545126837159e-01 1.508189860037171481e+00 -2.301969133884417928e+00 2.870415630144910857e+00 -3.157885845165121719e+00 3.136240191376191255e+00 -2.807597496185199937e+00 2.204127596385800025e+00 -1.384902330392417058e+00 4.301131751185639507e-01 5.667784545103479177e-01 -1.508189860033871232e+00 2.301969133880466423e+00 -2.870415630140692897e+00 3.157885845161051641e+00
-1.015309909803986610e+00 9.888384529596567774e-01 -8.655725986970637109e-01 6.575784676751572633e-01 -3.852159746186952227e-01 7.514585800912318425e-02 2.422800587542790485e-01 -5.359899153023193197e-01 7.772333444791897916e-01 -9.423957585952741356e-01 1.015309909802711186e+00 -9.888384529585795280e-01 8.655725986962918839e-01 -6.575784676747642443e-01 3.852159746187205913e-01 -7.514585800956444239e-02 -2.422800587534686412e-01 5.359899153012157580e-01 -7.772333444779004896e-01 9.423957585939256587e-01
-2.801251461110989993e+00 2.559513591779961406e+00 -2.067232698905872912e+00 1.372596666205948113e+00 -5.436013083746937813e-01 -3.386055330130745555e-01 1.187667305625841552e+00 -1.920471927399108436e+00 2.465287376203735281e+00 -2.768783319958354028e+00 2.801251461107755691e+00 -2.559513591777466512e+00 2.067232698904366561e+00 -1.372596666205569971e+00 5.436013083754845931e-01 3.386055330111923389e-01 -1.187667305623060887e+00 1.920471927395692502e+00 -2.465287376200016922e+00 2.768783319954698730e+00
