-3.223468678382378272e+00 2.881651258041415975e+00 -2.257757734917166026e+00 1.412859153977074511e+00 -4.296600750802899715e-01 -5.955971255781200568e-01 1.562553129809388208e+00 -2.376555546739965052e+00 2.957924148312314205e+00 -3.249750525171955839e+00 3.223468678279233668e+00 -2.881651257926202803e+00 2.257757734801156158e+00 -1.412859153871640627e+00 4.296600749957307230e-01 5.955971256335053088e-01 -1.562553129830195120e+00 2.376555546724158585e+00 -2.957924148261425579e+00 3.249750525090977948e+00
-2.335704549278264874e+00 2.111442712349458350e+00 -1.680498151448377886e+00 1.085054722764961399e+00 -3.833985777986370080e-01 -3.557872912540984145e-01 1.060146221318550186e+00 -1.660730652762179682e+00 2.098751196917413520e+00 -2.331331351054172885e+00 2.335704549205219749e+00 -2.111442712266932809e+00 1.680498151364445691e+00 -1.085054722687850637e+00 3.833985777358802083e-01 3.557872912963422340e-01 -1.060146221336158101e+00 1.660730652753429792e+00 -2.098751196883150705e+00 2.331331350997759344e+00
2.959435255908852147e-01 -2.452669435034328382e-01 1.705819241105957784e-01 -7.919915747188940869e-02 -1.993617451272102631e-02 1.171200148319560541e-01 -2.028393320756416984e-01 2.687033222303321645e-01 -3.082647590383213454e-01 3.176510934242076090e-01 -2.959435255800211273e-01 2.452669434920668190e-01 -1.705819240998396047e-01 7.919915746279790336e-02 1.993617451926017747e-02 -1.171200148353006565e-01 2.028393320754659501e-01 -2.687033222266532739e-01 3.082647590314982478e-01 -3.176510934149088805e-01
2.638433327222835967e+00 -2.420270402817039201e+00 1.965194548366582028e+00 -1.317751759206818640e+00 5.413182465416631617e-01 2.881032676772593004e-01 -1.089323226717493487e+00 1.783912638559733921e+00 -2.303880252083691627e+00 2.598328014450648649e+00 -2.638433327142865270e+00 2.420270402725254399e+00 -1.965194548271963493e+00 1.317751759118641175e+00 -5.413182464685414308e-01 -2.881032677281499810e-01 1.089323226741185646e+00 -1.783912638553909913e+00 2.303880252048908339e+00 -2.598328014390320906e+00
2.372810981157931209e+00 -2.250297010656715724e+00 1.907508290009406915e+00 -1.377999367544026077e+00 7.136022658987131173e-01 2.064719748919696674e-02 -7.528755693252684456e-01 1.411407234838323976e+00 -1.931780526347722571e+00 2.263057680426802332e+00 -2.372810981091336480e+00 2.250297010577182011e+00 -1.907508289924716438e+00 1.377999367462479308e+00 -7.136022658282779041e-01 -2.064719754161031817e-02 7.528755693545416960e-01 -1.411407234841593805e+00 1.931780526324655689e+00 -2.263057680379667147e+00
-5.112138363324902457e+00 4.473934430092939785e+00 -3.397790623107969310e+00 1.989047396136102375e+00 -3.856023515279802805e-01 -1.255588137888750788e+00 2.773872912161437831e+00 -4.020631679071204445e+00 4.873823003833948064e+00 -5.249930575049634562e+00 5.112138363154378418e+00 -4.473934429906296195e+00 3.397790622923462234e+00 -1.989047395971823784e+00 3.856023513999745078e-01 1.255588137967918128e+00 -2.773872912184044637e+00 4.020631679035039596e+00 -4.873823003742529636e+00 5.249930574911925163e+00
7.280071145423178125e-01 -7.708764473256017880e-01 7.382870224315319918e-01 -6.334289198330714799e-01 4.665663812024375412e-01 -2.540330744209956526e-01 1.663324036362390235e-02 2.223947711498331370e-01 -4.396532329460819399e-01 6.138753730556736343e-01 -7.280071145277006162e-01 7.708764473044877885e-01 -7.382870224059874253e-01 6.334289198055986780e-01 -4.665663811757224666e-01 2.540330743976578209e-01 -1.663324034594404477e-02 -2.223947711601257926e-01 4.396532329479745926e-01 -6.138753730489857618e-01
-2.523236515919315970e+00 2.225521789084468072e+00 -1.709957483411142398e+00 1.027010625288168999e+00 -2.435328115608756672e-01 -5.637836905507701557e-01 1.315913116914235736e+00 -1.939231798882675939e+00 2.372724960948426443e+00 -2.573959272084609839e+00 2.523236515836398297e+00 -2.225521788993051420e+00 1.709957483320168503e+00 -1.027010625206557837e+00 2.435328114965980562e-01 5.637836905914046515e-01 -1.315913116927262871e+00 1.939231798866821954e+00 -2.372724960905231217e+00 2.573959272018309097e+00
-2.466921229326408227e+00 2.241550338262153108e+00 -1.796760882288018113e+00 1.176091952386833617e+00 -4.402989478737160955e-01 -3.385935853968239373e-01 1.084342219403781060e+00 -1.723947881913644231e+00 2.194801514285143806e+00 -2.450812682352013550e+00 2.466921229250089720e+00 -2.241550338175461121e+00 1.796760882199433640e+00 -1.176091952305040378e+00 4.402989478067046991e-01 3.385935854424773073e-01 -1.084342219423620524e+00 1.723947881905729451e+00 -2.194801514250237062e+00 2.450812682293540767e+00
3.259723467154156396e+00 -2.991031456345184303e+00 2.429556446845769546e+00 -1.630259524614392053e+00 6.713814414303964639e-01 3.532161350257672083e-01 -1.343238455177988566e+00 2.201775236437743644e+00 -2.844786916877626304e+00 3.209331033090852880e+00 -3.259723467055414492e+00 2.991031456231820762e+00 -2.429556446728875052e+00 1.630259524505425217e+00 -6.713814413400027714e-01 -3.532161350887176310e-01 1.343238455207350857e+00 -2.201775236430646210e+00 2.844786916834746382e+00 -3.209331033016400880e+00
3.522432790129050861e+00 -3.137308571368049748e+00 2.445082730726065634e+00 -1.513515156508645987e+00 4.337941734955077511e-01 6.883896056355613968e-01 -1.743189013867598947e+00 2.627352935902427689e+00 -3.254333246718978057e+00 3.562756745066568698e+00 -3.522432790015501247e+00 3.137308571241677058e+00 -2.445082730599232423e+00 1.513515156393787420e+00 -4.337941734038422426e-01 -6.883896056950367104e-01 1.743189013889080874e+00 -2.627352935883815466e+00 3.254333246662076462e+00 -3.562756744976959489e+00
1.956228180992232168e+00 -1.743562000834139925e+00 1.360223823922871222e+00 -8.437374618900065348e-01 2.446601984247238903e-01 3.783661099071401468e-01 -9.643553071657027242e-01 1.455946687896034097e+00 -1.805019862633684191e+00 1.977405116899917603e+00 -1.956228180929259208e+00 1.743562000764007136e+00 -1.360223823852439562e+00 8.437374618261811454e-01 -2.446601983737390074e-01 -3.783661099402803041e-01 9.643553071777646313e-01 -1.455946687885837809e+00 1.805019862602218472e+00 -1.977405116850269540e+00
-2.258804518143689766e+00 1.972124089159855931e+00 -1.492398413731974349e+00 8.665863834178543224e-01 -1.559468400349577344e-01 -5.699578665922967469e-01 1.240071126102858745e+00 -1.788797583701776883e+00 2.162424070517302788e+00 -2.324377422811688465e+00 2.258804518068004530e+00 -1.972124089077195164e+00 1.492398413650424249e+00 -8.665863833454107157e-01 1.559468399786957116e-01 5.699578666268538818e-01 -1.240071126112340716e+00 1.788797583685255654e+00 -2.162424070476385740e+00 2.324377422750388167e+00
-3.598203609109356521e-02 7.021575904970088489e-02 -9.757627429029469557e-02 1.153853439492146249e-01 -1.218996922051944903e-01 1.164816492628615585e-01 -9.966157091520874700e-02 7.308592362336362169e-02 -3.935611690775818461e-02 1.773859259175402520e-03 3.598203609269212677e-02 -7.021575904996961437e-02 9.757627428920756518e-02 -1.153853439468775499e-01 1.218996922018365375e-01 -1.164816492588114927e-01 9.966157091086290387e-02 -7.308592361914703628e-02 3.935611690408433172e-02 -1.773859256403088891e-03
-2.208809081710819466e+00 1.980366972216132115e+00 -1.558072745451971608e+00 9.832635026324508809e-01 -3.122055773777240861e-01 -3.894132050515054511e-01 1.052913509764615396e+00 -1.613347304057302756e+00 2.015855423372307165e+00 -2.221037568552537866e+00 2.208809081640560112e+00 -1.980366972137421300e+00 1.558072745372509837e+00 -9.832635025600285905e-01 3.122055773194150063e-01 3.894132050899782871e-01 -1.052913509779497714e+00 1.613347304047138886e+00 -2.015855423338081653e+00 2.221037568497608028e+00
-2.803499928290290044e-01 1.931401147373109917e-01 -8.702433652906960138e-02 -2.760999007234796188e-02 1.395416584747017630e-01 -2.378140171008694403e-01 3.128074827847053818e-01 -3.571811725949219918e-01 3.665914806033407358e-01 -3.401172602968108305e-01 2.803499928159040588e-01 -1.931401147249419137e-01 8.702433651866606223e-02 2.760999007976502884e-02 -1.395416584784090752e-01 2.378140171005018455e-01 -3.128074827803005165e-01 3.571811725869106224e-01 -3.665914805925065689e-01 3.401172602842143511e-01
-2.183518350810292663e+00 1.949912236787689324e+00 -1.525435127190029938e+00 9.516377990121956953e-01 -2.846875326187688904e-01 -4.101299329986545783e-01 1.064801023226575216e+00 -1.615241970391276372e+00 2.007571779436662318e+00 -2.203386475131302369e+00 2.183518350740275338e+00 -1.949912236709561819e+00 1.525435127111435696e+00 -9.516377989408395521e-01 2.846875325616209929e-01 4.101299330359852169e-01 -1.064801023240446121e+00 1.615241970380330683e+00 -2.007571779401961187e+00 2.203386475076249962e+00
4.919053699066942009e+00 -4.467134041398205468e+00 3.577940179401964294e+00 -2.338512603671765167e+00 8.701751209231144424e-01 6.833411655208414537e-01 -2.169967257556348450e+00 3.444181835360637489e+00 -4.381255898083009193e+00 4.889462107486129305e+00 -4.919053698914579442e+00 4.467134041225238050e+00 -3.577940179225312711e+00 2.338512603508746235e+00 -8.701751207896537554e-01 -6.833411656116462618e-01 2.169967257595635246e+00 -3.444181835344563680e+00 4.381255898013122874e+00 -4.889462107369289434e+00
-2.332614169860214304e+00 2.094309948690387113e+00 -1.651000077826317192e+00 1.046078816151303714e+00 -3.387600714939328905e-01 -4.017188692379020654e-01 1.102874768104218806e+00 -1.696073600483011701e+00 2.123248931601699585e+00 -2.342585863745294095e+00 2.332614169786229485e+00 -2.094309948607385063e+00 1.651000077742417638e+00 -1.046078816074732076e+00 3.387600714321689077e-01 4.017188692787966309e-01 -1.102874768120253535e+00 1.696073600472618015e+00 -2.123248931565883346e+00 2.342585863687569603e+00
-2.485517264577238095e+00 2.275170115984832542e+00 -1.842113464396165190e+00 1.228737912153567091e+00 -4.950849319509987856e-01 -2.870304108469455828e-01 1.041049217168050545e+00 -1.693162872690979759e+00 2.179537949269996222e+00 -2.452564665635506458e+00 2.485517264501552859e+00 -2.275170115898170309e+00 1.842113464307004289e+00 -1.228737912070647420e+00 4.950849318824213086e-01 2.870304108944513599e-01 -1.041049217189847553e+00 1.693162872684936149e+00 -2.179537949236690419e+00 2.452564665578208736e+00
