9.732145694521538104e+00 -1.451140694045989221e+00 -1.249237932078854563e+01 -2.231077682008755403e+01 -2.994524003591371297e+01 -3.464845451626895567e+01 -3.596003685859396626e+01 -3.375160024489044730e+01 -2.823932183799037432e+01 -1.996278185466311328e+01 -9.732145694521655344e+00 1.451140694045820467e+00 1.249237932078833602e+01 2.231077682008734087e+01 2.994524003591349270e+01 3.464845451626875672e+01 3.596003685859382415e+01 3.375160024489036203e+01 2.823932183799035300e+01 1.996278185466318078e+01
-5.105715878530731722e+00 -2.357896628500947056e+00 6.207299719583305730e-01 3.538595197882303811e+00 6.110078070995071720e+00 8.083463931101666944e+00 9.265584020827086320e+00 9.540724189474037331e+00 8.881951800321077783e+00 7.353752084755626584e+00 5.105715878530746821e+00 2.357896628500978586e+00 -6.207299719582843878e-01 -3.538595197882250964e+00 -6.110078070995012212e+00 -8.083463931101604771e+00 -9.265584020827036582e+00 -9.540724189473998251e+00 -8.881951800321054691e+00 -7.353752084755627472e+00
-3.513895773475772089e+00 -8.158145581128712465e+00 -1.200381925815817219e+01 -1.467447547067246738e+01 -1.590869178103470460e+01 -1.558565449749595544e+01 -1.373698476010209113e+01 -1.054364324318867396e+01 -6.318216463749827483e+00 -1.474318635236516073e+00 3.513895773475685935e+00 8.158145581128612989e+00 1.200381925815807449e+01 1.467447547067237501e+01 1.590869178103462822e+01 1.558565449749590393e+01 1.373698476010207159e+01 1.054364324318867929e+01 6.318216463749865675e+00 1.474318635236590680e+00
-3.353899164000950783e+00 -8.119665633120511927e+00 -1.209062265703319916e+01 -1.487806529495399133e+01 -1.620913924022833186e+01 -1.595354970095527669e+01 -1.413631556203590378e+01 -1.093532036240239336e+01 -6.663899814839860269e+00 -1.740170323280636921e+00 3.353899164000863298e+00 8.119665633120412451e+00 1.209062265703309969e+01 1.487806529495389718e+01 1.620913924022825725e+01 1.595354970095522340e+01 1.413631556203588246e+01 1.093532036240239691e+01 6.663899814839896685e+00 1.740170323280711306e+00
5.668391827880828515e+00 1.198545864724602872e+01 1.712930526661802944e+01 2.059641613960592110e+01 2.204740629717973022e+01 2.134024271307325904e+01 1.854414748599725726e+01 1.393282189831891316e+01 7.957654627554784810e+00 1.203536677605609118e+00 -5.668391827880706835e+00 -1.198545864724589194e+01 -1.712930526661789443e+01 -2.059641613960579676e+01 -2.204740629717962719e+01 -2.134024271307319509e+01 -1.854414748599723595e+01 -1.393282189831892559e+01 -7.957654627554843429e+00 -1.203536677605715699e+00
5.791092701549491295e+00 1.230083406281534053e+01 1.760648408106233731e+01 2.118868876586711991e+01 2.269679696399333935e+01 2.198318453740073508e+01 1.911770484243432833e+01 1.438085099660843369e+01 8.236299257953893616e+00 1.285521162259542827e+00 -5.791092701549366062e+00 -1.230083406281519842e+01 -1.760648408106219875e+01 -2.118868876586699557e+01 -2.269679696399323632e+01 -2.198318453740066758e+01 -1.911770484243430346e+01 -1.438085099660844612e+01 -8.236299257953954012e+00 -1.285521162259653405e+00
1.368442928634861167e+00 5.503643306957798131e+00 9.100108732257979227e+00 1.180579211065896672e+01 1.335584230147826901e+01 1.359852959220377322e+01 1.251009805991748713e+01 1.019709096654800184e+01 6.885921562062367052e+00 2.900710178045431853e+00 -1.368442928634792999e+00 -5.503643306957717307e+00 -9.100108732257893962e+00 -1.180579211065888678e+01 -1.335584230147819795e+01 -1.359852959220371993e+01 -1.251009805991746049e+01 -1.019709096654799829e+01 -6.885921562062390144e+00 -2.900710178045487808e+00
-1.629392083059121088e+00 -5.541222389647040281e+00 -8.910639240769715030e+00 -1.140782063893163922e+01 -1.278832506999483876e+01 -1.291701914170689847e+01 -1.178130538166431940e+01 -9.492355365683131652e+00 -6.274227469380106115e+00 -2.441934473260867211e+00 1.629392083059055141e+00 5.541222389646962121e+00 8.910639240769633318e+00 1.140782063893156462e+01 1.278832506999477125e+01 1.291701914170684873e+01 1.178130538166429631e+01 9.492355365683129875e+00 6.274227469380128319e+00 2.441934473260922278e+00
-2.864675744780933009e+00 -2.288249747801478051e+00 -1.487833922333742231e+00 -5.417785461994890639e-01 4.573098888298626763e-01 1.411633645675194781e+00 2.227776865851892829e+00 2.825849764564879241e+00 3.147308799469215490e+00 3.160687320491669450e+00 2.864675744780927680e+00 2.288249747801477163e+00 1.487833922333749115e+00 5.417785461994998331e-01 -4.573098888298462450e-01 -1.411633645675174131e+00 -2.227776865851872401e+00 -2.825849764564861033e+00 -3.147308799469199503e+00 -3.160687320491658792e+00
-2.692913011046146110e+00 -6.501187365396019935e+00 -9.673080203985064074e+00 -1.189810455589528004e+01 -1.295845953490545632e+01 -1.275035020774252281e+01 -1.129414776533212894e+01 -8.732395448696419038e+00 -5.315855423365622556e+00 -1.378962431453194304e+00 2.692913011046075944e+00 6.501187365395939111e+00 9.673080203984982361e+00 1.189810455589520721e+01 1.295845953490539237e+01 1.275035020774247840e+01 1.129414776533211118e+01 8.732395448696424367e+00 5.315855423365652754e+00 1.378962431453254034e+00
2.539567905634999567e-01 -1.328550311348542845e+00 -2.781009652231472007e+00 -3.961244391920379027e+00 -4.753724930915545599e+00 -5.080877752523539570e+00 -4.910678859157629361e+00 -4.259788504345890736e+00 -3.191920371037064719e+00 -1.811604832394198450e+00 -2.539567905635221612e-01 1.328550311348514867e+00 2.781009652231440921e+00 3.961244391920348384e+00 4.753724930915517177e+00 5.080877752523515589e+00 4.910678859157615150e+00 4.259788504345884519e+00 3.191920371037068271e+00 1.811604832394214881e+00
-8.883663543245680083e-01 -5.138108837840260179e+00 -8.884897428998826285e+00 -1.176197035508652178e+01 -1.348769967235208789e+01 -1.389315897135840316e+01 -1.293865907091768008e+01 -1.071763307167691792e+01 -7.447490473239879449e+00 -3.448335617564810107e+00 8.883663543245007288e-01 5.138108837840179355e+00 8.884897428998739244e+00 1.176197035508644007e+01 1.348769967235201328e+01 1.389315897135834632e+01 1.293865907091764988e+01 1.071763307167691259e+01 7.447490473239900766e+00 3.448335617564864286e+00
7.744471792652259268e+00 1.749697142886469692e+01 2.553674559305152059e+01 3.107680517362170036e+01 3.357485053896419913e+01 3.278635560381380998e+01 2.878850374619030816e+01 2.197263256058966974e+01 1.300592700762545562e+01 2.766110701532959126e+00 -7.744471792652077191e+00 -1.749697142886448731e+01 -2.553674559305131098e+01 -3.107680517362151207e+01 -3.357485053896404281e+01 -3.278635560381370340e+01 -2.878850374619026908e+01 -2.197263256058968395e+01 -1.300592700762553378e+01 -2.766110701533118110e+00
-1.602796026837546739e+00 -5.332506549742364044e+00 -8.540234177800574145e+00 -1.091198418122527691e+01 -1.221559314472729696e+01 -1.232345474018133125e+01 -1.122501072310841508e+01 -9.027784447209135976e+00 -5.946855729344173724e+00 -2.283807338510751350e+00 1.602796026837483234e+00 5.332506549742290325e+00 8.540234177800497761e+00 1.091198418122520764e+01 1.221559314472723479e+01 1.232345474018128506e+01 1.122501072310839199e+01 9.027784447209134200e+00 5.946855729344195929e+00 2.283807338510803309e+00
-3.811696330999487348e+00 -9.431400705781406657e+00 -1.412789386704874239e+01 -1.744145034178468734e+01 -1.904771613533657160e+01 -1.878945876031969320e+01 -1.669195824798563521e+01 -1.296053256262706377e+01 -7.960439648698367066e+00 -2.181123438310704543e+00 3.811696330999385651e+00 9.431400705781289417e+00 1.412789386704862515e+01 1.744145034178457720e+01 1.904771613533647923e+01 1.878945876031962925e+01 1.669195824798561034e+01 1.296053256262706910e+01 7.960439648698410586e+00 2.181123438310792029e+00
1.022960189948510568e+00 -2.034190399206191380e+00 -4.892220259048684738e+00 -7.271365513832640737e+00 -8.938738849540094122e+00 -9.731126146798864340e+00 -9.570963016066324158e+00 -8.473927340500729599e+00 -6.547404615523441329e+00 -3.979976308328335932e+00 -1.022960189948550758e+00 2.034190399206139421e+00 4.892220259048624342e+00 7.271365513832583005e+00 8.938738849540037279e+00 9.731126146798816379e+00 9.570963016066295737e+00 8.473927340500715388e+00 6.547404615523444882e+00 3.979976308328364354e+00
1.763105987438378985e+00 -2.570056240273994153e+00 -6.651643456553586020e+00 -1.008212146658062203e+01 -1.252569118118791280e+01 -1.374315897135838682e+01 -1.361535060719327817e+01 -1.215477686187030315e+01 -9.504408869997352127e+00 -5.923683116818573069e+00 -1.763105987438434719e+00 2.570056240273921766e+00 6.651643456553500755e+00 1.008212146658053854e+01 1.252569118118783109e+01 1.374315897135831754e+01 1.361535060719323198e+01 1.215477686187028183e+01 9.504408869997355680e+00 5.923683116818612149e+00
-4.790642115868820383e+00 -1.049690859993530623e+01 -1.517566453397739323e+01 -1.836892068836161584e+01 -1.976409890197294317e+01 -1.922462941048490848e+01 -1.680331924642931796e+01 -1.273718311892385024e+01 -7.424242762565002707e+00 -1.384565796865304677e+00 4.790642115868712025e+00 1.049690859993518188e+01 1.517566453397727244e+01 1.836892068836150216e+01 1.976409890197285435e+01 1.922462941048484453e+01 1.680331924642930019e+01 1.273718311892386090e+01 7.424242762565050668e+00 1.384565796865398823e+00
-4.031793797379616962e+00 -9.844729785490885732e+00 -1.469399502993256945e+01 -1.810490966176106298e+01 -1.974358959157331128e+01 -1.944962941048488148e+01 -1.725180398916172209e+01 -1.336525179299308697e+01 -8.170415630141409480e+00 -2.175802258778435139e+00 4.031793797379510380e+00 9.844729785490761387e+00 1.469399502993244688e+01 1.810490966176094929e+01 1.974358959157321891e+01 1.944962941048482108e+01 1.725180398916169722e+01 1.336525179299309229e+01 8.170415630141455665e+00 2.175802258778526177e+00
1.035065109252403248e-01 -1.279821458580978177e+00 -2.537871586680853664e+00 -3.547497161485315686e+00 -4.209868997257485645e+00 -4.460149523696037122e+00 -4.273839539066199400e+00 -3.669176362761532140e+00 -2.705348639414814738e+00 -1.476702541969842741e+00 -1.035065109252603088e-01 1.279821458580953308e+00 2.537871586680826130e+00 3.547497161485289485e+00 4.209868997257460776e+00 4.460149523696017582e+00 4.273839539066186965e+00 3.669176362761527699e+00 2.705348639414819178e+00 1.476702541969857840e+00
