-1.600000000003415579e+00 -1.849999999993954480e+00 1.600000000003487299e+00 1.849999999995255884e+00 -1.600000000003559242e+00 -1.849999999996559730e+00 1.600000000003632294e+00 1.849999999997860467e+00 -1.600000000003702683e+00 -1.849999999999164091e+00 1.600000000003772849e+00 1.850000000000464828e+00 -1.600000000003849454e+00 -1.850000000001768674e+00 1.600000000003919398e+00 1.850000000003071854e+00 -1.600000000003989564e+00 -1.850000000004370149e+00 1.600000000004059730e+00 1.850000000005673773e+00
-2.202821258734388721e-13 1.999999999996842359e-01 2.854938507823590044e-13 -1.999999999997686129e-01 -3.506916979034713222e-13 1.999999999998529621e-01 4.157507671465054955e-13 -1.999999999999373668e-01 -4.811567810847350302e-13 2.000000000000217437e-01 5.465211616595411215e-13 -2.000000000001061207e-01 -6.112194084195721189e-13 2.000000000001905254e-01 6.766254223578016536e-13 -2.000000000002748468e-01 -7.420175585082233738e-13 2.000000000003592515e-01 8.074096946586450940e-13 -2.000000000004436562e-01
3.450000000001529177e+00 2.649999999989487431e+00 -3.450000000002120704e+00 -2.649999999991728750e+00 3.450000000002712230e+00 2.649999999993974509e+00 -3.450000000003305978e+00 -2.649999999996214495e+00 3.450000000003894840e+00 2.649999999998460698e+00 -3.450000000004484146e+00 -2.650000000000700684e+00 3.450000000005082335e+00 2.650000000002946887e+00 -3.450000000005671641e+00 -2.650000000005192646e+00 3.450000000006260059e+00 2.650000000007426415e+00 -3.450000000006849366e+00 -2.650000000009672618e+00
2.750000000002430500e+00 2.699999999990605914e+00 -2.750000000002710721e+00 -2.699999999992640731e+00 2.750000000002990497e+00 2.699999999994679101e+00 -2.750000000003272049e+00 -2.699999999996712141e+00 2.750000000003550049e+00 2.699999999998750511e+00 -2.750000000003827161e+00 -2.700000000000783995e+00 2.750000000004114042e+00 2.700000000002822365e+00 -2.750000000004391598e+00 -2.700000000004860290e+00 2.750000000004668266e+00 2.700000000006888889e+00 -2.750000000004946266e+00 -2.700000000008927259e+00
-4.600000000008798828e+00 -5.799999999981743315e+00 4.600000000008848566e+00 5.799999999985687715e+00 -4.600000000008897416e+00 -5.799999999989638333e+00 4.600000000008951595e+00 5.799999999993580957e+00 -4.600000000008996004e+00 -5.799999999997532463e+00 4.600000000009040413e+00 5.800000000001475087e+00 -4.600000000009105250e+00 -5.800000000005426593e+00 4.600000000009149659e+00 5.800000000009376322e+00 -4.600000000009192291e+00 -5.800000000013311841e+00 4.600000000009237588e+00 5.800000000017263346e+00
6.000000000000367262e-01 9.499999999959742869e-01 -5.999999999999801048e-01 -9.499999999965704767e-01 5.999999999999234834e-01 9.499999999971674436e-01 -5.999999999998676392e-01 -9.499999999977633003e-01 5.999999999998101297e-01 9.499999999983603782e-01 -5.999999999997527311e-01 -9.499999999989562349e-01 5.999999999996985522e-01 9.499999999995532018e-01 -5.999999999996410427e-01 -9.500000000001501688e-01 5.999999999995835331e-01 9.500000000007449152e-01 -5.999999999995260236e-01 -9.500000000013419932e-01
-2.050000000004498002e+00 -2.699999999991812949e+00 2.050000000004482903e+00 2.699999999993619948e+00 -2.050000000004467360e+00 -2.699999999995429167e+00 2.050000000004453593e+00 2.699999999997234834e+00 -2.050000000004435829e+00 -2.699999999999044054e+00 2.050000000004418066e+00 2.700000000000850164e+00 -2.050000000004409628e+00 -2.700000000002659828e+00 2.050000000004391421e+00 2.700000000004468603e+00 -2.050000000004373213e+00 -2.700000000006270717e+00 2.050000000004355449e+00 2.700000000008080381e+00
-2.450000000002143796e+00 -1.749999999992938537e+00 2.450000000002606981e+00 1.749999999994474642e+00 -2.450000000003070166e+00 -1.749999999996013855e+00 2.450000000003534684e+00 1.749999999997549294e+00 -2.450000000003995648e+00 -1.749999999999088285e+00 2.450000000004457057e+00 1.750000000000623279e+00 -2.450000000004925127e+00 -1.750000000002162936e+00 2.450000000005386092e+00 1.750000000003702150e+00 -2.450000000005847500e+00 -1.750000000005232925e+00 2.450000000006308909e+00 1.750000000006772360e+00
3.400000000003072120e+00 3.049999999987559107e+00 -3.400000000003512213e+00 -3.049999999989953192e+00 3.400000000003952305e+00 3.049999999992351718e+00 -3.400000000004394174e+00 -3.049999999994744027e+00 3.400000000004831602e+00 3.049999999997142108e+00 -3.400000000005269030e+00 -3.049999999999534417e+00 3.400000000005716672e+00 3.050000000001933831e+00 -3.400000000006154099e+00 -3.050000000004331469e+00 3.400000000006590639e+00 3.050000000006718004e+00 -3.400000000007027623e+00 -3.050000000009116974e+00
3.800000000002455192e+00 3.099999999987019361e+00 -3.800000000003048051e+00 -3.099999999989564881e+00 3.800000000003640466e+00 3.099999999992115285e+00 -3.800000000004235101e+00 -3.099999999994659028e+00 3.800000000004824852e+00 3.099999999997209432e+00 -3.800000000005414158e+00 -3.099999999999752731e+00 3.800000000006014567e+00 3.100000000002303580e+00 -3.800000000006604317e+00 -3.100000000004853096e+00 3.800000000007193179e+00 3.100000000007390177e+00 -3.800000000007782930e+00 -3.100000000009941026e+00
2.200000000002025669e+00 2.499999999991053823e+00 -2.200000000002138467e+00 -2.499999999992825295e+00 2.200000000002251266e+00 2.499999999994599431e+00 -2.200000000002366729e+00 -2.499999999996369571e+00 2.200000000002477307e+00 2.499999999998143707e+00 -2.200000000002587885e+00 -2.499999999999913403e+00 2.200000000002707345e+00 2.500000000001687539e+00 -2.200000000002818368e+00 -2.500000000003461675e+00 2.200000000002928946e+00 2.500000000005227818e+00 -2.200000000003039524e+00 -2.500000000007002399e+00
-1.750000000003024248e+00 -1.999999999993406163e+00 1.750000000003110401e+00 1.999999999994819699e+00 -1.750000000003196776e+00 -1.999999999996235900e+00 1.750000000003284484e+00 1.999999999997648770e+00 -1.750000000003368861e+00 -1.999999999999064526e+00 1.750000000003453460e+00 2.000000000000477396e+00 -1.750000000003544720e+00 -2.000000000001893596e+00 1.750000000003629097e+00 2.000000000003309353e+00 -1.750000000003713252e+00 -2.000000000004718892e+00 1.750000000003797407e+00 2.000000000006135537e+00
-8.773815007856455850e-13 -3.000000000000602185e-01 7.795708523161692938e-13 3.000000000001867839e-01 -6.817602038466930026e-13 -3.000000000003133493e-01 5.841715999821417427e-13 3.000000000004399148e-01 -4.860556401808935334e-13 -3.000000000005664802e-01 3.879951915308765820e-13 3.000000000006930456e-01 -2.909894547542535292e-13 -3.000000000008196110e-01 1.928734949530053200e-13 3.000000000009461765e-01 -9.478529072737273964e-14 -3.000000000010727419e-01 -3.330669073875469621e-15 3.000000000011993073e-01
-1.400000000003958744e+00 -2.299999999993552979e+00 1.400000000003799538e+00 2.299999999994979394e+00 -1.400000000003640110e+00 -2.299999999996407141e+00 1.400000000003482681e+00 2.299999999997833111e+00 -1.400000000003321254e+00 -2.299999999999261302e+00 1.400000000003160050e+00 2.300000000000686828e+00 -1.400000000003006617e+00 -2.300000000002115019e+00 1.400000000002845413e+00 2.300000000003542766e+00 -1.400000000002683986e+00 -2.300000000004966072e+00 1.400000000002522338e+00 2.300000000006394263e+00
-2.500000000013874457e-01 -6.499999999984352739e-01 2.500000000012809753e-01 6.499999999987908783e-01 -2.500000000011745604e-01 -6.499999999991468158e-01 2.500000000010685897e-01 6.499999999995024202e-01 -2.500000000009615642e-01 -6.499999999998583577e-01 2.500000000008545387e-01 6.500000000002139622e-01 -2.500000000007497336e-01 -6.500000000005698997e-01 2.500000000006426526e-01 6.500000000009257262e-01 -2.500000000005355716e-01 -6.500000000012808865e-01 2.500000000004284906e-01 6.500000000016368240e-01
-1.850000000002967493e+00 -1.899999999993117861e+00 1.850000000003128475e+00 1.899999999994522071e+00 -1.850000000003289458e+00 -1.899999999995928279e+00 1.850000000003451994e+00 1.899999999997331823e+00 -1.850000000003611200e+00 -1.899999999998738032e+00 1.850000000003770406e+00 1.900000000000141132e+00 -1.850000000003936496e+00 -1.900000000001548006e+00 1.850000000004095702e+00 1.900000000002953993e+00 -1.850000000004254685e+00 -1.900000000004354206e+00 1.850000000004414114e+00 1.900000000005760858e+00
4.850000000005617373e+00 4.649999999982512122e+00 -4.850000000006147616e+00 -4.649999999986053290e+00 4.850000000006676970e+00 4.649999999989600674e+00 -4.850000000007210765e+00 -4.649999999993140065e+00 4.850000000007737455e+00 4.649999999996687450e+00 -4.850000000008263257e+00 -4.650000000000226841e+00 4.850000000008805046e+00 4.650000000003775114e+00 -4.850000000009330847e+00 -4.650000000007321610e+00 4.850000000009855761e+00 4.650000000010852119e+00 -4.850000000010382450e+00 -4.650000000014400392e+00
-1.550000000004478462e+00 -2.549999999992929034e+00 1.550000000004301270e+00 2.549999999994509992e+00 -1.550000000004123413e+00 -2.549999999996092281e+00 1.550000000003948220e+00 2.549999999997671907e+00 -1.550000000003767919e+00 -2.549999999999255085e+00 1.550000000003588507e+00 2.550000000000834710e+00 -1.550000000003417533e+00 -2.550000000002417444e+00 1.550000000003237677e+00 2.550000000003999734e+00 -1.550000000003057599e+00 -2.550000000005577139e+00 1.550000000002877965e+00 2.550000000007159873e+00
-2.550000000003519673e+00 -2.449999999991047339e+00 2.550000000003797229e+00 2.449999999992911182e+00 -2.550000000004074341e+00 -2.449999999994778577e+00 2.550000000004352785e+00 2.449999999996641531e+00 -2.550000000004627676e+00 -2.449999999998508926e+00 2.550000000004902123e+00 2.450000000000371880e+00 -2.550000000005185896e+00 -2.450000000002239275e+00 2.550000000005460343e+00 2.450000000004106226e+00 -2.550000000005735235e+00 -2.450000000005964740e+00 2.550000000006009682e+00 2.450000000007832579e+00
-1.850000000002767209e+00 -1.799999999993564082e+00 1.850000000002960832e+00 1.799999999994925881e+00 -1.850000000003154677e+00 -1.799999999996290123e+00 1.850000000003349410e+00 1.799999999997651035e+00 -1.850000000003541478e+00 -1.799999999999015277e+00 1.850000000003733547e+00 1.800000000000376410e+00 -1.850000000003931833e+00 -1.800000000001740874e+00 1.850000000004123901e+00 1.800000000003104672e+00 -1.850000000004315304e+00 -1.800000000004462475e+00 1.850000000004507372e+00 1.800000000005827161e+00
