-5.112138363164857147e+00 4.473934429938827506e+00 -3.397790622976615715e+00 1.989047396038526871e+00 -3.856023514684899234e-01 -1.255588137912461599e+00 2.773872912157259840e+00 -4.020631679050859830e+00 4.873823003810732857e+00 -5.249930575035990366e+00 5.112138363159691501e+00 -4.473934429935202850e+00 3.397790622974876218e+00 -1.989047396038840176e+00 3.856023514708602495e-01 1.255588137908301150e+00 -2.773872912151714498e+00 4.020631679044477380e+00 -4.873823003804121257e+00 5.249930575029793545e+00
7.280071145326701965e-01 -7.708764473126978878e-01 7.382870224177520146e-01 -6.334289198204402505e-01 4.665663811923600468e-01 -2.540330744141036101e-01 1.663324035974933501e-02 2.223947711515610881e-01 -4.396532329470301814e-01 6.138753730574165735e-01 -7.280071145317043024e-01 7.708764473118093763e-01 -7.382870224170277051e-01 6.334289198199503090e-01 -4.665663811921562099e-01 2.540330744142020869e-01 -1.663324036014035556e-02 -2.223947711509172698e-01 4.396532329461939614e-01 -6.138753730564664446e-01
-2.523236515845226791e+00 2.225521789012243623e+00 -1.709957483348823137e+00 1.027010625241068897e+00 -2.435328115311353736e-01 -5.637836905641480101e-01 1.315913116914902758e+00 -1.939231798876104085e+00 2.372724960940829408e+00 -2.573959272081777883e+00 2.523236515842647520e+00 -2.225521789010405982e+00 1.709957483347902762e+00 -1.027010625241154607e+00 2.435328115322353826e-01 5.637836905621582684e-01 -1.315913116912217351e+00 1.939231798872988355e+00 -2.372724960937579564e+00 2.573959272078711003e+00
-2.466921229256684001e+00 2.241550338190867020e+00 -1.796760882223525257e+00 1.176091952335138746e+00 -4.402989478379143451e-01 -3.385935854166550740e-01 1.084342219410250330e+00 -1.723947881911354951e+00 2.194801514279729027e+00 -2.450812682349046590e+00 2.466921229254048775e+00 -2.241550338188887714e+00 1.796760882222391720e+00 -1.176091952334960000e+00 4.402989478387238642e-01 3.385935854149523250e-01 -1.084342219407820940e+00 1.723947881908438617e+00 -2.194801514276603527e+00 2.450812682346014348e+00
3.259723467066091729e+00 -2.991031456255270005e+00 2.429556446764816080e+00 -1.630259524550119687e+00 6.713814413866993069e-01 3.532161350489654295e-01 -1.343238455184296187e+00 2.201775236433384464e+00 -2.844786916870158056e+00 3.209331033087718055e+00 -3.259723467062560331e+00 2.991031456252573495e+00 -2.429556446763214250e+00 1.630259524549767081e+00 -6.713814413876512122e-01 -3.532161350468230321e-01 1.343238455181172686e+00 -2.201775236429588833e+00 2.844786916866051119e+00 -3.209331033083696383e+00
3.522432790023537930e+00 -3.137308571263579982e+00 2.445082730634420276e+00 -1.513515156437911013e+00 4.337941734493682144e-01 6.883896056578628908e-01 -1.743189013870665161e+00 2.627352935893606745e+00 -3.254333246706892169e+00 3.562756745059497465e+00 -3.522432790019884408e+00 3.137308571260930101e+00 -2.445082730633027168e+00 1.513515156437909015e+00 -4.337941734507803071e-01 -6.883896056551976894e-01 1.743189013867007420e+00 -2.627352935889317731e+00 3.254333246702379778e+00 -3.562756745055200014e+00
1.956228180933932803e+00 -1.743562000776521126e+00 1.360223823872445115e+00 -8.437374618512262225e-01 2.446601983995948526e-01 3.783661099190794297e-01 -9.643553071670469823e-01 1.455946687890895541e+00 -1.805019862626874527e+00 1.977405116896046255e+00 -1.956228180931901539e+00 1.743562000775046084e+00 -1.360223823871667070e+00 8.437374618512201163e-01 -2.446601984003742292e-01 -3.783661099176038323e-01 9.643553071650191599e-01 -1.455946687888515889e+00 1.805019862624369198e+00 -1.977405116893659054e+00
-2.258804518073671996e+00 1.972124089092357258e+00 -1.492398413674341340e+00 8.665863833748824741e-01 -1.559468400085046169e-01 -5.699578666032617535e-01 1.240071126101795818e+00 -1.788797583693801263e+00 2.162424070508192742e+00 -2.324377422806821691e+00 2.258804518071397371e+00 -1.972124089090768306e+00 1.492398413673589497e+00 -8.665863833750397927e-01 1.559468400095709584e-01 5.699578666014060158e-01 -1.240071126099332011e+00 1.788797583690971971e+00 -2.162424070505267970e+00 2.324377422804086102e+00
-3.598203609379393986e-02 7.021575905133285722e-02 -9.757627429096241145e-02 1.153853439491112770e-01 -1.218996922045583325e-01 1.164816492619300814e-01 -9.966157091417836289e-02 7.308592362236007722e-02 -3.935611690682151026e-02 1.773859258262202448e-03 3.598203609369093198e-02 -7.021575905119954719e-02 9.757627429081217052e-02 -1.153853439489587462e-01 1.218996922044182779e-01 -1.164816492618163529e-01 9.966157091410197955e-02 -7.308592362232825546e-02 3.935611690683754604e-02 -1.773859258325426180e-03
-2.208809081648551942e+00 1.980366972153518423e+00 -1.558072745396200665e+00 9.832635025885190228e-01 -3.122055773479897045e-01 -3.894132050673601575e-01 1.052913509769234368e+00 -1.613347304054993936e+00 2.015855423368155375e+00 -2.221037568551420094e+00 2.208809081646238237e+00 -1.980366972151820226e+00 1.558072745395280290e+00 -9.832635025884653990e-01 3.122055773488223718e-01 3.894132050657371780e-01 -1.052913509766979283e+00 1.613347304052330289e+00 -2.015855423365335408e+00 2.221037568548719143e+00
-2.803499928151179099e-01 1.931401147253992701e-01 -8.702433652007957043e-02 -2.760999007800324367e-02 1.395416584771136392e-01 -2.378140171005609649e-01 3.128074827825055859e-01 -3.571811725918074831e-01 3.665914806002651960e-01 -3.401172602945473078e-01 2.803499928149244536e-01 -1.931401147253458128e-01 8.702433652017019239e-02 2.760999007777742431e-02 -1.395416584767723289e-01 2.378140171001399683e-01 -3.128074827820458426e-01 3.571811725913539570e-01 -3.665914805998614634e-01 3.401172602942338918e-01
-2.183518350745234482e+00 1.949912236722754821e+00 -1.525435127132573010e+00 9.516377989673281412e-01 -2.846875325889099417e-01 -4.101299330138203358e-01 1.064801023229746679e+00 -1.615241970386869896e+00 2.007571779429916159e+00 -2.203386475127283806e+00 2.183518350742960745e+00 -1.949912236721097702e+00 1.525435127131691049e+00 -9.516377989673061588e-01 2.846875325897645914e-01 4.101299330121871978e-01 -1.064801023227494481e+00 1.615241970384221126e+00 -2.007571779427122838e+00 2.203386475124617494e+00
4.919053698925588414e+00 -4.467134041255361510e+00 3.577940179274340160e+00 -2.338512603571221593e+00 8.701751208555579264e-01 6.833411655556468345e-01 -2.169967257564080043e+00 3.444181835350986542e+00 -4.381255898067708543e+00 4.889462107476727049e+00 -4.919053698920338391e+00 4.467134041251420662e+00 -3.577940179272088628e+00 2.338512603570875203e+00 -8.701751208571822938e-01 -6.833411655522423356e-01 2.169967257559227924e+00 -3.444181835345167197e+00 4.381255898061474419e+00 -4.889462107470682106e+00
-2.332614169794690273e+00 2.094309948624700990e+00 -1.651000077768036256e+00 1.046078816105665110e+00 -3.387600714633733356e-01 -4.017188692537829731e-01 1.102874768108284220e+00 -1.696073600479882648e+00 2.123248931596811051e+00 -2.342585863743851693e+00 2.332614169792242453e+00 -2.094309948622899320e+00 1.651000077767053931e+00 -1.046078816105596720e+00 3.387600714642407529e-01 4.017188692520798909e-01 -1.102874768105911674e+00 1.696073600477075338e+00 -2.123248931593836097e+00 2.342585863740997532e+00
-2.485517264508595670e+00 2.275170115914808999e+00 -1.842113464333110517e+00 1.228737912103460062e+00 -4.950849319168785789e-01 -2.870304108650913455e-01 1.041049217172953290e+00 -1.693162872687390852e+00 2.179537949263707031e+00 -2.452564665632241958e+00 2.485517264505912483e+00 -2.275170115912768409e+00 1.842113464331908590e+00 -1.228737912103212926e+00 4.950849319176264807e-01 2.870304108634375573e-01 -1.041049217170555430e+00 1.693162872684485842e+00 -2.179537949260571317e+00 2.452564665629178187e+00
-2.104926201205195468e+00 2.015749879525414290e+00 -1.729257915082546671e+00 1.273494137463180964e+00 -6.930718807136827531e-01 4.480691936435243772e-02 6.078440554403750085e-01 -1.200995018999909680e+00 1.676584222275320002e+00 -1.988057680425224572e+00 2.104926201202769853e+00 -2.015749879523438537e+00 1.729257915081211738e+00 -1.273494137462616305e+00 6.930718807139560900e-01 -4.480691936542446907e-02 -6.078440554386093098e-01 1.200995018997625730e+00 -1.676584222272734293e+00 1.988057680422585127e+00
-2.402366900383115844e+00 2.204402125093918308e+00 -1.790655110827936936e+00 1.201626298086514888e+00 -4.949739310658557434e-01 -2.601299330135115051e-01 9.897704668175386633e-01 -1.622525371192994781e+00 2.096456187437015117e+00 -2.365171265185522120e+00 2.402366900380512593e+00 -2.204402125091931008e+00 1.790655110826756324e+00 -1.201626298086254652e+00 4.949739310665570158e-01 2.601299330119328235e-01 -9.897704668152368379e-01 1.622525371190197463e+00 -2.096456187433988649e+00 2.365171265182558713e+00
-2.862802069515703263e+00 2.617071212320389417e+00 -2.115163190655996672e+00 1.406208258681884926e+00 -5.596038647191631243e-01 -3.417784545114440076e-01 1.209705117303763622e+00 -1.959217414703082083e+00 2.516947860880780041e+00 -2.828301913828525915e+00 2.862802069512617731e+00 -2.617071212318048623e+00 2.115163190654624437e+00 -1.406208258681614254e+00 5.596038647200385352e-01 3.417784545095264304e-01 -1.209705117300991173e+00 1.959217414699729209e+00 -2.516947860877165155e+00 2.828301913824998515e+00
-3.136240191380267550e+00 2.807597496188771302e+00 -2.204127596388508081e+00 1.384902330393993131e+00 -4.301131751188419505e-01 -5.667784545114104011e-01 1.508189860036185381e+00 -2.301969133883816632e+00 2.870415630144771857e+00 -3.157885845165466332e+00 3.136240191376990172e+00 -2.807597496186371888e+00 2.204127596387217114e+00 -1.384902330393934067e+00 4.301131751200416575e-01 5.667784545090901460e-01 -1.508189860032971064e+00 2.301969133880025886e+00 -2.870415630140765284e+00 3.157885845161632510e+00
-1.015309909804358313e+00 9.888384529601027539e-01 -8.655725986975403297e-01 6.575784676756145641e-01 -3.852159746190868539e-01 7.514585800940651317e-02 2.422800587541399098e-01 -5.359899153023380824e-01 7.772333444793715351e-01 -9.423957585956048710e-01 1.015309909803159716e+00 -9.888384529591036642e-01 8.655725986968374475e-01 -6.575784676752760571e-01 3.852159746191517464e-01 -7.514585800986248176e-02 -2.422800587533375238e-01 5.359899153012691597e-01 -7.772333444781375222e-01 9.423957585943234516e-01
