-2.792843217789830135e+00 -8.377142760752738226e+00 -1.314142920330720976e+01 -1.661934099372056650e+01 -1.847043589391093121e+01 -1.851351583771124254e+01 -1.674436386006681232e+01 -1.333615688295621915e+01 -8.622513951673454358e+00 -3.064839278213965290e+00 2.792843217787632337e+00 8.377142760748926165e+00 1.314142920330215070e+01 1.661934099371476137e+01 1.847043589390495200e+01 1.851351583770566478e+01 1.674436386006218669e+01 1.333615688295299861e+01 8.622513951671953336e+00 3.064839278214332108e+00
-2.380607346862912532e+00 -6.646852908902846302e+00 -1.026245819687176564e+01 -1.287350257378001572e+01 -1.422439882380000142e+01 -1.418291180973222154e+01 -1.275310256957074628e+01 -1.007493079380940948e+01 -6.410554595779788478e+00 -2.118668648955288170e+00 2.380607346861153939e+00 6.646852908899859358e+00 1.026245819686783989e+01 1.287350257377554286e+01 1.422439882379541309e+01 1.418291180972796717e+01 1.275310256956724331e+01 1.007493079380700252e+01 6.410554595778709341e+00 2.118668648955645661e+00
1.305778567106260279e+00 7.143652440578850404e-01 5.302487364584074214e-02 -6.135059408446355000e-01 -1.219982519297962975e+00 -1.707038708644347258e+00 -2.026998055550560007e+00 -2.148540709853579589e+00 -2.059769229712772987e+00 -1.769373186111603768e+00 -1.305778567105975174e+00 -7.143652440578072138e-01 -5.302487364597885389e-02 6.135059408442959938e-01 1.219982519297455603e+00 1.707038708643720648e+00 2.026998055549876554e+00 2.148540709852905461e+00 2.059769229712173910e+00 1.769373186111138807e+00
2.330664973425694786e+00 8.167483998236225062e+00 1.320481278309191175e+01 1.694956248939777055e+01 1.903517092469529359e+01 1.925748420404924488e+01 1.759474075472888543e+01 1.420970149056861764e+01 9.433717639699915836e+00 3.734295777682029360e+00 -2.330664973423588027e+00 -8.167483998232416553e+00 -1.320481278308676920e+01 -1.694956248939180554e+01 -1.903517092468909055e+01 -1.925748420404340422e+01 -1.759474075472397914e+01 -1.420970149056512888e+01 -9.433717639698183888e+00 -3.734295777682227868e+00
3.445652267864602880e-01 4.910378316775400265e+00 8.995529364500637115e+00 1.220013532248987609e+01 1.421050703177259678e+01 1.482985530236096494e+01 1.399755401027673685e+01 1.179507460497328886e+01 8.438011116218152807e+00 4.254976308327416135e+00 -3.445652267852905570e-01 -4.910378316772867180e+00 -8.995529364496981373e+00 -1.220013532248546539e+01 -1.421050703176786101e+01 -1.482985530235636240e+01 -1.399755401027272050e+01 -1.179507460497025306e+01 -8.438011116216394214e+00 -4.254976308327106160e+00
9.732145694519402923e+00 -1.451140694051295199e+00 -1.249237932079581981e+01 -2.231077682009549434e+01 -2.994524003592110262e+01 -3.464845451627482475e+01 -3.596003685859768950e+01 -3.375160024489183286e+01 -2.823932183798966378e+01 -1.996278185466092481e+01 -9.732145694518846923e+00 1.451140694048268287e+00 1.249237932078949420e+01 2.231077682008650598e+01 2.994524003591033434e+01 3.464845451626330686e+01 3.596003685858656951e+01 3.375160024488219079e+01 2.823932183798244466e+01 1.996278185465683919e+01
-5.105715878530814322e+00 -2.357896628500092184e+00 6.207299719598529109e-01 3.538595197884164101e+00 6.110078070996936006e+00 8.083463931103237243e+00 9.265584020828146805e+00 9.540724189474474315e+00 8.881951800320901924e+00 7.353752084754960450e+00 5.105715878529800023e+00 2.357896628500018466e+00 -6.207299719589727260e-01 -3.538595197882421051e+00 -6.110078070994503285e+00 -8.083463931100348887e+00 -9.265584020825086142e+00 -9.540724189471541550e+00 -8.881951800318383050e+00 -7.353752084753103269e+00
-3.513895773479259077e+00 -8.158145581133236846e+00 -1.200381925816306428e+01 -1.467447547067709479e+01 -1.590869178103856107e+01 -1.558565449749869813e+01 -1.373698476010358682e+01 -1.054364324318898127e+01 -6.318216463749190659e+00 -1.474318635235306596e+00 3.513895773477045736e+00 8.158145581129709001e+00 1.200381925815856299e+01 1.467447547067206415e+01 1.590869178103349313e+01 1.558565449749408671e+01 1.373698476009988312e+01 1.054364324318655122e+01 6.318216463748269618e+00 1.474318635235986497e+00
-3.353899164004436884e+00 -8.119665633125032755e+00 -1.209062265703807704e+01 -1.487806529495858499e+01 -1.620913924023213681e+01 -1.595354970095795188e+01 -1.413631556203731421e+01 -1.093532036240261540e+01 -6.663899814839143509e+00 -1.740170323279368825e+00 3.353899164002248412e+00 8.119665633121487147e+00 1.209062265703351891e+01 1.487806529495346552e+01 1.620913924022695696e+01 1.595354970095321256e+01 1.413631556203348438e+01 1.093532036240006811e+01 6.663899814838129210e+00 1.740170323279986997e+00
5.668391827886206435e+00 1.198545864725285526e+01 1.712930526662533737e+01 2.059641613961279205e+01 2.204740629718543588e+01 2.134024271307730558e+01 1.854414748599944929e+01 1.393282189831933415e+01 7.957654627553776727e+00 1.203536677603700422e+00 -5.668391827882909517e+00 -1.198545864724778909e+01 -1.712930526661899222e+01 -2.059641613960579676e+01 -2.204740629717847256e+01 -2.134024271307105280e+01 -1.854414748599452167e+01 -1.393282189831621487e+01 -7.957654627552766868e+00 -1.203536677604905236e+00
5.791092701554955369e+00 1.230083406282226655e+01 1.760648408106973761e+01 2.118868876587406191e+01 2.269679696399908408e+01 2.198318453740478517e+01 1.911770484243649193e+01 1.438085099660880672e+01 8.236299257952834907e+00 1.285521162257599492e+00 -5.791092701551574073e+00 -1.230083406281706004e+01 -1.760648408106321128e+01 -2.118868876586686056e+01 -2.269679696399191116e+01 -2.198318453739834055e+01 -1.911770484243140800e+01 -1.438085099660558264e+01 -8.236299257951781527e+00 -1.285521162258824734e+00
1.368442928637540801e+00 5.503643306961516934e+00 9.100108732262157218e+00 1.180579211066303635e+01 1.335584230148175244e+01 1.359852959220633117e+01 1.251009805991895263e+01 1.019709096654838376e+01 6.885921562061843915e+00 2.900710178044310972e+00 -1.368442928636139921e+00 -5.503643306958903914e+00 -9.100108732258584965e+00 -1.180579211065885836e+01 -1.335584230147738083e+01 -1.359852959220218516e+01 -1.251009805991544077e+01 -1.019709096654585245e+01 -6.885921562060540069e+00 -2.900710178044362486e+00
-1.629392083061663721e+00 -5.541222389650557467e+00 -8.910639240773662095e+00 -1.140782063893548326e+01 -1.278832506999813567e+01 -1.291701914170933030e+01 -1.178130538166573338e+01 -9.492355365683541990e+00 -6.274227469379680677e+00 -2.441934473259895100e+00 1.629392083060230201e+00 5.541222389647984414e+00 8.910639240770199976e+00 1.140782063893147402e+01 1.278832506999397012e+01 1.291701914170541521e+01 1.178130538166245422e+01 9.492355365681220292e+00 6.274227469378539368e+00 2.441934473260049199e+00
-2.864675744781548072e+00 -2.288249747801816891e+00 -1.487833922333824166e+00 -5.417785461993659402e-01 4.573098888301168063e-01 1.411633645675497428e+00 2.227776865852164612e+00 2.825849764565059985e+00 3.147308799469271445e+00 3.160687320491597507e+00 2.864675744780755373e+00 2.288249747801261780e+00 1.487833922333563708e+00 5.417785461994238938e-01 -4.573098888297475462e-01 -1.411633645674851056e+00 -2.227776865851305743e+00 -2.825849764564071442e+00 -3.147308799468250040e+00 -3.160687320490643160e+00
-2.692913011048945648e+00 -6.501187365399745843e+00 -9.673080203989162129e+00 -1.189810455589922178e+01 -1.295845953490880831e+01 -1.275035020774498307e+01 -1.129414776533356246e+01 -8.732395448696852469e+00 -5.315855423365233534e+00 -1.378962431452272153e+00 2.692913011047192384e+00 6.501187365396909001e+00 9.673080203985517045e+00 1.189810455589513083e+01 1.295845953490466762e+01 1.275035020774119587e+01 1.129414776533050357e+01 8.732395448694820317e+00 5.315855423364425292e+00 1.378962431452770199e+00
2.539567905628213884e-01 -1.328550311349618429e+00 -2.781009652232751428e+00 -3.961244391921666441e+00 -4.753724930916672697e+00 -5.080877752524379787e+00 -4.910678859158117859e+00 -4.259788504346024851e+00 -3.191920371036900406e+00 -1.811604832393842734e+00 -2.539567905631060496e-01 1.328550311348852597e+00 2.781009652231577256e+00 3.961244391920201835e+00 4.753724930915059765e+00 5.080877752522776625e+00 4.910678859156680787e+00 4.259788504344894200e+00 3.191920371036188087e+00 1.811604832393618025e+00
-8.883663543270352569e-01 -5.138108837843759602e+00 -8.884897429002787561e+00 -1.176197035509039246e+01 -1.348769967235539546e+01 -1.389315897136081901e+01 -1.293865907091904077e+01 -1.071763307167723589e+01 -7.447490473239339437e+00 -3.448335617563722089e+00 8.883663543257628303e-01 5.138108837841230070e+00 8.884897428999245506e+00 1.176197035508618960e+01 1.348769967235094214e+01 1.389315897135654687e+01 1.293865907091537082e+01 1.071763307167452872e+01 7.447490473237857067e+00 3.448335617563612399e+00
7.744471792659986420e+00 1.749697142887458767e+01 2.553674559306213254e+01 3.107680517363168349e+01 3.357485053897245564e+01 3.278635560381962222e+01 2.878850374619339547e+01 2.197263256059017067e+01 1.300592700762389597e+01 2.766110701530149818e+00 -7.744471792655222231e+00 -1.749697142886706658e+01 -2.553674559305258640e+01 -3.107680517362105732e+01 -3.357485053896179039e+01 -3.278635560380995173e+01 -2.878850374618566477e+01 -2.197263256058514358e+01 -1.300592700762206277e+01 -2.766110701531692584e+00
-1.602796026839948151e+00 -5.332506549745712476e+00 -8.540234177804348903e+00 -1.091198418122897351e+01 -1.221559314473048374e+01 -1.232345474018370624e+01 -1.122501072310982728e+01 -9.027784447209594276e+00 -5.946855729343829999e+00 -2.283807338509876939e+00 1.602796026838565258e+00 5.332506549743245117e+00 8.540234177801035997e+00 1.091198418122514191e+01 1.221559314472651181e+01 1.232345474017997766e+01 1.122501072310670622e+01 9.027784447207388041e+00 5.946855729342756192e+00 2.283807338510039475e+00
-3.811696331003601834e+00 -9.431400705786789018e+00 -1.412789386705458661e+01 -1.744145034179022957e+01 -1.904771613534119723e+01 -1.878945876032298301e+01 -1.669195824798742223e+01 -1.296053256262741726e+01 -7.960439648697571258e+00 -2.181123438309210627e+00 3.811696331001066529e+00 9.431400705782650107e+00 1.412789386704924688e+01 1.744145034178421483e+01 1.904771613533509722e+01 1.878945876031739459e+01 1.669195824798288896e+01 1.296053256262438502e+01 7.960439648696337578e+00 2.181123438309894524e+00
