-1.585942352535611999e+00 -4.931559480314477995e+00 -6.393488504155470764e+00 -5.413322226091422884e+00 -2.365450849716219661e+00 1.585942352533036281e+00 4.931559480312807331e+00 6.393488504155341978e+00 5.413322226092884826e+00 2.365450849718715443e+00 -1.585942352530459898e+00 -4.931559480311135779e+00 -6.393488504155209640e+00 -5.413322226094344103e+00 -2.365450849721206783e+00 1.585942352527889510e+00 4.931559480309465116e+00 6.393488504155083518e+00 5.413322226095811374e+00 2.365450849723709226e+00
5.604101966249993572e-01 4.772542485936353551e-01 2.118033988748406482e-01 -1.345491502813720708e-01 -4.295084971875321456e-01 -5.604101966249861455e-01 -4.772542485937620316e-01 -2.118033988750586960e-01 1.345491502811457518e-01 4.295084971873839863e-01 5.604101966249728228e-01 4.772542485938884860e-01 2.118033988752768548e-01 -1.345491502809197659e-01 -4.295084971872360491e-01 -5.604101966249595002e-01 -4.772542485940151624e-01 -2.118033988754951247e-01 1.345491502806928641e-01 4.295084971870876123e-01
4.106134620997496931e-01 4.906559480316182942e+00 7.528366544875344957e+00 7.274593469060475215e+00 4.242172942403218627e+00 -4.106134620965102844e-01 -4.906559480313693378e+00 -7.528366544874556254e+00 -7.274593469061686690e+00 -4.242172942405970204e+00 4.106134620932693213e-01 4.906559480311204702e+00 7.528366544873762223e+00 7.274593469062895501e+00 4.242172942408716452e+00 -4.106134620900367960e-01 -4.906559480308715138e+00 -7.528366544872974409e+00 -7.274593469064111417e+00 -4.242172942411475134e+00
8.864745084421130628e-01 4.353444185377655984e+00 6.157546151624965880e+00 5.609674775248255862e+00 2.919098300560186043e+00 -8.864745084395414532e-01 -4.353444185375817455e+00 -6.157546151624561759e+00 -5.609674775249440692e+00 -2.919098300562507298e+00 8.864745084369688444e-01 4.353444185373978925e+00 6.157546151624154085e+00 5.609674775250621970e+00 2.919098300564823667e+00 -8.864745084344027859e-01 -4.353444185372140396e+00 -6.157546151623751740e+00 -5.609674775251809464e+00 -2.919098300567151139e+00
-8.248743750409914810e-01 -8.681356214849433428e+00 -1.322185504903139375e+01 -1.271205464880906710e+01 -7.346681439589024976e+00 8.248743750353160209e-01 8.681356214845097341e+00 1.322185504903005437e+01 1.271205464881123248e+01 7.346681439593869101e+00 -8.248743750296396726e-01 -8.681356214840764807e+00 -1.322185504902870612e+01 -1.271205464881339076e+01 -7.346681439598704344e+00 8.248743750239766470e-01 8.681356214836428720e+00 1.322185504902736852e+01 1.271205464881556324e+01 7.346681439603562680e+00
2.143566144658917594e+00 3.880166278063806651e+00 4.134674775249879808e+00 2.809878040717734393e+00 4.118033988736463646e-01 -2.143566144657410355e+00 -3.880166278063126306e+00 -4.134674775250285705e+00 -2.809878040719071990e+00 -4.118033988754044028e-01 2.143566144655903116e+00 3.880166278062446406e+00 4.134674775250689827e+00 2.809878040720406034e+00 4.118033988771593323e-01 -2.143566144654398542e+00 -3.880166278061766505e+00 -4.134674775251098389e+00 -2.809878040721747627e+00 -4.118033988789220334e-01
-1.963196601129705288e+00 -5.583813728908265439e+00 -7.071603799092713416e+00 -5.858281572997319664e+00 -2.407294901684716049e+00 1.963196601126885987e+00 5.583813728906492635e+00 7.071603799092663678e+00 5.858281572999009867e+00 2.407294901687503597e+00 -1.963196601124066465e+00 -5.583813728904719831e+00 -7.071603799092608611e+00 -5.858281573000697406e+00 -2.407294901690285371e+00 1.963196601121252938e+00 5.583813728902945250e+00 7.071603799092559761e+00 5.858281573002393827e+00 2.407294901693080469e+00
-2.392705098317304824e+00 -6.088322226095679746e+00 -7.458407197967530600e+00 -5.979634122153378861e+00 -2.216844051965857432e+00 2.392705098314376944e+00 6.088322226093925593e+00 7.458407197967618529e+00 5.979634122155276010e+00 2.216844051968839047e+00 -2.392705098311448619e+00 -6.088322226092170553e+00 -7.458407197967702906e+00 -5.979634122157166942e+00 -2.216844051971814888e+00 2.392705098308526956e+00 6.088322226090415512e+00 7.458407197967791724e+00 5.979634122159069420e+00 2.216844051974804053e+00
5.218566144664013251e+00 1.094070209965915375e+01 1.248386171337291906e+01 9.258610463432946247e+00 2.496884705057897058e+00 -5.218566144659284589e+00 -1.094070209965665263e+01 -1.248386171337359762e+01 -9.258610463436545146e+00 -2.496884705063044496e+00 5.218566144654555927e+00 1.094070209965414975e+01 1.248386171337427086e+01 9.258610463440136940e+00 2.496884705068181720e+00 -5.218566144649836147e+00 -1.094070209965164686e+01 -1.248386171337495298e+01 -9.258610463443744720e+00 -2.496884705073341593e+00
5.251722092694977029e+00 1.085164445219021978e+01 1.230660746477910550e+01 9.060864712026747370e+00 2.354179606745576248e+00 -5.251722092690330967e+00 -1.085164445218779328e+01 -1.230660746477982137e+01 -9.060864712030333834e+00 -2.354179606750664178e+00 5.251722092685684906e+00 1.085164445218536500e+01 1.230660746478053014e+01 9.060864712033911417e+00 2.354179606755741894e+00 -5.251722092681047727e+00 -1.085164445218293494e+01 -1.230660746478124956e+01 -9.060864712037508539e+00 -2.354179606760842702e+00
2.855369543535762666e+00 6.291437521033189206e+00 7.324390203592940907e+00 5.559674775247666290e+00 1.671352549153754419e+00 -2.855369543532959131e+00 -6.291437521031647329e+00 -7.324390203593249105e+00 -5.559674775249706435e+00 -1.671352549156747802e+00 2.855369543530155152e+00 6.291437521030105451e+00 7.324390203593551973e+00 5.559674775251741252e+00 1.671352549159735190e+00 -2.855369543527357390e+00 -6.291437521028562685e+00 -7.324390203593861060e+00 -5.559674775253786727e+00 -1.671352549162736345e+00
-1.143237254223449684e+00 -4.719756081439960838e+00 -6.493488504155893182e+00 -5.786929023841623554e+00 -2.869959346903667274e+00 1.143237254220767607e+00 4.719756081438096551e+00 6.493488504155559227e+00 5.786929023842946052e+00 2.869959346906141739e+00 -1.143237254218084198e+00 -4.719756081436233153e+00 -6.493488504155219054e+00 -5.786929023844264108e+00 -2.869959346908611764e+00 1.143237254215407450e+00 4.719756081434367090e+00 6.493488504154885987e+00 5.786929023845589271e+00 2.869959346911092890e+00
8.315594803187441320e-02 4.463525491568839376e-01 6.390576474691666009e-01 5.876644452188384271e-01 3.118033988748218355e-01 -8.315594803160626658e-02 -4.463525491566900372e-01 -6.390576474691208597e-01 -5.876644452189583312e-01 -3.118033988750616436e-01 8.315594803133803670e-02 4.463525491564960257e-01 6.390576474690745634e-01 5.876644452190776802e-01 3.118033988753008967e-01 -8.315594803107044519e-02 -4.463525491563019587e-01 -6.390576474690288222e-01 -5.876644452191979173e-01 -3.118033988755413155e-01
-8.704915028165520763e-01 -3.890779740158569755e+00 -5.424922359499884550e+00 -4.886929023842052189e+00 -2.482294901685375699e+00 8.704915028142991007e-01 3.890779740156981248e+00 5.424922359499568358e+00 4.886929023843126885e+00 2.482294901687432276e+00 -8.704915028120454590e-01 -3.890779740155393629e+00 -5.424922359499248614e+00 -4.886929023844198028e+00 -2.482294901689484856e+00 8.704915028097973684e-01 3.890779740153805566e+00 5.424922359498931534e+00 4.886929023845276276e+00 2.482294901691547206e+00
-1.690983005640440129e-01 -1.334016994375841536e+00 -1.989386537906178143e+00 -1.884878040718030778e+00 -1.060410196624087753e+00 1.690983005631964686e-01 1.334016994375205378e+00 1.989386537905996288e+00 1.884878040718372505e+00 1.060410196624822721e+00 -1.690983005623487578e-01 -1.334016994374569443e+00 -1.989386537905813102e+00 -1.884878040718712899e+00 -1.060410196625555912e+00 1.690983005615030454e-01 1.334016994373933285e+00 1.989386537905631469e+00 1.884878040719055514e+00 1.060410196626292656e+00
-2.009549150285688146e+00 -5.463322226095609579e+00 -6.830291903030286882e+00 -5.588322226091264611e+00 -2.211803398872394855e+00 2.009549150282980978e+00 5.463322226093938028e+00 6.830291903030288658e+00 5.588322226092937939e+00 2.211803398875102022e+00 -2.009549150280273366e+00 -5.463322226092266476e+00 -6.830291903030285994e+00 -5.588322226094606826e+00 -2.211803398877804305e+00 2.009549150277571972e+00 5.463322226090593148e+00 6.830291903030287770e+00 5.588322226096284595e+00 2.211803398880518579e+00
7.227583139041666271e+00 1.513320393250366358e+01 1.725845518243432863e+01 1.279156314599352839e+01 3.438728757024973604e+00 -7.227583139035131055e+00 -1.513320393250021212e+01 -1.725845518243527010e+01 -1.279156314599851108e+01 -3.438728757032091021e+00 7.227583139028595838e+00 1.513320393249675533e+01 1.725845518243620802e+01 1.279156314600347955e+01 3.438728757039193784e+00 -7.227583139022073944e+00 -1.513320393249330209e+01 -1.725845518243715659e+01 -1.279156314600847288e+01 -3.438728757046330298e+00
-4.960236587230779648e-01 -3.804837387627446166e+00 -5.660332556124869186e+00 -5.353773075810718929e+00 -3.002254248591462726e+00 4.960236587206687808e-01 3.804837387625641831e+00 5.660332556124357595e+00 5.353773075811695925e+00 3.002254248593555275e+00 -4.960236587182587087e-01 -3.804837387623837941e+00 -5.660332556123842451e+00 -5.353773075812669369e+00 -3.002254248595643826e+00 4.960236587158548538e-01 3.804837387622032718e+00 5.660332556123332637e+00 5.353773075813649029e+00 3.002254248597742148e+00
-2.796352549162043566e+00 -7.265044318783670185e+00 -8.958736088404981146e+00 -7.230495168496747560e+00 -2.740450849715355908e+00 2.796352549158515721e+00 7.265044318781534116e+00 8.958736088405052200e+00 7.230495168498998204e+00 2.740450849718926829e+00 -2.796352549154987432e+00 -7.265044318779399823e+00 -8.958736088405119702e+00 -7.230495168501243519e+00 -2.740450849722491977e+00 2.796352549151466693e+00 7.265044318777263754e+00 8.958736088405192532e+00 7.230495168503500381e+00 2.740450849726072224e+00
-5.887287570351437127e-01 -3.651189936783459711e+00 -5.319020660062437678e+00 -4.955166278060986862e+00 -2.698606797748034136e+00 5.887287570328971764e-01 3.651189936781807699e+00 5.319020660062010464e+00 4.955166278061947871e+00 2.698606797750016106e+00 -5.887287570306499740e-01 -3.651189936780156131e+00 -5.319020660061581474e+00 -4.955166278062906215e+00 -2.698606797751994524e+00 5.887287570284083227e-01 3.651189936778503675e+00 5.319020660061156036e+00 4.955166278063869889e+00 2.698606797753982267e+00
