4.106134620992651918e-01 4.906559480317218558e+00 7.528366544877203026e+00 7.274593469062212492e+00 4.242172942404094371e+00 -4.106134620967278881e-01 -4.906559480314670374e+00 -7.528366544875614963e+00 -7.274593469062193840e+00 -4.242172942405649572e+00 4.106134620941901403e-01 4.906559480312116861e+00 7.528366544874029564e+00 7.274593469062173412e+00 4.242172942407202996e+00 -4.106134620916566114e-01 -4.906559480309571342e+00 -7.528366544872440613e+00 -7.274593469062154760e+00 -4.242172942408760861e+00
8.864745084418915733e-01 4.353444185378665843e+00 6.157546151626581477e+00 5.609674775249687606e+00 2.919098300560843740e+00 -8.864745084398044650e-01 -4.353444185376688758e+00 -6.157546151625467701e+00 -5.609674775249864354e+00 -2.919098300562242621e+00 8.864745084377170237e-01 4.353444185374707232e+00 6.157546151624355701e+00 5.609674775250040213e+00 2.919098300563638837e+00 -8.864745084356324689e-01 -4.353444185372732811e+00 -6.157546151623241037e+00 -5.609674775250216960e+00 -2.919098300565039494e+00
-8.248743750402938169e-01 -8.681356214851581043e+00 -1.322185504903503528e+01 -1.271205464881240665e+01 -7.346681439590650342e+00 8.248743750358356053e-01 8.681356214847124164e+00 1.322185504903228015e+01 1.271205464881240843e+01 7.346681439593407248e+00 -8.248743750313760614e-01 -8.681356214842661956e+00 -1.322185504902953213e+01 -1.271205464881241021e+01 -7.346681439596158825e+00 8.248743750269240671e-01 8.681356214838212182e+00 1.322185504902677522e+01 1.271205464881241376e+01 7.346681439598919283e+00
2.143566144659065476e+00 3.880166278064469232e+00 4.134674775250662293e+00 2.809878040718271741e+00 4.118033988737676010e-01 -2.143566144657630179e+00 -3.880166278063441609e+00 -4.134674775250433143e+00 -2.809878040718930770e+00 -4.118033988750616770e-01 2.143566144656195327e+00 3.880166278062412211e+00 4.134674775250205769e+00 2.809878040719588466e+00 4.118033988763541986e-01 -2.143566144654761807e+00 -3.880166278061386365e+00 -4.134674775249978396e+00 -2.809878040720248826e+00 -4.118033988776500509e-01
-1.963196601129758356e+00 -5.583813728909730933e+00 -7.071603799094767773e+00 -5.858281572999009867e+00 -2.407294901685387067e+00 1.963196601127340513e+00 5.583813728907642826e+00 7.071603799093805875e+00 5.858281572999542774e+00 2.407294901687210054e+00 -1.963196601124923113e+00 -5.583813728905552054e+00 -7.071603799092844866e+00 -5.858281573000073905e+00 -2.407294901689030375e+00 1.963196601122508378e+00 5.583813728903466611e+00 7.071603799091882969e+00 5.858281573000607700e+00 2.407294901690856026e+00
-2.392705098317492673e+00 -6.088322226097322876e+00 -7.458407197969727065e+00 -5.979634122155123244e+00 -2.216844051966484930e+00 2.392705098314935608e+00 6.088322226095183254e+00 7.458407197968819347e+00 5.979634122155797371e+00 2.216844051968481999e+00 -2.392705098312378986e+00 -6.088322226093040079e+00 -7.458407197967915181e+00 -5.979634122156470610e+00 -2.216844051970475959e+00 2.392705098309825029e+00 6.088322226090903122e+00 7.458407197967009239e+00 5.979634122157146514e+00 2.216844051972474805e+00
5.218566144664608331e+00 1.094070209966192309e+01 1.248386171337635986e+01 9.258610463435504201e+00 2.496884705058649345e+00 -5.218566144660301553e+00 -1.094070209965857643e+01 -1.248386171337524786e+01 -9.258610463437054960e+00 -2.496884705062269560e+00 5.218566144655996553e+00 1.094070209965522622e+01 1.248386171337414297e+01 9.258610463438605720e+00 2.496884705065884891e+00 -5.218566144651695105e+00 -1.094070209965188489e+01 -1.248386171337303274e+01 -9.258610463440161809e+00 -2.496884705069509103e+00
5.251722092695617405e+00 1.085164445219298557e+01 1.230660746478250545e+01 9.060864712029248480e+00 2.354179606746281905e+00 -5.251722092691369248e+00 -1.085164445218970997e+01 -1.230660746478144674e+01 -9.060864712030817003e+00 -2.354179606749875031e+00 5.251722092687122867e+00 1.085164445218642726e+01 1.230660746478039158e+01 9.060864712032381973e+00 2.354179606753462828e+00 -5.251722092682880039e+00 -1.085164445218315343e+01 -1.230660746477933465e+01 -9.060864712033954049e+00 -2.354179606757060839e+00
2.855369543536093957e+00 6.291437521034802138e+00 7.324390203594957072e+00 5.559674775249168199e+00 1.671352549154190958e+00 -2.855369543533571530e+00 -6.291437521032799296e+00 -7.324390203594235871e+00 -5.559674775250006640e+00 -1.671352549156267742e+00 2.855369543531049992e+00 6.291437521030792901e+00 7.324390203593517334e+00 5.559674775250844192e+00 1.671352549158341638e+00 -2.855369543528531118e+00 -6.291437521028792723e+00 -7.324390203592797022e+00 -5.559674775251685297e+00 -1.671352549160420864e+00
-1.143237254223287813e+00 -4.719756081441063067e+00 -6.493488504157588714e+00 -5.786929023843089048e+00 -2.869959346904306319e+00 1.143237254221082022e+00 4.719756081439018480e+00 6.493488504156482932e+00 5.786929023843347508e+00 2.869959346905829101e+00 -1.143237254218876231e+00 -4.719756081436970341e+00 -6.493488504155380703e+00 -5.786929023843605968e+00 -2.869959346907349218e+00 1.143237254216673549e+00 4.719756081434927530e+00 6.493488504154275809e+00 5.786929023843865316e+00 2.869959346908874220e+00
8.315594803176044880e-02 4.463525491567677528e-01 6.390576474690674580e-01 5.876644452187760326e-01 3.118033988748152296e-01 -8.315594803154399695e-02 -4.463525491565607517e-01 -6.390576474689487751e-01 -5.876644452187912426e-01 -3.118033988749583929e-01 8.315594803132754509e-02 4.463525491563534175e-01 6.390576474688304254e-01 5.876644452188063417e-01 3.118033988751012786e-01 -8.315594803111139854e-02 -4.463525491561467495e-01 -6.390576474687117425e-01 -5.876644452188216627e-01 -3.118033988752446084e-01
-8.704915028163652257e-01 -3.890779740159447275e+00 -5.424922359501281655e+00 -4.886929023843284092e+00 -2.482294901685940136e+00 8.704915028145243650e-01 3.890779740157722433e+00 5.424922359500329527e+00 4.886929023843471498e+00 2.482294901687192912e+00 -8.704915028126832821e-01 -3.890779740155994482e+00 -5.424922359499380065e+00 -4.886929023843657127e+00 -2.482294901688443911e+00 8.704915028108449748e-01 3.890779740154271860e+00 5.424922359498427937e+00 4.886929023843845421e+00 2.482294901689698463e+00
-1.690983005638650449e-01 -1.334016994376062915e+00 -1.989386537906636221e+00 -1.884878040718490855e+00 -1.060410196624355539e+00 1.690983005631933045e-01 1.334016994375401222e+00 1.989386537906236763e+00 1.884878040718507064e+00 1.060410196624780754e+00 -1.690983005625214530e-01 -1.334016994374738418e+00 -1.989386537905838193e+00 -1.884878040718522829e+00 -1.060410196625205081e+00 1.690983005618505453e-01 1.334016994374077614e+00 1.989386537905438290e+00 1.884878040718539038e+00 1.060410196625630741e+00
-2.009549150285744545e+00 -5.463322226096953393e+00 -6.830291903032152945e+00 -5.588322226092779843e+00 -2.211803398872976167e+00 2.009549150283406860e+00 5.463322226094958545e+00 6.830291903031260325e+00 5.588322226093334066e+00 2.211803398874763626e+00 -2.009549150281069174e+00 -5.463322226092961031e+00 -6.830291903030372147e+00 -5.588322226093886513e+00 -2.211803398876547533e+00 2.009549150278734153e+00 5.463322226090968847e+00 6.830291903029480416e+00 5.588322226094441625e+00 2.211803398878336324e+00
7.227583139042612181e+00 1.513320393250766749e+01 1.725845518243924559e+01 1.279156314599715394e+01 3.438728757025993676e+00 -7.227583139036658721e+00 -1.513320393250304363e+01 -1.725845518243771792e+01 -1.279156314599930511e+01 -3.438728757031001226e+00 7.227583139030706150e+00 1.513320393249841622e+01 1.725845518243619026e+01 1.279156314600145272e+01 3.438728757036002115e+00 -7.227583139024758907e+00 -1.513320393249379769e+01 -1.725845518243465904e+01 -1.279156314600360744e+01 -3.438728757041015882e+00
-4.960236587227409011e-01 -3.804837387628315692e+00 -5.660332556126387082e+00 -5.353773075812137350e+00 -3.002254248592187480e+00 4.960236587208293191e-01 3.804837387626435863e+00 5.660332556125255543e+00 5.353773075812187976e+00 3.002254248593400732e+00 -4.960236587189170709e-01 -3.804837387624552925e+00 -5.660332556124127557e+00 -5.353773075812237714e+00 -3.002254248594611319e+00 4.960236587170081535e-01 3.804837387622675315e+00 5.660332556122994241e+00 5.353773075812290116e+00 3.002254248595825459e+00
-2.796352549162221646e+00 -7.265044318785544242e+00 -8.958736088407505349e+00 -7.230495168498753955e+00 -2.740450849716078885e+00 2.796352549159151657e+00 7.265044318782959643e+00 8.958736088406389797e+00 7.230495168499537328e+00 2.740450849718459203e+00 -2.796352549156082556e+00 -7.265044318780370602e+00 -8.958736088405276021e+00 -7.230495168500318037e+00 -2.740450849720836413e+00 2.796352549153016565e+00 7.265044318777788668e+00 8.958736088404162246e+00 7.230495168501103187e+00 2.740450849723219839e+00
-5.887287570349600818e-01 -3.651189936784338563e+00 -5.319020660063833894e+00 -4.955166278062211660e+00 -2.698606797748575925e+00 5.887287570331610764e-01 3.651189936782595957e+00 5.319020660062812489e+00 4.955166278062302254e+00 2.698606797749743880e+00 -5.887287570313616270e-01 -3.651189936780849798e+00 -5.319020660061792860e+00 -4.955166278062392848e+00 -2.698606797750909614e+00 5.887287570295647310e-01 3.651189936779109413e+00 5.319020660060769679e+00 4.955166278062484331e+00 2.698606797752078901e+00
-1.100532155911031484e+00 -5.073403532285035489e+00 -7.108407197970158187e+00 -6.428240919905583439e+00 -3.292705098310546141e+00 1.100532155908620080e+00 5.073403532282767081e+00 7.108407197968897862e+00 6.428240919905814366e+00 3.292705098312179057e+00 -1.100532155906209120e+00 -5.073403532280495121e+00 -7.108407197967641089e+00 -6.428240919906043516e+00 -3.292705098313808421e+00 1.100532155903800824e+00 5.073403532278229378e+00 7.108407197966378988e+00 6.428240919906276218e+00 3.292705098315443557e+00
-2.464589803380733635e+00 -6.830495168504108427e+00 -8.587383539251211673e+00 -7.064183272436357797e+00 -2.842705098309949552e+00 2.464589803377795985e+00 6.830495168501589554e+00 8.587383539250069475e+00 7.064183272437032812e+00 2.842705098312181988e+00 -2.464589803374858779e+00 -6.830495168499065350e+00 -8.587383539248930830e+00 -7.064183272437706052e+00 -2.842705098314410872e+00 2.464589803371924681e+00 6.830495168496549141e+00 8.587383539247790409e+00 7.064183272438383732e+00 2.842705098316645973e+00
