-2.064589803383160671e+00 -6.761929023845701714e+00 -8.876441186714687959e+00 -7.600454515399098554e+00 -3.421352549149163202e+00 2.064589803379849098e+00 6.761929023845023146e+00 8.876441186716903076e+00 7.600454515403364475e+00 3.421352549153839906e+00 -2.064589803376537525e+00 -6.761929023844348130e+00 -8.876441186719114640e+00 -7.600454515407623290e+00 -3.421352549158529044e+00 2.064589803373233057e+00 6.761929023843668674e+00 8.876441186721331533e+00 7.600454515411882106e+00 3.421352549163203083e+00
-1.585942352537354161e+00 -4.931559480313928212e+00 -6.393488504153146401e+00 -5.413322226088287614e+00 -2.365450849713292225e+00 1.585942352535011368e+00 4.931559480313494781e+00 6.393488504154788643e+00 5.413322226091380251e+00 2.365450849716647319e+00 -1.585942352532668576e+00 -4.931559480313064014e+00 -6.393488504156429109e+00 -5.413322226094468448e+00 -2.365450849720010851e+00 1.585942352530331334e+00 4.931559480312628807e+00 6.393488504158073127e+00 5.413322226097556644e+00 2.365450849723363280e+00
5.604101966243801858e-01 4.772542485932108614e-01 2.118033988747571872e-01 -1.345491502811150819e-01 -4.295084971870695711e-01 -5.604101966245219613e-01 -4.772542485934805345e-01 -2.118033988750521734e-01 1.345491502809078033e-01 4.295084971870293256e-01 5.604101966246638478e-01 4.772542485937505408e-01 2.118033988753466601e-01 -1.345491502807005524e-01 -4.295084971869886359e-01 -5.604101966248057343e-01 -4.772542485940204360e-01 -2.118033988756421182e-01 1.345491502804936901e-01 4.295084971869483903e-01
4.106134621032619947e-01 4.906559480316493804e+00 7.528366544872771016e+00 7.274593469056190642e+00 4.242172942398737767e+00 -4.106134620998738161e-01 -4.906559480315168642e+00 -7.528366544874014465e+00 -7.274593469059531969e+00 -4.242172942402891778e+00 4.106134620964856374e-01 4.906559480313845256e+00 7.528366544875257915e+00 7.274593469062867968e+00 4.242172942407055558e+00 -4.106134620931043422e-01 -4.906559480312518318e+00 -7.528366544876502253e+00 -7.274593469066203077e+00 -4.242172942411206016e+00
8.864745084445969647e-01 4.353444185377933096e+00 6.157546151623258801e+00 5.609674775245334644e+00 2.919098300557032122e+00 -8.864745084420635468e-01 -4.353444185377157716e+00 -6.157546151624536890e+00 -5.609674775248182144e+00 -2.919098300560353021e+00 8.864745084395304620e-01 4.353444185376384112e+00 6.157546151625814090e+00 5.609674775251023426e+00 2.919098300563681914e+00 -8.864745084370025952e-01 -4.353444185375606068e+00 -6.157546151627093955e+00 -5.609674775253865597e+00 -2.919098300566999704e+00
-8.248743750472837810e-01 -8.681356214851009057e+00 -1.322185504902840947e+01 -1.271205464880299196e+01 -7.346681439581955075e+00 8.248743750413782827e-01 8.681356214848740649e+00 1.322185504903064235e+01 1.271205464880888059e+01 7.346681439589235474e+00 -8.248743750354727844e-01 -8.681356214846474018e+00 -1.322185504903287701e+01 -1.271205464881476033e+01 -7.346681439596533636e+00 8.248743750295792765e-01 8.681356214844202057e+00 1.322185504903511166e+01 1.271205464882064184e+01 7.346681439603809594e+00
2.143566144659668993e+00 3.880166278063895469e+00 4.134674775249412626e+00 2.809878040716862202e+00 4.118033988725186001e-01 -2.143566144658636929e+00 -3.880166278064240082e+00 -4.134674775251003354e+00 -2.809878040719093306e+00 -4.118033988745324336e-01 2.143566144657605310e+00 3.880166278064587360e+00 4.134674775252594081e+00 2.809878040721321302e+00 4.118033988765521514e-01 -2.143566144656576355e+00 -3.880166278064931973e+00 -4.134674775254187473e+00 -2.809878040723548409e+00 -4.118033988785640975e-01
-1.963196601131538266e+00 -5.583813728907609075e+00 -7.071603799090147469e+00 -5.858281572993893960e+00 -2.407294901681528376e+00 1.963196601129037155e+00 5.583813728907247587e+00 7.071603799092062381e+00 5.858281572997357856e+00 2.407294901685210320e+00 -1.963196601126536489e+00 -5.583813728906886986e+00 -7.071603799093976406e+00 -5.858281573000817311e+00 -2.407294901688901589e+00 1.963196601124041596e+00 5.583813728906523721e+00 7.071603799095893983e+00 5.858281573004275877e+00 2.407294901692580424e+00
-2.392705098318911539e+00 -6.088322226094722289e+00 -7.458407197964703528e+00 -5.979634122149815489e+00 -2.216844051962675533e+00 2.392705098316413093e+00 6.088322226094520673e+00 7.458407197966876900e+00 5.979634122153535181e+00 2.216844051966513796e+00 -2.392705098313914647e+00 -6.088322226094320833e+00 -7.458407197969046720e+00 -5.979634122157249543e+00 -2.216844051970362273e+00 2.392705098311422418e+00 6.088322226094118328e+00 7.458407197971222757e+00 5.979634122160963905e+00 2.216844051974197427e+00
5.218566144665230944e+00 1.094070209965689600e+01 1.248386171336853856e+01 9.258610463428118109e+00 2.496884705053988185e+00 -5.218566144661572537e+00 -1.094070209965723706e+01 -1.248386171337275030e+01 -9.258610463434594706e+00 -2.496884705060243625e+00 5.218566144657915906e+00 1.094070209965758167e+01 1.248386171337695671e+01 9.258610463441062421e+00 2.496884705066515941e+00 -5.218566144654268157e+00 -1.094070209965792095e+01 -1.248386171338117379e+01 -9.258610463447530137e+00 -2.496884705072765609e+00
5.251722092696297750e+00 1.085164445218802065e+01 1.230660746477470369e+01 9.060864712021819756e+00 2.354179606741527930e+00 -5.251722092692737931e+00 -1.085164445218841678e+01 -1.230660746477890655e+01 -9.060864712028228851e+00 -2.354179606747679010e+00 5.251722092689179888e+00 1.085164445218881824e+01 1.230660746478310585e+01 9.060864712034627289e+00 2.354179606753847409e+00 -5.251722092685629839e+00 -1.085164445218921259e+01 -1.230660746478731227e+01 -9.060864712041023949e+00 -2.354179606759993604e+00
2.855369543536824928e+00 6.291437521032247737e+00 7.324390203590653847e+00 5.559674775244923595e+00 1.671352549151334799e+00 -2.855369543534589383e+00 -6.291437521032333002e+00 -7.324390203593027060e+00 -5.559674775248680589e+00 -1.671352549155033840e+00 2.855369543532354726e+00 6.291437521032420044e+00 7.324390203595397608e+00 5.559674775252434031e+00 1.671352549158742651e+00 -2.855369543530125398e+00 -6.291437521032502644e+00 -7.324390203597774374e+00 -5.559674775256184809e+00 -1.671352549162437917e+00
-1.143237254225243582e+00 -4.719756081439516748e+00 -6.493488504153716256e+00 -5.786929023838654373e+00 -2.869959346900887276e+00 1.143237254222662092e+00 4.719756081438815087e+00 6.493488504155162211e+00 5.786929023841699937e+00 2.869959346904360054e+00 -1.143237254220080823e+00 -4.719756081438116091e+00 -6.493488504156607277e+00 -5.786929023844740172e+00 -2.869959346907841713e+00 1.143237254217505106e+00 4.719756081437412654e+00 6.493488504158055896e+00 5.786929023847779519e+00 2.869959346911311826e+00
8.315594803221426634e-02 4.463525491571378456e-01 6.390576474692719611e-01 5.876644452187679279e-01 3.118033988745890772e-01 -8.315594803194752138e-02 -4.463525491570523585e-01 -6.390576474694004139e-01 -5.876644452190614709e-01 -3.118033988749349117e-01 8.315594803168079030e-02 4.463525491569670933e-01 6.390576474695287557e-01 5.876644452193546808e-01 3.118033988752816899e-01 -8.315594803141462821e-02 -4.463525491568814951e-01 -6.390576474696573195e-01 -5.876644452196478907e-01 -3.118033988756272468e-01
-8.704915028185561399e-01 -3.890779740158540001e+00 -5.424922359498117963e+00 -4.886929023839319264e+00 -2.482294901682598809e+00 8.704915028163630053e-01 3.890779740157907174e+00 5.424922359499285918e+00 4.886929023841845243e+00 2.482294901685512034e+00 -8.704915028141699818e-01 -3.890779740157275235e+00 -5.424922359500453872e+00 -4.886929023844368558e+00 -2.482294901688432365e+00 8.704915028119816212e-01 3.890779740156640187e+00 5.424922359501622715e+00 4.886929023846890097e+00 2.482294901691342925e+00
-1.690983005649198123e-01 -1.334016994375900378e+00 -1.989386537905509122e+00 -1.884878040716936320e+00 -1.060410196622949330e+00 1.690983005640506742e-01 1.334016994375584186e+00 1.989386537905866392e+00 1.884878040717831604e+00 1.060410196624038459e+00 -1.690983005631815361e-01 -1.334016994375268217e+00 -1.989386537906223662e+00 -1.884878040718725556e+00 -1.060410196625130475e+00 1.690983005623142299e-01 1.334016994374951581e+00 1.989386537906581376e+00 1.884878040719619730e+00 1.060410196626218715e+00
-2.009549150287198049e+00 -5.463322226094921241e+00 -6.830291903027974953e+00 -5.588322226088271449e+00 -2.211803398869653492e+00 2.009549150284831498e+00 5.463322226094635248e+00 6.830291903029878320e+00 5.588322226091640310e+00 2.211803398873194215e+00 -2.009549150282465391e+00 -5.463322226094351031e+00 -6.830291903031780798e+00 -5.588322226095004730e+00 -2.211803398876743820e+00 2.009549150280104612e+00 5.463322226094062373e+00 6.830291903033686829e+00 5.588322226098369150e+00 2.211803398880281435e+00
7.227583139043922245e+00 1.513320393250083207e+01 1.725845518242816468e+01 1.279156314598639455e+01 3.438728757018928661e+00 -7.227583139038872062e+00 -1.513320393250130991e+01 -1.725845518243399468e+01 -1.279156314599535094e+01 -3.438728757027573746e+00 7.227583139033821880e+00 1.513320393250179663e+01 1.725845518243981758e+01 1.279156314600429667e+01 3.438728757036243699e+00 -7.227583139028785020e+00 -1.513320393250227269e+01 -1.725845518244565113e+01 -1.279156314601323885e+01 -3.438728757044881679e+00
-4.960236587251241058e-01 -3.804837387627385326e+00 -5.660332556123041314e+00 -5.353773075807954029e+00 -3.002254248588712926e+00 4.960236587226578564e-01 3.804837387626494039e+00 5.660332556124065384e+00 5.353773075810503990e+00 3.002254248591810004e+00 -4.960236587201913849e-01 -3.804837387625603640e+00 -5.660332556125089454e+00 -5.353773075813051285e+00 -3.002254248594914188e+00 4.960236587177297984e-01 3.804837387624711020e+00 5.660332556126113523e+00 5.353773075815597693e+00 3.002254248598008601e+00
-2.796352549164036194e+00 -7.265044318782660326e+00 -8.958736088401753506e+00 -7.230495168492604208e+00 -2.740450849711592252e+00 2.796352549161001289e+00 7.265044318782373445e+00 8.958736088404327447e+00 7.230495168497055758e+00 2.740450849716213444e+00 -2.796352549157967271e+00 -7.265044318782091892e+00 -8.958736088406897835e+00 -7.230495168501502867e+00 -2.740450849720847071e+00 2.796352549154939915e+00 7.265044318781804122e+00 8.958736088409473552e+00 7.230495168505947312e+00 2.740450849725464266e+00
