2.030901699444291886e+00 -1.428773075811682780e+00 2.809016994316980709e-01 9.742645786321642021e-01 -1.857294901693288036e+00 2.030901699440333719e+00 -1.428773075812836746e+00 2.809016994375245213e-01 9.742645786238914862e-01 -1.857294901685728972e+00 2.030901699436374219e+00 -1.428773075813991378e+00 2.809016994433507497e-01 9.742645786156187704e-01 -1.857294901678168797e+00 2.030901699432416052e+00 -1.428773075815145788e+00 2.809016994491771446e-01 9.742645786073457215e-01 -1.857294901670609732e+00
-5.798074641859123801e+00 3.426441186709787701e+00 2.539763413045326157e-01 -3.837383539275390554e+00 5.955040653112425808e+00 -5.798074641851373556e+00 3.426441186717601450e+00 2.539763412841378187e-01 -3.837383539250205811e+00 5.955040653092069647e+00 -5.798074641843618870e+00 3.426441186725415644e+00 2.539763412637432438e-01 -3.837383539225020623e+00 5.955040653071711709e+00 -5.798074641835868626e+00 3.426441186733229838e+00 2.539763412433485024e-01 -3.837383539199834104e+00 5.955040653051355548e+00
5.272542485935792778e-01 -2.868033988724030814e-01 -6.319660112852429346e-02 3.890576474715318200e-01 -5.663118960635273869e-01 5.272542485930092893e-01 -2.868033988732852091e-01 -6.319660112652686346e-02 3.890576474691821440e-01 -5.663118960617228304e-01 5.272542485924389677e-01 -2.868033988741673923e-01 -6.319660112452943346e-02 3.890576474668323015e-01 -5.663118960599180518e-01 5.272542485918688682e-01 -2.868033988750495200e-01 -6.319660112253197570e-02 3.890576474644824034e-01 -5.663118960581136063e-01
-2.505901699442167008e+00 1.254634122150429798e+00 4.758610463549359237e-01 -2.024593469073508345e+00 2.800000000007409007e+00 -2.505901699440047814e+00 1.254634122155373399e+00 4.758610463448175176e-01 -2.024593469062080597e+00 2.799999999999036593e+00 -2.505901699437926844e+00 1.254634122160317000e+00 4.758610463346991670e-01 -2.024593469050651962e+00 2.799999999990662403e+00 -2.505901699435807650e+00 1.254634122165260823e+00 4.758610463245807609e-01 -2.024593469039222882e+00 2.799999999982289101e+00
-2.157294901693477485e+00 1.254634122153699627e+00 1.272542486013081842e-01 -1.460535821602170214e+00 2.235942352537790168e+00 -2.157294901690703703e+00 1.254634122156746967e+00 1.272542485936032086e-01 -1.460535821592751304e+00 2.235942352530254862e+00 -2.157294901687928590e+00 1.254634122159794307e+00 1.272542485858982886e-01 -1.460535821583331950e+00 2.235942352522718224e+00 -2.157294901685154809e+00 1.254634122162842091e+00 1.272542485781933408e-01 -1.460535821573911930e+00 2.235942352515182474e+00
2.674138953662332341e+00 -1.551847717651726688e+00 -1.631966011352896095e-01 1.815905365135507932e+00 -2.775000000007298517e+00 2.674138953658911966e+00 -1.551847717655527426e+00 -1.631966011257192650e-01 1.815905365123824389e+00 -2.774999999997963318e+00 2.674138953655490702e+00 -1.551847717659328607e+00 -1.631966011161489760e-01 1.815905365112140180e+00 -2.774999999988627231e+00 2.674138953652070771e+00 -1.551847717663129567e+00 -1.631966011065786315e-01 1.815905365100455526e+00 -2.774999999979292920e+00
3.326393202260300441e+00 -2.152708763997193575e+00 1.567627457701527560e-01 1.899061313169165155e+00 -3.229508497197589811e+00 3.326393202254836812e+00 -2.152708764000382136e+00 1.567627457807760916e-01 1.899061313155165465e+00 -3.229508497185560323e+00 3.326393202249371850e+00 -2.152708764003571140e+00 1.567627457913993161e-01 1.899061313141164886e+00 -3.229508497173529502e+00 3.326393202243907776e+00 -2.152708764006759701e+00 1.567627458020226516e-01 1.899061313127164530e+00 -3.229508497161500458e+00
1.946352549161461054e+00 -1.177912029466199328e+00 -4.045084972589453598e-02 1.243362879195319515e+00 -1.971352549162022516e+00 1.946352549158708367e+00 -1.177912029468630717e+00 -4.045084971920780842e-02 1.243362879186931780e+00 -1.971352549155137579e+00 1.946352549155955014e+00 -1.177912029471061883e+00 -4.045084971252115719e-02 1.243362879178543823e+00 -1.971352549148251532e+00 1.946352549153202327e+00 -1.177912029473493494e+00 -4.045084970583442963e-02 1.243362879170155644e+00 -1.971352549141366151e+00
-2.444959346912139786e+00 1.371478174120745797e+00 2.258610463537478186e-01 -1.736929023854326459e+00 2.584549150288845354e+00 -2.444959346909270526e+00 1.371478174124548755e+00 2.258610463447246475e-01 -1.736929023843530207e+00 2.584549150280399221e+00 -2.444959346906400377e+00 1.371478174128352157e+00 2.258610463357015874e-01 -1.736929023832733732e+00 2.584549150271952200e+00 -2.444959346903531117e+00 1.371478174132155559e+00 2.258610463266784163e-01 -1.736929023821936591e+00 2.584549150263506068e+00
9.045084971925995698e-02 -6.094235253161657540e-02 8.155948031361194561e-03 4.774575140633538495e-02 -8.541019662520363265e-02 9.045084971909829463e-02 -6.094235253168660965e-02 8.155948031636196804e-03 4.774575140596048345e-02 -8.541019662487200903e-02 9.045084971893661840e-02 -6.094235253175666472e-02 8.155948031911193843e-03 4.774575140558557501e-02 -8.541019662454035766e-02 9.045084971877495605e-02 -6.094235253182671286e-02 8.155948032186194352e-03 4.774575140521064576e-02 -8.541019662420876180e-02
-2.210410196629266633e+00 1.158813728901710860e+00 3.354101966341360708e-01 -1.701518827227837205e+00 2.417705098318593482e+00 -2.210410196627113244e+00 1.158813728905710549e+00 3.354101966255111922e-01 -1.701518827217882057e+00 2.417705098311110135e+00 -2.210410196624959411e+00 1.158813728909710239e+00 3.354101966168863691e-01 -1.701518827207926687e+00 2.417705098303625455e+00 -2.210410196622806911e+00 1.158813728913710372e+00 3.354101966082614350e-01 -1.701518827197970429e+00 2.417705098296142108e+00
-6.809016994394644362e-01 4.076237921241147588e-01 2.135254915886419108e-02 -4.421729424091971894e-01 6.940983005647597404e-01 -6.809016994385256316e-01 4.076237921249961094e-01 2.135254915649929114e-02 -4.421729424062522118e-01 6.940983005623594382e-01 -6.809016994375866050e-01 4.076237921258775154e-01 2.135254915413442242e-02 -4.421729424033071232e-01 6.940983005599588029e-01 -6.809016994366479114e-01 4.076237921267589215e-01 2.135254915176951901e-02 -4.421729424003618680e-01 6.940983005575583897e-01
-2.197745751412108817e+00 1.275125624965757654e+00 1.345491502894258784e-01 -1.492830723290170525e+00 2.280901699444199515e+00 -2.197745751409299508e+00 1.275125624968882931e+00 1.345491502815589491e-01 -1.492830723280567762e+00 2.280901699436527874e+00 -2.197745751406489312e+00 1.275125624972008875e+00 1.345491502736921030e-01 -1.492830723270964333e+00 2.280901699428855345e+00 -2.197745751403680003e+00 1.275125624975134597e+00 1.345491502658251737e-01 -1.492830723261360681e+00 2.280901699421183704e+00
4.762335554795656734e+00 -3.026973342620177032e+00 1.354101966082798536e-01 2.807875042081628081e+00 -4.678647450858577805e+00 4.762335554788133862e+00 -3.026973342625122410e+00 1.354101966238061283e-01 2.807875042061452664e+00 -4.678647450841459055e+00 4.762335554780609215e+00 -3.026973342630068675e+00 1.354101966393322087e-01 2.807875042041276803e+00 -4.678647450824337639e+00 4.762335554773087232e+00 -3.026973342635014941e+00 1.354101966548584834e-01 2.807875042021100054e+00 -4.678647450807219776e+00
-2.044959346910243170e+00 1.061067977495862458e+00 3.281152949458338020e-01 -1.591969676945826029e+00 2.247745751411930559e+00 -2.044959346908311382e+00 1.061067977499638992e+00 3.281152949377911243e-01 -1.591969676936589417e+00 2.247745751405028525e+00 -2.044959346906378261e+00 1.061067977503415749e+00 3.281152949297483912e-01 -1.591969676927352806e+00 2.247745751398124714e+00 -2.044959346904446473e+00 1.061067977507192284e+00 3.281152949217056580e-01 -1.591969676918115306e+00 2.247745751391222235e+00
-2.430040653099460712e+00 1.365044318776901244e+00 2.213525491661244293e-01 -1.723200266822730420e+00 2.566844051976053809e+00 -2.430040653096598557e+00 1.365044318780667565e+00 2.213525491571674553e-01 -1.723200266812004999e+00 2.566844051967655638e+00 -2.430040653093735070e+00 1.365044318784434330e+00 2.213525491482106200e-01 -1.723200266801278913e+00 2.566844051959256578e+00 -2.430040653090872915e+00 1.365044318788200872e+00 2.213525491392536737e-01 -1.723200266790552160e+00 2.566844051950858407e+00
-1.940450849724654203e+00 1.226518827216886320e+00 -4.409830055580671315e-02 -1.155166278070247632e+00 1.913196601131060826e+00 -1.940450849721626181e+00 1.226518827218948893e+00 -4.409830056217248218e-02 -1.155166278062010665e+00 1.913196601124098617e+00 -1.940450849718597048e+00 1.226518827221011687e+00 -4.409830056853815405e-02 -1.155166278053773476e+00 1.913196601117135520e+00 -1.940450849715569248e+00 1.226518827223074481e+00 -4.409830057490390920e-02 -1.155166278045535844e+00 1.913196601110173090e+00
-2.183155948037184491e+00 1.348732422716236723e+00 8.610463512062072056e-04 -1.350125624977016159e+00 2.183688103943713710e+00 -2.183155948033947524e+00 1.348732422718773361e+00 8.610463438644549994e-04 -1.350125624967674076e+00 2.183688103935939484e+00 -2.183155948030708782e+00 1.348732422721310220e+00 8.610463365228138155e-04 -1.350125624958331771e+00 2.183688103928163482e+00 -2.183155948027471815e+00 1.348732422723846858e+00 8.610463291810893649e-04 -1.350125624948988801e+00 2.183688103920389256e+00
-2.900000000008410961e+00 1.730495168496374747e+00 1.000000000109854820e-01 -1.892298567387385999e+00 2.961803398884517158e+00 -2.900000000004443468e+00 1.730495168500167047e+00 1.000000000008809814e-01 -1.892298567374829821e+00 2.961803398874304882e+00 -2.900000000000474198e+00 1.730495168503960013e+00 9.999999999077659185e-02 -1.892298567362272976e+00 2.961803398864090831e+00 -2.899999999996506705e+00 1.730495168507752535e+00 9.999999998067207740e-02 -1.892298567349715466e+00 2.961803398853878111e+00
-3.036803398882896410e+00 1.782749417089510846e+00 1.522542486050554311e-01 -2.029101966262257584e+00 3.130901699446542619e+00 -3.036803398878900939e+00 1.782749417093685507e+00 1.522542485943049473e-01 -2.029101966249038380e+00 3.130901699435903573e+00 -3.036803398874905024e+00 1.782749417097860611e+00 1.522542485835545745e-01 -2.029101966235818733e+00 3.130901699425263196e+00 -3.036803398870909554e+00 1.782749417102035716e+00 1.522542485728040906e-01 -2.029101966222598197e+00 3.130901699414623707e+00
