-4.295084971875142710e-01 -3.522542485947250390e-01 2.118033988745234575e-01 4.831559480317361710e-01 8.680339887554242018e-02 -4.295084971875798852e-01 -3.522542485940955426e-01 2.118033988749780661e-01 4.831559480313878385e-01 8.680339887487273365e-02 -4.295084971876454993e-01 -3.522542485934666012e-01 2.118033988754329799e-01 4.831559480310393395e-01 8.680339887420251976e-02 -4.295084971877112801e-01 -3.522542485928370493e-01 2.118033988758871167e-01 4.831559480306910626e-01 8.680339887353316630e-02
2.334549150282413166e+00 4.262790070192538749e+00 3.000000000002423506e-01 -4.077379873566659541e+00 -2.819959346906834252e+00 2.334549150285972541e+00 4.262790070188827940e+00 2.999999999943886997e-01 -4.077379873566568058e+00 -2.819959346900925645e+00 2.334549150289532360e+00 4.262790070185119795e+00 2.999999999885327728e-01 -4.077379873566475688e+00 -2.819959346895013486e+00 2.334549150293095288e+00 4.262790070181409874e+00 2.999999999826845065e-01 -4.077379873566382429e+00 -2.819959346889107987e+00
1.919098300564202386e+00 3.378773075817349980e+00 1.690983005624673297e-01 -3.274264578629258349e+00 -2.192705098313327827e+00 1.919098300566957294e+00 3.378773075814315074e+00 1.690983005578360343e-01 -3.274264578629086486e+00 -2.192705098308591616e+00 1.919098300569712645e+00 3.378773075811282389e+00 1.690983005532029348e-01 -3.274264578628915068e+00 -2.192705098303853184e+00 1.919098300572470439e+00 3.378773075808248372e+00 1.690983005485759416e-01 -3.274264578628741873e+00 -2.192705098299119193e+00
-4.176925358155798129e+00 -9.151441186729973865e+00 -1.478976341284772955e+00 8.237383539257855603e+00 6.569959346910087206e+00 -4.176925358164247370e+00 -9.151441186723149102e+00 -1.478976341272103312e+00 8.237383539258859244e+00 6.569959346898043506e+00 -4.176925358172696612e+00 -9.151441186716324339e+00 -1.478976341259429672e+00 8.237383539259868215e+00 6.569959346885992701e+00 -4.176925358181152070e+00 -9.151441186709499576e+00 -1.478976341246771575e+00 8.237383539260868304e+00 6.569959346873954331e+00
2.477457514078404699e-01 -6.319660112588286471e-02 -2.868033988770165577e-01 -1.140576474689596193e-01 2.163118960643475586e-01 2.477457514075149247e-01 -6.319660112621325321e-02 -2.868033988768950437e-01 -1.140576474685543740e-01 2.163118960644765665e-01 2.477457514071894074e-01 -6.319660112654319761e-02 -2.868033988767736409e-01 -1.140576474681488095e-01 2.163118960646057409e-01 2.477457514068637234e-01 -6.319660112687359999e-02 -2.868033988766521825e-01 -1.140576474677438140e-01 2.163118960647345823e-01
-2.394098300562604198e+00 -4.279634122162838672e+00 -2.508610463459695628e-01 4.124593469066875073e+00 2.800000000002767830e+00 -2.394098300566129378e+00 -4.279634122159045262e+00 -2.508610463400989254e-01 4.124593469066710760e+00 2.799999999996797051e+00 -2.394098300569655002e+00 -4.279634122155253628e+00 -2.508610463342260677e-01 4.124593469066545559e+00 2.799999999990823163e+00 -2.394098300573183291e+00 -4.279634122151460218e+00 -2.508610463283608705e-01 4.124593469066379470e+00 2.799999999984855492e+00
-2.492705098312342660e+00 -4.279634122161771081e+00 -1.522542485955927505e-01 4.185535821597270889e+00 2.739057647470541479e+00 -2.492705098315772805e+00 -4.279634122157843557e+00 -1.522542485897342701e-01 4.185535821596964468e+00 2.739057647464495204e+00 -2.492705098319202950e+00 -4.279634122153916920e+00 -1.522542485838734583e-01 4.185535821596658046e+00 2.739057647458445377e+00 -2.492705098322635759e+00 -4.279634122149988507e+00 -1.522542485780204458e-01 4.185535821596349848e+00 2.739057647452402211e+00
3.400861046345782235e+00 4.876847717662744053e+00 -3.868033988748510454e-01 -5.115905365130105409e+00 -2.775000000000709566e+00 3.400861046349149319e+00 4.876847717657503800e+00 -3.868033988814582047e-01 -5.115905365128949001e+00 -2.774999999993390087e+00 3.400861046352517292e+00 4.876847717652266212e+00 -3.868033988880680840e-01 -5.115905365127792592e+00 -2.774999999986065724e+00 3.400861046355887929e+00 4.876847717647025071e+00 -3.868033988946689705e-01 -5.115905365126634408e+00 -2.774999999978749798e+00
3.773606797752678155e+00 5.002708764007294917e+00 -6.817627457811781255e-01 -5.424061313162044762e+00 -2.670491502813458595e+00 3.773606797755856501e+00 5.002708764001529751e+00 -6.817627457879207320e-01 -5.424061313160447817e+00 -2.670491502805731443e+00 3.773606797759036180e+00 5.002708763995769026e+00 -6.817627457946663361e-01 -5.424061313158850872e+00 -2.670491502797999406e+00 3.773606797762218523e+00 5.002708763990003860e+00 -6.817627458014025033e-01 -5.424061313157253039e+00 -2.670491502790276250e+00
1.778647450845114442e+00 2.902912029472173305e+00 1.545084971838336929e-02 -2.893362879190521486e+00 -1.803647450843754996e+00 1.778647450847356204e+00 2.902912029469388866e+00 1.545084971442031718e-02 -2.893362879190187087e+00 -1.803647450839586330e+00 1.778647450849598410e+00 2.902912029466606203e+00 1.545084971045565525e-02 -2.893362879189852688e+00 -1.803647450835415667e+00 1.778647450851841949e+00 2.902912029463821764e+00 1.545084970649629463e-02 -2.893362879189517400e+00 -1.803647450831248999e+00
-1.830040653092810388e+00 -3.771478174129224481e+00 -5.008610463457272566e-01 3.461929023846188169e+00 2.640450849720365145e+00 -1.830040653096187020e+00 -3.771478174126263738e+00 -5.008610463405193114e-01 3.461929023846445741e+00 2.640450849715318515e+00 -1.830040653099564318e+00 -3.771478174123303884e+00 -5.008610463353094788e-01 3.461929023846704201e+00 2.640450849710268777e+00 -1.830040653102943837e+00 -3.771478174120342697e+00 -5.008610463301063076e-01 3.461929023846960440e+00 2.640450849705223924e+00
3.454915028216187789e-02 -5.640576474697936993e-01 -3.831559480324764899e-01 3.272542485941269952e-01 5.854101966261873180e-01 3.454915028135896460e-02 -5.640576474697716058e-01 -3.831559480316596433e-01 3.272542485946094426e-01 5.854101966256688439e-01 3.454915028055616233e-02 -5.640576474697491793e-01 -3.831559480308426857e-01 3.272542485950922786e-01 5.854101966251503697e-01 3.454915027975274944e-02 -5.640576474697269749e-01 -3.831559480300265608e-01 3.272542485955742264e-01 5.854101966246322286e-01
-1.539589803375115640e+00 -3.033813728910590424e+00 -3.354101966263216550e-01 2.826518827221765395e+00 2.082294901689205169e+00 -1.539589803377766852e+00 -3.033813728908116403e+00 -3.354101966221406106e-01 2.826518827221875529e+00 2.082294901685093347e+00 -1.539589803380418065e+00 -3.033813728905643270e+00 -3.354101966179580119e-01 2.826518827221986108e+00 2.082294901680979748e+00 -1.539589803383071720e+00 -3.033813728903169249e+00 -3.354101966137808533e-01 2.826518827222094910e+00 2.082294901676870147e+00
-5.690983005617695767e-01 -1.157623792126534212e+00 -1.463525491574456938e-01 1.067172942406872771e+00 8.059016994384964327e-01 -5.690983005627989755e-01 -1.157623792125615170e+00 -1.463525491558480551e-01 1.067172942406941161e+00 8.059016994369416764e-01 -5.690983005638284853e-01 -1.157623792124696571e+00 -1.463525491542498336e-01 1.067172942407009995e+00 8.059016994353860319e-01 -5.690983005648587723e-01 -1.157623792123777529e+00 -1.463525491526536937e-01 1.067172942407077940e+00 8.059016994338319417e-01
-2.477254248594083386e+00 -3.700125624974364147e+00 1.904508497170163406e-01 3.817830723284865169e+00 2.169098300564524795e+00 -2.477254248596737263e+00 -3.700125624970528104e+00 1.904508497220418761e-01 3.817830723284136418e+00 2.169098300559050063e+00 -2.477254248599392472e+00 -3.700125624966695170e+00 1.904508497270695766e-01 3.817830723283407224e+00 2.169098300553572223e+00 -2.477254248602049014e+00 -3.700125624962859128e+00 1.904508497320904215e-01 3.817830723282677141e+00 2.169098300548100600e+00
5.712664445220076992e+00 8.376973342636954811e+00 -5.354101966220770059e-01 -8.707875042070536864e+00 -4.846352549159666623e+00 5.712664445225986043e+00 8.376973342628128094e+00 -5.354101966334419149e-01 -8.707875042068735638e+00 -4.846352549147192157e+00 5.712664445231894206e+00 8.376973342619308482e+00 -5.354101966448117089e-01 -8.707875042066934412e+00 -4.846352549134710586e+00 5.712664445237808586e+00 8.376973342610479989e+00 -5.354101966561658488e-01 -8.707875042065131410e+00 -4.846352549122242337e+00
-1.430040653093556546e+00 -3.411067977504627091e+00 -6.781152949390624185e-01 2.991969676940763989e+00 2.527254248595670827e+00 -1.430040653096828152e+00 -3.411067977502256099e+00 -6.781152949343243197e-01 2.991969676941321765e+00 2.527254248591278785e+00 -1.430040653100100201e+00 -3.411067977499885995e+00 -6.781152949295846666e-01 2.991969676941879541e+00 2.527254248586884522e+00 -1.430040653103374471e+00 -3.411067977497515447e+00 -6.781152949248511197e-01 2.991969676942435541e+00 2.527254248582494700e+00
-3.044959346906438657e+00 -4.840044318788061517e+00 5.364745084163785593e-02 4.873200266816898107e+00 2.958155948033539318e+00 -3.044959346910099285e+00 -4.840044318783311539e+00 5.364745084823571708e-02 4.873200266816225756e+00 2.958155948026528481e+00 -3.044959346913760800e+00 -4.840044318778563337e+00 5.364745085483629827e-02 4.873200266815554293e+00 2.958155948019512760e+00 -3.044959346917424980e+00 -4.840044318773812471e+00 5.364745086142796993e-02 4.873200266814880166e+00 2.958155948012505476e+00
-1.884549150281839891e+00 -3.301518827223242081e+00 -1.559016994383729537e-01 3.205166278065824770e+00 2.136803398876217397e+00 -1.884549150284523078e+00 -3.301518827220264019e+00 -1.559016994338486839e-01 3.205166278065643581e+00 2.136803398871581994e+00 -1.884549150287206487e+00 -3.301518827217287733e+00 -1.559016994293226654e-01 3.205166278065462393e+00 2.136803398866944814e+00 -1.884549150289891895e+00 -3.301518827214310114e+00 -1.559016994248026422e-01 3.205166278065280316e+00 2.136803398862312076e+00
-1.791844051967562468e+00 -4.073732422723948865e+00 -7.258610463463971429e-01 3.625125624971832661e+00 2.966311896065002340e+00 -1.791844051971388518e+00 -4.073732422721002777e+00 -7.258610463407489943e-01 3.625125624972377114e+00 2.966311896059692810e+00 -1.791844051975215013e+00 -4.073732422718057578e+00 -7.258610463350989583e-01 3.625125624972922456e+00 2.966311896054379726e+00 -1.791844051979043950e+00 -4.073732422715111490e+00 -7.258610463294560278e-01 3.625125624973465577e+00 2.966311896049072860e+00
