-4.176925358148167788e+00 -9.151441186711068099e+00 -1.478976341283350093e+00 8.237383539242221886e+00 6.569959346903109676e+00 -4.176925358152780987e+00 -9.151441186713098475e+00 -1.478976341279996110e+00 8.237383539246330599e+00 6.569959346902283670e+00 -4.176925358157395962e+00 -9.151441186715130627e+00 -1.478976341276620365e+00 8.237383539250437536e+00 6.569959346901475428e+00 -4.176925358162024260e+00 -9.151441186717161003e+00 -1.478976341273278372e+00 8.237383539254551579e+00 6.569959346900642316e+00
2.477457514058070964e-01 -6.319660112559696841e-02 -2.868033988749165153e-01 -1.140576474680524977e-01 2.163118960628533927e-01 2.477457514058171439e-01 -6.319660112573147193e-02 -2.868033988750096630e-01 -1.140576474679757257e-01 2.163118960629940857e-01 2.477457514058273025e-01 -6.319660112586578116e-02 -2.868033988751027552e-01 -1.140576474678989261e-01 2.163118960631343624e-01 2.477457514058370724e-01 -6.319660112600011814e-02 -2.868033988751958474e-01 -1.140576474678216545e-01 2.163118960632752774e-01
-2.394098300558611836e+00 -4.279634122153005649e+00 -2.508610463449684747e-01 4.124593469058972062e+00 2.799999999998776801e+00 -2.394098300560835835e+00 -4.279634122153763265e+00 -2.508610463432148219e-01 4.124593469060816808e+00 2.799999999998156852e+00 -2.394098300563061166e+00 -4.279634122154520881e+00 -2.508610463414505665e-01 4.124593469062659779e+00 2.799999999997546674e+00 -2.394098300565292270e+00 -4.279634122155279385e+00 -2.508610463397025758e-01 4.124593469064506301e+00 2.799999999996923616e+00
-2.492705098308300560e+00 -4.279634122152897291e+00 -1.522542485952015079e-01 4.185535821589995820e+00 2.739057647467541212e+00 -2.492705098310539658e+00 -4.279634122153612275e+00 -1.522542485934064160e-01 4.185535821591822803e+00 2.739057647466869305e+00 -2.492705098312780088e+00 -4.279634122154326370e+00 -1.522542485916006383e-01 4.185535821593648009e+00 2.739057647466206724e+00 -2.492705098315025847e+00 -4.279634122155042242e+00 -1.522542485898112363e-01 4.185535821595476769e+00 2.739057647465531264e+00
3.400861046338523153e+00 4.876847717652068148e+00 -3.868033988731791051e-01 -5.115905365120185344e+00 -2.774999999998367883e+00 3.400861046341159266e+00 4.876847717652638359e+00 -3.868033988754602248e-01 -5.115905365122170423e+00 -2.774999999997306066e+00 3.400861046343797156e+00 4.876847717653208569e+00 -3.868033988777538346e-01 -5.115905365124151949e+00 -2.774999999996255351e+00 3.400861046346440819e+00 4.876847717653780556e+00 -3.868033988800282374e-01 -5.115905365126137028e+00 -2.774999999995188649e+00
3.773606797744478492e+00 5.002708763995954655e+00 -6.817627457790444989e-01 -5.424061313151348429e+00 -2.670491502811135565e+00 3.773606797747226071e+00 5.002708763996416508e+00 -6.817627457815041980e-01 -5.424061313153332620e+00 -2.670491502809895223e+00 3.773606797749974984e+00 5.002708763996877472e+00 -6.817627457839769978e-01 -5.424061313155315922e+00 -2.670491502808667317e+00 3.773606797752730113e+00 5.002708763997339325e+00 -6.817627457864298135e-01 -5.424061313157301889e+00 -2.670491502807422091e+00
1.778647450840572075e+00 2.902912029465882338e+00 1.545084971972150029e-02 -2.893362879184361525e+00 -1.803647450842561506e+00 1.778647450842104183e+00 2.902912029466329091e+00 1.545084971846695521e-02 -2.893362879185585879e+00 -1.803647450842059019e+00 1.778647450843636957e+00 2.902912029466775401e+00 1.545084971720511735e-02 -2.893362879186808900e+00 -1.803647450841563415e+00 1.778647450845173505e+00 2.902912029467222599e+00 1.545084971595446499e-02 -2.893362879188033254e+00 -1.803647450841058930e+00
-1.830040653090126090e+00 -3.771478174121849047e+00 -5.008610463449011396e-01 3.461929023840356834e+00 2.640450849717621118e+00 -1.830040653092043668e+00 -3.771478174122639082e+00 -5.008610463434732818e-01 3.461929023842031050e+00 2.640450849717223214e+00 -1.830040653093961911e+00 -3.771478174123428229e+00 -5.008610463420363201e-01 3.461929023843703934e+00 2.640450849716832860e+00 -1.830040653095885705e+00 -3.771478174124218263e+00 -5.008610463406133473e-01 3.461929023845380371e+00 2.640450849716432291e+00
3.454915028141070099e-02 -5.640576474683843822e-01 -3.831559480311134691e-01 3.272542485935793222e-01 5.854101966247566846e-01 3.454915028117061526e-02 -5.640576474686367359e-01 -3.831559480310294807e-01 3.272542485938836343e-01 5.854101966248603794e-01 3.454915028093052953e-02 -5.640576474688888675e-01 -3.831559480309443266e-01 3.272542485941878354e-01 5.854101966249645184e-01 3.454915028068927807e-02 -5.640576474691409992e-01 -3.831559480308608934e-01 3.272542485944930357e-01 5.854101966250679911e-01
-1.539589803372237942e+00 -3.033813728903808737e+00 -3.354101966258288270e-01 2.826518827216149887e+00 2.082294901686593924e+00 -1.539589803373790478e+00 -3.033813728904414919e+00 -3.354101966246518796e-01 2.826518827217484375e+00 2.082294901686238209e+00 -1.539589803375344124e+00 -3.033813728905020213e+00 -3.354101966234676047e-01 2.826518827218818419e+00 2.082294901685888266e+00 -1.539589803376901767e+00 -3.033813728905626395e+00 -3.354101966222945430e-01 2.826518827220155128e+00 2.082294901685530331e+00
-5.690983005614586032e-01 -1.157623792124234940e+00 -1.463525491566549097e-01 1.067172942405382630e+00 8.059016994373017218e-01 -5.690983005620482427e-01 -1.157623792124473860e+00 -1.463525491562135405e-01 1.067172942405895109e+00 8.059016994371757114e-01 -5.690983005626382152e-01 -1.157623792124712780e+00 -1.463525491557693403e-01 1.067172942406407365e+00 8.059016994370520326e-01 -5.690983005632298530e-01 -1.157623792124952367e+00 -1.463525491553294977e-01 1.067172942406920733e+00 8.059016994369250231e-01
-2.477254248589984886e+00 -3.700125624966158711e+00 1.904508497171870929e-01 3.817830723278079041e+00 2.169098300561772330e+00 -2.477254248591969077e+00 -3.700125624966636551e+00 1.904508497188745209e-01 3.817830723279602267e+00 2.169098300561020931e+00 -2.477254248593955044e+00 -3.700125624967114391e+00 1.904508497205713580e-01 3.817830723281124161e+00 2.169098300560278414e+00 -2.477254248595945008e+00 -3.700125624967593119e+00 1.904508497222536789e-01 3.817830723282648275e+00 2.169098300559523906e+00
5.712664445209686193e+00 8.376973342618624585e+00 -5.354101966212346797e-01 -8.707875042054704195e+00 -4.846352549154369527e+00 5.712664445214194586e+00 8.376973342619658425e+00 -5.354101966250986999e-01 -8.707875042058134341e+00 -4.846352549152611822e+00 5.712664445218705644e+00 8.376973342620695817e+00 -5.354101966289841474e-01 -8.707875042061562709e+00 -4.846352549150876321e+00 5.712664445223227361e+00 8.376973342621734986e+00 -5.354101966328366213e-01 -8.707875042064992854e+00 -4.846352549149112399e+00
-1.430040653091007918e+00 -3.411067977497090453e+00 -6.781152949379755102e-01 2.991969676934735034e+00 2.527254248592396557e+00 -1.430040653092707892e+00 -3.411067977497902248e+00 -6.781152949367786897e-01 2.991969676936288902e+00 2.527254248592155417e+00 -1.430040653094408754e+00 -3.411067977498714487e+00 -6.781152949355738757e-01 2.991969676937840994e+00 2.527254248591920938e+00 -1.430040653096114722e+00 -3.411067977499526727e+00 -6.781152949343813852e-01 2.991969676939397083e+00 2.527254248591678021e+00
-3.044959346901352948e+00 -4.840044318777684040e+00 5.364745084185273960e-02 4.873200266808285441e+00 2.958155948030122939e+00 -3.044959346903919339e+00 -4.840044318778393695e+00 5.364745084397781749e-02 4.873200266810312264e+00 2.958155948029243643e+00 -3.044959346906487507e+00 -4.840044318779104238e+00 5.364745084611510784e-02 4.873200266812337311e+00 2.958155948028375004e+00 -3.044959346909061448e+00 -4.840044318779814780e+00 5.364745084823369092e-02 4.873200266814365023e+00 2.958155948027491711e+00
-1.884549150278192364e+00 -3.301518827216191276e+00 -1.559016994384866961e-01 3.205166278059733198e+00 2.136803398874024928e+00 -1.884549150279913876e+00 -3.301518827216759266e+00 -1.559016994371180131e-01 3.205166278061149399e+00 2.136803398873526660e+00 -1.884549150281636054e+00 -3.301518827217327701e+00 -1.559016994357411423e-01 3.205166278062564267e+00 2.136803398873035942e+00 -1.884549150283362895e+00 -3.301518827217896579e+00 -1.559016994343768447e-01 3.205166278063981800e+00 2.136803398872535453e+00
-1.791844051965222784e+00 -4.073732422715579560e+00 -7.258610463447576766e-01 3.625125624965511495e+00 2.966311896061289310e+00 -1.791844051967265816e+00 -4.073732422716513035e+00 -7.258610463432930704e-01 3.625125624967352689e+00 2.966311896060957132e+00 -1.791844051969309959e+00 -4.073732422717446511e+00 -7.258610463418188052e-01 3.625125624969192106e+00 2.966311896060632503e+00 -1.791844051971359875e+00 -4.073732422718379986e+00 -7.258610463403594171e-01 3.625125624971035521e+00 2.966311896060297659e+00
-2.899999999995714450e+00 -4.530495168496428526e+00 9.999999999862499434e-02 4.592298567371073226e+00 2.738196601123575658e+00 -2.899999999998124522e+00 -4.530495168497070679e+00 1.000000000006350948e-01 4.592298567372962381e+00 2.738196601122726115e+00 -2.900000000000535039e+00 -4.530495168497714609e+00 1.000000000026566721e-01 4.592298567374848872e+00 2.738196601121887230e+00 -2.900000000002952216e+00 -4.530495168498357650e+00 1.000000000046606247e-01 4.592298567376738916e+00 2.738196601121033247e+00
-2.813196601120457441e+00 -4.757749417090223254e+00 -1.272542485953983560e-01 4.679101966245998945e+00 3.019098300561332326e+00 -2.813196601122952778e+00 -4.757749417091000410e+00 -1.272542485933850498e-01 4.679101966248022215e+00 3.019098300560563164e+00 -2.813196601125449448e+00 -4.757749417091776678e+00 -1.272542485913598642e-01 4.679101966250044597e+00 3.019098300559804660e+00 -2.813196601127952334e+00 -4.757749417092553834e+00 -1.272542485893529141e-01 4.679101966252070532e+00 3.019098300559031500e+00
-7.668440519674459832e-01 -1.677583139029919623e+00 -2.699593469064920925e-01 1.510739087061208741e+00 1.203647450843152056e+00 -7.668440519682917511e-01 -1.677583139030291326e+00 -2.699593469058768069e-01 1.510739087061961694e+00 1.203647450842999955e+00 -7.668440519691379631e-01 -1.677583139030663029e+00 -2.699593469052574690e-01 1.510739087062713981e+00 1.203647450842850963e+00 -7.668440519699865066e-01 -1.677583139031034731e+00 -2.699593469046443484e-01 1.510739087063468045e+00 1.203647450842697975e+00
