-5.154156367933500071e+00 9.782517682149728389e-01 4.004152443160856834e+00 -5.685415276256867934e+00 2.679454061924724240e+00 2.535528112666509237e+00 -5.660146124721178396e+00 4.118372723197562202e+00 8.187086244414704117e-01 -5.080822433939592209e+00 5.154156367932095861e+00 -9.782517682215353672e-01 -4.004152443151736129e+00 5.685415276252714811e+00 -2.679454061928960407e+00 -2.535528112657386313e+00 5.660146124714682259e+00 -4.118372723199053453e+00 -8.187086244332073548e-01 5.080822433931395210e+00
4.972019777205186064e-01 -4.445397590913710562e-01 2.538585118273323227e-02 4.146969012070824134e-01 -5.128912965845956462e-01 1.882429791162280319e-01 2.915984026402432261e-01 -5.310374604441796542e-01 3.326735726877386168e-01 1.399562207374447087e-01 -4.972019777198130042e-01 4.445397590913464092e-01 -2.538585118341080138e-02 -4.146969012062625692e-01 5.128912965843083205e-01 -1.882429791167097299e-01 -2.915984026393893536e-01 5.310374604436576274e-01 -3.326735726879801458e-01 -1.399562207366421285e-01
-2.438899977273286890e+00 3.678776872169448597e-01 2.006433818885632547e+00 -2.726582104100772064e+00 1.198855681025051689e+00 1.317242726232995320e+00 -2.747367377363540530e+00 1.912481327855015900e+00 4.991107377670260803e-01 -2.499221189695262080e+00 2.438899977272777075e+00 -3.678776872202286774e-01 -2.006433818881261821e+00 2.726582104098920212e+00 -1.198855681027244824e+00 -1.317242726228570415e+00 2.747367377360527829e+00 -1.912481327855902524e+00 -4.991107377629652730e-01 2.499221189691386513e+00
-2.425513271001885851e+00 2.401183528670555734e-01 2.143237217761383206e+00 -2.759644810396222780e+00 1.100919824472016195e+00 1.465435936833461072e+00 -2.823643088172191451e+00 1.853955593097486698e+00 6.441875761157823677e-01 -2.611243506998994768e+00 2.425513271001583426e+00 -2.401183528705575498e-01 -2.143237217756963631e+00 2.759644810394531689e+00 -1.100919824474447362e+00 -1.465435936828917152e+00 2.823643088169276893e+00 -1.853955593098607357e+00 -6.441875761115443133e-01 2.611243506995144958e+00
3.676637618323268519e+00 -7.623379975009585419e-01 -2.780455553936031610e+00 4.030959536017707734e+00 -1.958221581782740639e+00 -1.728932003031293352e+00 3.990703048979118872e+00 -2.962420793906514138e+00 -5.081685414924571598e-01 3.559808742642502910e+00 -3.676637618322161405e+00 7.623379975055186719e-01 2.780455553929562562e+00 -4.030959536014667499e+00 1.958221581785633880e+00 1.728932003024858721e+00 -3.990703048974442613e+00 2.962420793907455163e+00 5.081685414866652373e-01 -3.559808742636653367e+00
3.314331954136121361e+00 -5.673964581815059693e-01 -2.647317413491307114e+00 3.679504725756171268e+00 -1.678199813589442257e+00 -1.706662524099615386e+00 3.684501938201312665e+00 -2.624729278536619859e+00 -5.989476158321852539e-01 3.328834429499988978e+00 -3.314331954135319336e+00 5.673964581858417233e-01 2.647317413485406945e+00 -3.679504725753573791e+00 1.678199813592288425e+00 1.706662524093678357e+00 -3.684501938197175086e+00 2.624729278537696331e+00 5.989476158267739159e-01 -3.328834429494720304e+00
2.137136187068405579e+00 -4.674305340660301344e-01 -1.587638638277549363e+00 2.333811689164606573e+00 -1.155921546760470209e+00 -9.749444131782389888e-01 2.302037442502574915e+00 -1.731262904678376069e+00 -2.668158360800124140e-01 2.044923731729917815e+00 -2.137136187067723014e+00 4.674305340686351617e-01 1.587638638273803249e+00 -2.333811689162810676e+00 1.155921546762103791e+00 9.749444131745261810e-01 -2.302037442499840658e+00 1.731262904678877002e+00 2.668158360766842430e-01 -2.044923731726516980e+00
-2.184684449307113141e+00 4.813008968325918624e-01 1.618881311159982905e+00 -2.384410016656154152e+00 1.184160775258440434e+00 9.923455365753255375e-01 -2.350732918412799854e+00 1.771106746468084747e+00 2.686720667928935158e-01 -2.086949703595387007e+00 2.184684449306409260e+00 -4.813008968352482930e-01 -1.618881311156155300e+00 2.384410016654313846e+00 -1.184160775260103327e+00 -9.923455365715344589e-01 2.350732918410002981e+00 -1.771106746468590343e+00 -2.686720667894967329e-01 2.086949703591910676e+00
7.583192702014336650e-02 1.494263747580747495e-02 -9.339805089739589006e-02 9.485335634490729695e-02 -1.810875708258962227e-02 -7.356523564390185510e-02 1.045898782684061556e-01 -4.938754032659108117e-02 -4.653134256644170241e-02 1.040884141864336782e-01 -7.583192702017046982e-02 -1.494263747565581502e-02 9.339805089724476095e-02 -9.485335634488130385e-02 1.810875708271024107e-02 7.356523564373425306e-02 -1.045898782683295919e-01 4.938754032666882454e-02 4.653134256627357301e-02 -1.040884141863140655e-01
-1.903124557497521963e+00 3.741907354880797953e-01 1.463236965768398123e+00 -2.094328953663866510e+00 9.987943790575848357e-01 9.201757414980435978e-01 -2.080525839797178200e+00 1.525629069794734560e+00 2.870413044085780574e-01 -1.863066360854795489e+00 1.903124557496982394e+00 -3.741907354904785432e-01 -1.463236965765037922e+00 2.094328953662317083e+00 -9.987943790591230497e-01 -9.201757414946896141e-01 2.080525839794771237e+00 -1.525629069795260584e+00 -2.870413044055475926e-01 1.863066360851768355e+00
-3.361968861327230829e-01 2.379333001460317010e-01 5.648951642240424009e-02 -3.043407094704391191e-01 3.012844449755428533e-01 -4.984039753314274679e-02 -2.426935436987308348e-01 3.351437691585852363e-01 -1.512915861196075795e-01 -1.572898429244233287e-01 3.361968861323479940e-01 -2.379333001461327035e-01 -5.648951642190988554e-02 3.043407094699597804e-01 -3.012844449754730203e-01 4.984039753353974866e-02 2.426935436981941252e-01 -3.351437691583513678e-01 1.512915861198702860e-01 1.572898429238827889e-01
-2.373565235641605486e+00 7.472828251438912162e-01 1.495081587819021340e+00 -2.504856641731980194e+00 1.449553998415334721e+00 8.008037163911261302e-01 -2.390955227366566405e+00 2.009932726684604987e+00 2.813759767549928181e-02 -2.043010456581430212e+00 2.373565235640475279e+00 -7.472828251463559113e-01 -1.495081587814992341e+00 2.504856641729712230e+00 -1.449553998416695411e+00 -8.008037163872624431e-01 2.390955227363382285e+00 -2.009932726684727111e+00 -2.813759767216489349e-02 2.043010456577645240e+00
5.014433381120158018e+00 -9.764694381894030162e-01 -3.866524710955037136e+00 5.521841843637205649e+00 -2.624789691409114667e+00 -2.436216501676737423e+00 5.488733953563178503e+00 -4.016177241647086227e+00 -7.674344470961069753e-01 4.918350541855062374e+00 -5.014433381118752031e+00 9.764694381957412794e-01 3.866524710946177112e+00 -5.521841843633135127e+00 2.624789691413186077e+00 2.436216501667889833e+00 -5.488733953556842238e+00 4.016177241648490437e+00 7.674344470881070412e-01 -4.918350541847086532e+00
-2.317835833762907249e+00 2.355288675813793087e-01 2.040955044055492440e+00 -2.634815418557057587e+00 1.056456247026475781e+00 1.392876615167629506e+00 -2.693880912343607825e+00 1.773970328248443362e+00 6.084537184451820346e-01 -2.489250573057367966e+00 2.317835833762608377e+00 -2.355288675847144464e-01 -2.040955044051272704e+00 2.634815418555433997e+00 -1.056456247028786821e+00 -1.392876615163294085e+00 2.693880912340818945e+00 -1.773970328249502737e+00 -6.084537184411418220e-01 2.489250573053689131e+00
-2.817312445233264739e+00 7.170626796138174219e-01 1.974354709140021757e+00 -3.038055841267293111e+00 1.597094129136495511e+00 1.160559090007921457e+00 -2.961413164177579826e+00 2.320790877689346221e+00 2.331598610553876350e-01 -2.594886733198778828e+00 2.817312445232200258e+00 -7.170626796170620487e-01 -1.974354709135141439e+00 3.038055841264804435e+00 -1.597094129138448615e+00 -1.160559090003142169e+00 2.961413164173910317e+00 -2.320790877689814735e+00 -2.331598610511602665e-01 2.594886733194292194e+00
-1.574124821471954982e+00 7.431730034848765820e-02 1.486759595201594841e+00 -1.822108027876279568e+00 6.552568585376694621e-01 1.051807392052001022e+00 -1.891730605138405519e+00 1.172055309969734171e+00 5.138969529953493209e-01 -1.776177410306980287e+00 1.574124821471891478e+00 -7.431730035091355102e-02 -1.486759595198679396e+00 1.822108027875279701e+00 -6.552568585394090706e-01 -1.051807392048959455e+00 1.891730605136566989e+00 -1.172055309970616577e+00 -5.138969529924695134e-01 1.776177410304484505e+00
-2.169691176306690839e+00 5.060961105856758291e-01 1.574739516216556279e+00 -2.357313438254299509e+00 1.196448631857462308e+00 9.508037163910951772e-01 -2.314185436496462245e+00 1.769684424894605534e+00 2.337966241663796407e-01 -2.044528840335830377e+00 2.169691176305946101e+00 -5.060961105882613165e-01 -1.574739516212771306e+00 2.357313438252438331e+00 -1.196448631859057921e+00 -9.508037163873618303e-01 2.314185436493665815e+00 -1.769684424895054287e+00 -2.337966241630508035e-01 2.044528840332376696e+00
-2.763288405768741463e+00 2.908990954424704456e-01 2.421316009355592769e+00 -3.137326778320434162e+00 1.266832814483198622e+00 1.648075487372942849e+00 -3.204261746768228392e+00 2.118760111098267895e+00 7.135098538691703185e-01 -2.957541250037262426e+00 2.763288405768368872e+00 -2.908990954464275025e-01 -2.421316009350567455e+00 3.137326778318486831e+00 -1.266832814485933767e+00 -1.648075487367785863e+00 3.204261746764896390e+00 -2.118760111099511789e+00 -7.135098538643696031e-01 2.957541250032875269e+00
-2.977838390168549232e+00 5.990372358868280012e-01 2.273627884511288055e+00 -3.271847115320295707e+00 1.572659079771354440e+00 1.423075487372620573e+00 -3.245584648524312499e+00 2.392338095566866940e+00 4.332225463801342435e-01 -2.901621743012139376e+00 2.977838390167682814e+00 -5.990372358905560191e-01 -2.273627884506037589e+00 3.271847115317854993e+00 -1.572659079773734536e+00 -1.423075487367387870e+00 3.245584648520536852e+00 -2.392338095567664524e+00 -4.332225463754139083e-01 2.901621743007402277e+00
-8.212643661801043438e-01 -2.006031971118177049e-01 1.057087567830067076e+00 -1.042077768392795978e+00 1.679483201765107347e-01 8.446426768984920397e-01 -1.160885338052108251e+00 5.200598857209688397e-01 5.495182757804513152e-01 -1.166057362458805313e+00 8.212643661804609474e-01 2.006031971101024103e-01 -1.057087567828407737e+00 1.042077768392561055e+00 -1.679483201778941837e-01 -8.446426768966327492e-01 1.160885338051304227e+00 -5.200598857218846627e-01 -5.495182757785690431e-01 1.166057362457511237e+00
