5.999999999997469580e-01 9.499999999991626254e-01 -5.999999999997438493e-01 -9.499999999992606581e-01 5.999999999997407407e-01 9.499999999993593569e-01 -5.999999999997382982e-01 -9.499999999994570565e-01 5.999999999997345235e-01 9.499999999995558664e-01 -5.999999999997305267e-01 -9.499999999996533440e-01 5.999999999997300826e-01 9.499999999997520428e-01 -5.999999999997260858e-01 -9.499999999998507416e-01 5.999999999997220890e-01 9.499999999999472200e-01 -5.999999999997180922e-01 -9.500000000000459188e-01
-2.049999999999978506e+00 -2.699999999998718092e+00 2.049999999999994937e+00 2.699999999999013411e+00 -2.050000000000010481e+00 -2.699999999999310951e+00 2.050000000000029132e+00 2.699999999999605382e+00 -2.050000000000043343e+00 -2.699999999999903366e+00 2.050000000000057110e+00 2.700000000000196909e+00 -2.050000000000080203e+00 -2.700000000000494449e+00 2.050000000000093969e+00 2.700000000000792877e+00 -2.050000000000107292e+00 -2.700000000001082867e+00 2.050000000000121503e+00 2.700000000001380407e+00
-2.449999999999565858e+00 -1.749999999999046318e+00 2.449999999999657341e+00 1.749999999999292344e+00 -2.449999999999748823e+00 -1.749999999999541256e+00 2.449999999999841638e+00 1.749999999999785727e+00 -2.449999999999932232e+00 -1.750000000000034861e+00 2.450000000000022382e+00 1.750000000000279332e+00 -2.450000000000119194e+00 -1.750000000000528244e+00 2.450000000000208900e+00 1.750000000000777156e+00 -2.450000000000298606e+00 -1.750000000001016964e+00 2.450000000000388756e+00 1.750000000001265654e+00
3.399999999999543832e+00 3.049999999997990319e+00 -3.399999999999640643e+00 -3.049999999998376232e+00 3.399999999999737454e+00 3.049999999998767031e+00 -3.399999999999836486e+00 -3.049999999999151168e+00 3.399999999999931077e+00 3.049999999999542410e+00 -3.400000000000024780e+00 -3.049999999999926104e+00 3.400000000000130029e+00 3.050000000000316458e+00 -3.400000000000223732e+00 -3.050000000000706812e+00 3.400000000000317435e+00 3.050000000001085176e+00 -3.400000000000411582e+00 -3.050000000001475087e+00
3.799999999999343459e+00 3.099999999998066524e+00 -3.799999999999466471e+00 -3.099999999998475975e+00 3.799999999999589484e+00 3.099999999998889866e+00 -3.799999999999715161e+00 -3.099999999999297096e+00 3.799999999999836398e+00 3.099999999999711875e+00 -3.799999999999956746e+00 -3.100000000000118661e+00 3.800000000000088196e+00 3.100000000000532552e+00 -3.800000000000208544e+00 -3.100000000000946443e+00 3.800000000000328892e+00 3.100000000001346567e+00 -3.800000000000449241e+00 -3.100000000001760458e+00
2.199999999999389999e+00 2.499999999998595790e+00 -2.199999999999426414e+00 -2.499999999998884004e+00 2.199999999999463274e+00 2.499999999999174882e+00 -2.199999999999502354e+00 -2.499999999999461764e+00 2.199999999999536993e+00 2.499999999999752642e+00 -2.199999999999571632e+00 -2.500000000000039080e+00 2.199999999999615152e+00 2.500000000000329514e+00 -2.199999999999649791e+00 -2.500000000000620837e+00 2.199999999999683986e+00 2.500000000000903722e+00 -2.199999999999718625e+00 -2.500000000001194156e+00
-1.749999999999676925e+00 -1.999999999999044320e+00 1.749999999999705791e+00 1.999999999999274358e+00 -1.749999999999734435e+00 -1.999999999999506395e+00 1.749999999999764633e+00 1.999999999999735323e+00 -1.749999999999791944e+00 -1.999999999999967804e+00 1.749999999999818812e+00 2.000000000000196287e+00 -1.749999999999853006e+00 -2.000000000000428546e+00 1.749999999999880096e+00 2.000000000000660361e+00 -1.749999999999906519e+00 -2.000000000000886402e+00 1.749999999999933609e+00 2.000000000001118217e+00
-1.285360706759774985e-13 -2.999999999999610756e-01 1.138256155996941743e-13 2.999999999999828360e-01 -9.914291609902647906e-14 -3.000000000000045963e-01 8.471001677889944403e-14 3.000000000000263012e-01 -6.977751709769108857e-14 -3.000000000000480616e-01 5.478950626525147527e-14 3.000000000000697664e-01 -4.093947403305264743e-14 -3.000000000000914713e-01 2.595146320061303413e-14 3.000000000001131761e-01 -1.096345236817342084e-14 -3.000000000001349365e-01 -3.969047313034934632e-15 3.000000000001565859e-01
-1.400000000000055422e+00 -2.299999999999091216e+00 1.400000000000044320e+00 2.299999999999326139e+00 -1.400000000000032774e+00 -2.299999999999562394e+00 1.400000000000023448e+00 2.299999999999796430e+00 -1.400000000000010347e+00 -2.300000000000033129e+00 1.399999999999996803e+00 2.300000000000266720e+00 -1.399999999999991918e+00 -2.300000000000502975e+00 1.399999999999978595e+00 2.300000000000739231e+00 -1.399999999999964828e+00 -2.300000000000970601e+00 1.399999999999951505e+00 2.300000000001206857e+00
-2.500000000000383582e-01 -6.499999999998096190e-01 2.500000000000247025e-01 6.499999999998689049e-01 -2.500000000000109357e-01 -6.499999999999284128e-01 2.499999999999976963e-01 6.499999999999874767e-01 -2.499999999999834854e-01 -6.500000000000472067e-01 2.499999999999691358e-01 6.500000000001061595e-01 -2.499999999999571454e-01 -6.500000000001656675e-01 2.499999999999428513e-01 6.500000000002251754e-01 -2.499999999999284739e-01 -6.500000000002837952e-01 2.499999999999141242e-01 6.500000000003433032e-01
-1.849999999999787592e+00 -1.899999999999064881e+00 1.849999999999828892e+00 1.899999999999292255e+00 -1.849999999999869527e+00 -1.899999999999522293e+00 1.849999999999911715e+00 1.899999999999748779e+00 -1.849999999999951239e+00 -1.899999999999979039e+00 1.849999999999990541e+00 1.900000000000205080e+00 -1.850000000000036504e+00 -1.900000000000435119e+00 1.850000000000075584e+00 1.900000000000664713e+00 -1.850000000000114664e+00 -1.900000000000887868e+00 1.850000000000153744e+00 1.900000000001117684e+00
4.849999999999136335e+00 4.649999999997616484e+00 -4.849999999999260680e+00 -4.649999999998188471e+00 4.849999999999383249e+00 4.649999999998767564e+00 -4.849999999999509370e+00 -4.649999999999337774e+00 4.849999999999630163e+00 4.649999999999916866e+00 -4.849999999999749178e+00 -4.650000000000486189e+00 4.849999999999885070e+00 4.650000000001064393e+00 -4.850000000000004086e+00 -4.650000000001643485e+00 4.850000000000123102e+00 4.650000000002203926e+00 -4.850000000000242117e+00 -4.650000000002783018e+00
-1.550000000000115508e+00 -2.549999999998794120e+00 1.550000000000103295e+00 2.549999999999054356e+00 -1.550000000000090417e+00 -2.549999999999315925e+00 1.550000000000079314e+00 2.549999999999575273e+00 -1.550000000000064881e+00 -2.549999999999837286e+00 1.550000000000050004e+00 2.550000000000096634e+00 -1.550000000000044231e+00 -2.550000000000358202e+00 1.550000000000029132e+00 2.550000000000620215e+00 -1.550000000000013811e+00 -2.550000000000876454e+00 1.549999999999998934e+00 2.550000000001138911e+00
-2.549999999999695621e+00 -2.449999999998820677e+00 2.549999999999760458e+00 2.449999999999122657e+00 -2.549999999999824851e+00 -2.449999999999426414e+00 2.549999999999891465e+00 2.449999999999727063e+00 -2.549999999999954081e+00 -2.450000000000032152e+00 2.550000000000017142e+00 2.450000000000331468e+00 -2.550000000000088196e+00 -2.450000000000636113e+00 2.550000000000150369e+00 2.450000000000940759e+00 -2.550000000000212097e+00 -2.450000000001236078e+00 2.550000000000275158e+00 2.450000000001540279e+00
-1.849999999999883515e+00 -1.799999999999099209e+00 1.849999999999929479e+00 1.799999999999319478e+00 -1.849999999999974998e+00 -1.799999999999542188e+00 1.850000000000022293e+00 1.799999999999761569e+00 -1.850000000000066702e+00 -1.799999999999984501e+00 1.850000000000110889e+00 1.800000000000203437e+00 -1.850000000000161515e+00 -1.800000000000425926e+00 1.850000000000205702e+00 1.800000000000648637e+00 -1.850000000000249667e+00 -1.800000000000864464e+00 1.850000000000293632e+00 1.800000000001087175e+00
-1.899999999999946176e+00 -2.499999999999081179e+00 1.899999999999961720e+00 2.499999999999354294e+00 -1.899999999999976596e+00 -2.499999999999630518e+00 1.899999999999993694e+00 2.499999999999902744e+00 -1.900000000000006573e+00 -2.500000000000178968e+00 1.900000000000019451e+00 2.500000000000450751e+00 -1.900000000000041434e+00 -2.500000000000726530e+00 1.900000000000054534e+00 2.500000000001002753e+00 -1.900000000000066969e+00 -2.500000000001271427e+00 1.900000000000079403e+00 2.500000000001547207e+00
-2.849999999999679012e+00 -2.699999999998283773e+00 2.849999999999753619e+00 2.699999999998618172e+00 -2.849999999999827338e+00 -2.699999999998955680e+00 2.849999999999903277e+00 2.699999999999288747e+00 -2.849999999999975220e+00 -2.699999999999626255e+00 2.850000000000046718e+00 2.699999999999958877e+00 -2.850000000000128431e+00 -2.700000000000295941e+00 2.850000000000199929e+00 2.700000000000633893e+00 -2.850000000000271427e+00 -2.700000000000961187e+00 2.850000000000342926e+00 2.700000000001298694e+00
-1.900000000000047873e+00 -2.799999999998724398e+00 1.900000000000048317e+00 2.799999999999019273e+00 -1.900000000000048761e+00 -2.799999999999316813e+00 1.900000000000051426e+00 2.799999999999610800e+00 -1.900000000000049649e+00 -2.799999999999909228e+00 1.900000000000047429e+00 2.800000000000202771e+00 -1.900000000000055644e+00 -2.800000000000499867e+00 1.900000000000053646e+00 2.800000000000797407e+00 -1.900000000000050759e+00 -2.800000000001087841e+00 1.900000000000048761e+00 2.800000000001385381e+00
-6.500000000000188960e-01 -1.049999999999441380e+00 6.500000000000147882e-01 1.049999999999549072e+00 -6.500000000000102363e-01 -1.049999999999657430e+00 6.500000000000066835e-01 1.049999999999764899e+00 -6.500000000000015765e-01 -1.049999999999873257e+00 6.499999999999961364e-01 1.049999999999980504e+00 -6.499999999999946931e-01 -1.050000000000088862e+00 6.499999999999893641e-01 1.050000000000197442e+00 -6.499999999999839240e-01 -1.050000000000303357e+00 6.499999999999785949e-01 1.050000000000411715e+00
-2.449999999999656897e+00 -2.549999999998553424e+00 2.449999999999709743e+00 2.549999999998857181e+00 -2.449999999999761702e+00 -2.549999999999164046e+00 2.449999999999816325e+00 2.549999999999466915e+00 -2.449999999999866507e+00 -2.549999999999773781e+00 2.449999999999917133e+00 2.550000000000075762e+00 -2.449999999999976641e+00 -2.550000000000382627e+00 2.450000000000026379e+00 2.550000000000689493e+00 -2.450000000000076117e+00 -2.550000000000987477e+00 2.450000000000126743e+00 2.550000000001294342e+00
