-1.649999999996374589e+00 -9.999999999991835420e-01 1.649999999996760280e+00 9.999999999994363398e-01 -1.649999999997145972e+00 -9.999999999996902478e-01 1.649999999997532107e+00 9.999999999999438227e-01 -1.649999999997917355e+00 -1.000000000000194955e+00 1.649999999998302602e+00 1.000000000000451417e+00 -1.649999999998689404e+00 -1.000000000000702549e+00 1.649999999999072875e+00 1.000000000000953237e+00 -1.649999999999459899e+00 -1.000000000001209699e+00 1.649999999999846922e+00 1.000000000001460831e+00
-1.099999999996876365e+00 -9.499999999991028954e-01 1.099999999997131050e+00 9.499999999993389288e-01 -1.099999999997385736e+00 -9.499999999995759614e-01 1.099999999997640643e+00 9.499999999998127720e-01 -1.099999999997895106e+00 -9.500000000000476952e-01 1.099999999998149347e+00 9.500000000002863931e-01 -1.099999999998405364e+00 -9.500000000005215384e-01 1.099999999998657829e+00 9.500000000007564616e-01 -1.099999999998913847e+00 -9.500000000009951595e-01 1.099999999999169642e+00 9.500000000012300827e-01
-1.199999999996823385e+00 -7.999999999997746691e-01 1.199999999997103384e+00 7.999999999999759526e-01 -1.199999999997383160e+00 -8.000000000001779021e-01 1.199999999997663380e+00 8.000000000003797407e-01 -1.199999999997942934e+00 -8.000000000005795808e-01 1.199999999998222489e+00 8.000000000007836398e-01 -1.199999999998503375e+00 -8.000000000009834800e-01 1.199999999998781375e+00 8.000000000011833201e-01 -1.199999999999062261e+00 -8.000000000013873791e-01 1.199999999999343148e+00 8.000000000015872192e-01
2.749999999992106314e+00 3.099999999996788436e+00 -2.749999999992736921e+00 -3.099999999997551825e+00 2.749999999993367528e+00 3.099999999998317435e+00 -2.749999999993999467e+00 -3.099999999999083045e+00 2.749999999994628297e+00 3.099999999999843769e+00 -2.749999999995257571e+00 -3.100000000000613376e+00 2.749999999995892175e+00 3.100000000001374101e+00 -2.749999999996515676e+00 -3.100000000002134382e+00 2.749999999997149835e+00 3.100000000002904876e+00 -2.749999999997784883e+00 -3.100000000003665157e+00
2.749999999992248423e+00 2.949999999996672173e+00 -2.749999999992879918e+00 -2.949999999997400035e+00 2.749999999993511857e+00 2.949999999998129674e+00 -2.749999999994145572e+00 -2.949999999998859312e+00 2.749999999994775735e+00 2.949999999999584066e+00 -2.749999999995406341e+00 -2.950000000000318590e+00 2.749999999996041833e+00 2.950000000001042899e+00 -2.749999999996667110e+00 -2.950000000001767653e+00 2.749999999997302602e+00 2.950000000002502176e+00 -2.749999999997938094e+00 -2.950000000003226930e+00
5.249999999985432986e+00 5.649999999993612576e+00 -5.249999999986639132e+00 -5.649999999995006128e+00 5.249999999987845278e+00 5.649999999996404121e+00 -5.249999999989053201e+00 -5.649999999997801226e+00 5.249999999990256683e+00 5.649999999999188560e+00 -5.249999999991460164e+00 -5.650000000000595435e+00 5.249999999992673416e+00 5.650000000001982770e+00 -5.249999999993867128e+00 -5.650000000003370992e+00 5.249999999995080380e+00 5.650000000004776979e+00 -5.249999999996293631e+00 -5.650000000006165202e+00
5.749999999985049293e+00 5.399999999993982058e+00 -5.749999999986376231e+00 -5.399999999995319655e+00 5.749999999987704946e+00 5.399999999996661693e+00 -5.749999999989034549e+00 -5.399999999998003730e+00 5.749999999990359711e+00 5.399999999999335998e+00 -5.749999999991684874e+00 -5.400000000000687805e+00 5.749999999993018918e+00 5.400000000002019185e+00 -5.749999999994335198e+00 -5.400000000003351452e+00 5.749999999995669242e+00 5.400000000004702372e+00 -5.749999999997004174e+00 -5.400000000006034639e+00
-1.399999999996252020e+00 -1.299999999998897593e+00 1.399999999996575317e+00 1.299999999999219780e+00 -1.399999999996898836e+00 -1.299999999999543077e+00 1.399999999997222799e+00 1.299999999999866374e+00 -1.399999999997545430e+00 -1.300000000000187006e+00 1.399999999997868283e+00 1.300000000000512745e+00 -1.399999999998193356e+00 -1.300000000000833378e+00 1.399999999998513767e+00 1.300000000001154232e+00 -1.399999999998838840e+00 -1.300000000001479750e+00 1.399999999999163913e+00 1.300000000001800604e+00
-6.999999999983571586e-01 -3.999999999999065414e-01 6.999999999985210275e-01 4.000000000000080158e-01 -6.999999999986847854e-01 -4.000000000001099343e-01 6.999999999988488764e-01 4.000000000002118528e-01 -6.999999999990124122e-01 -4.000000000003124390e-01 6.999999999991761701e-01 4.000000000004154677e-01 -6.999999999993404831e-01 -4.000000000005161649e-01 6.999999999995033528e-01 4.000000000006167511e-01 -6.999999999996677769e-01 -4.000000000007198908e-01 6.999999999998320899e-01 4.000000000008204770e-01
-6.499999999981775911e-01 1.240674230018612434e-13 6.499999999983330223e-01 -1.186828413324292342e-13 -6.499999999984882315e-01 1.127986593019159045e-13 6.499999999986435517e-01 -1.069144772714025748e-13 -6.499999999987988719e-01 1.022515405679769174e-13 6.499999999989540811e-01 -9.525713551283843117e-14 -6.499999999991094013e-01 9.053868765818151587e-14 6.499999999992647215e-01 -8.587575095475585840e-14 -6.499999999994200417e-01 7.882583474838611437e-14 6.499999999995753619e-01 -7.410738689372919907e-14
-6.249999999982549959e+00 -6.249999999993445243e+00 6.249999999983989696e+00 6.249999999994990674e+00 -6.249999999985430321e+00 -6.249999999996540545e+00 6.249999999986872723e+00 6.249999999998090416e+00 -6.249999999988308907e+00 -6.249999999999628741e+00 6.249999999989746868e+00 6.250000000001189271e+00 -6.249999999991194599e+00 -6.250000000002727596e+00 6.249999999992620126e+00 6.250000000004265921e+00 -6.249999999994068745e+00 -6.250000000005826450e+00 6.249999999995516475e+00 6.250000000007364775e+00
-6.299999999981803711e+00 -7.549999999991939603e+00 6.299999999983244336e+00 7.549999999993795896e+00 -6.299999999984684962e+00 -7.549999999995657518e+00 6.299999999986129140e+00 7.549999999997518252e+00 -6.299999999987565324e+00 -7.549999999999367439e+00 6.299999999989003285e+00 7.550000000001238831e+00 -6.299999999990453681e+00 -7.550000000003088019e+00 6.299999999991877431e+00 7.550000000004937206e+00 -6.299999999993326938e+00 -7.550000000006808598e+00 6.299999999994778221e+00 7.550000000008658674e+00
-1.099999999996984501e+00 -8.999999999993352207e-01 1.099999999997239630e+00 8.999999999995592637e-01 -1.099999999997494760e+00 -8.999999999997843059e-01 1.099999999997750333e+00 9.000000000000091260e-01 -1.099999999998004796e+00 -9.000000000002321698e-01 1.099999999998259703e+00 9.000000000004590994e-01 -1.099999999998515943e+00 -9.000000000006821432e-01 1.099999999998768851e+00 9.000000000009051870e-01 -1.099999999999025313e+00 -9.000000000011320056e-01 1.099999999999281552e+00 9.000000000013548274e-01
2.349999999993718891e+00 1.999999999997486899e+00 -2.349999999994263344e+00 -1.999999999997983835e+00 2.349999999994807354e+00 1.999999999998483435e+00 -2.349999999995352695e+00 -1.999999999998982148e+00 2.349999999995896260e+00 1.999999999999477307e+00 -2.349999999996439826e+00 -1.999999999999980238e+00 2.349999999996986944e+00 2.000000000000474731e+00 -2.349999999997526512e+00 -2.000000000000969447e+00 2.349999999998073630e+00 2.000000000001473044e+00 -2.349999999998620748e+00 -2.000000000001967759e+00
-9.999999999971816989e-01 -1.049999999998909583e+00 9.999999999974117371e-01 1.049999999999168709e+00 -9.999999999976414422e-01 -1.049999999999428724e+00 9.999999999978719245e-01 1.049999999999688516e+00 -9.999999999981012966e-01 -1.049999999999946532e+00 9.999999999983308907e-01 1.050000000000208322e+00 -9.999999999985621502e-01 -1.050000000000466338e+00 9.999999999987897459e-01 1.050000000000724354e+00 -9.999999999990211164e-01 -1.050000000000985922e+00 9.999999999992524868e-01 1.050000000001244160e+00
-9.999999999974477083e-01 -5.999999999996143973e-01 9.999999999976815213e-01 5.999999999997660538e-01 -9.999999999979153342e-01 -5.999999999999183764e-01 9.999999999981492582e-01 6.000000000000708100e-01 -9.999999999983828491e-01 -6.000000000002212452e-01 9.999999999986164401e-01 6.000000000003753442e-01 -9.999999999988509192e-01 -6.000000000005261125e-01 9.999999999990832888e-01 6.000000000006766587e-01 -9.999999999993178790e-01 -6.000000000008307577e-01 9.999999999995524691e-01 6.000000000009813039e-01
-1.699999999996490985e+00 -1.499999999998913980e+00 1.699999999996884448e+00 1.499999999999286571e+00 -1.699999999997277689e+00 -1.499999999999660272e+00 1.699999999997671596e+00 1.500000000000033973e+00 -1.699999999998064171e+00 -1.500000000000404565e+00 1.699999999998456968e+00 1.500000000000781375e+00 -1.699999999998852207e+00 -1.500000000001151967e+00 1.699999999999242117e+00 1.500000000001522782e+00 -1.699999999999637579e+00 -1.500000000001899148e+00 1.700000000000032818e+00 1.500000000002269962e+00
-8.999999999981398435e-01 -3.499999999996886157e-01 8.999999999983517851e-01 3.499999999997795985e-01 -8.999999999985639487e-01 -3.499999999998714140e-01 8.999999999987760013e-01 3.499999999999631184e-01 -8.999999999989879429e-01 -3.500000000000532685e-01 8.999999999991998845e-01 3.500000000001465827e-01 -8.999999999994123812e-01 -3.500000000002367884e-01 8.999999999996235456e-01 3.500000000003268275e-01 -8.999999999998360423e-01 -3.500000000004201417e-01 9.000000000000485390e-01 3.500000000005103473e-01
-6.499999999984132915e-01 -4.999999999996347366e-01 6.499999999985643928e-01 4.999999999997595812e-01 -6.499999999987153831e-01 -4.999999999998849254e-01 6.499999999988665955e-01 5.000000000000102141e-01 -6.499999999990174748e-01 -5.000000000001344480e-01 6.499999999991682431e-01 5.000000000002607914e-01 -6.499999999993198996e-01 -5.000000000003849143e-01 6.499999999994697797e-01 5.000000000005091483e-01 -6.499999999996215472e-01 -5.000000000006354917e-01 6.499999999997732036e-01 5.000000000007597256e-01
-5.499999999986407984e-01 -1.000000000000234868e-01 5.499999999987713606e-01 1.000000000000519085e-01 -5.499999999989019228e-01 -1.000000000000808020e-01 5.499999999990324850e-01 1.000000000001096956e-01 -5.499999999991629362e-01 -1.000000000001375067e-01 5.499999999992934985e-01 1.000000000001673162e-01 -5.499999999994241717e-01 -1.000000000001952383e-01 5.499999999995545119e-01 1.000000000002230494e-01 -5.499999999996851852e-01 -1.000000000002528588e-01 5.499999999998158584e-01 1.000000000002807810e-01
