2.601368952537313373e+00 -7.361174857918587611e-01 -1.736010948330753534e+00 2.776920752287116212e+00 -1.528455181629514215e+00 -9.801139231825203302e-01 2.680648200856548868e+00 -2.171177034914781867e+00 -1.282765183772217876e-01 2.321975126349998586e+00 -2.601368952541176949e+00 7.361174858020191891e-01 1.736010948322669112e+00 -2.776920752287774796e+00 1.528455181638369575e+00 9.801139231727599155e-01 -2.680648200853938512e+00 2.171177034921465854e+00 1.282765183667448072e-01 -2.321975126344378637e+00
-3.012780193520917749e+00 5.176208283520131737e-01 2.404280415151181405e+00 -3.344021969156484531e+00 1.526853178475288564e+00 1.549098407708256131e+00 -3.347927575277600099e+00 2.386626501276732260e+00 5.422798549144715041e-01 -3.024114703945154137e+00 3.012780193526955141e+00 -5.176208283646775987e-01 -2.404280415142326266e+00 3.344021969158742280e+00 -1.526853178486792251e+00 -1.549098407696978041e+00 3.347927575275856160e+00 -2.386626501285950663e+00 -5.422798549018792436e-01 3.024114703939584814e+00
-2.215833880451107074e+00 4.455853419346330058e-01 1.692016895197106852e+00 -2.434670497188801797e+00 1.170109929682697780e+00 1.059123776731162092e+00 -2.415184602313135809e+00 1.780096004877359528e+00 3.225562436487399154e-01 -2.159283610980755164e+00 2.215833880455244209e+00 -4.455853419437735830e-01 -1.692016895190495696e+00 2.434670497190172700e+00 -1.170109929690916761e+00 -1.059123776722862287e+00 2.415184602311605033e+00 -1.780096004883853000e+00 -3.225562436395673638e-01 2.159283610976477252e+00
-1.722008466765715673e-01 3.224901404906586055e-01 -2.069090505038993777e-01 -7.925396358647371353e-02 3.000776724676588181e-01 -2.735084972511928059e-01 2.145084965436137164e-02 2.482915110992295893e-01 -3.133350266415949603e-01 1.200559042741587423e-01 1.722008466755496903e-01 -3.224901404905979874e-01 2.069090505048493678e-01 7.925396358529591956e-02 -3.000776724672247764e-01 2.735084972518601609e-01 -2.145084965557972345e-02 -2.482915110984646179e-01 3.133350266419138164e-01 -1.200559042752982197e-01
2.504123723309846561e+00 -3.853881168020665271e-01 -2.051072820379591821e+00 2.796568827197444929e+00 -1.236491006917142199e+00 -1.342986470280380651e+00 2.815266289436253455e+00 -1.966557542134904191e+00 -5.034392473322104600e-01 2.558385872149432139e+00 -2.504123723315073935e+00 3.853881168127129553e-01 2.051072820372299432e+00 -2.796568827199521490e+00 1.236491006926870861e+00 1.342986470271010147e+00 -2.815266289434974922e+00 1.966557542142763904e+00 5.034392473216828812e-01 -2.558385872144929074e+00
2.308059579801021499e+00 -6.621093545297358496e-01 -1.529703351805706379e+00 2.460383495678207577e+00 -1.362650915682699360e+00 -8.584912711551446751e-01 2.371867932496874776e+00 -1.929806711060511271e+00 -1.032440834228896542e-01 2.051177410305455417e+00 -2.308059579804407235e+00 6.621093545387266577e-01 1.529703351798520128e+00 -2.460383495678752475e+00 1.362650915690522657e+00 8.584912711464840473e-01 -2.371867932494524212e+00 1.929806711066402114e+00 1.032440834136062746e-01 -2.051177410300444315e+00
-5.154156367926081117e+00 9.782517682101508072e-01 4.004152443159616936e+00 -5.685415276252834715e+00 2.679454061923352448e+00 2.535528112663826938e+00 -5.660146124718490768e+00 4.118372723199475338e+00 8.187086244355262776e-01 -5.080822433935751725e+00 5.154156367935976313e+00 -9.782517682315683416e-01 -4.004152443144327833e+00 5.685415276256283512e+00 -2.679454061942687204e+00 -2.535528112644525489e+00 5.660146124715152993e+00 -4.118372723214836384e+00 -8.187086244141108526e-01 5.080822433925963999e+00
4.972019777210008318e-01 -4.445397590911059904e-01 2.538585118206970748e-02 4.146969012076719974e-01 -5.128912965848427818e-01 1.882429791161112642e-01 2.915984026406331364e-01 -5.310374604447067881e-01 3.326735726881836497e-01 1.399562207373823419e-01 -4.972019777203211532e-01 4.445397590922341435e-01 -2.538585118407532537e-02 -4.146969012064422588e-01 5.128912965854031114e-01 -1.882429791180003087e-01 -2.915984026389736861e-01 5.310374604446441715e-01 -3.326735726897703249e-01 -1.399562207354564936e-01
-2.438899977270071684e+00 3.678776872144980947e-01 2.006433818885584142e+00 -2.726582104099370074e+00 1.198855681024456166e+00 1.317242726232211947e+00 -2.747367377362939678e+00 1.912481327856236923e+00 4.991107377645458421e-01 -2.499221189694201151e+00 2.438899977275197806e+00 -3.678776872248871177e-01 -2.006433818878493369e+00 2.726582104101425763e+00 -1.198855681033959231e+00 -1.317242726223085914e+00 2.747367377361722873e+00 -1.912481327863924774e+00 -4.991107377542821633e-01 2.499221189689835754e+00
-2.425513270998060023e+00 2.401183528637845233e-01 2.143237217761756686e+00 -2.759644810394537018e+00 1.100919824470655728e+00 1.465435936833349828e+00 -2.823643088171672755e+00 1.853955593098141286e+00 6.441875761140942735e-01 -2.611243506998362829e+00 2.425513271003744808e+00 -2.401183528744532669e-01 -2.143237217754895063e+00 2.759644810397142045e+00 -1.100919824480575127e+00 -1.465435936824283747e+00 2.823643088170942672e+00 -1.853955593106341837e+00 -6.441875761037150205e-01 2.611243506994374020e+00
3.676637618317335043e+00 -7.623379974946460358e-01 -2.780455553937851043e+00 4.030959536015110700e+00 -1.958221581779388654e+00 -1.728932003032419784e+00 3.990703048978370138e+00 -2.962420793906204164e+00 -5.081685414913323928e-01 3.559808742641717316e+00 -3.676637618324093193e+00 7.623379975097510641e-01 2.780455553926846513e+00 -4.030959536017282296e+00 1.958221581792940480e+00 1.728932003018646357e+00 -3.990703048975742018e+00 2.962420793916877848e+00 5.081685414761442088e-01 -3.559808742634554157e+00
3.314331954130063096e+00 -5.673964581763107917e-01 -2.647317413491716565e+00 3.679504725752926309e+00 -1.678199813586585876e+00 -1.706662524099587186e+00 3.684501938199635784e+00 -2.624729278536220622e+00 -5.989476158303498332e-01 3.328834429498258807e+00 -3.314331954136714664e+00 5.673964581902481985e-01 2.647317413481978576e+00 -3.679504725755418981e+00 1.678199813599248635e+00 1.706662524087180444e+00 -3.684501938197724424e+00 2.624729278546370281e+00 5.989476158164944719e-01 -3.328834429492137481e+00
2.137136187064927473e+00 -4.674305340630967587e-01 -1.587638638277699465e+00 2.333811689162756053e+00 -1.155921546759029583e+00 -9.749444131779452238e-01 2.302037442501520648e+00 -1.731262904678413372e+00 -2.668158360784755323e-01 2.044923731728627736e+00 -2.137136187068741755e+00 4.674305340718117874e-01 1.587638638271266167e+00 -2.333811689163910241e+00 1.155921546766816244e+00 9.749444131699371852e-01 -2.302037442499900610e+00 1.731262904684510495e+00 2.668158360696803455e-01 -2.044923731724396454e+00
-2.184684449304453935e+00 4.813008968306139446e-01 1.618881311159831471e+00 -2.384410016654923137e+00 1.184160775258049858e+00 9.923455365744128231e-01 -2.350732918412082206e+00 1.771106746469158777e+00 2.686720667904640703e-01 -2.086949703594093375e+00 2.184684449308337495e+00 -4.813008968395136034e-01 -1.618881311153249625e+00 2.384410016656087539e+00 -1.184160775265996834e+00 -9.923455365662262606e-01 2.350732918410412875e+00 -1.771106746475376026e+00 -2.686720667814779251e-01 2.086949703589757288e+00
7.583192701987952200e-02 1.494263747579000629e-02 -9.339805089713407171e-02 9.485335634466195154e-02 -1.810875708259330683e-02 -7.356523564366145018e-02 1.045898782681686512e-01 -4.938754032659123383e-02 -4.653134256619909093e-02 1.040884141861823098e-01 -7.583192702016201825e-02 -1.494263747539632120e-02 9.339805089695359108e-02 -9.485335634484355627e-02 1.810875708298709946e-02 7.356523564337974497e-02 -1.045898782682315731e-01 4.938754032694663010e-02 4.653134256584386813e-02 -1.040884141861205536e-01
-1.903124557495410762e+00 3.741907354869402069e-01 1.463236965767808817e+00 -2.094328953662857984e+00 9.987943790577755721e-01 9.201757414967082216e-01 -2.080525839796471210e+00 1.525629069796119897e+00 2.870413044058663377e-01 -1.863066360853441683e+00 1.903124557499004110e+00 -3.741907354948136311e-01 -1.463236965762143571e+00 2.094328953664073456e+00 -9.987943790648663445e-01 -9.201757414895802567e-01 2.080525839795189125e+00 -1.525629069801734738e+00 -2.870413043979765932e-01 1.863066360849791270e+00
-3.361968861327402358e-01 2.379333001465497865e-01 5.648951642175634169e-02 -3.043407094702714200e-01 3.012844449761384880e-01 -4.984039753410589302e-02 -2.426935436982287364e-01 3.351437691590916090e-01 -1.512915861208294077e-01 -1.572898429234817486e-01 3.361968861325730362e-01 -2.379333001474804032e-01 -5.648951642049518385e-02 3.043407094697195281e-01 -3.012844449767507760e-01 4.984039753537838902e-02 2.426935436973460258e-01 -3.351437691593256440e-01 1.512915861219880087e-01 1.572898429223550942e-01
-2.373565235639039095e+00 7.472828251412424461e-01 1.495081587819651947e+00 -2.504856641730987210e+00 1.449553998414527589e+00 8.008037163908282574e-01 -2.390955227366109437e+00 2.009932726685427884e+00 2.813759767351037278e-02 -2.043010456580327094e+00 2.373565235642211224e+00 -7.472828251503106367e-01 -1.495081587812161050e+00 2.504856641731250999e+00 -1.449553998422325352e+00 -8.008037163819166082e-01 2.390955227363438684e+00 -2.009932726691193494e+00 -2.813759766405443674e-02 2.043010456574987366e+00
5.014433381112179511e+00 -9.764694381828784575e-01 -3.866524710955212552e+00 5.521841843633064073e+00 -2.624789691406141490e+00 -2.436216501675823487e+00 5.488733953560906542e+00 -4.016177241647651996e+00 -7.674344470921821149e-01 4.918350541852202440e+00 -5.014433381121691902e+00 9.764694382036490650e-01 3.866524710940300480e+00 -5.521841843636308589e+00 2.624789691424859850e+00 2.436216501657043398e+00 -5.488733953557565215e+00 4.016177241662487241e+00 7.674344470713810873e-01 -4.918350541842610113e+00
-2.317835833759085862e+00 2.355288675782886698e-01 2.040955044055639878e+00 -2.634815418555232824e+00 1.056456247025134187e+00 1.392876615167355503e+00 -2.693880912342871081e+00 1.773970328248952066e+00 6.084537184434628543e-01 -2.489250573056519311e+00 2.317835833764490427e+00 -2.355288675884676108e-01 -2.040955044049073575e+00 2.634815418557695299e+00 -1.056456247034590623e+00 -1.392876615158691322e+00 2.693880912342150769e+00 -1.773970328256761597e+00 -6.084537184335525595e-01 2.489250573052690374e+00
