-2.394098300559513337e+00 -4.279634122155853149e+00 -2.508610463459324258e-01 4.124593469060781281e+00 2.800000000000689937e+00 -2.394098300561122272e+00 -4.279634122155473896e+00 -2.508610463440890670e-01 4.124593469061541562e+00 2.799999999999318590e+00 -2.394098300562730763e+00 -4.279634122155098197e+00 -2.508610463422434878e-01 4.124593469062300954e+00 2.799999999997944133e+00 -2.394098300564335258e+00 -4.279634122154720721e+00 -2.508610463403978530e-01 4.124593469063063900e+00 2.799999999996569233e+00
-2.492705098309497824e+00 -4.279634122155941967e+00 -1.522542485960025060e-01 4.185535821592098138e+00 2.739057647469482326e+00 -2.492705098311095213e+00 -4.279634122155520082e+00 -1.522542485941436041e-01 4.185535821592826444e+00 2.739057647468074119e+00 -2.492705098312693046e+00 -4.279634122155101750e+00 -1.522542485922823985e-01 4.185535821593551198e+00 2.739057647466663248e+00 -2.492705098314285994e+00 -4.279634122154679865e+00 -1.522542485904211929e-01 4.185535821594280392e+00 2.739057647465252376e+00
3.400861046340079685e+00 4.876847717655906855e+00 -3.868033988721719107e-01 -5.115905365122873860e+00 -2.775000000000900968e+00 3.400861046341836502e+00 4.876847717655178549e+00 -3.868033988743784790e-01 -5.115905365123510684e+00 -2.774999999999090861e+00 3.400861046343592875e+00 4.876847717654455572e+00 -3.868033988765881004e-01 -5.115905365124145732e+00 -2.774999999997274980e+00 3.400861046345345251e+00 4.876847717653728154e+00 -3.868033988787976662e-01 -5.115905365124785220e+00 -2.774999999995459987e+00
3.773606797746310360e+00 5.002708763999961228e+00 -6.817627457781739730e-01 -5.424061313154264319e+00 -2.670491502813693963e+00 3.773606797748080055e+00 5.002708763999089925e+00 -6.817627457804823488e-01 -5.424061313154820319e+00 -2.670491502811731088e+00 3.773606797749849306e+00 5.002708763998223063e+00 -6.817627457827940551e-01 -5.424061313155375430e+00 -2.670491502809763773e+00 3.773606797751614117e+00 5.002708763997350871e+00 -6.817627457851056505e-01 -5.424061313155932318e+00 -2.670491502807796014e+00
1.778647450841399413e+00 2.902912029468501576e+00 1.545084972060107448e-02 -2.893362879186131220e+00 -1.803647450844433342e+00 1.778647450842473221e+00 2.902912029468176502e+00 1.545084971932633722e-02 -2.893362879186594405e+00 -1.803647450843446354e+00 1.778647450843546363e+00 2.902912029467853650e+00 1.545084971804996238e-02 -2.893362879187056702e+00 -1.803647450842456701e+00 1.778647450844617506e+00 2.902912029467529020e+00 1.545084971677359448e-02 -2.893362879187520775e+00 -1.803647450841467048e+00
-1.830040653091060676e+00 -3.771478174124376359e+00 -5.008610463455919204e-01 3.461929023842076347e+00 2.640450849719202964e+00 -1.830040653092510627e+00 -3.771478174124166305e+00 -5.008610463440116289e-01 3.461929023842842845e+00 2.640450849718097626e+00 -1.830040653093959691e+00 -3.771478174123958027e+00 -5.008610463424293391e-01 3.461929023843607123e+00 2.640450849716989623e+00 -1.830040653095405867e+00 -3.771478174123747529e+00 -5.008610463408472713e-01 3.461929023844375397e+00 2.640450849715882065e+00
3.454915028182392600e-02 -5.640576474685351505e-01 -3.831559480315968047e-01 3.272542485933849776e-01 5.854101966250682132e-01 3.454915028157207191e-02 -5.640576474686394004e-01 -3.831559480314090660e-01 3.272542485936050238e-01 5.854101966250168099e-01 3.454915028132016230e-02 -5.640576474687434283e-01 -3.831559480312212163e-01 3.272542485938245704e-01 5.854101966249651845e-01 3.454915028106880781e-02 -5.640576474688477893e-01 -3.831559480310333110e-01 3.272542485940451717e-01 5.854101966249134481e-01
-1.539589803373041299e+00 -3.033813728905896401e+00 -3.354101966263739465e-01 2.826518827217591401e+00 2.082294901687897326e+00 -1.539589803374199706e+00 -3.033813728905697449e+00 -3.354101966250920275e-01 2.826518827218184704e+00 2.082294901686983835e+00 -1.539589803375357668e+00 -3.033813728905500273e+00 -3.354101966238086097e-01 2.826518827218776675e+00 2.082294901686067234e+00 -1.539589803376513188e+00 -3.033813728905301321e+00 -3.354101966225251918e-01 2.826518827219371310e+00 2.082294901685151522e+00
-5.690983005617190615e-01 -1.157623792124793827e+00 -1.463525491567602144e-01 1.067172942405759439e+00 8.059016994375877152e-01 -5.690983005621632618e-01 -1.157623792124725881e+00 -1.463525491562739922e-01 1.067172942405991920e+00 8.059016994372458775e-01 -5.690983005626073510e-01 -1.157623792124658824e+00 -1.463525491557871872e-01 1.067172942406224179e+00 8.059016994369031517e-01 -5.690983005630503300e-01 -1.157623792124590878e+00 -1.463525491553003544e-01 1.067172942406457326e+00 8.059016994365604258e-01
-2.477254248591104879e+00 -3.700125624968588767e+00 1.904508497166711445e-01 3.817830723279792782e+00 2.169098300563236492e+00 -2.477254248592449581e+00 -3.700125624968082061e+00 1.904508497183290960e-01 3.817830723280311478e+00 2.169098300561900228e+00 -2.477254248593793839e+00 -3.700125624967578464e+00 1.904508497199892403e-01 3.817830723280828398e+00 2.169098300560561299e+00 -2.477254248595134989e+00 -3.700125624967071758e+00 1.904508497216493845e-01 3.817830723281348426e+00 2.169098300559222370e+00
5.712664445212444875e+00 8.376973342624811636e+00 -5.354101966198547835e-01 -8.707875042059134429e+00 -4.846352549158243761e+00 5.712664445215477116e+00 8.376973342623617924e+00 -5.354101966236247678e-01 -8.707875042060273074e+00 -4.846352549155181322e+00 5.712664445218509357e+00 8.376973342622433094e+00 -5.354101966273997482e-01 -8.707875042061408166e+00 -4.846352549152110889e+00 5.712664445221533605e+00 8.376973342621239382e+00 -5.354101966311748395e-01 -8.707875042062550364e+00 -4.846352549149040456e+00
-1.430040653091428249e+00 -3.411067977499276704e+00 -6.781152949389401829e-01 2.991969676935988698e+00 2.527254248593961528e+00 -1.430040653092764957e+00 -3.411067977499185666e+00 -6.781152949375464090e-01 2.991969676936758749e+00 2.527254248593044927e+00 -1.430040653094101444e+00 -3.411067977499095516e+00 -6.781152949361509696e-01 2.991969676937527023e+00 2.527254248592126107e+00 -1.430040653095435044e+00 -3.411067977499004922e+00 -6.781152949347555303e-01 2.991969676938298850e+00 2.527254248591207286e+00
-3.044959346902774477e+00 -4.840044318781021815e+00 5.364745084105600886e-02 4.873200266810617798e+00 2.958155948032199056e+00 -3.044959346904555719e+00 -4.840044318780445387e+00 5.364745084319390289e-02 4.873200266811363868e+00 2.958155948030523952e+00 -3.044959346906336517e+00 -4.840044318779872512e+00 5.364745084533456554e-02 4.873200266812106385e+00 2.958155948028844406e+00 -3.044959346908112874e+00 -4.840044318779296084e+00 5.364745084747524206e-02 4.873200266812853343e+00 2.958155948027165305e+00
-1.884549150279058782e+00 -3.301518827218545837e+00 -1.559016994391609623e-01 3.205166278061327478e+00 2.136803398875557924e+00 -1.884549150280295793e+00 -3.301518827218237639e+00 -1.559016994377329934e-01 3.205166278061901686e+00 2.136803398874485893e+00 -1.884549150281532359e+00 -3.301518827217931218e+00 -1.559016994363032482e-01 3.205166278062474561e+00 2.136803398873411641e+00 -1.884549150282766039e+00 -3.301518827217622576e+00 -1.559016994348735030e-01 3.205166278063050100e+00 2.136803398872337389e+00
-1.791844051965846951e+00 -4.073732422718050472e+00 -7.258610463457095818e-01 3.625125624966989424e+00 2.966311896062952425e+00 -1.791844051967434126e+00 -4.073732422717904811e+00 -7.258610463440319238e-01 3.625125624967880711e+00 2.966311896061827102e+00 -1.791844051969020857e+00 -4.073732422717760926e+00 -7.258610463423520454e-01 3.625125624968768889e+00 2.966311896060698672e+00 -1.791844051970603591e+00 -4.073732422717615265e+00 -7.258610463406722779e-01 3.625125624969662397e+00 2.966311896059570685e+00
-2.899999999996836220e+00 -4.530495168499609093e+00 9.999999999763015124e-02 4.592298567373158669e+00 2.738196601125711283e+00 -2.899999999998498001e+00 -4.530495168499047764e+00 9.999999999963915531e-02 4.592298567373839013e+00 2.738196601124124996e+00 -2.900000000000158895e+00 -4.530495168498489100e+00 1.000000000016507962e-01 4.592298567374517582e+00 2.738196601122534268e+00 -2.900000000001816236e+00 -4.530495168497927772e+00 1.000000000036624370e-01 4.592298567375199703e+00 2.738196601120943985e+00
-2.813196601121585871e+00 -4.757749417093279476e+00 -1.272542485962910863e-01 4.679101966248004452e+00 3.019098300563290316e+00 -2.813196601123357343e+00 -4.757749417092791866e+00 -1.272542485942179114e-01 4.679101966248799371e+00 3.019098300561710246e+00 -2.813196601125128371e+00 -4.757749417092306921e+00 -1.272542485921421274e-01 4.679101966249590738e+00 3.019098300560125736e+00 -2.813196601126895402e+00 -4.757749417091820199e+00 -1.272542485900663434e-01 4.679101966250387434e+00 3.019098300558541670e+00
-7.668440519676955613e-01 -1.677583139030950576e+00 -2.699593469069032081e-01 1.510739087061817809e+00 1.203647450843859046e+00 -7.668440519683457079e-01 -1.677583139030877746e+00 -2.699593469062076534e-01 1.510739087062174857e+00 1.203647450843384981e+00 -7.668440519689956325e-01 -1.677583139030805803e+00 -2.699593469055113215e-01 1.510739087062531016e+00 1.203647450842909583e+00 -7.668440519696442248e-01 -1.677583139030732973e+00 -2.699593469048150451e-01 1.510739087062888952e+00 1.203647450842434186e+00
-2.774999999996887734e+00 -4.237790070187168467e+00 1.559016994351022367e-01 4.334142619341945668e+00 2.522745751407037940e+00 -2.774999999998434497e+00 -4.237790070186616020e+00 1.559016994369912812e-01 4.334142619342560288e+00 2.522745751405531145e+00 -2.774999999999981259e+00 -4.237790070186066238e+00 1.559016994388828237e-01 4.334142619343174019e+00 2.522745751404020353e+00 -2.775000000001524025e+00 -4.237790070185512903e+00 1.559016994407743384e-01 4.334142619343790415e+00 2.522745751402509118e+00
-2.877254248590980001e+00 -3.879634122156179199e+00 4.795084971852315858e-01 4.175986671310996101e+00 2.101393202250841696e+00 -2.877254248592358010e+00 -3.879634122155525500e+00 4.795084971870140489e-01 4.175986671311442855e+00 2.101393202249337122e+00 -2.877254248593735575e+00 -3.879634122154874465e+00 4.795084971887990100e-01 4.175986671311890497e+00 2.101393202247829883e+00 -2.877254248595109587e+00 -3.879634122154220321e+00 4.795084971905839710e-01 4.175986671312339027e+00 2.101393202246322200e+00
