3.677154318283083967e+01 2.262526897026717876e+01 6.264275791375517599e+00 -1.070990834775171408e+01 -2.663573203748161333e+01 -3.995426469332504382e+01 -4.936179554325453012e+01 -5.393744992155734508e+01 -5.323333089722660105e+01 -4.731836254624953142e+01 -3.677154318282765644e+01 -2.262526897026423711e+01 -6.264275791373133728e+00 1.070990834775335543e+01 2.663573203748229901e+01 3.995426469332475961e+01 4.936179554325326535e+01 5.393744992155524187e+01 5.323333089722385125e+01 4.731836254624643345e+01
1.002716226450064418e+00 -1.106897470593436239e+01 -2.205715727202015586e+01 -3.088623160306909554e+01 -3.669194638778005668e+01 -3.890599781223205866e+01 -3.731165909679642567e+01 -3.206499522335105468e+01 -2.367958620748554210e+01 -1.297625430825289783e+01 -1.002716226448487902e+00 1.106897470593535715e+01 2.205715727202044363e+01 3.088623160306868698e+01 3.669194638777895534e+01 3.890599781223040310e+01 3.731165909679436510e+01 3.206499522334879515e+01 2.367958620748328968e+01 1.297625430825090120e+01
5.719032051737320543e-01 -1.264417523464801008e+01 -2.462255370535317667e+01 -3.419070506395887321e+01 -4.041203199025424908e+01 -4.267754765816001594e+01 -4.076548760932575277e+01 -3.486301760343710754e+01 -2.554791252959725867e+01 -1.373199977458706122e+01 -5.719032051720258636e-01 1.264417523464907234e+01 2.462255370535346444e+01 3.419070506395839004e+01 4.041203199025301984e+01 4.267754765815817564e+01 4.076548760932347903e+01 3.486301760343463485e+01 2.554791252959479664e+01 1.373199977458488519e+01
-1.221277853408869873e+01 -3.052462950654068052e+01 -4.584851706529275361e+01 -5.668443232829152834e+01 -6.197168041133370053e+01 -6.119270863362756074e+01 -5.442376818019059215e+01 -4.232745010458656054e+01 -2.608782630005949699e+01 -7.294544292708861732e+00 1.221277853409057812e+01 3.052462950654150120e+01 4.584851706529239834e+01 5.668443232829008593e+01 6.197168041133126337e+01 6.119270863362441304e+01 5.442376818018701101e+01 4.232745010458293677e+01 2.608782630005612191e+01 7.294544292706126143e+00
-1.179257068420182364e+01 -2.750409224107187711e+01 -4.052332161710675251e+01 -4.957584593067520018e+01 -5.377554102931951974e+01 -5.271131149578808106e+01 -4.648733153174618593e+01 -3.571284766109261000e+01 -2.144254143533036583e+01 -5.073289854907030438e+00 1.179257068420338328e+01 2.750409224107251660e+01 4.052332161710637592e+01 4.957584593067387857e+01 5.377554102931735258e+01 5.271131149578531705e+01 4.648733153174306665e+01 3.571284766108947650e+01 2.144254143532747747e+01 5.073289854904711405e+00
3.441847710841147290e+01 6.868775942668432322e+01 9.623340527651207310e+01 1.143590549203136675e+02 1.212904434821268751e+02 1.163490783556976282e+02 1.000186547881162227e+02 7.389770841892908493e+01 4.054313947408735430e+01 3.219925556859195126e+00 -3.441847710841455665e+01 -6.868775942668528955e+01 -9.623340527651075149e+01 -1.143590549203102711e+02 -1.212904434821216881e+02 -1.163490783556911907e+02 -1.000186547881091457e+02 -7.389770841892212161e+01 -4.054313947408107310e+01 -3.219925556854320803e+00
-7.348016739196518543e+00 -1.400851033580031668e+01 -1.929775333770520263e+01 -2.269799778756176067e+01 -2.387640406772190360e+01 -2.271762156104423980e+01 -1.933507997299486547e+01 -1.405988604176512879e+01 -7.408412503781151237e+00 -3.175193248202834440e-02 7.348016739197092306e+00 1.400851033580047300e+01 1.929775333770490775e+01 2.269799778756106079e+01 2.387640406772085910e+01 2.271762156104295727e+01 1.933507997299346926e+01 1.405988604176376455e+01 7.408412503779934433e+00 3.175193248109575705e-02
2.403606363302600002e+01 5.751642985583342949e+01 8.536668718382061627e+01 1.048606583855712699e+02 1.140901377373742207e+02 1.121516794947111322e+02 9.923503345640673956e+01 7.660457093225517156e+01 4.647551926982449544e+01 1.179711996728011769e+01 -2.403606363302937154e+01 -5.751642985583485057e+01 -8.536668718381987730e+01 -1.048606583855685415e+02 -1.140901377373696732e+02 -1.121516794947052915e+02 -9.923503345640013151e+01 -7.660457093224850667e+01 -4.647551926981833503e+01 -1.179711996727515277e+01
-1.064155943537616977e+01 -2.066468354817266118e+01 -2.866500445595743329e+01 -3.385939500676306579e+01 -3.573939206202966545e+01 -3.412096841127803515e+01 -2.916254663766441624e+01 -2.134949161174607468e+01 -1.144659959621526824e+01 -4.232346590579920687e-01 1.064155943537705085e+01 2.066468354817291697e+01 2.866500445595701763e+01 3.385939500676204261e+01 3.573939206202810936e+01 3.412096841127612379e+01 2.916254663766233080e+01 2.134949161174403187e+01 1.144659959621343326e+01 4.232346590565789768e-01
3.410723799604794948e+01 2.917930976671053855e+01 2.139510739320179056e+01 1.151660283956783815e+01 5.107729591067995401e-01 -1.054505493735598698e+01 -2.056865938483226230e+01 -2.857886014144426667e+01 -3.379156294678441697e+01 -3.569651213122998001e+01 -3.410723799604604523e+01 -2.917930976670844956e+01 -2.139510739319973709e+01 -1.151660283956599784e+01 -5.107729591053775664e-01 1.054505493735687871e+01 2.056865938483251810e+01 2.857886014144385101e+01 3.379156294678339378e+01 3.569651213122844524e+01
-3.278771165302394763e+00 -1.311099083311023783e+01 -2.165981536852853040e+01 -2.808842626286758204e+01 -3.176754629102364902e+01 -3.233703755070427377e+01 -2.974115426953302688e+01 -2.423399958965331535e+01 -1.635465218173469992e+01 -6.874397468705791603e+00 3.278771165303525859e+00 1.311099083311084357e+01 2.165981536852853040e+01 2.808842626286700295e+01 3.176754629102252636e+01 3.233703755070273189e+01 2.974115426953121499e+01 2.423399958965141820e+01 1.635465218173288093e+01 6.874397468704253278e+00
-1.663388763902635503e+01 -4.010411237359876679e+01 -5.964866716726177032e+01 -7.335439482189110549e+01 -7.987968322123199982e+01 -7.858579167239933838e+01 -6.959937529526546030e+01 -5.380008713686888910e+01 -3.273447160226703545e+01 -8.464577912760660183e+00 1.663388763902872469e+01 4.010411237359976866e+01 5.964866716726125873e+01 7.335439482188920124e+01 7.987968322122881659e+01 7.858579167239524566e+01 6.959937529526084177e+01 5.380008713686422084e+01 3.273447160226271535e+01 8.464577912757174971e+00
-5.833267785449469667e-01 -2.907822112478721355e+00 -4.947679558055082083e+00 -6.503223655978472628e+00 -7.422186911831129663e+00 -7.614614799336700379e+00 -7.061671136142217975e+00 -5.817481900586202848e+00 -4.003837003821028695e+00 -1.798268644749110079e+00 5.833267785452216359e-01 2.907822112478874566e+00 4.947679558055093629e+00 6.503223655978347395e+00 7.422186911830873868e+00 7.614614799336345108e+00 7.061671136141794314e+00 5.817481900585756982e+00 4.003837003820597928e+00 1.798268644748742151e+00
1.053142180073496093e+01 -2.254016522484289808e+01 -5.340536383164714351e+01 -7.904287332955976808e+01 -9.694311566189293217e+01 -1.053538903908359430e+02 -1.034518922846065436e+02 -9.142330216984262847e+01 -7.044556225509273872e+01 -4.257211988372114320e+01 -1.053142180073035128e+01 2.254016522484601381e+01 5.340536383164837986e+01 7.904287332955911438e+01 9.694311566189034579e+01 1.053538903908317508e+02 1.034518922846011435e+02 9.142330216983656044e+01 7.044556225508654279e+01 4.257211988371550149e+01
-5.879059102467836695e+00 -1.229645585962667731e+01 -1.751018984279943780e+01 -2.100990444349246999e+01 -2.245302321264452772e+01 -2.169828363033131069e+01 -1.881956486544954643e+01 -1.409865596791890496e+01 -7.997672393136129543e+00 -1.113820921453073876e+00 5.879059102468435327e+00 1.229645585962688514e+01 1.751018984279922108e+01 2.100990444349186959e+01 2.245302321264358625e+01 2.169828363033012764e+01 1.881956486544823548e+01 1.409865596791760822e+01 7.997672393134953595e+00 1.113820921452149726e+00
-6.133999183537207855e+00 -1.171105721761487928e+01 -1.614175537549876793e+01 -1.899238605100589439e+01 -1.998390965210584724e+01 -1.901926894037181626e+01 -1.619288966971539878e+01 -1.178143753569078456e+01 -6.216736209570694172e+00 -4.349742870973294373e-02 6.133999183537689248e+00 1.171105721761500895e+01 1.614175537549851924e+01 1.899238605100531174e+01 1.998390965210497328e+01 1.901926894037074334e+01 1.619288966971422639e+01 1.178143753568964414e+01 6.216736209569674543e+00 4.349742870895134672e-02
8.923995305382023346e+00 -3.553644845709353461e+01 -7.651833704759289390e+01 -1.100100776732701036e+02 -1.327332654110056751e+02 -1.424635963232715312e+02 -1.382485978251732774e+02 -1.205008633373263365e+02 -9.095766476713859561e+01 -5.251089623022825492e+01 -8.923995305376021037e+00 3.553644845709745681e+01 7.651833704759425814e+01 1.100100776732689098e+02 1.327332654110018950e+02 1.424635963232656763e+02 1.382485978251658594e+02 1.205008633373181084e+02 9.095766476713029647e+01 5.251089623022078001e+01
2.051017701522732040e+01 9.866560310861361316e+00 -1.742864061099581363e+00 -1.318168475551203933e+01 -2.333019030385672110e+01 -3.119497427426571079e+01 -3.600617681454331631e+01 -3.729284389842796088e+01 -3.492902758701234234e+01 -2.914611469053453519e+01 -2.051017701522519587e+01 -9.866560310859503247e+00 1.742864061100963369e+00 1.318168475551284402e+01 2.333019030385683834e+01 3.119497427426516367e+01 3.600617681454212970e+01 3.729284389842626979e+01 3.492902758701030308e+01 2.914611469053235737e+01
-6.923960324374254682e+00 -7.047786199738980351e+00 -6.481725657059357104e+00 -5.281188646228587302e+00 -3.563692094499999463e+00 -1.497356530858917179e+00 7.155507227190258668e-01 2.858414886022170087e+00 4.721477484533856739e+00 6.122368970391353749e+00 6.923960324374012210e+00 7.047786199738644619e+00 6.481725657058961865e+00 5.281188646228169858e+00 3.563692094499603336e+00 1.497356530858577894e+00 -7.155507227192727804e-01 -2.858414886022297985e+00 -4.721477484533858515e+00 -6.122368970391225851e+00
-2.556807361207861007e+01 -5.812847810280669592e+01 -8.499886215190991834e+01 -1.035489653516877269e+02 -1.119629743547771170e+02 -1.094172673361078552e+02 -9.616103583565117674e+01 -7.349189215426768840e+01 -4.362885002070281359e+01 -9.495112067039185533e+00 2.556807361208180396e+01 5.812847810280796779e+01 8.499886215190906569e+01 1.035489653516849273e+02 1.119629743547725838e+02 1.094172673361020713e+02 9.616103583564468238e+01 7.349189215426117983e+01 4.362885002069682372e+01 9.495112067034405356e+00
