-4.231114960980646433e-01 4.235293085976491456e-01 -7.477706691666474725e-02 -3.356235943109853737e-01 4.693262650314523610e-01 -2.161025198870757946e-01 -2.152825166856520978e-01 4.691822966555299068e-01 -3.362743525360668007e-01 -7.386808636565167507e-02 4.231114960976216643e-01 -4.235293085975541105e-01 7.477706691699601005e-02 3.356235943105008723e-01 -4.693262650312138851e-01 2.161025198872793540e-01 2.152825166851733418e-01 -4.691822966551711938e-01 3.362743525361234775e-01 7.386808636522507188e-02
-6.898532407700694868e+00 1.065965946101286699e+00 5.645414282571100451e+00 -7.702548462854637457e+00 3.409474500498076210e+00 3.694470803933442404e+00 -7.752585407652232696e+00 5.419239935579097889e+00 1.381886782115338219e+00 -7.043745277309078290e+00 6.898532407699287994e+00 -1.065965946106875784e+00 -5.645414282563137931e+00 7.702548462850857369e+00 -3.409474500501609828e+00 -3.694470803925537172e+00 7.752585407646444438e+00 -5.419239935580221434e+00 -1.381886782108255662e+00 7.043745277301846741e+00
-7.094739729445744381e+00 1.503023140295172144e-01 6.918048762300871957e+00 -8.282956388271182746e+00 2.819150458515529589e+00 4.968846261251994356e+00 -8.660379565060473794e+00 5.212040513944431908e+00 2.533258468164250488e+00 -8.190064449607842079e+00 7.094739729445239895e+00 -1.503023140364216914e-01 -6.918048762292268172e+00 8.282956388267962211e+00 -2.819150458520366165e+00 -4.968846261243122342e+00 8.660379565054848072e+00 -5.212040513946716302e+00 -2.533258468155968668e+00 8.190064449600358287e+00
-1.009556442255262709e+01 2.089413642400643756e+00 7.639311372667633826e+00 -1.106996276744921381e+01 5.374210343600797302e+00 4.752199602075088514e+00 -1.096075602770016211e+01 8.132941892042115484e+00 1.399909423910325579e+00 -9.778634119880639020e+00 1.009556442255004072e+01 -2.089413642408175953e+00 -7.639311372656212740e+00 1.106996276744330743e+01 -5.374210343605295037e+00 -4.752199602063935657e+00 1.096075602769151125e+01 -8.132941892043128007e+00 -1.399909423900518757e+00 9.778634119870080355e+00
-7.942469260461018976e+00 2.937010079495946613e+00 4.489806839335722444e+00 -8.215094571102662613e+00 5.167616030829517371e+00 2.140197586237824190e+00 -7.683569187194056127e+00 6.892379720165950019e+00 -4.189091182338382513e-01 -6.399922516667660766e+00 7.942469260457696301e+00 -2.937010079500290693e+00 -4.489806839327306065e+00 8.215094571097104392e+00 -5.167616030831412743e+00 -2.140197586230065951e+00 7.683569187186801486e+00 -6.892379720165202173e+00 4.189091182401893931e-01 6.399922516659415805e+00
1.730429451477925085e+01 -3.835561319503828059e+00 -1.279532175904122582e+01 1.887736417610689088e+01 -9.396350770701223709e+00 -7.831291359333593327e+00 1.860258590554397529e+01 -1.403735994023360689e+01 -2.100679597559905520e+00 1.650685691470673078e+01 -1.730429451477456837e+01 3.835561319516427314e+00 1.279532175902176050e+01 -1.887736417609658446e+01 9.396350770708611577e+00 7.831291359314677791e+00 -1.860258590552905389e+01 1.403735994023503864e+01 2.100679597543364974e+00 -1.650685691468864746e+01
-3.682936174638075766e+00 6.764402166681552364e-01 2.887733007807436802e+00 -4.071173965763023261e+00 1.898219025378292457e+00 1.839683668285698959e+00 -4.060896883581454730e+00 2.934186930214054190e+00 6.115532734824874472e-01 -3.653110920502097070e+00 3.682936174637217785e+00 -6.764402166710077324e-01 -2.887733007803233054e+00 4.071173965760929825e+00 -1.898219025380042391e+00 -1.839683668281563156e+00 4.060896883578328342e+00 -2.934186930214525812e+00 -6.115532734788193814e-01 3.653110920498241043e+00
1.867475171935735645e+01 -3.226477415479640953e+00 -1.488180003600746915e+01 2.072108259294163446e+01 -9.477293483326324264e+00 -9.579855910644935690e+00 2.073908953005358313e+01 -1.480040603283494072e+01 -3.340168741968282617e+00 1.872700988622775498e+01 -1.867475171935320688e+01 3.226477415494354517e+00 1.488180003598606227e+01 -2.072108259293116106e+01 9.477293483335458291e+00 9.579855910623802373e+00 -2.073908953003780198e+01 1.480040603283757683e+01 3.340168741949469666e+00 -1.872700988620819373e+01
-5.113789014887930584e+00 8.182982461753418590e-02 5.017592286671544777e+00 -5.980363320861806109e+00 2.012746440036246032e+00 3.614237972745973693e+00 -6.261537997347245366e+00 3.746641410274159867e+00 1.857096864171396744e+00 -5.929789707950873456e+00 5.113789014887592188e+00 -8.182982462254329015e-02 -5.017592286665331969e+00 5.980363320859503062e+00 -2.012746440039765883e+00 -3.614237972739557492e+00 6.261537997343200601e+00 -3.746641410275838080e+00 -1.857096864165399541e+00 5.929789707945478661e+00
2.160845240413427071e+00 -1.257513297549197162e+00 -6.825496986908929919e-01 2.059898591243431554e+00 -1.739006327611170022e+00 -1.557404521679717213e-02 1.757314715804886740e+00 -2.050273301956607508e+00 6.529261043136238563e-01 1.282712632051660862e+00 -2.160845240412066381e+00 1.257513297549818443e+00 6.825496986888039963e-01 -2.059898591241596133e+00 1.739006327611102964e+00 1.557404521504657247e-02 -1.757314715802754668e+00 2.050273301955856997e+00 -6.529261043148683052e-01 -1.282712632049439527e+00
-5.734327105361401777e+00 9.525934257427179919e-01 4.614486371195951619e+00 -6.377247497530037279e+00 2.882417687339462908e+00 2.988762282398842896e+00 -6.395918471743322620e+00 4.530090822713378707e+00 1.070477317469459511e+00 -5.788512382957172520e+00 5.734327105360166321e+00 -9.525934257472824518e-01 -4.614486371189361336e+00 6.377247497526846942e+00 -2.882417687342315737e+00 -2.988762282392324554e+00 6.395918471738488265e+00 -4.530090822714234022e+00 -1.070477317463642164e+00 5.788512382951164881e+00
-1.215374520241416789e+01 2.098529364033579814e+00 9.686775979049224716e+00 -1.348601748952608936e+01 6.166988405956354669e+00 6.236287817364413399e+00 -1.349818442215194736e+01 9.631779654766976506e+00 2.175348353344267238e+00 -1.218905501615482123e+01 1.215374520241146783e+01 -2.098529364043157042e+00 -9.686775979035292750e+00 1.348601748951927348e+01 -6.166988405962300135e+00 -6.236287817350660845e+00 1.349818442214167291e+01 -9.631779654768694243e+00 -2.175348353332021922e+00 1.218905501614209008e+01
-2.859834735481339152e+00 1.422139646910279609e+00 1.188009313172321946e+00 -2.818728354647767276e+00 2.125604600989158044e+00 3.199302813143848345e-01 -2.501705203225657925e+00 2.621000566764571715e+00 -5.794657555636628654e-01 -1.939797716106534287e+00 2.859834735479780399e+00 -1.422139646911398270e+00 -1.188009313169450909e+00 2.818728354645508638e+00 -2.125604600989376980e+00 -3.199302813118778399e-01 2.501705203222920115e+00 -2.621000566763867390e+00 5.794657555655653436e-01 1.939797716103582426e+00
-1.379988707795129699e+01 1.998953300493258256e+00 1.144997653784682967e+01 -1.545920799657603872e+01 6.723412407174019556e+00 7.555362680539458253e+00 -1.560527392585761852e+01 1.078973706266914157e+01 2.921177282754184645e+00 -1.422378691493734593e+01 1.379988707794861647e+01 -1.998953300504602071e+00 -1.144997653783084424e+01 1.545920799656857092e+01 -6.723412407181258210e+00 -7.555362680523540320e+00 1.560527392584608819e+01 -1.078973706267154853e+01 -2.921177282739875647e+00 1.422378691492287217e+01
-1.488952049890531759e+00 8.544003373049384731e-01 4.845442142471801383e-01 -1.424016223741131126e+00 1.189487256433472195e+00 2.569008949802442654e-02 -1.219687767907346121e+00 1.408138875256974565e+00 -4.356787602044073227e-01 -8.959677752863324240e-01 1.488952049889606499e+00 -8.544003373053815631e-01 -4.845442142457352386e-01 1.424016223739874576e+00 -1.189487256433441331e+00 -2.569008949680873233e-02 1.219687767905881071e+00 -1.408138875256471634e+00 4.356787602052775155e-01 8.959677752848010934e-01
-1.655541787357858619e+00 5.488877562088680939e-01 1.010285530830659528e+00 -1.736549627462323553e+00 1.031150990962250047e+00 5.243589367132868162e-01 -1.647571890777811410e+00 1.412477982268520060e+00 -1.289556355300675028e-02 -1.397318338115423941e+00 1.655541787357229122e+00 -5.488877562098510854e-01 -1.010285530828877176e+00 1.736549627461209777e+00 -1.031150990962725666e+00 -5.243589367116200384e-01 1.647571890776321268e+00 -1.412477982268439902e+00 1.289556355439736013e-02 1.397318338113702207e+00
-1.872028619398549765e+01 3.244968891427340463e+00 1.490559647692524514e+01 -2.076754846294636891e+01 9.508120948655998106e+00 9.590081921676983256e+00 -2.078193839233209061e+01 1.484055188045253004e+01 3.335823329905979850e+00 -1.876204739559462809e+01 1.872028619398132676e+01 -3.244968891442076675e+00 -1.490559647690379030e+01 2.076754846293585999e+01 -9.508120948665141015e+00 -9.590081921655809083e+00 2.078193839231626328e+01 -1.484055188045515905e+01 -3.335823329887132260e+00 1.876204739557502066e+01
-7.647699715239777873e+00 1.480361929884789429e+00 5.907429894355717970e+00 -8.424962271592876917e+00 3.996707254371079099e+00 3.726551107892265513e+00 -8.377530820637273834e+00 6.121827026101186675e+00 1.180891534580339020e+00 -7.510048283267172664e+00 7.647699715237921581e+00 -1.480361929890620321e+00 -5.907429894347020927e+00 8.424962271588476881e+00 -3.996707254374617158e+00 -3.726551107883736336e+00 8.377530820630754604e+00 -6.121827026102076630e+00 -1.180891534572802382e+00 7.510048283259169288e+00
2.537974027813802103e+00 -8.853766253621750959e-01 -1.497151381588700980e+00 2.645383630456425106e+00 -1.612683587688053866e+00 -7.495603715416938595e-01 2.493844651878037499e+00 -2.182129844223278159e+00 7.140283016582965603e-02 2.098190783136158810e+00 -2.537974027812793132e+00 8.853766253636283778e-01 1.497151381585987817e+00 -2.645383630454686497e+00 1.612683587688727105e+00 7.495603715391729871e-01 -2.493844651875737561e+00 2.182129844223102744e+00 -7.140283016791515447e-02 -2.098190783133521364e+00
-1.540711381621349219e+01 1.872287612776558419e+00 1.320610772253154863e+01 -1.739699833175662746e+01 7.245290384597709021e+00 8.879648658468035194e+00 -1.768394343856958173e+01 1.190907365266499696e+01 3.683987715563999732e+00 -1.623986095033399479e+01 1.540711381621085785e+01 -1.872287612789662825e+00 -1.320610772251354170e+01 1.739699833174854149e+01 -7.245290384606247969e+00 -8.879648658449980303e+00 1.768394343855683104e+01 -1.190907365266811446e+01 -3.683987715547645259e+00 1.623986095031781929e+01
