7.089926357515164312e+00 -1.673375938121895334e+00 -5.122754961576680977e+00 7.695535573167815002e+00 -3.923889675224041085e+00 -3.082726607728702550e+00 7.547852148969160346e+00 -5.790305751567926151e+00 -7.409394948969344474e-01 6.661332367450742531e+00 -7.089926357515467181e+00 1.673375938124262774e+00 5.122754961574201182e+00 -7.695535573167265220e+00 3.923889675225876505e+00 3.082726607725995827e+00 -7.547852148967814756e+00 5.790305751569051473e+00 7.409394948942669146e-01 -6.661332367448730807e+00
1.163476821880525591e+01 -2.456764824034328498e+00 -8.746667954968325276e+00 1.273908968529374519e+01 -6.229030134326044355e+00 -5.416425587208713921e+00 1.259642029492790627e+01 -9.391554574864384719e+00 -1.555985744516859892e+00 1.122072552167292692e+01 -1.163476821880587053e+01 2.456764824038314643e+00 8.746667954964257419e+00 -1.273908968529294583e+01 6.229030134329176072e+00 5.416425587204234837e+00 -1.259642029492577286e+01 9.391554574866356475e+00 1.555985744512410118e+00 -1.122072552166966375e+01
-4.231114960979253103e-01 4.235293085969951687e-01 -7.477706691598434707e-02 -3.356235943111771647e-01 4.693262650310008333e-01 -2.161025198863114893e-01 -2.152825166861523642e-01 4.691822966553733654e-01 -3.362743525353532048e-01 -7.386808636638816927e-02 4.231114960978086259e-01 -4.235293085970236460e-01 7.477706691613456025e-02 3.356235943110291164e-01 -4.693262650309770745e-01 2.161025198864315044e-01 2.152825166859874684e-01 -4.691822966552994800e-01 3.362743525354312535e-01 7.386808636622257951e-02
-6.898532407699797808e+00 1.065965946099818984e+00 5.645414282572675191e+00 -7.702548462855059341e+00 3.409474500496290084e+00 3.694470803936822811e+00 -7.752585407654738248e+00 5.419239935578152867e+00 1.381886782119846613e+00 -7.043745277313995246e+00 6.898532407700325386e+00 -1.065965946102318540e+00 -5.645414282570264675e+00 7.702548462854723610e+00 -3.409474500498308025e+00 -3.694470803934116532e+00 7.752585407653575622e+00 -5.419239935579492240e+00 -1.381886782117110357e+00 7.043745277312116748e+00
-7.094739729445688425e+00 1.503023140287664816e-01 6.918048762302451138e+00 -8.282956388272213033e+00 2.819150458514310564e+00 4.968846261255371211e+00 -8.660379565063463403e+00 5.212040513943909659e+00 2.533258468168837929e+00 -8.190064449613238651e+00 7.094739729446624565e+00 -1.503023140316666062e-01 -6.918048762299979337e+00 8.282956388272205928e+00 -2.819150458516776148e+00 -4.968846261252466867e+00 8.660379565062513052e+00 -5.212040513945698450e+00 -2.533258468165786148e+00 8.190064449611439201e+00
-1.009556442255072106e+01 2.089413642398262105e+00 7.639311372669626010e+00 -1.106996276744929553e+01 5.374210343597933814e+00 4.752199602079776319e+00 -1.096075602770332758e+01 8.132941892040475906e+00 1.399909423916685158e+00 -9.778634119887327003e+00 1.009556442255127351e+01 -2.089413642401735771e+00 -7.639311372666096389e+00 1.106996276744861518e+01 -5.374210343600668516e+00 -4.752199602075884322e+00 1.096075602770148727e+01 -8.132941892042204302e+00 -1.399909423912813144e+00 9.778634119884502596e+00
-7.942469260459621871e+00 2.937010079493001413e+00 4.489806839338671196e+00 -8.215094571103435328e+00 5.167616030826886586e+00 2.140197586242625682e+00 -7.683569187197598183e+00 6.892379720164967694e+00 -4.189091182282362880e-01 -6.399922516674005912e+00 7.942469260459517066e+00 -2.937010079495283144e+00 -4.489806839335884980e+00 8.215094571102440568e+00 -5.167616030828505735e+00 -2.140197586239730221e+00 7.683569187195812056e+00 -6.892379720165765278e+00 4.189091182309583328e-01 6.399922516671602502e+00
1.730429451477727909e+01 -3.835561319501143984e+00 -1.279532175904429536e+01 1.887736417610805262e+01 -9.396350770697898369e+00 -7.831291359340787572e+00 1.860258590555001135e+01 -1.403735994023239542e+01 -2.100679597569520940e+00 1.650685691471830197e+01 -1.730429451477812464e+01 3.835561319507009070e+00 1.279532175903824331e+01 -1.887736417610679851e+01 9.396350770702481370e+00 7.831291359334149327e+00 -1.860258590554679259e+01 1.403735994023525180e+01 2.100679597562947976e+00 -1.650685691471342409e+01
-3.682936174638160587e+00 6.764402166676812822e-01 2.887733007808478192e+00 -4.071173965763807523e+00 1.898219025377808844e+00 1.839683668287506846e+00 -4.060896883583277273e+00 2.934186930214130573e+00 6.115532734846876872e-01 -3.653110920505066250e+00 3.682936174638397286e+00 -6.764402166689782447e-01 -2.887733007807191221e+00 4.071173965763589919e+00 -1.898219025378842018e+00 -1.839683668286075990e+00 4.060896883582628014e+00 -2.934186930214798927e+00 -6.115532734832536121e-01 3.653110920504047954e+00
1.867475171935473099e+01 -3.226477415476453281e+00 -1.488180003601061685e+01 2.072108259294229526e+01 -9.477293483322080547e+00 -9.579855910652899098e+00 2.073908953005959788e+01 -1.480040603283271139e+01 -3.340168741979305800e+00 1.872700988624002605e+01 -1.867475171935601708e+01 3.226477415483101296e+00 1.488180003600409229e+01 -2.072108259294126142e+01 9.477293483327404289e+00 9.579855910645617811e+00 -2.073908953005636135e+01 1.480040603283618950e+01 3.340168741971983657e+00 -1.872700988623489238e+01
-5.113789014888066475e+00 8.182982461705035071e-02 5.017592286672792667e+00 -5.980363320862730703e+00 2.012746440035468432e+00 3.614237972748470806e+00 -6.261537997349573281e+00 3.746641410273919615e+00 1.857096864174717865e+00 -5.929789707954915556e+00 5.113789014888752149e+00 -8.182982461915011552e-02 -5.017592286671010982e+00 5.980363320862734255e+00 -2.012746440037256779e+00 -3.614237972746374261e+00 6.261537997348896489e+00 -3.746641410275221240e+00 -1.857096864172511630e+00 5.929789707953622369e+00
2.160845240413110879e+00 -1.257513297549205600e+00 -6.825496986908132779e-01 2.059898591243471078e+00 -1.739006327611195113e+00 -1.557404521704797151e-02 1.757314715805393446e+00 -2.050273301956924143e+00 6.529261043132753572e-01 1.282712632052613877e+00 -2.160845240412891943e+00 1.257513297549666786e+00 6.825496986900523311e-01 -2.059898591243037203e+00 1.739006327611446689e+00 1.557404521631888805e-02 -1.757314715804787708e+00 2.050273301956941463e+00 -6.529261043139009679e-01 -1.282712632051895785e+00
-5.734327105360847554e+00 9.525934257420950457e-01 4.614486371196750092e+00 -6.377247497530392550e+00 2.882417687338503232e+00 2.988762282401039361e+00 -6.395918471745215328e+00 4.530090822712993237e+00 1.070477317472542156e+00 -5.788512382960882441e+00 5.734327105361257892e+00 -9.525934257441496245e-01 -4.614486371194746361e+00 6.377247497530089682e+00 -2.882417687340153467e+00 -2.988762282398798487e+00 6.395918471744232114e+00 -4.530090822714078591e+00 -1.070477317470284184e+00 5.788512382959310365e+00
-1.215374520241211975e+01 2.098529364030917055e+00 9.686775979051626351e+00 -1.348601748952634338e+01 6.166988405953034658e+00 6.236287817370078201e+00 -1.349818442215586778e+01 9.631779654765054488e+00 2.175348353352004160e+00 -1.218905501616299425e+01 1.215374520241295819e+01 -2.098529364035243816e+00 -9.686775979047379082e+00 1.348601748952567192e+01 -6.166988405956500330e+00 -6.236287817365338881e+00 1.349818442215376102e+01 -9.631779654767317567e+00 -2.175348353347238639e+00 1.218905501615965292e+01
-2.859834735480418999e+00 1.422139646909392985e+00 1.188009313172766923e+00 -2.818728354647539014e+00 2.125604600988279191e+00 3.199302813155157077e-01 -2.501705203226333385e+00 2.621000566764162709e+00 -5.794657555622065859e-01 -1.939797716108123460e+00 2.859834735480229817e+00 -1.422139646910087540e+00 -1.188009313171761505e+00 2.818728354647050960e+00 -2.125604600988712178e+00 -3.199302813145196156e-01 2.501705203225594865e+00 -2.621000566764291051e+00 5.794657555630953194e-01 1.939797716107206860e+00
-1.379988707794982616e+01 1.998953300490261764e+00 1.144997653785037173e+01 -1.545920799657726619e+01 6.723412407170488159e+00 7.555362680546560128e+00 -1.560527392586306128e+01 1.078973706266739718e+01 2.921177282763470551e+00 -1.422378691494763459e+01 1.379988707795093639e+01 -1.998953300495308394e+00 -1.144997653784555247e+01 1.545920799657664269e+01 -6.723412407174579997e+00 -7.555362680541129805e+00 1.560527392586076978e+01 -1.078973706267013455e+01 -2.921177282757962956e+00 1.422378691494389535e+01
-1.488952049889420870e+00 8.544003373041129112e-01 4.845442142472094482e-01 -1.424016223740424136e+00 1.189487256432540718e+00 2.569008949857898294e-02 -1.219687767907194242e+00 1.408138875256220057e+00 -4.356787602035241402e-01 -8.959677752867717393e-01 1.488952049889274987e+00 -8.544003373044347649e-01 -4.845442142466852009e-01 1.424016223740129483e+00 -1.189487256432719242e+00 -2.569008949807505271e-02 1.219687767906780129e+00 -1.408138875256237155e+00 4.356787602039582374e-01 8.959677752862784672e-01
-1.655541787357619254e+00 5.488877562083205319e-01 1.010285530831247280e+00 -1.736549627462511625e+00 1.031150990961752001e+00 5.243589367142575952e-01 -1.647571890778558590e+00 1.412477982268346866e+00 -1.289556355186283199e-02 -1.397318338116746439e+00 1.655541787357623695e+00 -5.488877562088181339e-01 -1.010285530830666856e+00 1.736549627462326661e+00 -1.031150990962115710e+00 -5.243589367136458623e-01 1.647571890778203096e+00 -1.412477982268540488e+00 1.289556355244608765e-02 1.397318338116254610e+00
-1.872028619398332694e+01 3.244968891424329538e+00 1.490559647692864509e+01 -2.076754846294750223e+01 9.508120948652056370e+00 9.590081921685069233e+00 -2.078193839233855300e+01 1.484055188045070572e+01 3.335823329916983049e+00 -1.876204739560728640e+01 1.872028619398460947e+01 -3.244968891430989544e+00 -1.490559647692210277e+01 2.076754846294646484e+01 -9.508120948657388993e+00 -9.590081921677770183e+00 2.078193839233530582e+01 -1.484055188045418738e+01 -3.335823329909645807e+00 1.876204739560213852e+01
-7.647699715238585938e+00 1.480361929883676320e+00 5.907429894356665656e+00 -8.424962271592958629e+00 3.996707254369480378e+00 3.726551107895168524e+00 -8.377530820639469411e+00 6.121827026100342017e+00 1.180891534584496139e+00 -7.510048283271852476e+00 7.647699715239046903e+00 -1.480361929886343297e+00 -5.907429894353993127e+00 8.424962271592480789e+00 -3.996707254371594686e+00 -3.726551107892207337e+00 8.377530820638101616e+00 -6.121827026101696489e+00 -1.180891534581537172e+00 7.510048283269727953e+00
