2.939790513783506753e+01 -3.459773701440777671e+00 -3.597878578515867787e+01 -6.497594363728427425e+01 -8.761280341217288026e+01 -1.016735115547821522e+02 -1.057817079853993079e+02 -9.953525381390798543e+01 -8.354559549621906456e+01 -5.937791219496837414e+01 -2.939790513783325565e+01 3.459773701442117044e+00 3.597878578515940262e+01 6.497594363728437372e+01 8.761280341217226919e+01 1.016735115547808874e+02 1.057817079853975741e+02 9.953525381390589644e+01 8.354559549621686187e+01 5.937791219496629935e+01
2.670758306133749826e+01 -8.247288163279417716e+00 -4.239485736023894447e+01 -7.239252253643802248e+01 -9.530390321840722834e+01 -1.088862738320195120e+02 -1.118100973076739137e+02 -1.037891694320973812e+02 -8.560863451084196640e+01 -5.904812997323548984e+01 -2.670758306133563309e+01 8.247288163280760642e+00 4.239485736023962659e+01 7.239252253643802248e+01 9.530390321840648937e+01 1.088862738320181336e+02 1.118100973076720237e+02 1.037891694320951501e+02 8.560863451083963582e+01 5.904812997323331558e+01
1.613015612870290738e+01 -2.640809381134144118e+01 -6.636133553312275524e+01 -9.981866736630938419e+01 -1.235050525601309772e+02 -1.351019026990664429e+02 -1.334740372915107969e+02 -1.187808031455608244e+02 -9.246047639320413225e+01 -5.708947400146124096e+01 -1.613015612870086457e+01 2.640809381134277345e+01 6.636133553312325262e+01 9.981866736630902892e+01 1.235050525601297693e+02 1.351019026990645102e+02 1.334740372915082958e+02 1.187808031455580107e+02 9.246047639320133271e+01 5.708947400145872564e+01
3.574354330670421120e+01 5.698543379795257380e+01 7.264919298819344817e+01 8.120154299205842108e+01 8.180532020344294608e+01 7.440142270213348752e+01 5.971459556154547954e+01 3.918248775134151174e+01 1.481492503959129792e+01 -1.100282575668633456e+01 -3.574354330670462332e+01 -5.698543379795243879e+01 -7.264919298819279447e+01 -8.120154299205731263e+01 -8.180532020344148236e+01 -7.440142270213185327e+01 -5.971459556154378134e+01 -3.918248775133988460e+01 -1.481492503958998697e+01 1.100282575668720852e+01
3.844144304964578396e+01 5.733672905947838672e+01 7.061949654048734715e+01 7.698953566514859403e+01 7.582330262126801301e+01 6.723495642480402523e+01 5.206518423999311551e+01 3.179890906230237135e+01 8.419935109566267784e+00 -1.578324075683158512e+01 -3.844144304964605396e+01 -5.733672905947814513e+01 -7.061949654048662239e+01 -7.698953566514747138e+01 -7.582330262126659193e+01 -6.723495642480246204e+01 -5.206518423999152390e+01 -3.179890906230088987e+01 -8.419935109565113152e+00 1.578324075683229921e+01
-9.445190239636467311e+00 -1.651202082817332695e+01 -2.196253977203458163e+01 -2.526321230099656390e+01 -2.609094559078673115e+01 -2.436471533984346038e+01 -2.025349699248247504e+01 -1.415972524508605446e+01 -6.679900934093690346e+00 1.453798621934253354e+00 9.445190239636639618e+00 1.651202082817332695e+01 2.196253977203441465e+01 2.526321230099625126e+01 2.609094559078629416e+01 2.436471533984294879e+01 2.025349699248193502e+01 1.415972524508552510e+01 6.679900934093248033e+00 -1.453798621934564217e+00
-5.152871184902240387e+00 -1.253536432819542412e+01 -1.869080867202588792e+01 -2.301666643651691047e+01 -2.508949252365681204e+01 -2.470638427380775326e+01 -2.190484299173711591e+01 -1.695910305761986336e+01 -1.035328795520375600e+01 -2.734020892133470326e+00 5.152871184902484636e+00 1.253536432819551294e+01 1.869080867202580976e+01 2.301666643651668309e+01 2.508949252365644256e+01 2.470638427380729141e+01 2.190484299173660077e+01 1.695910305761933756e+01 1.035328795520328526e+01 2.734020892133105285e+00
3.673105182330256469e+01 2.573152802473749290e+01 1.221322298101337367e+01 -2.500597422620479904e+00 -1.696964192784147940e+01 -2.977757964671764057e+01 -3.967068039717595695e+01 -4.568053854847551776e+01 -4.721886731162318540e+01 -4.413508434911533840e+01 -3.673105182330158414e+01 -2.573152802473656919e+01 -1.221322298101257431e+01 2.500597422621083865e+00 1.696964192784179559e+01 2.977757964671763347e+01 3.967068039717566563e+01 4.568053854847495643e+01 4.721886731162239670e+01 4.413508434911441469e+01
1.530287886365343297e+00 -7.203700598796169974e-01 -2.900513165550216321e+00 -4.796733833513204814e+00 -6.223416773042108829e+00 -7.040908317731293664e+00 -7.169186699388072626e+00 -6.595695136247845092e+00 -5.376570978261449696e+00 -3.631150592150077294e+00 -1.530287886365225836e+00 7.203700598797000421e-01 2.900513165550255401e+00 4.796733833513200373e+00 6.223416773042057315e+00 7.040908317731200405e+00 7.169186699387949169e+00 6.595695136247699430e+00 5.376570978261300482e+00 3.631150592149938738e+00
2.979688481559015223e+00 5.301663835172947259e-01 -1.971252094029490642e+00 -4.279710682091711682e+00 -6.169241370093098809e+00 -7.454883729157642414e+00 -8.010790127583073073e+00 -7.782544573863884985e+00 -6.792489333078394864e+00 -5.137537910315172596e+00 -2.979688481558869118e+00 -5.301663835171805950e-01 1.971252094029560809e+00 4.279710682091734775e+00 6.169241370093067722e+00 7.454883729157561589e+00 8.010790127582952280e+00 7.782544573863733994e+00 6.792489333078229663e+00 5.137537910315010947e+00
2.286774777988779928e+00 1.631995811008684782e+01 2.875563023453524281e+01 3.837650091937042873e+01 4.424081230941312981e+01 4.577452474674589666e+01 4.282750777199974124e+01 3.568823593973746000e+01 2.505555091913267063e+01 1.197025400227485825e+01 -2.286774777989347474e+00 -1.631995811008714981e+01 -2.875563023453524991e+01 -3.837650091937015873e+01 -4.424081230941257559e+01 -4.577452474674513638e+01 -4.282750777199883885e+01 -3.568823593973650077e+01 -2.505555091913175758e+01 -1.197025400227409975e+01
1.659823925433523639e+00 2.295101552041568382e+01 4.199560180713148583e+01 5.692936598840205420e+01 6.629048717651137679e+01 6.916263360680076744e+01 6.526465957525269346e+01 5.497812593885712573e+01 3.930995028043864181e+01 1.979384280004225616e+01 -1.659823925434409819e+00 -2.295101552041617765e+01 -4.199560180713152846e+01 -5.692936598840167761e+01 -6.629048717651058098e+01 -6.916263360679964478e+01 -6.526465957525134343e+01 -5.497812593885567622e+01 -3.930995028043726336e+01 -1.979384280004109087e+01
7.224411960554507628e-01 -2.917193876014837528e+01 -5.621076609765989929e+01 -7.774729200609577617e+01 -9.167337127573898670e+01 -9.662582223897713618e+01 -9.211986448977368980e+01 -7.859657256747439646e+01 -5.737970050774915620e+01 -3.054610357444397906e+01 -7.224411960541637923e-01 2.917193876014912490e+01 5.621076609766002719e+01 7.774729200609530722e+01 9.167337127573792088e+01 9.662582223897560141e+01 9.211986448977182818e+01 7.859657256747236431e+01 5.737970050774720221e+01 3.054610357444231283e+01
1.605164425453226684e+01 1.953867033711387791e+01 2.111311523317766969e+01 2.062086130649428384e+01 1.811009380114229117e+01 1.382658413409139087e+01 8.189632076519320236e+00 1.751021770775638586e+00 -4.858990745977603609e+00 -1.099337139393530549e+01 -1.605164425453219579e+01 -1.953867033711367540e+01 -2.111311523317735350e+01 -2.062086130649388593e+01 -1.811009380114185419e+01 -1.382658413409096632e+01 -8.189632076518929438e+00 -1.751021770775320618e+00 4.858990745977800785e+00 1.099337139393536233e+01
-1.747632750408523350e+01 -4.142627285237893631e+01 -6.132112598006668236e+01 -7.521344004741784772e+01 -8.174333856007646659e+01 -8.027162955514529585e+01 -7.094237416402663143e+01 -5.466878490514765332e+01 -3.304383407993097421e+01 -8.184322545040863872e+00 1.747632750408601865e+01 4.142627285237921342e+01 6.132112598006641235e+01 7.521344004741708034e+01 8.174333856007527288e+01 8.027162955514378950e+01 7.094237416402495455e+01 5.466878490514594091e+01 3.304383407992944655e+01 8.184322545039684371e+00
-8.154439374286999165e-01 -2.868784726409162644e+01 -5.375208422056007151e+01 -7.355469266072734058e+01 -8.615725529758395851e+01 -9.032614549301725049e+01 -8.565328322833231312e+01 -7.259608081974241145e+01 -5.243266821387891952e+01 -2.713678072336026759e+01 8.154439374298790844e-01 2.868784726409229791e+01 5.375208422056015678e+01 7.355469266072687162e+01 8.615725529758293533e+01 9.032614549301580098e+01 8.565328322833057939e+01 7.259608081974052141e+01 5.243266821387710053e+01 2.713678072335872571e+01
-6.775145695888824982e+00 -3.742572531959824289e+01 -6.441281418866391562e+01 -8.509472801447709855e+01 -9.744697697240039247e+01 -1.002604368712531056e+02 -9.325970665360783585e+01 -7.713006657012330436e+01 -5.345039817398165383e+01 -2.453863239374841498e+01 6.775145695890040898e+00 3.742572531959887527e+01 6.441281418866390140e+01 8.509472801447645907e+01 9.744697697239915612e+01 1.002604368712514145e+02 9.325970665360584633e+01 7.713006657012118694e+01 5.345039817397966431e+01 2.453863239374677363e+01
4.791832079357318364e+00 -4.114289320904449987e+00 -1.261767541649676616e+01 -1.988595552980834213e+01 -2.520765976226293859e+01 -2.806186262509423557e+01 -2.816917485568762913e+01 -2.551909198522437450e+01 -2.037102258927849263e+01 -1.322889556903379571e+01 -4.791832079356870722e+00 4.114289320904756408e+00 1.261767541649690116e+01 1.988595552980829950e+01 2.520765976226271121e+01 2.806186262509385188e+01 2.816917485568712820e+01 2.551909198522379540e+01 2.037102258927790288e+01 1.322889556903325925e+01
4.866199879821526686e+00 -4.006635638184423698e+00 -1.248727374405287094e+01 -1.974557049190126179e+01 -2.507103322452309158e+01 -2.794236854496866229e+01 -2.807851014630323405e+01 -2.546613154003387436e+01 -2.036095054565425500e+01 -1.326269784878181568e+01 -4.866199879821079932e+00 4.006635638184730119e+00 1.248727374405300417e+01 1.974557049190121916e+01 2.507103322452286420e+01 2.794236854496827860e+01 2.807851014630273312e+01 2.546613154003329882e+01 2.036095054565366880e+01 1.326269784878128277e+01
4.398020035995722776e-01 2.257315613408904742e+00 3.853867443335082577e+00 5.073175876434232734e+00 5.795886507853221126e+00 5.951255385567693956e+00 5.524073921308339408e+00 4.556157613145139784e+00 3.142252853190576900e+00 1.420762490602736516e+00 -4.398020035996438315e-01 -2.257315613408941601e+00 -3.853867443335080356e+00 -5.073175876434194542e+00 -5.795886507853146519e+00 -5.951255385567593592e+00 -5.524073921308221280e+00 -4.556157613145014551e+00 -3.142252853190458772e+00 -1.420762490602639261e+00
