-3.447618055507859047e+00 3.055622477612821353e+00 -2.364521281836028610e+00 1.441964268405302674e+00 -3.782577456278704009e-01 -7.224752807677803368e-01 1.752487392900239360e+00 -2.610953828717812009e+00 3.213841912195514183e+00 -3.502136757154475699e+00 3.447618055502001067e+00 -3.055622477610101306e+00 2.364521281836720057e+00 -1.441964268409330341e+00 3.782577456348427680e-01 7.224752807585462788e-01 -1.752487392889652273e+00 2.610953828706902957e+00 -3.213841912185349869e+00 3.502136757146053103e+00
-5.518141056638937947e+00 4.879052882393005497e+00 -3.762369017659153325e+00 2.277398259511542733e+00 -5.694998921572348438e-01 -1.194145092579661949e+00 2.840898835556185720e+00 -4.209565606802132542e+00 5.166170766686151161e+00 -5.617075137099055482e+00 5.518141056629645824e+00 -4.879052882388756451e+00 3.762369017660375459e+00 -2.277398259518105039e+00 5.694998921684983895e-01 1.194145092564800503e+00 -2.840898835539188649e+00 4.209565606784655856e+00 -5.166170766669901937e+00 5.617075137085629777e+00
2.210799136666944609e+00 -2.168203998691578427e+00 1.913369946559087431e+00 -1.471241912825495213e+00 8.850984699198032324e-01 -2.123154219350963379e-01 -4.812505388368177317e-01 1.127708343797494628e+00 -1.663778198861126878e+00 2.036985851595912944e+00 -2.210799136661686148e+00 2.168203998687953771e+00 -1.913369946557454293e+00 1.471241912826011022e+00 -8.850984699224184737e-01 2.123154219395549380e-01 4.812505388309557541e-01 -1.127708343790799983e+00 1.663778198854253709e+00 -2.036985851589535823e+00
7.176854848209273996e+00 -6.612625665390266860e+00 5.401106609572000394e+00 -3.660889607087664643e+00 1.562319222945185881e+00 6.891818520561093786e-01 -2.873221005564959185e+00 4.776009268140748887e+00 -6.211288467137586977e+00 7.038563474379886387e+00 -7.176854848195268310e+00 6.612625665382336315e+00 -5.401106609570934580e+00 3.660889607093556819e+00 -1.562319222957461839e+00 -6.891818520386512326e-01 2.873221005544038587e+00 -4.776009268118401430e+00 6.211288467115999801e+00 -7.038563474361176020e+00
6.100523467809555456e+00 -5.675304410485590978e+00 4.694547015293423442e+00 -3.254254649413127698e+00 1.495413164724024080e+00 4.098097796834475059e-01 -2.274917687542102218e+00 3.917340801860152322e+00 -5.176307304773768436e+00 5.928580783242710872e+00 -6.100523467797258625e+00 5.675304410478360317e+00 -4.694547015291976599e+00 3.254254649417597012e+00 -1.495413164733975453e+00 -4.098097796689885719e-01 2.274917687524560250e+00 -3.917340801841235454e+00 5.176307304755325411e+00 -5.928580783226552242e+00
1.077090653558987832e+01 -9.912308341529595168e+00 8.083424343889126007e+00 -5.463278450941737141e+00 2.308348798318934580e+00 1.072538117893386822e+00 -4.348437530312513566e+00 7.198681579918142504e+00 -9.344268520317475790e+00 1.057517335260161850e+01 -1.077090653556894395e+01 9.912308341517798382e+00 -8.083424343887642749e+00 5.463278450950697085e+00 -2.308348798337462870e+00 -1.072538117867102958e+00 4.348437530281063168e+00 -7.198681579884588011e+00 9.344268520285096358e+00 -1.057517335257359470e+01
-8.173452476439684311e-01 5.325284312956883870e-01 -1.955840217486404242e-01 -1.605055145609959322e-01 5.008836527975966124e-01 -7.922318092366826825e-01 1.006030796384094206e+00 -1.121352479752776299e+00 1.126908369481248284e+00 -1.022154616372774605e+00 8.173452476439599934e-01 -5.325284312967715206e-01 1.955840217507127110e-01 1.605055145581414378e-01 -5.008836527942379657e-01 7.922318092331489536e-01 -1.006030796380732006e+00 1.121352479749913700e+00 -1.126908369479164840e+00 1.022154616371675484e+00
-6.648614260218438154e+00 6.143897065446737749e+00 -5.037772418862339840e+00 3.438515507696594309e+00 -1.502672741092462072e+00 -5.802621031453456535e-01 2.606396849802664395e+00 -4.377399312966169909e+00 5.719911432242072991e+00 -6.502518767564087199e+00 6.648614260205333082e+00 -6.143897065439229088e+00 5.037772418861174550e+00 -3.438515507701874085e+00 1.502672741103674658e+00 5.802621031292983789e-01 -2.606396849783362946e+00 4.377399312945494003e+00 -5.719911432222042791e+00 6.502518767546670020e+00
-7.622309736130667979e+00 6.854507790785636878e+00 -5.415738864715910594e+00 3.446839684897813783e+00 -1.140539821179082036e+00 -1.277404026843683482e+00 3.570306668520934590e+00 -5.513722817693653688e+00 6.917417361104747364e+00 -7.643986896730620373e+00 7.622309736117005130e+00 -6.854507790778733067e+00 5.415738864716455936e+00 -3.446839684905739443e+00 1.140539821193618408e+00 1.277404026823960814e+00 -3.570306668497966740e+00 5.513722817669677312e+00 -6.917417361082105920e+00 7.643986896711537860e+00
-9.397960552997650652e+00 8.425036037494198382e+00 -6.627410293964826948e+00 4.181047454981287714e+00 -1.325414560035332867e+00 -1.659959146751686987e+00 4.482844486638159154e+00 -6.866917774357863102e+00 8.578809305694017340e+00 -9.450947210110340890e+00 9.397960552980993754e+00 -8.425036037485922336e+00 6.627410293965760424e+00 -4.181047454991320578e+00 1.325414560053488788e+00 1.659959146727185475e+00 -4.482844486609724122e+00 6.866917774328263668e+00 -8.578809305666146301e+00 9.450947210086935613e+00
-8.029971801756444094e+00 7.285400471460963701e+00 -5.827683382650502786e+00 3.799512040490080622e+00 -1.399417987050946222e+00 -1.137660849277921660e+00 3.563377515129306783e+00 -5.640285962288325017e+00 7.165083921275472889e+00 -7.988513543973486009e+00 8.029971801741588422e+00 -7.285400471453110427e+00 5.827683382650437949e+00 -3.799512040497794452e+00 1.399417987065688429e+00 1.137660849257594364e+00 -3.563377515105396132e+00 5.640285962263158481e+00 -7.165083921251511612e+00 7.988513543953081886e+00
1.792964551794683459e+01 -1.633061980602700558e+01 1.313303924537781420e+01 -8.649905300129580255e+00 3.320058356673932565e+00 2.334779030936901645e+00 -7.761071979635472573e+00 1.242765712839809567e+01 -1.587773660885433102e+01 1.777359260334096192e+01 -1.792964551791320460e+01 1.633061980600890095e+01 -1.313303924537703793e+01 8.649905300146174980e+00 -3.320058356706284908e+00 -2.334779030891958929e+00 7.761071979582366609e+00 -1.242765712834199654e+01 1.587773660880071880e+01 -1.777359260329510704e+01
-4.309935943377150025e+00 3.950557653245443390e+00 -3.204471254861172014e+00 2.144708883187839366e+00 -8.750074629634159162e-01 -4.803457842706568282e-01 1.788679439373926927e+00 -2.921924688488537480e+00 3.769151590847467315e+00 -4.247427674271145648e+00 4.309935943368886413e+00 -3.950557653240866163e+00 3.204471254860736806e+00 -2.144708883191580373e+00 8.750074629709707619e-01 4.803457842600286076e-01 -1.788679439361272161e+00 2.921924688475088239e+00 -3.769151590834537657e+00 4.247427674260006114e+00
1.873992303833495399e+01 -1.704110096542810737e+01 1.367417719769656337e+01 -8.968729692263361031e+00 3.385360435740676799e+00 2.529391487422464557e+00 -8.196548948487739850e+00 1.306137108975931582e+01 -1.664765522484168514e+01 1.860435087548324873e+01 -1.873992303830000239e+01 1.704110096540943076e+01 -1.367417719769602513e+01 8.968729692280975385e+00 -3.385360435774736221e+00 -2.529391487375297842e+00 8.196548948432107906e+00 -1.306137108970063920e+01 1.664765522478570148e+01 -1.860435087543545052e+01
-6.118115339888765547e+00 5.440418969557559770e+00 -4.230176484859358155e+00 2.605854852451675363e+00 -7.264539910287773905e-01 -1.224057248537666620e+00 3.054749236108245558e+00 -4.586421084758813826e+00 5.669142082158533213e+00 -6.196927953321506699e+00 6.118115339878239745e+00 -5.440418969552570871e+00 4.230176484860406205e+00 -2.605854852458644899e+00 7.264539910409909540e-01 1.224057248521405850e+00 -3.054749236089537856e+00 4.586421084739480847e+00 -5.669142082140464112e+00 6.196927953306476944e+00
1.041793661080116395e+00 -9.847866067748975993e-01 8.313817779869838720e-01 -5.965955081924440018e-01 3.034103133308970746e-01 1.947479698326118336e-02 -3.404535784796701159e-01 6.281063916348429421e-01 -8.542757749022112934e-01 9.968226932328737577e-01 -1.041793661077904165e+00 9.847866067735222551e-01 -8.313817779865816382e-01 5.965955081930528481e-01 -3.034103133324577151e-01 -1.947479698090139044e-02 3.404535784767437345e-01 -6.281063916316349527e-01 8.542757748990352784e-01 -9.968226932300411347e-01
-6.048686348775695443e+00 5.476238417369962086e+00 -4.367738114476548361e+00 2.831693173118468465e+00 -1.018462374410201488e+00 -8.944626175490090203e-01 2.719831376414314494e+00 -4.278964089976343033e+00 5.419241985115615279e+00 -6.029046716672997519e+00 6.048686348764587883e+00 -5.476238417364151623e+00 4.367738114476614975e+00 -2.831693173124393503e+00 1.018462374421409189e+00 8.944626175336161111e-01 -2.719831376396252054e+00 4.278964089957369765e+00 -5.419241985097586145e+00 6.029046716657681770e+00
-1.248759053513099815e+01 1.133542060399552298e+01 -9.073660725623877710e+00 5.923707715518897743e+00 -2.193900921322669451e+00 -1.750660180857203763e+00 5.523854466966610310e+00 -8.756335390891431203e+00 1.113168519777971532e+01 -1.241738809849870151e+01 1.248759053510785577e+01 -1.133542060398325901e+01 9.073660725623719614e+00 -5.923707715530836637e+00 2.193900921345544486e+00 1.750660180825632573e+00 -5.523854466929452478e+00 8.756335390852303391e+00 -1.113168519774244380e+01 1.241738809846694380e+01
-2.141344331023102399e+00 1.916839106857309405e+00 -1.504700315509352571e+00 9.452709734161944821e-01 -2.933119223553074528e-01 -3.873585432897191927e-01 1.030111655831642326e+00 -1.572030262290716962e+00 1.960067593697904620e+00 -2.156239852440131166e+00 2.141344331019327640e+00 -1.916839106855449115e+00 1.504700315509593267e+00 -9.452709734185084089e-01 2.933119223594694569e-01 3.873585432841167853e-01 -1.030111655825150851e+00 1.572030262283968582e+00 -1.960067593691558807e+00 2.156239852434811421e+00
-1.420837681495905436e+01 1.279173203655469493e+01 -1.012294340117723124e+01 6.463250535001329844e+00 -2.170889674347673548e+00 -2.333972993106689486e+00 6.610370122248111713e+00 -1.023969816666624411e+01 1.286669321035888203e+01 -1.423420667509949311e+01 1.420837681493348192e+01 -1.279173203654169377e+01 1.012294340117810165e+01 -6.463250535015959919e+00 2.170889674374640865e+00 2.333972993070027258e+00 -6.610370122205362797e+00 1.023969816662157228e+01 -1.286669321031665270e+01 1.423420667506385406e+01
