1.022573542136898439e+01 3.013100632171808346e+00 -1.208793402357402336e+01 4.457653448160912468e+00 9.332952682542904554e+00 -1.022573542136492897e+01 -3.013100632177365679e+00 1.208793402357341051e+01 -4.457653448154961673e+00 -9.332952682545968770e+00 1.022573542136087177e+01 3.013100632182957206e+00 -1.208793402357279412e+01 4.457653448149032194e+00 9.332952682549020551e+00 -1.022573542135682523e+01 -3.013100632188509653e+00 1.208793402357218127e+01 -4.457653448143060082e+00 -9.332952682552070556e+00
-3.084345884810568705e+00 -1.223481172775837900e+00 3.840498834181275356e+00 -1.150077640501815379e+00 -3.129711762649974638e+00 3.084345884809181815e+00 1.223481172777538983e+00 -3.840498834180941845e+00 1.150077640499903575e+00 3.129711762650821960e+00 -3.084345884807794036e+00 -1.223481172779250503e+00 3.840498834180607890e+00 -1.150077640497998877e+00 -3.129711762651666618e+00 3.084345884806409810e+00 1.223481172780950033e+00 -3.840498834180274823e+00 1.150077640496080189e+00 3.129711762652509943e+00
-4.905040653092081371e+00 -1.749748750053088386e+00 5.986444852397027283e+00 -1.950077640503992127e+00 -4.781230589864554403e+00 4.905040653089978164e+00 1.749748750055778235e+00 -5.986444852396588523e+00 1.950077640501024279e+00 4.781230589865948843e+00 -4.905040653087873181e+00 -1.749748750058484514e+00 5.986444852396149763e+00 -1.950077640498067755e+00 -4.781230589867339731e+00 4.905040653085773528e+00 1.749748750061171920e+00 -5.986444852395712779e+00 1.950077640495089470e+00 4.781230589868728842e+00
3.062287570310698648e+00 -7.015668116894745454e-01 -2.628695435307744965e+00 2.326189936780817646e+00 1.191030990089607666e+00 -3.062287570310320284e+00 7.015668116879372196e-01 2.628695435308318284e+00 -2.326189936779631040e+00 -1.191030990090914621e+00 3.062287570309941920e+00 -7.015668116863902348e-01 -2.628695435308889383e+00 2.326189936778447986e+00 1.191030990092217579e+00 -3.062287570309563556e+00 7.015668116848541302e-01 2.628695435309460926e+00 -2.326189936777257827e+00 -1.191030990093520092e+00
7.265731755682429238e+00 1.249778406083474236e+00 -8.038137289047199374e+00 3.718063644784079358e+00 5.740247584235799394e+00 -7.265731755680012505e+00 -1.249778406087352467e+00 8.038137289047183387e+00 -3.718063644780182031e+00 -5.740247584238192147e+00 7.265731755677593995e+00 1.249778406091254679e+00 -8.038137289047163847e+00 3.718063644776298027e+00 5.740247584240576906e+00 -7.265731755675182590e+00 -1.249778406095129135e+00 8.038137289047147860e+00 -3.718063644772387377e+00 -5.740247584242959888e+00
5.688680772558131871e+00 1.762771741742778175e+00 -6.778133623362484705e+00 2.426345217782429398e+00 5.278569810332438550e+00 -5.688680772555830600e+00 -1.762771741745876364e+00 6.778133623362101901e+00 -2.426345217779086738e+00 -5.278569810334121648e+00 5.688680772553529330e+00 1.762771741748993870e+00 -6.778133623361719096e+00 2.426345217775756069e+00 5.278569810335798529e+00 -5.688680772551232501e+00 -1.762771741752089616e+00 6.778133623361337179e+00 -2.426345217772401863e+00 -5.278569810337475410e+00
1.093827424161755424e+01 3.435188602702003102e+00 -1.306133755585261014e+01 4.637161945347911818e+00 1.019541386229051483e+01 -1.093827424161310624e+01 -3.435188602707964556e+00 1.306133755585185341e+01 -4.637161945341466307e+00 -1.019541386229374069e+01 1.093827424160865469e+01 3.435188602713962425e+00 -1.306133755585109490e+01 4.637161945335045665e+00 1.019541386229695412e+01 -1.093827424160421735e+01 -3.435188602719918549e+00 1.306133755585033995e+01 -4.637161945328577950e+00 -1.019541386230016577e+01
-5.405764746891977834e-01 -9.435661446545287045e-01 1.123732422719191382e+00 2.490613131539957670e-01 -1.277660779530956248e+00 5.405764746885745042e-01 9.435661446548846421e-01 -1.123732422718789037e+00 -2.490613131546015047e-01 1.277660779530927382e+00 -5.405764746879511140e-01 -9.435661446552424669e-01 1.123732422718386914e+00 2.490613131552050219e-01 -1.277660779530898960e+00 5.405764746873293891e-01 9.435661446555980714e-01 -1.123732422717985457e+00 -2.490613131558131466e-01 1.277660779530869650e+00
-7.025657780871665814e+00 -2.801141952299510685e+00 8.756858714705213487e+00 -2.610894368067385507e+00 -7.143237254204125364e+00 7.025657780868498570e+00 2.801141952303386695e+00 -8.756858714704447877e+00 2.610894368063025439e+00 7.143237254206052711e+00 -7.025657780865330437e+00 -2.801141952307286687e+00 8.756858714703680491e+00 -2.610894368058681803e+00 -7.143237254207972953e+00 7.025657780862169410e+00 2.801141952311158700e+00 -8.756858714702914881e+00 2.610894368054305303e+00 7.143237254209890530e+00
-6.907091636215933583e+00 -3.548558813267469692e+00 9.100221593892289462e+00 -2.075687436912019734e+00 -7.817376207859625836e+00 6.907091636212405739e+00 3.548558813271343038e+00 -9.100221593891163252e+00 2.075687436907438510e+00 7.817376207861326698e+00 -6.907091636208876118e+00 -3.548558813275240365e+00 9.100221593890031713e+00 -2.075687436902874161e+00 -7.817376207863022231e+00 6.907091636205356266e+00 3.548558813279110158e+00 -9.100221593888907279e+00 2.075687436898275617e+00 7.817376207864715099e+00
-7.154711762650707740e+00 -3.577612795048840777e+00 9.365798068576458135e+00 -2.210768743097789368e+00 -7.999467844076274758e+00 7.154711762647104401e+00 3.577612795052845129e+00 -9.365798068575335478e+00 2.210768743093079802e+00 7.999467844078060885e+00 -7.154711762643499284e+00 -3.577612795056874351e+00 9.365798068574211044e+00 -2.210768743088388444e+00 -7.999467844079840795e+00 7.154711762639904826e+00 3.577612795060875150e+00 -9.365798068573091939e+00 2.210768743083661558e+00 7.999467844081618040e+00
-7.919098300558971459e+00 -3.350155280986733874e+00 9.989608131797801605e+00 -2.823762078754776361e+00 -8.244427190984529474e+00 7.919098300555299730e+00 3.350155280991117923e+00 -9.989608131796845925e+00 2.823762078749790572e+00 8.244427190986653997e+00 -7.919098300551628000e+00 -3.350155280995529061e+00 9.989608131795892021e+00 -2.823762078744822546e+00 -8.244427190988771414e+00 7.919098300547965152e+00 3.350155280999909113e+00 -9.989608131794938117e+00 2.823762078739818104e+00 8.244427190990887055e+00
1.806757947333419168e+01 5.901655779752934983e+00 -2.171500333512200598e+01 7.518954347165675678e+00 1.706803398871563004e+01 -1.806757947332672742e+01 -5.901655779762799092e+00 2.171500333512064884e+01 -7.518954347154946483e+00 -1.706803398872089872e+01 1.806757947331925607e+01 5.901655779772724486e+00 -2.171500333511928460e+01 7.518954347144257255e+00 1.706803398872615318e+01 -1.806757947331180603e+01 -5.901655779782580602e+00 2.171500333511793457e+01 -7.518954347133488980e+00 -1.706803398873140054e+01
-4.201722092685334253e+00 -1.425938686837210367e+00 5.083000667023702235e+00 -1.715528490220863400e+00 -4.022745751398592695e+00 4.201722092683570331e+00 1.425938686839508529e+00 -5.083000667023361174e+00 1.715528490218348523e+00 4.022745751399805947e+00 -4.201722092681805520e+00 -1.425938686841820902e+00 5.083000667023020114e+00 -1.715528490215842750e+00 -4.022745751401014758e+00 4.201722092680045151e+00 1.425938686844117287e+00 -5.083000667022679941e+00 1.715528490213318769e+00 4.022745751402222680e+00
1.823209163620862938e+01 6.542028988969518011e+00 -2.227528790677700954e+01 7.224856046603970405e+00 1.781008130615127172e+01 -1.823209163620078854e+01 -6.542028988979518012e+00 2.227528790677536108e+01 -7.224856046592925907e+00 -1.781008130615644802e+01 1.823209163619294770e+01 6.542028988989581073e+00 -2.227528790677371262e+01 7.224856046581922264e+00 1.781008130616161012e+01 -1.823209163618512463e+01 -6.542028988999573080e+00 2.227528790677206771e+01 -7.224856046570836909e+00 -1.781008130616676155e+01
-5.543237254216363930e+00 -1.962084304834155413e+00 6.755872043396010440e+00 -2.213274241628508499e+00 -5.387993335645164805e+00 5.543237254213994269e+00 1.962084304837193871e+00 -6.755872043395522830e+00 2.213274241625160510e+00 5.387993335646744875e+00 -5.543237254211623721e+00 -1.962084304840250981e+00 6.755872043395033444e+00 -2.213274241621824956e+00 -5.387993335648321391e+00 5.543237254209259390e+00 1.962084304843286997e+00 -6.755872043394547610e+00 2.213274241618464533e+00 5.387993335649893467e+00
1.592124957935038054e+00 -2.227937358747378860e-01 -1.454430856683875284e+00 1.121681439591704521e+00 7.611936024664656131e-01 -1.592124957934767382e+00 2.227937358739273677e-01 1.454430856684106210e+00 -1.121681439591034835e+00 -7.611936024671106527e-01 1.592124957934496710e+00 -2.227937358731117978e-01 -1.454430856684336248e+00 1.121681439590367368e+00 7.611936024677536938e-01 -1.592124957934226481e+00 2.227937358723020012e-01 1.454430856684566731e+00 -1.121681439589695684e+00 -7.611936024683964019e-01
-5.794630456465259094e+00 -2.097697766928373397e+00 7.091078974551142444e+00 -2.284830056252646013e+00 -5.678976341269897254e+00 5.794630456462757095e+00 2.097697766931553520e+00 -7.091078974550611314e+00 2.284830056249129271e+00 5.678976341271537720e+00 -5.794630456460255097e+00 -2.097697766934753183e+00 7.091078974550077518e+00 -2.284830056245624519e+00 -5.678976341273173745e+00 5.794630456457759315e+00 2.097697766937930641e+00 -7.091078974549548164e+00 2.284830056242095342e+00 5.678976341274807105e+00
-1.186352549155605729e+01 -4.227487170073691125e+00 1.447625624966447866e+01 -4.719331222069309106e+00 -1.155954915025753493e+01 1.186352549155097158e+01 4.227487170080196144e+00 -1.447625624966342173e+01 4.719331222062132625e+00 1.155954915026091001e+01 -1.186352549154588409e+01 -4.227487170086741131e+00 1.447625624966236124e+01 -4.719331222054983677e+00 -1.155954915026427621e+01 1.186352549154080904e+01 4.227487170093240820e+00 -1.447625624966130609e+01 4.719331222047782326e+00 1.155954915026763530e+01
-2.090779740154229405e+00 -4.651219592784313628e-01 2.378240919902083750e+00 -1.004711762656416374e+00 -1.757294901683723376e+00 2.090779740153478894e+00 4.651219592795555746e-01 -2.378240919902029127e+00 1.004711762655255525e+00 1.757294901684386179e+00 -2.090779740152728383e+00 -4.651219592806868364e-01 2.378240919901974504e+00 -1.004711762654099116e+00 -1.757294901685046984e+00 2.090779740151979205e+00 4.651219592818102155e-01 -2.378240919901920325e+00 1.004711762652934270e+00 1.757294901685707345e+00
