1.002716226449899217e+00 -1.106897470593337474e+01 -2.205715727201834397e+01 -3.088623160306692128e+01 -3.669194638777805295e+01 -3.890599781223072284e+01 -3.731165909679617698e+01 -3.206499522335211338e+01 -2.367958620748794019e+01 -1.297625430825643633e+01 -1.002716226452762704e+00 1.106897470593093402e+01 2.205715727201656762e+01 3.088623160306597981e+01 3.669194638777802453e+01 3.890599781223163234e+01 3.731165909679791071e+01 3.206499522335452212e+01 2.367958620749077880e+01 1.297625430825945259e+01
5.719032051736823163e-01 -1.264417523464684656e+01 -2.462255370535117294e+01 -3.419070506395653553e+01 -4.041203199025217430e+01 -4.267754765815870854e+01 -4.076548760932566751e+01 -3.486301760343847889e+01 -2.554791252960007597e+01 -1.373199977459109178e+01 -5.719032051768087044e-01 1.264417523464419446e+01 2.462255370534926158e+01 3.419070506395554077e+01 4.041203199025218140e+01 4.267754765815974594e+01 4.076548760932760018e+01 3.486301760344114342e+01 2.554791252960320591e+01 1.373199977459439936e+01
-1.221277853408851755e+01 -3.052462950653895746e+01 -4.584851706529008908e+01 -5.668443232828867195e+01 -6.197168041133145522e+01 -6.119270863362659441e+01 -5.442376818019137374e+01 -4.232745010458926771e+01 -2.608782630006394854e+01 -7.294544292714571831e+00 1.221277853408436087e+01 3.052462950653575291e+01 4.584851706528815640e+01 5.668443232828821010e+01 6.197168041133247840e+01 6.119270863362903157e+01 5.442376818019494067e+01 4.232745010459365176e+01 2.608782630006872338e+01 7.294544292719301382e+00
-1.179257068420164600e+01 -2.750409224107029615e+01 -4.052332161710430825e+01 -4.957584593067254985e+01 -5.377554102931737390e+01 -5.271131149578702946e+01 -4.648733153174666199e+01 -3.571284766109477715e+01 -2.144254143533406420e+01 -5.073289854911846142e+00 1.179257068419809684e+01 2.750409224106759609e+01 4.052332161710272374e+01 4.957584593067223722e+01 5.377554102931834734e+01 5.271131149578922503e+01 4.648733153174981680e+01 3.571284766109859987e+01 2.144254143533820667e+01 5.073289854915920216e+00
3.441847710841023655e+01 6.868775942667994627e+01 9.623340527650584875e+01 1.143590549203072015e+02 1.212904434821217734e+02 1.163490783556952124e+02 1.000186547881174164e+02 7.389770841893420084e+01 4.054313947409593766e+01 3.219925556870222749e+00 -3.441847710840261243e+01 -6.868775942667436141e+01 -9.623340527650289289e+01 -1.143590549203071305e+02 -1.212904434821245729e+02 -1.163490783557006552e+02 -1.000186547881249055e+02 -7.389770841894302578e+01 -4.054313947410525998e+01 -3.219925556879207562e+00
-7.348016739196347125e+00 -1.400851033579941429e+01 -1.929775333770383128e+01 -2.269799778756024011e+01 -2.387640406772058910e+01 -2.271762156104340846e+01 -1.933507997299473402e+01 -1.405988604176578605e+01 -7.408412503782541236e+00 -3.175193248397523149e-02 7.348016739194873637e+00 1.400851033579835381e+01 1.929775333770328771e+01 2.269799778756027564e+01 2.387640406772118240e+01 2.271762156104451691e+01 1.933507997299623327e+01 1.405988604176753753e+01 7.408412503784377989e+00 3.175193248572938387e-02
2.403606363302544935e+01 5.751642985582975598e+01 8.536668718381497456e+01 1.048606583855651309e+02 1.140901377373691332e+02 1.121516794947083895e+02 9.923503345640732221e+01 7.660457093225947744e+01 4.647551926983223325e+01 1.179711996729042056e+01 -2.403606363301786786e+01 -5.751642985582396506e+01 -8.536668718381154974e+01 -1.048606583855644061e+02 -1.140901377373711227e+02 -1.121516794947129938e+02 -9.923503345641397289e+01 -7.660457093226759184e+01 -4.647551926984101556e+01 -1.179711996729909096e+01
-1.064155943537601168e+01 -2.066468354817165931e+01 -2.866500445595594471e+01 -3.385939500676152392e+01 -3.573939206202850727e+01 -3.412096841127761593e+01 -2.916254663766498467e+01 -2.134949161174768761e+01 -1.144659959621777645e+01 -4.232346590610989168e-01 1.064155943537378946e+01 2.066468354817004638e+01 2.866500445595510982e+01 3.385939500676154523e+01 3.573939206202937413e+01 3.412096841127925728e+01 2.916254663766721222e+01 2.134949161175030241e+01 1.144659959622052980e+01 4.232346590637332540e-01
3.410723799604627260e+01 2.917930976670889009e+01 2.139510739320042987e+01 1.151660283956693931e+01 5.107729591063865371e-01 -1.054505493735601895e+01 -2.056865938483214507e+01 -2.857886014144425602e+01 -3.379156294678481487e+01 -3.569651213123103872e+01 -3.410723799604789264e+01 -2.917930976671111054e+01 -2.139510739320304111e+01 -1.151660283956967845e+01 -5.107729591090066634e-01 1.054505493735379851e+01 2.056865938483052858e+01 2.857886014144342468e+01 3.379156294678483619e+01 3.569651213123188427e+01
-3.278771165302165613e+00 -1.311099083310912583e+01 -2.165981536852686062e+01 -2.808842626286576305e+01 -3.176754629102213201e+01 -3.233703755070344243e+01 -2.974115426953319385e+01 -2.423399958965460499e+01 -1.635465218173705892e+01 -6.874397468708984604e+00 3.278771165299888768e+00 1.311099083310728730e+01 2.165981536852563849e+01 2.808842626286528343e+01 3.176754629102242333e+01 3.233703755070450114e+01 2.974115426953488495e+01 2.423399958965678280e+01 1.635465218173951030e+01 6.874397468711486603e+00
-1.663388763902614897e+01 -4.010411237359644332e+01 -5.964866716725812523e+01 -7.335439482188714067e+01 -7.987968322122874554e+01 -7.858579167239767571e+01 -6.959937529526607136e+01 -5.380008713687201549e+01 -3.273447160227247110e+01 -8.464577912767802914e+00 1.663388763902083411e+01 4.010411237359237191e+01 5.964866716725570939e+01 7.335439482188660065e+01 7.987968322123012399e+01 7.858579167240088736e+01 6.959937529527071831e+01 5.380008713687769273e+01 3.273447160227862440e+01 8.464577912773876278e+00
-5.833267785449978149e-01 -2.907822112478482435e+00 -4.947679558054625559e+00 -6.503223655977901529e+00 -7.422186911830563005e+00 -7.614614799336250073e+00 -7.061671136141981719e+00 -5.817481900586240151e+00 -4.003837003821353768e+00 -1.798268644749691614e+00 5.833267785444571363e-01 2.907822112478040566e+00 4.947679558054327131e+00 6.503223655977773632e+00 7.422186911830617184e+00 7.614614799336485440e+00 7.061671136142368965e+00 5.817481900586744636e+00 4.003837003821926643e+00 1.798268644750280920e+00
1.053142180073411183e+01 -2.254016522484126384e+01 -5.340536383164378265e+01 -7.904287332955574641e+01 -9.694311566188950735e+01 -1.053538903908342661e+02 -1.034518922846076237e+02 -9.142330216984693436e+01 -7.044556225510027048e+01 -4.257211988373130396e+01 -1.053142180074205925e+01 2.254016522483429696e+01 5.340536383163848200e+01 7.904287332955263423e+01 9.694311566188882523e+01 1.053538903908361704e+02 1.034518922846118301e+02 9.142330216985310187e+01 7.044556225510777381e+01 4.257211988373947520e+01
-5.879059102467969922e+00 -1.229645585962666132e+01 -1.751018984279943069e+01 -2.100990444349265474e+01 -2.245302321264506773e+01 -2.169828363033230900e+01 -1.881956486545103857e+01 -1.409865596792081988e+01 -7.997672393138300251e+00 -1.113820921455256574e+00 5.879059102466534625e+00 1.229645585962559551e+01 1.751018984279884450e+01 2.100990444349260144e+01 2.245302321264554735e+01 2.169828363033328600e+01 1.881956486545239926e+01 1.409865596792244347e+01 7.997672393140028646e+00 1.113820921456932567e+00
-6.133999183537152788e+00 -1.171105721761458440e+01 -1.614175537549840200e+01 -1.899238605100566346e+01 -1.998390965210592896e+01 -1.901926894037233851e+01 -1.619288966971641841e+01 -1.178143753569226959e+01 -6.216736209572502503e+00 -4.349742871165540592e-02 6.133999183535919997e+00 1.171105721761369622e+01 1.614175537549795081e+01 1.899238605100568833e+01 1.998390965210642634e+01 1.901926894037326576e+01 1.619288966971767252e+01 1.178143753569373509e+01 6.216736209574039052e+00 4.349742871312400894e-02
8.923995305381481558e+00 -3.553644845709035849e+01 -7.651833704758715271e+01 -1.100100776732633818e+02 -1.327332654109997634e+02 -1.424635963232681775e+02 -1.382485978251738743e+02 -1.205008633373315661e+02 -9.095766476714847215e+01 -5.251089623024198261e+01 -8.923995305392097066e+00 3.553644845708117828e+01 7.651833704758031729e+01 1.100100776732595449e+02 1.327332654109992802e+02 1.424635963232711049e+02 1.382485978251798713e+02 1.205008633373401494e+02 9.095766476715874660e+01 5.251089623025302444e+01
2.051017701522686920e+01 9.866560310862039884e+00 -1.742864061097932904e+00 -1.318168475550974250e+01 -2.333019030385424486e+01 -3.119497427426357916e+01 -3.600617681454205155e+01 -3.729284389842796799e+01 -3.492902758701387711e+01 -2.914611469053763315e+01 -2.051017701522966163e+01 -9.866560310864905148e+00 1.742864061095268369e+00 1.318168475550753982e+01 2.333019030385269943e+01 3.119497427426286862e+01 3.600617681454222208e+01 3.729284389842903380e+01 3.492902758701571031e+01 2.914611469054007031e+01
-6.923960324374411890e+00 -7.047786199739419999e+00 -6.481725657060080081e+00 -5.281188646229555417e+00 -3.563692094501136332e+00 -1.497356530860109780e+00 7.155507227179156438e-01 2.858414886021281021e+00 4.721477484533327384e+00 6.122368970391289800e+00 6.923960324374475839e+00 7.047786199739646484e+00 6.481725657060449564e+00 5.281188646230030592e+00 3.563692094501672791e+00 1.497356530860652679e+00 -7.155507227174195961e-01 -2.858414886020884005e+00 -4.721477484533062707e+00 -6.122368970391180554e+00
-2.556807361207812335e+01 -5.812847810280337058e+01 -8.499886215190485927e+01 -1.035489653516823552e+02 -1.119629743547728680e+02 -1.094172673361059225e+02 -9.616103583565242729e+01 -7.349189215427243482e+01 -4.362885002071070062e+01 -9.495112067049328530e+00 2.556807361207078344e+01 5.812847810279781413e+01 8.499886215190166183e+01 1.035489653516817867e+02 1.119629743547749712e+02 1.094172673361105410e+02 9.616103583565903534e+01 7.349189215428043553e+01 4.362885002071932661e+01 9.495112067057782212e+00
-2.251268792040107769e+01 -5.407700808629840594e+01 -8.034789392403891384e+01 -9.875376808780002591e+01 -1.074929353731668442e+02 -1.057099451968887109e+02 -9.357932906024279873e+01 -7.228851618965630621e+01 -4.392159969071804682e+01 -1.125533099427295092e+01 2.251268792039392963e+01 5.407700808629292766e+01 8.034789392403567376e+01 9.875376808779931537e+01 1.074929353731687200e+02 1.057099451968930310e+02 9.357932906024905151e+01 7.228851618966393744e+01 4.392159969072633174e+01 1.125533099428112038e+01
