-6.749999999993894662e+00 -7.949999999992153121e+00 6.749999999995011102e+00 7.949999999993837108e+00 -6.749999999996127542e+00 -7.949999999995522870e+00 6.749999999997249311e+00 7.949999999997207745e+00 -6.749999999998362199e+00 -7.949999999998881961e+00 6.749999999999475087e+00 7.950000000000579270e+00 -6.750000000000603073e+00 -7.950000000002252598e+00 6.750000000001701750e+00 7.950000000003925926e+00 -6.750000000002829736e+00 -7.950000000005622347e+00 6.750000000003957723e+00 7.950000000007294787e+00
-9.099999999991505106e+00 -8.949999999990826183e+00 9.099999999993050537e+00 8.949999999992753530e+00 -9.099999999994595967e+00 -8.949999999994687983e+00 9.099999999996146727e+00 8.949999999996618882e+00 -9.099999999997688604e+00 -8.949999999998533795e+00 9.099999999999230482e+00 8.950000000000482459e+00 -9.100000000000788347e+00 -8.950000000002400924e+00 9.100000000002314238e+00 8.950000000004315837e+00 -9.100000000003872103e+00 -8.950000000006264500e+00 9.100000000005429968e+00 8.950000000008179413e+00
-8.149999999992505906e+00 -7.849999999992109068e+00 8.149999999993895017e+00 7.849999999993805488e+00 -8.149999999995284128e+00 -7.849999999995503686e+00 8.149999999996676792e+00 7.849999999997201883e+00 -8.149999999998060574e+00 -7.849999999998887645e+00 8.149999999999444356e+00 7.850000000000600053e+00 -8.150000000000844125e+00 -7.850000000002284040e+00 8.150000000002215472e+00 7.850000000003968026e+00 -8.150000000003613465e+00 -7.850000000005680434e+00 8.150000000005013234e+00 7.850000000007364420e+00
1.719999999998401208e+01 1.704999999998277360e+01 -1.719999999998693241e+01 -1.704999999998644356e+01 1.719999999998985274e+01 1.704999999999012061e+01 -1.719999999999278018e+01 -1.704999999999379767e+01 1.719999999999568985e+01 1.704999999999744986e+01 -1.719999999999860307e+01 -1.705000000000115534e+01 1.720000000000154117e+01 1.705000000000480398e+01 -1.720000000000442597e+01 -1.705000000000845262e+01 1.720000000000736762e+01 1.705000000001215810e+01 -1.720000000001030926e+01 -1.705000000001580318e+01
-4.149999999996032862e+00 -3.349999999996556177e+00 4.149999999996754063e+00 3.349999999997295141e+00 -4.149999999997476152e+00 -3.349999999998035882e+00 4.149999999998199129e+00 3.349999999998776179e+00 -4.149999999998919442e+00 -3.349999999999509370e+00 4.149999999999639755e+00 3.350000000000257216e+00 -4.150000000000365397e+00 -3.350000000000990408e+00 4.150000000001080380e+00 3.350000000001723599e+00 -4.150000000001806022e+00 -3.350000000002471445e+00 4.150000000002532552e+00 3.350000000003204192e+00
1.789999999998354596e+01 1.794999999998164242e+01 -1.789999999998657643e+01 -1.794999999998550422e+01 1.789999999998961044e+01 1.794999999998937312e+01 -1.789999999999265512e+01 -1.794999999999323848e+01 1.789999999999567848e+01 1.794999999999707896e+01 -1.789999999999870539e+01 -1.795000000000097273e+01 1.790000000000175717e+01 1.795000000000480966e+01 -1.790000000000475566e+01 -1.795000000000864659e+01 1.790000000000781455e+01 1.795000000001254392e+01 -1.790000000001086988e+01 -1.795000000001637730e+01
-5.149999999995128697e+00 -5.049999999994899902e+00 5.149999999996003552e+00 5.049999999995988809e+00 -5.149999999996879296e+00 -5.049999999997079492e+00 5.149999999997757705e+00 5.049999999998170175e+00 -5.149999999998629896e+00 -5.049999999999251976e+00 5.149999999999502975e+00 5.050000000000351541e+00 -5.150000000000384048e+00 -5.050000000001433342e+00 5.150000000001249134e+00 5.050000000002514255e+00 -5.150000000002131095e+00 -5.050000000003613820e+00 5.150000000003013056e+00 5.050000000004694733e+00
3.099999999996699174e+00 -3.000000000003213430e-01 -3.099999999997302247e+00 3.000000000003093525e-01 3.099999999997905320e+00 -3.000000000002949196e-01 -3.099999999998508393e+00 3.000000000002807088e-01 3.099999999999111466e+00 -3.000000000002720490e-01 -3.099999999999713651e+00 3.000000000002522871e-01 3.100000000000316724e+00 -3.000000000002434053e-01 -3.100000000000919798e+00 3.000000000002347456e-01 3.100000000001522871e+00 -3.000000000002147615e-01 -3.100000000002125056e+00 3.000000000002061018e-01
-6.049999999994468247e+00 -5.599999999994222044e+00 6.049999999995503863e+00 5.599999999995437072e+00 -6.049999999996539479e+00 -5.599999999996653877e+00 6.049999999997578648e+00 5.599999999997871569e+00 -6.049999999998611599e+00 -5.599999999999078604e+00 6.049999999999644551e+00 5.600000000000306066e+00 -6.050000000000688161e+00 -5.600000000001513101e+00 6.050000000001711342e+00 5.600000000002719247e+00 -6.050000000002754952e+00 -5.600000000003947598e+00 6.050000000003797673e+00 5.600000000005153744e+00
-1.214999999998882529e+01 -1.174999999998796696e+01 1.214999999999089297e+01 1.174999999999050360e+01 -1.214999999999296243e+01 -1.174999999999304379e+01 1.214999999999503899e+01 1.174999999999558575e+01 -1.214999999999709956e+01 -1.174999999999810640e+01 1.214999999999916369e+01 1.175000000000066969e+01 -1.215000000000124736e+01 -1.175000000000319034e+01 1.215000000000329017e+01 1.175000000000570921e+01 -1.215000000000537561e+01 -1.175000000000827072e+01 1.215000000000745928e+01 1.175000000001079137e+01
-2.399999999997708855e+00 -1.649999999998289280e+00 2.399999999998132960e+00 1.649999999998660982e+00 -2.399999999998556621e+00 -1.649999999999034017e+00 2.399999999998981615e+00 1.649999999999407274e+00 -2.399999999999404388e+00 -1.649999999999776090e+00 2.399999999999827605e+00 1.650000000000152900e+00 -2.400000000000253486e+00 -1.650000000000522160e+00 2.400000000000674039e+00 1.650000000000890532e+00 -2.400000000001099920e+00 -1.650000000001267786e+00 2.400000000001526246e+00 1.650000000001636158e+00
-1.344999999998777263e+01 -1.444999999998556106e+01 1.344999999999002860e+01 1.444999999998864837e+01 -1.344999999999228635e+01 -1.444999999999174101e+01 1.344999999999455298e+01 1.444999999999482831e+01 -1.344999999999680007e+01 -1.444999999999789786e+01 1.344999999999905071e+01 1.445000000000101181e+01 -1.345000000000132800e+01 -1.445000000000407958e+01 1.345000000000355378e+01 1.445000000000714557e+01 -1.345000000000583107e+01 -1.445000000001025953e+01 1.345000000000810836e+01 1.445000000001332552e+01
-8.499999999994276578e-01 -1.599999999998576783e+00 8.499999999995547784e-01 1.599999999998903855e+00 -8.499999999996816769e-01 -1.599999999999231370e+00 8.499999999998095745e-01 1.599999999999558664e+00 -8.499999999999356959e-01 -1.599999999999884626e+00 8.500000000000620393e-01 1.600000000000213474e+00 -8.500000000001910472e-01 -1.600000000000539435e+00 8.500000000003146150e-01 1.600000000000865397e+00 -8.500000000004437339e-01 -1.600000000001194245e+00 8.500000000005731859e-01 1.600000000001519984e+00
-2.099999999998334310e+00 -2.049999999997921929e+00 2.099999999998691802e+00 2.049999999998363798e+00 -2.099999999999048850e+00 -2.049999999998807443e+00 2.099999999999406786e+00 2.049999999999249756e+00 -2.099999999999762945e+00 -2.049999999999689404e+00 2.100000000000119105e+00 2.050000000000136158e+00 -2.100000000000478817e+00 -2.050000000000575362e+00 2.100000000000831424e+00 2.050000000001014566e+00 -2.100000000001191580e+00 -2.050000000001460876e+00 2.100000000001551292e+00 2.050000000001900080e+00
-1.804999999998360849e+01 -1.894999999998089635e+01 1.804999999998664961e+01 1.894999999998495355e+01 -1.804999999998968718e+01 -1.894999999998901785e+01 1.804999999999273896e+01 1.894999999999308216e+01 -1.804999999999576232e+01 -1.894999999999711093e+01 1.804999999999879634e+01 1.895000000000120721e+01 -1.805000000000186233e+01 -1.895000000000523599e+01 1.805000000000485727e+01 1.895000000000926477e+01 -1.805000000000792326e+01 -1.895000000001336460e+01 1.805000000001098925e+01 1.895000000001739338e+01
-7.199999999993724309e+00 -7.449999999992333422e+00 7.199999999994939337e+00 7.449999999993930366e+00 -7.199999999996154365e+00 -7.449999999995530864e+00 7.199999999997372946e+00 7.449999999997129585e+00 -7.199999999998583533e+00 -7.449999999998717648e+00 7.199999999999795008e+00 7.450000000000328804e+00 -7.200000000001019806e+00 -7.450000000001916867e+00 7.200000000002218847e+00 7.450000000003503153e+00 -7.200000000003442757e+00 -7.450000000005116085e+00 7.200000000004668443e+00 7.450000000006701484e+00
1.799999999998509903e+00 2.599999999997516298e+00 -1.799999999998796785e+00 -2.599999999998057199e+00 1.799999999999083666e+00 2.599999999998598987e+00 -1.799999999999372102e+00 -2.599999999999140776e+00 1.799999999999657430e+00 2.599999999999679456e+00 -1.799999999999943423e+00 -2.600000000000224354e+00 1.800000000000233413e+00 2.600000000000763034e+00 -1.800000000000514966e+00 -2.600000000001301714e+00 1.800000000000804956e+00 2.600000000001846168e+00 -1.800000000001095835e+00 -2.600000000002384848e+00
-1.514999999998638103e+01 -1.679999999998318927e+01 1.514999999998891056e+01 1.679999999998676330e+01 -1.514999999999144364e+01 -1.679999999999034799e+01 1.514999999999398206e+01 1.679999999999393268e+01 -1.514999999999650271e+01 -1.679999999999748539e+01 1.514999999999902691e+01 1.680000000000109495e+01 -1.515000000000157954e+01 -1.680000000000465121e+01 1.515000000000407354e+01 1.680000000000820393e+01 -1.515000000000662617e+01 -1.680000000001181348e+01 1.515000000000917879e+01 1.680000000001536620e+01
-1.549999999998582467e+01 -1.524999999998444977e+01 1.549999999998845546e+01 1.524999999998773781e+01 -1.549999999999108979e+01 -1.524999999999103117e+01 1.549999999999373124e+01 1.524999999999432276e+01 -1.549999999999635669e+01 -1.524999999999758948e+01 1.549999999999898215e+01 1.525000000000090594e+01 -1.550000000000163425e+01 -1.525000000000417266e+01 1.550000000000423483e+01 1.525000000000743583e+01 -1.550000000000689049e+01 -1.525000000001075584e+01 1.550000000000954437e+01 1.525000000001401901e+01
-1.539999999998603109e+01 -1.714999999998298819e+01 1.539999999998860147e+01 1.714999999998663682e+01 -1.539999999999117009e+01 -1.714999999999029257e+01 1.539999999999375113e+01 1.714999999999394831e+01 -1.539999999999631441e+01 -1.714999999999757563e+01 1.539999999999887592e+01 1.715000000000125624e+01 -1.540000000000146763e+01 -1.715000000000488711e+01 1.540000000000400071e+01 1.715000000000851443e+01 -1.540000000000659597e+01 -1.715000000001219860e+01 1.540000000000918767e+01 1.715000000001582237e+01
