1.002716226449313908e+00 -1.106897470593386146e+01 -2.205715727201867438e+01 -3.088623160306707405e+01 -3.669194638777800321e+01 -3.890599781223048836e+01 -3.731165909679577197e+01 -3.206499522335158048e+01 -2.367958620748733267e+01 -1.297625430825580750e+01 -1.002716226452177395e+00 1.106897470593142074e+01 2.205715727201690513e+01 3.088623160306613258e+01 3.669194638777797479e+01 3.890599781223139786e+01 3.731165909679750570e+01 3.206499522335398922e+01 2.367958620749016774e+01 1.297625430825882376e+01
5.719032051730437161e-01 -1.264417523464737414e+01 -2.462255370535153176e+01 -3.419070506395669895e+01 -4.041203199025211745e+01 -4.267754765815844564e+01 -4.076548760932521276e+01 -3.486301760343788914e+01 -2.554791252959940806e+01 -1.373199977459040255e+01 -5.719032051761709923e-01 1.264417523464472026e+01 2.462255370534962395e+01 3.419070506395569709e+01 4.041203199025212456e+01 4.267754765815947593e+01 4.076548760932715254e+01 3.486301760344055367e+01 2.554791252960253090e+01 1.373199977459371013e+01
-1.221277853408934888e+01 -3.052462950653956852e+01 -4.584851706529041593e+01 -5.668443232828870748e+01 -6.197168041133116390e+01 -6.119270863362601887e+01 -5.442376818019056373e+01 -4.232745010458830848e+01 -2.608782630006293957e+01 -7.294544292713602829e+00 1.221277853408519221e+01 3.052462950653636753e+01 4.584851706528850457e+01 5.668443232828823142e+01 6.197168041133217997e+01 6.119270863362845603e+01 5.442376818019414486e+01 4.232745010459269963e+01 2.608782630006771086e+01 7.294544292718333267e+00
-1.179257068420235299e+01 -2.750409224107081485e+01 -4.052332161710457115e+01 -4.957584593067255696e+01 -5.377554102931709679e+01 -5.271131149578651787e+01 -4.648733153174593724e+01 -3.571284766109393161e+01 -2.144254143533319379e+01 -5.073289854911014807e+00 1.179257068419880383e+01 2.750409224106811124e+01 4.052332161710300085e+01 4.957584593067223722e+01 5.377554102931807734e+01 5.271131149578871344e+01 4.648733153174910626e+01 3.571284766109776854e+01 2.144254143533732915e+01 5.073289854915086217e+00
3.441847710841174290e+01 6.868775942668098367e+01 9.623340527650631770e+01 1.143590549203070736e+02 1.212904434821210344e+02 1.163490783556939334e+02 1.000186547881157395e+02 7.389770841893228237e+01 4.054313947409397656e+01 3.219925556868400207e+00 -3.441847710840412589e+01 -6.868775942667541301e+01 -9.623340527650337606e+01 -1.143590549203069884e+02 -1.212904434821238482e+02 -1.163490783556993904e+02 -1.000186547881232570e+02 -7.389770841894110731e+01 -4.054313947410329888e+01 -3.219925556877377915e+00
-7.348016739196637559e+00 -1.400851033579960969e+01 -1.929775333770390944e+01 -2.269799778756020814e+01 -2.387640406772043278e+01 -2.271762156104314911e+01 -1.933507997299440007e+01 -1.405988604176540768e+01 -7.408412503782157543e+00 -3.175193248362084830e-02 7.348016739195164959e+00 1.400851033579855098e+01 1.929775333770337653e+01 2.269799778756023656e+01 2.387640406772102608e+01 2.271762156104426111e+01 1.933507997299590286e+01 1.405988604176715917e+01 7.408412503783991632e+00 3.175193248537233615e-02
2.403606363302696280e+01 5.751642985583086443e+01 8.536668718381555720e+01 1.048606583855651735e+02 1.140901377373685790e+02 1.121516794947073095e+02 9.923503345640581585e+01 7.660457093225771530e+01 4.647551926983038584e+01 1.179711996728864953e+01 -2.403606363301938131e+01 -5.751642985582507350e+01 -8.536668718381214660e+01 -1.048606583855644203e+02 -1.140901377373705685e+02 -1.121516794947118996e+02 -9.923503345641248075e+01 -7.660457093226582970e+01 -4.647551926983916104e+01 -1.179711996729731460e+01
-1.064155943537645044e+01 -2.066468354817195774e+01 -2.866500445595607260e+01 -3.385939500676148128e+01 -3.573939206202827990e+01 -3.412096841127723934e+01 -2.916254663766448374e+01 -2.134949161174712273e+01 -1.144659959621720446e+01 -4.232346590605651215e-01 1.064155943537422822e+01 2.066468354817034836e+01 2.866500445595524837e+01 3.385939500676149549e+01 3.573939206202914676e+01 3.412096841127887359e+01 2.916254663766671840e+01 2.134949161174973753e+01 1.144659959621994894e+01 4.232346590631985705e-01
3.410723799604589601e+01 2.917930976670839271e+01 2.139510739319986854e+01 1.151660283956636199e+01 5.107729591058527419e-01 -1.054505493735645771e+01 -2.056865938483244349e+01 -2.857886014144439102e+01 -3.379156294678477224e+01 -3.569651213123081135e+01 -3.410723799604751605e+01 -2.917930976671061316e+01 -2.139510739320247978e+01 -1.151660283956910291e+01 -5.107729591084737564e-01 1.054505493735423727e+01 2.056865938483082701e+01 2.857886014144355613e+01 3.379156294678478645e+01 3.569651213123166400e+01
-3.278771165302625690e+00 -1.311099083310948643e+01 -2.165981536852707734e+01 -2.808842626286583055e+01 -3.176754629102202898e+01 -3.233703755070318664e+01 -2.974115426953280306e+01 -2.423399958965412537e+01 -1.635465218173653668e+01 -6.874397468708467684e+00 3.278771165300348844e+00 1.311099083310764790e+01 2.165981536852586231e+01 2.808842626286534738e+01 3.176754629102232030e+01 3.233703755070424535e+01 2.974115426953449770e+01 2.423399958965630319e+01 1.635465218173898805e+01 6.874397468710969683e+00
-1.663388763902721124e+01 -4.010411237359722492e+01 -5.964866716725853024e+01 -7.335439482188715488e+01 -7.987968322122834763e+01 -7.858579167239692254e+01 -6.959937529526501976e+01 -5.380008713687078625e+01 -3.273447160227117791e+01 -8.464577912766561241e+00 1.663388763902189638e+01 4.010411237359315351e+01 5.964866716725613571e+01 7.335439482188661486e+01 7.987968322122972609e+01 7.858579167240013419e+01 6.959937529526968092e+01 5.380008713687646349e+01 3.273447160227732411e+01 8.464577912772634605e+00
-5.833267785451075049e-01 -2.907822112478569032e+00 -4.947679558054679738e+00 -6.503223655977919293e+00 -7.422186911830541689e+00 -7.614614799336192341e+00 -7.061671136141892013e+00 -5.817481900586129129e+00 -4.003837003821231200e+00 -1.798268644749569489e+00 5.833267785445666043e-01 2.907822112478127607e+00 4.947679558054382198e+00 6.503223655977791395e+00 7.422186911830595868e+00 7.614614799336427708e+00 7.061671136142281036e+00 5.817481900586633614e+00 4.003837003821804075e+00 1.798268644750159018e+00
1.053142180073247580e+01 -2.254016522484266360e+01 -5.340536383164479872e+01 -7.904287332955630063e+01 -9.694311566188952156e+01 -1.053538903908337545e+02 -1.034518922846066005e+02 -9.142330216984554170e+01 -7.044556225509863623e+01 -4.257211988372958444e+01 -1.053142180074042322e+01 2.254016522483569673e+01 5.340536383163951228e+01 7.904287332955317424e+01 9.694311566188883944e+01 1.053538903908356588e+02 1.034518922846108353e+02 9.142330216985170921e+01 7.044556225510615377e+01 4.257211988373775569e+01
-5.879059102468255027e+00 -1.229645585962686027e+01 -1.751018984279952306e+01 -2.100990444349264052e+01 -2.245302321264493628e+01 -2.169828363033208163e+01 -1.881956486545072949e+01 -1.409865596792046638e+01 -7.997672393137938762e+00 -1.113820921454915513e+00 5.879059102466819731e+00 1.229645585962579624e+01 1.751018984279894397e+01 2.100990444349258368e+01 2.245302321264541945e+01 2.169828363033305862e+01 1.881956486545209373e+01 1.409865596792209352e+01 7.997672393139664493e+00 1.113820921456591062e+00
-6.133999183537396149e+00 -1.171105721761474960e+01 -1.614175537549847306e+01 -1.899238605100563504e+01 -1.998390965210579751e+01 -1.901926894037212179e+01 -1.619288966971613775e+01 -1.178143753569195340e+01 -6.216736209572180982e+00 -4.349742871135831024e-02 6.133999183536163358e+00 1.171105721761386143e+01 1.614175537549802186e+01 1.899238605100565991e+01 1.998390965210629844e+01 1.901926894037304905e+01 1.619288966971739541e+01 1.178143753569341889e+01 6.216736209573716643e+00 4.349742871282558099e-02
8.923995305379307297e+00 -3.553644845709219169e+01 -7.651833704758843169e+01 -1.100100776732640355e+02 -1.327332654109997065e+02 -1.424635963232673816e+02 -1.382485978251724248e+02 -1.205008633373296476e+02 -9.095766476714625526e+01 -5.251089623023966624e+01 -8.923995305389922805e+00 3.553644845708302569e+01 7.651833704758163890e+01 1.100100776732601844e+02 1.327332654109991950e+02 1.424635963232703091e+02 1.382485978251784502e+02 1.205008633373382310e+02 9.095766476715652971e+01 5.251089623025071518e+01
2.051017701522627235e+01 9.866560310861435923e+00 -1.742864061098476469e+00 -1.318168475551017949e+01 -2.333019030385452908e+01 -3.119497427426367864e+01 -3.600617681454195917e+01 -3.729284389842770508e+01 -3.492902758701345789e+01 -2.914611469053709669e+01 -2.051017701522906123e+01 -9.866560310864301186e+00 1.742864061095815487e+00 1.318168475550797680e+01 2.333019030385298009e+01 3.119497427426297165e+01 3.600617681454213681e+01 3.729284389842876379e+01 3.492902758701529109e+01 2.914611469053953741e+01
-6.923960324374388797e+00 -7.047786199739363155e+00 -6.481725657059994816e+00 -5.281188646229450612e+00 -3.563692094501022645e+00 -1.497356530859997203e+00 7.155507227180160079e-01 2.858414886021360068e+00 4.721477484533375346e+00 6.122368970391303122e+00 6.923960324374454522e+00 7.047786199739590529e+00 6.481725657060365187e+00 5.281188646229925787e+00 3.563692094501558660e+00 1.497356530860539880e+00 -7.155507227175190721e-01 -2.858414886020961276e+00 -4.721477484533110669e+00 -6.122368970391194765e+00
-2.556807361207958351e+01 -5.812847810280442928e+01 -8.499886215190539929e+01 -1.035489653516823410e+02 -1.119629743547722853e+02 -1.094172673361048282e+02 -9.616103583565092094e+01 -7.349189215427068689e+01 -4.362885002070888874e+01 -9.495112067047601911e+00 2.556807361207224716e+01 5.812847810279887284e+01 8.499886215190221606e+01 1.035489653516817583e+02 1.119629743547743885e+02 1.094172673361094752e+02 9.616103583565757162e+01 7.349189215427870181e+01 4.362885002071750762e+01 9.495112067056055594e+00
-2.251268792040250588e+01 -5.407700808629945044e+01 -8.034789392403945385e+01 -9.875376808780005433e+01 -1.074929353731663184e+02 -1.057099451968876878e+02 -9.357932906024139186e+01 -7.228851618965462933e+01 -4.392159969071629888e+01 -1.125533099427127937e+01 2.251268792039535782e+01 5.407700808629397926e+01 8.034789392403624220e+01 9.875376808779932958e+01 1.074929353731681800e+02 1.057099451968920079e+02 9.357932906024765884e+01 7.228851618966228898e+01 4.392159969072457670e+01 1.125533099427944883e+01
