9.855901699436961039e+00 -6.223906032148043721e+00 2.145898033651138515e-01 5.876692436663516261e+00 -9.723277907316155932e+00 9.855901699435674956e+00 -6.223906032149674417e+00 2.145898033690505913e-01 5.876692436658773389e+00 -9.723277907312430912e+00 9.855901699434383545e+00 -6.223906032151330869e+00 2.145898033729788379e-01 5.876692436654045615e+00 -9.723277907308709445e+00 9.855901699433090357e+00 -6.223906032152961565e+00 2.145898033769431112e-01 5.876692436649290308e+00 -9.723277907304979095e+00
-6.499999999996448619e-01 3.775831390305223190e-01 3.905764746931424114e-02 -4.407797401564473305e-01 6.741389536561726015e-01 -6.499999999995818012e-01 3.775831390306556012e-01 3.905764746903471474e-02 -4.407797401561280304e-01 6.741389536559363460e-01 -6.499999999995185185e-01 3.775831390307906599e-01 3.905764746875577120e-02 -4.407797401558097294e-01 6.741389536557002016e-01 -6.499999999994549027e-01 3.775831390309238311e-01 3.905764746847437130e-02 -4.407797401554896521e-01 6.741389536554637241e-01
-7.410410196625162982e+00 4.655746418432112677e+00 -1.227457513993703841e-01 -4.457139620692825766e+00 7.334549150284207286e+00 -7.410410196624211743e+00 4.655746418433357903e+00 -1.227457514023447549e-01 -4.457139620689255288e+00 7.334549150281413965e+00 -7.410410196623257839e+00 4.655746418434621781e+00 -1.227457514053127280e-01 -4.457139620685695469e+00 7.334549150278621532e+00 -7.410410196622302159e+00 4.655746418435866119e+00 -1.227457514083078460e-01 -4.457139620682116110e+00 7.334549150275823770e+00
-7.792172942406356384e+00 5.224312563088169270e+00 -6.609423525242110742e-01 -4.154885372099158758e+00 7.383688103940377445e+00 -7.792172942405138691e+00 5.224312563089222650e+00 -6.609423525271398425e-01 -4.154885372095468377e+00 7.383688103937346092e+00 -7.792172942403918334e+00 5.224312563090293793e+00 -6.609423525300620605e-01 -4.154885372091791318e+00 7.383688103934316516e+00 -7.792172942402696201e+00 5.224312563091345396e+00 -6.609423525330120341e-01 -4.154885372088091167e+00 7.383688103931279834e+00
-9.775861046343699456e+00 6.238699100992826097e+00 -3.185661446471405034e-01 -5.723248251288117316e+00 9.578976341284736407e+00 -9.775861046342381400e+00 6.238699100994391955e+00 -3.185661446510057448e-01 -5.723248251283425958e+00 9.578976341281023821e+00 -9.775861046341059790e+00 6.238699100995984459e+00 -3.185661446548626041e-01 -5.723248251278750587e+00 9.578976341277313011e+00 -9.775861046339734628e+00 6.238699100997550318e+00 -3.185661446587550460e-01 -5.723248251274045906e+00 9.578976341273595096e+00
-8.600000000000283862e+00 5.679682106618871629e+00 -5.899186938045697381e-01 -4.725173609443569234e+00 8.235410196628270896e+00 -8.599999999998996003e+00 5.679682106620099979e+00 -5.899186938078542219e-01 -4.725173609439480060e+00 8.235410196624950885e+00 -8.599999999997706368e+00 5.679682106621350535e+00 -5.899186938111316003e-01 -4.725173609435403321e+00 8.235410196621630874e+00 -8.599999999996414957e+00 5.679682106622578885e+00 -5.899186938144397319e-01 -4.725173609431302602e+00 8.235410196618303758e+00
1.689151516153000898e+01 -1.019112695901672083e+01 -4.019253581738141401e-01 1.084145584948142726e+01 -1.713991869381863964e+01 1.689151516152811894e+01 -1.019112695901988630e+01 -4.019253581667793229e-01 1.084145584947320451e+01 -1.713991869381239752e+01 1.689151516152622179e+01 -1.019112695902310151e+01 -4.019253581597593827e-01 1.084145584946500662e+01 -1.713991869380615185e+01 1.689151516152432109e+01 -1.019112695902626520e+01 -4.019253581526766594e-01 1.084145584945676610e+01 -1.713991869379989552e+01
-4.076393202250172543e+00 2.762586804715732036e+00 -3.935661446522845108e-01 -2.125783405846801255e+00 3.833155948032901161e+00 -4.076393202249515291e+00 2.762586804716259614e+00 -3.935661446537987440e-01 -2.125783405844876572e+00 3.833155948031306881e+00 -4.076393202248858039e+00 2.762586804716796518e+00 -3.935661446553095910e-01 -2.125783405842958551e+00 3.833155948029713933e+00 -4.076393202248199010e+00 2.762586804717324096e+00 -3.935661446568349819e-01 -2.125783405841028539e+00 3.833155948028116544e+00
1.808454915028010390e+01 -1.088051349692256231e+01 -4.795084972055170813e-01 1.165637454329440459e+01 -1.838090169944402064e+01 1.808454915027810372e+01 -1.088051349692597647e+01 -4.795084971979670097e-01 1.165637454328559564e+01 -1.838090169943734509e+01 1.808454915027609289e+01 -1.088051349692943859e+01 -4.795084971904328142e-01 1.165637454327681333e+01 -1.838090169943066599e+01 1.808454915027407495e+01 -1.088051349693285275e+01 -4.795084971828314502e-01 1.165637454326798306e+01 -1.838090169942397623e+01
-5.727254248593776964e+00 3.869146285027018628e+00 -5.331559480259374650e-01 -3.006481839816491863e+00 5.397745751408312920e+00 -5.727254248592863028e+00 3.869146285027769139e+00 -5.331559480280724239e-01 -3.006481839813785584e+00 5.397745751406077375e+00 -5.727254248591946428e+00 3.869146285028533860e+00 -5.331559480302024978e-01 -3.006481839811088186e+00 5.397745751403841830e+00 -5.727254248591028940e+00 3.869146285029283927e+00 -5.331559480323531108e-01 -3.006481839808374357e+00 5.397745751401600955e+00
1.111474508437944930e+00 -9.079526825618422503e-01 3.576237921238798467e-01 3.293052317196841772e-01 -8.904508497194558725e-01 1.111474508437663600e+00 -9.079526825618653429e-01 3.576237921241990914e-01 3.293052317191899614e-01 -8.904508497189769223e-01 1.111474508437382047e+00 -9.079526825618903230e-01 3.576237921245175588e-01 3.293052317186976330e-01 -8.904508497184985272e-01 1.111474508437100717e+00 -9.079526825619134156e-01 3.576237921248396345e-01 3.293052317182016964e-01 -8.904508497180181337e-01
-5.309549150280714613e+00 3.193285238682808558e+00 1.427050983180481736e-01 -3.424186938128992885e+00 5.397745751408142389e+00 -5.309549150280126639e+00 3.193285238683811755e+00 1.427050983158308084e-01 -3.424186938126406510e+00 5.397745751406182180e+00 -5.309549150279537777e+00 3.193285238684830052e+00 1.427050983136180506e-01 -3.424186938123827684e+00 5.397745751404221970e+00 -5.309549150278946250e+00 3.193285238685832805e+00 1.427050983113856142e-01 -3.424186938121234647e+00 5.397745751402259096e+00
-1.266631189606150620e+01 7.215546818645596439e+00 9.913118960754261355e-01 -8.819523159947037172e+00 1.327897634128593829e+01 -1.266631189606037111e+01 7.215546818648302718e+00 9.913118960698928950e-01 -8.819523159940787949e+00 1.327897634128138016e+01 -1.266631189605923247e+01 7.215546818651048078e+00 9.913118960643712008e-01 -8.819523159934558265e+00 1.327897634127681670e+01 -1.266631189605808672e+01 7.215546818653753469e+00 9.913118960588015449e-01 -8.819523159928293055e+00 1.327897634127225146e+01
-2.240450849718952142e+00 1.551518827217291285e+00 -2.699593469042393945e-01 -1.114715428345352199e+00 2.073606797750900288e+00 -2.240450849718569337e+00 1.551518827217555518e+00 -2.699593469050515782e-01 -1.114715428344301040e+00 2.073606797750014774e+00 -2.240450849718186088e+00 1.551518827217824636e+00 -2.699593469058618744e-01 -1.114715428343253434e+00 2.073606797749129704e+00 -2.240450849717802395e+00 1.551518827218088425e+00 -2.699593469066801643e-01 -1.114715428342199166e+00 2.073606797748242414e+00
-1.504164078650007141e+01 9.740140287707831135e+00 -7.182372542049750841e-01 -8.578007998416815383e+00 1.459774575141184272e+01 -1.504164078649794867e+01 9.740140287710131517e+00 -7.182372542108369506e-01 -8.578007998409622914e+00 1.459774575140609087e+01 -1.504164078649582059e+01 9.740140287712469203e+00 -7.182372542166861606e-01 -8.578007998402457090e+00 1.459774575140034081e+01 -1.504164078649368896e+01 9.740140287714769585e+00 -7.182372542225897716e-01 -8.578007998395246858e+00 1.459774575139457831e+01
-1.174467844093406210e+00 6.854101966240231381e-01 6.545084971986477040e-02 -7.913118960632589127e-01 1.214918693812626183e+00 -1.174467844093290303e+00 6.854101966242612809e-01 6.545084971936160345e-02 -7.913118960626825960e-01 1.214918693812198747e+00 -1.174467844093173508e+00 6.854101966245028654e-01 6.545084971885949121e-02 -7.913118960621080555e-01 1.214918693811771089e+00 -1.174467844093056712e+00 6.854101966247411193e-01 6.545084971835297971e-02 -7.913118960615304065e-01 1.214918693811342987e+00
-1.658155948031841520e+00 1.481230589874563242e+00 -7.385254915614382076e-01 -2.862712429697781280e-01 1.201722092688146892e+00 -1.658155948031337923e+00 1.481230589874498627e+00 -7.385254915618378879e-01 -2.862712429690658089e-01 1.201722092687395937e+00 -1.658155948030834104e+00 1.481230589874436454e+00 -7.385254915622363470e-01 -2.862712429683563764e-01 1.201722092686646315e+00 -1.658155948030330951e+00 1.481230589874372061e+00 -7.385254915626399130e-01 -2.862712429676411707e-01 1.201722092685892918e+00
-1.801319660112375232e+01 1.091731689579746423e+01 3.486067977680568086e-01 -1.148137454329436835e+01 1.822864745085017546e+01 -1.801319660112169885e+01 1.091731689580080200e+01 3.486067977605847856e-01 -1.148137454328560914e+01 1.822864745084350346e+01 -1.801319660111964538e+01 1.091731689580418951e+01 3.486067977531285278e-01 -1.148137454327687834e+01 1.822864745083682791e+01 -1.801319660111758481e+01 1.091731689580752551e+01 3.486067977456054900e-01 -1.148137454326809781e+01 1.822864745083014171e+01
-6.616311896062358144e+00 4.186648117869932406e+00 -1.578270575876676851e-01 -3.931278574348282984e+00 6.518769410127442043e+00 -6.616311896061490394e+00 4.186648117871019537e+00 -1.578270575903052975e-01 -3.931278574345101084e+00 6.518769410124940933e+00 -6.616311896060618203e+00 4.186648117872125319e+00 -1.578270575929371922e-01 -3.931278574341928955e+00 6.518769410122438046e+00 -6.616311896059745123e+00 4.186648117873213337e+00 -1.578270575955932620e-01 -3.931278574338738618e+00 6.518769410119931607e+00
1.170491502812313511e+00 -7.383222260925490499e-01 2.413895365503914564e-02 6.992645786257640772e-01 -1.155572809000402934e+00 1.170491502812161189e+00 -7.383222260927432279e-01 2.413895365550717403e-02 6.992645786252005280e-01 -1.155572808999960843e+00 1.170491502812008866e+00 -7.383222260929407366e-01 2.413895365597420323e-02 6.992645786246389772e-01 -1.155572808999518974e+00 1.170491502811855655e+00 -7.383222260931350256e-01 2.413895365644550331e-02 6.992645786240739847e-01 -1.155572808999076218e+00
