-1.471823725422774487e+01 -2.660989636915121537e+01 -1.727583139022279113e+00 2.554219127084207841e+01 1.751352549155438609e+01 -1.471823725422112261e+01 -2.660989636914714396e+01 -1.727583139026405590e+00 2.554219127083545970e+01 1.751352549155440030e+01 -1.471823725421449502e+01 -2.660989636914307610e+01 -1.727583139030507864e+00 2.554219127082882324e+01 1.751352549155444649e+01 -1.471823725420783724e+01 -2.660989636913899403e+01 -1.727583139034612580e+00 2.554219127082222940e+01 1.751352549155442873e+01
-1.559688470507232871e+01 -2.809338120762012636e+01 -1.765779740146754540e+00 2.700206931156122536e+01 1.845397634127294850e+01 -1.559688470506532632e+01 -2.809338120761583824e+01 -1.765779740151125488e+00 2.700206931155424073e+01 1.845397634127297692e+01 -1.559688470505832214e+01 -2.809338120761155366e+01 -1.765779740155470900e+00 2.700206931154723478e+01 1.845397634127304087e+01 -1.559688470505128421e+01 -2.809338120760725133e+01 -1.765779740159818534e+00 2.700206931154027146e+01 1.845397634127304087e+01
-1.768733555479206743e+01 -3.115358813877515942e+01 -1.566640786489113868e+00 3.018535088456053472e+01 2.022221359549024911e+01 -1.768733555478424790e+01 -3.115358813877046273e+01 -1.566640786494057691e+00 3.018535088455279691e+01 2.022221359549038056e+01 -1.768733555477642128e+01 -3.115358813876578381e+01 -1.566640786498973315e+00 3.018535088454503423e+01 2.022221359549055819e+01 -1.768733555476856267e+01 -3.115358813876108002e+01 -1.566640786503891603e+00 3.018535088453732129e+01 2.022221359549065056e+01
1.218541019663067004e+01 1.778968577230870807e+01 -1.190779740161842959e+00 -1.852562812484215371e+01 -1.025868810393238206e+01 1.218541019662590585e+01 1.778968577230638104e+01 -1.190779740158502964e+00 -1.852562812483777321e+01 -1.025868810393299491e+01 1.218541019662114344e+01 1.778968577230406467e+01 -1.190779740155180288e+00 -1.852562812483337851e+01 -1.025868810393363795e+01 1.218541019661635971e+01 1.778968577230173409e+01 -1.190779740151855837e+00 -1.852562812482900512e+01 -1.025868810393422770e+01
1.075364745084891283e+01 1.636800433271518074e+01 -6.376644452239312866e-01 -1.676210263327967098e+01 -9.721884705057702192e+00 1.075364745084459805e+01 1.636800433271296740e+01 -6.376644452209719871e-01 -1.676210263327563155e+01 -9.721884705058148057e+00 1.075364745084027973e+01 1.636800433271075761e+01 -6.376644452180280087e-01 -1.676210263327157790e+01 -9.721884705058620568e+00 1.075364745083594364e+01 1.636800433270853361e+01 -6.376644452150823650e-01 -1.676210263326754912e+01 -9.721884705059046894e+00
-4.399467844095757307e+00 -6.588980006967229741e+00 3.272542485958984670e-01 6.791234255561802158e+00 3.869959346904167319e+00 -4.399467844094009372e+00 -6.588980006966349556e+00 3.272542485946896562e-01 6.791234255560176791e+00 3.869959346904364939e+00 -4.399467844092261437e+00 -6.588980006965472036e+00 3.272542485934871737e-01 6.791234255558546984e+00 3.869959346904572772e+00 -4.399467844090505508e+00 -6.588980006964588299e+00 3.272542485922839139e-01 6.791234255556926946e+00 3.869959346904762398e+00
-4.036803398876522841e+00 -5.114512162873525725e+00 8.758610463454377104e-01 5.655824058936687493e+00 2.619630456467106239e+00 -4.036803398875077775e+00 -5.114512162872948409e+00 8.758610463443454730e-01 5.655824058935437826e+00 2.619630456467419766e+00 -4.036803398873631821e+00 -5.114512162872373757e+00 8.758610463432581206e-01 5.655824058934184606e+00 2.619630456467743063e+00 -4.036803398872181425e+00 -5.114512162871794665e+00 8.758610463421702130e-01 5.655824058932935827e+00 2.619630456468049484e+00
-8.004179606755034371e+00 -1.570587204340358589e+01 -1.702583139026361048e+00 1.465361779481152027e+01 1.075901699437058667e+01 -8.004179606751224085e+00 -1.570587204340106346e+01 -1.702583139028627457e+00 1.465361779480760340e+01 1.075901699437041614e+01 -8.004179606747410247e+00 -1.570587204339854814e+01 -1.702583139030879877e+00 1.465361779480367233e+01 1.075901699437026693e+01 -8.004179606743576869e+00 -1.570587204339602039e+01 -1.702583139033133408e+00 1.465361779479977145e+01 1.075901699437008219e+01
-1.835942352532066391e+00 -3.213322226092979683e+00 -1.499999999991335764e-01 3.120617127780775046e+00 2.078647450842832978e+00 -1.835942352531258148e+00 -3.213322226092497402e+00 -1.499999999996463884e-01 3.120617127779977018e+00 2.078647450842848965e+00 -1.835942352530449906e+00 -3.213322226092016454e+00 -1.500000000001562583e-01 3.120617127779176769e+00 2.078647450842870281e+00 -1.835942352529637223e+00 -3.213322226091533285e+00 -1.500000000006664336e-01 3.120617127778381406e+00 2.078647450842883160e+00
-1.858155948031928739e+00 -2.527050983124329075e+00 2.963525491570160320e-01 2.710206931155853649e+00 1.378647450842973354e+00 -1.858155948031234184e+00 -2.527050983124020878e+00 2.963525491565101033e-01 2.710206931155233256e+00 1.378647450843093036e+00 -1.858155948030539406e+00 -2.527050983123713124e+00 2.963525491560066727e-01 2.710206931154611532e+00 1.378647450843217381e+00 -1.858155948029841964e+00 -2.527050983123403594e+00 2.963525491555029090e-01 2.710206931153992471e+00 1.378647450843333955e+00
6.395491502816160967e+00 1.067902432574758187e+01 2.045084971836745313e-01 -1.055263112349906862e+01 -6.726393202246471859e+00 6.395491502813433371e+00 1.067902432574602933e+01 2.045084971854516098e-01 -1.055263112349642363e+01 -6.726393202246602421e+00 6.395491502810704887e+00 1.067902432574448035e+01 2.045084971872188628e-01 -1.055263112349376797e+01 -6.726393202246748970e+00 6.395491502807963080e+00 1.067902432574292426e+01 2.045084971889870873e-01 -1.055263112349113008e+01 -6.726393202246867986e+00
9.371884705067868637e+00 1.570169243665280412e+01 3.322949016820449519e-01 -1.549632289312376265e+01 -9.909549150276195206e+00 9.371884705063861176e+00 1.570169243665051795e+01 3.322949016846500347e-01 -1.549632289311987066e+01 -9.909549150276378171e+00 9.371884705059853715e+00 1.570169243664823711e+01 3.322949016872406292e-01 -1.549632289311596622e+01 -9.909549150276587781e+00 9.371884705055828491e+00 1.570169243664594383e+01 3.322949016898327224e-01 -1.549632289311208666e+01 -9.909549150276752982e+00
-1.721684405197846957e+01 -2.900100499974399781e+01 -7.067627457713944183e-01 2.856420160087279214e+01 1.836041019661596252e+01 -1.721684405197108703e+01 -2.900100499973975943e+01 -7.067627457761828103e-01 2.856420160086560500e+01 1.836041019661627871e+01 -1.721684405196369738e+01 -2.900100499973553170e+01 -7.067627457809447789e-01 2.856420160085839299e+01 1.836041019661664109e+01 -1.721684405195627221e+01 -2.900100499973127910e+01 -7.067627457857091899e-01 2.856420160085122362e+01 1.836041019661692530e+01
6.038525491565266634e+00 6.667095301904653937e+00 -1.918033988752726904e+00 -7.852505498530924832e+00 -2.935081306185269412e+00 6.038525491563272674e+00 6.667095301904033988e+00 -1.918033988751110641e+00 -7.852505498529309236e+00 -2.935081306185878702e+00 6.038525491561278713e+00 6.667095301903416704e+00 -1.918033988749501262e+00 -7.852505498527690975e+00 -2.935081306186501315e+00 6.038525491559277647e+00 6.667095301902794091e+00 -1.918033988747890994e+00 -7.852505498526075378e+00 -2.935081306187099948e+00
-1.208004065310057307e+01 -2.031362146049571393e+01 -4.744678440867678426e-01 2.002038420627960846e+01 1.284774575139987185e+01 -1.208004065309539499e+01 -2.031362146049275097e+01 -4.744678440901269889e-01 2.002038420627457072e+01 1.284774575140009922e+01 -1.208004065309021691e+01 -2.031362146048979156e+01 -4.744678440934675390e-01 2.002038420626951876e+01 1.284774575140035502e+01 -1.208004065308501573e+01 -2.031362146048681439e+01 -4.744678440968098654e-01 2.002038420626450232e+01 1.284774575140055930e+01
-1.156856614466254207e+01 -1.795427557568402932e+01 4.722135955061469437e-01 1.824611962765524353e+01 1.080450849718209483e+01 -1.156856614465784006e+01 -1.795427557568155663e+01 4.722135955029570509e-01 1.824611962765080975e+01 1.080450849718252648e+01 -1.156856614465313626e+01 -1.795427557567909460e+01 4.722135954997840335e-01 1.824611962764635820e+01 1.080450849718298478e+01 -1.156856614464841115e+01 -1.795427557567661836e+01 4.722135954966092397e-01 1.824611962764193862e+01 1.080450849718339335e+01
-1.156147450844434488e+01 -2.034903165712096396e+01 -1.014918693805677119e+00 1.972177740852978545e+01 1.320364745083757185e+01 -1.156147450843923608e+01 -2.034903165711789796e+01 -1.014918693808908534e+00 1.972177740852473349e+01 1.320364745083765889e+01 -1.156147450843412372e+01 -2.034903165711484263e+01 -1.014918693812121298e+00 1.972177740851966021e+01 1.320364745083777791e+01 -1.156147450842899005e+01 -2.034903165711177309e+01 -1.014918693815336059e+00 1.972177740851462246e+01 1.320364745083784186e+01
-5.339589803378007815e+00 -9.409597134748073799e+00 -4.758610463406973135e-01 9.115498834186682942e+00 6.109549150278418495e+00 -5.339589803375647037e+00 -9.409597134746656266e+00 -4.758610463421898973e-01 9.115498834184345256e+00 6.109549150278456686e+00 -5.339589803373284482e+00 -9.409597134745240510e+00 -4.758610463436738769e-01 9.115498834182002241e+00 6.109549150278509089e+00 -5.339589803370911270e+00 -9.409597134743819424e+00 -4.758610463451588002e-01 9.115498834179673437e+00 6.109549150278538399e+00
-5.307294901691077982e+00 -1.017000733137324708e+01 -9.781152949340011782e-01 9.565498834187078359e+00 6.889918693809396366e+00 -5.307294901688591970e+00 -1.017000733137163415e+01 -9.781152949354995352e-01 9.565498834184543497e+00 6.889918693809318206e+00 -5.307294901686104183e+00 -1.017000733137002833e+01 -9.781152949369886773e-01 9.565498834182001531e+00 6.889918693809254258e+00 -5.307294901683604849e+00 -1.017000733136841184e+01 -9.781152949384788187e-01 9.565498834179475551e+00 6.889918693809166328e+00
-1.113196601125906238e+00 -2.888854382000018095e+00 -6.722135954993732065e-01 2.473403532281381434e+00 2.200861046343355998e+00 -1.113196601125256091e+00 -2.888854381999492738e+00 -6.722135954997011664e-01 2.473403532280654904e+00 2.200861046343232097e+00 -1.113196601124605722e+00 -2.888854381998968268e+00 -6.722135955000265728e-01 2.473403532279925265e+00 2.200861046343111749e+00 -1.113196601123951135e+00 -2.888854381998442022e+00 -6.722135955003522012e-01 2.473403532279201844e+00 2.200861046342985627e+00
