-6.999999999982575716e+00 -7.349999999989491606e+00 6.999999999984433785e+00 7.349999999993398703e+00 -6.999999999986291854e+00 -7.349999999997308464e+00 6.999999999988154364e+00 7.350000000001220002e+00 -6.999999999990008881e+00 -7.350000000005116441e+00 6.999999999991864286e+00 7.350000000009027090e+00 -6.999999999993731237e+00 -7.350000000012925305e+00 6.999999999995573319e+00 7.350000000016847501e+00 -6.999999999997441158e+00 -7.350000000020745716e+00 6.999999999999309885e+00 7.350000000024667912e+00
-6.749999999982779997e+00 -7.949999999988356159e+00 6.749999999984456878e+00 7.949999999992472866e+00 -6.749999999986134647e+00 -7.949999999996592237e+00 6.749999999987815968e+00 7.950000000000712497e+00 -6.749999999989489297e+00 -7.950000000004819434e+00 6.749999999991163513e+00 7.950000000008940582e+00 -6.749999999992850164e+00 -7.950000000013048407e+00 6.749999999994510169e+00 7.950000000017180213e+00 -6.749999999996197708e+00 -7.950000000021287150e+00 6.749999999997885247e+00 7.950000000025419844e+00
-9.099999999977592680e+00 -8.949999999987058530e+00 9.099999999980086685e+00 8.949999999991891997e+00 -9.099999999982584242e+00 -8.949999999996730793e+00 9.099999999985083576e+00 8.950000000001569589e+00 -9.099999999987575805e+00 -8.950000000006390621e+00 9.099999999990068034e+00 8.950000000011229417e+00 -9.099999999992576249e+00 -8.950000000016050450e+00 9.099999999995050715e+00 8.950000000020905233e+00 -9.099999999997560707e+00 -8.950000000025728042e+00 9.100000000000068923e+00 8.950000000030582825e+00
-8.149999999979876009e+00 -7.849999999989265120e+00 8.149999999982133758e+00 7.849999999993526600e+00 -8.149999999984391508e+00 -7.849999999997791633e+00 8.149999999986652810e+00 7.850000000002059330e+00 -8.149999999988907007e+00 -7.850000000006310152e+00 8.149999999991161204e+00 7.850000000010576962e+00 -8.149999999993427835e+00 -7.850000000014827783e+00 8.149999999995667821e+00 7.850000000019107915e+00 -8.149999999997936229e+00 -7.850000000023360514e+00 8.150000000000204636e+00 7.850000000027640645e+00
1.719999999995730278e+01 1.704999999997636095e+01 -1.719999999996200302e+01 -1.704999999998555182e+01 1.719999999996670326e+01 1.704999999999474625e+01 -1.719999999997141060e+01 -1.705000000000394778e+01 1.719999999997610374e+01 1.705000000001311378e+01 -1.719999999998079687e+01 -1.705000000002231886e+01 1.719999999998551843e+01 1.705000000003148486e+01 -1.719999999999018314e+01 -1.705000000004071481e+01 1.719999999999490470e+01 1.705000000004988436e+01 -1.719999999999962625e+01 -1.705000000005911431e+01
-4.149999999989794297e+00 -3.349999999995680877e+00 4.149999999991029753e+00 3.349999999997588684e+00 -4.149999999992266098e+00 -3.349999999999498712e+00 4.149999999993502442e+00 3.350000000001409184e+00 -4.149999999994737010e+00 -3.350000000003311218e+00 4.149999999995971578e+00 3.350000000005222134e+00 -4.149999999997210587e+00 -3.350000000007125056e+00 4.149999999998438938e+00 3.350000000009042189e+00 -4.149999999999678835e+00 -3.350000000010945111e+00 4.150000000000918732e+00 3.350000000012863133e+00
1.789999999995513136e+01 1.794999999997478923e+01 -1.789999999995999147e+01 -1.794999999998443485e+01 1.789999999996485869e+01 1.794999999999409113e+01 -1.789999999996973301e+01 -1.795000000000375096e+01 1.789999999997458602e+01 1.795000000001337526e+01 -1.789999999997944613e+01 -1.795000000002303153e+01 1.789999999998433111e+01 1.795000000003265939e+01 -1.789999999998915214e+01 -1.795000000004234764e+01 1.789999999999404068e+01 1.795000000005196839e+01 -1.789999999999892921e+01 -1.795000000006165664e+01
-5.149999999986929922e+00 -5.049999999993101341e+00 5.149999999988344790e+00 5.049999999995830713e+00 -5.149999999989758770e+00 -5.049999999998561862e+00 5.149999999991176303e+00 5.050000000001294787e+00 -5.149999999992588506e+00 -5.050000000004017053e+00 5.149999999994001598e+00 5.050000000006749090e+00 -5.149999999995421796e+00 -5.050000000009472245e+00 5.149999999996826006e+00 5.050000000012213164e+00 -5.149999999998247091e+00 -5.050000000014936319e+00 5.149999999999669065e+00 5.050000000017677237e+00
3.099999999993386268e+00 -2.999999999989053645e-01 -3.099999999994682121e+00 2.999999999986153743e-01 3.099999999995977085e+00 -2.999999999983233856e-01 -3.099999999997272049e+00 2.999999999980318410e-01 3.099999999998567901e+00 -2.999999999977454035e-01 -3.099999999999863753e+00 2.999999999974534148e-01 3.100000000001158718e+00 -2.999999999971667553e-01 -3.100000000002454570e+00 2.999999999968694375e-01 3.100000000003749534e+00 -2.999999999965832220e-01 -3.100000000005044498e+00 2.999999999962856823e-01
-6.049999999985233856e+00 -5.599999999992030020e+00 6.049999999986940047e+00 5.599999999995101341e+00 -6.049999999988646238e+00 -5.599999999998175326e+00 6.049999999990354205e+00 5.600000000001251976e+00 -6.049999999992058619e+00 -5.600000000004314415e+00 6.049999999993762145e+00 5.600000000007390177e+00 -6.049999999995475441e+00 -5.600000000010453505e+00 6.049999999997168310e+00 5.600000000013539925e+00 -6.049999999998881606e+00 -5.600000000016604140e+00 6.050000000000595790e+00 5.600000000019689672e+00
-1.214999999996984315e+01 -1.174999999998352074e+01 1.214999999997320224e+01 1.174999999998989431e+01 -1.214999999997656133e+01 -1.174999999999627143e+01 1.214999999997992575e+01 1.175000000000265388e+01 -1.214999999998327951e+01 -1.175000000000900791e+01 1.214999999998663505e+01 1.175000000001538858e+01 -1.214999999999000835e+01 -1.175000000002174438e+01 1.214999999999334079e+01 1.175000000002814637e+01 -1.214999999999671587e+01 -1.175000000003450396e+01 1.215000000000009273e+01 1.175000000004090417e+01
-2.399999999994219646e+00 -1.649999999998018163e+00 2.399999999994972377e+00 1.649999999999005151e+00 -2.399999999995725108e+00 -1.649999999999993472e+00 2.399999999996478728e+00 1.650000000000982014e+00 -2.399999999997230571e+00 -1.650000000001965450e+00 2.399999999997982858e+00 1.650000000002954215e+00 -2.399999999998737366e+00 -1.650000000003938094e+00 2.399999999999486100e+00 1.650000000004931078e+00 -2.400000000000241496e+00 -1.650000000005914735e+00 2.400000000000996447e+00 1.650000000006907275e+00
-1.344999999996602291e+01 -1.444999999997927631e+01 1.344999999996955076e+01 1.444999999998691464e+01 -1.344999999997307860e+01 -1.444999999999456008e+01 1.344999999997661178e+01 1.445000000000220552e+01 -1.344999999998013251e+01 -1.445000000000982610e+01 1.344999999998365503e+01 1.445000000001747509e+01 -1.344999999998719886e+01 -1.445000000002509566e+01 1.344999999999069296e+01 1.445000000003276597e+01 -1.344999999999424034e+01 -1.445000000004038654e+01 1.344999999999778595e+01 1.445000000004805862e+01
-8.499999999979859222e-01 -1.599999999997613553e+00 8.499999999981175947e-01 1.599999999998374278e+00 -8.499999999982491561e-01 -1.599999999999135447e+00 8.499999999983814947e-01 1.599999999999897060e+00 -8.499999999985125010e-01 -1.600000000000656675e+00 8.499999999986435073e-01 1.600000000001418066e+00 -8.499999999987768451e-01 -1.600000000002177902e+00 8.499999999989051869e-01 1.600000000002940848e+00 -8.499999999990388577e-01 -1.600000000003700684e+00 8.499999999991727506e-01 1.600000000004463629e+00
-2.099999999995660893e+00 -2.049999999996503508e+00 2.099999999996238653e+00 2.049999999997612843e+00 -2.099999999996816857e+00 -2.049999999998722622e+00 2.099999999997395950e+00 2.049999999999833289e+00 -2.099999999997972822e+00 -2.050000000000939515e+00 2.099999999998550138e+00 2.050000000002050182e+00 -2.099999999999131006e+00 -2.050000000003156853e+00 2.099999999999704325e+00 2.050000000004270628e+00 -2.100000000000285194e+00 -2.050000000005377299e+00 2.100000000000865619e+00 2.050000000006491074e+00
-1.804999999995504467e+01 -1.894999999997285300e+01 1.804999999995983728e+01 1.894999999998292495e+01 -1.804999999996462634e+01 -1.894999999999300755e+01 1.804999999996942961e+01 1.895000000000309015e+01 -1.804999999997420801e+01 -1.895000000001313722e+01 1.804999999997899707e+01 1.895000000002321983e+01 -1.804999999998381099e+01 -1.895000000003327045e+01 1.804999999998856097e+01 1.895000000004338503e+01 -1.804999999999337845e+01 -1.895000000005343566e+01 1.804999999999819593e+01 1.895000000006354668e+01
-7.199999999982331644e+00 -7.449999999989059596e+00 7.199999999984258103e+00 7.449999999993033306e+00 -7.199999999986183674e+00 -7.449999999997010569e+00 7.199999999988112798e+00 7.450000000000988720e+00 -7.199999999990035704e+00 -7.450000000004951772e+00 7.199999999991959498e+00 7.450000000008929035e+00 -7.199999999993893951e+00 -7.450000000012893864e+00 7.199999999995803535e+00 7.450000000016884449e+00 -7.199999999997739764e+00 -7.450000000020849278e+00 7.199999999999675104e+00 7.450000000024839863e+00
1.799999999995236077e+00 2.599999999996325251e+00 -1.799999999995619104e+00 -2.599999999997617550e+00 1.799999999996002575e+00 2.599999999998910294e+00 -1.799999999996387379e+00 -2.600000000000203926e+00 1.799999999996769962e+00 2.600000000001493561e+00 -1.799999999997152322e+00 -2.600000000002786305e+00 1.799999999997539124e+00 2.600000000004076384e+00 -1.799999999997916600e+00 -2.600000000005372680e+00 1.799999999998303846e+00 2.600000000006662759e+00 -1.799999999998690425e+00 -2.600000000007958612e+00
-1.514999999996197566e+01 -1.679999999997570370e+01 1.514999999996587832e+01 1.679999999998451798e+01 -1.514999999996978275e+01 -1.679999999999333937e+01 1.514999999997369251e+01 1.680000000000216787e+01 -1.514999999997758806e+01 -1.680000000001096083e+01 1.514999999998148539e+01 1.680000000001978933e+01 -1.514999999998541114e+01 -1.680000000002858229e+01 1.514999999998927471e+01 1.680000000003743565e+01 -1.514999999999320224e+01 -1.680000000004623217e+01 1.514999999999712621e+01 1.680000000005508554e+01
-1.549999999996156852e+01 -1.524999999997852917e+01 1.549999999996581934e+01 1.524999999998676614e+01 -1.549999999997007194e+01 -1.524999999999500844e+01 1.549999999997432809e+01 1.525000000000325251e+01 -1.549999999997857181e+01 -1.525000000001146638e+01 1.549999999998281908e+01 1.525000000001971046e+01 -1.549999999998708766e+01 -1.525000000002792788e+01 1.549999999999130296e+01 1.525000000003619860e+01 -1.549999999999557510e+01 -1.525000000004441425e+01 1.549999999999984546e+01 1.525000000005268497e+01
