9.973935688191172488e+00 1.144029556871674913e+01 -2.903444185378651898e+00 -1.323472275971856327e+01 -5.276064311809715690e+00 9.973935688189088822e+00 1.144029556871617537e+01 -2.903444185376917286e+00 -1.323472275971691836e+01 -5.276064311810429786e+00 9.973935688187003379e+00 1.144029556871559272e+01 -2.903444185375176900e+00 -1.323472275971526990e+01 -5.276064311811152763e+00 9.973935688184910831e+00 1.144029556871502429e+01 -2.903444185373458719e+00 -1.323472275971362855e+01 -5.276064311811852647e+00
7.014918693815016759e+00 8.032875042060979354e+00 -2.050328890440055396e+00 -9.300047984468479356e+00 -3.697416860966763252e+00 7.014918693813552153e+00 8.032875042060577897e+00 -2.050328890438835483e+00 -9.300047984467326501e+00 -3.697416860967267738e+00 7.014918693812087547e+00 8.032875042060171111e+00 -2.050328890437611129e+00 -9.300047984466170092e+00 -3.697416860967776664e+00 7.014918693810617611e+00 8.032875042059771431e+00 -2.050328890436403650e+00 -9.300047984465017237e+00 -3.697416860968269603e+00
9.744098300568001747e+00 1.719890603215489122e+01 8.854101966202194696e-01 -1.665169243665705778e+01 -1.117672209268424410e+01 9.744098300565283921e+00 1.719890603215343106e+01 8.854101966220444542e-01 -1.665169243665447496e+01 -1.117672209268446615e+01 9.744098300562564319e+00 1.719890603215196734e+01 8.854101966238764332e-01 -1.665169243665188503e+01 -1.117672209268469885e+01 9.744098300559830506e+00 1.719890603215051073e+01 8.854101966256768819e-01 -1.665169243664930576e+01 -1.117672209268490313e+01
-6.500000000005521361e-01 -1.802583139031595172e+00 -4.640576474685289554e-01 1.515779740156632638e+00 1.400861046343831573e+00 -6.500000000002965628e-01 -1.802583139031399773e+00 -4.640576474686648467e-01 1.515779740156353972e+00 1.400861046343794492e+00 -6.500000000000409894e-01 -1.802583139031204595e+00 -4.640576474688013486e-01 1.515779740156074418e+00 1.400861046343758298e+00 -6.499999999997836397e-01 -1.802583139031009640e+00 -4.640576474689347974e-01 1.515779740155796862e+00 1.400861046343719885e+00
-6.739589803379021582e+00 -1.155574641843675643e+01 -4.022542485903771725e-01 1.130713962068831613e+01 7.390450849716636128e+00 -6.739589803377179500e+00 -1.155574641843579897e+01 -4.022542485916321686e-01 1.130713962068658418e+01 7.390450849716816428e+00 -6.739589803375337418e+00 -1.155574641843483619e+01 -4.022542485928918277e-01 1.130713962068484690e+01 7.390450849717003834e+00 -6.739589803373485566e+00 -1.155574641843388051e+01 -4.022542485941302259e-01 1.130713962068312206e+01 7.390450849717172588e+00
-6.282827057597728526e+00 -1.204931256309318499e+01 -1.164057647465580603e+00 1.132988537209462798e+01 8.166311896060562958e+00 -6.282827057595866904e+00 -1.204931256309209964e+01 -1.164057647466778311e+00 1.132988537209280899e+01 8.166311896060630460e+00 -6.282827057594006170e+00 -1.204931256309101073e+01 -1.164057647467980461e+00 1.132988537209098112e+01 8.166311896060705067e+00 -6.282827057592133890e+00 -1.204931256308992893e+01 -1.164057647469160850e+00 1.132988537208916746e+01 8.166311896060761910e+00
-9.049138953660749607e+00 -1.343869910099871134e+01 7.435661446601161684e-01 1.389824825128179064e+01 7.846023658716227089e+00 -9.049138953658511397e+00 -1.343869910099773435e+01 7.435661446584758139e-01 1.389824825127980112e+01 7.846023658716634763e+00 -9.049138953656273188e+00 -1.343869910099675025e+01 7.435661446568300192e-01 1.389824825127780805e+01 7.846023658717049543e+00 -9.049138953654026096e+00 -1.343869910099577680e+01 7.435661446552093157e-01 1.389824825127582564e+01 7.846023658717440341e+00
-8.600000000004307310e+00 -1.287968210662389090e+01 6.399186938161565141e-01 1.327517360943814140e+01 7.564589803372623322e+00 -8.600000000002166800e+00 -1.287968210662294766e+01 6.399186938145953185e-01 1.327517360943623537e+01 7.564589803373001686e+00 -8.600000000000028066e+00 -1.287968210662199553e+01 6.399186938130286828e-01 1.327517360943432223e+01 7.564589803373387156e+00 -8.599999999997878675e+00 -1.287968210662105406e+01 6.399186938114862500e-01 1.327517360943242153e+01 7.564589803373751309e+00
1.918348483847771035e+01 2.776612695902853289e+01 -2.023074641851697386e+00 -2.901645584946968626e+01 -1.591008130618214800e+01 1.918348483847304564e+01 2.776612695902656824e+01 -2.023074641848235711e+00 -2.901645584946558998e+01 -1.591008130618306460e+01 1.918348483846838448e+01 2.776612695902459294e+01 -2.023074641844762489e+00 -2.901645584946148304e+01 -1.591008130618400074e+01 1.918348483846370200e+01 2.776612695902263539e+01 -2.023074641841341226e+00 -2.901645584945739742e+01 -1.591008130618488714e+01
-4.523606797752062647e+00 -6.237586804718135092e+00 6.685661446580286604e-01 6.650783405844008733e+00 3.441844051967564599e+00 -4.523606797750998609e+00 -6.237586804717718536e+00 6.685661446572189748e-01 6.650783405843093021e+00 3.441844051967805296e+00 -4.523606797749933683e+00 -6.237586804717298428e+00 6.685661446564066246e-01 6.650783405842174645e+00 3.441844051968050877e+00 -4.523606797748865205e+00 -6.237586804716882760e+00 6.685661446556061538e-01 6.650783405841260709e+00 3.441844051968284912e+00
1.814045084972853417e+01 2.948051349693509948e+01 7.950849717899716174e-02 -2.943137454328270408e+01 -1.826909830055691231e+01 1.814045084972375932e+01 2.948051349693276180e+01 7.950849718234015429e-02 -2.943137454327830937e+01 -1.826909830055752337e+01 1.814045084971898447e+01 2.948051349693041345e+01 7.950849718569513724e-02 -2.943137454327389690e+01 -1.826909830055815576e+01 1.814045084971418831e+01 2.948051349692808287e+01 7.950849718899571927e-02 -2.943137454326950930e+01 -1.826909830055873840e+01
-5.447745751409135195e+00 -9.044146285030670640e+00 -1.418440519664045107e-01 8.956481839813008605e+00 5.677254248592269015e+00 -5.447745751407680359e+00 -9.044146285029938781e+00 -1.418440519674125655e-01 8.956481839811656798e+00 5.677254248592439545e+00 -5.447745751406224635e+00 -9.044146285029205146e+00 -1.418440519684242562e-01 8.956481839810301437e+00 5.677254248592613628e+00 -5.447745751404761805e+00 -9.044146285028476839e+00 -1.418440519694193214e-01 8.956481839808953183e+00 5.677254248592773500e+00
2.788525491563127900e+00 2.557952682561971613e+00 -1.207623792125663176e+00 -3.304305231718585478e+00 -8.345491502806635653e-01 2.788525491562618086e+00 2.557952682561907221e+00 -1.207623792125192219e+00 -3.304305231718229319e+00 -8.345491502809138096e-01 2.788525491562107383e+00 2.557952682561839719e+00 -1.207623792124719264e+00 -3.304305231717872715e+00 -8.345491502811662743e-01 2.788525491561595793e+00 2.557952682561775770e+00 -1.207623792124252304e+00 -3.304305231717517444e+00 -8.345491502814128548e-01
-5.365450849721693061e+00 -8.993285238686846483e+00 -1.927050983099748427e-01 8.874186938125475876e+00 5.677254248592109143e+00 -5.365450849720249771e+00 -8.993285238686112848e+00 -1.927050983109695192e-01 8.874186938124131174e+00 5.677254248592269015e+00 -5.365450849718807369e+00 -8.993285238685379213e+00 -1.927050983119678318e-01 8.874186938122781143e+00 5.677254248592434216e+00 -5.365450849717356974e+00 -8.993285238684647354e+00 -1.927050983129495743e-01 8.874186938121439994e+00 5.677254248592585206e+00
-1.188368810394387154e+01 -1.889054681865474095e+01 2.086881039429974161e-01 1.901952315993842291e+01 1.154602365871527248e+01 -1.188368810394079134e+01 -1.889054681865327012e+01 2.086881039408165217e-01 1.901952315993561271e+01 1.154602365871570768e+01 -1.188368810393771113e+01 -1.889054681865179219e+01 2.086881039386278835e-01 1.901952315993279186e+01 1.154602365871615532e+01 -1.188368810393461672e+01 -1.889054681865032848e+01 2.086881039364743562e-01 1.901952315992998876e+01 1.154602365871657099e+01
-2.184549150282275587e+00 -2.976518827218416430e+00 3.449593469071389196e-01 3.189715428343867565e+00 1.626393202249402536e+00 -2.184549150281765328e+00 -2.976518827218220586e+00 3.449593469067487872e-01 3.189715428343431025e+00 1.626393202249521774e+00 -2.184549150281255514e+00 -2.976518827218022967e+00 3.449593469063572115e-01 3.189715428342993153e+00 1.626393202249643011e+00 -2.184549150280743035e+00 -2.976518827217827567e+00 3.449593469059714090e-01 3.189715428342557946e+00 1.626393202249758918e+00
-1.235835921350749800e+01 -2.251514028771747888e+01 -1.556762745775158940e+00 2.155300799840774673e+01 1.487725424858999723e+01 -1.235835921350397015e+01 -2.251514028771552134e+01 -1.556762745777489076e+00 2.155300799840435744e+01 1.487725424859022283e+01 -1.235835921350044408e+01 -2.251514028771356379e+01 -1.556762745779827650e+00 2.155300799840095749e+01 1.487725424859046086e+01 -1.235835921349689492e+01 -2.251514028771160980e+01 -1.556762745782125590e+00 2.155300799839757531e+01 1.487725424859066692e+01
-5.321559062733960399e-04 1.458980337517996537e-02 9.549150281312914976e-03 -8.688103937647035507e-03 -1.491869381257038100e-02 -5.321559062750058633e-04 1.458980337517772237e-02 9.549150281313150898e-03 -8.688103937644658936e-03 -1.491869381256914068e-02 -5.321559062766148193e-04 1.458980337517549325e-02 9.549150281313390290e-03 -8.688103937642270222e-03 -1.491869381256790555e-02 -5.321559062782419899e-04 1.458980337517325372e-02 9.549150281313605396e-03 -8.688103937639904059e-03 -1.491869381256666002e-02
-1.266844051969218565e+00 -5.312305898746960686e-01 9.385254915629286376e-01 1.111271242968789874e+00 -2.517220926878012133e-01 -1.266844051969058249e+00 -5.312305898747611277e-01 9.385254915627281314e-01 1.111271242968730366e+00 -2.517220926876375664e-01 -1.266844051968897933e+00 -5.312305898748244104e-01 9.385254915625271810e-01 1.111271242968671524e+00 -2.517220926874733644e-01 -1.266844051968737173e+00 -5.312305898748895805e-01 9.385254915623276739e-01 1.111271242968611794e+00 -2.517220926873111608e-01
-1.823680339888485236e+01 -2.966731689581033748e+01 -9.860679774158881417e-02 2.960637454328288598e+01 1.839635254915085127e+01 -1.823680339888004553e+01 -2.966731689580797848e+01 -9.860679774495023642e-02 2.960637454327846285e+01 1.839635254915146589e+01 -1.823680339887524227e+01 -2.966731689580561593e+01 -9.860679774832370459e-02 2.960637454327402196e+01 1.839635254915209828e+01 -1.823680339887041768e+01 -2.966731689580326758e+01 -9.860679775164232774e-02 2.960637454326960949e+01 1.839635254915268447e+01
