5.719032051736556710e-01 -1.264417523464730486e+01 -2.462255370535188348e+01 -3.419070506395725317e+01 -4.041203199025262904e+01 -4.267754765815868012e+01 -4.076548760932498539e+01 -3.486301760343707201e+01 -2.554791252959800474e+01 -1.373199977458853027e+01 -5.719032051740340350e-01 1.264417523464680748e+01 2.462255370535131149e+01 3.419070506395667053e+01 4.041203199025207482e+01 4.267754765815824669e+01 4.076548760932467985e+01 3.486301760343692990e+01 2.554791252959804382e+01 1.373199977458875587e+01
-1.221277853408851755e+01 -3.052462950653944063e+01 -4.584851706529077120e+01 -5.668443232828923328e+01 -6.197168041133151917e+01 -6.119270863362592650e+01 -5.442376818018981766e+01 -4.232745010458682344e+01 -2.608782630006079728e+01 -7.294544292711037770e+00 1.221277853408784075e+01 3.052462950653863771e+01 4.584851706528991144e+01 5.668443232828842326e+01 6.197168041133081573e+01 6.119270863362541490e+01 5.442376818018953344e+01 4.232745010458680213e+01 2.608782630006103176e+01 7.294544292711525380e+00
-1.179257068420162824e+01 -2.750409224107071182e+01 -4.052332161710490510e+01 -4.957584593067304723e+01 -5.377554102931745916e+01 -5.271131149578648944e+01 -4.648733153174535460e+01 -3.571284766109270237e+01 -2.144254143533139612e+01 -5.073289854908856533e+00 1.179257068420103138e+01 2.750409224107000838e+01 4.052332161710416614e+01 4.957584593067235090e+01 5.377554102931685520e+01 5.271131149578605601e+01 4.648733153174512012e+01 3.571284766109270237e+01 2.144254143533161283e+01 5.073289854909292629e+00
3.441847710841047103e+01 6.868775942668119683e+01 9.623340527650752563e+01 1.143590549203086084e+02 1.212904434821221855e+02 1.163490783556941466e+02 1.000186547881146026e+02 7.389770841892961073e+01 4.054313947408999752e+01 3.219925556863593386e+00 -3.441847710840907126e+01 -6.868775942667957679e+01 -9.623340527650586296e+01 -1.143590549203070594e+02 -1.212904434821208923e+02 -1.163490783556932655e+02 -1.000186547881141763e+02 -7.389770841892971021e+01 -4.054313947409059438e+01 -3.219925556864659200e+00
-7.348016739196354230e+00 -1.400851033579968075e+01 -1.929775333770423273e+01 -2.269799778756064157e+01 -2.387640406772082713e+01 -2.271762156104338359e+01 -1.933507997299436809e+01 -1.405988604176506129e+01 -7.408412503781526937e+00 -3.175193248278773694e-02 7.348016739196074454e+00 1.400851033579936100e+01 1.929775333770390944e+01 2.269799778756034669e+01 2.387640406772057844e+01 2.271762156104321662e+01 1.933507997299429348e+01 1.405988604176508971e+01 7.408412503781653058e+00 3.175193248300445248e-02
2.403606363302544580e+01 5.751642985583075074e+01 8.536668718381642407e+01 1.048606583855664240e+02 1.140901377373695738e+02 1.121516794947075084e+02 9.923503345640479267e+01 7.660457093225527103e+01 4.647551926982667680e+01 1.179711996728408963e+01 -2.403606363302418458e+01 -5.751642985582925860e+01 -8.536668718381486087e+01 -1.048606583855649461e+02 -1.140901377373682806e+02 -1.121516794947065847e+02 -9.923503345640429529e+01 -7.660457093225525682e+01 -4.647551926982711734e+01 -1.179711996728499912e+01
-1.064155943537600280e+01 -2.066468354817192221e+01 -2.866500445595631419e+01 -3.385939500676180813e+01 -3.573939206202850727e+01 -3.412096841127720381e+01 -2.916254663766408228e+01 -2.134949161174630916e+01 -1.144659959621604628e+01 -4.232346590592088731e-01 1.064155943537558713e+01 2.066468354817144615e+01 2.866500445595582391e+01 3.385939500676136049e+01 3.573939206202813068e+01 3.412096841127694802e+01 2.916254663766396504e+01 2.134949161174634469e+01 1.144659959621623102e+01 4.232346590595295055e-01
3.410723799604662076e+01 2.917930976670924181e+01 2.139510739320069632e+01 1.151660283956707787e+01 5.107729591063936425e-01 -1.054505493735605981e+01 -2.056865938483210954e+01 -2.857886014144401088e+01 -3.379156294678421801e+01 -3.569651213122998712e+01 -3.410723799604635786e+01 -2.917930976670912457e+01 -2.139510739320073540e+01 -1.151660283956725550e+01 -5.107729591067098340e-01 1.054505493735564414e+01 2.056865938483163703e+01 2.857886014144352416e+01 3.379156294678376327e+01 3.569651213122961764e+01
-3.278771165302280188e+00 -1.311099083310954505e+01 -2.165981536852742195e+01 -2.808842626286628530e+01 -3.176754629102240202e+01 -3.233703755070331454e+01 -2.974115426953254371e+01 -2.423399958965340417e+01 -1.635465218173538915e+01 -6.874397468707003078e+00 3.278771165301954671e+00 1.311099083310914182e+01 2.165981536852698142e+01 2.808842626286585542e+01 3.176754629102201122e+01 3.233703755070301611e+01 2.974115426953235186e+01 2.423399958965335088e+01 1.635465218173547086e+01 6.874397468707219794e+00
-1.663388763902609568e+01 -4.010411237359704728e+01 -5.964866716725903473e+01 -7.335439482188790805e+01 -7.987968322122893028e+01 -7.858579167239695096e+01 -6.959937529526420974e+01 -5.380008713686900279e+01 -3.273447160226854891e+01 -8.464577912763374457e+00 1.663388763902521461e+01 4.010411237359600989e+01 5.964866716725793339e+01 7.335439482188685645e+01 7.987968322122800657e+01 7.858579167239629726e+01 6.959937529526384026e+01 5.380008713686898147e+01 3.273447160226886155e+01 8.464577912764013945e+00
-5.833267785449611775e-01 -2.907822112478543275e+00 -4.947679558054751681e+00 -6.503223655978049855e+00 -7.422186911830682021e+00 -7.614614799336298034e+00 -7.061671136141923100e+00 -5.817481900586058963e+00 -4.003837003821056229e+00 -1.798268644749305922e+00 5.833267785448864595e-01 2.907822112478450016e+00 4.947679558054648652e+00 6.503223655977947715e+00 7.422186911830588762e+00 7.614614799336225204e+00 7.061671136141876026e+00 5.817481900586043864e+00 4.003837003821072216e+00 1.798268644749354772e+00
1.053142180073423084e+01 -2.254016522484192464e+01 -5.340536383164483425e+01 -7.904287332955669854e+01 -9.694311566188976315e+01 -1.053538903908333566e+02 -1.034518922846051936e+02 -9.142330216984285585e+01 -7.044556225509469982e+01 -4.257211988372468170e+01 -1.053142180073506928e+01 2.254016522484076290e+01 5.340536383164344869e+01 7.904287332955526324e+01 9.694311566188837048e+01 1.053538903908321913e+02 1.034518922846043125e+02 9.142330216984238689e+01 7.044556225509467140e+01 4.257211988372512224e+01
-5.879059102467876663e+00 -1.229645585962658139e+01 -1.751018984279928858e+01 -2.100990444349236697e+01 -2.245302321264455259e+01 -2.169828363033153451e+01 -1.881956486545000118e+01 -1.409865596791957643e+01 -7.997672393136960878e+00 -1.113820921453961166e+00 5.879059102467619979e+00 1.229645585962628473e+01 1.751018984279897950e+01 2.100990444349208275e+01 2.245302321264430745e+01 2.169828363033136753e+01 1.881956486544991591e+01 1.409865596791959241e+01 7.997672393137065683e+00 1.113820921454153012e+00
-6.133999183537128808e+00 -1.171105721761459861e+01 -1.614175537549837713e+01 -1.899238605100551425e+01 -1.998390965210557368e+01 -1.901926894037173810e+01 -1.619288966971556931e+01 -1.178143753569121266e+01 -6.216736209571338101e+00 -4.349742871051098803e-02 6.133999183536893440e+00 1.171105721761433038e+01 1.614175537549810358e+01 1.899238605100526200e+01 1.998390965210536407e+01 1.901926894037159954e+01 1.619288966971550892e+01 1.178143753569123753e+01 6.216736209571443794e+00 4.349742871069217642e-02
8.923995305381456689e+00 -3.553644845709164457e+01 -7.651833704758911381e+01 -1.100100776732653003e+02 -1.327332654110007866e+02 -1.424635963232675522e+02 -1.382485978251711174e+02 -1.205008633373264786e+02 -9.095766476714122462e+01 -5.251089623023317188e+01 -8.923995305382646848e+00 3.553644845709003164e+01 7.651833704758723798e+01 1.100100776732633534e+02 1.327332654109989107e+02 1.424635963232660458e+02 1.382485978251700089e+02 1.205008633373259102e+02 9.095766476714125304e+01 5.251089623023383979e+01
2.051017701522682302e+01 9.866560310861601124e+00 -1.742864061098671868e+00 -1.318168475551062357e+01 -2.333019030385505488e+01 -3.119497427426408365e+01 -3.600617681454203023e+01 -3.729284389842726455e+01 -3.492902758701241339e+01 -2.914611469053544113e+01 -2.051017701522689052e+01 -9.866560310861821392e+00 1.742864061098313044e+00 1.318168475551017593e+01 2.333019030385454684e+01 3.119497427426357916e+01 3.600617681454156838e+01 3.729284389842689507e+01 3.492902758701217181e+01 2.914611469053535231e+01
-6.923960324374278663e+00 -7.047786199739149104e+00 -6.481725657059675072e+00 -5.281188646229036721e+00 -3.563692094500540808e+00 -1.497356530859497603e+00 7.155507227184747521e-01 2.858414886021718004e+00 4.721477484533568969e+00 6.122368970391284471e+00 6.923960324374193398e+00 7.047786199739082491e+00 6.481725657059633328e+00 5.281188646229024286e+00 3.563692094500559016e+00 1.497356530859545121e+00 -7.155507227184045860e-01 -2.858414886021629631e+00 -4.721477484533472158e+00 -6.122368970391188547e+00
-2.556807361207811624e+01 -5.812847810280426586e+01 -8.499886215190615246e+01 -1.035489653516834210e+02 -1.119629743547730527e+02 -1.094172673361047998e+02 -9.616103583564971302e+01 -7.349189215426814314e+01 -4.362885002070515839e+01 -9.495112067043120163e+00 2.556807361207686569e+01 5.812847810280280214e+01 8.499886215190461769e+01 1.035489653516819715e+02 1.119629743547718022e+02 1.094172673361039188e+02 9.616103583564924406e+01 7.349189215426814314e+01 4.362885002070562734e+01 9.495112067044038540e+00
-2.251268792040115585e+01 -5.407700808629936517e+01 -8.034789392404026387e+01 -9.875376808780117699e+01 -1.074929353731671426e+02 -1.057099451968877304e+02 -9.357932906024025499e+01 -7.228851618965217085e+01 -4.392159969071265380e+01 -1.125533099426685446e+01 2.251268792039996924e+01 5.407700808629796541e+01 8.034789392403878594e+01 9.875376808779978433e+01 1.074929353731659205e+02 1.057099451968868635e+02 9.357932906023977182e+01 7.228851618965214243e+01 4.392159969071307302e+01 1.125533099426771422e+01
-7.221680663379506981e+00 -4.475176524922400745e+01 -7.790123524859144766e+01 -1.034251895720051806e+02 -1.188251657344427628e+02 -1.225937067711816013e+02 -1.143619216285764821e+02 -9.493559479060509432e+01 -6.621631047934604908e+01 -3.101531234220525590e+01 7.221680663378326592e+00 4.475176524922252241e+01 7.790123524858978499e+01 1.034251895720035321e+02 1.188251657344412422e+02 1.225937067711804360e+02 1.143619216285757005e+02 9.493559479060481010e+01 6.621631047934627645e+01 3.101531234220601618e+01
