7.626064311808423923e+00 -4.715295568712270402e+00 3.444185370053632483e-03 4.709722759720072816e+00 -7.623935688186514348e+00 7.626064311809618523e+00 -4.715295568714545027e+00 3.444185372527830413e-03 4.709722759718323104e+00 -7.623935688186166182e+00 7.626064311810811347e+00 -4.715295568716808106e+00 3.444185375030984347e-03 4.709722759716559182e+00 -7.623935688185833115e+00 7.626064311811996177e+00 -4.715295568719095165e+00 3.444185377533513781e-03 4.709722759714796148e+00 -7.623935688185481396e+00
5.785081306184254757e+00 -3.482875042057454795e+00 -1.496711095663844637e-01 3.725047984469865625e+00 -5.877583139030483572e+00 5.785081306185209549e+00 -3.482875042059215609e+00 -1.496711095645008038e-01 3.725047984468561779e+00 -5.877583139030265968e+00 5.785081306186164340e+00 -3.482875042060967097e+00 -1.496711095625949672e-01 3.725047984467247719e+00 -5.877583139030058135e+00 5.785081306187112915e+00 -3.482875042062737236e+00 -1.496711095606895747e-01 3.725047984465934103e+00 -5.877583139029836090e+00
9.855901699431919738e+00 -6.223906032147514367e+00 2.145898033686025608e-01 5.876692436658077945e+00 -9.723277907311350887e+00 9.855901699433392338e+00 -6.223906032150406276e+00 2.145898033717908993e-01 5.876692436655782892e+00 -9.723277907310837520e+00 9.855901699434866714e+00 -6.223906032153283086e+00 2.145898033750163192e-01 5.876692436653470075e+00 -9.723277907310347246e+00 9.855901699436332208e+00 -6.223906032156190093e+00 2.145898033782409620e-01 5.876692436651159035e+00 -9.723277907309826773e+00
-6.499999999992572830e-01 3.775831390303371893e-01 3.905764746927476577e-02 -4.407797401562470463e-01 6.741389536559190265e-01 -6.499999999993718580e-01 3.775831390305401936e-01 3.905764746906213725e-02 -4.407797401561041051e-01 6.741389536559012630e-01 -6.499999999994864330e-01 3.775831390307420321e-01 3.905764746884697602e-02 -4.407797401559598871e-01 6.741389536558844986e-01 -6.499999999996002309e-01 3.775831390309460356e-01 3.905764746863187031e-02 -4.407797401558157246e-01 6.741389536558662909e-01
-7.410410196621278089e+00 4.655746418431590428e+00 -1.227457514018843732e-01 -4.457139620688788995e+00 7.334549150280566643e+00 -7.410410196622398971e+00 4.655746418433774458e+00 -1.227457514042833153e-01 -4.457139620687070369e+00 7.334549150280193608e+00 -7.410410196623519852e+00 4.655746418435946055e+00 -1.227457514067102073e-01 -4.457139620685336645e+00 7.334549150279835672e+00 -7.410410196624632739e+00 4.655746418438139855e+00 -1.227457514091364887e-01 -4.457139620683604697e+00 7.334549150279457308e+00
-7.792172942402284086e+00 5.224312563087327277e+00 -6.609423525263937726e-01 -4.154885372095363572e+00 7.383688103936838942e+00 -7.792172942403288616e+00 5.224312563089501538e+00 -6.609423525288927737e-01 -4.154885372093471751e+00 7.383688103936286495e+00 -7.792172942404293146e+00 5.224312563091664252e+00 -6.609423525314203074e-01 -4.154885372091566609e+00 7.383688103935752700e+00 -7.792172942405291458e+00 5.224312563093848283e+00 -6.609423525339471750e-01 -4.154885372089662354e+00 7.383688103935195812e+00
-9.775861046338613747e+00 6.238699100991996538e+00 -3.185661446502003336e-01 -5.723248251283067134e+00 9.578976341280130313e+00 -9.775861046340040161e+00 6.238699100994841373e+00 -3.185661446533580854e-01 -5.723248251280774745e+00 9.578976341279590301e+00 -9.775861046341468352e+00 6.238699100997671110e+00 -3.185661446565525301e-01 -5.723248251278463705e+00 9.578976341279071605e+00 -9.775861046342885885e+00 6.238699101000529268e+00 -3.185661446597461421e-01 -5.723248251276154441e+00 9.578976341278524487e+00
-8.599999999995535660e+00 5.679682106617878645e+00 -5.899186938071221409e-01 -4.725173609439085709e+00 8.235410196624027179e+00 -8.599999999996690292e+00 5.679682106620310478e+00 -5.899186938098863742e-01 -4.725173609437020694e+00 8.235410196623458745e+00 -8.599999999997843148e+00 5.679682106622728988e+00 -5.899186938126822488e-01 -4.725173609434938804e+00 8.235410196622911627e+00 -8.599999999998992450e+00 5.679682106625171478e+00 -5.899186938154775683e-01 -4.725173609432858690e+00 8.235410196622337864e+00
1.689151516152100641e+01 -1.019112695901550936e+01 -4.019253581680041210e-01 1.084145584947207830e+01 -1.713991869381015931e+01 1.689151516152378463e+01 -1.019112695902064303e+01 -4.019253581625056859e-01 1.084145584946826801e+01 -1.713991869380951272e+01 1.689151516152656285e+01 -1.019112695902574828e+01 -4.019253581569425249e-01 1.084145584946442398e+01 -1.713991869380889810e+01 1.689151516152931976e+01 -1.019112695903090859e+01 -4.019253581513806961e-01 1.084145584946058172e+01 -1.713991869380824085e+01
-4.076393202247927228e+00 2.762586804715208455e+00 -3.935661446534091112e-01 -2.125783405844760221e+00 3.833155948030945392e+00 -4.076393202248437042e+00 2.762586804716334665e+00 -3.935661446547142894e-01 -2.125783405843763241e+00 3.833155948030642080e+00 -4.076393202248946857e+00 2.762586804717455102e+00 -3.935661446560343446e-01 -2.125783405842759155e+00 3.833155948030348981e+00 -4.076393202249454006e+00 2.762586804718586642e+00 -3.935661446573541222e-01 -2.125783405841755069e+00 3.833155948030043447e+00
1.808454915027076026e+01 -1.088051349692165992e+01 -4.795084971989524436e-01 1.165637454328423495e+01 -1.838090169943502161e+01 1.808454915027375165e+01 -1.088051349692716663e+01 -4.795084971930634876e-01 1.165637454328015998e+01 -1.838090169943434304e+01 1.808454915027673593e+01 -1.088051349693264314e+01 -4.795084971871051427e-01 1.165637454327605305e+01 -1.838090169943369645e+01 1.808454915027970955e+01 -1.088051349693818004e+01 -4.795084971811482411e-01 1.165637454327194966e+01 -1.838090169943300367e+01
-5.727254248590755381e+00 3.869146285026335619e+00 -5.331559480274694618e-01 -3.006481839813755386e+00 5.397745751405728321e+00 -5.727254248591477470e+00 3.869146285027922794e+00 -5.331559480293041053e-01 -3.006481839812357837e+00 5.397745751405308212e+00 -5.727254248592201336e+00 3.869146285029501531e+00 -5.331559480311596211e-01 -3.006481839810949630e+00 5.397745751404902315e+00 -5.727254248592919872e+00 3.869146285031095811e+00 -5.331559480330148038e-01 -3.006481839809542311e+00 5.397745751404477765e+00
1.111474508437159114e+00 -9.079526825614808727e-01 3.576237921240188466e-01 3.293052317191790257e-01 -8.904508497188484695e-01 1.111474508437216402e+00 -9.079526825617304508e-01 3.576237921243636819e-01 3.293052317188679412e-01 -8.904508497186907068e-01 1.111474508437273689e+00 -9.079526825619789188e-01 3.576237921247120699e-01 3.293052317185548583e-01 -8.904508497185371629e-01 1.111474508437330755e+00 -9.079526825622294961e-01 3.576237921250604579e-01 3.293052317182418309e-01 -8.904508497183787341e-01
-5.309549150277953267e+00 3.193285238682527893e+00 1.427050983161288755e-01 -3.424186938126004165e+00 5.397745751405487624e+00 -5.309549150278830787e+00 3.193285238684145710e+00 1.427050983143998142e-01 -3.424186938124808677e+00 5.397745751405289560e+00 -5.309549150279709195e+00 3.193285238685754202e+00 1.427050983126503803e-01 -3.424186938123602975e+00 5.397745751405100378e+00 -5.309549150280581387e+00 3.193285238687380012e+00 1.427050983109013904e-01 -3.424186938122398605e+00 5.397745751404897874e+00
-1.266631189605491237e+01 7.215546818645002247e+00 9.913118960707493210e-01 -8.819523159939830492e+00 1.327897634127954873e+01 -1.266631189605721985e+01 7.215546818649010596e+00 9.913118960665957546e-01 -8.819523159937078916e+00 1.327897634127926985e+01 -1.266631189605952734e+01 7.215546818652996741e+00 9.913118960623924503e-01 -8.819523159934304246e+00 1.327897634127901227e+01 -1.266631189606182062e+01 7.215546818657024630e+00 9.913118960581903671e-01 -8.819523159931534906e+00 1.327897634127872628e+01
-2.240450849717674497e+00 1.551518827216963325e+00 -2.699593469048389704e-01 -1.114715428344219994e+00 2.073606797749792285e+00 -2.240450849717937398e+00 1.551518827217569951e+00 -2.699593469055538986e-01 -1.114715428343663772e+00 2.073606797749609321e+00 -2.240450849718200299e+00 1.551518827218173469e+00 -2.699593469062770423e-01 -1.114715428343103332e+00 2.073606797749433017e+00 -2.240450849718461424e+00 1.551518827218783203e+00 -2.699593469069999085e-01 -1.114715428342543113e+00 2.073606797749248720e+00
-1.504164078649212044e+01 9.740140287706344324e+00 -7.182372542094754841e-01 -8.578007998409164614e+00 1.459774575140475505e+01 -1.504164078649424319e+01 9.740140287710669753e+00 -7.182372542143240501e-01 -8.578007998405603018e+00 1.459774575140385622e+01 -1.504164078649636416e+01 9.740140287714968537e+00 -7.182372542192286824e-01 -8.578007998402011225e+00 1.459774575140299113e+01 -1.504164078649847092e+01 9.740140287719315282e+00 -7.182372542241320934e-01 -8.578007998398421208e+00 1.459774575140208341e+01
-1.174467844092817792e+00 6.854101966238870247e-01 6.545084971958385622e-02 -7.913118960627564258e-01 1.214918693812150563e+00 -1.174467844093022961e+00 6.854101966242526212e-01 6.545084971919988559e-02 -7.913118960624972997e-01 1.214918693812116812e+00 -1.174467844093228353e+00 6.854101966246161082e-01 6.545084971881136304e-02 -7.913118960622359532e-01 1.214918693812085060e+00 -1.174467844093432412e+00 6.854101966249834810e-01 6.545084971842293764e-02 -7.913118960619748288e-01 1.214918693812050643e+00
-1.658155948030876292e+00 1.481230589874082959e+00 -7.385254915615435678e-01 -2.862712429692474414e-01 1.201722092687507848e+00 -1.658155948030894944e+00 1.481230589874408032e+00 -7.385254915620487193e-01 -2.862712429687512827e-01 1.201722092687210974e+00 -1.658155948030913596e+00 1.481230589874731773e+00 -7.385254915625591998e-01 -2.862712429682520154e-01 1.201722092686921650e+00 -1.658155948030932025e+00 1.481230589875058623e+00 -7.385254915630695693e-01 -2.862712429677528592e-01 1.201722092686623888e+00
-1.801319660111436960e+01 1.091731689579640374e+01 3.486067977616967850e-01 -1.148137454328436569e+01 1.822864745084124394e+01 -1.801319660111730414e+01 1.091731689580186249e+01 3.486067977558366948e-01 -1.148137454328028895e+01 1.822864745084052984e+01 -1.801319660112023868e+01 1.091731689580728748e+01 3.486067977499078263e-01 -1.148137454327617668e+01 1.822864745083985127e+01 -1.801319660112315546e+01 1.091731689581277287e+01 3.486067977439803456e-01 -1.148137454327206974e+01 1.822864745083912652e+01
