3.927050350551055402e+01 5.643499233942292648e+01 6.807523091744045018e+01 7.305179158523567651e+01 7.087753391090765831e+01 6.176528938456353046e+01 4.660702798918254075e+01 2.688654596396180807e+01 4.534221490207375638e+00 -1.826194417478759746e+01 -3.927050350550792501e+01 -5.643499233942287674e+01 -6.807523091744296551e+01 -7.305179158524047978e+01 -7.087753391091432320e+01 -6.176528938457138906e+01 -4.660702798919083989e+01 -2.688654596396971641e+01 -4.534221490214141781e+00 1.826194417478266629e+01
-1.324266649561729459e+00 -6.387588488856081881e+00 -1.082564866191534847e+01 -1.420401891721704324e+01 -1.619200083568256687e+01 -1.659499689604800921e+01 -1.537355903608613872e+01 -1.264725010378796810e+01 -8.682940212758088805e+00 -3.868683636101633461e+00 1.324266649560363440e+00 6.387588488855189262e+00 1.082564866191501451e+01 1.420401891721729726e+01 1.619200083568338400e+01 1.659499689604931305e+01 1.537355903608779961e+01 1.264725010378982262e+01 8.682940212759962861e+00 3.868683636103335655e+00
-6.844320123122843214e+00 -1.695159536832018432e+01 -2.539953035015668803e+01 -3.136118233238614650e+01 -3.425298328171612638e+01 -3.379186357286419451e+01 -3.002296081574267816e+01 -2.331520147170816415e+01 -1.432518776106213743e+01 -3.932924862911236552e+00 6.844320123120355426e+00 1.695159536831876324e+01 2.539953035015646066e+01 3.136118233238713415e+01 3.425298328171822249e+01 3.379186357286721432e+01 3.002296081574631614e+01 2.331520147171206503e+01 1.432518776106592640e+01 3.932924862914531694e+00
4.266143278727843580e+01 4.121682912487665362e+01 3.573763505319737277e+01 2.676019226376635629e+01 1.516327540633491999e+01 2.082071503379296473e+00 -1.120294006497246286e+01 -2.339132980429175745e+01 -3.329001320538924347e+01 -3.993003816878284340e+01 -4.266143278728129928e+01 -4.121682912488059003e+01 -3.573763505320198419e+01 -2.676019226377118088e+01 -1.516327540633950299e+01 -2.082071503383183142e+00 1.120294006496964201e+01 2.339132980429027953e+01 3.329001320538925768e+01 3.993003816878436396e+01
5.851366231443445542e+01 5.744666098819065070e+01 5.075638023000040988e+01 3.909771133440229107e+01 2.361188604361996823e+01 5.814764833204339567e+00 -1.255154607293444258e+01 -2.968922419769095100e+01 -4.392071420098938717e+01 -5.385293868468555445e+01 -5.851366231443812183e+01 -5.744666098819585898e+01 -5.075638023000665555e+01 -3.909771133440892754e+01 -2.361188604362637378e+01 -5.814764833209881800e+00 1.255154607293029301e+01 2.968922419768859200e+01 4.392071420098908163e+01 5.385293868468732370e+01
4.510539656008207743e+01 4.280457998616292059e+01 3.631375288615280539e+01 2.626828264085229137e+01 1.365148986877805015e+01 -3.016058471751286163e-01 -1.422517828139552343e+01 -2.675629115278814041e+01 -3.666831182410383150e+01 -4.299098265092533211e+01 -4.510539656008533171e+01 -4.280457998616722648e+01 -3.631375288615775077e+01 -2.626828264085737885e+01 -1.365148986878278947e+01 3.016058471711993150e-01 1.422517828139277896e+01 2.675629115278685433e+01 3.666831182410413703e+01 4.299098265092720084e+01
2.493557530424940794e+01 2.429017238650979849e+01 2.126707815599619167e+01 1.616221413912725424e+01 9.475279993553090918e+00 1.860839424052235458e+00 -5.935753073505601662e+00 -1.315131270340534897e+01 -1.907953021531233873e+01 -2.314011037484097244e+01 -2.493557530425102442e+01 -2.429017238651205801e+01 -2.126707815599886686e+01 -1.616221413913007865e+01 -9.475279993555796310e+00 -1.860839424054553604e+00 5.935753073503892807e+00 1.315131270340441461e+01 1.907953021531227833e+01 2.314011037484179312e+01
3.677154318283334078e+01 2.262526897027012041e+01 6.264275791378455693e+00 -1.070990834774941725e+01 -2.663573203748064344e+01 -3.995426469332602437e+01 -4.936179554325796914e+01 -5.393744992156344864e+01 -5.323333089723521994e+01 -4.731836254626017535e+01 -3.677154318283948697e+01 -2.262526897027607120e+01 -6.264275791383635550e+00 1.070990834774552702e+01 2.663573203747840168e+01 3.995426469332566199e+01 4.936179554325950392e+01 5.393744992156673845e+01 5.323333089723997347e+01 4.731836254626590232e+01
1.002716226452918136e+00 -1.106897470593138344e+01 -2.205715727201768672e+01 -3.088623160306779170e+01 -3.669194638778045459e+01 -3.890599781223449583e+01 -3.731165909680098025e+01 -3.206499522335749219e+01 -2.367958620749332255e+01 -1.297625430826123960e+01 -1.002716226456415782e+00 1.106897470592890365e+01 2.205715727201645038e+01 3.088623160306792670e+01 3.669194638778193962e+01 3.890599781223718878e+01 3.731165909680461823e+01 3.206499522336171992e+01 2.367958620749773857e+01 1.297625430826539805e+01
5.719032051767598546e-01 -1.264417523464495652e+01 -2.462255370535077503e+01 -3.419070506395780740e+01 -4.041203199025508042e+01 -4.267754765816306417e+01 -4.076548760933106763e+01 -3.486301760344439771e+01 -2.554791252960590242e+01 -1.373199977459618637e+01 -5.719032051805577055e-01 1.264417523464228310e+01 2.462255370534947474e+01 3.419070506395801345e+01 4.041203199025676440e+01 4.267754765816606266e+01 4.076548760933508930e+01 3.486301760344905887e+01 2.554791252961074832e+01 1.373199977460072319e+01
-1.221277853408546754e+01 -3.052462950653793072e+01 -4.584851706529136095e+01 -5.668443232829233125e+01 -6.197168041133721772e+01 -6.119270863363399826e+01 -5.442376818019970841e+01 -4.232745010459768764e+01 -2.608782630007153358e+01 -7.294544292720450684e+00 1.221277853408095204e+01 3.052462950653533369e+01 4.584851706529092752e+01 5.668443232829408629e+01 6.197168041134101202e+01 6.119270863363944812e+01 5.442376818020628093e+01 4.232745010460475044e+01 2.608782630007839742e+01 7.294544292726427237e+00
-1.179257068419901344e+01 -2.750409224106943640e+01 -4.052332161710545932e+01 -4.957584593067576861e+01 -5.377554102932242586e+01 -5.271131149579350250e+01 -4.648733153175391664e+01 -3.571284766110206732e+01 -2.144254143534061541e+01 -5.073289854916893660e+00 1.179257068419521559e+01 2.750409224106732609e+01 4.052332161710523195e+01 4.957584593067742418e+01 5.377554102932582225e+01 5.271131149579830577e+01 4.648733153175965782e+01 3.571284766110819220e+01 2.144254143534652357e+01 5.073289854921989139e+00
3.441847710840496433e+01 6.868775942667890888e+01 9.623340527650950094e+01 1.143590549203155149e+02 1.212904434821341226e+02 1.163490783557105601e+02 1.000186547881342136e+02 7.389770841895069964e+01 4.054313947411035457e+01 3.219925556880863571e+00 -3.441847710839718388e+01 -6.868775942667502932e+01 -9.623340527650991305e+01 -1.143590549203201334e+02 -1.212904434821425212e+02 -1.163490783557218862e+02 -1.000186547881474013e+02 -7.389770841896445575e+01 -4.054313947412334329e+01 -3.219925556891768625e+00
-7.348016739195286640e+00 -1.400851033579921712e+01 -1.929775333770458445e+01 -2.269799778756194186e+01 -2.387640406772309731e+01 -2.271762156104651709e+01 -1.933507997299812686e+01 -1.405988604176910783e+01 -7.408412503785429593e+00 -3.175193248609220475e-02 7.348016739193811375e+00 1.400851033579852434e+01 1.929775333770473367e+01 2.269799778756291175e+01 2.387640406772480262e+01 2.271762156104878017e+01 1.933507997300073811e+01 1.405988604177180967e+01 7.408412503787962677e+00 3.175193248819585534e-02
2.403606363301914683e+01 5.751642985582719803e+01 8.536668718381672250e+01 1.048606583855713694e+02 1.140901377373794361e+02 1.121516794947219040e+02 9.923503345642275519e+01 7.660457093227523728e+01 4.647551926984662174e+01 1.179711996730178925e+01 -2.403606363301099336e+01 -5.751642985582259371e+01 -8.536668718381611143e+01 -1.048606583855747800e+02 -1.140901377373865557e+02 -1.121516794947320363e+02 -9.923503345643489126e+01 -7.660457093228822600e+01 -4.647551926985919124e+01 -1.179711996731267298e+01
-1.064155943537477711e+01 -2.066468354817169484e+01 -2.866500445595735513e+01 -3.385939500676427372e+01 -3.573939206203236552e+01 -3.412096841128226288e+01 -2.916254663766994781e+01 -2.134949161175245180e+01 -1.144659959622182477e+01 -4.232346590639453066e-01 1.064155943537253535e+01 2.066468354817061481e+01 2.866500445595753277e+01 3.385939500676568059e+01 3.573939206203488794e+01 3.412096841128563085e+01 2.916254663767384514e+01 2.134949161175649834e+01 1.144659959622562972e+01 4.232346590671207665e-01
3.410723799604927109e+01 2.917930976671260268e+01 2.139510739320447641e+01 1.151660283957085262e+01 5.107729591096881183e-01 -1.054505493735374344e+01 -2.056865938483123202e+01 -2.857886014144490971e+01 -3.379156294678703887e+01 -3.569651213123467670e+01 -3.410723799605264617e+01 -2.917930976671650001e+01 -2.139510739320851584e+01 -1.151660283957462916e+01 -5.107729591128504776e-01 1.054505493735151056e+01 2.056865938483013778e+01 2.857886014144506248e+01 3.379156294678843864e+01 3.569651213123718492e+01
-3.278771165300195634e+00 -1.311099083310818436e+01 -2.165981536852713063e+01 -2.808842626286732624e+01 -3.176754629102488892e+01 -3.233703755070719410e+01 -2.974115426953756725e+01 -2.423399958965917733e+01 -1.635465218174133994e+01 -6.874397468712496462e+00 3.278771165297583501e+00 1.311099083310651281e+01 2.165981536852655154e+01 2.808842626286789468e+01 3.176754629102655869e+01 3.233703755070978758e+01 2.974115426954084640e+01 2.423399958966281176e+01 1.635465218174498503e+01 6.874397468715783610e+00
-1.663388763902196388e+01 -4.010411237359484460e+01 -5.964866716725948947e+01 -7.335439482189157445e+01 -7.987968322123596465e+01 -7.858579167240708330e+01 -6.959937529527675792e+01 -5.380008713688287969e+01 -3.273447160228234054e+01 -8.464577912775537172e+00 1.663388763901623690e+01 4.010411237359160452e+01 5.964866716725904894e+01 7.335439482189396188e+01 7.987968322124092424e+01 7.858579167241417451e+01 6.959937529528525602e+01 5.380008713689197464e+01 3.273447160229115127e+01 8.464577912783173730e+00
-5.833267785442961539e-01 -2.907822112477986387e+00 -4.947679558054406179e+00 -6.503223655978005446e+00 -7.422186911830992884e+00 -7.614614799336980155e+00 -7.061671136142942728e+00 -5.817481900587337051e+00 -4.003837003822470209e+00 -1.798268644750705247e+00 5.833267785436673236e-01 2.907822112477575160e+00 4.947679558054249860e+00 6.503223655978118245e+00 7.422186911831366807e+00 7.614614799337576123e+00 7.061671136143703897e+00 5.817481900588187926e+00 4.003837003823329965e+00 1.798268644751486844e+00
