3.618913560912647043e+00 3.168673289840471696e+00 1.060852972899444246e-01 -3.043962543376351526e+00 -3.684477880344618761e+00 -1.287400977552451975e+00 2.171047263560180074e+00 3.839620104653729271e+00 2.342696880282137517e+00 -1.085614751010910650e+00 -3.618913560912965899e+00 -3.168673289840894913e+00 -1.060852972901216162e-01 3.043962543376561136e+00 3.684477880345046863e+00 1.287400977552747516e+00 -2.171047263560264895e+00 -3.839620104654120070e+00 -2.342696880282513661e+00 1.085614751010858026e+00
-5.455569558542805453e+00 -1.404088830560804624e+01 -1.105048459170187414e+01 1.050264558232979040e+00 1.228514462837175003e+01 1.339178911144125372e+01 3.457847654660438863e+00 -9.326845399274422022e+00 -1.442221200687150784e+01 -7.627481646874670673e+00 5.455569558542794795e+00 1.404088830560934653e+01 1.105048459170342134e+01 -1.050264558232448131e+00 -1.228514462837269150e+01 -1.339178911144288620e+01 -3.457847654661411418e+00 9.326845399274910520e+00 1.442221200687304794e+01 7.627481646876010934e+00
-6.104853739607660756e+00 -1.466063487016219291e+01 -1.112975619224472190e+01 1.576821767337725611e+00 1.298342135291471955e+01 1.368610542374740824e+01 3.105560505882790423e+00 -1.003530009282792257e+01 -1.490276329967012714e+01 -7.483948879075387417e+00 6.104853739607705165e+00 1.466063487016357136e+01 1.112975619224630641e+01 -1.576821767337227342e+00 -1.298342135291573562e+01 -1.368610542374910111e+01 -3.105560505883754541e+00 1.003530009282847857e+01 1.490276329967174007e+01 7.483948879076743665e+00
-8.943696490377710973e+00 -1.803982017334714527e+01 -1.226338401342584739e+01 3.623347640765295807e+00 1.652288462776730071e+01 1.580046817829820505e+01 2.051679721273067081e+00 -1.338857401311481254e+01 -1.779089242954364636e+01 -7.525874377300379336e+00 8.943696490377956110e+00 1.803982017334891808e+01 1.226338401342769480e+01 -3.623347640764880584e+00 -1.652288462776868627e+01 -1.580046817830024253e+01 -2.051679721274071166e+00 1.338857401311566520e+01 1.779089242954564654e+01 7.525874377301899010e+00
-9.084988253595421170e+00 -1.711831830987830827e+01 -1.103880183959408967e+01 4.141428461293596541e+00 1.590734298553976522e+01 1.455877475882340910e+01 1.207523203828800407e+00 -1.313924609680063504e+01 -1.665363336771078906e+01 -6.438274084451883539e+00 9.084988253595735586e+00 1.711831830988002423e+01 1.103880183959579853e+01 -4.141428461293285679e+00 -1.590734298554113124e+01 -1.455877475882532224e+01 -1.207523203829677039e+00 1.313924609680151612e+01 1.665363336771269331e+01 6.438274084453262880e+00
2.039758285889311651e+01 4.042842169883608250e+01 2.712887723718096566e+01 -8.536513796300509327e+00 -3.716415106809503044e+01 -3.515256602729166246e+01 -4.160168714063783746e+00 3.026199439294184756e+01 3.973527673232192114e+01 1.644962492509644747e+01 -2.039758285889371336e+01 -4.042842169884007575e+01 -2.712887723718507971e+01 8.536513796299628254e+00 3.716415106809816393e+01 3.515256602729621704e+01 4.160168714065989981e+00 -3.026199439294380511e+01 -3.973527673232640467e+01 -1.644962492509981189e+01
-4.509111142795534377e+00 -7.268487534110672499e+00 -4.035508415248387770e+00 2.524462870140402604e+00 7.003192505305433357e+00 5.708283677027100822e+00 -2.927025827887062004e-01 -6.052376199969462078e+00 -6.822292360547424828e+00 -1.967709472745305055e+00 4.509111142795755534e+00 7.268487534111437220e+00 4.035508415249066339e+00 -2.524462870140360415e+00 -7.003192505306071958e+00 -5.708283677027893965e+00 2.927025827884170983e-01 6.052376199969913273e+00 6.822292360548242840e+00 1.967709472745822641e+00
1.839926160931437238e+01 4.180114852506092404e+01 3.074093565452220744e+01 -5.663011286261166788e+00 -3.739820468978323476e+01 -3.830121507147900672e+01 -7.627574038011858626e+00 2.933446401085502231e+01 4.211230469698237044e+01 2.017151927101174991e+01 -1.839926160931462817e+01 -4.180114852506491019e+01 -3.074093565452665189e+01 5.663011286259883370e+00 3.739820468978622614e+01 3.830121507148379578e+01 7.627574038014481417e+00 -2.933446401085672406e+01 -4.211230469698697476e+01 -2.017151927101551223e+01
-6.726536209856053716e+00 -1.105756524599931723e+01 -6.272411345864404630e+00 3.683903475177267239e+00 1.060309961302098181e+01 8.780787687066380798e+00 -2.806646010831215232e-01 -9.110728713780988031e+00 -1.042963935011312238e+01 -3.150047679670520573e+00 6.726536209856371684e+00 1.105756524600047186e+01 6.272411345865446464e+00 -3.683903475177184639e+00 -1.060309961302194104e+01 -8.780787687067590497e+00 2.806646010826643334e-01 9.110728713781657717e+00 1.042963935011436583e+01 3.150047679671321710e+00
4.590123102462034588e+00 1.612990137615501141e+00 -2.693939472494902176e+00 -4.779905922617722069e+00 -2.925176944825422787e+00 1.341154185589092496e+00 4.501798247504690487e+00 3.951027051769682163e+00 1.429126173729513560e-01 -3.783023194053083849e+00 -4.590123102462567495e+00 -1.612990137615865960e+00 2.693939472495009646e+00 4.779905922618207903e+00 2.925176944825889525e+00 -1.341154185589025216e+00 -4.501798247505083950e+00 -3.951027051770204856e+00 -1.429126173731760652e-01 3.783023194053344973e+00
-6.388215380570288815e+00 -1.171784100999888523e+01 -7.386932888200372638e+00 3.033980587282142150e+00 1.095359097809278026e+01 9.842737885851649438e+00 6.172413648751733373e-01 -9.117127143094833741e+00 -1.133506712084846413e+01 -4.208043431665261735e+00 6.388215380570525959e+00 1.171784101000006828e+01 7.386932888201529046e+00 -3.033980587281952079e+00 -1.095359097809373061e+01 -9.842737885852953283e+00 -6.172413648757517635e-01 9.117127143095455466e+00 1.133506712084977330e+01 4.208043431666187217e+00
-1.182477662345106140e+01 -2.482983759442075922e+01 -1.736444808618465530e+01 4.416704595905743602e+00 2.255659573659666606e+01 2.210016403588418044e+01 3.423705250477746542e+00 -1.807535712703032260e+01 -2.467256194885430531e+01 -1.092897897258778173e+01 1.182477662345133496e+01 2.482983759442317506e+01 1.736444808618723101e+01 -4.416704595905105002e+00 -2.255659573659852057e+01 -2.210016403588700129e+01 -3.423705250479190720e+00 1.807535712703143815e+01 2.467256194885705156e+01 1.092897897258992401e+01
-1.765494154955397743e+00 -3.531156641287053866e+00 -2.385629439610939428e+00 7.266810372109465677e-01 3.239894233197386786e+00 3.082043061310809851e+00 3.832646835402866992e-01 -2.631488403891821815e+00 -3.476764834312889629e+00 -1.455693786704591375e+00 1.765494154955447925e+00 3.531156641287401587e+00 2.385629439611299585e+00 -7.266810372108674088e-01 -3.239894233197659013e+00 -3.082043061311207754e+00 -3.832646835404813213e-01 2.631488403891990568e+00 3.476764834313281316e+00 1.455693786704887138e+00
-1.257315790784646303e+01 -2.930052011219392938e+01 -2.187166930504702478e+01 3.588830791144906218e+00 2.609059292906375305e+01 2.708250070339542503e+01 5.746796088248951051e+00 -2.032673672618626526e+01 -2.964230823801760550e+01 -1.451988652624275566e+01 1.257315790784660159e+01 2.930052011219670405e+01 2.187166930505016538e+01 -3.588830791143961640e+00 -2.609059292906582073e+01 -2.708250070339879301e+01 -5.746796088250830437e+00 2.032673672618741989e+01 2.964230823802083137e+01 1.451988652624542731e+01
-2.757603764735098828e+00 -4.210379677242571006e+00 -2.191994396935177836e+00 1.633535717990154401e+00 4.112330805190472560e+00 3.200799081687871528e+00 -3.495658136556513140e-01 -3.611738341632766858e+00 -3.896287251046439692e+00 -9.686220280877906319e-01 2.757603764735246266e+00 4.210379677243022201e+00 2.191994396935560641e+00 -1.633535717990150182e+00 -4.112330805190856253e+00 -3.200799081688327163e+00 3.495658136555023221e-01 3.611738341633044413e+00 3.896287251046915312e+00 9.686220280880750710e-01
1.059643753608075167e+00 7.075940836015515156e-01 -2.278170197072848513e-01 -9.754090524119021222e-01 -9.188450922133131193e-01 -1.047581362767010527e-01 7.956945170911499110e-01 1.040153141229037015e+00 4.270788359890896335e-01 -5.380918585078043881e-01 -1.059643753608180416e+00 -7.075940836016596514e-01 2.278170197072634240e-01 9.754090524119837236e-01 9.188450922134315801e-01 1.047581362767595059e-01 -7.956945170912007592e-01 -1.040153141229153810e+00 -4.270788359891767305e-01 5.380918585078189320e-01
-1.651349787887111376e+01 -3.834932210763338389e+01 -2.856883406169049167e+01 4.764643434328540650e+00 3.417000834795211972e+01 3.540461052094591565e+01 7.450607506789740597e+00 -2.664589609472530896e+01 -3.877473702398468447e+01 -1.893654107370916506e+01 1.651349787887130560e+01 3.834932210763702187e+01 2.856883406169459505e+01 -4.764643434327312299e+00 -3.417000834795483399e+01 -3.540461052095032102e+01 -7.450607506792193746e+00 2.664589609472682596e+01 3.877473702398891220e+01 1.893654107371265383e+01
-1.560755467190348966e+00 -1.184955619939047899e+01 -1.236923329323499132e+01 -2.691349624466687018e+00 9.205362057186386338e+00 1.351290174292063639e+01 6.680006663145697132e+00 -5.660082939295800308e+00 -1.333383322008655192e+01 -1.001477810729300799e+01 1.560755467189929746e+00 1.184955619939140981e+01 1.236923329323651544e+01 2.691349624467555657e+00 -9.205362057186903257e+00 -1.351290174292210367e+01 -6.680006663146906831e+00 5.660082939295852711e+00 1.333383322008781491e+01 1.001477810729445750e+01
3.444901014246086302e+00 7.688007748863569191e+00 5.592894134338513012e+00 -1.113166369269108946e+00 -6.901499684747329333e+00 -7.000033097522263326e+00 -1.327532755818236154e+00 5.439424745912097237e+00 7.721960049022094985e+00 3.638283725301640459e+00 -3.444901014246141813e+00 -7.688007748864304602e+00 -5.592894134339326584e+00 1.113166369268881351e+00 6.901499684747884444e+00 7.000033097523143510e+00 1.327532755818711108e+00 -5.439424745912416981e+00 -7.721960049022943195e+00 -3.638283725302326133e+00
-1.420099414733447318e+01 -3.293490407354357075e+01 -2.451630765285828772e+01 4.114255915513391315e+00 2.935290555545054758e+01 3.039215407934235458e+01 6.375214351025357828e+00 -2.289764012787079395e+01 -3.329300470995151784e+01 -1.624063421815606745e+01 1.420099414733463661e+01 3.293490407354669003e+01 2.451630765286180846e+01 -4.114255915512338824e+00 -2.935290555545287816e+01 -3.039215407934613467e+01 -6.375214351027461923e+00 2.289764012787210135e+01 3.329300470995514161e+01 1.624063421815906594e+01
