-7.094739729450403765e+00 1.503023140299371008e-01 6.918048762305341270e+00 -8.282956388276382143e+00 2.819150458516308966e+00 4.968846261256814500e+00 -8.660379565066703478e+00 5.212040513946105236e+00 2.533258468169225175e+00 -8.190064449615412911e+00 7.094739729448506615e+00 -1.503023140318391349e-01 -6.918048762301229004e+00 8.282956388273424508e+00 -2.819150458516947566e+00 -4.968846261253078822e+00 8.660379565062978457e+00 -5.212040513945427556e+00 -2.533258468166269317e+00 8.190064449611295316e+00
-1.009556442255689035e+01 2.089413642399866156e+00 7.639311372673375899e+00 -1.106996276745474184e+01 5.374210343600466899e+00 4.752199602081831564e+00 -1.096075602770767254e+01 8.132941892043213272e+00 1.399909423917554685e+00 -9.778634119890483589e+00 1.009556442255366626e+01 -2.089413642401464877e+00 -7.639311372668301736e+00 1.106996276745034358e+01 -5.374210343600373641e+00 -4.752199602077503471e+00 1.096075602770252821e+01 -8.132941892041451126e+00 -1.399909423914450501e+00 9.778634119885118992e+00
-7.942469260464634750e+00 2.937010079495176118e+00 4.489806839340779732e+00 -8.215094571107647070e+00 5.167616030829562668e+00 2.140197586243449024e+00 -7.683569187200796513e+00 6.892379720167605583e+00 -4.189091182282527193e-01 -6.399922516676202378e+00 7.942469260461736624e+00 -2.937010079495669501e+00 -4.489806839337324718e+00 8.215094571104055277e+00 -5.167616030828798834e+00 -2.140197586240724092e+00 7.683569187196856554e+00 -6.892379720165669355e+00 4.189091182299351512e-01 6.399922516672321926e+00
1.730429451478788394e+01 -3.835561319505245592e+00 -1.279532175904917324e+01 1.887736417611692019e+01 -9.396350770703222111e+00 -7.831291359342699820e+00 1.860258590555655900e+01 -1.403735994023762856e+01 -2.100679597569492518e+00 1.650685691472247640e+01 -1.730429451478228486e+01 3.835561319507835520e+00 1.279532175904058278e+01 -1.887736417610935646e+01 9.396350770702929012e+00 7.831291359335414981e+00 -1.860258590554776248e+01 1.403735994023449862e+01 2.100679597564321544e+00 -1.650685691471334593e+01
-3.682936174640702109e+00 6.764402166687211171e-01 2.887733007809598185e+00 -4.071173965765956915e+00 1.898219025379177305e+00 1.839683668287891205e+00 -4.060896883584874217e+00 2.934186930215513467e+00 6.115532734845607887e-01 -3.653110920506076553e+00 3.682936174639550142e+00 -6.764402166693549434e-01 -2.887733007807711250e+00 4.071173965764360858e+00 -1.898219025379189295e+00 -1.839683668286267171e+00 4.060896883582991279e+00 -2.934186930214906841e+00 -6.115532734833779571e-01 3.653110920504096359e+00
1.867475171936598954e+01 -3.226477415480085043e+00 -1.488180003601658541e+01 2.072108259295189114e+01 -9.477293483327210666e+00 -9.579855910655659557e+00 2.073908953006684186e+01 -1.480040603283790901e+01 -3.340168741979920863e+00 1.872700988624480800e+01 -1.867475171936020573e+01 3.226477415483419708e+00 1.488180003600693269e+01 -2.072108259294381938e+01 9.477293483327379420e+00 9.579855910647317785e+00 -2.073908953005727795e+01 1.480040603283491940e+01 3.340168741973803535e+00 -1.872700988623471474e+01
-5.113789014891488627e+00 8.182982461792209783e-02 5.017592286674864788e+00 -5.980363320865750509e+00 2.012746440036939255e+00 3.614237972749488659e+00 -6.261537997351911855e+00 3.746641410275530326e+00 1.857096864174966999e+00 -5.929789707956474309e+00 5.113789014890127937e+00 -8.182982461930865536e-02 -5.017592286671889390e+00 5.980363320863621546e+00 -2.012746440037413542e+00 -3.614237972746782379e+00 6.261537997349226004e+00 -3.746641410275052042e+00 -1.857096864172820716e+00 5.929789707953498912e+00
2.160845240414387192e+00 -1.257513297549947673e+00 -6.825496986911481212e-01 2.059898591244487154e+00 -1.739006327611984037e+00 -1.557404521709992995e-02 1.757314715806133298e+00 -2.050273301957642236e+00 6.529261043133796072e-01 1.282712632053113033e+00 -2.160845240413470147e+00 1.257513297549811115e+00 6.825496986903983876e-01 -2.059898591243463528e+00 1.739006327611531511e+00 1.557404521659999652e-02 -1.757314715805099459e+00 2.050273301956920591e+00 -6.529261043135679010e-01 -1.282712632052178447e+00
-5.734327105364415367e+00 9.525934257433105179e-01 4.614486371198572634e+00 -6.377247497533429232e+00 2.882417687340195211e+00 2.988762282401836945e+00 -6.395918471747496170e+00 4.530090822714708310e+00 1.070477317472646517e+00 -5.788512382962366587e+00 5.734327105362649668e+00 -9.525934257443567921e-01 -4.614486371195593684e+00 6.377247497530954767e+00 -2.882417687340267598e+00 -2.988762282399255010e+00 6.395918471744556300e+00 -4.530090822713806809e+00 -1.070477317470745593e+00 5.788512382959257074e+00
-1.215374520241941880e+01 2.098529364033070888e+00 9.686775979055726182e+00 -1.348601748953263524e+01 6.166988405956210784e+00 6.236287817372112130e+00 -1.349818442216069592e+01 9.631779654768335419e+00 2.175348353352639208e+00 -1.218905501616628051e+01 1.215374520241565470e+01 -2.098529364035242040e+00 -9.686775979049444985e+00 1.348601748952738077e+01 -6.166988405956320918e+00 -6.236287817366681807e+00 1.349818442215446979e+01 -9.631779654766390308e+00 -2.175348353348657060e+00 1.218905501615971154e+01
-2.859834735481934231e+00 1.422139646910130839e+00 1.188009313173309600e+00 -2.818728354648756262e+00 2.125604600989087878e+00 3.199302813157189895e-01 -2.501705203227229113e+00 2.621000566764890127e+00 -5.794657555621824940e-01 -1.939797716108742076e+00 2.859834735480788481e+00 -1.422139646910093314e+00 -1.188009313172216697e+00 2.818728354647426215e+00 -2.125604600988618031e+00 -3.199302813149296210e-01 2.501705203225840446e+00 -2.621000566764037920e+00 5.794657555625740697e-01 1.939797716107441339e+00
-1.379988707795858538e+01 1.998953300492846585e+00 1.144997653785531533e+01 -1.545920799658488853e+01 6.723412407174387262e+00 7.555362680548977750e+00 -1.560527392586895701e+01 1.078973706267151478e+01 2.921177282764116256e+00 -1.422378691495165270e+01 1.379988707795441805e+01 -1.998953300495537766e+00 -1.144997653784802338e+01 1.545920799657896261e+01 -6.723412407174718552e+00 -7.555362680542609510e+00 1.560527392586185336e+01 -1.078973706266946841e+01 -2.921177282759369831e+00 1.422378691494409253e+01
-1.488952049889790796e+00 8.544003373042357019e-01 4.845442142473868063e-01 -1.424016223740673270e+00 1.189487256432608220e+00 2.569008949872275682e-02 -1.219687767907354337e+00 1.408138875256196076e+00 -4.356787602033368456e-01 -8.959677752869013023e-01 1.488952049889162632e+00 -8.544003373041488825e-01 -4.845442142468651125e-01 1.424016223739968945e+00 -1.189487256432302686e+00 -2.569008949837192635e-02 1.219687767906641129e+00 -1.408138875255704026e+00 4.356787602034738471e-01 8.959677752862542643e-01
-1.655541787358665529e+00 5.488877562085829886e-01 1.010285530831908751e+00 -1.736549627463459755e+00 1.031150990962173886e+00 5.243589367146552771e-01 -1.647571890779353510e+00 1.412477982268823817e+00 -1.289556355165671908e-02 -1.397318338117375491e+00 1.655541787358079109e+00 -5.488877562087233208e-01 -1.010285530831162459e+00 1.736549627462717460e+00 -1.031150990962048430e+00 -5.243589367140539803e-01 1.647571890778527059e+00 -1.412477982268447008e+00 1.289556355204457549e-02 1.397318338116550152e+00
-1.872028619399488747e+01 3.244968891428119839e+00 1.490559647693472378e+01 -2.076754846295738588e+01 9.508120948657412086e+00 9.590081921687851008e+00 -2.078193839234604567e+01 1.484055188045617157e+01 3.335823329917530167e+00 -1.876204739561224955e+01 1.872028619398908234e+01 -3.244968891431456282e+00 -1.490559647692505152e+01 2.076754846294929635e+01 -9.508120948657577287e+00 -9.590081921679493249e+00 2.078193839233645335e+01 -1.484055188045316953e+01 -3.335823329911404400e+00 1.876204739560213497e+01
-7.647699715242962881e+00 1.480361929885045003e+00 5.907429894359021993e+00 -8.424962271596667662e+00 3.996707254371400175e+00 3.726551107896301840e+00 -8.377530820642261844e+00 6.121827026102256042e+00 1.180891534584835867e+00 -7.510048283273706993e+00 7.647699715240548812e+00 -1.480361929886316430e+00 -5.907429894355136213e+00 8.424962271593347651e+00 -3.996707254371385076e+00 -3.726551107892968950e+00 8.377530820638355635e+00 -6.121827026100964630e+00 -1.180891534582424462e+00 7.510048283269615155e+00
2.537974027814595246e+00 -8.853766253631893957e-01 -1.497151381588468944e+00 2.645383630457099233e+00 -1.612683587688832576e+00 -7.495603715416728763e-01 2.493844651878811103e+00 -2.182129844223998472e+00 7.140283016564907825e-02 2.098190783137188209e+00 -2.537974027813683975e+00 8.853766253633785777e-01 1.497151381587342733e+00 -2.645383630455957036e+00 1.612683587688616971e+00 7.495603715407741507e-01 -2.493844651877548557e+00 2.182129844223402060e+00 -7.140283016621784551e-02 -2.098190783135934101e+00
-1.540711381622152487e+01 1.872287612776849297e+00 1.320610772254000942e+01 -1.739699833176602439e+01 7.245290384598536804e+00 8.879648658477675482e+00 -1.768394343858145490e+01 1.190907365266767215e+01 3.683987715574273736e+00 -1.623986095034900146e+01 1.540711381621697385e+01 -1.872287612780066501e+00 -1.320610772253171916e+01 1.739699833175944477e+01 -7.245290384599096356e+00 -8.879648658470378209e+00 1.768394343857349327e+01 -1.190907365266554230e+01 -3.683987715568763033e+00 1.623986095034046784e+01
-1.623906984736994730e+01 3.423583486387917763e+00 1.221440608078687440e+01 -1.778247900598351805e+01 8.690151737049189862e+00 7.566592943539455440e+00 -1.758521522167393059e+01 1.310606738783903324e+01 2.178108969426359121e+00 -1.566658804806742999e+01 1.623906984736474257e+01 -3.423583486390452624e+00 -1.221440608077873691e+01 1.778247900597643749e+01 -8.690151737049006897e+00 -7.566592943532525872e+00 1.758521522166566342e+01 -1.310606738783617153e+01 -2.178108969421402641e+00 1.566658804805881822e+01
-1.674949283185708993e+01 2.725670970846165275e+00 1.354527443332553105e+01 -1.864909607117181167e+01 8.378052845115963265e+00 8.800104260598018868e+00 -1.872319585114648888e+01 1.321033253357751036e+01 3.193518568912417255e+00 -1.696453876903411029e+01 1.674949283185194915e+01 -2.725670970849254804e+00 -1.354527443331680558e+01 1.864909607116459256e+01 -8.378052845116204850e+00 -8.800104260590446259e+00 1.872319585113789486e+01 -1.321033253357490089e+01 -3.193518568906831945e+00 1.696453876902501534e+01
