-1.414205608920734747e+01 1.277628634624788440e+01 -1.015988467809685325e+01 6.548962709574822405e+00 -2.296982641733090524e+00 -2.179842091101229062e+00 6.443288692206599499e+00 -1.007602130308781163e+01 1.272244274505553641e+01 -1.412350284866754180e+01 1.414205608922240032e+01 -1.277628634626631410e+01 1.015988467811681772e+01 -6.548962709594404075e+00 2.296982641750365151e+00 2.179842091087953015e+00 -6.443288692198600565e+00 1.007602130308589850e+01 -1.272244274505989381e+01 1.412350284867774164e+01
-1.446970943299544743e+01 1.296122281475789251e+01 -1.018400140126285258e+01 6.409898974502203473e+00 -2.008350975724741527e+00 -2.589788409561387450e+00 6.934421261203779885e+00 -1.060026464484679209e+01 1.322848026866684101e+01 -1.456180007554937816e+01 1.446970943301123746e+01 -1.296122281477702032e+01 1.018400140128339970e+01 -6.409898974522206139e+00 2.008350975742229316e+00 2.589788409548126058e+00 -6.934421261196021646e+00 1.060026464484532305e+01 -1.322848026867180238e+01 1.456180007556028322e+01
-1.691065386758265632e+01 1.522978740835350919e+01 -1.205812324542689851e+01 7.706125965353240126e+00 -2.599799384053739448e+00 -2.761013674825135489e+00 7.851559478099837008e+00 -1.217353993462785233e+01 1.530388948431583884e+01 -1.693618770281251784e+01 1.691065386760082490e+01 -1.522978740837566392e+01 1.205812324545082426e+01 -7.706125965376640963e+00 2.599799384074315878e+00 2.761013674809398744e+00 -7.851559478090453403e+00 1.217353993462577222e+01 -1.530388948432126561e+01 1.693618770282491681e+01
1.262158259247362047e+01 -1.133379354752633539e+01 8.936573822964584579e+00 -5.664579987840058450e+00 1.838097596055986660e+00 2.168310595209632652e+00 -5.962469437908739955e+00 9.172980229058989465e+00 -1.148557580347869411e+01 1.267388319354280846e+01 -1.262158259248729664e+01 1.133379354754295143e+01 -8.936573822982476045e+00 5.664579987857514709e+00 -1.838097596071287976e+00 -2.168310595197983748e+00 5.962469437901865454e+00 -9.172980229057584367e+00 1.148557580348289520e+01 -1.267388319355220183e+01
1.188207403476878454e+01 -1.071859277329076754e+01 8.505900970336284672e+00 -5.460592316308502170e+00 1.880762840176390061e+00 1.883168806797963279e+00 -5.462762770155138448e+00 8.507623452264191144e+00 -1.071969867476856209e+01 1.188245510245515923e+01 -1.188207403478148905e+01 1.071859277330629112e+01 -8.505900970353074797e+00 5.460592316324949458e+00 -1.880762840190877139e+00 -1.883168806786855054e+00 5.462762770148478886e+00 -8.507623452262652819e+00 1.071969867477229599e+01 -1.188245510246379588e+01
-5.143761671578791272e+00 4.660210498767425769e+00 -3.720485452741091326e+00 2.416573368454094872e+00 -8.761102456060111399e-01 -7.501126523012321412e-01 2.302909297459410087e+00 -3.630281135270103210e+00 4.602295761905038418e+00 -5.123805613285050242e+00 5.143761671584219819e+00 -4.660210498774096877e+00 3.720485452748337973e+00 -2.416573368461221172e+00 8.761102456123166515e-01 7.501126522963649235e-01 -2.302909297456449789e+00 3.630281135269348702e+00 -4.602295761906563420e+00 5.123805613288705096e+00
-5.005820900472122581e+00 4.569960900561880202e+00 -3.686761286914955527e+00 2.442675791328519086e+00 -9.594841701637845111e-01 -6.176284466960991759e-01 2.134283287923270045e+00 -3.442019610502830229e+00 4.412827071646010957e+00 -4.951676273042799892e+00 5.005820900477284674e+00 -4.569960900568288409e+00 3.686761286921968583e+00 -2.442675791335464641e+00 9.594841701699794445e-01 6.176284466912616011e-01 -2.134283287920255123e+00 3.442019610501942939e+00 -4.412827071647337895e+00 4.951676273046209609e+00
-7.354456440744236545e+00 6.548265665295317284e+00 -5.101085022077862519e+00 3.154574635550228656e+00 -8.992725044808850265e-01 -1.444056684927364831e+00 3.646031544680896630e+00 -5.491107433446130948e+00 6.798675467831151842e+00 -7.440741778268137985e+00 7.354456440752399793e+00 -6.548265665305134320e+00 5.101085022088351018e+00 -3.154574635560383200e+00 8.992725044897069697e-01 1.444056684920739020e+00 -3.646031544677104996e+00 5.491107433445558073e+00 -6.798675467833852792e+00 7.440741778273847196e+00
-2.256360164320116990e+00 2.037399325606604972e+00 -1.619003645506988942e+00 1.042128608323472649e+00 -3.632427620202468566e-01 -3.511998166907624452e-01 1.031264510391225464e+00 -1.610381848572427277e+00 2.031863791225456684e+00 -2.254452749166058645e+00 2.256360164322522621e+00 -2.037399325609548395e+00 1.619003645510175060e+00 -1.042128608326596817e+00 3.632427620230013199e-01 3.511998166886473038e-01 -1.031264510389952926e+00 1.610381848572126406e+00 -2.031863791226156568e+00 2.254452749167691117e+00
-1.909602708450045760e+00 1.705252747858004847e+00 -1.333980767111161203e+00 8.321294544889590306e-01 -2.488235130745104495e-01 -3.588390074551184306e-01 9.313758657567945409e-01 -1.412743165041113969e+00 1.755821320170956268e+00 -1.927027450956144472e+00 1.909602708452148079e+00 -1.705252747860541707e+00 1.333980767113878807e+00 -8.321294544915972535e-01 2.488235130768094716e-01 3.588390074533835961e-01 -9.313758657557908993e-01 1.412743165040943438e+00 -1.755821320171635058e+00 1.927027450957605748e+00
5.906711114608464541e+00 -5.113658257341020530e+00 3.820044900893086570e+00 -2.152498933727850616e+00 2.742513735872279534e-01 1.630841821822111903e+00 -3.376296856968832749e+00 4.791256431712495711e+00 -5.737214444274168379e+00 6.121573933507261422e+00 -5.906711114615529112e+00 5.113658257349258385e+00 -3.820044900901671703e+00 2.152498933735961906e+00 -2.742513735940679265e-01 -1.630841821817213599e+00 3.376296856966346738e+00 -4.791256431712676012e+00 5.737214444276997227e+00 -6.121573933512460819e+00
8.666214169160454617e+00 -7.780857612267014112e+00 6.133856499862426759e+00 -3.886430776160124889e+00 1.258574129731638402e+00 1.492480521516970304e+00 -4.097440780596840249e+00 6.301314987523970679e+00 -7.888372579629894688e+00 8.703261302118818321e+00 -8.666214169169847992e+00 7.780857612278425428e+00 -6.133856499874713819e+00 3.886430776172109969e+00 -1.258574129742142889e+00 -1.492480521508975144e+00 4.097440780592124021e+00 -6.301314987523010558e+00 7.888372579632784820e+00 -8.703261302125273602e+00
-1.730911849975131034e+01 1.572721708806710694e+01 -1.260582608983874842e+01 8.250489003982242053e+00 -3.087536569878607473e+00 -2.377645455817717579e+00 7.610086978269756663e+00 -1.209760016469632582e+01 1.540091595806727831e+01 -1.719668279297297175e+01 1.730911849976942207e+01 -1.572721708808944641e+01 1.260582608986308273e+01 -8.250489004006237082e+00 3.087536569899902439e+00 2.377645455801207675e+00 -7.610086978259620771e+00 1.209760016469358845e+01 -1.540091595807220415e+01 1.719668279298507940e+01
5.523055240295532187e+00 -5.046294259377689606e+00 4.075566836752632760e+00 -2.705894536002403150e+00 1.071350424992355332e+00 6.680649301535113160e-01 -2.342085435254242398e+00 3.786846299683951589e+00 -4.860924263791461364e+00 5.459181092908707456e+00 -5.523055240301212976e+00 5.046294259384750625e+00 -4.075566836760367018e+00 2.705894536010067686e+00 -1.071350424999197193e+00 -6.680649301481619284e-01 2.342085435250900627e+00 -3.786846299682954609e+00 4.860924263792906430e+00 -5.459181092912452016e+00
-1.180885695042540107e+01 1.069431786855876432e+01 -8.532944442024044562e+00 5.536306960984291869e+00 -1.997737180884406438e+00 -1.736385033534361799e+00 5.300537782765664119e+00 -8.345836962802462011e+00 1.057418747205584175e+01 -1.176746283684912164e+01 1.180885695043787997e+01 -1.069431786857409072e+01 8.532944442040685473e+00 -5.536306961000650340e+00 1.997737180898875087e+00 1.736385033523200727e+00 -5.300537782758884653e+00 8.345836962800749603e+00 -1.057418747205936072e+01 1.176746283685752914e+01
-1.126387258728857432e+01 1.013434861909142448e+01 -8.012803997899196062e+00 5.106910292904426107e+00 -1.701116626503677898e+00 -1.871194187676235021e+00 5.260339477390646223e+00 -8.134566088118692306e+00 1.021252469328805823e+01 -1.129081022663582168e+01 1.126387258730070862e+01 -1.013434861910620555e+01 8.012803997915142418e+00 -5.106910292920010086e+00 1.701116626517366504e+00 1.871194187665782049e+00 -5.260339477384435192e+00 8.134566088117349381e+00 -1.021252469329171753e+01 1.129081022664412082e+01
-1.205270388383497782e+01 1.101927775205149729e+01 -8.907207938075059062e+00 5.923238550953033865e+00 -2.359461304833849304e+00 -1.435276453136539843e+00 5.089519351715637185e+00 -8.245564635383274776e+00 1.059447660231367827e+01 -1.190632738335168916e+01 1.205270388384735014e+01 -1.101927775206688764e+01 8.907207938091927346e+00 -5.923238550969760929e+00 2.359461304848792018e+00 1.435276453124845641e+00 -5.089519351708316819e+00 8.245564635381068541e+00 -1.059447660231679933e+01 1.190632738335983198e+01
-5.589585458888755021e+00 4.969454689018154347e+00 -3.862879069959867628e+00 2.378177933272854538e+00 -6.606841707369867089e-01 -1.121481961688182594e+00 2.793869625879416230e+00 -4.192773865055713145e+00 5.181260185547583497e+00 -5.662568659116098857e+00 5.589585458894984704e+00 -4.969454689025633698e+00 3.862879069967847023e+00 -2.378177933280569700e+00 6.606841707436791333e-01 1.121481961683168382e+00 -2.793869625876562957e+00 4.192773865055309912e+00 -5.181260185549669828e+00 5.662568659120468695e+00
-5.330023064595561522e+00 4.748904893826535023e+00 -3.702930824483953831e+00 2.294488086204786725e+00 -6.614448674092469060e-01 -1.036345183565944961e+00 2.632690547332598552e+00 -3.971329817293129505e+00 4.921227654855616862e+00 -5.389401441352031696e+00 5.330023064601466132e+00 -4.748904893833642227e+00 3.702930824491551753e+00 -2.294488086212146616e+00 6.614448674156457875e-01 1.036345183561134142e+00 -2.632690547329838537e+00 3.971329817292700071e+00 -4.921227654857560196e+00 5.389401441356155509e+00
-1.562658861308429570e+00 1.454870347720642831e+00 -1.204668987820262993e+00 8.365462339696765337e-01 -3.865365061777827349e-01 -1.013101079970506746e-01 5.792397829322003533e-01 -1.000469432113184620e+00 1.323766162598645657e+00 -1.517483437867893858e+00 1.562658861309942360e+00 -1.454870347722574841e+00 1.204668987822421045e+00 -8.365462339718532370e-01 3.865365061797642054e-01 1.013101079954583927e-01 -5.792397829311506374e-01 1.000469432112783386e+00 -1.323766162598931651e+00 1.517483437868839102e+00
