3.062287570310051610e+00 -7.015668116850074520e-01 -2.628695435310069772e+00 2.326189936778512379e+00 1.191030990093116415e+00 -3.062287570310764373e+00 7.015668116852952219e-01 2.628695435310603123e+00 -2.326189936779130996e+00 -1.191030990093267405e+00 3.062287570311476692e+00 -7.015668116855878766e-01 -2.628695435311138251e+00 2.326189936779752720e+00 1.191030990093420172e+00 -3.062287570312189455e+00 7.015668116858747583e-01 2.628695435311673378e+00 -2.326189936780370449e+00 -1.191030990093563169e+00
7.265731755678451087e+00 1.249778406097375782e+00 -8.038137289053022272e+00 3.718063644775571053e+00 5.740247584246970902e+00 -7.265731755680271853e+00 -1.249778406097321160e+00 8.038137289054805734e+00 -3.718063644776734566e+00 -5.740247584248037604e+00 7.265731755682091730e+00 1.249778406097252992e+00 -8.038137289056590973e+00 3.718063644777905630e+00 5.740247584249107859e+00 -7.265731755683923154e+00 -1.249778406097200145e+00 8.038137289058379764e+00 -3.718063644779063814e+00 -5.740247584250157686e+00
5.688680772555329668e+00 1.762771741753037746e+00 -6.778133623367160965e+00 2.426345217776485264e+00 5.278569810341038782e+00 -5.688680772556790721e+00 -1.762771741753163868e+00 6.778133623368696625e+00 -2.426345217777313490e+00 -5.278569810342063739e+00 5.688680772558249998e+00 1.762771741753279109e+00 -6.778133623370234950e+00 2.426345217778149266e+00 5.278569810343092250e+00 -5.688680772559721710e+00 -1.762771741753406562e+00 6.778133623371774164e+00 -2.426345217778972607e+00 -5.278569810344105662e+00
1.093827424161100303e+01 3.435188602722588858e+00 -1.306133755586098033e+01 4.637161945335239288e+00 1.019541386230720725e+01 -1.093827424161381323e+01 -3.435188602722840656e+00 1.306133755586394152e+01 -4.637161945336827351e+00 -1.019541386230918967e+01 1.093827424161662165e+01 3.435188602723072027e+00 -1.306133755586690803e+01 4.637161945338430513e+00 1.019541386231117741e+01 -1.093827424161945316e+01 -3.435188602723326934e+00 1.306133755586987455e+01 -4.637161945340008806e+00 -1.019541386231313851e+01
-5.405764746865078241e-01 -9.435661446556460330e-01 1.123732422717488966e+00 2.490613131560102667e-01 -1.277660779530698676e+00 5.405764746866811299e-01 9.435661446558252230e-01 -1.123732422717772961e+00 -2.490613131560127647e-01 1.277660779530984669e+00 -5.405764746868543247e-01 -9.435661446560029697e-01 1.123732422718056734e+00 2.490613131560142079e-01 -1.277660779531270663e+00 5.405764746870315163e-01 9.435661446561822707e-01 -1.123732422718340951e+00 -2.490613131560179272e-01 1.277660779531556212e+00
-7.025657780865557811e+00 -2.801141952314069261e+00 8.756858714709661484e+00 -2.610894368057350867e+00 -7.143237254215224041e+00 7.025657780867389235e+00 2.801141952314359695e+00 -8.756858714711668767e+00 2.610894368058308768e+00 7.143237254216641574e+00 -7.025657780869220659e+00 -2.801141952314635475e+00 8.756858714713679603e+00 -2.610894368059275994e+00 -7.143237254218063548e+00 7.025657780871068070e+00 2.801141952314927686e+00 -8.756858714715692216e+00 2.610894368060227677e+00 7.143237254219466870e+00
-6.907091636208898322e+00 -3.548558813282592705e+00 9.100221593896325345e+00 -2.075687436901157312e+00 -7.817376207870997185e+00 6.907091636210734187e+00 3.548558813283048785e+00 -9.100221593898440986e+00 2.075687436902015293e+00 7.817376207872584359e+00 -6.907091636212569163e+00 -3.548558813283491542e+00 9.100221593900558403e+00 -2.075687436902883931e+00 -7.817376207874175087e+00 6.907091636214423680e+00 3.548558813283949398e+00 -9.100221593902677597e+00 2.075687436903734806e+00 7.817376207875748939e+00
-7.154711762645020734e+00 -3.577612795064894602e+00 9.365798068582455116e+00 -2.210768743087268007e+00 -7.999467844089396706e+00 7.154711762646916995e+00 3.577612795065346241e+00 -9.365798068584629377e+00 2.210768743088167732e+00 7.999467844091016744e+00 -7.154711762648814144e+00 -3.577612795065783224e+00 9.365798068586805414e+00 -2.210768743089077226e+00 -7.999467844092640334e+00 7.154711762650729945e+00 3.577612795066236639e+00 -9.365798068588981451e+00 2.210768743089969846e+00 7.999467844094246161e+00
-7.919098300551800307e+00 -3.350155281002409335e+00 9.989608131802121704e+00 -2.823762078743777160e+00 -8.244427190996196586e+00 7.919098300553874203e+00 3.350155281002777485e+00 -9.989608131804418534e+00 2.823762078744836312e+00 8.244427190997843269e+00 -7.919098300555946324e+00 -3.350155281003130536e+00 9.989608131806720692e+00 -2.823762078745906567e+00 -8.244427190999491728e+00 7.919098300558037096e+00 3.350155281003500907e+00 -9.989608131809021074e+00 2.823762078746958615e+00 8.244427191001120647e+00
1.806757947332031122e+01 5.901655779787287059e+00 -2.171500333513304426e+01 7.518954347142677186e+00 1.706803398874174249e+01 -1.806757947332496173e+01 -5.901655779787752465e+00 2.171500333513797187e+01 -7.518954347145276884e+00 -1.706803398874507138e+01 1.806757947332961223e+01 5.901655779788183231e+00 -2.171500333514291015e+01 7.518954347147900563e+00 1.706803398874841093e+01 -1.806757947333429826e+01 -5.901655779788653966e+00 2.171500333514785197e+01 -7.518954347150484274e+00 -1.706803398875170430e+01
-4.201722092682075527e+00 -1.425938686845163339e+00 5.083000667026228214e+00 -1.715528490215527224e+00 -4.022745751404629644e+00 4.201722092683159993e+00 1.425938686845283021e+00 -5.083000667027384623e+00 1.715528490216126523e+00 4.022745751405416570e+00 -4.201722092684242682e+00 -1.425938686845394709e+00 5.083000667028542807e+00 -1.715528490216730706e+00 -4.022745751406206161e+00 4.201722092685336030e+00 1.425938686845515502e+00 -5.083000667029701880e+00 1.715528490217326008e+00 4.022745751406984205e+00
1.823209163619448603e+01 6.542028989004881723e+00 -2.227528790678858428e+01 7.224856046580350188e+00 1.781008130617844643e+01 -1.823209163619920403e+01 -6.542028989005476802e+00 2.227528790679366466e+01 -7.224856046582911695e+00 -1.781008130618194940e+01 1.823209163620392559e+01 6.542028989006038131e+00 -2.227528790679875215e+01 7.224856046585498071e+00 1.781008130618546303e+01 -1.823209163620868623e+01 -6.542028989006638540e+00 2.227528790680384319e+01 -7.224856046588043590e+00 -1.781008130618892693e+01
-5.543237254211534015e+00 -1.962084304845209459e+00 6.755872043399178573e+00 -2.213274241620807548e+00 -5.387993335653391114e+00 5.543237254212966647e+00 1.962084304845384652e+00 -6.755872043400719562e+00 2.213274241621589589e+00 5.387993335654449822e+00 -5.543237254214401055e+00 -1.962084304845549187e+00 6.755872043402261440e+00 -2.213274241622378291e+00 -5.387993335655511196e+00 5.543237254215846121e+00 1.962084304845726379e+00 -6.755872043403805094e+00 2.213274241623155447e+00 5.387993335656558358e+00
1.592124957936293494e+00 -2.227937358731257311e-01 -1.454430856686270923e+00 1.121681439591953655e+00 7.611936024686146718e-01 -1.592124957936670082e+00 2.227937358732448025e-01 1.454430856686573570e+00 -1.121681439592260521e+00 -7.611936024687275815e-01 1.592124957937047114e+00 -2.227937358733664275e-01 -1.454430856686877105e+00 1.121681439592568941e+00 7.611936024688416014e-01 -1.592124957937424368e+00 2.227937358734850548e-01 1.454430856687180640e+00 -1.121681439592875140e+00 -7.611936024689505143e-01
-5.794630456461234758e+00 -2.097697766939312647e+00 7.091078974555110825e+00 -2.284830056245618746e+00 -5.678976341278531237e+00 5.794630456462734891e+00 2.097697766939505826e+00 -7.091078974556729086e+00 2.284830056246430985e+00 5.678976341279648565e+00 -5.794630456464235913e+00 -2.097697766939688346e+00 7.091078974558349124e+00 -2.284830056247250774e+00 -5.678976341280769446e+00 5.794630456465749369e+00 2.097697766939883302e+00 -7.091078974559971826e+00 2.284830056248058128e+00 5.678976341281876117e+00
-1.186352549154656266e+01 -4.227487170097122160e+00 1.447625624967196956e+01 -4.719331222053494201e+00 -1.155954915027544594e+01 1.186352549154963398e+01 4.227487170097503189e+00 -1.447625624967527180e+01 4.719331222055163977e+00 1.155954915027771968e+01 -1.186352549155270175e+01 -4.227487170097862013e+00 1.447625624967857760e+01 -4.719331222056849739e+00 -1.155954915027999697e+01 1.186352549155579794e+01 4.227487170098246594e+00 -1.447625624968188518e+01 4.719331222058509745e+00 1.155954915028224406e+01
-2.090779740153414501e+00 -4.651219592821107529e-01 2.378240919903916062e+00 -1.004711762654388441e+00 -1.757294901686859534e+00 2.090779740153942967e+00 4.651219592821177473e-01 -2.378240919904448081e+00 1.004711762654712182e+00 1.757294901687191713e+00 -2.090779740154470989e+00 -4.651219592821208559e-01 2.378240919904980988e+00 -1.004711762655038365e+00 -1.757294901687525446e+00 2.090779740155003452e+00 4.651219592821282389e-01 -2.378240919905514339e+00 1.004711762655360330e+00 1.757294901687853184e+00
-1.339336287916891344e+01 -6.302487170096740421e+00 1.728851416395035301e+01 -4.382402198208736444e+00 -1.458004065308648478e+01 1.339336287917244839e+01 6.302487170097501590e+00 -1.728851416395434981e+01 4.382402198210461286e+00 1.458004065308942110e+01 -1.339336287917598156e+01 -6.302487170098235225e+00 1.728851416395835017e+01 -4.382402198212205668e+00 -1.458004065309236452e+01 1.339336287917954849e+01 6.302487170098998170e+00 -1.728851416396235763e+01 4.382402198213917188e+00 1.458004065309527419e+01
-1.237006664342392481e+00 3.523798735617459932e-01 1.019223925529940455e+00 -9.822949016864186422e-01 -4.121322893120468178e-01 1.237006664342677142e+00 -3.523798735618771660e-01 -1.019223925530143626e+00 9.822949016866757699e-01 4.121322893120908937e-01 -1.237006664342962026e+00 3.523798735620101152e-01 1.019223925530347685e+00 -9.822949016869342298e-01 -4.121322893121359687e-01 1.237006664343246465e+00 -3.523798735621410105e-01 -1.019223925530551744e+00 9.822949016871910244e-01 4.121322893121768804e-01
-6.470879705298255846e-01 -7.344235253131754515e-01 1.100986671310979270e+00 5.397634128240030860e-02 -1.134345884811969629e+00 6.470879705300154328e-01 7.344235253133049035e-01 -1.100986671311248832e+00 -5.397634128236200590e-02 1.134345884812216099e+00 -6.470879705302051699e-01 -7.344235253134326902e-01 1.100986671311518394e+00 5.397634128232248196e-02 -1.134345884812462568e+00 6.470879705303983487e-01 7.344235253135622532e-01 -1.100986671311788401e+00 -5.397634128228517847e-02 1.134345884812708150e+00
