-7.410410196629753976e+00 4.655746418436855549e+00 -1.227457514026729923e-01 -4.457139620691686233e+00 7.334549150285020858e+00 -7.410410196626145307e+00 4.655746418435496636e+00 -1.227457514040754816e-01 -4.457139620688045589e+00 7.334549150280539109e+00 -7.410410196622538415e+00 4.655746418434130618e+00 -1.227457514054922511e-01 -4.457139620684399617e+00 7.334549150276062690e+00 -7.410410196618932410e+00 4.655746418432777034e+00 -1.227457514068807931e-01 -4.457139620680753644e+00 7.334549150271581830e+00
-7.792172942411421666e+00 5.224312563093526762e+00 -6.609423525279973788e-01 -4.154885372097860241e+00 7.383688103941396186e+00 -7.792172942407520786e+00 5.224312563091833006e+00 -6.609423525291493462e-01 -4.154885372094289764e+00 7.383688103936776770e+00 -7.792172942403620794e+00 5.224312563090132144e+00 -6.609423525303157465e-01 -4.154885372090712181e+00 7.383688103932164459e+00 -7.792172942399721691e+00 5.224312563088442829e+00 -6.609423525314530590e-01 -4.154885372087134598e+00 7.383688103927545043e+00
-9.775861046350200922e+00 6.238699100999632208e+00 -3.185661446519296724e-01 -5.723248251286475963e+00 9.578976341286022489e+00 -9.775861046345408312e+00 6.238699100997761704e+00 -3.185661446536847685e-01 -5.723248251281749077e+00 9.578976341280137419e+00 -9.775861046340619254e+00 6.238699100995882318e+00 -3.185661446554585163e-01 -5.723248251277014198e+00 9.578976341274259454e+00 -9.775861046335830196e+00 6.238699100994017144e+00 -3.185661446571952937e-01 -5.723248251272280207e+00 9.578976341268376160e+00
-8.600000000005090683e+00 5.679682106624352578e+00 -5.899186938088464283e-01 -4.725173609441535305e+00 8.235410196628521362e+00 -8.600000000000811440e+00 5.679682106622552240e+00 -5.899186938102025657e-01 -4.725173609437527844e+00 8.235410196623398349e+00 -8.599999999996535749e+00 5.679682106620744797e+00 -5.899186938115745793e-01 -4.725173609433512389e+00 8.235410196618280665e+00 -8.599999999992261834e+00 5.679682106618949788e+00 -5.899186938129146185e-01 -4.725173609429496935e+00 8.235410196613161204e+00
1.689151516154113253e+01 -1.019112695902856203e+01 -4.019253581652135199e-01 1.084145584947807706e+01 -1.713991869382033784e+01 1.689151516153304300e+01 -1.019112695902580512e+01 -4.019253581616029636e-01 1.084145584946944929e+01 -1.713991869381000299e+01 1.689151516152495702e+01 -1.019112695902303223e+01 -4.019253581579589341e-01 1.084145584946080731e+01 -1.713991869379967525e+01 1.689151516151687460e+01 -1.019112695902028776e+01 -4.019253581543802412e-01 1.084145584945216712e+01 -1.713991869378934751e+01
-4.076393202252685199e+00 2.762586804718485389e+00 -3.935661446543193276e-01 -2.125783405845988572e+00 3.833155948033274196e+00 -4.076393202250634396e+00 2.762586804717575450e+00 -3.935661446548929243e-01 -2.125783405844143381e+00 3.833155948030865900e+00 -4.076393202248584480e+00 2.762586804716661959e+00 -3.935661446554740706e-01 -2.125783405842295526e+00 3.833155948028461601e+00 -4.076393202246535452e+00 2.762586804715754241e+00 -3.935661446560400067e-01 -2.125783405840447227e+00 3.833155948026053750e+00
1.808454915029224352e+01 -1.088051349693497727e+01 -4.795084971969578169e-01 1.165637454329160327e+01 -1.838090169944645780e+01 1.808454915028359267e+01 -1.088051349693205161e+01 -4.795084971930623774e-01 1.165637454328234313e+01 -1.838090169943538044e+01 1.808454915027494891e+01 -1.088051349692910641e+01 -4.795084971891310777e-01 1.165637454327306699e+01 -1.838090169942432084e+01 1.808454915026630161e+01 -1.088051349692619141e+01 -4.795084971852697775e-01 1.165637454326379086e+01 -1.838090169941325058e+01
-5.727254248597544617e+00 3.869146285031026533e+00 -5.331559480287861863e-01 -3.006481839815504653e+00 5.397745751409075865e+00 -5.727254248594666919e+00 3.869146285029757326e+00 -5.331559480296040876e-01 -3.006481839812902734e+00 5.397745751405688353e+00 -5.727254248591790997e+00 3.869146285028484122e+00 -5.331559480304326470e-01 -3.006481839810296819e+00 5.397745751402307057e+00 -5.727254248588915964e+00 3.869146285027218468e+00 -5.331559480312397792e-01 -3.006481839807690459e+00 5.397745751398920433e+00
1.111474508438885955e+00 -9.079526825629824494e-01 3.576237921247865659e-01 3.293052317192997069e-01 -8.904508497196521599e-01 1.111474508438276443e+00 -9.079526825626091924e-01 3.576237921247910623e-01 3.293052317189177347e-01 -8.904508497190389837e-01 1.111474508437667152e+00 -9.079526825622353803e-01 3.576237921247972795e-01 3.293052317185349853e-01 -8.904508497184278060e-01 1.111474508437058084e+00 -9.079526825618626784e-01 3.576237921247997775e-01 3.293052317181520694e-01 -8.904508497178148518e-01
-5.309549150284410324e+00 3.193285238686617067e+00 1.427050983154040942e-01 -3.424186938128121582e+00 5.397745751408909776e+00 -5.309549150281871022e+00 3.193285238685759087e+00 1.427050983142592322e-01 -3.424186938125401536e+00 5.397745751405658154e+00 -5.309549150279332608e+00 3.193285238684895333e+00 1.427050983131038508e-01 -3.424186938122677493e+00 5.397745751402409198e+00 -5.309549150276795970e+00 3.193285238684040905e+00 1.427050983119690364e-01 -3.424186938119953005e+00 5.397745751399159353e+00
-1.266631189607031516e+01 7.215546818654394734e+00 9.913118960695130877e-01 -8.819523159945266144e+00 1.327897634128785676e+01 -1.266631189606438745e+01 7.215546818652671668e+00 9.913118960663869217e-01 -8.819523159938464474e+00 1.327897634127998749e+01 -1.266631189605846330e+01 7.215546818650937055e+00 9.913118960632348875e-01 -8.819523159931650369e+00 1.327897634127212179e+01 -1.266631189605254093e+01 7.215546818649223759e+00 9.913118960601327023e-01 -8.819523159924836264e+00 1.327897634126425430e+01
-2.240450849720192927e+00 1.551518827218862251e+00 -2.699593469055869277e-01 -1.114715428344595916e+00 2.073606797750835451e+00 -2.240450849719054727e+00 1.551518827218335117e+00 -2.699593469058697015e-01 -1.114715428343608039e+00 2.073606797749520947e+00 -2.240450849717917414e+00 1.551518827217806429e+00 -2.699593469061564166e-01 -1.114715428342618164e+00 2.073606797748208663e+00 -2.240450849716780102e+00 1.551518827217280627e+00 -2.699593469064349716e-01 -1.114715428341628289e+00 2.073606797746895047e+00
-1.504164078650961933e+01 9.740140287717968803e+00 -7.182372542122374970e-01 -8.578007998414140189e+00 1.459774575141348407e+01 -1.504164078650220127e+01 9.740140287714975642e+00 -7.182372542147995587e-01 -8.578007998406979695e+00 1.459774575140446906e+01 -1.504164078649478498e+01 9.740140287711971823e+00 -7.182372542173901531e-01 -8.578007998399803213e+00 1.459774575139546471e+01 -1.504164078648737046e+01 9.740140287708989320e+00 -7.182372542199240151e-01 -8.578007998392630284e+00 1.459774575138645325e+01
-1.174467844093911140e+00 6.854101966248223876e-01 6.545084971903365745e-02 -7.913118960626223108e-01 1.214918693812323536e+00 -1.174467844093356250e+00 6.854101966246495259e-01 6.545084971875986257e-02 -7.913118960620043607e-01 1.214918693811598338e+00 -1.174467844092801583e+00 6.854101966244754429e-01 6.545084971848368072e-02 -7.913118960613854114e-01 1.214918693810873584e+00 -1.174467844092247137e+00 6.854101966243033583e-01 6.545084971821210629e-02 -7.913118960607663510e-01 1.214918693810148831e+00
-1.658155948032500548e+00 1.481230589875554671e+00 -7.385254915623696848e-01 -2.862712429691908200e-01 1.201722092688001009e+00 -1.658155948031549975e+00 1.481230589874895642e+00 -7.385254915622520011e-01 -2.862712429687201965e-01 1.201722092687122156e+00 -1.658155948030599625e+00 1.481230589874235726e+00 -7.385254915621365379e-01 -2.862712429682482407e-01 1.201722092686246857e+00 -1.658155948029649718e+00 1.481230589873577141e+00 -7.385254915620159677e-01 -2.862712429677760628e-01 1.201722092685368004e+00
-1.801319660113596299e+01 1.091731689581010301e+01 3.486067977592239853e-01 -1.148137454329136098e+01 1.822864745085256288e+01 -1.801319660112732279e+01 1.091731689580712406e+01 3.486067977554222486e-01 -1.148137454328220031e+01 1.822864745084155658e+01 -1.801319660111867904e+01 1.091731689580412734e+01 3.486067977515848737e-01 -1.148137454327302365e+01 1.822864745083056093e+01 -1.801319660111004595e+01 1.091731689580115905e+01 3.486067977478171098e-01 -1.148137454326384699e+01 1.822864745081955462e+01
-6.616311896066761733e+00 4.186648117874645081e+00 -1.578270575910826756e-01 -3.931278574346992905e+00 6.518769410128195219e+00 -6.616311896063529652e+00 4.186648117873406960e+00 -1.578270575923055863e-01 -3.931278574343766152e+00 6.518769410124202857e+00 -6.616311896060300235e+00 4.186648117872164399e+00 -1.578270575935412368e-01 -3.931278574340534071e+00 6.518769410120214047e+00 -6.616311896057070818e+00 4.186648117870931607e+00 -1.578270575947517407e-01 -3.931278574337301990e+00 6.518769410116222573e+00
1.170491502813031603e+00 -7.383222260934425574e-01 2.413895365580110905e-02 6.992645786253399720e-01 -1.155572809000376733e+00 1.170491502812460727e+00 -7.383222260932255088e-01 2.413895365601975013e-02 6.992645786247672079e-01 -1.155572808999669743e+00 1.170491502811890072e+00 -7.383222260930074610e-01 2.413895365624064981e-02 6.992645786241935557e-01 -1.155572808998963419e+00 1.170491502811319418e+00 -7.383222260927911895e-01 2.413895365645709126e-02 6.992645786236199035e-01 -1.155572808998256651e+00
-1.575450849719676327e+01 9.221370877591215987e+00 8.340169943835015198e-01 -1.057083872169663152e+01 1.626995934691392875e+01 -1.575450849718931146e+01 9.221370877588874748e+00 8.340169943798553254e-01 -1.057083872168836258e+01 1.626995934690420498e+01 -1.575450849718186319e+01 9.221370877586517523e+00 8.340169943761773785e-01 -1.057083872168008121e+01 1.626995934689449541e+01 -1.575450849717441670e+01 9.221370877584186942e+00 8.340169943725610491e-01 -1.057083872167179983e+01 1.626995934688478229e+01
-1.527950849719705317e+01 9.760428525061296767e+00 -5.131966011181794407e-01 -8.930058981539099605e+00 1.496233555478842092e+01 -1.527950849718956050e+01 9.760428525058365778e+00 -5.131966011209133649e-01 -8.930058981531718842e+00 1.496233555477922472e+01 -1.527950849718207138e+01 9.760428525055420579e+00 -5.131966011236764880e-01 -8.930058981524325645e+00 1.496233555477004096e+01 -1.527950849717458226e+01 9.760428525052496695e+00 -5.131966011263817684e-01 -8.930058981516932448e+00 1.496233555476084831e+01
