4.510539656008128873e+01 4.280457998616126503e+01 3.631375288615026875e+01 2.626828264084901576e+01 1.365148986877438375e+01 -3.016058471787284034e-01 -1.422517828139846507e+01 -2.675629115278986703e+01 -3.666831182410385992e+01 -4.299098265092332838e+01 -4.510539656008116083e+01 -4.280457998616103055e+01 -3.631375288614996322e+01 -2.626828264084868181e+01 -1.365148986877402670e+01 3.016058471790632467e-01 1.422517828139875462e+01 2.675629115279008374e+01 3.666831182410396650e+01 4.299098265092332127e+01
2.493557530425101376e+01 2.429017238651112365e+01 2.126707815599699813e+01 1.616221413912738214e+01 9.475279993552533142e+00 1.860839424051084823e+00 -5.935753073507115118e+00 -1.315131270340693526e+01 -1.907953021531367099e+01 -2.314011037484173983e+01 -2.493557530425096047e+01 -2.429017238651101351e+01 -2.126707815599683471e+01 -1.616221413912720095e+01 -9.475279993552334190e+00 -1.860839424050893864e+00 5.935753073507285649e+00 1.315131270340706493e+01 1.907953021531374560e+01 2.314011037484175048e+01
3.677154318283013623e+01 2.262526897026677730e+01 6.264275791375375491e+00 -1.070990834775171763e+01 -2.663573203748161689e+01 -3.995426469332522146e+01 -4.936179554325504171e+01 -5.393744992155828299e+01 -5.323333089722800082e+01 -4.731836254625135041e+01 -3.677154318282971701e+01 -2.262526897026634032e+01 -6.264275791374945612e+00 1.070990834775207290e+01 2.663573203748188689e+01 3.995426469332538488e+01 4.936179554325507013e+01 5.393744992155819062e+01 5.323333089722777345e+01 4.731836254625100224e+01
1.002716226450210080e+00 -1.106897470593376198e+01 -2.205715727201927479e+01 -3.088623160306814697e+01 -3.669194638777923956e+01 -3.890599781223156839e+01 -3.731165909679639725e+01 -3.206499522335151653e+01 -2.367958620748646581e+01 -1.297625430825416792e+01 -1.002716226449900105e+00 1.106897470593401067e+01 2.205715727201945242e+01 3.088623160306823223e+01 3.669194638777923245e+01 3.890599781223147602e+01 3.731165909679620540e+01 3.206499522335126073e+01 2.367958620748616028e+01 1.297625430825384107e+01
5.719032051739256772e-01 -1.264417523464735638e+01 -2.462255370535225296e+01 -3.419070506395790687e+01 -4.041203199025346038e+01 -4.267754765815959672e+01 -4.076548760932583804e+01 -3.486301760343772571e+01 -2.554791252959836001e+01 -1.373199977458850363e+01 -5.719032051735872813e-01 1.264417523464762461e+01 2.462255370535245191e+01 3.419070506395799924e+01 4.041203199025345327e+01 4.267754765815949014e+01 4.076548760932562487e+01 3.486301760343744149e+01 2.554791252959802250e+01 1.373199977458814658e+01
-1.221277853408831859e+01 -3.052462950653977103e+01 -4.584851706529160253e+01 -5.668443232829045542e+01 -6.197168041133296867e+01 -6.119270863362739021e+01 -5.442376818019108953e+01 -4.232745010458769741e+01 -2.608782630006113479e+01 -7.294544292710752664e+00 1.221277853408876624e+01 3.052462950654009788e+01 4.584851706529179438e+01 5.668443232829048384e+01 6.197168041133284078e+01 6.119270863362712731e+01 5.442376818019069162e+01 4.232745010458723556e+01 2.608782630006062320e+01 7.294544292710243738e+00
-1.179257068420145771e+01 -2.750409224107099959e+01 -4.052332161710562275e+01 -4.957584593067409173e+01 -5.377554102931868840e+01 -5.271131149578774000e+01 -4.648733153174643462e+01 -3.571284766109344133e+01 -2.144254143533166967e+01 -5.073289854908597185e+00 1.179257068420183963e+01 2.750409224107126960e+01 4.052332161710578617e+01 4.957584593067411305e+01 5.377554102931857472e+01 5.271131149578750552e+01 4.648733153174608645e+01 3.571284766109302922e+01 2.144254143533122559e+01 5.073289854908157537e+00
3.441847710841030050e+01 6.868775942668204948e+01 9.623340527650931620e+01 1.143590549203110811e+02 1.212904434821250135e+02 1.163490783556969177e+02 1.000186547881169048e+02 7.389770841893110287e+01 4.054313947409038121e+01 3.219925556862754945e+00 -3.441847710841112473e+01 -6.868775942668261791e+01 -9.623340527650961462e+01 -1.143590549203110527e+02 -1.212904434821247008e+02 -1.163490783556963493e+02 -1.000186547881160806e+02 -7.389770841893013653e+01 -4.054313947408937935e+01 -3.219925556861785054e+00
-7.348016739196313374e+00 -1.400851033579986193e+01 -1.929775333770461643e+01 -2.269799778756117448e+01 -2.387640406772143820e+01 -2.271762156104398755e+01 -1.933507997299487968e+01 -1.405988604176540235e+01 -7.408412503781640623e+00 -3.175193248264562840e-02 7.348016739196472358e+00 1.400851033579996852e+01 1.929775333770466972e+01 2.269799778756116737e+01 2.387640406772137069e+01 2.271762156104386676e+01 1.933507997299471626e+01 1.405988604176521406e+01 7.408412503781444336e+00 3.175193248245644639e-02
2.403606363302508697e+01 5.751642985583136181e+01 8.536668718381795884e+01 1.048606583855686409e+02 1.140901377373721886e+02 1.121516794947101516e+02 9.923503345640706641e+01 7.660457093225682002e+01 4.647551926982724524e+01 1.179711996728353007e+01 -2.403606363302590765e+01 -5.751642985583195156e+01 -8.536668718381829990e+01 -1.048606583855686978e+02 -1.140901377373719470e+02 -1.121516794947096685e+02 -9.923503345640635587e+01 -7.660457093225595315e+01 -4.647551926982630732e+01 -1.179711996728259571e+01
-1.064155943537592464e+01 -2.066468354817213537e+01 -2.866500445595679381e+01 -3.385939500676249025e+01 -3.573939206202929597e+01 -3.412096841127797120e+01 -2.916254663766472888e+01 -2.134949161174672128e+01 -1.144659959621615641e+01 -4.232346590589735058e-01 1.064155943537616267e+01 2.066468354817229880e+01 2.866500445595687552e+01 3.385939500676247604e+01 3.573939206202918939e+01 3.412096841127780777e+01 2.916254663766448729e+01 2.134949161174644416e+01 1.144659959621586154e+01 4.232346590586901769e-01
3.410723799604717499e+01 2.917930976670987064e+01 2.139510739320129318e+01 1.151660283956752728e+01 5.107729591066521024e-01 -1.054505493735604915e+01 -2.056865938483234402e+01 -2.857886014144446563e+01 -3.379156294678482908e+01 -3.569651213123066924e+01 -3.410723799604699735e+01 -2.917930976670962906e+01 -2.139510739320101607e+01 -1.151660283956725372e+01 -5.107729591063865371e-01 1.054505493735627475e+01 2.056865938483251455e+01 2.857886014144455800e+01 3.379156294678482197e+01 3.569651213123057687e+01
-3.278771165302142521e+00 -1.311099083310966584e+01 -2.165981536852779499e+01 -2.808842626286686439e+01 -3.176754629102310190e+01 -3.233703755070403929e+01 -2.974115426953318675e+01 -2.423399958965386958e+01 -1.635465218173559165e+01 -6.874397468706896497e+00 3.278771165302388102e+00 1.311099083310985414e+01 2.165981536852791933e+01 2.808842626286690347e+01 3.176754629102306282e+01 3.233703755070392560e+01 2.974115426953299846e+01 2.423399958965363510e+01 1.635465218173532875e+01 6.874397468706626491e+00
-1.663388763902584344e+01 -4.010411237359748782e+01 -5.964866716726012186e+01 -7.335439482188948546e+01 -7.987968322123079190e+01 -7.858579167239884100e+01 -6.959937529526584399e+01 -5.380008713687013255e+01 -3.273447160226897523e+01 -8.464577912762997869e+00 1.663388763902641898e+01 4.010411237359789993e+01 5.964866716726036344e+01 7.335439482188952809e+01 7.987968322123062137e+01 7.858579167239848573e+01 6.959937529526533240e+01 5.380008713686952149e+01 3.273447160226831443e+01 8.464577912762340617e+00
-5.833267785449145482e-01 -2.907822112478570808e+00 -4.947679558054852045e+00 -6.503223655978208839e+00 -7.422186911830880973e+00 -7.614614799336509421e+00 -7.061671136142118499e+00 -5.817481900586210841e+00 -4.003837003821141494e+00 -1.798268644749308365e+00 5.833267785449729459e-01 2.907822112478616106e+00 4.947679558054882243e+00 6.503223655978220386e+00 7.422186911830872980e+00 7.614614799336484552e+00 7.061671136142076755e+00 5.817481900586156662e+00 4.003837003821079321e+00 1.798268644749244860e+00
1.053142180073500356e+01 -2.254016522484190688e+01 -5.340536383164560164e+01 -7.904287332955817647e+01 -9.694311566189173845e+01 -1.053538903908355877e+02 -1.034518922846072968e+02 -9.142330216984454694e+01 -7.044556225509569458e+01 -4.257211988372478118e+01 -1.053142180073414380e+01 2.254016522484262453e+01 5.340536383164614165e+01 7.904287332955846068e+01 9.694311566189179530e+01 1.053538903908353745e+02 1.034518922846068421e+02 9.142330216984389324e+01 7.044556225509488456e+01 4.257211988372390010e+01
-5.879059102467825149e+00 -1.229645585962665777e+01 -1.751018984279948398e+01 -2.100990444349264763e+01 -2.245302321264487588e+01 -2.169828363033184715e+01 -1.881956486545024632e+01 -1.409865596791970255e+01 -7.997672393136930680e+00 -1.113820921453764878e+00 5.879059102467979692e+00 1.229645585962676435e+01 1.751018984279954438e+01 2.100990444349264763e+01 2.245302321264482259e+01 2.169828363033174057e+01 1.881956486545009710e+01 1.409865596791952846e+01 7.997672393136745939e+00 1.113820921453584134e+00
-6.133999183537121702e+00 -1.171105721761473539e+01 -1.614175537549864359e+01 -1.899238605100586597e+01 -1.998390965210596448e+01 -1.901926894037210758e+01 -1.619288966971586063e+01 -1.178143753569137431e+01 -6.216736209571332772e+00 -4.349742871032447056e-02 6.133999183537254929e+00 1.171105721761482421e+01 1.614175537549868622e+01 1.899238605100585886e+01 1.998390965210590764e+01 1.901926894037200810e+01 1.619288966971572563e+01 1.178143753569121621e+01 6.216736209571167571e+00 4.349742871016637480e-02
8.923995305382348420e+00 -3.553644845709184352e+01 -7.651833704759042121e+01 -1.100100776732675740e+02 -1.327332654110037140e+02 -1.424635963232707638e+02 -1.382485978251741017e+02 -1.205008633373288092e+02 -9.095766476714251780e+01 -5.251089623023317188e+01 -8.923995305381200893e+00 3.553644845709278144e+01 7.651833704759113175e+01 1.100100776732679151e+02 1.327332654110037140e+02 1.424635963232704228e+02 1.382485978251734480e+02 1.205008633373278855e+02 9.095766476714142357e+01 5.251089623023197817e+01
2.051017701522728132e+01 9.866560310861865801e+00 -1.742864061098650552e+00 -1.318168475551087937e+01 -2.333019030385554871e+01 -3.119497427426476577e+01 -3.600617681454279762e+01 -3.729284389842801772e+01 -3.492902758701304577e+01 -2.914611469053584969e+01 -2.051017701522697934e+01 -9.866560310861563821e+00 1.742864061098931217e+00 1.318168475551109609e+01 2.333019030385570147e+01 3.119497427426483327e+01 3.600617681454277630e+01 3.729284389842791114e+01 3.492902758701284682e+01 2.914611469053558324e+01
