-5.455569558546055298e+00 -1.404088830560514367e+01 -1.105048459169555919e+01 1.050264558237447687e+00 1.228514462837099686e+01 1.339178911143630657e+01 3.457847654655541447e+00 -9.326845399275434545e+00 -1.442221200686820737e+01 -7.627481646870045040e+00 5.455569558544993036e+00 1.404088830560770162e+01 1.105048459169963415e+01 -1.050264558235238121e+00 -1.228514462837245880e+01 -1.339178911144023409e+01 -3.457847654658703362e+00 9.326845399275642379e+00 1.442221200687161975e+01 7.627481646873839338e+00
-6.104853739611688646e+00 -1.466063487015986944e+01 -1.112975619223831458e+01 1.576821767342891700e+00 1.298342135291471067e+01 1.368610542374265471e+01 3.105560505877365429e+00 -1.003530009282976820e+01 -1.490276329966729385e+01 -7.483948879070477567e+00 6.104853739610721419e+00 1.466063487016262457e+01 1.112975619224252810e+01 -1.576821767340719216e+00 -1.298342135291635557e+01 -1.368610542374675987e+01 -3.105560505880553990e+00 1.003530009283011992e+01 1.490276329967090518e+01 7.483948879074357130e+00
-8.943696490381299213e+00 -1.803982017334300281e+01 -1.226338401341778983e+01 3.623347640770627542e+00 1.652288462776594002e+01 1.580046817829176220e+01 2.051679721267004375e+00 -1.338857401311580730e+01 -1.779089242953926941e+01 -7.525874377294519135e+00 8.943696490380609987e+00 1.803982017334669763e+01 1.226338401342283113e+01 -3.623347640768424860e+00 -1.652288462776837008e+01 -1.580046817829682304e+01 -2.051679721270530443e+00 1.338857401311672213e+01 1.779089242954387728e+01 7.525874377299007989e+00
-9.084988253598400121e+00 -1.711831830987420133e+01 -1.103880183958664674e+01 4.141428461298258590e+00 1.590734298553821802e+01 1.455877475881738725e+01 1.207523203823386737e+00 -1.313924609680128874e+01 -1.665363336770662528e+01 -6.438274084446586443e+00 9.084988253597952479e+00 1.711831830987783221e+01 1.103880183959137007e+01 -4.141428461296364993e+00 -1.590734298554069781e+01 -1.455877475882219230e+01 -1.207523203826566194e+00 1.313924609680235278e+01 1.665363336771106617e+01 6.438274084450727131e+00
2.039758285890094314e+01 4.042842169882766257e+01 2.712887723716412580e+01 -8.536513796311899327e+00 -3.716415106809254354e+01 -3.515256602727845348e+01 -4.160168714051054373e+00 3.026199439294430960e+01 3.973527673231322410e+01 1.644962492508439311e+01 -2.039758285889951850e+01 -4.042842169883601855e+01 -2.712887723717538790e+01 8.536513796307078294e+00 3.716415106809809288e+01 3.515256602728980084e+01 4.160168714058857020e+00 -3.026199439294647320e+01 -3.973527673232358381e+01 -1.644962492509437979e+01
-4.509111142796660587e+00 -7.268487534108623471e+00 -4.035508415244991376e+00 2.524462870142376580e+00 7.003192505304544291e+00 5.708283677024267533e+00 -2.927025827911209355e-01 -6.052376199969615733e+00 -6.822292360545393564e+00 -1.967709472742848575e+00 4.509111142796697891e+00 7.268487534110301240e+00 4.035508415246932046e+00 -2.524462870141786830e+00 -7.003192505305784188e+00 -5.708283677026312120e+00 2.927025827899516486e-01 6.052376199970285420e+00 6.822292360547351997e+00 1.967709472744476162e+00
1.839926160932273191e+01 4.180114852505295175e+01 3.074093565450545640e+01 -5.663011286272804590e+00 -3.739820468978111023e+01 -3.830121507146606064e+01 -7.627574037999171885e+00 2.933446401085764421e+01 4.211230469697397183e+01 2.017151927099997266e+01 -1.839926160932031962e+01 -4.180114852506102352e+01 -3.074093565451737220e+01 5.663011286266936395e+00 3.739820468978608403e+01 3.830121507147776327e+01 7.627574038007987056e+00 -2.933446401085898358e+01 -4.211230469698437417e+01 -2.017151927101083686e+01
-6.726536209857925996e+00 -1.105756524599649993e+01 -6.272411345859434384e+00 3.683903475180336784e+00 1.060309961301990000e+01 8.780787687062325375e+00 -2.806646010867617225e-01 -9.110728713781433896e+00 -1.042963935011031573e+01 -3.150047679666909239e+00 6.726536209857936655e+00 1.105756524599902590e+01 6.272411345862398235e+00 -3.683903475179395315e+00 -1.060309961302174742e+01 -8.780787687065434000e+00 2.806646010849458417e-01 9.110728713782409116e+00 1.042963935011328047e+01 3.150047679669411238e+00
4.590123102462259297e+00 1.612990137613332875e+00 -2.693939472497731469e+00 -4.779905922619013481e+00 -2.925176944824210423e+00 1.341154185591818759e+00 4.501798247506803463e+00 3.951027051769562259e+00 1.429126173707242486e-01 -3.783023194055674665e+00 -4.590123102463520510e+00 -1.612990137614459529e+00 2.693939472497662635e+00 4.779905922620062420e+00 2.925176944825512493e+00 -1.341154185591343362e+00 -4.501798247507540651e+00 -3.951027051770910958e+00 -1.429126173715690173e-01 3.783023194056030825e+00
-6.388215380573148749e+00 -1.171784100999639833e+01 -7.386932888194833069e+00 3.033980587286186470e+00 1.095359097809228288e+01 9.842737885847332890e+00 6.172413648706702727e-01 -9.117127143096025677e+00 -1.133506712084569656e+01 -4.208043431660977163e+00 6.388215380572902724e+00 1.171784100999891898e+01 7.386932888198050051e+00 -3.033980587284945685e+00 -1.095359097809402904e+01 -9.842737885850620927e+00 -6.172413648727999025e-01 9.117127143096812603e+00 1.133506712084875367e+01 4.208043431663777589e+00
-1.182477662345594283e+01 -2.482983759441540172e+01 -1.736444808617403623e+01 4.416704595912851694e+00 2.255659573659497852e+01 2.210016403587577827e+01 3.423705250469772476e+00 -1.807535712703170816e+01 -2.467256194884867071e+01 -1.092897897258017537e+01 1.182477662345482194e+01 2.482983759442038263e+01 1.736444808618102087e+01 -4.416704595909659581e+00 -2.255659573659818662e+01 -2.210016403588273803e+01 -3.423705250474759598e+00 1.807535712703280240e+01 2.467256194885495546e+01 1.092897897258644946e+01
-1.765494154955862482e+00 -3.531156641286000486e+00 -2.385629439609314506e+00 7.266810372118039929e-01 3.239894233196853879e+00 3.082043061309422072e+00 3.832646835392164997e-01 -2.631488403891753425e+00 -3.476764834311839358e+00 -1.455693786703480042e+00 1.765494154955732364e+00 3.531156641286726572e+00 2.385629439610299940e+00 -7.266810372113776673e-01 -3.239894233197334383e+00 -3.082043061310412835e+00 -3.832646835399026175e-01 2.631488403891937278e+00 3.476764834312742636e+00 1.455693786704355563e+00
-1.257315790785308351e+01 -2.930052011218827346e+01 -2.187166930503445172e+01 3.588830791153961197e+00 2.609059292906248473e+01 2.708250070338570836e+01 5.746796088239102929e+00 -2.032673672618858163e+01 -2.964230823801132786e+01 -1.451988652623357368e+01 1.257315790785128229e+01 2.930052011219386188e+01 2.187166930504283968e+01 -3.588830791149741906e+00 -2.609059292906587757e+01 -2.708250070339391868e+01 -5.746796088245371692e+00 2.032673672618940941e+01 2.964230823801858605e+01 1.451988652624125464e+01
-2.757603764735324425e+00 -4.210379677242396035e+00 -2.191994396934823008e+00 1.633535717990419300e+00 4.112330805190539174e+00 3.200799081687791148e+00 -3.495658136558024154e-01 -3.611738341632952931e+00 -3.896287251046624434e+00 -9.686220280878661271e-01 2.757603764735396812e+00 4.210379677243397900e+00 2.191994396935931899e+00 -1.633535717990125313e+00 -4.112330805191299454e+00 -3.200799081688976422e+00 3.495658136551655915e-01 3.611738341633389915e+00 3.896287251047776401e+00 9.686220280887798406e-01
1.059643753607629968e+00 7.075940836019528613e-01 -2.278170197063693059e-01 -9.754090524112519756e-01 -9.188450922134926424e-01 -1.047581362775714120e-01 7.956945170903254594e-01 1.040153141228967959e+00 4.270788359898496367e-01 -5.380918585068528159e-01 -1.059643753607850236e+00 -7.075940836022466263e-01 2.278170197062429625e-01 9.754090524113985250e-01 9.188450922137909593e-01 1.047581362777742497e-01 -7.956945170903838571e-01 -1.040153141229240630e+00 -4.270788359901112607e-01 5.380918585068183990e-01
-1.651349787888036147e+01 -3.834932210762618610e+01 -2.856883406167369799e+01 4.764643434340995576e+00 3.417000834795084074e+01 3.540461052093303351e+01 7.450607506776282918e+00 -2.664589609472884746e+01 -3.877473702397649191e+01 -1.893654107369667372e+01 1.651349787887802023e+01 3.834932210763351890e+01 2.856883406168466522e+01 -4.764643434335492422e+00 -3.417000834795529585e+01 -3.540461052094378402e+01 -7.450607506784471035e+00 2.664589609472995235e+01 3.877473702398599897e+01 1.893654107370671369e+01
-1.560755467195178881e+00 -1.184955619938884830e+01 -1.236923329322860887e+01 -2.691349624460968037e+00 9.205362057186935232e+00 1.351290174291595214e+01 6.680006663139885781e+00 -5.660082939298042071e+00 -1.333383322008373639e+01 -1.001477810728777307e+01 1.560755467193220447e+00 1.184955619939036708e+01 1.236923329323235521e+01 2.691349624463831969e+00 -9.205362057187301161e+00 -1.351290174291925084e+01 -6.680006663143399415e+00 5.660082939297199189e+00 1.333383322008626948e+01 1.001477810729158335e+01
3.444901014248073601e+00 7.688007748863240565e+00 5.592894134336319212e+00 -1.113166369271347378e+00 -6.901499684747941288e+00 -7.000033097520962144e+00 -1.327532755816167587e+00 5.439424745913348680e+00 7.721960049021720174e+00 3.638283725300078153e+00 -3.444901014247651716e+00 -7.688007748864738033e+00 -5.592894134338504131e+00 1.113166369270288003e+00 6.901499684748873875e+00 7.000033097523115977e+00 1.327532755817771859e+00 -5.439424745913616022e+00 -7.721960049023640416e+00 -3.638283725302064564e+00
-1.420099414734191434e+01 -3.293490407353735350e+01 -2.451630765284431490e+01 4.114255915523520102e+00 2.935290555544922597e+01 3.039215407933160762e+01 6.375214351014384384e+00 -2.289764012787346203e+01 -3.329300470994462557e+01 -1.624063421814588182e+01 1.420099414733991239e+01 3.293490407354365601e+01 2.451630765285373315e+01 -4.114255915518798545e+00 -2.935290555545306290e+01 -3.039215407934083402e+01 -6.375214351021410764e+00 2.289764012787441771e+01 3.329300470995279682e+01 1.624063421815450425e+01
-1.621584518075635017e+01 -3.233341354264712209e+01 -2.179436209252805767e+01 6.712604300427143400e+00 2.968550171706161933e+01 2.818479593195758426e+01 3.447713058293682131e+00 -2.413176615235625277e+01 -3.181630557054651121e+01 -1.327054424124055565e+01 1.621584518075517778e+01 3.233341354265378698e+01 2.179436209253707801e+01 -6.712604300423256731e+00 -2.968550171706603535e+01 -2.818479593196665434e+01 -3.447713058299949562e+00 2.413176615235795452e+01 3.181630557055478548e+01 1.327054424124856347e+01
