-6.749999999992366995e+00 -7.949999999994521893e+00 6.749999999993484323e+00 7.949999999996205879e+00 -6.749999999994600763e+00 -7.949999999997891642e+00 6.749999999995722533e+00 7.949999999999576517e+00 -6.749999999996834532e+00 -7.950000000001250733e+00 6.749999999997948308e+00 7.950000000002948042e+00 -6.749999999999075406e+00 -7.950000000004622258e+00 6.750000000000174971e+00 7.950000000006295586e+00 -6.750000000001302070e+00 -7.950000000007992007e+00 6.750000000002430056e+00 7.950000000009665335e+00
-9.099999999989902832e+00 -8.949999999993879740e+00 9.099999999991448263e+00 8.949999999995808864e+00 -9.099999999992995470e+00 -8.949999999997741540e+00 9.099999999994544453e+00 8.949999999999674216e+00 -9.099999999996086331e+00 -8.950000000001590905e+00 9.099999999997628208e+00 8.950000000003537792e+00 -9.099999999999186073e+00 -8.950000000005456258e+00 9.100000000000711964e+00 8.950000000007371170e+00 -9.100000000002271605e+00 -8.950000000009319834e+00 9.100000000003829470e+00 8.950000000011234746e+00
-8.149999999991115018e+00 -7.849999999994832223e+00 8.149999999992504129e+00 7.849999999996528643e+00 -8.149999999993891464e+00 -7.849999999998226841e+00 8.149999999995284128e+00 7.849999999999925038e+00 -8.149999999996667910e+00 -7.850000000001610800e+00 8.149999999998053468e+00 7.850000000003323208e+00 -8.149999999999451461e+00 -7.850000000005007195e+00 8.150000000000822808e+00 7.850000000006692957e+00 -8.150000000002222578e+00 -7.850000000008403589e+00 8.150000000003622347e+00 7.850000000010087575e+00
1.719999999998095319e+01 1.704999999998855742e+01 -1.719999999998386997e+01 -1.704999999999223093e+01 1.719999999998679030e+01 1.704999999999590798e+01 -1.719999999998971774e+01 -1.704999999999958504e+01 1.719999999999262741e+01 1.705000000000323368e+01 -1.719999999999554063e+01 -1.705000000000694271e+01 1.719999999999848228e+01 1.705000000001059135e+01 -1.720000000000136353e+01 -1.705000000001423643e+01 1.720000000000430518e+01 1.705000000001794547e+01 -1.720000000000724683e+01 -1.705000000002159055e+01
-4.149999999995491073e+00 -3.349999999997891997e+00 4.149999999996213162e+00 3.349999999998630962e+00 -4.149999999996934363e+00 -3.349999999999371703e+00 4.149999999997658229e+00 3.350000000000112443e+00 -4.149999999998377653e+00 -3.350000000000846079e+00 4.149999999999097966e+00 3.350000000001593481e+00 -4.149999999999824496e+00 -3.350000000002327116e+00 4.150000000000538591e+00 3.350000000003059863e+00 -4.150000000001265121e+00 -3.350000000003807710e+00 4.150000000001991651e+00 3.350000000004540457e+00
1.789999999998030589e+01 1.794999999998768203e+01 -1.789999999998333990e+01 -1.794999999999154383e+01 1.789999999998637392e+01 1.794999999999541274e+01 -1.789999999998941504e+01 -1.794999999999927809e+01 1.789999999999243840e+01 1.795000000000311147e+01 -1.789999999999546532e+01 -1.795000000000701235e+01 1.789999999999852065e+01 1.795000000001084928e+01 -1.790000000000151559e+01 -1.795000000001468266e+01 1.790000000000457092e+01 1.795000000001857998e+01 -1.790000000000762981e+01 -1.795000000002241336e+01
-5.149999999994226307e+00 -5.049999999996628297e+00 5.149999999995102051e+00 5.049999999997716316e+00 -5.149999999995976907e+00 -5.049999999998807887e+00 5.149999999996854427e+00 5.049999999999897682e+00 -5.149999999997727507e+00 -5.050000000000979483e+00 5.149999999998600586e+00 5.050000000002079048e+00 -5.149999999999482547e+00 -5.050000000003160849e+00 5.150000000000346745e+00 5.050000000004242651e+00 -5.150000000001228706e+00 -5.050000000005341327e+00 5.150000000002111555e+00 5.050000000006423129e+00
3.099999999997019806e+00 -2.999999999995432987e-01 -3.099999999997622879e+00 2.999999999995308642e-01 3.099999999998225952e+00 -2.999999999995168753e-01 -3.099999999998828581e+00 2.999999999995022204e-01 3.099999999999431655e+00 -2.999999999994935607e-01 -3.100000000000034728e+00 2.999999999994740207e-01 3.100000000000637357e+00 -2.999999999994649169e-01 -3.100000000001240430e+00 2.999999999994564792e-01 3.100000000001843503e+00 -2.999999999994362732e-01 -3.100000000002445688e+00 2.999999999994278355e-01
-6.049999999993493915e+00 -5.599999999996225775e+00 6.049999999994529531e+00 5.599999999997440803e+00 -6.049999999995566036e+00 -5.599999999998658495e+00 6.049999999996604316e+00 5.599999999999876188e+00 -6.049999999997637268e+00 -5.600000000001083222e+00 6.049999999998670219e+00 5.600000000002309797e+00 -6.049999999999712941e+00 -5.600000000003516831e+00 6.050000000000737010e+00 5.600000000004722978e+00 -6.050000000001779732e+00 -5.600000000005950440e+00 6.050000000002824230e+00 5.600000000007156586e+00
-1.214999999998673808e+01 -1.174999999999202949e+01 1.214999999998880753e+01 1.174999999999456790e+01 -1.214999999999087699e+01 -1.174999999999710809e+01 1.214999999999294999e+01 1.174999999999965006e+01 -1.214999999999501412e+01 -1.175000000000217071e+01 1.214999999999707825e+01 1.175000000000473399e+01 -1.214999999999916014e+01 -1.175000000000725464e+01 1.215000000000120295e+01 1.175000000000977352e+01 -1.215000000000328839e+01 -1.175000000001233502e+01 1.215000000000537383e+01 1.175000000001485390e+01
-2.399999999997469935e+00 -1.649999999999039346e+00 2.399999999997894040e+00 1.649999999999411271e+00 -2.399999999998318145e+00 -1.649999999999784306e+00 2.399999999998743139e+00 1.650000000000157341e+00 -2.399999999999165912e+00 -1.650000000000526157e+00 2.399999999999589129e+00 1.650000000000903189e+00 -2.400000000000015010e+00 -1.650000000001272227e+00 2.400000000000435563e+00 1.650000000001640599e+00 -2.400000000000861444e+00 -1.650000000002018075e+00 2.400000000001287770e+00 1.650000000002386447e+00
-1.344999999998508855e+01 -1.444999999999017426e+01 1.344999999998734630e+01 1.444999999999325979e+01 -1.344999999998960227e+01 -1.444999999999635243e+01 1.344999999999186890e+01 1.444999999999944151e+01 -1.344999999999411777e+01 -1.445000000000251106e+01 1.344999999999636842e+01 1.445000000000562324e+01 -1.344999999999864571e+01 -1.445000000000869100e+01 1.345000000000086970e+01 1.445000000001175700e+01 -1.345000000000314699e+01 -1.445000000001487095e+01 1.345000000000542428e+01 1.445000000001793872e+01
-8.499999999990803801e-01 -1.599999999998921840e+00 8.499999999992076116e-01 1.599999999999249134e+00 -8.499999999993343991e-01 -1.599999999999576650e+00 8.499999999994622968e-01 1.599999999999903944e+00 -8.499999999995884181e-01 -1.600000000000230127e+00 8.499999999997147615e-01 1.600000000000558753e+00 -8.499999999998437694e-01 -1.600000000000884937e+00 8.499999999999674483e-01 1.600000000001210676e+00 -8.500000000000964562e-01 -1.600000000001539524e+00 8.500000000002259082e-01 1.600000000001865263e+00
-2.099999999997968825e+00 -2.049999999998625810e+00 2.099999999998325872e+00 2.049999999999068123e+00 -2.099999999998682920e+00 -2.049999999999510880e+00 2.099999999999041300e+00 2.049999999999953637e+00 -2.099999999999397016e+00 -2.050000000000393285e+00 2.099999999999753619e+00 2.050000000000840039e+00 -2.100000000000113332e+00 -2.050000000001279243e+00 2.100000000000465938e+00 2.050000000001718448e+00 -2.100000000000825651e+00 -2.050000000002165201e+00 2.100000000001185807e+00 2.050000000002603961e+00
-1.804999999998012328e+01 -1.894999999998704965e+01 1.804999999998316085e+01 1.894999999999110685e+01 -1.804999999998620197e+01 -1.894999999999517115e+01 1.804999999998925020e+01 1.894999999999923190e+01 -1.804999999999228066e+01 -1.895000000000326779e+01 1.804999999999530758e+01 1.895000000000736051e+01 -1.804999999999837357e+01 -1.895000000001139284e+01 1.805000000000137206e+01 1.895000000001542162e+01 -1.805000000000443450e+01 -1.895000000001951790e+01 1.805000000000750404e+01 1.895000000002354668e+01
-7.199999999992361843e+00 -7.449999999994779465e+00 7.199999999993576871e+00 7.449999999996377298e+00 -7.199999999994791899e+00 -7.449999999997976907e+00 7.199999999996010480e+00 7.449999999999576517e+00 -7.199999999997221067e+00 -7.450000000001163691e+00 7.199999999998432543e+00 7.450000000002776623e+00 -7.199999999999657341e+00 -7.450000000004363798e+00 7.200000000000855493e+00 7.450000000005950085e+00 -7.200000000002080291e+00 -7.450000000007562129e+00 7.200000000003305978e+00 7.450000000009148415e+00
1.799999999997978328e+00 2.599999999998185540e+00 -1.799999999998265432e+00 -2.599999999998726885e+00 1.799999999998552314e+00 2.599999999999268674e+00 -1.799999999998840750e+00 -2.599999999999810463e+00 1.799999999999126299e+00 2.600000000000348699e+00 -1.799999999999411626e+00 -2.600000000000894040e+00 1.799999999999702283e+00 2.600000000001432277e+00 -1.799999999999983391e+00 -2.600000000001970957e+00 1.800000000000273603e+00 2.600000000002515854e+00 -1.800000000000564038e+00 -2.600000000003054090e+00
-1.514999999998322266e+01 -1.679999999998842242e+01 1.514999999998575397e+01 1.679999999999200000e+01 -1.514999999998828528e+01 -1.679999999999558469e+01 1.514999999999082547e+01 1.679999999999916582e+01 -1.514999999999334612e+01 -1.680000000000272209e+01 1.514999999999586855e+01 1.680000000000633165e+01 -1.514999999999842117e+01 -1.680000000000988791e+01 1.515000000000091518e+01 1.680000000001344418e+01 -1.515000000000346780e+01 -1.680000000001705018e+01 1.515000000000602220e+01 1.680000000002060645e+01
-1.549999999998309441e+01 -1.524999999998965627e+01 1.549999999998572697e+01 1.524999999999294253e+01 -1.549999999998836131e+01 -1.524999999999623590e+01 1.549999999999100275e+01 1.524999999999952749e+01 -1.549999999999362821e+01 -1.525000000000279243e+01 1.549999999999625366e+01 1.525000000000611244e+01 -1.549999999999890576e+01 -1.525000000000937739e+01 1.550000000000150635e+01 1.525000000001264233e+01 -1.550000000000415845e+01 -1.525000000001596057e+01 1.550000000000681410e+01 1.525000000001922551e+01
-1.539999999998280167e+01 -1.714999999998831370e+01 1.539999999998537206e+01 1.714999999999196234e+01 -1.539999999998794245e+01 -1.714999999999562164e+01 1.539999999999052172e+01 1.714999999999927738e+01 -1.539999999999308500e+01 -1.715000000000290470e+01 1.539999999999564650e+01 1.715000000000658531e+01 -1.539999999999823821e+01 -1.715000000001021618e+01 1.540000000000077129e+01 1.715000000001384350e+01 -1.540000000000336655e+01 -1.715000000001752412e+01 1.540000000000596003e+01 1.715000000002114788e+01
