9.904153614606869382e+00 1.409410036244099018e+01 6.664455060138975817e+00 -6.259563564609692321e+00 -1.402301335826892270e+01 -1.022547732477219462e+01 2.002243819964445670e+00 1.257925610251000847e+01 1.278555862376676977e+01 2.451069500232062826e+00 -9.904153614606235223e+00 -1.409410036244176823e+01 -6.664455060140516807e+00 6.259563564608646047e+00 1.402301335826924245e+01 1.022547732477360860e+01 -2.002243819963096083e+00 -1.257925610250984327e+01 -1.278555862376791730e+01 -2.451069500233610476e+00
1.210874994137478211e+01 2.577890077904420707e+01 1.819616545509193273e+01 -4.388025373490447301e+00 -2.335459865753788478e+01 -2.306695195473073312e+01 -3.762229691121931285e+00 1.864418569837415518e+01 2.567978448013552040e+01 1.154421150057180689e+01 -1.210874994137293292e+01 -2.577890077904487498e+01 -1.819616545509455108e+01 4.388025373488016356e+00 2.335459865753765740e+01 2.306695195473289317e+01 3.762229691124703734e+00 -1.864418569837306094e+01 -2.567978448013700188e+01 -1.154421150057468637e+01
3.618913560912506711e+00 3.168673289840527207e+00 1.060852972902011082e-01 -3.043962543376065977e+00 -3.684477880344544154e+00 -1.287400977552697334e+00 2.171047263559769736e+00 3.839620104653478805e+00 2.342696880282288951e+00 -1.085614751010431700e+00 -3.618913560912523586e+00 -3.168673289840878038e+00 -1.060852972905930169e-01 3.043962543375951402e+00 3.684477880344805278e+00 1.287400977553114556e+00 -2.171047263559536589e+00 -3.839620104653624022e+00 -2.342696880282690408e+00 1.085614751010095747e+00
-5.455569558544819841e+00 -1.404088830560648127e+01 -1.105048459169811714e+01 1.050264558235635581e+00 1.228514462837098087e+01 1.339178911143773298e+01 3.457847654657245862e+00 -9.326845399274471760e+00 -1.442221200686835836e+01 -7.627481646871054899e+00 5.455569558543682973e+00 1.404088830560670154e+01 1.105048459169950625e+01 -1.050264558234213164e+00 -1.228514462837070376e+01 -1.339178911143882900e+01 -3.457847654658813497e+00 9.326845399273725690e+00 1.442221200686904758e+01 7.627481646872633192e+00
-6.104853739610166308e+00 -1.466063487016093525e+01 -1.112975619224084411e+01 1.576821767340822467e+00 1.298342135291434651e+01 1.368610542374392125e+01 3.105560505879250144e+00 -1.003530009282841107e+01 -1.490276329966715174e+01 -7.483948879071546934e+00 6.104853739609025887e+00 1.466063487016121591e+01 1.112975619224230783e+01 -1.576821767339372515e+00 -1.298342135291411203e+01 -1.368610542374509542e+01 -3.105560505880866184e+00 1.003530009282768631e+01 1.490276329966791558e+01 7.483948879073191840e+00
-8.943696490379910102e+00 -1.803982017334482180e+01 -1.226338401342106721e+01 3.623347640768347588e+00 1.652288462776596134e+01 1.580046817829365935e+01 2.051679721269299428e+00 -1.338857401311448569e+01 -1.779089242953950745e+01 -7.525874377296029039e+00 8.943696490378671982e+00 1.803982017334534760e+01 1.226338401342291640e+01 -3.623347640766687139e+00 -1.652288462776587252e+01 -1.580046817829520478e+01 -2.051679721271215229e+00 1.338857401311378403e+01 1.779089242954059458e+01 7.525874377298042539e+00
-9.084988253597341412e+00 -1.711831830987598480e+01 -1.103880183958958661e+01 4.141428461296332131e+00 1.590734298553834947e+01 1.455877475881909611e+01 1.207523203825371150e+00 -1.313924609680016076e+01 -1.665363336770682068e+01 -6.438274084447881407e+00 9.084988253596232965e+00 1.711831830987656033e+01 1.103880183959136119e+01 -4.141428461294808017e+00 -1.590734298553834236e+01 -1.455877475882060601e+01 -1.207523203827159497e+00 1.313924609679957101e+01 1.665363336770791491e+01 6.438274084449785661e+00
2.039758285889826439e+01 4.042842169883153502e+01 2.712887723717081201e+01 -8.536513796307348301e+00 -3.716415106809259328e+01 -3.515256602728216251e+01 -4.160168714055564543e+00 3.026199439294153137e+01 3.973527673231335910e+01 1.644962492508712870e+01 -2.039758285889552525e+01 -4.042842169883276426e+01 -2.712887723717496868e+01 8.536513796303658808e+00 3.716415106809243696e+01 3.515256602728564417e+01 4.160168714059841122e+00 -3.026199439294000371e+01 -3.973527673231583179e+01 -1.644962492509163354e+01
-4.509111142796293770e+00 -7.268487534109523196e+00 -4.035508415246348513e+00 2.524462870141552351e+00 7.003192505304700610e+00 5.708283677025137948e+00 -2.927025827901845734e-01 -6.052376199969161874e+00 -6.822292360545612944e+00 -1.967709472743559562e+00 4.509111142795897642e+00 7.268487534109850046e+00 4.035508415247123892e+00 -2.524462870140961712e+00 -7.003192505304785875e+00 -5.708283677025824510e+00 2.927025827894582655e-01 6.052376199968996673e+00 6.822292360546144074e+00 1.967709472744362920e+00
1.839926160931988264e+01 4.180114852505683842e+01 3.074093565451221011e+01 -5.663011286268257116e+00 -3.739820468978119550e+01 -3.830121507146967730e+01 -7.627574038003462675e+00 2.933446401085504718e+01 4.211230469697398604e+01 2.017151927100229614e+01 -1.839926160931674204e+01 -4.180114852505776923e+01 -3.074093565451641652e+01 5.663011286264207911e+00 3.739820468978066970e+01 3.830121507147309501e+01 7.627574038008020807e+00 -2.933446401085311095e+01 -4.211230469697626688e+01 -2.017151927100697861e+01
-6.726536209857306048e+00 -1.105756524599775048e+01 -6.272411345861414134e+00 3.683903475179065801e+00 1.060309961302003323e+01 8.780787687063540403e+00 -2.806646010853663942e-01 -9.110728713780670063e+00 -1.042963935011053245e+01 -3.150047679667919098e+00 6.726536209856689652e+00 1.105756524599823187e+01 6.272411345862588306e+00 -3.683903475178155418e+00 -1.060309961302014514e+01 -8.780787687064576019e+00 2.806646010842550609e-01 9.110728713780403609e+00 1.042963935011132648e+01 3.150047679669142120e+00
4.590123102462118965e+00 1.612990137614215502e+00 -2.693939472496437837e+00 -4.779905922618227443e+00 -2.925176944824523950e+00 1.341154185590585968e+00 4.501798247505513828e+00 3.951027051769183451e+00 1.429126173716025461e-01 -3.783023194054122129e+00 -4.590123102462443150e+00 -1.612990137614740638e+00 2.693939472496147847e+00 4.779905922618406855e+00 2.925176944825029324e+00 -1.341154185590178738e+00 -4.501798247505535144e+00 -3.951027051769617771e+00 -1.429126173720898230e-01 3.783023194053974247e+00
-6.388215380572090929e+00 -1.171784100999747658e+01 -7.386932888197015323e+00 3.033980587284517583e+00 1.095359097809213189e+01 9.842737885848572787e+00 6.172413648723606983e-01 -9.117127143094933217e+00 -1.133506712084578893e+01 -4.208043431662142453e+00 6.388215380571351076e+00 1.171784100999789224e+01 7.386932888198235680e+00 -3.033980587283489072e+00 -1.095359097809214965e+01 -9.842737885849619062e+00 -6.172413648735759484e-01 9.117127143094553077e+00 1.133506712084655277e+01 4.208043431663444522e+00
-1.182477662345414693e+01 -2.482983759441781757e+01 -1.736444808617830660e+01 4.416704595909921593e+00 2.255659573659501760e+01 2.210016403587817635e+01 3.423705250472651951e+00 -1.807535712703000641e+01 -2.467256194884885190e+01 -1.092897897258194106e+01 1.182477662345238656e+01 2.482983759441848193e+01 1.736444808618083613e+01 -4.416704595907594566e+00 -2.255659573659482220e+01 -2.210016403588026535e+01 -3.423705250475314266e+00 1.807535712702897257e+01 2.467256194885029785e+01 1.092897897258471573e+01
-1.765494154955721484e+00 -3.531156641286485431e+00 -2.385629439609976643e+00 7.266810372114611560e-01 3.239894233197000872e+00 3.082043061309858167e+00 3.832646835395995266e-01 -2.631488403891636629e+00 -3.476764834311987240e+00 -1.455693786703752934e+00 1.765494154955480344e+00 3.531156641286590236e+00 2.385629439610339020e+00 -7.266810372111374150e-01 -3.239894233196984885e+00 -3.082043061310161036e+00 -3.832646835399738938e-01 2.631488403891501182e+00 3.476764834312201291e+00 1.455693786704146842e+00
-1.257315790785060727e+01 -2.930052011219081720e+01 -2.187166930503943618e+01 3.588830791150305899e+00 2.609059292906225025e+01 2.708250070338835869e+01 5.746796088242523304e+00 -2.032673672618638605e+01 -2.964230823801131010e+01 -1.451988652623552412e+01 1.257315790784837084e+01 2.930052011219142472e+01 2.187166930504237783e+01 -3.588830791147440635e+00 -2.609059292906183103e+01 -2.708250070339073190e+01 -5.746796088245734069e+00 2.032673672618498983e+01 2.964230823801287684e+01 1.451988652623881038e+01
-2.757603764735270691e+00 -4.210379677242383600e+00 -2.191994396934828337e+00 1.633535717990321157e+00 4.112330805190294925e+00 3.200799081687526471e+00 -3.495658136558230655e-01 -3.611738341632581673e+00 -3.896287251046063993e+00 -9.686220280875839084e-01 2.757603764735057972e+00 4.210379677242591434e+00 2.191994396935281753e+00 -1.633535717989991864e+00 -4.112330805190364202e+00 -3.200799081687934589e+00 3.495658136554097295e-01 3.611738341632505733e+00 3.896287251046386846e+00 9.686220280880477596e-01
1.059643753608237482e+00 7.075940836020468971e-01 -2.278170197068501435e-01 -9.754090524118782524e-01 -9.188450922137245680e-01 -1.047581362772231350e-01 7.956945170909360820e-01 1.040153141229307687e+00 4.270788359896335873e-01 -5.380918585074223603e-01 -1.059643753608269900e+00 -7.075940836021570313e-01 2.278170197067544422e-01 9.754090524118743666e-01 9.188450922138168275e-01 1.047581362773341573e-01 -7.956945170908967802e-01 -1.040153141229373190e+00 -4.270788359897492170e-01 5.380918585073493077e-01
-1.651349787887689047e+01 -3.834932210762941907e+01 -2.856883406168034512e+01 4.764643434335975591e+00 3.417000834795037179e+01 3.540461052093655070e+01 7.450607506780979605e+00 -2.664589609472576370e+01 -3.877473702397644928e+01 -1.893654107369940931e+01 1.651349787887396658e+01 3.834932210763022198e+01 2.856883406168419626e+01 -4.764643434332230143e+00 -3.417000834794983177e+01 -3.540461052093966288e+01 -7.450607506785180689e+00 2.664589609472394471e+01 3.877473702397850275e+01 1.893654107370370809e+01
-1.560755467193151169e+00 -1.184955619938964055e+01 -1.236923329323124676e+01 -2.691349624463295953e+00 9.205362057186469826e+00 1.351290174291732882e+01 6.680006663141863754e+00 -5.660082939296805726e+00 -1.333383322008384120e+01 -1.001477810728890283e+01 1.560755467191841994e+00 1.184955619938944160e+01 1.236923329323231968e+01 2.691349624464759671e+00 -9.205362057185823232e+00 -1.351290174291803581e+01 -6.680006663143340795e+00 5.660082939295778104e+00 1.333383322008411120e+01 1.001477810729025997e+01
