-6.844320123124412625e+00 -1.695159536832095171e+01 -2.539953035015633986e+01 -3.136118233238447317e+01 -3.425298328171304973e+01 -3.379186357285983178e+01 -3.002296081573728515e+01 -2.331520147170220270e+01 -1.432518776105618485e+01 -3.932924862905936791e+00 6.844320123124347788e+00 1.695159536832083091e+01 2.539953035015619776e+01 3.136118233238431330e+01 3.425298328171290052e+01 3.379186357285968967e+01 3.002296081573718567e+01 2.331520147170213164e+01 1.432518776105615643e+01 3.932924862905953667e+00
4.266143278727538046e+01 4.121682912487253958e+01 3.573763505319241318e+01 2.676019226376095972e+01 1.516327540632963355e+01 2.082071503374727683e+00 -1.120294006497565320e+01 -2.339132980429300801e+01 -3.329001320538815634e+01 -3.993003816877921963e+01 -4.266143278727518862e+01 -4.121682912487236194e+01 -3.573763505319228528e+01 -2.676019226376089577e+01 -1.516327540632962467e+01 -2.082071503374779198e+00 1.120294006497555372e+01 2.339132980429286945e+01 3.329001320538798581e+01 3.993003816877903489e+01
5.851366231443249433e+01 5.744666098818755984e+01 5.075638022999624610e+01 3.909771133439733148e+01 2.361188604361468890e+01 5.814764833199372873e+00 -1.255154607293833635e+01 -2.968922419769305776e+01 -4.392071420098913137e+01 -5.385293868468254175e+01 -5.851366231443223143e+01 -5.744666098818731825e+01 -5.075638022999606846e+01 -3.909771133439722490e+01 -2.361188604361466759e+01 -5.814764833199427940e+00 1.255154607293821201e+01 2.968922419769287657e+01 4.392071420098890400e+01 5.385293868468228595e+01
4.510539656008035081e+01 4.280457998616034843e+01 3.631375288614948005e+01 2.626828264084846865e+01 1.365148986877413684e+01 -3.016058471786351447e-01 -1.422517828139803697e+01 -2.675629115278915293e+01 -3.666831182410294332e+01 -4.299098265092230520e+01 -4.510539656008015186e+01 -4.280457998616017079e+01 -3.631375288614935215e+01 -2.626828264084841180e+01 -1.365148986877414039e+01 3.016058471785676431e-01 1.422517828139792506e+01 2.675629115278899661e+01 3.666831182410275147e+01 4.299098265092209914e+01
2.493557530425046664e+01 2.429017238651055521e+01 2.126707815599646523e+01 1.616221413912696647e+01 9.475279993552272018e+00 1.860839424051018653e+00 -5.935753073506977451e+00 -1.315131270340660663e+01 -1.907953021531319138e+01 -2.314011037484116073e+01 -2.493557530425035296e+01 -2.429017238651045218e+01 -2.126707815599638707e+01 -1.616221413912692384e+01 -9.475279993552264912e+00 -1.860839424051045299e+00 5.935753073506923272e+00 1.315131270340652669e+01 1.907953021531309545e+01 2.314011037484105415e+01
3.677154318282919121e+01 2.262526897026616979e+01 6.264275791375187197e+00 -1.070990834775145473e+01 -2.663573203748093832e+01 -3.995426469332421249e+01 -4.936179554325379115e+01 -5.393744992155697560e+01 -5.323333089722677158e+01 -4.731836254625034144e+01 -3.677154318282907752e+01 -2.262526897026613426e+01 -6.264275791375229829e+00 1.070990834775132683e+01 2.663573203748075713e+01 3.995426469332397801e+01 4.936179554325354957e+01 5.393744992155673401e+01 5.323333089722655131e+01 4.731836254625016380e+01
1.002716226449891224e+00 -1.106897470593378507e+01 -2.205715727201899057e+01 -3.088623160306760340e+01 -3.669194638777850770e+01 -3.890599781223073705e+01 -3.731165909679555170e+01 -3.206499522335078467e+01 -2.367958620748592935e+01 -1.297625430825389081e+01 -1.002716226449924974e+00 1.106897470593368560e+01 2.205715727201885556e+01 3.088623160306743642e+01 3.669194638777833006e+01 3.890599781223056652e+01 3.731165909679540960e+01 3.206499522335067098e+01 2.367958620748586185e+01 1.297625430825387127e+01
5.719032051735801758e-01 -1.264417523464737236e+01 -2.462255370535193322e+01 -3.419070506395729581e+01 -4.041203199025265036e+01 -4.267754765815867302e+01 -4.076548760932489301e+01 -3.486301760343691569e+01 -2.554791252959777026e+01 -1.373199977458820520e+01 -5.719032051736228084e-01 1.264417523464725690e+01 2.462255370535178400e+01 3.419070506395711107e+01 4.041203199025245141e+01 4.267754765815848117e+01 4.076548760932475091e+01 3.486301760343679490e+01 2.554791252959769565e+01 1.373199977458818211e+01
-1.221277853408854774e+01 -3.052462950653956497e+01 -4.584851706529097015e+01 -5.668443232828950329e+01 -6.197168041133181049e+01 -6.119270863362618229e+01 -5.442376818018994555e+01 -4.232745010458681634e+01 -2.608782630006060543e+01 -7.294544292710643418e+00 1.221277853408843228e+01 3.052462950653935536e+01 4.584851706529072146e+01 5.668443232828921197e+01 6.197168041133153338e+01 6.119270863362592650e+01 5.442376818018976081e+01 4.232745010458668844e+01 2.608782630006055214e+01 7.294544292710671840e+00
-1.179257068420164778e+01 -2.750409224107082551e+01 -4.052332161710508984e+01 -4.957584593067329592e+01 -5.377554102931772917e+01 -5.271131149578673813e+01 -4.648733153174548960e+01 -3.571284766109272368e+01 -2.144254143533124690e+01 -5.073289854908524354e+00 1.179257068420154297e+01 2.750409224107063721e+01 4.052332161710487668e+01 4.957584593067305434e+01 5.377554102931749469e+01 5.271131149578652497e+01 4.648733153174534038e+01 3.571284766109261000e+01 2.144254143533120782e+01 5.073289854908555441e+00
3.441847710841052077e+01 6.868775942668145262e+01 9.623340527650795195e+01 1.143590549203091626e+02 1.212904434821227824e+02 1.163490783556946724e+02 1.000186547881148442e+02 7.389770841892959652e+01 4.054313947408959962e+01 3.219925556862789584e+00 -3.441847710841025076e+01 -6.868775942668099788e+01 -9.623340527650744036e+01 -1.143590549203085942e+02 -1.212904434821222566e+02 -1.163490783556941892e+02 -1.000186547881145316e+02 -7.389770841892939757e+01 -4.054313947408954988e+01 -3.219925556862896165e+00
-7.348016739196355118e+00 -1.400851033579973581e+01 -1.929775333770433221e+01 -2.269799778756077657e+01 -2.387640406772097990e+01 -2.271762156104351860e+01 -1.933507997299445691e+01 -1.405988604176508971e+01 -7.408412503781475422e+00 -3.175193248264607249e-02 7.348016739196300051e+00 1.400851033579964700e+01 1.929775333770423273e+01 2.269799778756066289e+01 2.387640406772087331e+01 2.271762156104342623e+01 1.933507997299438941e+01 1.405988604176505241e+01 7.408412503781466540e+00 3.175193248266938717e-02
2.403606363302553817e+01 5.751642985583102785e+01 8.536668718381686460e+01 1.048606583855669783e+02 1.140901377373701422e+02 1.121516794947080058e+02 9.923503345640504847e+01 7.660457093225525682e+01 4.647551926982630022e+01 1.179711996728332579e+01 -2.403606363302532145e+01 -5.751642985583063705e+01 -8.536668718381639565e+01 -1.048606583855664525e+02 -1.140901377373696448e+02 -1.121516794947075368e+02 -9.923503345640470741e+01 -7.660457093225502945e+01 -4.647551926982620785e+01 -1.179711996728338796e+01
-1.064155943537598503e+01 -2.066468354817196129e+01 -2.866500445595639945e+01 -3.385939500676193603e+01 -3.573939206202864938e+01 -3.412096841127732461e+01 -2.916254663766413913e+01 -2.134949161174629850e+01 -1.144659959621593792e+01 -4.232346590589926016e-01 1.064155943537590332e+01 2.066468354817182629e+01 2.866500445595625024e+01 3.385939500676176550e+01 3.573939206202849306e+01 3.412096841127718960e+01 2.916254663766404676e+01 2.134949161174623811e+01 1.144659959621592371e+01 4.232346590590259083e-01
3.410723799604641471e+01 2.917930976670920984e+01 2.139510739320081001e+01 1.151660283956729813e+01 5.107729591066911823e-01 -1.054505493735573829e+01 -2.056865938483178624e+01 -2.857886014144373377e+01 -3.379156294678400485e+01 -3.569651213122984501e+01 -3.410723799604627970e+01 -2.917930976670910681e+01 -2.139510739320075672e+01 -1.151660283956729813e+01 -5.107729591067406982e-01 1.054505493735564237e+01 2.056865938483166545e+01 2.857886014144358811e+01 3.379156294678384853e+01 3.569651213122968869e+01
-3.278771165302306834e+00 -1.311099083310958768e+01 -2.165981536852747880e+01 -2.808842626286635280e+01 -3.176754629102246597e+01 -3.233703755070335006e+01 -2.974115426953252239e+01 -2.423399958965333667e+01 -1.635465218173524349e+01 -6.874397468706774816e+00 3.278771165302259760e+00 1.311099083310948821e+01 2.165981536852735090e+01 2.808842626286620359e+01 3.176754629102232030e+01 3.233703755070321506e+01 2.974115426953241581e+01 2.423399958965325141e+01 1.635465218173520086e+01 6.874397468706776593e+00
-1.663388763902614187e+01 -4.010411237359721071e+01 -5.964866716725927631e+01 -7.335439482188823490e+01 -7.987968322122925713e+01 -7.858579167239723517e+01 -6.959937529526433764e+01 -5.380008713686896726e+01 -3.273447160226827179e+01 -8.464577912762845102e+00 1.663388763902598555e+01 4.010411237359693359e+01 5.964866716725895657e+01 7.335439482188786542e+01 7.987968322122890186e+01 7.858579167239690833e+01 6.959937529526411026e+01 5.380008713686880384e+01 3.273447160226820785e+01 8.464577912762887735e+00
-5.833267785449656184e-01 -2.907822112478563703e+00 -4.947679558054784543e+00 -6.503223655978094264e+00 -7.422186911830730871e+00 -7.614614799336345108e+00 -7.061671136141955074e+00 -5.817481900586074062e+00 -4.003837003821045570e+00 -1.798268644749266620e+00 5.833267785449554044e-01 2.907822112478540610e+00 4.947679558054756122e+00 6.503223655978059625e+00 7.422186911830697120e+00 7.614614799336311357e+00 7.061671136141929317e+00 5.817481900586054522e+00 4.003837003821035800e+00 1.798268644749266176e+00
1.053142180073402301e+01 -2.254016522484211649e+01 -5.340536383164500478e+01 -7.904287332955685486e+01 -9.694311566188989104e+01 -1.053538903908334134e+02 -1.034518922846050515e+02 -9.142330216984255742e+01 -7.044556225509418823e+01 -4.257211988372393563e+01 -1.053142180073408696e+01 2.254016522484187135e+01 5.340536383164465661e+01 7.904287332955640011e+01 9.694311566188940787e+01 1.053538903908329303e+02 1.034518922846046536e+02 9.142330216984221636e+01 7.044556225509396086e+01 4.257211988372385036e+01
-5.879059102467893538e+00 -1.229645585962660803e+01 -1.751018984279931701e+01 -2.100990444349239539e+01 -2.245302321264457746e+01 -2.169828363033153806e+01 -1.881956486544996210e+01 -1.409865596791949649e+01 -7.997672393136827651e+00 -1.113820921453778423e+00 5.879059102467845577e+00 1.229645585962652632e+01 1.751018984279922464e+01 2.100990444349229236e+01 2.245302321264447798e+01 2.169828363033144569e+01 1.881956486544989815e+01 1.409865596791945563e+01 7.997672393136815217e+00 1.113820921453795743e+00
