-1.619999999984167260e+01 1.619999999985417816e+01 -1.619999999986668726e+01 1.619999999987919637e+01 -1.619999999989169837e+01 1.619999999990421102e+01 -1.619999999991671658e+01 1.619999999992922568e+01 -1.619999999994172768e+01 1.619999999995424034e+01 -1.619999999996674234e+01 1.619999999997925499e+01 -1.619999999999175699e+01 1.620000000000426610e+01 -1.620000000001677165e+01 1.620000000002928431e+01 -1.620000000004178631e+01 1.620000000005429897e+01 -1.620000000006680096e+01 1.620000000007931007e+01
-1.664999999983760048e+01 1.664999999985045420e+01 -1.664999999986331147e+01 1.664999999987616874e+01 -1.664999999988901891e+01 1.664999999990187618e+01 -1.664999999991472990e+01 1.664999999992758717e+01 -1.664999999994043733e+01 1.664999999995329460e+01 -1.664999999996614832e+01 1.664999999997900559e+01 -1.664999999999185576e+01 1.665000000000471303e+01 -1.665000000001756320e+01 1.665000000003042402e+01 -1.665000000004327418e+01 1.665000000005613501e+01 -1.665000000006898517e+01 1.665000000008184244e+01
-1.844999999981844141e+01 1.844999999983268779e+01 -1.844999999984693417e+01 1.844999999986118056e+01 -1.844999999987541983e+01 1.844999999988966977e+01 -1.844999999990390904e+01 1.844999999991815898e+01 -1.844999999993239470e+01 1.844999999994664464e+01 -1.844999999996088746e+01 1.844999999997513385e+01 -1.844999999998937668e+01 1.845000000000362306e+01 -1.845000000001786233e+01 1.845000000003211227e+01 -1.845000000004635154e+01 1.845000000006060148e+01 -1.845000000007484076e+01 1.845000000008908714e+01
1.104999999989042614e+01 -1.104999999989895620e+01 1.104999999990748805e+01 -1.104999999991602166e+01 1.104999999992454995e+01 -1.104999999993308357e+01 1.104999999994161364e+01 -1.104999999995014726e+01 1.104999999995867377e+01 -1.104999999996720739e+01 1.104999999997573745e+01 -1.104999999998427107e+01 1.104999999999279936e+01 -1.105000000000133298e+01 1.105000000000986127e+01 -1.105000000001839489e+01 1.105000000002692317e+01 -1.105000000003545857e+01 1.105000000004398686e+01 -1.105000000005251870e+01
1.099999999989488408e+01 -1.099999999990337685e+01 1.099999999991186961e+01 -1.099999999992036415e+01 1.099999999992885336e+01 -1.099999999993734967e+01 1.099999999994583888e+01 -1.099999999995433519e+01 1.099999999996282440e+01 -1.099999999997131894e+01 1.099999999997980993e+01 -1.099999999998830447e+01 1.099999999999679545e+01 -1.100000000000528821e+01 1.100000000001377920e+01 -1.100000000002227374e+01 1.100000000003076472e+01 -1.100000000003925926e+01 1.100000000004775025e+01 -1.100000000005624479e+01
-3.549999999965758768e+00 3.549999999968499242e+00 -3.549999999971240161e+00 3.549999999973981524e+00 -3.549999999976721554e+00 3.549999999979463361e+00 -3.549999999982203391e+00 3.549999999984945198e+00 -3.549999999987684340e+00 3.549999999990426147e+00 -3.549999999993166178e+00 3.549999999995907984e+00 -3.549999999998648015e+00 3.550000000001389378e+00 -3.550000000004129408e+00 3.550000000006870771e+00 -3.550000000009610801e+00 3.550000000012352608e+00 -3.550000000015092638e+00 3.550000000017834001e+00
-3.599999999964471620e+00 3.599999999967250730e+00 -3.599999999970030284e+00 3.599999999972810283e+00 -3.599999999975588949e+00 3.599999999978369392e+00 -3.599999999981148058e+00 3.599999999983928056e+00 -3.599999999986706278e+00 3.599999999989486721e+00 -3.599999999992265387e+00 3.599999999995045386e+00 -3.599999999997824052e+00 3.600000000000604050e+00 -3.600000000003382716e+00 3.600000000006162715e+00 -3.600000000008941381e+00 3.600000000011721824e+00 -3.600000000014500490e+00 3.600000000017280488e+00
-9.449999999910035697e+00 9.449999999917331195e+00 -9.449999999924628469e+00 9.449999999931923966e+00 -9.449999999939217687e+00 9.449999999946516738e+00 -9.449999999953810459e+00 9.449999999961109509e+00 -9.449999999968401454e+00 9.449999999975700504e+00 -9.449999999982994225e+00 9.449999999990291499e+00 -9.449999999997586997e+00 9.450000000004882494e+00 -9.450000000012176216e+00 9.450000000019475266e+00 -9.450000000026768987e+00 9.450000000034068037e+00 -9.450000000041361758e+00 9.450000000048659032e+00
-2.099999999979771381e+00 2.099999999981392751e+00 -2.099999999983014121e+00 2.099999999984635934e+00 -2.099999999986256860e+00 2.099999999987878674e+00 -2.099999999989499599e+00 2.099999999991121413e+00 -2.099999999992741895e+00 2.099999999994363709e+00 -2.099999999995984634e+00 2.099999999997606448e+00 -2.099999999999227374e+00 2.100000000000848743e+00 -2.100000000002469669e+00 2.100000000004091483e+00 -2.100000000005712408e+00 2.100000000007334222e+00 -2.100000000008955148e+00 2.100000000010576517e+00
-1.599999999984093701e+00 1.599999999985328936e+00 -1.599999999986564392e+00 1.599999999987799848e+00 -1.599999999989034860e+00 1.599999999990270538e+00 -1.599999999991505550e+00 1.599999999992741229e+00 -1.599999999993976019e+00 1.599999999995211697e+00 -1.599999999996446487e+00 1.599999999997682165e+00 -1.599999999998917177e+00 1.600000000000152633e+00 -1.600000000001387646e+00 1.600000000002623324e+00 -1.600000000003858336e+00 1.600000000005094014e+00 -1.600000000006329026e+00 1.600000000007564260e+00
6.499999999937586814e+00 -6.499999999942605022e+00 6.499999999947624119e+00 -6.499999999952643215e+00 6.499999999957660535e+00 -6.499999999962680519e+00 6.499999999967696951e+00 -6.499999999972716935e+00 6.499999999977733367e+00 -6.499999999982753351e+00 6.499999999987770671e+00 -6.499999999992790656e+00 6.499999999997807087e+00 -6.500000000002826184e+00 6.500000000007843504e+00 -6.500000000012863488e+00 6.500000000017880808e+00 -6.500000000022900792e+00 6.500000000027917224e+00 -6.500000000032936320e+00
9.799999999905198322e+00 -9.799999999912763826e+00 9.799999999920331106e+00 -9.799999999927898386e+00 9.799999999935462114e+00 -9.799999999943031170e+00 9.799999999950594898e+00 -9.799999999958163954e+00 9.799999999965725905e+00 -9.799999999973294962e+00 9.799999999980858689e+00 -9.799999999988427746e+00 9.799999999995991473e+00 -9.800000000003558753e+00 9.800000000011122481e+00 -9.800000000018691537e+00 9.800000000026255265e+00 -9.800000000033824321e+00 9.800000000041388049e+00 -9.800000000048955329e+00
-1.764999999982773460e+01 1.764999999984136281e+01 -1.764999999985499102e+01 1.764999999986861923e+01 -1.764999999988224388e+01 1.764999999989587209e+01 -1.764999999990949675e+01 1.764999999992312851e+01 -1.764999999993674962e+01 1.764999999995038138e+01 -1.764999999996400248e+01 1.764999999997763425e+01 -1.764999999999125890e+01 1.765000000000488711e+01 -1.765000000001850822e+01 1.765000000003213998e+01 -1.765000000004576464e+01 1.765000000005939285e+01 -1.765000000007301750e+01 1.765000000008664571e+01
4.099999999960119546e+00 -4.099999999963285013e+00 4.099999999966450481e+00 -4.099999999969615949e+00 4.099999999972781417e+00 -4.099999999975947773e+00 4.099999999979112353e+00 -4.099999999982278709e+00 4.099999999985442400e+00 -4.099999999988608756e+00 4.099999999991773336e+00 -4.099999999994939692e+00 4.099999999998104272e+00 -4.100000000001270628e+00 4.100000000004435208e+00 -4.100000000007601564e+00 4.100000000010766144e+00 -4.100000000013932500e+00 4.100000000017097079e+00 -4.100000000020262547e+00
-1.234999999987920205e+01 1.234999999988873576e+01 -1.234999999989827302e+01 1.234999999990780850e+01 -1.234999999991734043e+01 1.234999999992687947e+01 -1.234999999993641140e+01 1.234999999994594866e+01 -1.234999999995548059e+01 1.234999999996501785e+01 -1.234999999997454978e+01 1.234999999998408882e+01 -1.234999999999362075e+01 1.235000000000315623e+01 -1.235000000001268816e+01 1.235000000002222720e+01 -1.235000000003175913e+01 1.235000000004129639e+01 -1.235000000005083010e+01 1.235000000006036558e+01
-1.079999999989428083e+01 1.079999999990261728e+01 -1.079999999991095727e+01 1.079999999991929727e+01 -1.079999999992763193e+01 1.079999999993597370e+01 -1.079999999994431015e+01 1.079999999995265014e+01 -1.079999999996098481e+01 1.079999999996932480e+01 -1.079999999997766125e+01 1.079999999998600302e+01 -1.079999999999433768e+01 1.080000000000267768e+01 -1.080000000001101412e+01 1.080000000001935412e+01 -1.080000000002769056e+01 1.080000000003603233e+01 -1.080000000004436700e+01 1.080000000005270699e+01
-1.284999999987387476e+01 1.284999999988379393e+01 -1.284999999989371666e+01 1.284999999990363762e+01 -1.284999999991355679e+01 1.284999999992348130e+01 -1.284999999993339870e+01 1.284999999994332320e+01 -1.284999999995323883e+01 1.284999999996316333e+01 -1.284999999997308251e+01 1.284999999998300702e+01 -1.284999999999292442e+01 1.285000000000284714e+01 -1.285000000001276454e+01 1.285000000002268905e+01 -1.285000000003260823e+01 1.285000000004253096e+01 -1.285000000005245013e+01 1.285000000006237109e+01
-5.599999999945572959e+00 5.599999999949896612e+00 -5.599999999954220264e+00 5.599999999958543917e+00 -5.599999999962866681e+00 5.599999999967191222e+00 -5.599999999971513986e+00 5.599999999975838527e+00 -5.599999999980160403e+00 5.599999999984484944e+00 -5.599999999988807708e+00 5.599999999993132249e+00 -5.599999999997455014e+00 5.600000000001778666e+00 -5.600000000006101430e+00 5.600000000010425971e+00 -5.600000000014748736e+00 5.600000000019073276e+00 -5.600000000023396041e+00 5.600000000027719693e+00
-6.149999999940098050e+00 6.149999999944845364e+00 -6.149999999949594454e+00 6.149999999954343544e+00 -6.149999999959089969e+00 6.149999999963839947e+00 -6.149999999968586373e+00 6.149999999973336351e+00 -6.149999999978081888e+00 6.149999999982831866e+00 -6.149999999987579180e+00 6.149999999992328270e+00 -6.149999999997075584e+00 6.150000000001823786e+00 -6.150000000006571099e+00 6.150000000011321077e+00 -6.150000000016067503e+00 6.150000000020817481e+00 -6.150000000025563907e+00 6.150000000030312997e+00
-1.449999999985627896e+00 1.449999999986747445e+00 -1.449999999987866994e+00 1.449999999988986543e+00 -1.449999999990105870e+00 1.449999999991225641e+00 -1.449999999992344746e+00 1.449999999993464739e+00 -1.449999999994583622e+00 1.449999999995703392e+00 -1.449999999996822719e+00 1.449999999997942490e+00 -1.449999999999061595e+00 1.450000000000181366e+00 -1.450000000001300471e+00 1.450000000002420242e+00 -1.450000000003539569e+00 1.450000000004659340e+00 -1.450000000005778666e+00 1.450000000006898215e+00
