3.607623792125946860e+00 2.238854381998463872e+00 -2.223935688188893867e+00 -3.613322226093162559e+00 -9.220259842519507032e-03 3.607623792125202122e+00 2.238854381998976351e+00 -2.223935688187833382e+00 -3.613322226093020006e+00 -9.220259843493838758e-03 3.607623792124457829e+00 2.238854381999492826e+00 -2.223935688186773785e+00 -3.613322226092878786e+00 -9.220259844464839816e-03 3.607623792123712647e+00 2.238854382000003973e+00 -2.223935688185714188e+00 -3.613322226092735345e+00 -9.220259845435174739e-03
9.973935688193876103e+00 1.144029556871548436e+01 -2.903444185381466536e+00 -1.323472275971916012e+01 -5.276064311808017493e+00 9.973935688190399773e+00 1.144029556871582187e+01 -2.903444185377784592e+00 -1.323472275971722212e+01 -5.276064311810507945e+00 9.973935688186923443e+00 1.144029556871616826e+01 -2.903444185374107978e+00 -1.323472275971528411e+01 -5.276064311812987739e+00 9.973935688183438231e+00 1.144029556871650222e+01 -2.903444185370430919e+00 -1.323472275971334788e+01 -5.276064311815465757e+00
7.014918693816962758e+00 8.032875042059998805e+00 -2.050328890442136842e+00 -9.300047984468875484e+00 -3.697416860965450525e+00 7.014918693814522044e+00 8.032875042060238613e+00 -2.050328890439549134e+00 -9.300047984467514794e+00 -3.697416860967202901e+00 7.014918693812080441e+00 8.032875042060485526e+00 -2.050328890436964979e+00 -9.300047984466155881e+00 -3.697416860968947283e+00 7.014918693809633510e+00 8.032875042060723558e+00 -2.050328890434380824e+00 -9.300047984464798745e+00 -3.697416860970689889e+00
9.744098300572280991e+00 1.719890603215405989e+01 8.854101966164167337e-01 -1.665169243665847532e+01 -1.117672209268224037e+01 9.744098300567257454e+00 1.719890603215315394e+01 8.854101966208737240e-01 -1.665169243665480892e+01 -1.117672209268444128e+01 9.744098300562233916e+00 1.719890603215225156e+01 8.854101966253229428e-01 -1.665169243665114251e+01 -1.117672209268662797e+01 9.744098300557196168e+00 1.719890603215133851e+01 8.854101966297720505e-01 -1.665169243664747967e+01 -1.117672209268881467e+01
-6.500000000012029489e-01 -1.802583139031826542e+00 -4.640576474681235575e-01 1.515779740157083166e+00 1.400861046343787386e+00 -6.500000000006909140e-01 -1.802583139031631587e+00 -4.640576474685144670e-01 1.515779740156645961e+00 1.400861046343908844e+00 -6.500000000001786571e-01 -1.802583139031436188e+00 -4.640576474689045439e-01 1.515779740156208089e+00 1.400861046344029193e+00 -6.499999999996650679e-01 -1.802583139031240567e+00 -4.640576474692945097e-01 1.515779740155771771e+00 1.400861046344149319e+00
-6.739589803382062705e+00 -1.155574641843631767e+01 -4.022542485877296792e-01 1.130713962068945477e+01 7.390450849715320736e+00 -6.739589803378680521e+00 -1.155574641843576167e+01 -4.022542485907639187e-01 1.130713962068701939e+01 7.390450849716854620e+00 -6.739589803375298338e+00 -1.155574641843520922e+01 -4.022542485937926626e-01 1.130713962068458223e+01 7.390450849718381399e+00 -6.739589803371906385e+00 -1.155574641843464612e+01 -4.022542485968215176e-01 1.130713962068215039e+01 7.390450849719906401e+00
-6.282827057600947285e+00 -1.204931256309294874e+01 -1.164057647462908518e+00 1.132988537209594426e+01 8.166311896059330167e+00 -6.282827057597448750e+00 -1.204931256309216536e+01 -1.164057647465919221e+00 1.132988537209329927e+01 8.166311896060710396e+00 -6.282827057593951103e+00 -1.204931256309138732e+01 -1.164057647468924372e+00 1.132988537209064894e+01 8.166311896062085296e+00 -6.282827057590442799e+00 -1.204931256309060039e+01 -1.164057647471929746e+00 1.132988537208800928e+01 8.166311896063454867e+00
-9.049138953664350282e+00 -1.343869910099792797e+01 7.435661446634231897e-01 1.389824825128304830e+01 7.846023658714474713e+00 -9.049138953660369467e+00 -1.343869910099760645e+01 7.435661446596457669e-01 1.389824825128039087e+01 7.846023658716615223e+00 -9.049138953656388651e+00 -1.343869910099728848e+01 7.435661446558745613e-01 1.389824825127772989e+01 7.846023658718745963e+00 -9.049138953652397177e+00 -1.343869910099696341e+01 7.435661446521033557e-01 1.389824825127507602e+01 7.846023658720873151e+00
-8.600000000007646861e+00 -1.287968210662315016e+01 6.399186938192098495e-01 1.327517360943928360e+01 7.564589803371015719e+00 -8.600000000003836576e+00 -1.287968210662282154e+01 6.399186938156047333e-01 1.327517360943672386e+01 7.564589803373046983e+00 -8.600000000000024514e+00 -1.287968210662249824e+01 6.399186938120051682e-01 1.327517360943416413e+01 7.564589803375067589e+00 -8.599999999996201794e+00 -1.287968210662216784e+01 6.399186938084058252e-01 1.327517360943160973e+01 7.564589803377085531e+00
1.918348483848479091e+01 2.776612695902670680e+01 -2.023074641858297440e+00 -2.901645584947196710e+01 -1.591008130617857752e+01 1.918348483847654862e+01 2.776612695902617389e+01 -2.023074641850393096e+00 -2.901645584946654211e+01 -1.591008130618314276e+01 1.918348483846830277e+01 2.776612695902565520e+01 -2.023074641842501187e+00 -2.901645584946111356e+01 -1.591008130618768668e+01 1.918348483846003916e+01 2.776612695902511163e+01 -2.023074641834609277e+00 -2.901645584945569922e+01 -1.591008130619222705e+01
-4.523606797753621400e+00 -6.237586804717661693e+00 6.685661446595174695e-01 6.650783405844473251e+00 3.441844051966735485e+00 -4.523606797751761555e+00 -6.237586804717600408e+00 6.685661446576977029e-01 6.650783405843285756e+00 3.441844051967823948e+00 -4.523606797749901709e+00 -6.237586804717540900e+00 6.685661446558809340e-01 6.650783405842097373e+00 3.441844051968907525e+00 -4.523606797748037422e+00 -6.237586804717476952e+00 6.685661446540640540e-01 6.650783405840911655e+00 3.441844051969990215e+00
1.814045084973606592e+01 2.948051349693357182e+01 7.950849717221863955e-02 -2.943137454328526914e+01 -1.826909830055335604e+01 1.814045084972740440e+01 2.948051349693240653e+01 7.950849718015362555e-02 -2.943137454327919755e+01 -1.826909830055754824e+01 1.814045084971873578e+01 2.948051349693125189e+01 7.950849718807517785e-02 -2.943137454327311175e+01 -1.826909830056172268e+01 1.814045084971004940e+01 2.948051349693007595e+01 7.950849719599673016e-02 -2.943137454326704372e+01 -1.826909830056588646e+01
-5.447745751411441795e+00 -9.044146285030262078e+00 -1.418440519643667519e-01 8.956481839813822177e+00 5.677254248591233399e+00 -5.447745751408787918e+00 -9.044146285029873056e+00 -1.418440519667769351e-01 8.956481839811942791e+00 5.677254248592484842e+00 -5.447745751406134040e+00 -9.044146285029485810e+00 -1.418440519691830104e-01 8.956481839810059853e+00 5.677254248593730068e+00 -5.447745751403473058e+00 -9.044146285029093235e+00 -1.418440519715890857e-01 8.956481839808180467e+00 5.677254248594974406e+00
2.788525491563788705e+00 2.557952682561469349e+00 -1.207623792126482520e+00 -3.304305231718647651e+00 -8.345491502800708172e-01 2.788525491562989345e+00 2.557952682561695390e+00 -1.207623792125544604e+00 -3.304305231718294156e+00 -8.345491502807917961e-01 2.788525491562190872e+00 2.557952682561924096e+00 -1.207623792124607798e+00 -3.304305231717941105e+00 -8.345491502815099993e-01 2.788525491561390179e+00 2.557952682562149249e+00 -1.207623792123670992e+00 -3.304305231717587610e+00 -8.345491502822278695e-01
-5.365450849724081372e+00 -8.993285238686455685e+00 -1.927050983078632262e-01 8.874186938126351620e+00 5.677254248591031782e+00 -5.365450849721444371e+00 -8.993285238686056005e+00 -1.927050983102492898e-01 8.874186938124474011e+00 5.677254248592261021e+00 -5.365450849718807369e+00 -8.993285238685656324e+00 -1.927050983126312456e-01 8.874186938122594626e+00 5.677254248593484931e+00 -5.365450849716163262e+00 -8.993285238685251315e+00 -1.927050983150131458e-01 8.874186938120718793e+00 5.677254248594706176e+00
-1.188368810394879027e+01 -1.889054681865371066e+01 2.086881039474627053e-01 1.901952315994010334e+01 1.154602365871290637e+01 -1.188368810394322850e+01 -1.889054681865303209e+01 2.086881039423247597e-01 1.901952315993624865e+01 1.154602365871566860e+01 -1.188368810393766495e+01 -1.889054681865236063e+01 2.086881039371954738e-01 1.901952315993239040e+01 1.154602365871841840e+01 -1.188368810393208719e+01 -1.889054681865167851e+01 2.086881039320661879e-01 1.901952315992853926e+01 1.154602365872116465e+01
-2.184549150283010999e+00 -2.976518827218132657e+00 3.449593469078771069e-01 3.189715428344049641e+00 1.626393202248955339e+00 -2.184549150282122376e+00 -2.976518827218110008e+00 3.449593469070034724e-01 3.189715428343486536e+00 1.626393202249482695e+00 -2.184549150281234198e+00 -2.976518827218089136e+00 3.449593469061311701e-01 3.189715428342922987e+00 1.626393202250007386e+00 -2.184549150280343355e+00 -2.976518827218065599e+00 3.449593469052588679e-01 3.189715428342361214e+00 1.626393202250531633e+00
-1.235835921351348965e+01 -2.251514028771677189e+01 -1.556762745770023049e+00 2.155300799841005954e+01 1.487725424858748369e+01 -1.235835921350692956e+01 -2.251514028771547871e+01 -1.556762745775776002e+00 2.155300799840520298e+01 1.487725424859024415e+01 -1.235835921350037125e+01 -2.251514028771419262e+01 -1.556762745781518742e+00 2.155300799840034287e+01 1.487725424859299217e+01 -1.235835921349379163e+01 -2.251514028771288878e+01 -1.556762745787261260e+00 2.155300799839549697e+01 1.487725424859573664e+01
-5.321559063154431349e-04 1.458980337524756234e-02 9.549150281397550399e-03 -8.688103937661752901e-03 -1.491869381266456261e-02 -5.321559063193636099e-04 1.458980337524442249e-02 9.549150281399524515e-03 -8.688103937657386602e-03 -1.491869381266383923e-02 -5.321559063232840850e-04 1.458980337524127223e-02 9.549150281401489956e-03 -8.688103937653008160e-03 -1.491869381266311759e-02 -5.321559063272184378e-04 1.458980337523812891e-02 9.549150281403457133e-03 -8.688103937648654004e-03 -1.491869381266238900e-02
-1.266844051969713281e+00 -5.312305898745051103e-01 9.385254915635075079e-01 1.111271242969007034e+00 -2.517220926881810206e-01 -1.266844051969520768e+00 -5.312305898747373689e-01 9.385254915631715544e-01 1.111271242969031903e+00 -2.517220926878289688e-01 -1.266844051969328255e+00 -5.312305898749714039e-01 9.385254915628356009e-01 1.111271242969057216e+00 -2.517220926874781384e-01 -1.266844051969135521e+00 -5.312305898752032185e-01 9.385254915624997585e-01 1.111271242969081863e+00 -2.517220926871273079e-01
