2.939790513783501069e+01 -3.459773701440767013e+00 -3.597878578515859971e+01 -6.497594363728414635e+01 -8.761280341217272394e+01 -1.016735115547819532e+02 -1.057817079853991089e+02 -9.953525381390778648e+01 -8.354559549621889403e+01 -5.937791219496826045e+01 -2.939790513783320236e+01 3.459773701442106386e+00 3.597878578515933157e+01 6.497594363728424582e+01 8.761280341217208445e+01 1.016735115547806885e+02 1.057817079853973752e+02 9.953525381390569748e+01 8.354559549621670556e+01 5.937791219496618567e+01
2.670758306133744853e+01 -8.247288163279399953e+00 -4.239485736023885920e+01 -7.239252253643788038e+01 -9.530390321840705781e+01 -1.088862738320192989e+02 -1.118100973076737006e+02 -1.037891694320971823e+02 -8.560863451084179587e+01 -5.904812997323537616e+01 -2.670758306133558690e+01 8.247288163280742879e+00 4.239485736023954132e+01 7.239252253643789459e+01 9.530390321840629042e+01 1.088862738320179204e+02 1.118100973076718105e+02 1.037891694320949370e+02 8.560863451083946529e+01 5.904812997323320189e+01
1.613015612870287541e+01 -2.640809381134138079e+01 -6.636133553312262734e+01 -9.981866736630918524e+01 -1.235050525601307640e+02 -1.351019026990661871e+02 -1.334740372915105411e+02 -1.187808031455605828e+02 -9.246047639320394751e+01 -5.708947400146112727e+01 -1.613015612870083615e+01 2.640809381134272371e+01 6.636133553312312472e+01 9.981866736630887260e+01 1.235050525601295277e+02 1.351019026990642544e+02 1.334740372915080684e+02 1.187808031455577833e+02 9.246047639320114797e+01 5.708947400145862616e+01
3.574354330670414015e+01 5.698543379795245301e+01 7.264919298819330606e+01 8.120154299205825055e+01 8.180532020344280397e+01 7.440142270213334541e+01 5.971459556154537296e+01 3.918248775134144068e+01 1.481492503959127305e+01 -1.100282575668631679e+01 -3.574354330670455226e+01 -5.698543379795233932e+01 -7.264919298819265236e+01 -8.120154299205717052e+01 -8.180532020344132604e+01 -7.440142270213169695e+01 -5.971459556154367476e+01 -3.918248775133981354e+01 -1.481492503958995144e+01 1.100282575668719076e+01
3.844144304964569869e+01 5.733672905947827303e+01 7.061949654048720504e+01 7.698953566514843772e+01 7.582330262126787090e+01 6.723495642480389733e+01 5.206518423999301604e+01 3.179890906230230740e+01 8.419935109566253573e+00 -1.578324075683155314e+01 -3.844144304964598291e+01 -5.733672905947803855e+01 -7.061949654048649450e+01 -7.698953566514732927e+01 -7.582330262126643561e+01 -6.723495642480233414e+01 -5.206518423999142442e+01 -3.179890906230082948e+01 -8.419935109565095388e+00 1.578324075683227790e+01
-9.445190239636449547e+00 -1.651202082817329497e+01 -2.196253977203453900e+01 -2.526321230099651416e+01 -2.609094559078668141e+01 -2.436471533984341065e+01 -2.025349699248243951e+01 -1.415972524508602604e+01 -6.679900934093677023e+00 1.453798621934250690e+00 9.445190239636620078e+00 1.651202082817329853e+01 2.196253977203437557e+01 2.526321230099620863e+01 2.609094559078624087e+01 2.436471533984290261e+01 2.025349699248189950e+01 1.415972524508549668e+01 6.679900934093234710e+00 -1.453798621934561552e+00
-5.152871184902230617e+00 -1.253536432819539925e+01 -1.869080867202585239e+01 -2.301666643651686428e+01 -2.508949252365676230e+01 -2.470638427380770707e+01 -2.190484299173707683e+01 -1.695910305761983139e+01 -1.035328795520373646e+01 -2.734020892133464997e+00 5.152871184902473978e+00 1.253536432819548985e+01 1.869080867202577423e+01 2.301666643651664046e+01 2.508949252365639637e+01 2.470638427380724522e+01 2.190484299173655813e+01 1.695910305761930204e+01 1.035328795520326395e+01 2.734020892133099068e+00
3.673105182330249363e+01 2.573152802473745027e+01 1.221322298101335235e+01 -2.500597422620476351e+00 -1.696964192784145098e+01 -2.977757964671758373e+01 -3.967068039717588590e+01 -4.568053854847542539e+01 -4.721886731162308593e+01 -4.413508434911526024e+01 -3.673105182330151308e+01 -2.573152802473651946e+01 -1.221322298101255655e+01 2.500597422621083865e+00 1.696964192784175651e+01 2.977757964671757662e+01 3.967068039717558747e+01 4.568053854847486406e+01 4.721886731162230433e+01 4.413508434911432232e+01
1.530287886365340411e+00 -7.203700598796152210e-01 -2.900513165550209216e+00 -4.796733833513195044e+00 -6.223416773042097283e+00 -7.040908317731280341e+00 -7.169186699388059303e+00 -6.595695136247831769e+00 -5.376570978261439038e+00 -3.631150592150070189e+00 -1.530287886365223171e+00 7.203700598796987098e-01 2.900513165550249628e+00 4.796733833513192380e+00 6.223416773042044881e+00 7.040908317731187083e+00 7.169186699387934958e+00 6.595695136247686108e+00 5.376570978261289824e+00 3.631150592149931633e+00
2.979688481559009894e+00 5.301663835172942818e-01 -1.971252094029486202e+00 -4.279710682091702800e+00 -6.169241370093087262e+00 -7.454883729157628203e+00 -8.010790127583058862e+00 -7.782544573863869886e+00 -6.792489333078380653e+00 -5.137537910315161938e+00 -2.979688481558863788e+00 -5.301663835171797068e-01 1.971252094029557256e+00 4.279710682091728557e+00 6.169241370093055288e+00 7.454883729157546490e+00 8.010790127582938069e+00 7.782544573863718007e+00 6.792489333078215452e+00 5.137537910315000289e+00
2.286774777988774154e+00 1.631995811008681585e+01 2.875563023453518596e+01 3.837650091937035768e+01 4.424081230941304455e+01 4.577452474674580429e+01 4.282750777199965597e+01 3.568823593973739605e+01 2.505555091913262089e+01 1.197025400227483516e+01 -2.286774777989341700e+00 -1.631995811008712138e+01 -2.875563023453519307e+01 -3.837650091937008767e+01 -4.424081230941248322e+01 -4.577452474674504401e+01 -4.282750777199876069e+01 -3.568823593973642971e+01 -2.505555091913171140e+01 -1.197025400227407488e+01
1.659823925433518532e+00 2.295101552041563764e+01 4.199560180713139346e+01 5.692936598840194051e+01 6.629048717651126310e+01 6.916263360680063954e+01 6.526465957525257977e+01 5.497812593885701915e+01 3.930995028043857076e+01 1.979384280004221708e+01 -1.659823925434404934e+00 -2.295101552041613147e+01 -4.199560180713144319e+01 -5.692936598840157814e+01 -6.629048717651043887e+01 -6.916263360679951688e+01 -6.526465957525121553e+01 -5.497812593885556254e+01 -3.930995028043718520e+01 -1.979384280004104824e+01
7.224411960554519840e-01 -2.917193876014831488e+01 -5.621076609765979271e+01 -7.774729200609561985e+01 -9.167337127573881617e+01 -9.662582223897695144e+01 -9.211986448977351927e+01 -7.859657256747424015e+01 -5.737970050774904252e+01 -3.054610357444391866e+01 -7.224411960541649025e-01 2.917193876014906806e+01 5.621076609765992060e+01 7.774729200609517932e+01 9.167337127573773614e+01 9.662582223897541667e+01 9.211986448977165765e+01 7.859657256747220799e+01 5.737970050774709563e+01 3.054610357444225244e+01
1.605164425453223487e+01 1.953867033711384238e+01 2.111311523317763061e+01 2.062086130649424121e+01 1.811009380114225564e+01 1.382658413409136422e+01 8.189632076519306025e+00 1.751021770775635034e+00 -4.858990745977592951e+00 -1.099337139393528773e+01 -1.605164425453216381e+01 -1.953867033711363987e+01 -2.111311523317731442e+01 -2.062086130649385041e+01 -1.811009380114181866e+01 -1.382658413409093967e+01 -8.189632076518915227e+00 -1.751021770775318842e+00 4.858990745977790127e+00 1.099337139393534102e+01
-1.747632750408519797e+01 -4.142627285237885815e+01 -6.132112598006656157e+01 -7.521344004741769140e+01 -8.174333856007631027e+01 -8.027162955514513953e+01 -7.094237416402650354e+01 -5.466878490514754674e+01 -3.304383407993091737e+01 -8.184322545040846109e+00 1.747632750408598312e+01 4.142627285237912815e+01 6.132112598006629156e+01 7.521344004741695244e+01 8.174333856007510235e+01 8.027162955514363318e+01 7.094237416402482665e+01 5.466878490514584144e+01 3.304383407992938260e+01 8.184322545039666608e+00
-8.154439374286960307e-01 -2.868784726409156960e+01 -5.375208422055996493e+01 -7.355469266072719847e+01 -8.615725529758380219e+01 -9.032614549301706575e+01 -8.565328322833217101e+01 -7.259608081974226934e+01 -5.243266821387881294e+01 -2.713678072336021430e+01 8.154439374298751986e-01 2.868784726409224106e+01 5.375208422056005020e+01 7.355469266072674372e+01 8.615725529758275059e+01 9.032614549301563045e+01 8.565328322833042307e+01 7.259608081974037930e+01 5.243266821387700105e+01 2.713678072335866887e+01
-6.775145695888809882e+00 -3.742572531959817184e+01 -6.441281418866378772e+01 -8.509472801447692802e+01 -9.744697697240020773e+01 -1.002604368712529066e+02 -9.325970665360765111e+01 -7.713006657012314804e+01 -5.345039817398155435e+01 -2.453863239374836880e+01 6.775145695890024911e+00 3.742572531959880422e+01 6.441281418866377351e+01 8.509472801447630275e+01 9.744697697239895717e+01 1.002604368712512297e+02 9.325970665360567580e+01 7.713006657012103062e+01 5.345039817397956483e+01 2.453863239374672389e+01
4.791832079357309482e+00 -4.114289320904441105e+00 -1.261767541649674307e+01 -1.988595552980830306e+01 -2.520765976226289240e+01 -2.806186262509417872e+01 -2.816917485568757940e+01 -2.551909198522432476e+01 -2.037102258927845355e+01 -1.322889556903377084e+01 -4.791832079356862728e+00 4.114289320904747527e+00 1.261767541649687630e+01 1.988595552980826753e+01 2.520765976226265792e+01 2.806186262509379503e+01 2.816917485568707491e+01 2.551909198522374211e+01 2.037102258927786380e+01 1.322889556903323438e+01
4.866199879821517804e+00 -4.006635638184414816e+00 -1.248727374405284607e+01 -1.974557049190121916e+01 -2.507103322452304539e+01 -2.794236854496860545e+01 -2.807851014630318076e+01 -2.546613154003382817e+01 -2.036095054565421592e+01 -1.326269784878179081e+01 -4.866199879821071050e+00 4.006635638184722126e+00 1.248727374405297752e+01 1.974557049190118718e+01 2.507103322452281446e+01 2.794236854496822531e+01 2.807851014630267983e+01 2.546613154003324908e+01 2.036095054565362972e+01 1.326269784878125613e+01
4.398020035995712784e-01 2.257315613408900301e+00 3.853867443335074583e+00 5.073175876434222964e+00 5.795886507853209579e+00 5.951255385567682410e+00 5.524073921308328750e+00 4.556157613145131791e+00 3.142252853190570683e+00 1.420762490602733630e+00 -4.398020035996428323e-01 -2.257315613408937161e+00 -3.853867443335072362e+00 -5.073175876434185660e+00 -5.795886507853134972e+00 -5.951255385567582046e+00 -5.524073921308211510e+00 -4.556157613145004781e+00 -3.142252853190452999e+00 -1.420762490602636596e+00
