-8.173452476429476921e-01 5.325284312936242603e-01 -1.955840217459465236e-01 -1.605055145639032732e-01 5.008836528003481892e-01 -7.922318092390088218e-01 1.006030796385850579e+00 -1.121352479753940479e+00 1.126908369481917083e+00 -1.022154616373132541e+00 8.173452476442327752e-01 -5.325284312971785283e-01 1.955840217514214219e-01 1.605055145570394859e-01 -5.008836527927691407e-01 7.922318092314564186e-01 -1.006030796379062231e+00 1.121352479748583209e+00 -1.126908369478515803e+00 1.022154616372019875e+00
-6.648614260230898410e+00 6.143897065451518813e+00 -5.037772418860501311e+00 3.438515507689790862e+00 -1.502672741082659469e+00 -5.802621031562159581e-01 2.606396849813015226e+00 -4.377399312974867840e+00 5.719911432248654393e+00 -6.502518767568743918e+00 6.648614260208796090e+00 -6.143897065442581074e+00 5.037772418865594126e+00 -3.438515507708428842e+00 1.502672741113013632e+00 5.802621031171177890e-01 -2.606396849768978452e+00 4.377399312930225328e+00 -5.719911432207777757e+00 6.502518767535634403e+00
-7.622309736143573211e+00 6.854507790789640786e+00 -5.415738864712389855e+00 3.446839684888781008e+00 -1.140539821166848045e+00 -1.277404026856908681e+00 3.570306668533381522e+00 -5.513722817704104884e+00 6.917417361112764951e+00 -7.643986896736503667e+00 7.622309736121632540e+00 -6.854507790783345378e+00 5.415738864722345447e+00 -3.446839684914031476e+00 1.140539821204914928e+00 1.277404026809752624e+00 -3.570306668481728618e+00 5.513722817653036401e+00 -6.917417361067280446e+00 7.643986896701055578e+00
-9.397960553012771001e+00 8.425036037498385255e+00 -6.627410293959854037e+00 4.181047454969694321e+00 -1.325414560020003352e+00 -1.659959146768016813e+00 4.482844486653323024e+00 -6.866917774370397076e+00 8.578809305703435584e+00 -9.450947210117075059e+00 9.397960552986191374e+00 -8.425036037491169694e+00 6.627410293972700650e+00 -4.181047455001365876e+00 1.325414560067391445e+00 1.659959146709551803e+00 -4.482844486589474542e+00 6.866917774307447431e+00 -8.578809305647546068e+00 9.450947210073717741e+00
-8.029971801769969275e+00 7.285400471465130146e+00 -5.827683382646762666e+00 3.799512040480563790e+00 -1.399417987038108047e+00 -1.137660849291721954e+00 3.563377515142176488e+00 -5.640285962298957401e+00 7.165083921283397217e+00 -7.988513543979022913e+00 8.029971801745698912e+00 -7.285400471457154303e+00 5.827683382655851396e+00 -3.799512040505844457e+00 1.399417987077100189e+00 1.137660849242836392e+00 -3.563377515088157477e+00 5.640285962245120466e+00 -7.165083921235011921e+00 7.988513543940826800e+00
1.792964551797683370e+01 -1.633061980603578434e+01 1.313303924536865708e+01 -8.649905300107329609e+00 3.320058356644191910e+00 2.334779030968726410e+00 -7.761071979665014275e+00 1.242765712842231096e+01 -1.587773660887207328e+01 1.777359260335290969e+01 -1.792964551792150374e+01 1.633061980601664942e+01 -1.313303924538756995e+01 8.649905300162474830e+00 -3.320058356730158700e+00 -2.334779030860355320e+00 7.761071979544790445e+00 -1.242765712830206404e+01 1.587773660876357340e+01 -1.777359260326677770e+01
-4.309935943384941126e+00 3.950557653248157663e+00 -3.204471254859535101e+00 2.144708883182963710e+00 -8.750074629566113593e-01 -4.803457842781119203e-01 1.788679439380984837e+00 -2.921924688494452749e+00 3.769151590851936628e+00 -4.247427674274296017e+00 4.309935943371192124e+00 -3.950557653243035983e+00 3.204471254863536789e+00 -2.144708883195706850e+00 8.750074629768442858e-01 4.803457842523697341e-01 -1.788679439352239608e+00 2.921924688465532771e+00 -3.769151590825673193e+00 4.247427674253259511e+00
1.873992303836665130e+01 -1.704110096543817221e+01 1.367417719768834061e+01 -8.968729692241778295e+00 3.385360435711417093e+00 2.529391487453944709e+00 -8.196548948517065725e+00 1.306137108978348493e+01 -1.664765522485962990e+01 1.860435087549574718e+01 -1.873992303830931405e+01 1.704110096541874952e+01 -1.367417719770870654e+01 8.968729692299980627e+00 -3.385360435801744838e+00 -2.529391487340336475e+00 8.196548948391239264e+00 -1.306137108965781835e+01 1.664765522474642623e+01 -1.860435087540608734e+01
-6.118115339898502647e+00 5.440418969560163909e+00 -4.230176484855999952e+00 2.605854852444014824e+00 -7.264539910186885718e-01 -1.224057248548416243e+00 3.054749236118263767e+00 -4.586421084767166256e+00 5.669142082164914775e+00 -6.196927953326205163e+00 6.118115339881994963e+00 -5.440418969556392703e+00 4.230176484865327602e+00 -2.605854852465542937e+00 7.264539910503038378e-01 1.224057248509809126e+00 -3.054749236076425234e+00 4.586421084726211461e+00 -5.669142082128854732e+00 6.196927953298567715e+00
1.041793661082060174e+00 -9.847866067755024488e-01 8.313817779864273172e-01 -5.965955081910147006e-01 3.034103133289458576e-01 1.947479698537912807e-02 -3.404535784816508648e-01 6.281063916364573174e-01 -8.542757749033462744e-01 9.968226932335344515e-01 -1.041793661078200151e+00 9.847866067736408269e-01 -8.313817779867446189e-01 5.965955081934818383e-01 -3.034103133333208024e-01 -1.947479697952483879e-02 3.404535784748868865e-01 -6.281063916294493676e-01 8.542757748967800824e-01 -9.968226932280529473e-01
-6.048686348785629718e+00 5.476238417372858436e+00 -4.367738114473523225e+00 2.831693173111145434e+00 -1.018462374400442183e+00 -8.944626175594255768e-01 2.719831376423968550e+00 -4.278964089984262031e+00 5.419241985121461269e+00 -6.029046716677034290e+00 6.048686348767556176e+00 -5.476238417367093270e+00 4.367738114480621547e+00 -2.831693173130426899e+00 1.018462374430013639e+00 8.944626175224590359e-01 -2.719831376383206489e+00 4.278964089943714910e+00 -5.419241985085099245e+00 6.029046716648414517e+00
-1.248759053515127349e+01 1.133542060400106699e+01 -9.073660725617036960e+00 5.923707715503085502e+00 -2.193900921301807028e+00 -1.750660180879358263e+00 5.523854466987041079e+00 -8.756335390908063232e+00 1.113168519779179810e+01 -1.241738809850675906e+01 1.248759053511342820e+01 -1.133542060398854368e+01 9.073660725631045310e+00 -5.923707715542283481e+00 2.193900921362345269e+00 1.750660180803406130e+00 -5.523854466903070914e+00 8.756335390824336429e+00 -1.113168519771651077e+01 1.241738809844728131e+01
-2.141344331026564962e+00 1.916839106858261532e+00 -1.504700315508198827e+00 9.452709734135157360e-01 -2.933119223517632879e-01 -3.873585432935018336e-01 1.030111655835165729e+00 -1.572030262293643066e+00 1.960067593700117294e+00 -2.156239852441724558e+00 2.141344331020559100e+00 -1.916839106856676578e+00 1.504700315511187547e+00 -9.452709734207900283e-01 2.933119223626095007e-01 3.873585432801457396e-01 -1.030111655820600491e+00 1.572030262279301427e+00 -1.960067593687403686e+00 2.156239852431883097e+00
-1.420837681498264438e+01 1.279173203656166891e+01 -1.012294340117020575e+01 6.463250534984100959e+00 -2.170889674324591567e+00 -2.333972993131468776e+00 6.610370122271269189e+00 -1.023969816668550337e+01 1.286669321037343749e+01 -1.423420667510993098e+01 1.420837681494148441e+01 -1.279173203654963054e+01 1.012294340118844715e+01 -6.463250535030868882e+00 2.170889674395298119e+00 2.333972993043747834e+00 -6.610370122175075913e+00 1.023969816659030130e+01 -1.286669321028854718e+01 1.423420667504366044e+01
-1.274385082910195921e+00 1.002435199565064883e+00 -6.323599745103678504e-01 2.003849492401013621e-01 2.512051510254162956e-01 -6.782055408591135537e-01 1.038818447017598290e+00 -1.297744565708400133e+00 1.429638404389894646e+00 -1.421589275173674283e+00 1.274385082909107236e+00 -1.002435199567011326e+00 6.323599745151575746e-01 -2.003849492472700722e-01 -2.512051510165720369e-01 6.782055408494597204e-01 -1.038818447008076351e+00 1.297744565699946229e+00 -1.429638404383336781e+00 1.421589275169654165e+00
-1.170102782717321599e+00 1.004575377805339453e+00 -7.407131356260543420e-01 4.043447308802918805e-01 -2.839624664098114315e-02 -3.503318600675355832e-01 6.947670434068929923e-01 -9.711935878109491105e-01 1.152552937136611444e+00 -1.221092374667137603e+00 1.170102782714809830e+00 -1.004575377805368541e+00 7.407131356286199564e-01 -4.043447308851463307e-01 2.839624664764794915e-02 3.503318600597091770e-01 -6.947670433986695704e-01 9.711935878031376923e-01 -1.152552937129976529e+00 1.221092374662328783e+00
-1.889021123258612178e+01 1.709080167332168898e+01 -1.361842536766316947e+01 8.812982701876679315e+00 -3.144863885576434814e+00 -2.831096119393631039e+00 8.529928710787492818e+00 -1.339379244846033323e+01 1.694657846123994460e+01 -1.884051530048210665e+01 1.889021123252988943e+01 -1.709080167330392896e+01 1.361842536768559242e+01 -8.812982701937134067e+00 3.144863885668988335e+00 2.831096119278039946e+00 -8.529928710660119151e+00 1.339379244833371096e+01 -1.694657846112646737e+01 1.884051530039288380e+01
-6.351721832816767943e+00 5.702633958651341040e+00 -4.495332540028666557e+00 2.847996651567098692e+00 -9.218790076930142297e-01 -1.094478576560976801e+00 3.003700972059438090e+00 -4.618900188397121021e+00 5.781969272525079084e+00 -6.379058918910846643e+00 6.351721832798650880e+00 -5.702633958646288193e+00 4.495332540037164648e+00 -2.847996651588330153e+00 9.218790077248957271e-01 1.094478576521567215e+00 -3.003700972016337900e+00 4.618900188354570169e+00 -5.781969272487244460e+00 6.379058918881431062e+00
1.391085282319567629e+00 -1.354844923764708442e+00 1.185982904312648634e+00 -9.010286149582625859e-01 5.278753669368174695e-01 -1.030500000761339907e-01 -3.318626187832127705e-01 7.342902122930219377e-01 -1.064840363722820760e+00 1.291156521172512450e+00 -1.391085282313696769e+00 1.354844923761389541e+00 -1.185982904312204322e+00 9.010286149607384942e-01 -5.278753669419704586e-01 1.030500000834595753e-01 3.318626187744270206e-01 -7.342902122836408862e-01 1.064840363713762450e+00 -1.291156521164663618e+00
-1.667381842442631878e+01 1.499109456359099291e+01 -1.184093791778079918e+01 7.531707767919488816e+00 -2.485221585246682352e+00 -2.804535401742238587e+00 7.819764923258578193e+00 -1.206954137057954490e+01 1.513786701511001098e+01 -1.672439276448357148e+01 1.667381842437838202e+01 -1.499109456357728831e+01 1.184093791780264482e+01 -7.531707767974788581e+00 2.485221585330008143e+00 2.804535401639046022e+00 -7.819764923145568147e+00 1.206954137046783515e+01 -1.513786701501053678e+01 1.672439276440606903e+01
