-1.555676274580920548e+01 9.334896369182844822e+00 4.525831390123014053e-01 -1.006719127083959719e+01 1.583647450845302806e+01 -1.555676274580999241e+01 9.334896369187116960e+00 4.525831390061596515e-01 -1.006719127083392351e+01 1.583647450845000826e+01 -1.555676274581077223e+01 9.334896369191428178e+00 4.525831390000326637e-01 -1.006719127082822851e+01 1.583647450844699378e+01 -1.555676274581156626e+01 9.334896369195693211e+00 4.525831389939056204e-01 -1.006719127082257970e+01 1.583647450844398286e+01
-1.660311529496600258e+01 1.014338120765136075e+01 1.907797401379884572e-01 -1.045206931155918717e+01 1.672102365873511687e+01 -1.660311529496673089e+01 1.014338120765581230e+01 1.907797401314925700e-01 -1.045206931155311914e+01 1.672102365873181640e+01 -1.660311529496744498e+01 1.014338120766030649e+01 1.907797401250123093e-01 -1.045206931154702978e+01 1.672102365872852658e+01 -1.660311529496817684e+01 1.014338120766475271e+01 1.907797401185319930e-01 -1.045206931154099017e+01 1.672102365872523322e+01
-1.863766444525060706e+01 1.082858813881169269e+01 1.116640786478054759e+00 -1.263535088455732236e+01 1.932778640451753205e+01 -1.863766444525177235e+01 1.082858813881702176e+01 1.116640786470580959e+00 -1.263535088455054733e+01 1.932778640451406460e+01 -1.863766444525292698e+01 1.082858813882239524e+01 1.116640786463124702e+00 -1.263535088454374922e+01 1.932778640451060781e+01 -1.863766444525410648e+01 1.082858813882771365e+01 1.116640786455668666e+00 -1.263535088453700439e+01 1.932778640450714747e+01
1.151458980339479155e+01 -7.589685772330729385e+00 7.657797401686614602e-01 6.350628124841483313e+00 -1.104131189607354280e+01 1.151458980339494431e+01 -7.589685772333490732e+00 7.657797401729853348e-01 6.350628124837239596e+00 -1.104131189607101504e+01 1.151458980339509175e+01 -7.589685772336276059e+00 7.657797401772987733e-01 6.350628124832981669e+00 -1.104131189606849617e+01 1.151458980339524807e+01 -7.589685772339032077e+00 7.657797401816122118e-01 6.350628124828760157e+00 -1.104131189606597552e+01
1.092135254917369913e+01 -6.943004332735844386e+00 3.126644452314594202e-01 6.437102633277471675e+00 -1.072811529494622995e+01 1.092135254917400289e+01 -6.943004332738612838e+00 3.126644452356439619e-01 6.437102633273463326e+00 -1.072811529494394378e+01 1.092135254917430487e+01 -6.943004332741407936e+00 3.126644452398184559e-01 6.437102633269441654e+00 -1.072811529494166116e+01 1.092135254917461751e+01 -6.943004332744171947e+00 3.126644452439928945e-01 6.437102633265451956e+00 -1.072811529493938032e+01
-3.225532155912354870e+00 1.963980006974763048e+00 4.774575140170837090e-02 -2.041234255561070299e+00 3.255040653096815451e+00 -3.225532155912500532e+00 1.963980006975632131e+00 4.774575140044425015e-02 -2.041234255559892130e+00 3.255040653096177294e+00 -3.225532155912643972e+00 1.963980006976508985e+00 4.774575139918314781e-02 -2.041234255558709521e+00 3.255040653095540470e+00 -3.225532155912790522e+00 1.963980006977376291e+00 4.774575139792205242e-02 -2.041234255557536681e+00 3.255040653094903202e+00
-3.813196601130644403e+00 2.264512162880462753e+00 1.491389536522550741e-01 -2.505824058936343857e+00 3.905369543534122911e+00 -3.813196601130851793e+00 2.264512162881524127e+00 1.491389536507419233e-01 -2.505824058934954301e+00 3.905369543533392829e+00 -3.813196601131057850e+00 2.264512162882594826e+00 1.491389536492324086e-01 -2.505824058933560305e+00 3.905369543532664078e+00 -3.813196601131267460e+00 2.264512162883653978e+00 1.491389536477228939e-01 -2.505824058932177412e+00 3.905369543531935772e+00
-9.345820393265075410e+00 5.480872043421030071e+00 4.775831390201220605e-01 -6.253617794809308350e+00 9.640983005632891789e+00 -9.345820393265629633e+00 5.480872043423671514e+00 4.775831390163909340e-01 -6.253617794805907515e+00 9.640983005631131419e+00 -9.345820393266176751e+00 5.480872043426336049e+00 4.775831390126686338e-01 -6.253617794802494245e+00 9.640983005629376379e+00 -9.345820393266734527e+00 5.480872043428973939e+00 4.775831390089463890e-01 -6.253617794799109397e+00 9.640983005627619562e+00
-2.339057647472447599e+00 1.538322226097154966e+00 -1.500000000023191393e-01 -1.295617127780860134e+00 2.246352549158338707e+00 -2.339057647472480905e+00 1.538322226097717849e+00 -1.500000000031986025e-01 -1.295617127779998379e+00 2.246352549157826672e+00 -2.339057647472513324e+00 1.538322226098285839e+00 -1.500000000040759285e-01 -1.295617127779133737e+00 2.246352549157315526e+00 -2.339057647472547519e+00 1.538322226098847612e+00 -1.500000000049532822e-01 -1.295617127778276201e+00 2.246352549156805267e+00
-1.466844051971430973e+00 8.270509831276947610e-01 1.286474508417068396e-01 -1.035206931155589150e+00 1.546352549157574918e+00 -1.466844051971538665e+00 8.270509831281289692e-01 1.286474508411103723e-01 -1.035206931155057575e+00 1.546352549157312906e+00 -1.466844051971645468e+00 8.270509831285668412e-01 1.286474508405153483e-01 -1.035206931154524002e+00 1.546352549157051559e+00 -1.466844051971754270e+00 8.270509831290003833e-01 1.286474508399203243e-01 -1.035206931153994869e+00 1.546352549156789991e+00
6.954508497198760963e+00 -4.079024325761167802e+00 -3.545084971790928297e-01 4.652631123497478427e+00 -7.173606797755724074e+00 6.954508497199171302e+00 -4.079024325763133341e+00 -3.545084971763164949e-01 4.652631123494947119e+00 -7.173606797754414899e+00 6.954508497199578976e+00 -4.079024325765115755e+00 -3.545084971735468216e-01 4.652631123492407816e+00 -7.173606797753108388e+00 6.954508497199993755e+00 -4.079024325767078629e+00 -3.545084971707772037e-01 4.652631123489888942e+00 -7.173606797751800990e+00
1.037811529495466090e+01 -6.826692436671965680e+00 6.677050983231721526e-01 5.746322893123224418e+00 -9.965450849728496152e+00 1.037811529495480833e+01 -6.826692436674461462e+00 6.677050983270738094e-01 5.746322893119401698e+00 -9.965450849726224192e+00 1.037811529495494867e+01 -6.826692436676981224e+00 6.677050983309659182e-01 5.746322893115563879e+00 -9.965450849723959337e+00 1.037811529495509966e+01 -6.826692436679473452e+00 6.677050983348581381e-01 5.746322893111758923e+00 -9.965450849721692705e+00
-1.760815594806144091e+01 1.080100499977849715e+01 1.317627457610511810e-01 -1.101420160087055322e+01 1.768958980339166231e+01 -1.760815594806217987e+01 1.080100499978319384e+01 1.317627457541763469e-01 -1.101420160086411570e+01 1.768958980338814513e+01 -1.760815594806291529e+01 1.080100499978793316e+01 1.317627457473179720e-01 -1.101420160085765509e+01 1.768958980338463505e+01 -1.760815594806366491e+01 1.080100499979262096e+01 1.317627457404595970e-01 -1.101420160085124778e+01 1.768958980338112497e+01
4.361474508443979659e+00 -2.892095301912522842e+00 3.180339887546885791e-01 2.377505498529623118e+00 -4.164918693815512718e+00 4.361474508444026732e+00 -2.892095301913558014e+00 3.180339887563206624e-01 2.377505498528014627e+00 -4.164918693814548156e+00 4.361474508444072029e+00 -2.892095301914603400e+00 3.180339887579488600e-01 2.377505498526400807e+00 -4.164918693813585371e+00 4.361474508444120879e+00 -2.892095301915636796e+00 3.180339887595770576e-01 2.377505498524800309e+00 -4.164918693812623474e+00
-1.269495934692693417e+01 7.413621460519317807e+00 6.994678440801771480e-01 -8.545384206278463068e+00 1.312725424860544976e+01 -1.269495934692770511e+01 7.413621460522923812e+00 6.994678440750987658e-01 -8.545384206273846317e+00 1.312725424860307299e+01 -1.269495934692846895e+01 7.413621460526562679e+00 6.994678440700322630e-01 -8.545384206269211802e+00 1.312725424860069978e+01 -1.269495934692924699e+01 7.413621460530163354e+00 6.994678440649659823e-01 -8.545384206264614591e+00 1.312725424859832835e+01
-1.050643385536233687e+01 6.754275575705007917e+00 -4.222135955123834661e-01 -6.071119627653430939e+00 1.024549150282258658e+01 -1.050643385536258378e+01 6.754275575707628043e+00 -4.222135955163845988e-01 -6.071119627649570027e+00 1.024549150282035370e+01 -1.050643385536282537e+01 6.754275575710271262e+00 -4.222135955203759616e-01 -6.071119627645695793e+00 1.024549150281812793e+01 -1.050643385536307939e+01 6.754275575712887836e+00 -4.222135955243673244e-01 -6.071119627641853533e+00 1.024549150281590038e+01
-1.323852549158482184e+01 8.049031657146549890e+00 2.149186937968884936e-01 -8.396777408527404063e+00 1.337135254916822014e+01 -1.323852549158542402e+01 8.049031657150125696e+00 2.149186937916963136e-01 -8.396777408522568820e+00 1.337135254916560534e+01 -1.323852549158602088e+01 8.049031657153729924e+00 2.149186937865165681e-01 -8.396777408517717589e+00 1.337135254916299587e+01 -1.323852549158662839e+01 8.049031657157298625e+00 2.149186937813368781e-01 -8.396777408512903662e+00 1.337135254916038640e+01
-6.010410196634416558e+00 3.559597134758863302e+00 2.508610463374231769e-01 -3.965498834186078625e+00 6.165450849723979054e+00 -6.010410196634749624e+00 3.559597134760541515e+00 2.508610463350349762e-01 -3.965498834183888821e+00 6.165450849722832416e+00 -6.010410196635080027e+00 3.559597134762234827e+00 2.508610463326524931e-01 -3.965498834181691912e+00 6.165450849721688442e+00 -6.010410196635417535e+00 3.559597134763910375e+00 2.508610463302699545e-01 -3.965498834179513210e+00 6.165450849720543580e+00
-5.642705098323032686e+00 3.470007331385414950e+00 2.811529492971721889e-02 -3.515498834185315946e+00 5.660081306192964234e+00 -5.642705098323265389e+00 3.470007331386915084e+00 2.811529492751695808e-02 -3.515498834183252264e+00 5.660081306191832695e+00 -5.642705098323495427e+00 3.470007331388428096e+00 2.811529492532196389e-02 -3.515498834181181920e+00 5.660081306190704709e+00 -5.642705098323729906e+00 3.470007331389926009e+00 2.811529492312696971e-02 -3.515498834179128007e+00 5.660081306189575834e+00
-1.336803398877862925e+00 6.888543820026062914e-01 2.222135954982565609e-01 -1.048403532281097839e+00 1.474138953658076900e+00 -1.336803398878002147e+00 6.888543820030402776e-01 2.222135954976918182e-01 -1.048403532280617334e+00 1.474138953657865958e+00 -1.336803398878140481e+00 6.888543820034780385e-01 2.222135954971284078e-01 -1.048403532280135275e+00 1.474138953657655460e+00 -1.336803398878280591e+00 6.888543820039112475e-01 2.222135954965649973e-01 -1.048403532279656769e+00 1.474138953657444961e+00
