-7.792172942404426372e+00 5.224312563087544881e+00 -6.609423525249356057e-01 -4.154885372097515628e+00 7.383688103938506941e+00 -7.792172942403686520e+00 5.224312563088592043e+00 -6.609423525273697697e-01 -4.154885372094621943e+00 7.383688103936262515e+00 -7.792172942402944003e+00 5.224312563089638317e+00 -6.609423525298048219e-01 -4.154885372091730922e+00 7.383688103934015423e+00 -7.792172942402205038e+00 5.224312563090685479e+00 -6.609423525322393189e-01 -4.154885372088839013e+00 7.383688103931771884e+00
-9.775861046341296046e+00 6.238699100992179503e+00 -3.185661446482513925e-01 -5.723248251285861343e+00 9.578976341282265494e+00 -9.775861046340539318e+00 6.238699100993684965e+00 -3.185661446514454487e-01 -5.723248251282198495e+00 9.578976341279535234e+00 -9.775861046339780813e+00 6.238699100995189539e+00 -3.185661446546400599e-01 -5.723248251278536536e+00 9.578976341276801421e+00 -9.775861046339025862e+00 6.238699100996695890e+00 -3.185661446578341716e-01 -5.723248251274874576e+00 9.578976341274071160e+00
-8.599999999997686828e+00 5.679682106617940818e+00 -5.899186938054450380e-01 -4.725173609441390532e+00 8.235410196625688073e+00 -8.599999999996915889e+00 5.679682106619148740e+00 -5.899186938081699694e-01 -4.725173609438188649e+00 8.235410196623236700e+00 -8.599999999996144950e+00 5.679682106620356663e+00 -5.899186938108955669e-01 -4.725173609434987654e+00 8.235410196620778223e+00 -8.599999999995375788e+00 5.679682106621565474e+00 -5.899186938136207203e-01 -4.725173609431786659e+00 8.235410196618325074e+00
1.689151516152514532e+01 -1.019112695901522869e+01 -4.019253581717934787e-01 1.084145584947697927e+01 -1.713991869381356636e+01 1.689151516152415766e+01 -1.019112695901818988e+01 -4.019253581660132690e-01 1.084145584947058616e+01 -1.713991869380900468e+01 1.689151516152316290e+01 -1.019112695902114929e+01 -4.019253581602326153e-01 1.084145584946419660e+01 -1.713991869380443944e+01 1.689151516152217525e+01 -1.019112695902411048e+01 -4.019253581544524612e-01 1.084145584945780527e+01 -1.713991869379988131e+01
-4.076393202249008141e+00 2.762586804715279509e+00 -3.935661446526152463e-01 -2.125783405845894425e+00 3.833155948031799376e+00 -4.076393202248604908e+00 2.762586804715809308e+00 -3.935661446538755714e-01 -2.125783405844384077e+00 3.833155948030617211e+00 -4.076393202248200787e+00 2.762586804716338662e+00 -3.935661446551363407e-01 -2.125783405842875062e+00 3.833155948029434157e+00 -4.076393202247797554e+00 2.762586804716868905e+00 -3.935661446563967769e-01 -2.125783405841365159e+00 3.833155948028252435e+00
1.808454915027524024e+01 -1.088051349692123004e+01 -4.795084972032698234e-01 1.165637454328977185e+01 -1.838090169943887631e+01 1.808454915027419929e+01 -1.088051349692441683e+01 -4.795084971970678400e-01 1.165637454328292399e+01 -1.838090169943400198e+01 1.808454915027315124e+01 -1.088051349692760539e+01 -4.795084971908654126e-01 1.165637454327607792e+01 -1.838090169942912411e+01 1.808454915027211385e+01 -1.088051349693079395e+01 -4.795084971846635957e-01 1.165637454326923361e+01 -1.838090169942424978e+01
-5.727254248592306141e+00 3.869146285026506149e+00 -5.331559480264363993e-01 -3.006481839815285717e+00 5.397745751406908710e+00 -5.727254248591746588e+00 3.869146285027257992e+00 -5.331559480282126451e-01 -3.006481839813162527e+00 5.397745751405251369e+00 -5.727254248591185259e+00 3.869146285028009391e+00 -5.331559480299892240e-01 -3.006481839811040224e+00 5.397745751403592251e+00 -5.727254248590626595e+00 3.869146285028761234e+00 -5.331559480317655808e-01 -3.006481839808917922e+00 5.397745751401934911e+00
1.111474508437694464e+00 -9.079526825617719732e-01 3.576237921239902584e-01 3.293052317194599121e-01 -8.904508497192183958e-01 1.111474508437500619e+00 -9.079526825618220442e-01 3.576237921242651496e-01 3.293052317190648393e-01 -8.904508497188543537e-01 1.111474508437306330e+00 -9.079526825618720043e-01 3.576237921245404294e-01 3.293052317186698219e-01 -8.904508497184902005e-01 1.111474508437112485e+00 -9.079526825619221864e-01 3.576237921248154872e-01 3.293052317182749156e-01 -8.904508497181261584e-01
-5.309549150279279317e+00 3.193285238682415983e+00 1.427050983173847321e-01 -3.424186938127625091e+00 5.397745751406623604e+00 -5.309549150278974672e+00 3.193285238683352567e+00 1.427050983155633279e-01 -3.424186938125614255e+00 5.397745751405193637e+00 -5.309549150278667362e+00 3.193285238684289595e+00 1.427050983137417850e-01 -3.424186938123604751e+00 5.397745751403761005e+00 -5.309549150278363605e+00 3.193285238685226624e+00 1.427050983119204086e-01 -3.424186938121594803e+00 5.397745751402330150e+00
-1.266631189605811869e+01 7.215546818644685167e+00 9.913118960738395158e-01 -8.819523159943789992e+00 1.327897634128232696e+01 -1.266631189605761065e+01 7.215546818647164962e+00 9.913118960693158010e-01 -8.819523159938949419e+00 1.327897634127902293e+01 -1.266631189605709729e+01 7.215546818649644756e+00 9.913118960647923084e-01 -8.819523159934110623e+00 1.327897634127571536e+01 -1.266631189605658925e+01 7.215546818652125438e+00 9.913118960602689267e-01 -8.819523159929271827e+00 1.327897634127241133e+01
-2.240450849718277571e+00 1.551518827217076568e+00 -2.699593469045111771e-01 -1.114715428344742687e+00 2.073606797750206621e+00 -2.240450849718038207e+00 1.551518827217347463e+00 -2.699593469051891348e-01 -1.114715428343916237e+00 2.073606797749547592e+00 -2.240450849717797510e+00 1.551518827217618135e+00 -2.699593469058674255e-01 -1.114715428343090231e+00 2.073606797748888564e+00 -2.240450849717558590e+00 1.551518827217889251e+00 -2.699593469065454943e-01 -1.114715428342264003e+00 2.073606797748229980e+00
-1.504164078649610481e+01 9.740140287706562816e+00 -7.182372542065138532e-01 -8.578007998413347934e+00 1.459774575140788677e+01 -1.504164078649486314e+01 9.740140287708795697e+00 -7.182372542113658609e-01 -8.578007998407725765e+00 1.459774575140364483e+01 -1.504164078649361613e+01 9.740140287711025024e+00 -7.182372542162188678e-01 -8.578007998402107148e+00 1.459774575139940289e+01 -1.504164078649237801e+01 9.740140287713256129e+00 -7.182372542210710975e-01 -8.578007998396488532e+00 1.459774575139516095e+01
-1.174467844092977886e+00 6.854101966238849153e-01 6.545084971969020171e-02 -7.913118960628597875e-01 1.214918693812161221e+00 -1.174467844092921931e+00 6.854101966241049615e-01 6.545084971927800366e-02 -7.913118960624128118e-01 1.214918693811850359e+00 -1.174467844092865532e+00 6.854101966243247857e-01 6.545084971886580560e-02 -7.913118960619659470e-01 1.214918693811539052e+00 -1.174467844092809354e+00 6.854101966245449429e-01 6.545084971845363531e-02 -7.913118960615190822e-01 1.214918693811228412e+00
-1.658155948031439175e+00 1.481230589874368730e+00 -7.385254915614878346e-01 -2.862712429695423166e-01 1.201722092687841803e+00 -1.658155948031081017e+00 1.481230589874366288e+00 -7.385254915618416627e-01 -2.862712429689666660e-01 1.201722092687264709e+00 -1.658155948030722193e+00 1.481230589874363623e+00 -7.385254915621962679e-01 -2.862712429683909043e-01 1.201722092686687171e+00 -1.658155948030364257e+00 1.481230589874361181e+00 -7.385254915625503180e-01 -2.862712429678153647e-01 1.201722092686110299e+00
-1.801319660111891352e+01 1.091731689579615683e+01 3.486067977657946182e-01 -1.148137454328973739e+01 1.822864745084505245e+01 -1.801319660111783350e+01 1.091731689579928499e+01 3.486067977596525314e-01 -1.148137454328292328e+01 1.822864745084017457e+01 -1.801319660111674636e+01 1.091731689580241138e+01 3.486067977535098894e-01 -1.148137454327611451e+01 1.822864745083529314e+01 -1.801319660111566989e+01 1.091731689580553777e+01 3.486067977473678026e-01 -1.148137454326930396e+01 1.822864745083041527e+01
-6.616311896060632414e+00 4.186648117869515850e+00 -1.578270575885543647e-01 -3.931278574346559473e+00 6.518769410125585750e+00 -6.616311896060139475e+00 4.186648117870556796e+00 -1.578270575907319839e-01 -3.931278574344076127e+00 6.518769410123747221e+00 -6.616311896059644759e+00 4.186648117871596853e+00 -1.578270575929099362e-01 -3.931278574341594556e+00 6.518769410121906027e+00 -6.616311896059152708e+00 4.186648117872638686e+00 -1.578270575950875554e-01 -3.931278574339112097e+00 6.518769410120068386e+00
1.170491502811899398e+00 -7.383222260924923175e-01 2.413895365533191839e-02 6.992645786252559281e-01 -1.155572808999881351e+00 1.170491502811813467e+00 -7.383222260926778358e-01 2.413895365571819274e-02 6.992645786248163908e-01 -1.155572808999556722e+00 1.170491502811727313e+00 -7.383222260928633540e-01 2.413895365610452953e-02 6.992645786243770756e-01 -1.155572808999231871e+00 1.170491502811641604e+00 -7.383222260930490943e-01 2.413895365649081082e-02 6.992645786239376493e-01 -1.155572808998907242e+00
-1.575450849718161273e+01 9.221370877579021297e+00 8.340169943890533011e-01 -1.057083872169492977e+01 1.626995934690709689e+01 -1.575450849718084534e+01 9.221370877581955838e+00 8.340169943835361588e-01 -1.057083872168893635e+01 1.626995934690291890e+01 -1.575450849718007262e+01 9.221370877584890380e+00 8.340169943780190165e-01 -1.057083872168294469e+01 1.626995934689873735e+01 -1.575450849717930879e+01 9.221370877587826698e+00 8.340169943725020962e-01 -1.057083872167695304e+01 1.626995934689456647e+01
-1.527950849718302706e+01 9.760428525049501758e+00 -5.131966011123083593e-01 -8.930058981538191887e+00 1.496233555478251098e+01 -1.527950849718183868e+01 9.760428525051851878e+00 -5.131966011172963693e-01 -8.930058981532464912e+00 1.496233555477824240e+01 -1.527950849718064497e+01 9.760428525054196669e+00 -5.131966011222853785e-01 -8.930058981526743267e+00 1.496233555477396493e+01 -1.527950849717946014e+01 9.760428525056546789e+00 -5.131966011272736106e-01 -8.930058981521021622e+00 1.496233555476969634e+01
-1.623958980336926317e+01 9.818584473078843189e+00 3.527864045144142313e-01 -1.038940486635137361e+01 1.645762379212589366e+01 -1.623958980336830038e+01 9.818584473081676478e+00 3.527864045088663358e-01 -1.038940486634522919e+01 1.645762379212150606e+01 -1.623958980336733404e+01 9.818584473084509767e+00 3.527864045033179963e-01 -1.038940486633908833e+01 1.645762379211711135e+01 -1.623958980336637481e+01 9.818584473087344833e+00 3.527864044977701563e-01 -1.038940486633294569e+01 1.645762379211272375e+01
