-3.447618055507968737e+00 3.055622477612935484e+00 -2.364521281836135191e+00 1.441964268405391714e+00 -3.782577456279331285e-01 -7.224752807677502497e-01 1.752487392900244689e+00 -2.610953828717852421e+00 3.213841912195585238e+00 -3.502136757154571622e+00 3.447618055502110757e+00 -3.055622477610214993e+00 2.364521281836826638e+00 -1.441964268409419381e+00 3.782577456349055511e-01 7.224752807585161918e-01 -1.752487392889657603e+00 2.610953828706943369e+00 -3.213841912185420480e+00 3.502136757146148138e+00
-5.518141056639115583e+00 4.879052882393188462e+00 -3.762369017659324300e+00 2.277398259511685286e+00 -5.694998921573344308e-01 -1.194145092579615097e+00 2.840898835556196378e+00 -4.209565606802199156e+00 5.166170766686267513e+00 -5.617075137099211801e+00 5.518141056629823460e+00 -4.879052882388939416e+00 3.762369017660546433e+00 -2.277398259518247148e+00 5.694998921685980875e-01 1.194145092564753430e+00 -2.840898835539199307e+00 4.209565606784722469e+00 -5.166170766670017400e+00 5.617075137085783432e+00
2.210799136667004561e+00 -2.168203998691647261e+00 1.913369946559158707e+00 -1.471241912825561826e+00 8.850984699198587435e-01 -2.123154219351350847e-01 -4.812505388367993575e-01 1.127708343797498625e+00 -1.663778198861152413e+00 2.036985851595958241e+00 -2.210799136661746100e+00 2.168203998688023049e+00 -1.913369946557525569e+00 1.471241912826077858e+00 -8.850984699224739849e-01 2.123154219395936848e-01 4.812505388309375465e-01 -1.127708343790803758e+00 1.663778198854279244e+00 -2.036985851589580232e+00
7.176854848209489823e+00 -6.612625665390497787e+00 5.401106609572225992e+00 -3.660889607087861375e+00 1.562319222945334651e+00 6.891818520560233363e-01 -2.873221005564944086e+00 4.776009268140805730e+00 -6.211288467137710434e+00 7.038563474380066687e+00 -7.176854848195483250e+00 6.612625665382568130e+00 -5.401106609571161066e+00 3.660889607093753551e+00 -1.562319222957610609e+00 -6.891818520385648572e-01 2.873221005544023487e+00 -4.776009268118459161e+00 6.211288467116122369e+00 -7.038563474361354544e+00
6.100523467809735756e+00 -5.675304410485785489e+00 4.694547015293615289e+00 -3.254254649413296896e+00 1.495413164724154420e+00 4.098097796833689577e-01 -2.274917687542083122e+00 3.917340801860193622e+00 -5.176307304773866136e+00 5.928580783242858310e+00 -6.100523467797438926e+00 5.675304410478554829e+00 -4.694547015292168446e+00 3.254254649417766654e+00 -1.495413164734106015e+00 -4.098097796689100791e-01 2.274917687524541154e+00 -3.917340801841277642e+00 5.176307304755423999e+00 -5.928580783226697903e+00
1.077090653559019806e+01 -9.912308341529938005e+00 8.083424343889458186e+00 -5.463278450942031128e+00 2.308348798319156181e+00 1.072538117893257592e+00 -4.348437530312489585e+00 7.198681579918225104e+00 -9.344268520317656979e+00 1.057517335260188496e+01 -1.077090653556926192e+01 9.912308341518142996e+00 -8.083424343887978480e+00 5.463278450950989296e+00 -2.308348798337684915e+00 -1.072538117866973728e+00 4.348437530281039187e+00 -7.198681579884671500e+00 9.344268520285279322e+00 -1.057517335257385760e+01
-8.173452476440037362e-01 5.325284312957183630e-01 -1.955840217486625732e-01 -1.605055145609838863e-01 5.008836527975959463e-01 -7.922318092366934517e-01 1.006030796384115078e+00 -1.121352479752805609e+00 1.126908369481282923e+00 -1.022154616372811686e+00 8.173452476439951875e-01 -5.325284312968013856e-01 1.955840217507348044e-01 1.605055145581296694e-01 -5.008836527942372996e-01 7.922318092331597228e-01 -1.006030796380753101e+00 1.121352479749943232e+00 -1.126908369479199479e+00 1.022154616371711899e+00
-6.648614260218637106e+00 6.143897065446951800e+00 -5.037772418862548562e+00 3.438515507696777718e+00 -1.502672741092601294e+00 -5.802621031452639411e-01 2.606396849802648408e+00 -4.377399312966220535e+00 5.719911432242184901e+00 -6.502518767564252400e+00 6.648614260205532922e+00 -6.143897065439443139e+00 5.037772418861383272e+00 -3.438515507702057494e+00 1.502672741103814102e+00 5.802621031292166665e-01 -2.606396849783347403e+00 4.377399312945545518e+00 -5.719911432222155589e+00 6.502518767546833445e+00
-7.622309736130906899e+00 6.854507790785887344e+00 -5.415738864716147738e+00 3.446839684898014955e+00 -1.140539821179228142e+00 -1.277404026843607765e+00 3.570306668520936810e+00 -5.513722817693731848e+00 6.917417361104894802e+00 -7.643986896730825542e+00 7.622309736117244050e+00 -6.854507790778983534e+00 5.415738864716693080e+00 -3.446839684905941059e+00 1.140539821193764514e+00 1.277404026823885097e+00 -3.570306668497968960e+00 5.513722817669756360e+00 -6.917417361082254246e+00 7.643986896711740364e+00
-9.397960552997947303e+00 8.425036037494509245e+00 -6.627410293965120047e+00 4.181047454981535516e+00 -1.325414560035510947e+00 -1.659959146751596171e+00 4.482844486638164483e+00 -6.866917774357962578e+00 8.578809305694202081e+00 -9.450947210110598462e+00 9.397960552981290405e+00 -8.425036037486233198e+00 6.627410293966053523e+00 -4.181047454991568380e+00 1.325414560053667312e+00 1.659959146727094659e+00 -4.482844486609729451e+00 6.866917774328364032e+00 -8.578809305666331042e+00 9.450947210087189632e+00
-8.029971801756692784e+00 7.285400471461225713e+00 -5.827683382650754140e+00 3.799512040490296449e+00 -1.399417987051104761e+00 -1.137660849277835728e+00 3.563377515129302342e+00 -5.640285962288400512e+00 7.165083921275623879e+00 -7.988513543973697395e+00 8.029971801741837112e+00 -7.285400471453372440e+00 5.827683382650689303e+00 -3.799512040498010279e+00 1.399417987065846969e+00 1.137660849257508655e+00 -3.563377515105391247e+00 5.640285962263234865e+00 -7.165083921251661714e+00 7.988513543953290608e+00
1.792964551794738881e+01 -1.633061980602758823e+01 1.313303924537837553e+01 -8.649905300130063424e+00 3.320058356674290501e+00 2.334779030936704025e+00 -7.761071979635455698e+00 1.242765712839826087e+01 -1.587773660885465787e+01 1.777359260334143087e+01 -1.792964551791375882e+01 1.633061980600948360e+01 -1.313303924537759926e+01 8.649905300146658149e+00 -3.320058356706643732e+00 -2.334779030891761309e+00 7.761071979582348845e+00 -1.242765712834215996e+01 1.587773660880104742e+01 -1.777359260329556889e+01
-4.309935943377280587e+00 3.950557653245583278e+00 -3.204471254861307461e+00 2.144708883187956605e+00 -8.750074629635040679e-01 -4.803457842706070346e-01 1.788679439373920044e+00 -2.921924688488574340e+00 3.769151590847543698e+00 -4.247427674271257558e+00 4.309935943369017863e+00 -3.950557653241006051e+00 3.204471254860871809e+00 -2.144708883191698501e+00 8.750074629710589136e-01 4.803457842599788696e-01 -1.788679439361265278e+00 2.921924688475125098e+00 -3.769151590834614485e+00 4.247427674260115360e+00
1.873992303833552597e+01 -1.704110096542871489e+01 1.367417719769714957e+01 -8.968729692263863740e+00 3.385360435741048946e+00 2.529391487422260276e+00 -8.196548948487722086e+00 1.306137108975948813e+01 -1.664765522484202975e+01 1.860435087548373900e+01 -1.873992303830057793e+01 1.704110096541003827e+01 -1.367417719769660955e+01 8.968729692281481647e+00 -3.385360435775108812e+00 -2.529391487375093561e+00 8.196548948432091919e+00 -1.306137108970081506e+01 1.664765522478604254e+01 -1.860435087543593013e+01
-6.118115339888958282e+00 5.440418969557760498e+00 -4.230176484859546449e+00 2.605854852451833903e+00 -7.264539910288897451e-01 -1.224057248537611553e+00 3.054749236108253108e+00 -4.586421084758882216e+00 5.669142082158655782e+00 -6.196927953321675453e+00 6.118115339878434256e+00 -5.440418969552771600e+00 4.230176484860594499e+00 -2.605854852458802995e+00 7.264539910411034196e-01 1.224057248521350338e+00 -3.054749236089544961e+00 4.586421084739549237e+00 -5.669142082140588457e+00 6.196927953306643033e+00
1.041793661080146816e+00 -9.847866067749310170e-01 8.313817779870170677e-01 -5.965955081924738668e-01 3.034103133309205003e-01 1.947479698324641739e-02 -3.404535784796654529e-01 6.281063916348488263e-01 -8.542757749022271696e-01 9.968226932328982937e-01 -1.041793661077934585e+00 9.847866067735557838e-01 -8.313817779866148339e-01 5.965955081930827131e-01 -3.034103133324812518e-01 -1.947479698088662448e-02 3.404535784767391826e-01 -6.281063916316408369e-01 8.542757748990510436e-01 -9.968226932300655596e-01
-6.048686348775883737e+00 5.476238417370161926e+00 -4.367738114476738431e+00 2.831693173118630558e+00 -1.018462374410320059e+00 -8.944626175489456266e-01 2.719831376414313162e+00 -4.278964089976402541e+00 5.419241985115729854e+00 -6.029046716673158279e+00 6.048686348764777065e+00 -5.476238417364350575e+00 4.367738114476804157e+00 -2.831693173124555596e+00 1.018462374421527983e+00 8.944626175335527174e-01 -2.719831376396250278e+00 4.278964089957429273e+00 -5.419241985097700720e+00 6.029046716657840754e+00
-1.248759053513138717e+01 1.133542060399593332e+01 -9.073660725624270285e+00 5.923707715519234362e+00 -2.193900921322917252e+00 -1.750660180857070092e+00 5.523854466966604093e+00 -8.756335390891551995e+00 1.113168519777994980e+01 -1.241738809849903191e+01 1.248759053510824479e+01 -1.133542060398366935e+01 9.073660725624112189e+00 -5.923707715531173257e+00 2.193900921345792288e+00 1.750660180825498902e+00 -5.523854466929444484e+00 8.756335390852424183e+00 -1.113168519774267651e+01 1.241738809846727065e+01
-2.141344331023169900e+00 1.916839106857380015e+00 -1.504700315509419184e+00 9.452709734162508814e-01 -2.933119223553477539e-01 -3.873585432896987091e-01 1.030111655831643880e+00 -1.572030262290740055e+00 1.960067593697946808e+00 -2.156239852440189786e+00 2.141344331019395142e+00 -1.916839106855519503e+00 1.504700315509659880e+00 -9.452709734185645862e-01 2.933119223595098690e-01 3.873585432840962461e-01 -1.030111655825152184e+00 1.572030262283991675e+00 -1.960067593691601218e+00 2.156239852434868709e+00
-1.420837681495949667e+01 1.279173203655515856e+01 -1.012294340117767177e+01 6.463250535001705543e+00 -2.170889674347946663e+00 -2.333972993106546490e+00 6.610370122248112601e+00 -1.023969816666638977e+01 1.286669321035915381e+01 -1.423420667509987325e+01 1.420837681493392246e+01 -1.279173203654215740e+01 1.012294340117854397e+01 -6.463250535016335618e+00 2.170889674374913536e+00 2.333972993069884261e+00 -6.610370122205363685e+00 1.023969816662171617e+01 -1.286669321031692448e+01 1.423420667506422888e+01
