1.003446497613087196e+01 -2.479936529529993106e+00 -7.119124738770693739e+00 1.084896959089016377e+01 -5.634603917421147301e+00 -4.225095420548642622e+00 1.060150147287454026e+01 -8.237717015278382959e+00 -9.174843245930714986e-01 9.316284525687736462e+00 -1.003446497612771360e+01 2.479936529541353352e+00 7.119124738754197601e+00 -1.084896959088211688e+01 5.634603917428207431e+00 4.225095420532304580e+00 -1.060150147286239708e+01 8.237717015280416888e+00 9.174843245785431201e-01 -9.316284525672688943e+00
-3.085194593827548015e+00 5.283940098188364409e-01 2.464030181084576832e+00 -3.425035213109139498e+00 1.562340192612122980e+00 1.588394164546020004e+00 -3.429609522107170960e+00 2.443353631887480226e+00 5.572750601889070454e-01 -3.098469755586003682e+00 3.085194593826943610e+00 -5.283940098227439819e-01 -2.464030181079384096e+00 3.425035213106939036e+00 -1.562340192614735779e+00 -1.588394164540750886e+00 3.429609522103590269e+00 -2.443353631888530497e+00 -5.572750601840934515e-01 3.098469755581394480e+00
-4.284688653109602896e+00 1.358208802106680713e-01 4.125021632426435048e+00 -4.985074642066443573e+00 1.735285079942461284e+00 2.945124685038730483e+00 -5.197486791999033962e+00 3.164887485606224349e+00 1.476938413589131027e+00 -4.901132721709705820e+00 4.284688653109699707e+00 -1.358208802171542162e-01 -4.125021632418917505e+00 4.985074642064086348e+00 -1.735285079947218367e+00 -2.945124685030784839e+00 5.197486791994451849e+00 -3.164887485608767648e+00 -1.476938413581559972e+00 4.901132721703348238e+00
2.362125548005444386e+00 -1.035701191498215490e+00 -1.144585775716146836e+00 2.381242469397543804e+00 -1.654732635573072708e+00 -4.359875900431516849e-01 2.167266786792637845e+00 -2.111787320077171071e+00 3.152880986471628399e-01 1.741143930860506339e+00 -2.362125548003992659e+00 1.035701191500089324e+00 1.144585775712495312e+00 -2.381242469395122630e+00 1.654732635573881616e+00 4.359875900397796045e-01 -2.167266786789484367e+00 2.111787320076830010e+00 -3.152880986499133620e-01 -1.741143930856931643e+00
7.191237167790914597e+00 -1.932818365612880118e+00 -4.919072906454905691e+00 7.715535384344404335e+00 -4.151082918463501414e+00 -2.835644743310572036e+00 7.484583240180349151e+00 -5.963010552957554999e+00 -4.746439155927811848e-01 6.520987940308173414e+00 -7.191237167788407270e+00 1.932818365620746048e+00 4.919072906443163973e+00 -7.715535384338457092e+00 4.151082918468268268e+00 2.835644743299026160e+00 -7.484583240171544638e+00 5.963010552958730948e+00 4.746439155825998846e-01 -6.520987940297379382e+00
7.089926357519694911e+00 -1.673375938124113338e+00 -5.122754961577443922e+00 7.695535573171003563e+00 -3.923889675228278140e+00 -3.082726607725521539e+00 7.547852148969261599e+00 -5.790305751572175197e+00 -7.409394948905552170e-01 6.661332367446675562e+00 -7.089926357517586375e+00 1.673375938132279694e+00 5.122754961565748388e+00 -7.695535573165411591e+00 3.923889675233415364e+00 3.082726607713893952e+00 -7.547852148960732421e+00 5.790305751573755266e+00 7.409394948801734104e-01 -6.661332367436049395e+00
1.163476821881149448e+01 -2.456764824038731199e+00 -8.746667954967502823e+00 1.273908968529736541e+01 -6.229030134333235935e+00 -5.416425587201599612e+00 1.259642029492613524e+01 -9.391554574871042504e+00 -1.555985744504801316e+00 1.122072552166410375e+01 -1.163476821880848711e+01 2.456764824052644514e+00 8.746667954948160073e+00 -1.273908968528852803e+01 6.229030134342211866e+00 5.416425587182215118e+00 -1.259642029491232762e+01 9.391554574874161787e+00 1.555985744487335953e+00 -1.122072552164668835e+01
-4.231114960994428742e-01 4.235293085984056516e-01 -7.477706691621480162e-02 -3.356235943122490295e-01 4.693262650325014107e-01 -2.161025198870830666e-01 -2.152825166866619011e-01 4.691822966567256170e-01 -3.362743525364951247e-01 -7.386808636630726177e-02 4.231114960988100471e-01 -4.235293085983196093e-01 7.477706691674684825e-02 3.356235943115375986e-01 -4.693262650321970431e-01 2.161025198874374498e-01 2.152825166859416162e-01 -4.691822966562327890e-01 3.362743525366351793e-01 7.386808636564967667e-02
-6.898532407704607294e+00 1.065965946104417084e+00 5.645414282570985876e+00 -7.702548462857868650e+00 3.409474500502612582e+00 3.694470803930843150e+00 -7.752585407653749705e+00 5.419239935584023726e+00 1.381886782110464562e+00 -7.043745277308114616e+00 6.898532407703436675e+00 -1.065965946113359042e+00 -5.645414282559316099e+00 7.702548462853083144e+00 -3.409474500508672623e+00 -3.694470803918939783e+00 7.752585407645818272e+00 -5.419239935586581680e+00 -1.381886782099529976e+00 7.043745277297817076e+00
-7.094739729450033394e+00 1.503023140328760832e-01 6.918048762300902155e+00 -8.282956388274916648e+00 2.819150458520593538e+00 4.968846261249281859e+00 -8.660379565062473972e+00 5.212040513950138454e+00 2.533258468158912979e+00 -8.190064449607179498e+00 7.094739729450312282e+00 -1.503023140437480532e-01 -6.918048762288416142e+00 8.282956388271097481e+00 -2.819150458528611125e+00 -4.968846261236047113e+00 8.660379565054935114e+00 -5.212040513954484311e+00 -2.533258468146266207e+00 8.190064449596656360e+00
-1.009556442255861874e+01 2.089413642403661786e+00 7.639311372669541633e+00 -1.106996276745476493e+01 5.374210343606291573e+00 4.752199602073443607e+00 -1.096075602770372903e+01 8.132941892048700439e+00 1.399909423905278949e+00 -9.778634119881017384e+00 1.009556442255607500e+01 -2.089413642415809846e+00 -7.639311372652736409e+00 1.106996276744714436e+01 -5.374210343614159058e+00 -4.752199602056578875e+00 1.096075602769177593e+01 -8.132941892051482213e+00 -1.399909423890061344e+00 9.778634119865907692e+00
-7.942469260466748615e+00 2.937010079500354642e+00 4.489806839335786393e+00 -8.215094571107243837e+00 5.167616030835437968e+00 2.140197586234837690e+00 -7.683569187196350292e+00 6.892379720172107760e+00 -4.189091182394522050e-01 -6.399922516666906702e+00 7.942469260462722502e+00 -2.937010079507620830e+00 -4.489806839323228438e+00 8.215094571099738729e+00 -5.167616030839187857e+00 -2.140197586222926329e+00 7.683569187186103377e+00 -6.892379720171951440e+00 4.189091182495086052e-01 6.399922516654926952e+00
1.730429451478900305e+01 -3.835561319510825129e+00 -1.279532175904181912e+01 1.887736417611505857e+01 -9.396350770711714873e+00 -7.831291359328158563e+00 1.860258590554806091e+01 -1.403735994024510703e+01 -2.100679597548984034e+00 1.650685691470490468e+01 -1.730429451478424596e+01 3.835561319531197277e+00 1.279532175901314517e+01 -1.887736417610170392e+01 9.396350770724723134e+00 7.831291359299520138e+00 -1.860258590552740898e+01 1.403735994024941469e+01 2.100679597523276598e+00 -1.650685691467899119e+01
-3.682936174640557336e+00 6.764402166702556674e-01 2.887733007807258279e+00 -4.071173965765029656e+00 1.898219025381153724e+00 1.839683668284073148e+00 -4.060896883582414851e+00 2.934186930217088651e+00 6.115532734795607883e-01 -3.653110920501597469e+00 3.682936174639764193e+00 -6.764402166748393341e-01 -2.887733007801083662e+00 4.071173965762349134e+00 -1.898219025384186409e+00 -1.839683668277831030e+00 4.060896883578110739e+00 -2.934186930218259715e+00 -6.115532734738822196e-01 3.653110920496092096e+00
1.867475171936702338e+01 -3.226477415485483391e+00 -1.488180003600931300e+01 2.072108259295024979e+01 -9.477293483336270086e+00 -9.579855910640505456e+00 2.073908953005838995e+01 -1.480040603284646217e+01 -3.340168741957926901e+00 1.872700988622664653e+01 -1.867475171936332146e+01 3.226477415509085844e+00 1.488180003597790169e+01 -2.072108259293689869e+01 9.477293483352029924e+00 9.579855910608639391e+00 -2.073908953003669708e+01 1.480040603285276823e+01 3.340168741928831508e+00 -1.872700988619873996e+01
-5.113789014891064966e+00 8.182982461964205534e-02 5.017592286671979096e+00 -5.980363320864671373e+00 2.012746440039689944e+00 3.614237972744435368e+00 -6.261537997348972873e+00 3.746641410278195750e+00 1.857096864167927297e+00 -5.929789707950764210e+00 5.113789014891306550e+00 -8.182982462752530495e-02 -5.017592286662965861e+00 5.980363320861949994e+00 -2.012746440045519059e+00 -3.614237972734868354e+00 6.261537997343555872e+00 -3.746641410281376317e+00 -1.857096864158771954e+00 5.929789707943182719e+00
2.160845240414150492e+00 -1.257513297549548215e+00 -6.825496986910489783e-01 2.059898591243946697e+00 -1.739006327611750446e+00 -1.557404521645522344e-02 1.757314715804991767e+00 -2.050273301957161287e+00 6.529261043143461674e-01 1.282712632051246082e+00 -2.160845240412336832e+00 1.257513297550712839e+00 6.825496986878675232e-01 -2.059898591241370092e+00 1.739006327611905434e+00 1.557404521369554207e-02 -1.757314715801904459e+00 2.050273301956286875e+00 -6.529261043164028555e-01 -1.282712632047953383e+00
-5.734327105364076971e+00 9.525934257444228503e-01 4.614486371196330872e+00 -6.377247497532376741e+00 2.882417687342348156e+00 2.988762282397376957e+00 -6.395918471744508338e+00 4.530090822716685395e+00 1.070477317466261402e+00 -5.788512382956580105e+00 5.734327105363000499e+00 -9.525934257517378878e-01 -4.614486371186664826e+00 6.377247497528320430e+00 -2.882417687347259339e+00 -2.988762282387552371e+00 6.395918471737871869e+00 -4.530090822718690013e+00 -1.070477317457270594e+00 5.788512382948014512e+00
-1.215374520242127687e+01 2.098529364037576173e+00 9.686775979051013508e+00 -1.348601748953258195e+01 6.166988405963280684e+00 6.236287817361883867e+00 -1.349818442215594416e+01 9.631779654775142419e+00 2.175348353337610785e+00 -1.218905501615486209e+01 1.215374520241886991e+01 -2.098529364052939439e+00 -9.686775979030569417e+00 1.348601748952389379e+01 -6.166988405973540921e+00 -6.236287817341144013e+00 1.349818442214182568e+01 -9.631779654779247579e+00 -2.175348353318673045e+00 1.218905501613670239e+01
-2.859834735482729595e+00 1.422139646911087629e+00 1.188009313172569748e+00 -2.818728354648865508e+00 2.125604600990391280e+00 3.199302813138070745e-01 -2.501705203226137542e+00 2.621000566765850692e+00 -5.794657555649241898e-01 -1.939797716106190562e+00 2.859834735480708989e+00 -1.422139646913058053e+00 -1.188009313168234993e+00 2.818728354645737788e+00 -2.125604600991053417e+00 -3.199302813099007547e-01 2.501705203222209573e+00 -2.621000566765133044e+00 5.794657555680050587e-01 1.939797716101850700e+00
