-3.038196601127452379e+00 -4.482749417092112942e+00 2.677050983152677865e-01 4.648200266812523296e+00 2.605040653091644565e+00 -3.038196601126330609e+00 -4.482749417092362521e+00 2.677050983139943052e-01 4.648200266811982395e+00 2.605040653092590031e+00 -3.038196601125207508e+00 -4.482749417092610322e+00 2.677050983127106099e-01 4.648200266811439718e+00 2.605040653093525282e+00 -3.038196601124085738e+00 -4.482749417092859900e+00 2.677050983114348526e-01 4.648200266810899706e+00 2.605040653094467196e+00
-5.659549150285347885e+00 -7.813776741497075129e+00 8.303695435359115251e-01 8.326973342624937047e+00 4.315983005621424340e+00 -5.659549150283406327e+00 -7.813776741497610701e+00 8.303695435336436725e-01 8.326973342624066632e+00 4.315983005623165170e+00 -5.659549150281463881e+00 -7.813776741498143608e+00 8.303695435313578344e-01 8.326973342623190888e+00 4.315983005624885571e+00 -5.659549150279522323e+00 -7.813776741498678291e+00 8.303695435290860960e-01 8.326973342622320473e+00 4.315983005626618407e+00
3.607623792125396633e+00 2.238854381997834153e+00 -2.223935688188815707e+00 -3.613322226092579470e+00 -9.220259842212419343e-03 3.607623792124917905e+00 2.238854381998538923e+00 -2.223935688187903548e+00 -3.613322226092716694e+00 -9.220259843214284601e-03 3.607623792124437845e+00 2.238854381999240584e+00 -2.223935688186985615e+00 -3.613322226092856582e+00 -9.220259844206157851e-03 3.607623792123958673e+00 2.238854381999943133e+00 -2.223935688186072568e+00 -3.613322226092993805e+00 -9.220259845204692439e-03
9.973935688192828053e+00 1.144029556871304720e+01 -2.903444185382090925e+00 -1.323472275971749212e+01 -5.276064311806428542e+00 9.973935688190051607e+00 1.144029556871430131e+01 -2.903444185378547537e+00 -1.323472275971654533e+01 -5.276064311809405716e+00 9.973935688187271609e+00 1.144029556871554831e+01 -2.903444185374977504e+00 -1.323472275971559675e+01 -5.276064311812348251e+00 9.973935688184496939e+00 1.144029556871679709e+01 -2.903444185371428787e+00 -1.323472275971465173e+01 -5.276064311815312990e+00
7.014918693816190043e+00 8.032875042058265080e+00 -2.050328890442550733e+00 -9.300047984467665785e+00 -3.697416860964335861e+00 7.014918693814240491e+00 8.032875042059147930e+00 -2.050328890440061169e+00 -9.300047984467003204e+00 -3.697416860966429297e+00 7.014918693812289163e+00 8.032875042060027226e+00 -2.050328890437552509e+00 -9.300047984466340623e+00 -3.697416860968498753e+00 7.014918693810339612e+00 8.032875042060908299e+00 -2.050328890435059392e+00 -9.300047984465678041e+00 -3.697416860970582864e+00
9.744098300571602422e+00 1.719890603215089087e+01 8.854101966150451641e-01 -1.665169243665665988e+01 -1.117672209267996841e+01 9.744098300567223703e+00 1.719890603215131719e+01 8.854101966196785689e-01 -1.665169243665421561e+01 -1.117672209268311434e+01 9.744098300562839654e+00 1.719890603215173996e+01 8.854101966243503874e-01 -1.665169243665175713e+01 -1.117672209268622119e+01 9.744098300558462711e+00 1.719890603215216629e+01 8.854101966289925629e-01 -1.665169243664931287e+01 -1.117672209268935113e+01
-6.500000000011458834e-01 -1.802583139031456172e+00 -4.640576474679534713e-01 1.515779740156866895e+00 1.400861046343515381e+00 -6.500000000006727063e-01 -1.802583139031397996e+00 -4.640576474683900665e-01 1.515779740156538047e+00 1.400861046343750971e+00 -6.500000000001988631e-01 -1.802583139031339599e+00 -4.640576474688304920e-01 1.515779740156207422e+00 1.400861046343983229e+00 -6.499999999997254641e-01 -1.802583139031281423e+00 -4.640576474692680309e-01 1.515779740155878796e+00 1.400861046344217486e+00
-6.739589803381523581e+00 -1.155574641843413275e+01 -4.022542485868519369e-01 1.130713962068815448e+01 7.390450849713784187e+00 -6.739589803378589039e+00 -1.155574641843447203e+01 -4.022542485899905929e-01 1.130713962068654865e+01 7.390450849715946013e+00 -6.739589803375651833e+00 -1.155574641843481132e+01 -4.022542485931550615e-01 1.130713962068493394e+01 7.390450849718081194e+00 -6.739589803372717292e+00 -1.155574641843514883e+01 -4.022542485962995462e-01 1.130713962068332989e+01 7.390450849720233251e+00
-6.282827057600536946e+00 -1.204931256309070342e+01 -1.164057647461884226e+00 1.132988537209468305e+01 8.166311896057694142e+00 -6.282827057597448750e+00 -1.204931256309085263e+01 -1.164057647465058576e+00 1.132988537209286228e+01 8.166311896059760045e+00 -6.282827057594357001e+00 -1.204931256309099830e+01 -1.164057647468259571e+00 1.132988537209103441e+01 8.166311896061799303e+00 -6.282827057591268805e+00 -1.204931256309114573e+01 -1.164057647471440138e+00 1.132988537208921542e+01 8.166311896063854547e+00
-9.049138953663510065e+00 -1.343869910099528653e+01 7.435661446643306860e-01 1.389824825128138386e+01 7.846023658712678817e+00 -9.049138953660145646e+00 -1.343869910099601839e+01 7.435661446605206226e-01 1.389824825127975139e+01 7.846023658715498783e+00 -9.049138953656775897e+00 -1.343869910099674669e+01 7.435661446566801391e-01 1.389824825127811359e+01 7.846023658718286775e+00 -9.049138953653411477e+00 -1.343869910099747500e+01 7.435661446528631924e-01 1.389824825127648289e+01 7.846023658721095195e+00
-8.600000000006852829e+00 -1.287968210662060464e+01 6.399186938200955854e-01 1.327517360943768132e+01 7.564589803369276666e+00 -8.600000000003623413e+00 -1.287968210662128676e+01 6.399186938164536098e-01 1.327517360943610392e+01 7.564589803371962518e+00 -8.600000000000392220e+00 -1.287968210662196356e+01 6.399186938127823243e-01 1.327517360943451941e+01 7.564589803374615506e+00 -8.599999999997164579e+00 -1.287968210662264035e+01 6.399186938091339094e-01 1.327517360943294200e+01 7.564589803377288924e+00
1.918348483848296482e+01 2.776612695902114680e+01 -2.023074641860159506e+00 -2.901645584946841794e+01 -1.591008130617480099e+01 1.918348483847603347e+01 2.776612695902279526e+01 -2.023074641852223188e+00 -2.901645584946514234e+01 -1.591008130618075178e+01 1.918348483846909147e+01 2.776612695902443306e+01 -2.023074641844223365e+00 -2.901645584946185608e+01 -1.591008130618663330e+01 1.918348483846215657e+01 2.776612695902607442e+01 -2.023074641836273280e+00 -2.901645584945858047e+01 -1.591008130619255745e+01
-4.523606797753171982e+00 -6.237586804716409361e+00 6.685661446599050484e-01 6.650783405843657015e+00 3.441844051965900597e+00 -4.523606797751622111e+00 -6.237586804716839239e+00 6.685661446580939415e-01 6.650783405842962459e+00 3.441844051967291485e+00 -4.523606797750072239e+00 -6.237586804717266453e+00 6.685661446562684018e-01 6.650783405842266127e+00 3.441844051968666829e+00 -4.523606797748522368e+00 -6.237586804717693667e+00 6.685661446544541864e-01 6.650783405841572460e+00 3.441844051970051943e+00
1.814045084973459510e+01 2.948051349692793721e+01 7.950849717001462480e-02 -2.943137454328188696e+01 -1.826909830054940898e+01 1.814045084972714506e+01 2.948051349692907053e+01 7.950849717814678641e-02 -2.943137454327797187e+01 -1.826909830055516437e+01 1.814045084971968436e+01 2.948051349693019674e+01 7.950849718634511731e-02 -2.943137454327404612e+01 -1.826909830056084871e+01 1.814045084971223787e+01 2.948051349693131939e+01 7.950849719449237796e-02 -2.943137454327013458e+01 -1.826909830056657924e+01
-5.447745751411002146e+00 -9.044146285028533683e+00 -1.418440519636825770e-01 8.956481839812791890e+00 5.677254248590021035e+00 -5.447745751408712422e+00 -9.044146285028849874e+00 -1.418440519661618993e-01 8.956481839811566203e+00 5.677254248591756536e+00 -5.447745751406420034e+00 -9.044146285029160737e+00 -1.418440519686614554e-01 8.956481839810338741e+00 5.677254248593470720e+00 -5.447745751404130310e+00 -9.044146285029475152e+00 -1.418440519711453851e-01 8.956481839809116607e+00 5.677254248595198227e+00
2.788525491563459191e+00 2.557952682560916458e+00 -1.207623792126548912e+00 -3.304305231718227986e+00 -8.345491502797469652e-01 2.788525491562860115e+00 2.557952682561351665e+00 -1.207623792125682938e+00 -3.304305231718124958e+00 -8.345491502805542083e-01 2.788525491562260150e+00 2.557952682561785096e+00 -1.207623792124810524e+00 -3.304305231718023261e+00 -8.345491502813524587e-01 2.788525491561661074e+00 2.557952682562218527e+00 -1.207623792123943440e+00 -3.304305231717920233e+00 -8.345491502821563712e-01
-5.365450849723628401e+00 -8.993285238684739724e+00 -1.927050983072008394e-01 8.874186938125314228e+00 5.677254248589838070e+00 -5.365450849721349336e+00 -8.993285238685038152e+00 -1.927050983096593728e-01 8.874186938124086765e+00 5.677254248591551367e+00 -5.365450849719067605e+00 -8.993285238685333027e+00 -1.927050983121380290e-01 8.874186938122855750e+00 5.677254248593243346e+00 -5.365450849716789428e+00 -8.993285238685631455e+00 -1.927050983146011698e-01 8.874186938121628287e+00 5.677254248594947761e+00
-1.188368810394775998e+01 -1.889054681865006557e+01 2.086881039488174550e-01 1.901952315993787224e+01 1.154602365871038927e+01 -1.188368810394299757e+01 -1.889054681865086138e+01 2.086881039435722895e-01 1.901952315993541731e+01 1.154602365871414094e+01 -1.188368810393822805e+01 -1.889054681865165719e+01 2.086881039382844361e-01 1.901952315993294818e+01 1.154602365871785175e+01 -1.188368810393346564e+01 -1.889054681865244589e+01 2.086881039330296395e-01 1.901952315993049325e+01 1.154602365872158565e+01
-2.184549150282776075e+00 -2.976518827217556229e+00 3.449593469080289854e-01 3.189715428343661507e+00 1.626393202248590519e+00 -2.184549150282037999e+00 -2.976518827217768504e+00 3.449593469071612906e-01 3.189715428343335102e+00 1.626393202249261094e+00 -2.184549150281298591e+00 -2.976518827217979446e+00 3.449593469062867124e-01 3.189715428343007364e+00 1.626393202249923675e+00 -2.184549150280560514e+00 -2.976518827218190832e+00 3.449593469054175743e-01 3.189715428342681847e+00 1.626393202250591363e+00
-1.235835921351257838e+01 -2.251514028771255127e+01 -1.556762745768222489e+00 2.155300799840761528e+01 1.487725424858447099e+01 -1.235835921350683009e+01 -2.251514028771300246e+01 -1.556762745774235457e+00 2.155300799840433257e+01 1.487725424858848555e+01 -1.235835921350107824e+01 -2.251514028771344655e+01 -1.556762745780298829e+00 2.155300799840103565e+01 1.487725424859245216e+01 -1.235835921349533173e+01 -2.251514028771389064e+01 -1.556762745786323343e+00 2.155300799839776005e+01 1.487725424859644896e+01
