3.062287570309990770e+00 -7.015668116851825342e-01 -2.628695435309901018e+00 2.326189936778582545e+00 1.191030990092904585e+00 -3.062287570310703533e+00 7.015668116854701930e-01 2.628695435310434370e+00 -2.326189936779201606e+00 -1.191030990093055131e+00 3.062287570311416296e+00 -7.015668116857625147e-01 -2.628695435310969497e+00 2.326189936779823775e+00 1.191030990093207675e+00 -3.062287570312128615e+00 7.015668116860495074e-01 2.628695435311504625e+00 -2.326189936780440615e+00 -1.191030990093350894e+00
7.265731755678504378e+00 1.249778406096826888e+00 -8.038137289052736278e+00 3.718063644775943644e+00 5.740247584246455759e+00 -7.265731755680325143e+00 -1.249778406096771599e+00 8.038137289054519741e+00 -3.718063644777107157e+00 -5.740247584247520685e+00 7.265731755682145021e+00 1.249778406096704098e+00 -8.038137289056304979e+00 3.718063644778279109e+00 5.740247584248590940e+00 -7.265731755683975557e+00 -1.249778406096650363e+00 8.038137289058093771e+00 -3.718063644779435073e+00 -5.740247584249640767e+00
5.688680772555424703e+00 1.762771741752571453e+00 -6.778133623366967342e+00 2.426345217776831653e+00 5.278569810340631996e+00 -5.688680772556884868e+00 -1.762771741752697574e+00 6.778133623368503891e+00 -2.426345217777660768e+00 -5.278569810341655177e+00 5.688680772558345033e+00 1.762771741752812815e+00 -6.778133623370042216e+00 2.426345217778496099e+00 5.278569810342684576e+00 -5.688680772559815857e+00 -1.762771741752940269e+00 6.778133623371579652e+00 -2.426345217779318997e+00 -5.278569810343697100e+00
1.093827424161118778e+01 3.435188602721690465e+00 -1.306133755586061085e+01 4.637161945335908975e+00 1.019541386230642388e+01 -1.093827424161399797e+01 -3.435188602721941820e+00 1.306133755586357204e+01 -4.637161945337498814e+00 -1.019541386230840452e+01 1.093827424161680639e+01 3.435188602722174078e+00 -1.306133755586653855e+01 4.637161945339100200e+00 1.019541386231039404e+01 -1.093827424161963791e+01 -3.435188602722428541e+00 1.306133755586950507e+01 -4.637161945340677605e+00 -1.019541386231235158e+01
-5.405764746865693304e-01 -9.435661446555660969e-01 1.123732422717501178e+00 2.490613131559227256e-01 -1.277660779530656487e+00 5.405764746867426362e-01 9.435661446557452869e-01 -1.123732422717785173e+00 -2.490613131559251681e-01 1.277660779530942481e+00 -5.405764746869159421e-01 -9.435661446559229226e-01 1.123732422718068946e+00 2.490613131559266114e-01 -1.277660779531228474e+00 5.405764746870930226e-01 9.435661446561021126e-01 -1.123732422718352941e+00 -2.490613131559304416e-01 1.277660779531514024e+00
-7.025657780865717683e+00 -2.801141952313464856e+00 8.756858714709448321e+00 -2.610894368057823378e+00 -7.143237254214718668e+00 7.025657780867549107e+00 2.801141952313754846e+00 -8.756858714711455605e+00 2.610894368058781723e+00 7.143237254216135312e+00 -7.025657780869379643e+00 -2.801141952314031958e+00 8.756858714713466441e+00 -2.610894368059748949e+00 -7.143237254217556398e+00 7.025657780871227054e+00 2.801141952314322836e+00 -8.756858714715475500e+00 2.610894368060699300e+00 7.143237254218960608e+00
-6.907091636209108820e+00 -3.548558813281962099e+00 9.100221593896145933e+00 -2.075687436901677341e+00 -7.817376207870497140e+00 6.907091636210943797e+00 3.548558813282418178e+00 -9.100221593898261574e+00 2.075687436902536209e+00 7.817376207872081650e+00 -6.907091636212778774e+00 -3.548558813282860491e+00 9.100221593900380768e+00 -2.075687436903403960e+00 -7.817376207873672378e+00 6.907091636214634178e+00 3.548558813283318347e+00 -9.100221593902496409e+00 2.075687436904254390e+00 7.817376207875246230e+00
-7.154711762645232120e+00 -3.577612795064245788e+00 9.365798068582265046e+00 -2.210768743087799582e+00 -7.999467844088878898e+00 7.154711762647128381e+00 3.577612795064696982e+00 -9.365798068584439307e+00 2.210768743088699750e+00 7.999467844090496271e+00 -7.154711762649025530e+00 -3.577612795065134410e+00 9.365798068586615344e+00 -2.210768743089609245e+00 -7.999467844092120750e+00 7.154711762650941331e+00 3.577612795065587381e+00 -9.365798068588791381e+00 2.210768743090500532e+00 7.999467844093727464e+00
-7.919098300551993930e+00 -3.350155281001719221e+00 9.989608131801887225e+00 -2.823762078744322945e+00 -8.244427190995626376e+00 7.919098300554066050e+00 3.350155281002086927e+00 -9.989608131804185831e+00 2.823762078745382986e+00 8.244427190997271282e+00 -7.919098300556138170e+00 -3.350155281002440422e+00 9.989608131806486213e+00 -2.823762078746452797e+00 -8.244427190998919741e+00 7.919098300558228942e+00 3.350155281002810792e+00 -9.989608131808786595e+00 2.823762078747503512e+00 8.244427191000548660e+00
1.806757947332063097e+01 5.901655779785793143e+00 -2.171500333513244030e+01 7.518954347143799843e+00 1.706803398874044575e+01 -1.806757947332528147e+01 -5.901655779786258549e+00 2.171500333513737502e+01 -7.518954347146401318e+00 -1.706803398874377109e+01 1.806757947332993552e+01 5.901655779786690204e+00 -2.171500333514231329e+01 7.518954347149024109e+00 1.706803398874711064e+01 -1.806757947333462155e+01 -5.901655779787158274e+00 2.171500333514725156e+01 -7.518954347151605155e+00 -1.706803398875040401e+01
-4.201722092682153686e+00 -1.425938686844813397e+00 5.083000667026090547e+00 -1.715528490215792123e+00 -4.022745751404327663e+00 4.201722092683238152e+00 1.425938686844932857e+00 -5.083000667027246955e+00 1.715528490216391422e+00 4.022745751405114589e+00 -4.201722092684320842e+00 -1.425938686845044989e+00 5.083000667028406028e+00 -1.715528490216995827e+00 -4.022745751405904180e+00 4.201722092685414189e+00 1.425938686845165337e+00 -5.083000667029563324e+00 1.715528490217590241e+00 4.022745751406683112e+00
1.823209163619485196e+01 6.542028989003346062e+00 -2.227528790678799808e+01 7.224856046581523472e+00 1.781008130617713547e+01 -1.823209163619956996e+01 -6.542028989003941142e+00 2.227528790679308202e+01 -7.224856046584087643e+00 -1.781008130618063490e+01 1.823209163620429152e+01 6.542028989004503359e+00 -2.227528790679816950e+01 7.224856046586673131e+00 1.781008130618414853e+01 -1.823209163620904860e+01 -6.542028989005102879e+00 2.227528790680325699e+01 -7.224856046589215097e+00 -1.781008130618761598e+01
-5.543237254211641485e+00 -1.962084304844743832e+00 6.755872043399000937e+00 -2.213274241621162819e+00 -5.387993335652994098e+00 5.543237254213075893e+00 1.962084304844919025e+00 -6.755872043400541038e+00 2.213274241621945304e+00 5.387993335654051918e+00 -5.543237254214508525e+00 -1.962084304845084226e+00 6.755872043402083804e+00 -2.213274241622734007e+00 -5.387993335655113292e+00 5.543237254215955367e+00 1.962084304845260307e+00 -6.755872043403625682e+00 2.213274241623509830e+00 5.387993335656159566e+00
1.592124957936271512e+00 -2.227937358732232087e-01 -1.454430856686189211e+00 1.121681439592000284e+00 7.611936024685037605e-01 -1.592124957936648100e+00 2.227937358733423356e-01 1.454430856686491635e+00 -1.121681439592307150e+00 -7.611936024686165592e-01 1.592124957937024909e+00 -2.227937358734637940e-01 -1.454430856686794948e+00 1.121681439592615792e+00 7.611936024687304680e-01 -1.592124957937402385e+00 2.227937358735824769e-01 1.454430856687098261e+00 -1.121681439592921548e+00 -7.611936024688394919e-01
-5.794630456461351997e+00 -2.097697766938823705e+00 7.091078974554926084e+00 -2.284830056245993113e+00 -5.678976341278114681e+00 5.794630456462852131e+00 2.097697766939016883e+00 -7.091078974556545234e+00 2.284830056246806240e+00 5.678976341279231121e+00 -5.794630456464352264e+00 -2.097697766939199404e+00 7.091078974558165271e+00 -2.284830056247626029e+00 -5.678976341280352003e+00 5.794630456465866608e+00 2.097697766939393915e+00 -7.091078974559785308e+00 2.284830056248432051e+00 5.678976341281457785e+00
-1.186352549154679714e+01 -4.227487170096123847e+00 1.447625624967159119e+01 -4.719331222054256259e+00 -1.155954915027459506e+01 1.186352549154986669e+01 4.227487170096505764e+00 -1.447625624967489166e+01 4.719331222055926922e+00 1.155954915027686347e+01 -1.186352549155293623e+01 -4.227487170096864588e+00 1.447625624967819569e+01 -4.719331222057612685e+00 -1.155954915027914431e+01 1.186352549155603064e+01 4.227487170097248281e+00 -1.447625624968150149e+01 4.719331222059270026e+00 1.155954915028139141e+01
-2.090779740153436705e+00 -4.651219592819478832e-01 2.378240919903837902e+00 -1.004711762654503016e+00 -1.757294901686710542e+00 2.090779740153965172e+00 4.651219592819547666e-01 -2.378240919904370365e+00 1.004711762654826757e+00 1.757294901687042499e+00 -2.090779740154493638e+00 -4.651219592819579862e-01 2.378240919904902828e+00 -1.004711762655153162e+00 -1.757294901687376010e+00 2.090779740155025657e+00 4.651219592819653137e-01 -2.378240919905435735e+00 1.004711762655474683e+00 1.757294901687703970e+00
-1.339336287916928114e+01 -6.302487170095544933e+00 1.728851416394997997e+01 -4.382402198209704558e+00 -1.458004065308551489e+01 1.339336287917281609e+01 6.302487170096304325e+00 -1.728851416395398033e+01 4.382402198211430289e+00 1.458004065308844943e+01 -1.339336287917634927e+01 -6.302487170097038849e+00 1.728851416395798424e+01 -4.382402198213173783e+00 -1.458004065309139463e+01 1.339336287917991619e+01 6.302487170097801794e+00 -1.728851416396198815e+01 4.382402198214883526e+00 1.458004065309430430e+01
-1.237006664342363171e+00 3.523798735618136058e-01 1.019223925529869845e+00 -9.822949016864422900e-01 -4.121322893119613862e-01 1.237006664342648055e+00 -3.523798735619447231e-01 -1.019223925530072794e+00 9.822949016866995287e-01 4.121322893120054065e-01 -1.237006664342932716e+00 3.523798735620775613e-01 1.019223925530276853e+00 -9.822949016869579886e-01 -4.121322893120503705e-01 1.237006664343217377e+00 -3.523798735622084011e-01 -1.019223925530480690e+00 9.822949016872145611e-01 4.121322893120913933e-01
-6.470879705298725471e-01 -7.344235253130979579e-01 1.100986671310978160e+00 5.397634128232325912e-02 -1.134345884811921001e+00 6.470879705300622842e-01 7.344235253132271879e-01 -1.100986671311247722e+00 -5.397634128228484540e-02 1.134345884812167249e+00 -6.470879705302521323e-01 -7.344235253133550856e-01 1.100986671311517506e+00 5.397634128224543248e-02 -1.134345884812413718e+00 6.470879705304450891e-01 7.344235253134845376e-01 -1.100986671311787291e+00 -5.397634128220824001e-02 1.134345884812659300e+00
