-1.438036954352757135e+01 8.520180940822111637e+00 5.944271909794237585e-01 -9.481984339662808736e+00 1.474774575138629729e+01 -1.438036954351847996e+01 8.520180940807515313e+00 5.944271909939546905e-01 -9.481984339671720718e+00 1.474774575138619070e+01 -1.438036954350939034e+01 8.520180940792915436e+00 5.944271910084860666e-01 -9.481984339680634477e+00 1.474774575138608412e+01 -1.438036954350029895e+01 8.520180940778317336e+00 5.944271910230174427e-01 -9.481984339689548236e+00 1.474774575138597577e+01
-1.378036954352711518e+01 8.098828391665218618e+00 6.761899367611665657e-01 -9.192926692194314242e+00 1.419827790729254602e+01 -1.378036954351829735e+01 8.098828391651160530e+00 6.761899367750947576e-01 -9.192926692202789241e+00 1.419827790729233818e+01 -1.378036954350947951e+01 8.098828391637102442e+00 6.761899367890233936e-01 -9.192926692211269568e+00 1.419827790729212857e+01 -1.378036954350065812e+01 8.098828391623044354e+00 6.761899368029521407e-01 -9.192926692219748119e+00 1.419827790729192074e+01
-1.727897634127559812e+01 1.071247950819862993e+01 -5.417960677508354417e-02 -1.062481506293826605e+01 1.724549150278768295e+01 -1.727897634126545512e+01 1.071247950818158401e+01 -5.417960675764940670e-02 -1.062481506294942513e+01 1.724549150278831533e+01 -1.727897634125530502e+01 1.071247950816453809e+01 -5.417960674021457534e-02 -1.062481506296059131e+01 1.724549150278894416e+01 -1.727897634124515847e+01 1.071247950814749217e+01 -5.417960672277971623e-02 -1.062481506297175571e+01 1.724549150278957299e+01
1.226286771068421544e+01 -7.137228258257756863e+00 -7.145898033578409470e-01 8.293458848103826497e+00 -1.270450849717016162e+01 1.226286771067625558e+01 -7.137228258245174928e+00 -7.145898033702391405e-01 8.293458848111303183e+00 -1.270450849716986497e+01 1.226286771066829395e+01 -7.137228258232590328e+00 -7.145898033826377782e-01 8.293458848118783422e+00 -1.270450849716956832e+01 1.226286771066033232e+01 -7.137228258220008392e+00 -7.145898033950364159e-01 8.293458848126261884e+00 -1.270450849716926811e+01
1.198282705758934696e+01 -7.539153616413241998e+00 2.157797401729193987e-01 7.190014662729065975e+00 -1.184946784407636144e+01 1.198282705758249023e+01 -7.539153616401536695e+00 2.157797401608350096e-01 7.190014662736911255e+00 -1.184946784407697606e+01 1.198282705757563527e+01 -7.539153616389827839e+00 2.157797401487499822e-01 7.190014662744759200e+00 -1.184946784407758891e+01 1.198282705756877675e+01 -7.539153616378122535e+00 2.157797401366650103e-01 7.190014662752606256e+00 -1.184946784407820175e+01
-5.264057647467433654e+00 3.339308897409840604e+00 -1.390576474761560655e-01 -3.114308897397491283e+00 5.178115294930504930e+00 -5.264057647464466250e+00 3.339308897404726473e+00 -1.390576474708488663e-01 -3.114308897400963616e+00 5.178115294930819346e+00 -5.264057647461498846e+00 3.339308897399611897e+00 -1.390576474655413619e-01 -3.114308897404437282e+00 5.178115294931131984e+00 -5.264057647458530553e+00 3.339308897394498210e+00 -1.390576474602339130e-01 -3.114308897407910948e+00 5.178115294931445511e+00
-4.974138953653741702e+00 3.397464845440157699e+00 -5.230746418508230855e-01 -2.551112296272134650e+00 4.650861046336062898e+00 -4.974138953651333850e+00 3.397464845435577807e+00 -5.230746418458213087e-01 -2.551112296275646951e+00 4.650861046336746796e+00 -4.974138953648924222e+00 3.397464845430997027e+00 -5.230746418408191989e-01 -2.551112296279160585e+00 4.650861046337429805e+00 -4.974138953646514594e+00 3.397464845426417135e+00 -5.230746418358172001e-01 -2.551112296282674219e+00 4.650861046338112814e+00
-7.745820393247833557e+00 4.900705765349009368e+00 -1.836881039487455736e-01 -4.603492169830426306e+00 7.632294901676903720e+00 -7.745820393243445956e+00 4.900705765341470510e+00 -1.836881039409355432e-01 -4.603492169835524450e+00 7.632294901677345145e+00 -7.745820393239057466e+00 4.900705765333931652e+00 -1.836881039331251519e-01 -4.603492169840623482e+00 7.632294901677784793e+00 -7.745820393234668977e+00 4.900705765326392793e+00 -1.836881039253147607e-01 -4.603492169845722515e+00 7.632294901678224441e+00
-2.051393202249143677e+00 1.266969676938586753e+00 1.393202247208354116e-03 -1.269223925527630970e+00 2.052254248590662744e+00 -2.051393202247931757e+00 1.266969676936557931e+00 1.393202249278427396e-03 -1.269223925528951469e+00 2.052254248590729802e+00 -2.051393202246718950e+00 1.266969676934528888e+00 1.393202251348587412e-03 -1.269223925530272190e+00 2.052254248590797303e+00 -2.051393202245506142e+00 1.266969676932500288e+00 1.393202253418747427e-03 -1.269223925531593133e+00 2.052254248590864361e+00
-2.178647450842969402e+00 1.376518827220043928e+00 -4.860679775301304795e-02 -1.297871376371238616e+00 2.148606797746868580e+00 -2.178647450841732613e+00 1.376518827217921626e+00 -4.860679775081623577e-02 -1.297871376372670582e+00 2.148606797746989816e+00 -2.178647450840495381e+00 1.376518827215798879e+00 -4.860679774861932645e-02 -1.297871376374102992e+00 2.148606797747110164e+00 -2.178647450839257704e+00 1.376518827213676577e+00 -4.860679774642243101e-02 -1.297871376375535402e+00 2.148606797747230956e+00
5.884549150278930441e+00 -3.874515828566169162e+00 3.845491502900238445e-01 3.252302233051708846e+00 -5.646884705053799358e+00 5.884549150275844021e+00 -3.874515828560599839e+00 3.845491502840988063e-01 3.252302233055726077e+00 -5.646884705054375786e+00 5.884549150272757601e+00 -3.874515828555030073e+00 3.845491502781733240e-01 3.252302233059744196e+00 -5.646884705054953102e+00 5.884549150269671181e+00 -3.874515828549460750e+00 3.845491502722478971e-01 3.252302233063762760e+00 -5.646884705055528642e+00
7.970491502810135742e+00 -4.455543152973534760e+00 -7.612712429576031781e-01 5.687305898736080501e+00 -8.440983005613428958e+00 7.970491502804663675e+00 -4.455543152965166342e+00 -7.612712429656716129e-01 5.687305898740764754e+00 -8.440983005612944012e+00 7.970491502799189831e+00 -4.455543152956796149e+00 -7.612712429737400477e-01 5.687305898745449895e+00 -8.440983005612455514e+00 7.970491502793713323e+00 -4.455543152948426844e+00 -7.612712429818087045e-01 5.687305898750135036e+00 -8.440983005611970569e+00
-1.657950849718156761e+01 1.012116761213482974e+01 2.031152949141491748e-01 -1.044981506293968820e+01 1.670504065306960939e+01 -1.657950849717157382e+01 1.012116761211830962e+01 2.031152949308861200e-01 -1.044981506295024865e+01 1.670504065306996111e+01 -1.657950849716158004e+01 1.012116761210178773e+01 2.031152949476237035e-01 -1.044981506296081086e+01 1.670504065307031638e+01 -1.657950849715158270e+01 1.012116761208526761e+01 2.031152949643612593e-01 -1.044981506297137308e+01 1.670504065307066810e+01
5.360942352528258681e+00 -3.434597134752312986e+00 1.963525491634984244e-01 3.116892036427767021e+00 -5.239589803366493825e+00 5.360942352525292165e+00 -3.434597134747140235e+00 1.963525491580953852e-01 3.116892036431335722e+00 -5.239589803366866860e+00 5.360942352522324761e+00 -3.434597134741966151e+00 1.963525491526920130e-01 3.116892036434905755e+00 -5.239589803367239895e+00 5.360942352519357357e+00 -3.434597134736793844e+00 1.963525491472887241e-01 3.116892036438475788e+00 -5.239589803367612042e+00
-1.198176274577637024e+01 7.700957015288161678e+00 -4.786474508607209688e-01 -6.926489171166312353e+00 1.168594235251365987e+01 -1.198176274576978173e+01 7.700957015276625128e+00 -4.786474508486464052e-01 -6.926489171174313064e+00 1.168594235251453384e+01 -1.198176274576318789e+01 7.700957015265087691e+00 -4.786474508365712310e-01 -6.926489171182315552e+00 1.168594235251540780e+01 -1.198176274575659761e+01 7.700957015253552917e+00 -4.786474508244961124e-01 -6.926489171190317151e+00 1.168594235251628000e+01
-1.048680339887135027e+01 6.303414529350191309e+00 2.876644452036419830e-01 -6.768865379043773167e+00 1.066458980335951701e+01 -1.048680339886487012e+01 6.303414529339640637e+00 2.876644452142336772e-01 -6.768865379050358122e+00 1.066458980335958273e+01 -1.048680339885838819e+01 6.303414529329087301e+00 2.876644452248257600e-01 -6.768865379056944853e+00 1.066458980335964846e+01 -1.048680339885190627e+01 6.303414529318535742e+00 2.876644452354178427e-01 -6.768865379063530696e+00 1.066458980335971241e+01
-1.185139320224464221e+01 7.591407865006497779e+00 -4.317627457980680594e-01 -6.892801067228534251e+00 1.158454915026315746e+01 -1.185139320223808213e+01 7.591407864995061594e+00 -4.317627457861234475e-01 -6.892801067236422163e+00 1.158454915026398169e+01 -1.185139320223152026e+01 7.591407864983622744e+00 -4.317627457741782249e-01 -6.892801067244312740e+00 1.158454915026480236e+01 -1.185139320222495662e+01 7.591407864972185671e+00 -4.317627457622331133e-01 -6.892801067252203318e+00 1.158454915026562659e+01
-5.178647450841392441e+00 3.316030990096712650e+00 -1.868033988825840985e-01 -3.013776741490376665e+00 5.063196601116946027e+00 -5.178647450838524513e+00 3.316030990091713981e+00 -1.868033988773646625e-01 -3.013776741493822797e+00 5.063196601117303963e+00 -5.178647450835654809e+00 3.316030990086714425e+00 -1.868033988721449767e-01 -3.013776741497269818e+00 5.063196601117661011e+00 -5.178647450832785992e+00 3.316030990081715757e+00 -1.868033988669253187e-01 -3.013776741500716394e+00 5.063196601118018947e+00
-5.819959346904846065e+00 3.566030990097893483e+00 4.999999999149361968e-02 -3.646932689521211746e+00 5.850861046335746884e+00 -5.819959346901360853e+00 3.566030990092108333e+00 4.999999999736812195e-02 -3.646932689524930549e+00 5.850861046335891658e+00 -5.819959346897873864e+00 3.566030990086321850e+00 5.000000000324286709e-02 -3.646932689528650684e+00 5.850861046336037319e+00 -5.819959346894386876e+00 3.566030990080536700e+00 5.000000000911759834e-02 -3.646932689532370819e+00 5.850861046336181204e+00
-1.485410196623780932e+00 1.066640786500569149e+00 -2.404508497208885098e-01 -6.775831390283353350e-01 1.336803398872339566e+00 -1.485410196623146550e+00 1.066640786499255755e+00 -2.404508497193976746e-01 -6.775831390294341228e-01 1.336803398872627113e+00 -1.485410196622512169e+00 1.066640786497941917e+00 -2.404508497179067006e-01 -6.775831390305330215e-01 1.336803398872914217e+00 -1.485410196621877787e+00 1.066640786496628523e+00 -2.404508497164157543e-01 -6.775831390316319203e-01 1.336803398873201321e+00
