-5.519959346907112874e+00 -1.170025124993821919e+01 -1.341144485240644535e+01 -9.999922359500303060e+00 -2.768769410125138108e+00 5.519959346906831321e+00 1.170025124993810550e+01 1.341144485240654305e+01 9.999922359500578395e+00 2.768769410125488051e+00 -5.519959346906549769e+00 -1.170025124993799182e+01 -1.341144485240664253e+01 -9.999922359500857283e+00 -2.768769410125817121e+00 5.519959346906265552e+00 1.170025124993787635e+01 1.341144485240673845e+01 9.999922359501129066e+00 2.768769410126159514e+00
1.703771242968825206e+01 1.685156681168757586e+01 1.022869543531204428e+01 -3.011899367817409967e-01 -1.071603099009436022e+01 -1.703771242968820232e+01 -1.685156681168780324e+01 -1.022869543531245462e+01 3.011899367812986839e-01 1.071603099009404936e+01 1.703771242968814903e+01 1.685156681168802706e+01 1.022869543531287739e+01 -3.011899367808403838e-01 -1.071603099009375448e+01 -1.703771242968809219e+01 -1.685156681168824733e+01 -1.022869543531328773e+01 3.011899367803945182e-01 1.071603099009344895e+01
1.833426824431492363e+01 3.227522159390733236e+01 3.388813728906190192e+01 2.255693635521773999e+01 2.609752415748674004e+00 -1.833426824431426638e+01 -3.227522159390714762e+01 -3.388813728906227141e+01 -2.255693635521851803e+01 -2.609752415749572840e+00 1.833426824431361268e+01 3.227522159390696999e+01 3.388813728906263378e+01 2.255693635521930318e+01 2.609752415750417498e+00 -1.833426824431294833e+01 -3.227522159390678524e+01 -3.388813728906299616e+01 -2.255693635522007412e+01 -2.609752415751299459e+00
2.011131922743920342e+01 2.993722825825052780e+01 2.832813362337415697e+01 1.589865478221772221e+01 -2.603569810344760427e+00 -2.011131922743871669e+01 -2.993722825825049227e+01 -2.832813362337458329e+01 -1.589865478221845763e+01 2.603569810343993929e+00 2.011131922743822997e+01 2.993722825825046030e+01 2.832813362337502383e+01 1.589865478221921080e+01 -2.603569810343270063e+00 -2.011131922743773615e+01 -2.993722825825042122e+01 -2.832813362337544660e+01 -1.589865478221994088e+01 2.603569810342516000e+00
1.921172575837698915e+01 3.378981139728220739e+01 3.546133755587442238e+01 2.358783805465592565e+01 2.704586137687174485e+00 -1.921172575837630347e+01 -3.378981139728201555e+01 -3.546133755587480607e+01 -2.358783805465673922e+01 -2.704586137688115066e+00 1.921172575837561425e+01 3.378981139728183081e+01 3.546133755587518266e+01 2.358783805465756345e+01 2.704586137689000580e+00 -1.921172575837492502e+01 -3.378981139728163186e+01 -3.546133755587555925e+01 -2.358783805465836636e+01 -2.704586137689923397e+00
4.490576474687966169e+00 1.185661446564627575e-01 -4.298732422718778423e+00 -7.074061313156660091e+00 -7.147339220469455690e+00 -4.490576474688136699e+00 -1.185661446566537158e-01 4.298732422718646973e+00 7.074061313156633446e+00 7.147339220469546284e+00 4.490576474688307229e+00 1.185661446568406774e-01 -4.298732422718508417e+00 -7.074061313156603248e+00 -7.147339220469630661e+00 -4.490576474688476871e+00 -1.185661446570285271e-01 4.298732422718375190e+00 7.074061313156573050e+00 7.147339220469717702e+00
-3.224342219126308695e+00 -1.319885804768863125e+01 -1.813185871471906907e+01 -1.613910563193791603e+01 -7.981762745781415092e+00 3.224342219125873488e+00 1.319885804768837012e+01 1.813185871471909039e+01 1.613910563193821091e+01 7.981762745781873392e+00 -3.224342219125438724e+00 -1.319885804768811788e+01 -1.813185871471911170e+01 -1.613910563193850578e+01 -7.981762745782303270e+00 3.224342219125002185e+00 1.319885804768786031e+01 1.813185871471912947e+01 1.613910563193879710e+01 7.981762745782750912e+00
-4.167908363782529158e+00 -1.612644118671981985e+01 -2.192522159390643566e+01 -1.934931256309407743e+01 -9.382623792125222906e+00 4.167908363782006020e+00 1.612644118671950721e+01 2.192522159390647118e+01 1.934931256309443981e+01 9.382623792125777129e+00 -4.167908363781483772e+00 -1.612644118671920879e+01 -2.192522159390649961e+01 -1.934931256309479863e+01 -9.382623792126297602e+00 4.167908363780958858e+00 1.612644118671890325e+01 2.192522159390653158e+01 1.934931256309515035e+01 9.382623792126841167e+00
-9.670288237345431526e+00 -2.247238720493887243e+01 -2.669079806859406645e+01 -2.071423125690652967e+01 -6.825532155906254062e+00 9.670288237344854210e+00 2.247238720493860953e+01 2.669079806859422632e+01 2.071423125690705191e+01 6.825532155906945064e+00 -9.670288237344275117e+00 -2.247238720493835729e+01 -2.669079806859438619e+01 -2.071423125690758127e+01 -6.825532155907595211e+00 9.670288237343694249e+00 2.247238720493809438e+01 2.669079806859454607e+01 2.071423125690809641e+01 6.825532155908272003e+00
-8.030901699439185748e+00 -1.944984471900137990e+01 -2.343960813181282887e+01 -1.847623792125033404e+01 -6.455572809000011070e+00 8.030901699438674157e+00 1.944984471900113832e+01 2.343960813181295322e+01 1.847623792125078879e+01 6.455572809000616807e+00 -8.030901699438160790e+00 -1.944984471900090384e+01 -2.343960813181308467e+01 -1.847623792125124353e+01 -6.455572809001185242e+00 8.030901699437643870e+00 1.944984471900066225e+01 2.343960813181320901e+01 1.847623792125168762e+01 6.455572809001779433e+00
2.270742052666007993e+01 5.157334422022151443e+01 6.074000333515662220e+01 4.670604565284422449e+01 1.483196601124983260e+01 -2.270742052665877253e+01 -5.157334422022093179e+01 -6.074000333515700589e+01 -4.670604565284542531e+01 -1.483196601125140823e+01 2.270742052665746513e+01 5.157334422022037046e+01 6.074000333515739669e+01 4.670604565284664744e+01 1.483196601125288971e+01 -2.270742052665615418e+01 -5.157334422021979492e+01 -6.074000333515776617e+01 -4.670604565284783405e+01 -1.483196601125443514e+01
-2.748277907313395829e+00 -8.749061313156902386e+00 -1.140800066703131854e+01 -9.709471509781312903e+00 -4.302254248593651909e+00 2.748277907313131152e+00 8.749061313156754949e+00 1.140800066703135229e+01 9.709471509781511855e+00 4.302254248593943231e+00 -2.748277907312866475e+00 -8.749061313156612840e+00 -1.140800066703138427e+01 -9.709471509781710807e+00 -4.302254248594215902e+00 2.748277907312600910e+00 8.749061313156468955e+00 1.140800066703141447e+01 9.709471509781906207e+00 4.302254248594501007e+00
1.549290836378510683e+01 4.410797101100310158e+01 5.587528790681327706e+01 4.630014395340707978e+01 1.903991869381254176e+01 -1.549290836378383673e+01 -4.410797101100243367e+01 -5.587528790681349022e+01 -4.630014395340808875e+01 -1.903991869381397350e+01 1.549290836378256486e+01 4.410797101100178708e+01 5.587528790681370339e+01 4.630014395340911193e+01 1.903991869381531643e+01 -1.549290836378129299e+01 -4.410797101100112627e+01 -5.587528790681390234e+01 -4.630014395341009958e+01 -1.903991869381671975e+01
-6.381762745782285862e+00 -1.286291569515707067e+01 -1.443087204340642238e+01 -1.048672575837525223e+01 -2.537006664343801177e+00 6.381762745781987434e+00 1.286291569515695876e+01 1.443087204340654139e+01 1.048672575837555598e+01 2.537006664344178652e+00 -6.381762745781690782e+00 -1.286291569515685040e+01 -1.443087204340665863e+01 -1.048672575837586507e+01 -2.537006664344533924e+00 6.381762745781390578e+00 1.286291569515673494e+01 1.443087204340677232e+01 1.048672575837616350e+01 2.537006664344904294e+00
1.310787504206298237e+01 1.252279373587489175e+01 7.154430856686939677e+00 -9.466814395943670135e-01 -8.686193602469328923e+00 -1.310787504206296106e+01 -1.252279373587508005e+01 -7.154430856687257645e+00 9.466814395940348348e-01 8.686193602469106878e+00 1.310787504206294152e+01 1.252279373587526656e+01 7.154430856687586271e+00 -9.466814395936911097e-01 -8.686193602468897268e+00 -1.310787504206291842e+01 -1.252279373587544953e+01 -7.154430856687904239e+00 9.466814395933580428e-01 8.686193602468677000e+00
-7.080369543532342824e+00 -1.540230223306323332e+01 -1.784107897456247471e+01 -1.346516994375007492e+01 -3.946023658718722515e+00 7.080369543531964460e+00 1.540230223306307167e+01 1.784107897456259906e+01 1.346516994375043730e+01 3.946023658719187033e+00 -7.080369543531586096e+00 -1.540230223306291713e+01 -1.784107897456272340e+01 -1.346516994375080323e+01 -3.946023658719623128e+00 7.080369543531205956e+00 1.540230223306275725e+01 1.784107897456284419e+01 1.346516994375115850e+01 3.946023658720078320e+00
-1.018647450843997859e+01 -2.809751282990822219e+01 -3.527625624968796103e+01 -2.898066877793800344e+01 -1.161545084971875674e+01 1.018647450843918101e+01 2.809751282990781007e+01 3.527625624968811024e+01 2.898066877793864649e+01 1.161545084971966091e+01 -1.018647450843838342e+01 -2.809751282990741217e+01 -3.527625624968825235e+01 -2.898066877793930018e+01 -1.161545084972051001e+01 1.018647450843758406e+01 2.809751282990700361e+01 3.527625624968838736e+01 2.898066877793993257e+01 1.161545084972139641e+01
-1.342202598441113448e-01 -2.309878040719053782e+00 -3.603240919906347983e+00 -3.520288237343877746e+00 -2.092705098312521717e+00 1.342202598440183081e-01 2.309878040718989833e+00 3.603240919906339101e+00 3.520288237343926596e+00 2.092705098312610978e+00 -1.342202598439254935e-01 -2.309878040718926773e+00 -3.603240919906329331e+00 -3.520288237343975890e+00 -2.092705098312694911e+00 1.342202598438322347e-01 2.309878040718863268e+00 3.603240919906319562e+00 3.520288237344023408e+00 2.092705098312782397e+00
-9.256637120814815489e+00 -3.017251282990836714e+01 -3.956351416396940124e+01 -3.384259780178224730e+01 -1.519495934690691996e+01 9.256637120813895336e+00 3.017251282990785555e+01 3.956351416396950782e+01 3.384259780178292942e+01 1.519495934690792893e+01 -9.256637120812975184e+00 -3.017251282990735106e+01 -3.956351416396961440e+01 -3.384259780178361154e+01 -1.519495934690887395e+01 9.256637120812049702e+00 3.017251282990683947e+01 3.956351416396970677e+01 3.384259780178428656e+01 1.519495934690986161e+01
-4.087993335656531890e+00 -4.902379873562719759e+00 -3.844223925531390584e+00 -1.317705098312634604e+00 1.712132289312524369e+00 4.087993335656483040e+00 4.902379873562747292e+00 3.844223925531484287e+00 1.317705098312759171e+00 -1.712132289312415567e+00 -4.087993335656434191e+00 -4.902379873562775714e+00 -3.844223925531581099e+00 -1.317705098312887291e+00 1.712132289312312983e+00 4.087993335656384453e+00 4.902379873562803247e+00 3.844223925531673913e+00 1.317705098313011192e+00 -1.712132289312205735e+00
