4.266143278727632548e+01 4.121682912487325723e+01 3.573763505319281109e+01 2.676019226376094551e+01 1.516327540632918414e+01 2.082071503373857269e+00 -1.120294006497688777e+01 -2.339132980429450370e+01 -3.329001320538978348e+01 -3.993003816878081835e+01 -4.266143278727658128e+01 -4.121682912487339934e+01 -3.573763505319283240e+01 -2.676019226376083537e+01 -1.516327540632894966e+01 -2.082071503373526866e+00 1.120294006497729100e+01 2.339132980429494424e+01 3.329001320539019559e+01 3.993003816878117362e+01
5.851366231443392252e+01 5.744666098818876776e+01 5.075638022999707744e+01 3.909771133439762281e+01 2.361188604361438692e+01 5.814764833198459826e+00 -1.255154607293981428e+01 -2.968922419769497978e+01 -4.392071420099134116e+01 -5.385293868468480127e+01 -5.851366231443429911e+01 -5.744666098818899513e+01 -5.075638022999713428e+01 -3.909771133439749491e+01 -2.361188604361408849e+01 -5.814764833198019289e+00 1.255154607294035785e+01 2.968922419769558019e+01 4.392071420099190249e+01 5.385293868468531286e+01
4.510539656008148768e+01 4.280457998616125082e+01 3.631375288615002717e+01 2.626828264084855391e+01 1.365148986877372295e+01 -3.016058471795375340e-01 -1.422517828139936924e+01 -2.675629115279079784e+01 -3.666831182410476231e+01 -4.299098265092410287e+01 -4.510539656008173637e+01 -4.280457998616137871e+01 -3.631375288615002717e+01 -2.626828264084841180e+01 -1.365148986877345472e+01 3.016058471799034635e-01 1.422517828139980622e+01 2.675629115279126680e+01 3.666831182410518153e+01 4.299098265092447235e+01
2.493557530425125535e+01 2.429017238651126576e+01 2.126707815599701235e+01 1.616221413912726135e+01 9.475279993552277347e+00 1.860839424050712232e+00 -5.935753073507583188e+00 -1.315131270340746283e+01 -1.907953021531422522e+01 -2.314011037484226563e+01 -2.493557530425141167e+01 -2.429017238651135813e+01 -2.126707815599703011e+01 -1.616221413912720095e+01 -9.475279993552145896e+00 -1.860839424050522162e+00 5.935753073507818556e+00 1.315131270340772218e+01 1.907953021531447035e+01 2.314011037484248234e+01
3.677154318282981649e+01 2.262526897026626571e+01 6.264275791374700475e+00 -1.070990834775251344e+01 -2.663573203748249085e+01 -3.995426469332610964e+01 -4.936179554325586594e+01 -5.393744992155899354e+01 -5.323333089722852662e+01 -4.731836254625161331e+01 -3.677154318282968859e+01 -2.262526897026598505e+01 -6.264275791374306124e+00 1.070990834775300371e+01 2.663573203748303087e+01 3.995426469332664965e+01 4.936179554325634911e+01 5.393744992155937013e+01 5.323333089722873979e+01 4.731836254625167015e+01
1.002716226449669179e+00 -1.106897470593435351e+01 -2.205715727201987164e+01 -3.088623160306870474e+01 -3.669194638777972273e+01 -3.890599781223193077e+01 -3.731165909679660331e+01 -3.206499522335154495e+01 -2.367958620748629528e+01 -1.297625430825379667e+01 -1.002716226449347658e+00 1.106897470593472477e+01 2.205715727202025533e+01 3.088623160306907423e+01 3.669194638778003537e+01 3.890599781223217235e+01 3.731165909679673121e+01 3.206499522335154495e+01 2.367958620748617449e+01 1.297625430825356752e+01
5.719032051733243804e-01 -1.264417523464800119e+01 -2.462255370535289600e+01 -3.419070506395849662e+01 -4.041203199025396486e+01 -4.267754765815995910e+01 -4.076548760932602278e+01 -3.486301760343771861e+01 -2.554791252959814329e+01 -1.373199977458807552e+01 -5.719032051729691091e-01 1.264417523464841153e+01 2.462255370535331878e+01 3.419070506395890163e+01 4.041203199025431303e+01 4.267754765816022200e+01 4.076548760932616489e+01 3.486301760343772571e+01 2.554791252959800119e+01 1.373199977458782151e+01
-1.221277853408914993e+01 -3.052462950654062013e+01 -4.584851706529239834e+01 -5.668443232829113043e+01 -6.197168041133347316e+01 -6.119270863362769575e+01 -5.442376818019113927e+01 -4.232745010458749135e+01 -2.608782630006065517e+01 -7.294544292710007483e+00 1.221277853408973257e+01 3.052462950654124185e+01 4.584851706529300230e+01 5.668443232829167044e+01 6.197168041133389949e+01 6.119270863362795865e+01 5.442376818019121032e+01 4.232745010458735635e+01 2.608782630006032832e+01 7.294544292709534972e+00
-1.179257068420219490e+01 -2.750409224107174921e+01 -4.052332161710633329e+01 -4.957584593067470280e+01 -5.377554102931915736e+01 -5.271131149578801711e+01 -4.648733153174647725e+01 -3.571284766109324949e+01 -2.144254143533123624e+01 -5.073289854907927499e+00 1.179257068420270471e+01 2.750409224107229278e+01 4.052332161710685199e+01 4.957584593067515755e+01 5.377554102931950553e+01 5.271131149578823738e+01 4.648733153174652699e+01 3.571284766109312159e+01 2.144254143533094847e+01 5.073289854907510055e+00
3.441847710841197738e+01 6.868775942668372636e+01 9.623340527651085097e+01 1.143590549203123601e+02 1.212904434821259372e+02 1.163490783556974009e+02 1.000186547881168622e+02 7.389770841893050601e+01 4.054313947408926566e+01 3.219925556861132243e+00 -3.441847710841314267e+01 -6.868775942668494849e+01 -9.623340527651200205e+01 -1.143590549203133406e+02 -1.212904434821266619e+02 -1.163490783556978130e+02 -1.000186547881168764e+02 -7.389770841893013653e+01 -4.054313947408854091e+01 -3.219925556860142812e+00
-7.348016739196646441e+00 -1.400851033580018346e+01 -1.929775333770490064e+01 -2.269799778756139474e+01 -2.387640406772158386e+01 -2.271762156104404085e+01 -1.933507997299482994e+01 -1.405988604176525136e+01 -7.408412503781391933e+00 -3.175193248230612220e-02 7.348016739196878255e+00 1.400851033580042326e+01 1.929775333770512447e+01 2.269799778756158659e+01 2.387640406772172241e+01 2.271762156104411190e+01 1.933507997299482994e+01 1.405988604176517143e+01 7.408412503781243608e+00 3.175193248210761432e-02
2.403606363302672477e+01 5.751642985583304579e+01 8.536668718381955046e+01 1.048606583855700336e+02 1.140901377373732544e+02 1.121516794947108053e+02 9.923503345640722273e+01 7.660457093225643632e+01 4.647551926982632153e+01 1.179711996728207346e+01 -2.403606363302780125e+01 -5.751642985583419687e+01 -8.536668718382065890e+01 -1.048606583855710142e+02 -1.140901377373740075e+02 -1.121516794947112885e+02 -9.923503345640733642e+01 -7.660457093225618053e+01 -4.647551926982571047e+01 -1.179711996728119239e+01
-1.064155943537640070e+01 -2.066468354817260433e+01 -2.866500445595721658e+01 -3.385939500676283131e+01 -3.573939206202953045e+01 -3.412096841127808489e+01 -2.916254663766468980e+01 -2.134949161174653653e+01 -1.144659959621581891e+01 -4.232346590584992185e-01 1.064155943537674531e+01 2.066468354817296671e+01 2.866500445595755409e+01 3.385939500676312264e+01 3.573939206202974361e+01 3.412096841127819857e+01 2.916254663766469335e+01 2.134949161174641930e+01 1.144659959621560219e+01 4.232346590582041213e-01
3.410723799604713236e+01 2.917930976670964327e+01 2.139510739320089172e+01 1.151660283956697661e+01 5.107729591059833041e-01 -1.054505493735678456e+01 -2.056865938483309364e+01 -2.857886014144516551e+01 -3.379156294678544015e+01 -3.569651213123111688e+01 -3.410723799604723183e+01 -2.917930976670963972e+01 -2.139510739320078514e+01 -1.151660283956677233e+01 -5.107729591056979768e-01 1.054505493735712385e+01 2.056865938483345246e+01 2.857886014144551368e+01 3.379156294678572436e+01 3.569651213123133005e+01
-3.278771165302585722e+00 -1.311099083311012770e+01 -2.165981536852824263e+01 -2.808842626286725874e+01 -3.176754629102342520e+01 -3.233703755070425245e+01 -2.974115426953327201e+01 -2.423399958965381273e+01 -1.635465218173538204e+01 -6.874397468706538561e+00 3.278771165302875268e+00 1.311099083311045277e+01 2.165981536852856237e+01 2.808842626286755362e+01 3.176754629102365968e+01 3.233703755070442298e+01 2.974115426953333952e+01 2.423399958965377365e+01 1.635465218173523994e+01 6.874397468706314740e+00
-1.663388763902694478e+01 -4.010411237359860337e+01 -5.964866716726116636e+01 -7.335439482189038074e+01 -7.987968322123145981e+01 -7.858579167239923891e+01 -6.959937529526590083e+01 -5.380008713686984123e+01 -3.273447160226832864e+01 -8.464577912762003109e+00 1.663388763902769796e+01 4.010411237359941339e+01 5.964866716726194085e+01 7.335439482189107707e+01 7.987968322123199982e+01 7.858579167239956575e+01 6.959937529526598610e+01 5.380008713686965649e+01 3.273447160226790231e+01 8.464577912761388490e+00
-5.833267785450204634e-01 -2.907822112478681831e+00 -4.947679558054959514e+00 -6.503223655978304762e+00 -7.422186911830957357e+00 -7.614614799336561823e+00 -7.061671136142140703e+00 -5.817481900586197519e+00 -4.003837003821093532e+00 -1.798268644749224876e+00 5.833267785450875209e-01 2.907822112478756882e+00 4.947679558055034121e+00 6.503223655978374929e+00 7.422186911831015976e+00 7.614614799336603568e+00 7.061671136142157579e+00 5.817481900586191301e+00 4.003837003821061558e+00 1.798268644749173584e+00
1.053142180073367129e+01 -2.254016522484339191e+01 -5.340536383164715772e+01 -7.904287332955966860e+01 -9.694311566189307428e+01 -1.053538903908366535e+02 -1.034518922846080073e+02 -9.142330216984480273e+01 -7.044556225509546721e+01 -4.257211988372399958e+01 -1.053142180073285417e+01 2.254016522484438312e+01 5.340536383164819512e+01 7.904287332956069179e+01 9.694311566189399798e+01 1.053538903908373641e+02 1.034518922846084337e+02 9.142330216984490221e+01 7.044556225509518299e+01 4.257211988372343825e+01
-5.879059102468082720e+00 -1.229645585962693310e+01 -1.751018984279975399e+01 -2.100990444349289277e+01 -2.245302321264507484e+01 -2.169828363033198571e+01 -1.881956486545030316e+01 -1.409865596791966880e+01 -7.997672393136799229e+00 -1.113820921453533952e+00 5.879059102468296771e+00 1.229645585962716048e+01 1.751018984279997071e+01 2.100990444349308106e+01 2.245302321264521694e+01 2.169828363033206742e+01 1.881956486545031382e+01 1.409865596791960485e+01 7.997672393136669555e+00 1.113820921453353430e+00
-6.133999183537333089e+00 -1.171105721761493612e+01 -1.614175537549881767e+01 -1.899238605100600452e+01 -1.998390965210605330e+01 -1.901926894037214311e+01 -1.619288966971583221e+01 -1.178143753569127838e+01 -6.216736209571171123e+00 -4.349742871010131573e-02 6.133999183537527600e+00 1.171105721761513863e+01 1.614175537549900596e+01 1.899238605100616439e+01 1.998390965210617054e+01 1.901926894037220706e+01 1.619288966971583221e+01 1.178143753569121266e+01 6.216736209571048555e+00 4.349742870993544841e-02
