-7.792172942404568481e+00 5.224312563089031691e+00 -6.609423525271972411e-01 -4.154885372095341367e+00 7.383688103937251057e+00 -7.792172942403827740e+00 5.224312563090077965e+00 -6.609423525296319601e-01 -4.154885372092448570e+00 7.383688103935006630e+00 -7.792172942403086111e+00 5.224312563091124240e+00 -6.609423525320672343e-01 -4.154885372089556661e+00 7.383688103932759539e+00 -7.792172942402347147e+00 5.224312563092172290e+00 -6.609423525345011763e-01 -4.154885372086664752e+00 7.383688103930516000e+00
-9.775861046341628224e+00 6.238699100994184121e+00 -3.185661446511618422e-01 -5.723248251283155952e+00 9.578976341280800000e+00 -9.775861046340871496e+00 6.238699100995689584e+00 -3.185661446543563424e-01 -5.723248251279493104e+00 9.578976341278067963e+00 -9.775861046340111216e+00 6.238699100997195046e+00 -3.185661446575513422e-01 -5.723248251275831144e+00 9.578976341275335926e+00 -9.775861046339358040e+00 6.238699100998701397e+00 -3.185661446607450098e-01 -5.723248251272169185e+00 9.578976341272605666e+00
-8.599999999997885780e+00 5.679682106619619475e+00 -5.899186938079612474e-01 -4.725173609438996891e+00 8.235410196624332713e+00 -8.599999999997116618e+00 5.679682106620827398e+00 -5.899186938106865119e-01 -4.725173609435795008e+00 8.235410196621879564e+00 -8.599999999996343902e+00 5.679682106622035320e+00 -5.899186938134124425e-01 -4.725173609432594013e+00 8.235410196619422862e+00 -8.599999999995574740e+00 5.679682106623244131e+00 -5.899186938161370408e-01 -4.725173609429392130e+00 8.235410196616969714e+00
1.689151516152600507e+01 -1.019112695901895549e+01 -4.019253581666282771e-01 1.084145584947234653e+01 -1.713991869381123578e+01 1.689151516152501742e+01 -1.019112695902191668e+01 -4.019253581608475123e-01 1.084145584946595342e+01 -1.713991869380667765e+01 1.689151516152402266e+01 -1.019112695902487609e+01 -4.019253581550663035e-01 1.084145584945956209e+01 -1.713991869380211241e+01 1.689151516152303856e+01 -1.019112695902783727e+01 -4.019253581492866489e-01 1.084145584945317253e+01 -1.713991869379755428e+01
-4.076393202249068537e+00 2.762586804716043787e+00 -3.935661446537915276e-01 -2.125783405844754892e+00 3.833155948031132354e+00 -4.076393202248665304e+00 2.762586804716573141e+00 -3.935661446550521858e-01 -2.125783405843244545e+00 3.833155948029950633e+00 -4.076393202248260295e+00 2.762586804717102940e+00 -3.935661446563130106e-01 -2.125783405841735085e+00 3.833155948028767579e+00 -4.076393202247857950e+00 2.762586804717632738e+00 -3.935661446575732803e-01 -2.125783405840225626e+00 3.833155948027584969e+00
1.808454915027618171e+01 -1.088051349692523218e+01 -4.795084971977328081e-01 1.165637454328481404e+01 -1.838090169943639296e+01 1.808454915027514076e+01 -1.088051349692842074e+01 -4.795084971915302696e-01 1.165637454327796618e+01 -1.838090169943152219e+01 1.808454915027409271e+01 -1.088051349693160930e+01 -4.795084971853271760e-01 1.165637454327112010e+01 -1.838090169942664076e+01 1.808454915027305532e+01 -1.088051349693479786e+01 -4.795084971791259143e-01 1.165637454326427402e+01 -1.838090169942176644e+01
-5.727254248592396735e+00 3.869146285027585286e+00 -5.331559480280918528e-01 -3.006481839813685664e+00 5.397745751405976122e+00 -5.727254248591836294e+00 3.869146285028337129e+00 -5.331559480298684317e-01 -3.006481839811562029e+00 5.397745751404318781e+00 -5.727254248591275854e+00 3.869146285029088528e+00 -5.331559480316454547e-01 -3.006481839809439727e+00 5.397745751402659664e+00 -5.727254248590716301e+00 3.869146285029840371e+00 -5.331559480334213674e-01 -3.006481839807317424e+00 5.397745751401002323e+00
1.111474508437635178e+00 -9.079526825619115282e-01 3.576237921242751416e-01 3.293052317191382250e-01 -8.904508497189829175e-01 1.111474508437441111e+00 -9.079526825619614883e-01 3.576237921245502549e-01 3.293052317187431521e-01 -8.904508497186190974e-01 1.111474508437247044e+00 -9.079526825620114483e-01 3.576237921248255347e-01 3.293052317183480238e-01 -8.904508497182548332e-01 1.111474508437053199e+00 -9.079526825620616304e-01 3.576237921251004259e-01 3.293052317179531729e-01 -8.904508497178909021e-01
-5.309549150279555541e+00 3.193285238683591931e+00 1.427050983157587827e-01 -3.424186938126169810e+00 5.397745751405895298e+00 -5.309549150279250895e+00 3.193285238684528515e+00 1.427050983139372398e-01 -3.424186938124158974e+00 5.397745751404464443e+00 -5.309549150278944474e+00 3.193285238685465099e+00 1.427050983121155026e-01 -3.424186938122149026e+00 5.397745751403032699e+00 -5.309549150278639829e+00 3.193285238686402128e+00 1.427050983102943205e-01 -3.424186938120139079e+00 5.397745751401601844e+00
-1.266631189605897490e+01 7.215546818647669447e+00 9.913118960698675819e-01 -8.819523159940345636e+00 1.327897634128072824e+01 -1.266631189605846686e+01 7.215546818650149241e+00 9.913118960653437561e-01 -8.819523159935505063e+00 1.327897634127742421e+01 -1.266631189605795349e+01 7.215546818652629035e+00 9.913118960608197083e-01 -8.819523159930668044e+00 1.327897634127411663e+01 -1.266631189605744368e+01 7.215546818655109718e+00 9.913118960562965487e-01 -8.819523159925829248e+00 1.327897634127081261e+01
-2.240450849718294002e+00 1.551518827217481800e+00 -2.699593469051500549e-01 -1.114715428344114079e+00 2.073606797749828257e+00 -2.240450849718054638e+00 1.551518827217752694e+00 -2.699593469058281792e-01 -1.114715428343287629e+00 2.073606797749170116e+00 -2.240450849717814386e+00 1.551518827218023588e+00 -2.699593469065064699e-01 -1.114715428342461401e+00 2.073606797748510644e+00 -2.240450849717575466e+00 1.551518827218294483e+00 -2.699593469071843721e-01 -1.114715428341635395e+00 2.073606797747852060e+00
-1.504164078649654712e+01 9.740140287709586175e+00 -7.182372542109595193e-01 -8.578007998409175272e+00 1.459774575140558106e+01 -1.504164078649530545e+01 9.740140287711817280e+00 -7.182372542158120821e-01 -8.578007998403554879e+00 1.459774575140134267e+01 -1.504164078649405845e+01 9.740140287714048384e+00 -7.182372542206657551e-01 -8.578007998397934486e+00 1.459774575139709718e+01 -1.504164078649282033e+01 9.740140287716279488e+00 -7.182372542255170966e-01 -8.578007998392314093e+00 1.459774575139285879e+01
-1.174467844093049385e+00 6.854101966241542554e-01 6.545084971932568774e-02 -7.913118960625392662e-01 1.214918693812007122e+00 -1.174467844092993429e+00 6.854101966243743016e-01 6.545084971891347581e-02 -7.913118960620922904e-01 1.214918693811696482e+00 -1.174467844092936808e+00 6.854101966245942368e-01 6.545084971850123612e-02 -7.913118960616454256e-01 1.214918693811385397e+00 -1.174467844092880853e+00 6.854101966248143940e-01 6.545084971808909358e-02 -7.913118960611986719e-01 1.214918693811074313e+00
-1.658155948031288629e+00 1.481230589874520387e+00 -7.385254915618835181e-01 -2.862712429690533744e-01 1.201722092687446786e+00 -1.658155948030930471e+00 1.481230589874517722e+00 -7.385254915622376792e-01 -2.862712429684777238e-01 1.201722092686869692e+00 -1.658155948030571869e+00 1.481230589874515058e+00 -7.385254915625922845e-01 -2.862712429679018511e-01 1.201722092686292154e+00 -1.658155948030213711e+00 1.481230589874512837e+00 -7.385254915629462236e-01 -2.862712429673264225e-01 1.201722092685715282e+00
-1.801319660111981236e+01 1.091731689580010745e+01 3.486067977602978485e-01 -1.148137454328479201e+01 1.822864745084255134e+01 -1.801319660111872878e+01 1.091731689580323561e+01 3.486067977541551510e-01 -1.148137454327797968e+01 1.822864745083767346e+01 -1.801319660111764520e+01 1.091731689580636200e+01 3.486067977480118985e-01 -1.148137454327117091e+01 1.822864745083279558e+01 -1.801319660111656873e+01 1.091731689580949016e+01 3.486067977418704222e-01 -1.148137454326436036e+01 1.822864745082791771e+01
-6.616311896060874886e+00 4.186648117870888974e+00 -1.578270575905324491e-01 -3.931278574344730714e+00 6.518769410124606090e+00 -6.616311896060381947e+00 4.186648117871929919e+00 -1.578270575927103181e-01 -3.931278574342248255e+00 6.518769410122767560e+00 -6.616311896059888120e+00 4.186648117872969976e+00 -1.578270575948885202e-01 -3.931278574339765797e+00 6.518769410120926366e+00 -6.616311896059395181e+00 4.186648117874011810e+00 -1.578270575970658618e-01 -3.931278574337283338e+00 6.518769410119088725e+00
1.170491502811943585e+00 -7.383222260927362335e-01 2.413895365568240192e-02 6.992645786249326312e-01 -1.155572808999709045e+00 1.170491502811857654e+00 -7.383222260929217517e-01 2.413895365606872484e-02 6.992645786244930939e-01 -1.155572808999384415e+00 1.170491502811771500e+00 -7.383222260931072700e-01 2.413895365645510674e-02 6.992645786240536676e-01 -1.155572808999059342e+00 1.170491502811685569e+00 -7.383222260932928993e-01 2.413895365684133945e-02 6.992645786236143524e-01 -1.155572808998734713e+00
-1.575450849718255775e+01 9.221370877582623748e+00 8.340169943841700961e-01 -1.057083872169062921e+01 1.626995934690502210e+01 -1.575450849718178858e+01 9.221370877585558290e+00 8.340169943786526208e-01 -1.057083872168463401e+01 1.626995934690084766e+01 -1.575450849718101587e+01 9.221370877588492831e+00 8.340169943731348123e-01 -1.057083872167864413e+01 1.626995934689666612e+01 -1.575450849718025204e+01 9.221370877591427373e+00 8.340169943676182251e-01 -1.057083872167265248e+01 1.626995934689249168e+01
-1.527950849718354220e+01 9.760428525052633475e+00 -5.131966011168552777e-01 -8.930058981533962381e+00 1.496233555478021948e+01 -1.527950849718235382e+01 9.760428525054980042e+00 -5.131966011218439538e-01 -8.930058981528237183e+00 1.496233555477594734e+01 -1.527950849718116189e+01 9.760428525057326610e+00 -5.131966011268335182e-01 -8.930058981522513761e+00 1.496233555477167343e+01 -1.527950849717997528e+01 9.760428525059676730e+00 -5.131966011318209731e-01 -8.930058981516792116e+00 1.496233555476740129e+01
-1.623958980337008029e+01 9.818584473082417219e+00 3.527864045094531997e-01 -1.038940486634691673e+01 1.645762379212365190e+01 -1.623958980336912106e+01 9.818584473085250508e+00 3.527864045039047491e-01 -1.038940486634077232e+01 1.645762379211926074e+01 -1.623958980336815117e+01 9.818584473088083797e+00 3.527864044983558545e-01 -1.038940486633463145e+01 1.645762379211486603e+01 -1.623958980336719549e+01 9.818584473090918863e+00 3.527864044928085141e-01 -1.038940486632848881e+01 1.645762379211047843e+01
