-6.898532407706474245e+00 1.065965946098568207e+00 5.645414282579929832e+00 -7.702548462861915191e+00 3.409474500497491789e+00 3.694470803941379167e+00 -7.752585407660651740e+00 5.419239935580672629e+00 1.381886782122000001e+00 -7.043745277318232745e+00 6.898532407703005020e+00 -1.065965946101839368e+00 -5.645414282572600584e+00 7.702548462856584344e+00 -3.409474500498553606e+00 -3.694470803934811531e+00 7.752585407653976191e+00 -5.419239935579419409e+00 -1.381886782116786172e+00 7.043745277310881292e+00
-7.094739729453062083e+00 1.503023140270292046e-01 6.918048762310904820e+00 -8.282956388280055648e+00 2.819150458515617963e+00 4.968846261260680741e+00 -8.660379565070385866e+00 5.212040513946993414e+00 2.533258468171203148e+00 -8.190064449618262188e+00 7.094739729450117771e+00 -1.503023140315031814e-01 -6.918048762302682952e+00 8.282956388274881121e+00 -2.819150458517754920e+00 -4.968846261253005103e+00 8.660379565063481166e+00 -5.212040513946583076e+00 -2.533258468164771848e+00 8.190064449610320096e+00
-1.009556442256072017e+01 2.089413642396597659e+00 7.639311372680303691e+00 -1.106996276745952379e+01 5.374210343599785666e+00 4.752199602086576213e+00 -1.096075602771220936e+01 8.132941892044227572e+00 1.399909423920049356e+00 -9.778634119893844456e+00 1.009556442255529518e+01 -2.089413642400764104e+00 -7.639311372669959965e+00 1.106996276745154795e+01 -5.374210343600755557e+00 -4.752199602077479490e+00 1.096075602770245894e+01 -8.132941892041902321e+00 -1.399909423913018092e+00 9.778634119883301778e+00
-7.942469260468069336e+00 2.937010079493324266e+00 4.489806839345795275e+00 -8.215094571111512423e+00 5.167616030829471185e+00 2.140197586246793460e+00 -7.683569187204271955e+00 6.892379720168562152e+00 -4.189091182265038960e-01 -6.399922516678705264e+00 7.942469260462950764e+00 -2.937010079495085080e+00 -4.489806839338593036e+00 8.215094571104815557e+00 -5.167616030828806828e+00 -2.140197586240895955e+00 7.683569187196655825e+00 -6.892379720165531687e+00 4.189091182305733074e-01 6.399922516670933703e+00
1.730429451479463054e+01 -3.835561319500477850e+00 -1.279532175906025060e+01 1.887736417612499551e+01 -9.396350770702685651e+00 -7.831291359349975778e+00 1.860258590556394154e+01 -1.403735994023974065e+01 -2.100679597572951529e+00 1.650685691472763850e+01 -1.730429451478516611e+01 3.835561319507320821e+00 1.279532175904270552e+01 -1.887736417611123940e+01 9.396350770704067656e+00 7.831291359334629831e+00 -1.860258590554724023e+01 1.403735994023551648e+01 2.100679597561186718e+00 -1.650685691470966887e+01
-3.682936174642341243e+00 6.764402166676145578e-01 2.887733007812266717e+00 -4.071173965767960645e+00 1.898219025379099145e+00 1.839683668289678664e+00 -4.060896883586771366e+00 2.934186930216120537e+00 6.115532734854309815e-01 -3.653110920507494974e+00 3.682936174640418336e+00 -6.764402166692351503e-01 -2.887733007808431118e+00 4.071173965765079394e+00 -1.898219025379547897e+00 -1.839683668286276941e+00 4.060896883583211547e+00 -2.934186930215351374e+00 -6.115532734827687777e-01 3.653110920503614079e+00
1.867475171937286760e+01 -3.226477415473952171e+00 -1.488180003602929524e+01 2.072108259296058463e+01 -9.477293483325926360e+00 -9.579855910664296204e+00 2.073908953007508060e+01 -1.480040603283981149e+01 -3.340168741984324896e+00 1.872700988625082275e+01 -1.867475171936325395e+01 3.226477415482408073e+00 1.488180003600970203e+01 -2.072108259294603982e+01 9.477293483328427470e+00 9.579855910646847050e+00 -2.073908953005702571e+01 1.480040603283610245e+01 3.340168741970596322e+00 -1.872700988623106255e+01
-5.113789014893509233e+00 8.182982461590104784e-02 5.017592286678890900e+00 -5.980363320868494093e+00 2.012746440036540463e+00 3.614237972752254446e+00 -6.261537997354643004e+00 3.746641410276282613e+00 1.857096864176334350e+00 -5.929789707958572187e+00 5.113789014891403362e+00 -8.182982461915688788e-02 -5.017592286672945434e+00 5.980363320864773513e+00 -2.012746440038109874e+00 -3.614237972746696226e+00 6.261537997349665652e+00 -3.746641410276010831e+00 -1.857096864171668305e+00 5.929789707952837219e+00
2.160845240415769197e+00 -1.257513297550135301e+00 -6.825496986921445464e-01 2.059898591245759913e+00 -1.739006327612547587e+00 -1.557404521755012539e-02 1.757314715807098082e+00 -2.050273301958342120e+00 6.529261043133782749e-01 1.282712632053659263e+00 -2.160845240414074997e+00 1.257513297550076459e+00 6.825496986905162933e-01 -2.059898591243788601e+00 1.739006327611860581e+00 1.557404521639194073e-02 -1.757314715805044392e+00 2.050273301957091565e+00 -6.529261043139670262e-01 -1.282712632051729917e+00
-5.734327105366615385e+00 9.525934257415527018e-01 4.614486371202418447e+00 -6.377247497536157717e+00 2.882417687339933199e+00 2.988762282404392678e+00 -6.395918471750048795e+00 4.530090822715417076e+00 1.070477317473871093e+00 -5.788512382964190017e+00 5.734327105363688837e+00 -9.525934257441940334e-01 -4.614486371196373504e+00 6.377247497531705278e+00 -2.882417687340742329e+00 -2.988762282398997883e+00 6.395918471744502121e+00 -4.530090822714313958e+00 -1.070477317469612277e+00 5.788512382958107771e+00
-1.215374520242376732e+01 2.098529364028813404e+00 9.686775979064185194e+00 -1.348601748953824320e+01 6.166988405955133423e+00 6.236287817377970555e+00 -1.349818442216609782e+01 9.631779654769379917e+00 2.175348353355769593e+00 -1.218905501617031462e+01 1.215374520241751100e+01 -2.098529364034317890e+00 -9.686775979051432728e+00 1.348601748952878054e+01 -6.166988405956761454e+00 -6.236287817366612529e+00 1.349818442215434544e+01 -9.631779654766967624e+00 -2.175348353346833186e+00 1.218905501615745379e+01
-2.859834735483236745e+00 1.422139646909903021e+00 1.188009313174663184e+00 -2.818728354650025913e+00 2.125604600989331239e+00 3.199302813164840442e-01 -2.501705203228218100e+00 2.621000566765330664e+00 -5.794657555619101563e-01 -1.939797716109306513e+00 2.859834735481154411e+00 -1.422139646910109301e+00 -1.188009313172333270e+00 2.818728354647495493e+00 -2.125604600988689086e+00 -3.199302813147156810e-01 2.501705203225490060e+00 -2.621000566763901141e+00 5.794657555629632029e-01 1.939797716106655301e+00
-1.379988707796388603e+01 1.998953300487947615e+00 1.144997653786536418e+01 -1.545920799659174172e+01 6.723412407173326777e+00 7.555362680555914423e+00 -1.560527392587561124e+01 1.078973706267306554e+01 2.921177282767745798e+00 -1.422378691495669756e+01 1.379988707795703640e+01 -1.998953300494648033e+00 -1.144997653785060621e+01 1.545920799658112266e+01 -6.723412407175598737e+00 -7.555362680542645037e+00 1.560527392586225126e+01 -1.078973706267068167e+01 -2.921177282757164928e+00 1.422378691494194136e+01
-1.488952049890172491e+00 8.544003373041935134e-01 4.845442142477044412e-01 -1.424016223740946163e+00 1.189487256432656181e+00 2.569008949882856108e-02 -1.219687767907439158e+00 1.408138875256202294e+00 -4.356787602033567186e-01 -8.959677752867776235e-01 1.488952049889013418e+00 -8.544003373041673122e-01 -4.845442142465737345e-01 1.424016223739591469e+00 -1.189487256432196105e+00 -2.569008949801876440e-02 1.219687767906023623e+00 -1.408138875255351863e+00 4.356787602037761054e-01 8.959677752854433574e-01
-1.655541787359352091e+00 5.488877562081539985e-01 1.010285530832976120e+00 -1.736549627464253343e+00 1.031150990962123926e+00 5.243589367153749237e-01 -1.647571890780077819e+00 1.412477982269006338e+00 -1.289556355127569054e-02 -1.397318338117901959e+00 1.655541787358326911e+00 -5.488877562085952011e-01 -1.010285530831429135e+00 1.736549627462878220e+00 -1.031150990962055314e+00 -5.243589367140840674e-01 1.647571890778487536e+00 -1.412477982268433241e+00 1.289556355219556583e-02 1.397318338116256164e+00
-1.872028619400199290e+01 3.244968891422178370e+00 1.490559647694743539e+01 -2.076754846296626766e+01 9.508120948656355154e+00 9.590081921696409495e+00 -2.078193839235441587e+01 1.484055188045830853e+01 3.335823329921787650e+00 -1.876204739561832824e+01 1.872028619399234728e+01 -3.244968891430642710e+00 -1.490559647692780132e+01 2.076754846295168733e+01 -9.508120948658847382e+00 -9.590081921678928367e+00 2.078193839233631834e+01 -1.484055188045457996e+01 -3.335823329908037316e+00 1.876204739559852186e+01
-7.647699715245889429e+00 1.480361929882921146e+00 5.907429894363882994e+00 -8.424962271600195507e+00 3.996707254371168805e+00 3.726551107899464199e+00 -8.377530820645480603e+00 6.121827026103212610e+00 1.180891534586284042e+00 -7.510048283275923886e+00 7.647699715241847329e+00 -1.480361929886197414e+00 -5.907429894355973765e+00 8.424962271594189644e+00 -3.996707254372017015e+00 -3.726551107892473791e+00 8.377530820638092734e+00 -6.121827026101545499e+00 -1.180891534580841729e+00 7.510048283267895641e+00
2.537974027815699696e+00 -8.853766253630335203e-01 -1.497151381589567176e+00 2.645383630458181479e+00 -1.612683587689132558e+00 -7.495603715422002322e-01 2.493844651879618457e+00 -2.182129844224493187e+00 7.140283016561893570e-02 2.098190783137557691e+00 -2.537974027814099198e+00 8.853766253636584649e-01 1.497151381587227270e+00 -2.645383630456059176e+00 1.612683587688978681e+00 7.495603715402640033e-01 -2.493844651877182184e+00 2.182129844223573922e+00 -7.140283016697940299e-02 -2.098190783135052584e+00
-1.540711381622706888e+01 1.872287612771349696e+00 1.320610772255089138e+01 -1.739699833177327903e+01 7.245290384597255162e+00 8.879648658485132628e+00 -1.768394343858846796e+01 1.190907365266924067e+01 3.683987715578087130e+00 -1.623986095035420263e+01 1.540711381621965614e+01 -1.872287612779252486e+00 -1.320610772253415455e+01 1.739699833176154087e+01 -7.245290384600187927e+00 -8.879648658469967870e+00 1.768394343857353590e+01 -1.190907365266691187e+01 -3.683987715565867127e+00 1.623986095033758303e+01
-1.623906984737636705e+01 3.423583486383266816e+00 1.221440608079756274e+01 -1.778247900599127718e+01 8.690151737048621428e+00 7.566592943546535999e+00 -1.758521522168110351e+01 1.310606738784106717e+01 2.178108969429781272e+00 -1.566658804807254057e+01 1.623906984736760251e+01 -3.423583486389894848e+00 -1.221440608078096979e+01 1.778247900597843056e+01 -8.690151737050111791e+00 -7.566592943531965432e+00 1.758521522166542539e+01 -1.310606738783726755e+01 -2.178108969418541818e+00 1.566658804805560656e+01
