-4.167908363782624193e+00 -1.612644118672020355e+01 -2.192522159390688330e+01 -1.934931256309442205e+01 -9.382623792125421858e+00 4.167908363781892334e+00 1.612644118671939353e+01 2.192522159390631842e+01 1.934931256309430836e+01 9.382623792125810880e+00 -4.167908363781160475e+00 -1.612644118671859061e+01 -2.192522159390574643e+01 -1.934931256309418757e+01 -9.382623792126175033e+00 4.167908363780410852e+00 1.612644118671779125e+01 2.192522159390518155e+01 1.934931256309408454e+01 9.382623792126569384e+00
-9.670288237345630478e+00 -2.247238720493932362e+01 -2.669079806859452120e+01 -2.071423125690685652e+01 -6.825532155906456566e+00 9.670288237344681903e+00 2.247238720493838926e+01 2.669079806859397408e+01 2.071423125690689560e+01 6.825532155907074738e+00 -9.670288237343733329e+00 -2.247238720493746555e+01 -2.669079806859341986e+01 -2.071423125690692757e+01 -6.825532155907663601e+00 9.670288237342763438e+00 2.247238720493654185e+01 2.669079806859287274e+01 2.071423125690698441e+01 6.825532155908292431e+00
-8.030901699439318975e+00 -1.944984471900171741e+01 -2.343960813181317704e+01 -1.847623792125059339e+01 -6.455572809000189594e+00 8.030901699438491192e+00 1.944984471900089673e+01 2.343960813181267966e+01 1.847623792125060760e+01 6.455572809000718948e+00 -8.030901699437663410e+00 -1.944984471900007605e+01 -2.343960813181217873e+01 -1.847623792125062181e+01 -6.455572809001219881e+00 8.030901699436817864e+00 1.944984471899925893e+01 2.343960813181168490e+01 1.847623792125065023e+01 6.455572809001758117e+00
2.270742052666047073e+01 5.157334422022260156e+01 6.074000333515783723e+01 4.670604565284519083e+01 1.483196601125047565e+01 -2.270742052665830357e+01 -5.157334422022049836e+01 -6.074000333515660088e+01 -4.670604565284530452e+01 -1.483196601125191094e+01 2.270742052665613286e+01 5.157334422021839515e+01 6.074000333515537164e+01 4.670604565284540399e+01 1.483196601125326808e+01 -2.270742052665391952e+01 -5.157334422021630616e+01 -6.074000333515414951e+01 -4.670604565284556031e+01 -1.483196601125472114e+01
-2.748277907313342983e+00 -8.749061313156982322e+00 -1.140800066703146420e+01 -9.709471509781474552e+00 -4.302254248593816222e+00 2.748277907312955293e+00 8.749061313156568431e+00 1.140800066703118709e+01 9.709471509781439025e+00 4.302254248594036490e+00 -2.748277907312567159e+00 -8.749061313156156316e+00 -1.140800066703090643e+01 -9.709471509781396392e+00 -4.302254248594244324e+00 2.748277907312169699e+00 8.749061313155747754e+00 1.140800066703063109e+01 9.709471509781367971e+00 4.302254248594469033e+00
1.549290836378530756e+01 4.410797101100386186e+01 5.587528790681412261e+01 4.630014395340774769e+01 1.903991869381301427e+01 -1.549290836378338199e+01 -4.410797101100185813e+01 -5.587528790681282942e+01 -4.630014395340764111e+01 -1.903991869381415825e+01 1.549290836378145464e+01 4.410797101099986151e+01 5.587528790681152202e+01 4.630014395340752742e+01 1.903991869381524182e+01 -1.549290836377948288e+01 -4.410797101099787909e+01 -5.587528790681023594e+01 -4.630014395340744926e+01 -1.903991869381640356e+01
-6.381762745782423529e+00 -1.286291569515731936e+01 -1.443087204340665330e+01 -1.048672575837540499e+01 -2.537006664343893991e+00 6.381762745781896840e+00 1.286291569515682909e+01 1.443087204340639040e+01 1.048672575837547072e+01 2.537006664344266582e+00 -6.381762745781369262e+00 -1.286291569515634059e+01 -1.443087204340612928e+01 -1.048672575837553467e+01 -2.537006664344620077e+00 6.381762745780830137e+00 1.286291569515585564e+01 1.443087204340586993e+01 1.048672575837560927e+01 2.537006664344997109e+00
1.310787504206325949e+01 1.252279373587520439e+01 7.154430856687207907e+00 -9.466814395941636207e-01 -8.686193602469183261e+00 -1.310787504206287046e+01 -1.252279373587507649e+01 -7.154430856687383766e+00 9.466814395937444004e-01 8.686193602468680552e+00 1.310787504206248677e+01 1.252279373587494860e+01 7.154430856687570284e+00 -9.466814395933296211e-01 -8.686193602468193831e+00 -1.310787504206209420e+01 -1.252279373587481892e+01 -7.154430856687739926e+00 9.466814395928988546e-01 8.686193602467685793e+00
-7.080369543532560428e+00 -1.540230223306363833e+01 -1.784107897456286906e+01 -1.346516994375034137e+01 -3.946023658718843308e+00 7.080369543531917387e+00 1.540230223306302193e+01 1.784107897456252090e+01 1.346516994375039289e+01 3.946023658719277627e+00 -7.080369543531276122e+00 -1.540230223306241086e+01 -1.784107897456217273e+01 -1.346516994375043730e+01 -3.946023658719689742e+00 7.080369543530619758e+00 1.540230223306180157e+01 1.784107897456182457e+01 1.346516994375049769e+01 3.946023658720130278e+00
-1.018647450844009761e+01 -2.809751282990869115e+01 -3.527625624968848683e+01 -2.898066877793842622e+01 -1.161545084971906583e+01 1.018647450843887903e+01 2.809751282990742993e+01 3.527625624968768392e+01 2.898066877793838003e+01 1.161545084971980124e+01 -1.018647450843765512e+01 -2.809751282990617582e+01 -3.527625624968687390e+01 -2.898066877793831964e+01 -1.161545084972049580e+01 1.018647450843640812e+01 2.809751282990492882e+01 3.527625624968607099e+01 2.898066877793829121e+01 1.161545084972124542e+01
-1.342202598440782602e-01 -2.309878040719040460e+00 -3.603240919906343542e+00 -3.520288237343880855e+00 -2.092705098312543477e+00 1.342202598439652395e-01 2.309878040718901460e+00 3.603240919906233852e+00 3.520288237343840887e+00 2.092705098312589662e+00 -1.342202598438515526e-01 -2.309878040718763348e+00 -3.603240919906121942e+00 -3.520288237343800031e+00 -2.092705098312632295e+00 1.342202598437354233e-01 2.309878040718625236e+00 3.603240919906013140e+00 3.520288237343761395e+00 2.092705098312679368e+00
-9.256637120815184971e+00 -3.017251282990910966e+01 -3.956351416397010468e+01 -3.384259780178265231e+01 -1.519495934690705141e+01 9.256637120813845598e+00 3.017251282990766725e+01 3.956351416396913123e+01 3.384259780178251731e+01 1.519495934690780814e+01 -9.256637120812500896e+00 -3.017251282990623906e+01 -3.956351416396814358e+01 -3.384259780178236809e+01 -1.519495934690852046e+01 9.256637120811127772e+00 3.017251282990481442e+01 3.956351416396719145e+01 3.384259780178224730e+01 1.519495934690928962e+01
-4.087993335656690874e+00 -4.902379873562901835e+00 -3.844223925531531361e+00 -1.317705098312703438e+00 1.712132289312521927e+00 4.087993335656519456e+00 4.902379873562798807e+00 3.844223925531534469e+00 1.317705098312814016e+00 -1.712132289312346733e+00 -4.087993335656349814e+00 -4.902379873562695778e+00 -3.844223925531541131e+00 -1.317705098312922818e+00 1.712132289312176869e+00 4.087993335656175731e+00 4.902379873562592749e+00 3.844223925531543795e+00 1.317705098313037171e+00 -1.712132289312000344e+00
-4.727912029469079513e+00 -5.765576474687795994e+00 -4.600986671312611520e+00 -1.678976341281302354e+00 1.884345884812482552e+00 4.727912029468877009e+00 5.765576474687669872e+00 4.600986671312610632e+00 1.678976341281428031e+00 -1.884345884812277605e+00 -4.727912029468674504e+00 -5.765576474687545527e+00 -4.600986671312614185e+00 -1.678976341281551488e+00 1.884345884812079763e+00 4.727912029468469335e+00 5.765576474687421182e+00 4.600986671312611520e+00 1.678976341281682494e+00 -1.884345884811873040e+00
-1.232991502812882345e+01 -4.586838120762888593e+01 -6.188668477475174967e+01 -5.426637820897048670e+01 -2.591815961371966281e+01 1.232991502812675044e+01 4.586838120762660509e+01 6.188668477475017227e+01 5.426637820897018827e+01 2.591815961372077837e+01 -1.232991502812467566e+01 -4.586838120762434556e+01 -6.188668477474857355e+01 -5.426637820896986852e+01 -2.591815961372181931e+01 1.232991502812255291e+01 4.586838120762209314e+01 6.188668477474700325e+01 5.426637820896959852e+01 2.591815961372295973e+01
9.749223594989135933e-01 -1.132352915725115849e+01 -1.929677740853173162e+01 -1.989931256309439078e+01 -1.290098667131294796e+01 -9.749223594994971265e-01 1.132352915725039111e+01 1.929677740853108858e+01 1.989931256309411012e+01 1.290098667131314158e+01 9.749223595000851006e-01 -1.132352915724963438e+01 -1.929677740853043488e+01 -1.989931256309382590e+01 -1.290098667131331567e+01 -9.749223595006863974e-01 1.132352915724887765e+01 1.929677740852980250e+01 1.989931256309355234e+01 1.290098667131351462e+01
-9.756577808744215652e-01 4.467501832844286369e+00 8.204227591218916871e+00 8.807217261187638258e+00 6.046149283687513254e+00 9.756577808746627056e-01 -4.467501832843954190e+00 -8.204227591218629101e+00 -8.807217261187497925e+00 -6.046149283687578091e+00 -9.756577808749051783e-01 4.467501832843625564e+00 8.204227591218332449e+00 8.807217261187355817e+00 6.046149283687633158e+00 9.756577808751538683e-01 -4.467501832843296938e+00 -8.204227591218046456e+00 -8.807217261187215485e+00 -6.046149283687700660e+00
-1.521458980337852296e+01 -4.065956747872216681e+01 -5.057397234506393602e+01 -4.117083872168885961e+01 -1.604184405196934193e+01 1.521458980337676614e+01 4.065956747872036914e+01 5.057397234506280626e+01 4.117083872168881697e+01 1.604184405197042196e+01 -1.521458980337500755e+01 -4.065956747871857857e+01 -5.057397234506165518e+01 -4.117083872168876013e+01 -1.604184405197143448e+01 1.521458980337320810e+01 4.065956747871680221e+01 5.057397234506053252e+01 4.117083872168873171e+01 1.604184405197252872e+01
-1.710032889044099491e+01 -4.108403532281577952e+01 -4.937503665687633259e+01 -3.880645218378246142e+01 -1.341512195928170037e+01 1.710032889043925053e+01 4.108403532281404580e+01 4.937503665687529519e+01 3.880645218378250405e+01 1.341512195928282125e+01 -1.710032889043750615e+01 -4.108403532281231918e+01 -4.937503665687424359e+01 -3.880645218378253247e+01 -1.341512195928388174e+01 1.710032889043571913e+01 4.108403532281060677e+01 4.937503665687321330e+01 3.880645218378260353e+01 1.341512195928502216e+01
-1.776491869381606392e+01 -4.334842186072219761e+01 -5.237430123550155514e+01 -4.139497767534531647e+01 -1.460417960675071392e+01 1.776491869381422006e+01 4.334842186072035730e+01 5.237430123550044669e+01 4.139497767534533779e+01 1.460417960675189164e+01 -1.776491869381237265e+01 -4.334842186071852410e+01 -5.237430123549932404e+01 -4.139497767534535910e+01 -1.460417960675300719e+01 1.776491869381048616e+01 4.334842186071670511e+01 5.237430123549821559e+01 4.139497767534542305e+01 1.460417960675420268e+01
