-7.622309736122439894e+00 6.854507790780647092e+00 -5.415738864714098710e+00 3.446839684898785894e+00 -1.140539821182231073e+00 -1.277404026839106699e+00 3.570306668515726756e+00 -5.513722817688437416e+00 6.917417361100011597e+00 -7.643986896726638669e+00 7.622309736113816570e+00 -6.854507790776176890e+00 5.415738864714205292e+00 -3.446839684903481693e+00 1.140539821191046688e+00 1.277404026827034800e+00 -3.570306668501554981e+00 5.513722817673580856e+00 -6.917417361085923311e+00 7.643986896714697998e+00
-9.397960552987621341e+00 8.425036037488181861e+00 -6.627410293962733512e+00 4.181047454982617317e+00 -1.325414560039323009e+00 -1.659959146745966452e+00 4.482844486631692327e+00 -6.866917774351418480e+00 8.578809305688192666e+00 -9.450947210105466567e+00 9.397960552977107085e+00 -8.425036037482817264e+00 6.627410293963025723e+00 -4.181047454988568113e+00 1.325414560050337309e+00 1.659959146730966673e+00 -4.482844486614145474e+00 6.866917774333074931e+00 -8.578809305670844765e+00 9.450947210090816952e+00
-8.029971801747363358e+00 7.285400471455286464e+00 -5.827683382648216615e+00 3.799512040490807596e+00 -1.399417987054072832e+00 -1.137660849273172792e+00 3.563377515123779649e+00 -5.640285962282693077e+00 7.165083921270281486e+00 -7.988513543969053998e+00 8.029971801737996628e+00 -7.285400471450221183e+00 5.827683382647934174e+00 -3.799512040495360399e+00 1.399417987063003466e+00 1.137660849260738072e+00 -3.563377515109031446e+00 5.640285962267103770e+00 -7.165083921255375188e+00 7.988513543956291763e+00
1.792964551792702110e+01 -1.633061980601491925e+01 1.313303924537338219e+01 -8.649905300131891295e+00 3.320058356681546030e+00 2.334779030925790089e+00 -7.761071979622808925e+00 1.242765712838543024e+01 -1.587773660884289484e+01 1.777359260333147972e+01 -1.792964551790582561e+01 1.633061980600326280e+01 -1.313303924537236256e+01 8.649905300141666586e+00 -3.320058356701135249e+00 -2.334779030898304075e+00 7.761071979590057346e+00 -1.242765712835068292e+01 1.587773660880955262e+01 -1.777359260330280932e+01
-4.309935943372304123e+00 3.950557653242418255e+00 -3.204471254859961427e+00 2.144708883188240822e+00 -8.750074629650965718e-01 -4.803457842681191359e-01 1.788679439370990609e+00 -2.921924688485570520e+00 3.769151590844764588e+00 -4.247427674268882569e+00 4.309935943367099398e+00 -3.950557653239477052e+00 3.204471254859563079e+00 -2.144708883190436843e+00 8.750074629696670270e-01 4.803457842616219442e-01 -1.788679439363188628e+00 2.921924688477242515e+00 -3.769151590836725241e+00 4.247427674261919250e+00
1.873992303831427009e+01 -1.704110096541532116e+01 1.367417719769159312e+01 -8.968729692265293707e+00 3.385360435748055785e+00 2.529391487411467132e+00 -8.196548948475088636e+00 1.306137108974657224e+01 -1.664765522483008553e+01 1.860435087547350008e+01 -1.873992303829223971e+01 1.704110096540328456e+01 -1.367417719769069606e+01 8.968729692275680065e+00 -3.385360435768683285e+00 -2.529391487382617765e+00 8.196548948440780080e+00 -1.306137108971022975e+01 1.664765522479526538e+01 -1.860435087544361110e+01
-6.118115339882426618e+00 5.440418969553838302e+00 -4.230176484858171548e+00 2.605854852452678561e+00 -7.264539910314651294e-01 -1.224057248533904740e+00 3.054749236104046695e+00 -4.586421084754667810e+00 5.669142082154813522e+00 -6.196927953318409621e+00 6.118115339875775938e+00 -5.440418969550590234e+00 4.230176484858633401e+00 -2.605854852456825022e+00 7.264539910388811972e-01 1.224057248523944930e+00 -3.054749236092498599e+00 4.586421084742682730e+00 -5.669142082143563854e+00 6.196927953308998482e+00
1.041793661078910471e+00 -9.847866067741607443e-01 8.313817779867181956e-01 -5.965955081925989889e-01 3.034103133313849066e-01 1.947479698255374925e-02 -3.404535784788684238e-01 6.281063916340512421e-01 -8.542757749015150726e-01 9.968226932323261957e-01 -1.041793661077521138e+00 9.847866067732845563e-01 -8.313817779864388635e-01 5.965955081929465997e-01 -3.034103133323242663e-01 -1.947479698111459490e-02 3.404535784770669204e-01 -6.281063916320671625e-01 8.542757748995427614e-01 -9.968226932305586097e-01
-6.048686348769222398e+00 5.476238417366068312e+00 -4.367738114475181455e+00 2.831693173119310902e+00 -1.018462374412762106e+00 -8.944626175453342931e-01 2.719831376410169366e+00 -4.278964089972229878e+00 5.419241985111929338e+00 -6.029046716669954620e+00 6.048686348762217335e+00 -5.476238417362316646e+00 4.367738114475040234e+00 -2.831693173122810769e+00 1.018462374419553562e+00 8.944626175359166043e-01 -2.719831376399027167e+00 4.278964089960475725e+00 -5.419241985100712533e+00 6.029046716660374727e+00
-1.248759053511724382e+01 1.133542060398715634e+01 -9.073660725620834810e+00 5.923707715520541761e+00 -2.193900921327994080e+00 -1.750660180849453296e+00 5.523854466957782705e+00 -8.756335390882599157e+00 1.113168519777173060e+01 -1.241738809849205794e+01 1.248759053510265282e+01 -1.133542060397924800e+01 9.073660725620360523e+00 -5.923707715527585016e+00 2.193900921341850552e+00 1.750660180830140744e+00 -5.523854466934864149e+00 8.756335390858362544e+00 -1.113168519774854381e+01 1.241738809847219471e+01
-2.141344331020742509e+00 1.916839106855873442e+00 -1.504700315508825881e+00 9.452709734164682631e-01 -2.933119223562111189e-01 -3.873585432883968616e-01 1.030111655830127093e+00 -1.572030262289187297e+00 1.960067593696501742e+00 -2.156239852438937010e+00 2.141344331018359082e+00 -1.916839106854666186e+00 1.504700315508909814e+00 -9.452709734178414980e-01 2.933119223587363766e-01 3.873585432849667165e-01 -1.030111655826120964e+00 1.572030262285005087e+00 -1.960067593692552235e+00 2.156239852435607229e+00
-1.420837681494348104e+01 1.279173203654519497e+01 -1.012294340117371227e+01 6.463250535003072450e+00 -2.170889674353549736e+00 -2.333972993098077708e+00 6.610370122238259150e+00 -1.023969816665633203e+01 1.286669321034983859e+01 -1.423420667509185478e+01 1.420837681492734639e+01 -1.279173203653678215e+01 1.012294340117382241e+01 -6.463250535011735742e+00 2.170889674369901101e+00 2.333972993075638769e+00 -6.610370122211883803e+00 1.023969816662865107e+01 -1.286669321032356272e+01 1.423420667506955617e+01
-1.274385082908257694e+00 1.002435199565335999e+00 -6.323599745124048876e-01 2.003849492433445456e-01 2.512051510215529415e-01 -6.782055408551583842e-01 1.038818447013955648e+00 -1.297744565705309050e+00 1.429638404387417516e+00 -1.421589275171713185e+00 1.274385082907447675e+00 -1.002435199565383517e+00 6.323599745133028360e-01 -2.003849492450108793e-01 -2.512051510192838122e-01 6.782055408525085038e-01 -1.038818447011180757e+00 1.297744565702685371e+00 -1.429638404385201955e+00 1.421589275170122235e+00
-1.170102782714149914e+00 1.004575377804036274e+00 -7.407131356263818578e-01 4.043447308818788888e-01 -2.839624664339307492e-02 -3.503318600647271630e-01 6.947670434040491561e-01 -9.711935878083206575e-01 1.152552937134316169e+00 -1.221092374665162295e+00 1.170102782713036138e+00 -1.004575377803614167e+00 7.407131356266903888e-01 -4.043447308828923559e-01 2.839624664501033680e-02 3.503318600626643131e-01 -6.947670434017391150e-01 9.711935878059935190e-01 -1.152552937132199862e+00 1.221092374663463875e+00
-1.889021123253479928e+01 1.709080167330036559e+01 -1.361842536766820366e+01 8.812982701902022598e+00 -3.144863885614762378e+00 -2.831096119349741258e+00 8.529928710744462350e+00 -1.339379244842275618e+01 1.694657846121008760e+01 -1.884051530045983469e+01 1.889021123251297851e+01 -1.709080167328871269e+01 1.361842536766783418e+01 -8.812982701913025352e+00 3.144863885636036471e+00 2.831096119320278159e+00 -8.529928710709633322e+00 1.339379244838603533e+01 -1.694657846117507205e+01 1.884051530042994926e+01
-6.351721832799731793e+00 5.702633958644313772e+00 -4.495332540030402058e+00 2.847996651575563476e+00 -9.218790077057671395e-01 -1.094478576546390025e+00 3.003700972045122874e+00 -4.618900188384564842e+00 5.781969272514994707e+00 -6.379058918903152353e+00 6.351721832792588174e+00 -5.702633958640640266e+00 4.495332540030548607e+00 -2.847996651579533633e+00 9.218790077131644445e-01 1.094478576536289438e+00 -3.003700972033287009e+00 4.618900188372173865e+00 -5.781969272503262758e+00 6.379058918893226959e+00
1.391085282314446170e+00 -1.354844923761596709e+00 1.185982904311449593e+00 -9.010286149586750337e-01 5.278753669384066427e-01 -1.030500000784120296e-01 -3.318626187807062200e-01 7.342902122906516116e-01 -1.064840363720807925e+00 1.291156521170914173e+00 -1.391085282312415350e+00 1.354844923760205821e+00 -1.185982904310832087e+00 9.010286149588943028e-01 -5.278753669394401493e-01 1.030500000801583549e-01 3.318626187784132209e-01 -7.342902122880411442e-01 1.064840363718135396e+00 -1.291156521168441262e+00
-1.667381842438251027e+01 1.499109456357379067e+01 -1.184093791778681570e+01 7.531707767943242260e+00 -2.485221585281605083e+00 -2.804535401702741737e+00 7.819764923220172470e+00 -1.206954137054623466e+01 1.513786701508372268e+01 -1.672439276446408840e+01 1.667381842436365957e+01 -1.499109456356402958e+01 1.184093791778706972e+01 -7.531707767953533583e+00 2.485221585300906533e+00 2.804535401676320205e+00 -7.819764923189163497e+00 1.206954137051373088e+01 -1.513786701505290466e+01 1.672439276443797596e+01
-1.553239705149583472e+01 1.398683814256773061e+01 -1.107215006421523462e+01 7.073642793373527304e+00 -2.382718080950854134e+00 -2.541443678606832179e+00 7.216831223622120817e+00 -1.118578504584883859e+01 1.405979629184073687e+01 -1.555753671642689007e+01 1.553239705147817951e+01 -1.398683814255851665e+01 1.107215006421533410e+01 -7.073642793382978411e+00 2.382718080968712293e+00 2.541443678582315790e+00 -7.216831223593297651e+00 1.118578504581858013e+01 -1.405979629181200785e+01 1.555753671640250246e+01
-1.712249527770773838e+01 1.540520943461809189e+01 -1.217995435766445311e+01 7.762440485452616556e+00 -2.585084854423579159e+00 -2.845316893500049460e+00 7.997199199398246527e+00 -1.236625992789544703e+01 1.552482497385097915e+01 -1.716371198355062688e+01 1.712249527768834056e+01 -1.540520943460800929e+01 1.217995435766464674e+01 -7.762440485463119266e+00 2.585084854443340241e+00 2.845316893472964015e+00 -7.997199199366433753e+00 1.236625992786207995e+01 -1.552482497381932269e+01 1.716371198352378258e+01
