-6.500000000024610536e-01 -1.802583139031749715e+00 -4.640576474671117557e-01 1.515779740157389588e+00 1.400861046343108596e+00 -6.500000000010860424e-01 -1.802583139031135762e+00 -4.640576474681055719e-01 1.515779740156160349e+00 1.400861046343345073e+00 -6.499999999997111422e-01 -1.802583139030521586e+00 -4.640576474691024966e-01 1.515779740154930444e+00 1.400861046343577554e+00 -6.499999999983376853e-01 -1.802583139029906967e+00 -4.640576474700989218e-01 1.515779740153700095e+00 1.400861046343814031e+00
-6.739589803391104361e+00 -1.155574641843772987e+01 -4.022542485817046654e-01 1.130713962069336098e+01 7.390450849713094073e+00 -6.739589803381881516e+00 -1.155574641843560890e+01 -4.022542485896062892e-01 1.130713962068634793e+01 7.390450849716679649e+00 -6.739589803372656895e+00 -1.155574641843348260e+01 -4.022542485975285076e-01 1.130713962067933487e+01 7.390450849720230586e+00 -6.739589803363441156e+00 -1.155574641843135986e+01 -4.022542486054483390e-01 1.130713962067231826e+01 7.390450849723817051e+00
-6.282827057610179899e+00 -1.204931256309471088e+01 -1.164057647456925082e+00 1.132988537210002988e+01 8.166311896057180775e+00 -6.282827057600680831e+00 -1.204931256309197352e+01 -1.164057647464721068e+00 1.132988537209246438e+01 8.166311896060321374e+00 -6.282827057591181763e+00 -1.204931256308923437e+01 -1.164057647472538815e+00 1.132988537208490065e+01 8.166311896063426445e+00 -6.282827057581691577e+00 -1.204931256308649345e+01 -1.164057647480353230e+00 1.132988537207733160e+01 8.166311896066567044e+00
-9.049138953674859209e+00 -1.343869910099887832e+01 7.435661446707260147e-01 1.389824825128723873e+01 7.846023658711589022e+00 -9.049138953663939944e+00 -1.343869910099726717e+01 7.435661446608162750e-01 1.389824825127949204e+01 7.846023658716732463e+00 -9.049138953653018902e+00 -1.343869910099564891e+01 7.435661446508821104e-01 1.389824825127174535e+01 7.846023658721833272e+00 -9.049138953642108518e+00 -1.343869910099403597e+01 7.435661446409503883e-01 1.389824825126399688e+01 7.846023658726980265e+00
-8.600000000018065194e+00 -1.287968210662411650e+01 6.399186938265284397e-01 1.327517360944353975e+01 7.564589803368067855e+00 -8.600000000007611334e+00 -1.287968210662251956e+01 6.399186938170742245e-01 1.327517360943609148e+01 7.564589803372939514e+00 -8.599999999997155697e+00 -1.287968210662091906e+01 6.399186938075965836e-01 1.327517360942864144e+01 7.564589803377770316e+00 -8.599999999986712496e+00 -1.287968210661931856e+01 6.399186937981212742e-01 1.327517360942118962e+01 7.564589803382642863e+00
1.918348483850661168e+01 2.776612695902825934e+01 -2.023074641873699786e+00 -2.901645584948046874e+01 -1.591008130617229099e+01 1.918348483848397379e+01 2.776612695902527506e+01 -2.023074641852935507e+00 -2.901645584946462719e+01 -1.591008130618330974e+01 1.918348483846133234e+01 2.776612695902227301e+01 -2.023074641832120157e+00 -2.901645584944878209e+01 -1.591008130619423966e+01 1.918348483843871577e+01 2.776612695901928518e+01 -2.023074641811310137e+00 -2.901645584943293699e+01 -1.591008130620526195e+01
-4.523606797758747966e+00 -6.237586804717751399e+00 6.685661446633411886e-01 6.650783405846374841e+00 3.441844051964992879e+00 -4.523606797753628506e+00 -6.237586804717230926e+00 6.685661446585492440e-01 6.650783405842886964e+00 3.441844051967640539e+00 -4.523606797748508157e+00 -6.237586804716707789e+00 6.685661446537457531e-01 6.650783405839401752e+00 3.441844051970267326e+00 -4.523606797743393138e+00 -6.237586804716187316e+00 6.685661446489432613e-01 6.650783405835913875e+00 3.441844051972915874e+00
1.814045084975934330e+01 2.948051349693666268e+01 7.950849715642113735e-02 -2.943137454329511016e+01 -1.826909830054734130e+01 1.814045084973566446e+01 2.948051349693191980e+01 7.950849717714245091e-02 -2.943137454327753844e+01 -1.826909830055724626e+01 1.814045084971197852e+01 2.948051349692716627e+01 7.950849719791690251e-02 -2.943137454325996671e+01 -1.826909830056706951e+01 1.814045084968831745e+01 2.948051349692241629e+01 7.950849721868540054e-02 -2.943137454324238789e+01 -1.826909830057698159e+01
-5.447745751418866966e+00 -9.044146285031072097e+00 -1.418440519591383508e-01 8.956481839816925472e+00 5.677254248589036045e+00 -5.447745751411620319e+00 -9.044146285029533772e+00 -1.418440519654254328e-01 8.956481839811495149e+00 5.677254248591982133e+00 -5.447745751404373671e+00 -9.044146285027991894e+00 -1.418440519717287795e-01 8.956481839806063050e+00 5.677254248594899799e+00 -5.447745751397133240e+00 -9.044146285026451793e+00 -1.418440519780302667e-01 8.956481839800630951e+00 5.677254248597845887e+00
2.788525491566124614e+00 2.557952682561314806e+00 -1.207623792128307061e+00 -3.304305231719512737e+00 -8.345491502793203065e-01 2.788525491563876635e+00 2.557952682561760227e+00 -1.207623792125786633e+00 -3.304305231718397629e+00 -8.345491502811570594e-01 2.788525491561628211e+00 2.557952682562202984e+00 -1.207623792123261097e+00 -3.304305231717284297e+00 -8.345491502829824881e-01 2.788525491559381564e+00 2.557952682562648405e+00 -1.207623792120735784e+00 -3.304305231716170077e+00 -8.345491502848196852e-01
-5.365450849731089988e+00 -8.993285238687665384e+00 -1.927050983032845832e-01 8.874186938129449587e+00 5.677254248589466812e+00 -5.365450849723892190e+00 -8.993285238686100413e+00 -1.927050983095056069e-01 8.874186938124033475e+00 5.677254248592354280e+00 -5.365450849716693504e+00 -8.993285238684531890e+00 -1.927050983157427566e-01 8.874186938118615586e+00 5.677254248595215103e+00 -5.365450849709503700e+00 -8.993285238682963367e+00 -1.927050983219780189e-01 8.874186938113195922e+00 5.677254248598102571e+00
-1.188368810396388398e+01 -1.889054681865550478e+01 2.086881039578497854e-01 1.901952315994642362e+01 1.154602365870884206e+01 -1.188368810394866593e+01 -1.889054681865264840e+01 2.086881039444175301e-01 1.901952315993525033e+01 1.154602365871540037e+01 -1.188368810393344788e+01 -1.889054681864978491e+01 2.086881039309511077e-01 1.901952315992408060e+01 1.154602365872190006e+01 -1.188368810391824759e+01 -1.889054681864692498e+01 2.086881039174884322e-01 1.901952315991290376e+01 1.154602365872846015e+01
-2.184549150285440611e+00 -2.976518827218270324e+00 3.449593469096232101e-01 3.189715428345007098e+00 1.626393202248238357e+00 -2.184549150282993679e+00 -2.976518827218040730e+00 3.449593469073211072e-01 3.189715428343351977e+00 1.626393202249522663e+00 -2.184549150280545859e+00 -2.976518827217809360e+00 3.449593469050134531e-01 3.189715428341697301e+00 1.626393202250797199e+00 -2.184549150278101148e+00 -2.976518827217578878e+00 3.449593469027062986e-01 3.189715428340042180e+00 1.626393202252081949e+00
-1.235835921353128519e+01 -2.251514028772013631e+01 -1.556762745758408784e+00 2.155300799841810999e+01 1.487725424858340162e+01 -1.235835921351343636e+01 -2.251514028771546094e+01 -1.556762745773344392e+00 2.155300799840418335e+01 1.487725424858976631e+01 -1.235835921349558753e+01 -2.251514028771077491e+01 -1.556762745788319968e+00 2.155300799839026027e+01 1.487725424859606704e+01 -1.235835921347775468e+01 -2.251514028770609244e+01 -1.556762745803290660e+00 2.155300799837632653e+01 1.487725424860243173e+01
-5.321559062854003264e-04 1.458980337505546773e-02 9.549150281250572483e-03 -8.688103937557804801e-03 -1.491869381245346238e-02 -5.321559062956074393e-04 1.458980337504641248e-02 9.549150281255171235e-03 -8.688103937545899394e-03 -1.491869381245071631e-02 -5.321559063058128175e-04 1.458980337503736069e-02 9.549150281259790804e-03 -8.688103937533983578e-03 -1.491869381244795290e-02 -5.321559063160060526e-04 1.458980337502829502e-02 9.549150281264405168e-03 -8.688103937522066028e-03 -1.491869381244520856e-02
-1.266844051969799434e+00 -5.312305898740994348e-01 9.385254915636481732e-01 1.111271242968752571e+00 -2.517220926882433041e-01 -1.266844051969223006e+00 -5.312305898746769728e-01 9.385254915627156969e-01 1.111271242968753015e+00 -2.517220926873086073e-01 -1.266844051968646578e+00 -5.312305898752534006e-01 9.385254915617818883e-01 1.111271242968754347e+00 -2.517220926863782404e-01 -1.266844051968070373e+00 -5.312305898758318268e-01 9.385254915608477466e-01 1.111271242968755901e+00 -2.517220926854433216e-01
-1.823680339891571833e+01 -2.966731689581201081e+01 -9.860679771907066016e-02 2.960637454329534890e+01 1.839635254914140106e+01 -1.823680339889189028e+01 -2.966731689580722886e+01 -9.860679773991219699e-02 2.960637454327765994e+01 1.839635254915135931e+01 -1.823680339886805868e+01 -2.966731689580242914e+01 -9.860679776080721881e-02 2.960637454325997098e+01 1.839635254916122520e+01 -1.823680339884425194e+01 -2.966731689579763653e+01 -9.860679778169624543e-02 2.960637454324227136e+01 1.839635254917118345e+01
-5.833688103954004944e+00 -1.213664811787663922e+01 -1.667172942394610669e+00 1.110627857435042287e+01 8.531230589869963410e+00 -5.833688103944516534e+00 -1.213664811787353415e+01 -1.667172942402169289e+00 1.110627857434263710e+01 8.531230589872727421e+00 -5.833688103935026348e+00 -1.213664811787042552e+01 -1.667172942409748782e+00 1.110627857433484778e+01 8.531230589875461234e+00 -5.833688103925546820e+00 -1.213664811786731690e+01 -1.667172942417325388e+00 1.110627857432705845e+01 8.531230589878225246e+00
1.729508497192547178e+00 4.013322226094581779e+00 7.508610463403931901e-01 -3.549264578627147948e+00 -2.944427190998671229e+00 1.729508497189440996e+00 4.013322226093414713e+00 7.508610463427738413e-01 -3.549264578624505617e+00 -2.944427190999424848e+00 1.729508497186334592e+00 4.013322226092245870e+00 7.508610463451614869e-01 -3.549264578621863286e+00 -2.944427191000168254e+00 1.729508497183231963e+00 4.013322226091077027e+00 7.508610463475480223e-01 -3.549264578619219623e+00 -2.944427191000922317e+00
-1.519549150284720795e+01 -2.504637087759335401e+01 -2.840169943485360005e-01 2.487083872169953835e+01 1.565504065308098447e+01 -1.519549150282712446e+01 -2.504637087758917247e+01 -2.840169943660118546e-01 2.487083872168453524e+01 1.565504065308922677e+01 -1.519549150280703564e+01 -2.504637087758498026e+01 -2.840169943835327837e-01 2.487083872166953213e+01 1.565504065309739445e+01 -1.519549150278696814e+01 -2.504637087758079161e+01 -2.840169944010486058e-01 2.487083872165452547e+01 1.565504065310564208e+01
