-3.224342219125878373e+00 -1.319885804768907711e+01 -1.813185871471977251e+01 -1.613910563193833525e+01 -7.981762745781399104e+00 3.224342219126043574e+00 1.319885804768818360e+01 1.813185871471817023e+01 1.613910563193663705e+01 7.981762745780244472e+00 -3.224342219126208775e+00 -1.319885804768729187e+01 -1.813185871471656796e+01 -1.613910563193493886e+01 -7.981762745779104939e+00 3.224342219126359321e+00 1.319885804768640192e+01 1.813185871471496924e+01 1.613910563193323000e+01 7.981762745777933432e+00
-4.167908363781952730e+00 -1.612644118672043447e+01 -2.192522159390746950e+01 -1.934931256309480929e+01 -9.382623792125391660e+00 4.167908363782125036e+00 1.612644118671933313e+01 2.192522159390552261e+01 1.934931256309276293e+01 9.382623792124018536e+00 -4.167908363782299119e+00 -1.612644118671823534e+01 -2.192522159390357928e+01 -1.934931256309072012e+01 -9.382623792122663176e+00 4.167908363782453662e+00 1.612644118671713755e+01 2.192522159390163949e+01 1.934931256308866310e+01 9.382623792121268735e+00
-9.670288237345005200e+00 -2.247238720493977837e+01 -2.669079806859535253e+01 -2.071423125690742495e+01 -6.825532155906557819e+00 9.670288237344752957e+00 2.247238720493807662e+01 2.669079806859286208e+01 2.071423125690509437e+01 6.825532155905269960e+00 -9.670288237344504267e+00 -2.247238720493637842e+01 -2.669079806859036808e+01 -2.071423125690277089e+01 -6.825532155904006082e+00 9.670288237344232485e+00 2.247238720493468023e+01 2.669079806858788828e+01 2.071423125690042255e+01 6.825532155902691578e+00
-8.030901699438741659e+00 -1.944984471900209400e+01 -2.343960813181388403e+01 -1.847623792125108011e+01 -6.455572809000267753e+00 8.030901699438567576e+00 1.944984471900063383e+01 2.343960813181170977e+01 1.847623792124901243e+01 6.455572808999098910e+00 -8.030901699438395269e+00 -1.944984471899918077e+01 -2.343960813180953195e+01 -1.847623792124695896e+01 -6.455572808997948719e+00 8.030901699438203423e+00 1.944984471899772416e+01 2.343960813180736480e+01 1.847623792124488418e+01 6.455572808996756784e+00
2.270742052665917043e+01 5.157334422022385212e+01 6.074000333515993333e+01 4.670604565284664034e+01 1.483196601125075986e+01 -2.270742052665852739e+01 -5.157334422021991571e+01 -6.074000333515425609e+01 -4.670604565284135390e+01 -1.483196601124788927e+01 2.270742052665789146e+01 5.157334422021600062e+01 6.074000333514856464e+01 4.670604565283609588e+01 1.483196601124506486e+01 -2.270742052665719868e+01 -5.157334422021208553e+01 -6.074000333514288741e+01 -4.670604565283078102e+01 -1.483196601124213743e+01
-2.748277907312898893e+00 -8.749061313156980546e+00 -1.140800066703166848e+01 -9.709471509781646859e+00 -4.302254248593865960e+00 2.748277907312930424e+00 8.749061313156362374e+00 1.140800066703064175e+01 9.709471509780600584e+00 4.302254248593199826e+00 -2.748277907312962842e+00 -8.749061313155744202e+00 -1.140800066702961146e+01 -9.709471509779559639e+00 -4.302254248592543462e+00 2.748277907312985491e+00 8.749061313155127806e+00 1.140800066702858828e+01 9.709471509778509812e+00 4.302254248591866670e+00
1.549290836378383673e+01 4.410797101100480688e+01 5.587528790681597712e+01 4.630014395340905509e+01 1.903991869381319191e+01 -1.549290836378379055e+01 -4.410797101100161655e+01 -5.587528790681089674e+01 -4.630014395340400313e+01 -1.903991869381010105e+01 1.549290836378374436e+01 4.410797101099843331e+01 5.587528790680580926e+01 4.630014395339897249e+01 1.903991869380705282e+01 -1.549290836378365022e+01 -4.410797101099525719e+01 -5.587528790680073598e+01 -4.630014395339389921e+01 -1.903991869380390867e+01
-6.381762745782154411e+00 -1.286291569515759114e+01 -1.443087204340708141e+01 -1.048672575837567322e+01 -2.537006664343931739e+00 6.381762745781903945e+00 1.286291569515658040e+01 1.443087204340570473e+01 1.048672575837445287e+01 2.537006664343331774e+00 -6.381762745781653479e+00 -1.286291569515557320e+01 -1.443087204340432628e+01 -1.048672575837323961e+01 -2.537006664342743356e+00 6.381762745781390578e+00 1.286291569515456423e+01 1.443087204340295138e+01 1.048672575837201038e+01 2.537006664342130069e+00
1.310787504206401621e+01 1.252279373587615119e+01 7.154430856687898910e+00 -9.466814395938953908e-01 -8.686193602469204578e+00 -1.310787504206289711e+01 -1.252279373587486688e+01 -7.154430856686952112e+00 9.466814395941520743e-01 8.686193602468669894e+00 1.310787504206177623e+01 1.252279373587359146e+01 7.154430856686001761e+00 -9.466814395943963234e-01 -8.686193602468131658e+00 -1.310787504206065002e+01 -1.252279373587230893e+01 -7.154430856685051410e+00 9.466814395946689942e-01 8.686193602467604080e+00
-7.080369543532348153e+00 -1.540230223306408064e+01 -1.784107897456344460e+01 -1.346516994375062559e+01 -3.946023658718751381e+00 7.080369543532118115e+00 1.540230223306289403e+01 1.784107897456176772e+01 1.346516994374908727e+01 3.946023658717942695e+00 -7.080369543531889853e+00 -1.540230223306171276e+01 -1.784107897456008018e+01 -1.346516994374755782e+01 -3.946023658717147775e+00 7.080369543531647381e+00 1.540230223306052970e+01 1.784107897455840330e+01 1.346516994374601062e+01 3.946023658716321769e+00
-1.018647450843904423e+01 -2.809751282990912813e+01 -3.527625624968953133e+01 -2.898066877793920426e+01 -1.161545084971924524e+01 1.018647450843897495e+01 2.809751282990708177e+01 3.527625624968630547e+01 2.898066877793602814e+01 1.161545084971732678e+01 -1.018647450843890390e+01 -2.809751282990504251e+01 -3.527625624968307960e+01 -2.898066877793286977e+01 -1.161545084971543673e+01 1.018647450843880442e+01 2.809751282990300325e+01 3.527625624967986795e+01 2.898066877792967944e+01 1.161545084971348452e+01
-1.342202598439447003e-01 -2.309878040719024472e+00 -3.603240919906371964e+00 -3.520288237343879523e+00 -2.092705098312488854e+00 1.342202598440284111e-01 2.309878040718887249e+00 3.603240919906067319e+00 3.520288237343523807e+00 2.092705098312217071e+00 -1.342202598441121220e-01 -2.309878040718749137e+00 -3.603240919905761785e+00 -3.520288237343168092e+00 -2.092705098311948397e+00 1.342202598441927242e-01 2.309878040718611913e+00 3.603240919905458473e+00 3.520288237342811488e+00 2.092705098311673506e+00
-9.256637120813953956e+00 -3.017251282990939032e+01 -3.956351416397096443e+01 -3.384259780178321364e+01 -1.519495934690699812e+01 9.256637120814092512e+00 3.017251282990726580e+01 3.956351416396740461e+01 3.384259780177957566e+01 1.519495934690466576e+01 -9.256637120814232844e+00 -3.017251282990514483e+01 -3.956351416396384479e+01 -3.384259780177595900e+01 -1.519495934690236538e+01 9.256637120814335873e+00 3.017251282990302741e+01 3.956351416396029919e+01 3.384259780177229970e+01 1.519495934689999217e+01
-4.087993335656708638e+00 -4.902379873563134538e+00 -3.844223925531827568e+00 -1.317705098312951684e+00 1.712132289312356059e+00 4.087993335656403104e+00 4.902379873562677126e+00 3.844223925531397690e+00 1.317705098312709877e+00 -1.712132289312316535e+00 -4.087993335656097571e+00 -4.902379873562222379e+00 -3.844223925530966035e+00 -1.317705098312472289e+00 1.712132289312273459e+00 4.087993335655788485e+00 4.902379873561765855e+00 3.844223925530535269e+00 1.317705098312226042e+00 -1.712132289312237488e+00
-4.727912029469067967e+00 -5.765576474688012709e+00 -4.600986671312898402e+00 -1.678976341281547491e+00 1.884345884812302696e+00 4.727912029468718913e+00 5.765576474687478026e+00 4.600986671312388587e+00 1.678976341281252616e+00 -1.884345884812268501e+00 -4.727912029468368971e+00 -5.765576474686946007e+00 -4.600986671311876108e+00 -1.678976341280962181e+00 1.884345884812231198e+00 4.727912029468015476e+00 5.765576474686413100e+00 4.600986671311364518e+00 1.678976341280661977e+00 -1.884345884812201444e+00
-1.232991502812652485e+01 -4.586838120762908488e+01 -6.188668477475307128e+01 -5.426637820897151698e+01 -2.591815961371981203e+01 1.232991502812695472e+01 4.586838120762593007e+01 6.188668477474757879e+01 5.426637820896575448e+01 2.591815961371598220e+01 -1.232991502812738815e+01 -4.586838120762278237e+01 -6.188668477474206497e+01 -5.426637820896001330e+01 -2.591815961371220567e+01 1.232991502812776830e+01 4.586838120761964177e+01 6.188668477473657958e+01 5.426637820895422237e+01 2.591815961370831900e+01
9.749223594995903852e-01 -1.132352915725127041e+01 -1.929677740853215440e+01 -1.989931256309460039e+01 -1.290098667131269394e+01 -9.749223594989731012e-01 1.132352915725066467e+01 1.929677740853056633e+01 1.989931256309263219e+01 1.290098667131109522e+01 9.749223594983549290e-01 -1.132352915725006071e+01 -1.929677740852897472e+01 -1.989931256309066754e+01 -1.290098667130951604e+01 -9.749223594977536322e-01 1.132352915724945852e+01 1.929677740852739731e+01 1.989931256308870289e+01 1.290098667130790133e+01
-9.756577808745752201e-01 4.467501832844476439e+00 8.204227591219192206e+00 8.807217261187727075e+00 6.046149283687297427e+00 9.756577808742559199e-01 -4.467501832844263276e+00 -8.204227591218533178e+00 -8.807217261186870871e+00 -6.046149283686571785e+00 -9.756577808739370639e-01 4.467501832844051002e+00 8.204227591217870597e+00 8.807217261186016444e+00 6.046149283685853248e+00 9.756577808736253132e-01 -4.467501832843839615e+00 -8.204227591217215121e+00 -8.807217261185160240e+00 -6.046149283685119613e+00
-1.521458980337702371e+01 -4.065956747872294130e+01 -5.057397234506564843e+01 -4.117083872169020964e+01 -1.604184405196976471e+01 1.521458980337686029e+01 4.065956747871995702e+01 5.057397234506102279e+01 4.117083872168568348e+01 1.604184405196706820e+01 -1.521458980337669864e+01 -4.065956747871698695e+01 -5.057397234505637584e+01 -4.117083872168117864e+01 -1.604184405196441077e+01 1.521458980337649614e+01 4.065956747871401689e+01 5.057397234505175732e+01 4.117083872167662406e+01 1.604184405196166452e+01
-1.710032889043976212e+01 -4.108403532281659665e+01 -4.937503665687788867e+01 -3.880645218378357697e+01 -1.341512195928193485e+01 1.710032889043937843e+01 4.108403532281350579e+01 4.937503665687330567e+01 3.880645218377922845e+01 1.341512195927948703e+01 -1.710032889043899473e+01 -4.108403532281042914e+01 -4.937503665686871557e+01 -3.880645218377490124e+01 -1.341512195927708007e+01 1.710032889043857196e+01 4.108403532280735249e+01 4.937503665686413967e+01 3.880645218377053851e+01 1.341512195927458606e+01
