1.118262379213130941e+01 1.602443818808212228e+01 -1.278976341274235651e+00 -1.681488903779432675e+01 -9.113196601139813779e+00 1.118262379212817770e+01 1.602443818807633491e+01 -1.278976341274671524e+00 -1.681488903778880939e+01 -9.113196601135957309e+00 1.118262379212504953e+01 1.602443818807054754e+01 -1.278976341275124273e+00 -1.681488903778329203e+01 -9.113196601132123931e+00 1.118262379212189650e+01 1.602443818806475306e+01 -1.278976341275573247e+00 -1.681488903777778532e+01 -9.113196601128239038e+00
-3.038196601126540219e+00 -4.482749417099400446e+00 2.677050983101920689e-01 4.648200266816104431e+00 2.605040653098241066e+00 -3.038196601125696006e+00 -4.482749417097785738e+00 2.677050983103431703e-01 4.648200266814583870e+00 2.605040653097147274e+00 -3.038196601124853569e+00 -4.482749417096171918e+00 2.677050983104990456e-01 4.648200266813063308e+00 2.605040653096059700e+00 -3.038196601124003138e+00 -4.482749417094555433e+00 2.677050983106538107e-01 4.648200266811545411e+00 2.605040653094957914e+00
-5.659549150284095553e+00 -7.813776741509236068e+00 8.303695435276940984e-01 8.326973342630971331e+00 4.315983005632170411e+00 -5.659549150282495056e+00 -7.813776741506401891e+00 8.303695435278397596e-01 8.326973342628230412e+00 4.315983005630324776e+00 -5.659549150280896335e+00 -7.813776741503568601e+00 8.303695435279935255e-01 8.326973342625487717e+00 4.315983005628490687e+00 -5.659549150279284291e+00 -7.813776741500732648e+00 8.303695435281454040e-01 8.326973342622746799e+00 4.315983005626630842e+00
3.607623792128266338e+00 2.238854382004423549e+00 -2.223935688187536730e+00 -3.613322226097768208e+00 -9.220259846396849923e-03 3.607623792127098383e+00 2.238854382003506061e+00 -2.223935688186934989e+00 -3.613322226096478573e+00 -9.220259846199230225e-03 3.607623792125930873e+00 2.238854382002589016e+00 -2.223935688186335913e+00 -3.613322226095192047e+00 -9.220259846008271865e-03 3.607623792124761142e+00 2.238854382001668863e+00 -2.223935688185736392e+00 -3.613322226093899303e+00 -9.220259845803546739e-03
9.973935688193758864e+00 1.144029556873272213e+01 -2.903444185371468755e+00 -1.323472275972880396e+01 -5.276064311822321606e+00 9.973935688190811888e+00 1.144029556872848374e+01 -2.903444185371135688e+00 -1.323472275972436307e+01 -5.276064311819899544e+00 9.973935688187868465e+00 1.144029556872424536e+01 -2.903444185370814168e+00 -1.323472275971992040e+01 -5.276064311817498798e+00 9.973935688184907278e+00 1.144029556872000342e+01 -2.903444185370489539e+00 -1.323472275971547774e+01 -5.276064311815053642e+00
7.014918693816681206e+00 8.032875042073303717e+00 -2.050328890434175655e+00 -9.300047984476263352e+00 -3.697416860976816544e+00 7.014918693814608197e+00 8.032875042070324767e+00 -2.050328890433937623e+00 -9.300047984473140517e+00 -3.697416860975118347e+00 7.014918693812537853e+00 8.032875042067349369e+00 -2.050328890433708029e+00 -9.300047984470019458e+00 -3.697416860973434360e+00 7.014918693810454187e+00 8.032875042064368643e+00 -2.050328890433476658e+00 -9.300047984466894846e+00 -3.697416860971719732e+00
9.744098300565996240e+00 1.719890603217670488e+01 8.854101966350736985e-01 -1.665169243666821330e+01 -1.117672209270443950e+01 9.744098300563441839e+00 1.719890603217061198e+01 8.854101966338745466e-01 -1.665169243666286647e+01 -1.117672209269992578e+01 9.744098300560890991e+00 1.719890603216451908e+01 8.854101966326572981e-01 -1.665169243665751253e+01 -1.117672209269543160e+01 9.744098300558311720e+00 1.719890603215842262e+01 8.854101966314439354e-01 -1.665169243665217991e+01 -1.117672209269088768e+01
-6.499999999992619459e-01 -1.802583139032432946e+00 -4.640576474702367560e-01 1.515779740156292910e+00 1.400861046345153182e+00 -6.499999999991267208e-01 -1.802583139031814108e+00 -4.640576474699908416e-01 1.515779740155826616e+00 1.400861046344617833e+00 -6.499999999989920507e-01 -1.802583139031194825e+00 -4.640576474697430398e-01 1.515779740155359434e+00 1.400861046344084482e+00 -6.499999999988541610e-01 -1.802583139030576209e+00 -4.640576474694955711e-01 1.515779740154894917e+00 1.400861046343546912e+00
-6.739589803378073896e+00 -1.155574641845119643e+01 -4.022542485998406026e-01 1.130713962069589762e+01 7.390450849729748306e+00 -6.739589803376288657e+00 -1.155574641844709305e+01 -4.022542485990973082e-01 1.130713962069225609e+01 7.390450849726747151e+00 -6.739589803374506971e+00 -1.155574641844298789e+01 -4.022542485983417460e-01 1.130713962068861100e+01 7.390450849723760207e+00 -6.739589803372704857e+00 -1.155574641843888273e+01 -4.022542485975889592e-01 1.130713962068497658e+01 7.390450849720739512e+00
-6.282827057595718578e+00 -1.204931256310777066e+01 -1.164057647476113955e+00 1.132988537210171920e+01 8.166311896074370580e+00 -6.282827057594122522e+00 -1.204931256310353227e+01 -1.164057647475097657e+00 1.132988537209811142e+01 8.166311896071116294e+00 -6.282827057592529130e+00 -1.204931256309929033e+01 -1.164057647474068924e+00 1.132988537209449831e+01 8.166311896067876219e+00 -6.282827057590917086e+00 -1.204931256309505017e+01 -1.164057647473042412e+00 1.132988537209089941e+01 8.166311896064604170e+00
-9.049138953660715856e+00 -1.343869910101691723e+01 7.435661446491947935e-01 1.389824825129196562e+01 7.846023658732276473e+00 -9.049138953658207640e+00 -1.343869910101208198e+01 7.435661446496668603e-01 1.389824825128742347e+01 7.846023658728986661e+00 -9.049138953655701201e+00 -1.343869910100724319e+01 7.435661446501530270e-01 1.389824825128287955e+01 7.846023658725717276e+00 -9.049138953653173445e+00 -1.343869910100240261e+01 7.435661446506360850e-01 1.389824825127834274e+01 7.846023658722404370e+00
-8.600000000004378364e+00 -1.287968210664102209e+01 6.399186938059954199e-01 1.327517360944777103e+01 7.564589803387620215e+00 -8.600000000001999823e+00 -1.287968210663638935e+01 6.399186938064713726e-01 1.327517360944343494e+01 7.564589803384455635e+00 -8.599999999999623057e+00 -1.287968210663175839e+01 6.399186938069608699e-01 1.327517360943909885e+01 7.564589803381309707e+00 -8.599999999997226752e+00 -1.287968210662712210e+01 6.399186938074474806e-01 1.327517360943476987e+01 7.564589803378122923e+00
1.918348483847705310e+01 2.776612695906540651e+01 -2.023074641828959130e+00 -2.901645584948981593e+01 -1.591008130621493954e+01 1.918348483847169561e+01 2.776612695905538430e+01 -2.023074641829777143e+00 -2.901645584948030887e+01 -1.591008130620822669e+01 1.918348483846634167e+01 2.776612695904536210e+01 -2.023074641830624021e+00 -2.901645584947079470e+01 -1.591008130620155114e+01 1.918348483846094865e+01 2.776612695903533634e+01 -2.023074641831464238e+00 -2.901645584946129830e+01 -1.591008130619478855e+01
-4.523606797752865560e+00 -6.237586804726491074e+00 6.685661446538058161e-01 6.650783405849132635e+00 3.441844051974425778e+00 -4.523606797751584807e+00 -6.237586804724228884e+00 6.685661446539201691e-01 6.650783405846941498e+00 3.441844051972953178e+00 -4.523606797750306718e+00 -6.237586804721966693e+00 6.685661446540411834e-01 6.650783405844750362e+00 3.441844051971490348e+00 -4.523606797749017971e+00 -6.237586804719702727e+00 6.685661446541605324e-01 6.650783405842562779e+00 3.441844051970005758e+00
1.814045084972607214e+01 2.948051349697241363e+01 7.950849720356756301e-02 -2.943137454330217651e+01 -1.826909830059090112e+01 1.814045084972117650e+01 2.948051349696189405e+01 7.950849720197816772e-02 -2.943137454329264457e+01 -1.826909830058340489e+01 1.814045084971629151e+01 2.948051349695137446e+01 7.950849720035724211e-02 -2.943137454328310554e+01 -1.826909830057594064e+01 1.814045084971135680e+01 2.948051349694084422e+01 7.950849719874342192e-02 -2.943137454327359137e+01 -1.826909830056839112e+01
-5.447745751408960224e+00 -9.044146285042019784e+00 -1.418440519732909189e-01 8.956481839819296908e+00 5.677254248602237041e+00 -5.447745751407501835e+00 -9.044146285038799249e+00 -1.418440519727651727e-01 8.956481839816401447e+00 5.677254248599917119e+00 -5.447745751406044334e+00 -9.044146285035576938e+00 -1.418440519722299342e-01 8.956481839813507762e+00 5.677254248597607855e+00 -5.447745751404572623e+00 -9.044146285032354626e+00 -1.418440519716966941e-01 8.956481839810617629e+00 5.677254248595272834e+00
2.788525491566323122e+00 2.557952682566371205e+00 -1.207623792126111928e+00 -3.304305231722923786e+00 -8.345491502827132591e-01 2.788525491565465142e+00 2.557952682565393765e+00 -1.207623792125856577e+00 -3.304305231721788694e+00 -8.345491502822651730e-01 2.788525491564607606e+00 2.557952682564416769e+00 -1.207623792125603890e+00 -3.304305231720654490e+00 -8.345491502818223051e-01 2.788525491563746073e+00 2.557952682563437552e+00 -1.207623792125350315e+00 -3.304305231719518510e+00 -8.345491502813681128e-01
-5.365450849721252524e+00 -8.993285238698817352e+00 -1.927050983175090937e-01 8.874186938131995106e+00 5.677254248602869424e+00 -5.365450849719819004e+00 -8.993285238695618133e+00 -1.927050983169696918e-01 8.874186938129129842e+00 5.677254248600553943e+00 -5.365450849718389037e+00 -8.993285238692418915e+00 -1.927050983164206310e-01 8.874186938126264579e+00 5.677254248598250008e+00 -5.365450849716943971e+00 -8.993285238689216143e+00 -1.927050983158736797e-01 8.874186938123404644e+00 5.677254248595918540e+00
-1.188368810394337594e+01 -1.889054681867949625e+01 2.086881039277872496e-01 1.901952315995205467e+01 1.154602365873724423e+01 -1.188368810394014830e+01 -1.889054681867274255e+01 2.086881039287218353e-01 1.901952315994588361e+01 1.154602365873248182e+01 -1.188368810393692421e+01 -1.889054681866598884e+01 2.086881039296762941e-01 1.901952315993970899e+01 1.154602365872774428e+01 -1.188368810393366992e+01 -1.889054681865923158e+01 2.086881039306263119e-01 1.901952315993354503e+01 1.154602365872294989e+01
-2.184549150282807162e+00 -2.976518827222546015e+00 3.449593469051824290e-01 3.189715428346488579e+00 1.626393202252727876e+00 -2.184549150282186769e+00 -2.976518827221465102e+00 3.449593469052286143e-01 3.189715428345436532e+00 1.626393202252029546e+00 -2.184549150281567709e+00 -2.976518827220384189e+00 3.449593469052779637e-01 3.189715428344384485e+00 1.626393202251335657e+00 -2.184549150280943763e+00 -2.976518827219302388e+00 3.449593469053265360e-01 3.189715428343333770e+00 1.626393202250631775e+00
