2.499999999997294609e+00 9.499999999980321963e-01 -2.499999999997543298e+00 -9.499999999983133048e-01 2.499999999997791988e+00 9.499999999985963006e-01 -2.499999999998041567e+00 -9.499999999988785193e-01 2.499999999998289368e+00 9.499999999991571853e-01 -2.499999999998537614e+00 -9.499999999994442890e-01 2.499999999998788081e+00 9.499999999997226219e-01 -2.499999999999034550e+00 -9.500000000000009548e-01 2.499999999999284572e+00 9.500000000002883915e-01 -2.499999999999534595e+00 -9.500000000005665024e-01
7.799999999993565858e+00 5.799999999990640198e+00 -7.799999999994156497e+00 -5.799999999991869437e+00 7.799999999994748023e+00 5.799999999993105781e+00 -7.799999999995339550e+00 -5.799999999994339461e+00 7.799999999995928412e+00 5.799999999995560707e+00 -7.799999999996515498e+00 -5.799999999996808597e+00 7.799999999997114131e+00 5.799999999998029843e+00 -7.799999999997691447e+00 -5.799999999999250200e+00 7.799999999998290967e+00 5.800000000000500755e+00 -7.799999999998888711e+00 -5.800000000001721112e+00
6.549999999994783551e+00 4.699999999992667377e+00 -6.549999999995290700e+00 -4.699999999993679900e+00 6.549999999995797850e+00 4.699999999994695976e+00 -6.549999999996306776e+00 -4.699999999995711164e+00 6.549999999996812150e+00 4.699999999996714806e+00 -6.549999999997316635e+00 -4.699999999997742428e+00 6.549999999997830891e+00 4.699999999998746958e+00 -6.549999999998326494e+00 -4.699999999999749711e+00 6.549999999998840750e+00 4.700000000000779110e+00 -6.549999999999353228e+00 -4.700000000001781864e+00
1.129999999999248672e+01 1.054999999998499760e+01 -1.129999999999320082e+01 -1.054999999998704752e+01 1.129999999999391669e+01 1.054999999998910454e+01 -1.129999999999463611e+01 -1.054999999999115978e+01 1.129999999999534666e+01 1.054999999999319549e+01 -1.129999999999605542e+01 -1.054999999999527205e+01 1.129999999999678728e+01 1.054999999999730775e+01 -1.129999999999747651e+01 -1.054999999999934346e+01 1.129999999999820837e+01 1.055000000000142002e+01 -1.129999999999893667e+01 -1.055000000000345572e+01
8.499999999990771604e-01 -9.999999999992306154e-01 -8.499999999992482458e-01 9.999999999992996713e-01 8.499999999994194422e-01 -9.999999999993680611e-01 -8.499999999995899724e-01 9.999999999994364508e-01 8.499999999997615019e-01 -9.999999999995061728e-01 -8.499999999999331424e-01 9.999999999995732303e-01 8.500000000001027844e-01 -9.999999999996430633e-01 -8.500000000002760903e-01 9.999999999997128963e-01 8.500000000004459544e-01 -9.999999999997798428e-01 -8.500000000006155965e-01 9.999999999998496758e-01
-6.999999999995774935e+00 -7.349999999989971222e+00 6.999999999996164846e+00 7.349999999991341681e+00 -6.999999999996553868e+00 -7.349999999992718358e+00 6.999999999996947331e+00 7.349999999994091482e+00 -6.999999999997333688e+00 -7.349999999995453948e+00 6.999999999997720046e+00 7.349999999996842170e+00 -6.999999999998120614e+00 -7.349999999998204636e+00 6.999999999998491873e+00 7.349999999999566214e+00 -6.999999999998893330e+00 -7.350000000000955325e+00 6.999999999999292122e+00 7.350000000002316902e+00
-6.749999999996084910e+00 -7.949999999989584509e+00 6.749999999996404654e+00 7.949999999991013588e+00 -6.749999999996724398e+00 -7.949999999992447997e+00 6.749999999997046807e+00 7.949999999993878852e+00 -6.749999999997362998e+00 -7.949999999995300826e+00 6.749999999997678302e+00 7.949999999996745892e+00 -6.749999999998009592e+00 -7.949999999998167866e+00 6.749999999998309796e+00 7.949999999999588063e+00 -6.749999999998640199e+00 -7.950000000001034017e+00 6.749999999998969713e+00 7.950000000002454215e+00
-9.099999999993912070e+00 -8.949999999987966248e+00 9.099999999994460964e+00 8.949999999989673327e+00 -9.099999999995006306e+00 -8.949999999991385735e+00 9.099999999995555200e+00 8.949999999993096367e+00 -9.099999999996098765e+00 -8.949999999994792788e+00 9.099999999996638778e+00 8.949999999996521183e+00 -9.099999999997200106e+00 -8.949999999998217604e+00 9.099999999997724132e+00 8.949999999999912248e+00 -9.099999999998281908e+00 -8.950000000001642420e+00 9.099999999998841460e+00 8.950000000003337064e+00
-8.149999999994552269e+00 -7.849999999989100807e+00 8.149999999995051425e+00 7.849999999990608934e+00 -8.149999999995550581e+00 -7.849999999992122390e+00 8.149999999996053290e+00 7.849999999993633182e+00 -8.149999999996552447e+00 -7.849999999995131539e+00 8.149999999997048050e+00 7.849999999996659206e+00 -8.149999999997559641e+00 -7.849999999998157563e+00 8.149999999998039257e+00 7.849999999999655920e+00 -8.149999999998550848e+00 -7.850000000001184475e+00 8.149999999999060663e+00 7.850000000002681944e+00
1.719999999998799822e+01 1.704999999997623306e+01 -1.719999999998902496e+01 -1.704999999997947313e+01 1.719999999999004814e+01 1.704999999998272742e+01 -1.719999999999107487e+01 -1.704999999998597815e+01 1.719999999999209450e+01 1.704999999998920046e+01 -1.719999999999310702e+01 -1.704999999999248317e+01 1.719999999999415863e+01 1.704999999999570548e+01 -1.719999999999513918e+01 -1.704999999999892779e+01 1.719999999999618723e+01 1.705000000000221405e+01 -1.719999999999723528e+01 -1.705000000000543281e+01
-4.149999999996950351e+00 -3.349999999994959232e+00 4.149999999997247002e+00 3.349999999995646238e+00 -4.149999999997544542e+00 -3.349999999996336797e+00 4.149999999997842082e+00 3.349999999997025579e+00 -4.149999999998137845e+00 -3.349999999997708588e+00 4.149999999998433609e+00 3.349999999998405809e+00 -4.149999999998734701e+00 -3.349999999999088374e+00 4.149999999999023359e+00 3.349999999999770495e+00 -4.149999999999326228e+00 -3.350000000000468159e+00 4.149999999999627320e+00 3.350000000001150280e+00
1.789999999998825331e+01 1.794999999997470042e+01 -1.789999999998930846e+01 -1.794999999997810392e+01 1.789999999999036007e+01 1.794999999998151452e+01 -1.789999999999141878e+01 -1.794999999998492157e+01 1.789999999999246327e+01 1.794999999998830020e+01 -1.789999999999350422e+01 -1.794999999999174634e+01 1.789999999999458069e+01 1.794999999999512141e+01 -1.789999999999558966e+01 -1.794999999999850004e+01 1.789999999999666969e+01 1.795000000000194618e+01 -1.789999999999774616e+01 -1.795000000000532481e+01
-5.149999999996477840e+00 -5.049999999992714983e+00 5.149999999996787814e+00 5.049999999993679545e+00 -5.149999999997097788e+00 -5.049999999994646771e+00 5.149999999997409539e+00 5.049999999995613109e+00 -5.149999999997718625e+00 -5.049999999996571454e+00 5.149999999998025935e+00 5.049999999997547562e+00 -5.149999999998343014e+00 -5.049999999998505906e+00 5.149999999998641442e+00 5.049999999999463363e+00 -5.149999999998958522e+00 -5.050000000000440359e+00 5.149999999999274714e+00 5.050000000001397815e+00
3.099999999997091304e+00 -3.000000000012343904e-01 -3.099999999997496758e+00 3.000000000010694112e-01 3.099999999997901767e+00 -3.000000000009024337e-01 -3.099999999998306333e+00 3.000000000007359002e-01 3.099999999998711786e+00 -3.000000000005742518e-01 -3.099999999999116795e+00 3.000000000004021672e-01 3.099999999999521805e+00 -3.000000000002407408e-01 -3.099999999999926814e+00 3.000000000000795364e-01 3.100000000000331823e+00 -2.999999999999070077e-01 -3.100000000000736833e+00 2.999999999997455813e-01
-6.049999999996101607e+00 -5.599999999992125943e+00 6.049999999996487965e+00 5.599999999993217514e+00 -6.049999999996874323e+00 -5.599999999994312638e+00 6.049999999997262456e+00 5.599999999995405986e+00 -6.049999999997646150e+00 -5.599999999996490452e+00 6.049999999998029843e+00 5.599999999997596234e+00 -6.049999999998423306e+00 -5.599999999998680700e+00 6.049999999998796341e+00 5.599999999999763389e+00 -6.049999999999190692e+00 -5.600000000000870060e+00 6.049999999999584155e+00 5.600000000001953637e+00
-1.214999999999200320e+01 -1.174999999998350653e+01 1.214999999999274749e+01 1.174999999998576072e+01 -1.214999999999348823e+01 -1.174999999998802380e+01 1.214999999999423608e+01 1.174999999999028155e+01 -1.214999999999497327e+01 -1.174999999999252154e+01 1.214999999999570868e+01 1.174999999999480416e+01 -1.214999999999646896e+01 -1.174999999999704414e+01 1.214999999999718305e+01 1.174999999999928413e+01 -1.214999999999794333e+01 -1.175000000000156852e+01 1.214999999999870006e+01 1.175000000000380673e+01
-2.399999999998199574e+00 -1.649999999997450395e+00 2.399999999998390088e+00 1.649999999997812328e+00 -2.399999999998580602e+00 -1.649999999998175593e+00 2.399999999998771560e+00 1.649999999998538192e+00 -2.399999999998961631e+00 -1.649999999998897460e+00 2.399999999999151257e+00 1.649999999999264499e+00 -2.399999999999343991e+00 -1.649999999999623768e+00 2.399999999999530509e+00 1.649999999999982592e+00 -2.399999999999723688e+00 -1.650000000000350298e+00 2.399999999999916422e+00 1.650000000000709122e+00
-1.344999999999187779e+01 -1.444999999998050022e+01 1.344999999999260609e+01 1.444999999998317364e+01 -1.344999999999333262e+01 -1.444999999998585771e+01 1.344999999999406626e+01 1.444999999998853646e+01 -1.344999999999478746e+01 -1.444999999999119744e+01 1.344999999999550688e+01 1.444999999999390283e+01 -1.344999999999625473e+01 -1.444999999999656204e+01 1.344999999999694751e+01 1.444999999999922125e+01 -1.344999999999769713e+01 -1.445000000000192841e+01 1.344999999999844320e+01 1.445000000000458584e+01
-8.499999999995688782e-01 -1.599999999998537037e+00 8.499999999995699884e-01 1.599999999998791500e+00 -8.499999999995708766e-01 -1.599999999999046629e+00 8.499999999995726530e-01 1.599999999999301314e+00 -8.499999999995732081e-01 -1.599999999999554667e+00 8.499999999995732081e-01 1.599999999999811129e+00 -8.499999999995766498e-01 -1.600000000000064482e+00 8.499999999995737632e-01 1.600000000000318057e+00 -8.499999999995772049e-01 -1.600000000000574518e+00 8.499999999995804245e-01 1.600000000000827871e+00
-2.099999999998950262e+00 -2.049999999998007194e+00 2.099999999999077271e+00 2.049999999998399325e+00 -2.099999999999204281e+00 -2.049999999998792344e+00 2.099999999999332179e+00 2.049999999999185363e+00 -2.099999999999458300e+00 -2.049999999999574829e+00 2.099999999999584421e+00 2.049999999999971845e+00 -2.099999999999714539e+00 -2.050000000000361311e+00 2.099999999999836664e+00 2.050000000000750777e+00 -2.099999999999966782e+00 -2.050000000001147793e+00 2.100000000000096456e+00 2.050000000001537259e+00
