-4.299999999996957811e+00 -4.899999999993792876e+00 4.299999999997266009e+00 4.899999999994650857e+00 -4.299999999997575983e+00 -4.899999999995509725e+00 4.299999999997885070e+00 4.899999999996370370e+00 -4.299999999998192379e+00 -4.899999999997221245e+00 4.299999999998498801e+00 4.899999999998088995e+00 -4.299999999998814104e+00 -4.899999999998940758e+00 4.299999999999111644e+00 4.899999999999793410e+00 -4.299999999999426947e+00 -4.900000000000659384e+00 4.299999999999742251e+00 4.900000000001512035e+00
2.499999999997434053e+00 9.499999999982106091e-01 -2.499999999997710276e+00 -9.499999999984621857e-01 2.499999999997987388e+00 9.499999999987146504e-01 -2.499999999998264055e+00 -9.499999999989674482e-01 2.499999999998540723e+00 9.499999999992158051e-01 -2.499999999998816502e+00 -9.499999999994725997e-01 2.499999999999094946e+00 9.499999999997209565e-01 -2.499999999999369393e+00 -9.499999999999693134e-01 2.499999999999646949e+00 9.500000000002263301e-01 -2.499999999999924949e+00 -9.500000000004747980e-01
7.799999999993722177e+00 5.799999999991350741e+00 -7.799999999994438049e+00 -5.799999999992505373e+00 7.799999999995158362e+00 5.799999999993661781e+00 -7.799999999995876898e+00 -5.799999999994818189e+00 7.799999999996593658e+00 5.799999999995963051e+00 -7.799999999997308642e+00 -5.799999999997132782e+00 7.799999999998035172e+00 5.799999999998276756e+00 -7.799999999998739497e+00 -5.799999999999420730e+00 7.799999999999466027e+00 5.800000000000591349e+00 -7.800000000000191669e+00 -5.800000000001736211e+00
6.549999999994928324e+00 4.699999999993231370e+00 -6.549999999995538502e+00 -4.699999999994178168e+00 6.549999999996152233e+00 4.699999999995126743e+00 -6.549999999996765077e+00 -4.699999999996077094e+00 6.549999999997375255e+00 4.699999999997015898e+00 -6.549999999997983657e+00 -4.699999999997976019e+00 6.549999999998603606e+00 4.699999999998914824e+00 -6.549999999999204015e+00 -4.699999999999852740e+00 6.549999999999821299e+00 4.700000000000813749e+00 -6.550000000000439471e+00 -4.700000000001753442e+00
1.129999999999252047e+01 1.054999999998608118e+01 -1.129999999999344951e+01 -1.054999999998803339e+01 1.129999999999438209e+01 1.054999999998998739e+01 -1.129999999999531468e+01 -1.054999999999194493e+01 1.129999999999624194e+01 1.054999999999388116e+01 -1.129999999999716742e+01 -1.054999999999585647e+01 1.129999999999811244e+01 1.054999999999779270e+01 -1.129999999999901839e+01 -1.054999999999972893e+01 1.129999999999996163e+01 1.055000000000170601e+01 -1.130000000000090665e+01 -1.055000000000364224e+01
8.499999999992581268e-01 -9.999999999992644772e-01 -8.499999999994198863e-01 9.999999999993514077e-01 8.499999999995816458e-01 -9.999999999994375610e-01 -8.499999999997429612e-01 9.999999999995239364e-01 8.499999999999053868e-01 -9.999999999996115330e-01 -8.500000000000674794e-01 9.999999999996964650e-01 8.500000000002277956e-01 -9.999999999997840616e-01 -8.500000000003918865e-01 9.999999999998719913e-01 8.500000000005524248e-01 -9.999999999999565903e-01 -8.500000000007128520e-01 1.000000000000044409e+00
-6.999999999995694999e+00 -7.349999999990683541e+00 6.999999999996228794e+00 7.349999999991998934e+00 -6.999999999996765254e+00 -7.349999999993316102e+00 6.999999999997300826e+00 7.349999999994634159e+00 -6.999999999997832845e+00 -7.349999999995939781e+00 6.999999999998363975e+00 7.349999999997269384e+00 -6.999999999998910205e+00 -7.349999999998575007e+00 6.999999999999427125e+00 7.349999999999880629e+00 -6.999999999999972466e+00 -7.350000000001210232e+00 7.000000000000516032e+00 7.350000000002516742e+00
-6.749999999995957900e+00 -7.949999999990314592e+00 6.749999999996427746e+00 7.949999999991695709e+00 -6.749999999996900257e+00 -7.949999999993078603e+00 6.749999999997374545e+00 7.949999999994461497e+00 -6.749999999997842615e+00 -7.949999999995832844e+00 6.749999999998309796e+00 7.949999999997227285e+00 -6.749999999998793854e+00 -7.949999999998598632e+00 6.749999999999245937e+00 7.949999999999969980e+00 -6.749999999999729106e+00 -7.950000000001364420e+00 6.750000000000210498e+00 7.950000000002736655e+00
-9.099999999993881872e+00 -8.949999999988847321e+00 9.099999999994606625e+00 8.949999999990479793e+00 -9.099999999995334932e+00 -8.949999999992114041e+00 9.099999999996061462e+00 8.949999999993748290e+00 -9.099999999996786215e+00 -8.949999999995366551e+00 9.099999999997507416e+00 8.949999999997015010e+00 -9.099999999998244604e+00 -8.949999999998633271e+00 9.099999999998951594e+00 8.950000000000251532e+00 -9.099999999999688782e+00 -8.950000000001901768e+00 9.100000000000427747e+00 8.950000000003521805e+00
-8.149999999994520294e+00 -7.849999999989881516e+00 8.149999999995177546e+00 7.849999999991321253e+00 -8.149999999995838351e+00 -7.849999999992762767e+00 8.149999999996499156e+00 7.849999999994205169e+00 -8.149999999997154632e+00 -7.849999999995633360e+00 8.149999999997808331e+00 7.849999999997089084e+00 -8.149999999998479794e+00 -7.849999999998517275e+00 8.149999999999121059e+00 7.849999999999945466e+00 -8.149999999999788969e+00 -7.850000000001401190e+00 8.150000000000458655e+00 7.850000000002830269e+00
1.719999999998792362e+01 1.704999999997795257e+01 -1.719999999998928786e+01 -1.704999999998105764e+01 1.719999999999065565e+01 1.704999999998415916e+01 -1.719999999999202345e+01 -1.704999999998726778e+01 1.719999999999338414e+01 1.704999999999034088e+01 -1.719999999999474127e+01 -1.704999999999348148e+01 1.719999999999613038e+01 1.704999999999655458e+01 -1.719999999999745910e+01 -1.704999999999963123e+01 1.719999999999884466e+01 1.705000000000276827e+01 -1.720000000000023377e+01 -1.705000000000584848e+01
-4.149999999996958344e+00 -3.349999999995334043e+00 4.149999999997326938e+00 3.349999999995982858e+00 -4.149999999997696420e+00 -3.349999999996632560e+00 4.149999999998065903e+00 3.349999999997282707e+00 -4.149999999998432720e+00 -3.349999999997925748e+00 4.149999999998799538e+00 3.349999999998583000e+00 -4.149999999999173461e+00 -3.349999999999226041e+00 4.149999999999534062e+00 3.349999999999868638e+00 -4.149999999999907097e+00 -3.350000000000526335e+00 4.150000000000279243e+00 3.350000000001169376e+00
1.789999999998813252e+01 1.794999999997651230e+01 -1.789999999998953939e+01 -1.794999999997976659e+01 1.789999999999095337e+01 1.794999999998302442e+01 -1.789999999999237090e+01 -1.794999999998628581e+01 1.789999999999377067e+01 1.794999999998951523e+01 -1.789999999999517399e+01 -1.794999999999280504e+01 1.789999999999661284e+01 1.794999999999603091e+01 -1.789999999999798064e+01 -1.794999999999926033e+01 1.789999999999941593e+01 1.795000000000255014e+01 -1.790000000000084768e+01 -1.795000000000578311e+01
-5.149999999996438760e+00 -5.049999999993241673e+00 5.149999999996849098e+00 5.049999999994163602e+00 -5.149999999997262101e+00 -5.049999999995085531e+00 5.149999999997675104e+00 5.049999999996008349e+00 -5.149999999998084554e+00 -5.049999999996922284e+00 5.149999999998494005e+00 5.049999999997854871e+00 -5.149999999998912337e+00 -5.049999999998768807e+00 5.149999999999312905e+00 5.049999999999682743e+00 -5.149999999999731237e+00 -5.050000000000614442e+00 5.150000000000148681e+00 5.050000000001529266e+00
3.099999999997270717e+00 -3.000000000011144863e-01 -3.099999999997689049e+00 3.000000000009954704e-01 3.099999999998108269e+00 -3.000000000008744561e-01 -3.099999999998526157e+00 3.000000000007534418e-01 3.099999999998945821e+00 -3.000000000006377565e-01 -3.099999999999364597e+00 3.000000000005116352e-01 3.099999999999782929e+00 -3.000000000003957279e-01 -3.100000000000202149e+00 3.000000000002804867e-01 3.100000000000620481e+00 -3.000000000001539213e-01 -3.100000000001038813e+00 3.000000000000384581e-01
-6.049999999996072297e+00 -5.599999999992689048e+00 6.049999999996571454e+00 5.599999999993728217e+00 -6.049999999997073274e+00 -5.599999999994768274e+00 6.049999999997575095e+00 5.599999999995810107e+00 -6.049999999998073363e+00 -5.599999999996839506e+00 6.049999999998571631e+00 5.599999999997891997e+00 -6.049999999999080558e+00 -5.599999999998922284e+00 6.049999999999567279e+00 5.599999999999951683e+00 -6.050000000000075318e+00 -5.600000000001004175e+00 6.050000000000583356e+00 5.600000000002035350e+00
-1.214999999999192859e+01 -1.174999999998470201e+01 1.214999999999290736e+01 1.174999999998685318e+01 -1.214999999999388791e+01 -1.174999999998900790e+01 1.214999999999487201e+01 1.174999999999116440e+01 -1.214999999999584723e+01 -1.174999999999329958e+01 1.214999999999682068e+01 1.174999999999547740e+01 -1.214999999999781721e+01 -1.174999999999761080e+01 1.214999999999876934e+01 1.174999999999974598e+01 -1.214999999999976410e+01 -1.175000000000192379e+01 1.215000000000075886e+01 1.175000000000406253e+01
-2.399999999998225775e+00 -1.649999999997652012e+00 2.399999999998453148e+00 1.649999999997989519e+00 -2.399999999998681410e+00 -1.649999999998327915e+00 2.399999999998909228e+00 1.649999999998666755e+00 -2.399999999999137046e+00 -1.649999999999001377e+00 2.399999999999363531e+00 1.649999999999343769e+00 -2.399999999999594014e+00 -1.649999999999678391e+00 2.399999999999817835e+00 1.650000000000012568e+00 -2.400000000000047873e+00 -1.650000000000355627e+00 2.400000000000277911e+00 1.650000000000690248e+00
-1.344999999999166462e+01 -1.444999999998187334e+01 1.344999999999267359e+01 1.444999999998444373e+01 -1.344999999999368789e+01 -1.444999999998701590e+01 1.344999999999470042e+01 1.444999999998959161e+01 -1.344999999999570583e+01 -1.444999999999214246e+01 1.344999999999670948e+01 1.444999999999474127e+01 -1.344999999999774154e+01 -1.444999999999729035e+01 1.344999999999871854e+01 1.444999999999984297e+01 -1.344999999999974705e+01 -1.445000000000244000e+01 1.345000000000077733e+01 1.445000000000499263e+01
-8.499999999995521138e-01 -1.599999999998652278e+00 8.499999999995807576e-01 1.599999999998904299e+00 -8.499999999996095124e-01 -1.599999999999155875e+00 8.499999999996388222e-01 1.599999999999408118e+00 -8.499999999996667999e-01 -1.599999999999658806e+00 8.499999999996947775e-01 1.599999999999912381e+00 -8.499999999997258637e-01 -1.600000000000163070e+00 8.499999999997508437e-01 1.600000000000413536e+00 -8.499999999997818190e-01 -1.600000000000666889e+00 8.499999999998124611e-01 1.600000000000918021e+00
