-7.094739729450149746e+00 1.503023140299610816e-01 6.918048762305059718e+00 -8.282956388276074833e+00 2.819150458516228586e+00 4.968846261256600449e+00 -8.660379565066371299e+00 5.212040513945930265e+00 2.533258468169099942e+00 -8.190064449615091391e+00 7.094739729448253485e+00 -1.503023140318628936e-01 -6.918048762300947452e+00 8.282956388273117199e+00 -2.819150458516868518e+00 -4.968846261252864771e+00 8.660379565062648055e+00 -5.212040513945250808e+00 -2.533258468166144528e+00 8.190064449610972019e+00
-1.009556442255652264e+01 2.089413642399824411e+00 7.639311372673057043e+00 -1.106996276745432617e+01 5.374210343600293704e+00 4.752199602081615737e+00 -1.096075602770724444e+01 8.132941892042927279e+00 1.399909423917463425e+00 -9.778634119890091014e+00 1.009556442255329856e+01 -2.089413642401422244e+00 -7.639311372667982880e+00 1.106996276744992436e+01 -5.374210343600202222e+00 -4.752199602077286755e+00 1.096075602770210367e+01 -8.132941892041165133e+00 -1.399909423914359241e+00 9.778634119884726417e+00
-7.942469260464338987e+00 2.937010079495090409e+00 4.489806839340585221e+00 -8.215094571107332655e+00 5.167616030829386808e+00 2.140197586243339778e+00 -7.683569187200492756e+00 6.892379720167356894e+00 -4.189091182282647097e-01 -6.399922516675940365e+00 7.942469260461440861e+00 -2.937010079495583348e+00 -4.489806839337129318e+00 8.215094571103740861e+00 -5.167616030828623863e+00 -2.140197586240615291e+00 7.683569187196553685e+00 -6.892379720165420665e+00 4.189091182299471416e-01 6.399922516672059913e+00
1.730429451478724800e+01 -3.835561319505163436e+00 -1.279532175904863855e+01 1.887736417611620965e+01 -9.396350770702920130e+00 -7.831291359342341885e+00 1.860258590555583069e+01 -1.403735994023713474e+01 -2.100679597569348189e+00 1.650685691472181560e+01 -1.730429451478165248e+01 3.835561319507752032e+00 1.279532175904004632e+01 -1.887736417610864237e+01 9.396350770702627031e+00 7.831291359335056157e+00 -1.860258590554704128e+01 1.403735994023400657e+01 2.100679597564176770e+00 -1.650685691471268512e+01
-3.682936174640567994e+00 6.764402166687093487e-01 2.887733007809477837e+00 -4.071173965765804148e+00 1.898219025379116909e+00 1.839683668287808604e+00 -4.060896883584717010e+00 2.934186930215410882e+00 6.115532734845234852e-01 -3.653110920505930004e+00 3.682936174639416027e+00 -6.764402166693429530e-01 -2.887733007807590901e+00 4.071173965764208091e+00 -1.898219025379129343e+00 -1.839683668286184348e+00 4.060896883582834072e+00 -2.934186930214804256e+00 -6.115532734833406536e-01 3.653110920503950254e+00
1.867475171936531098e+01 -3.226477415480033528e+00 -1.488180003601596724e+01 2.072108259295111665e+01 -9.477293483326912238e+00 -9.579855910655229678e+00 2.073908953006603539e+01 -1.480040603283739387e+01 -3.340168741979722355e+00 1.872700988624405838e+01 -1.867475171935952716e+01 3.226477415483366862e+00 1.488180003600631451e+01 -2.072108259294304133e+01 9.477293483327084544e+00 9.579855910646887907e+00 -2.073908953005647149e+01 1.480040603283440426e+01 3.340168741973605915e+00 -1.872700988623396512e+01
-5.113789014891305662e+00 8.182982461794052753e-02 5.017592286674660507e+00 -5.980363320865529353e+00 2.012746440036882412e+00 3.614237972749333672e+00 -6.261537997351672047e+00 3.746641410275403317e+00 1.857096864174875517e+00 -5.929789707956240719e+00 5.113789014889945861e+00 -8.182982461932686302e-02 -5.017592286671684221e+00 5.980363320863399501e+00 -2.012746440037357587e+00 -3.614237972746626948e+00 6.261537997348986195e+00 -3.746641410274925477e+00 -1.857096864172729678e+00 5.929789707953265321e+00
2.160845240414304591e+00 -1.257513297549905706e+00 -6.825496986911149255e-01 2.059898591244406330e+00 -1.739006327611921865e+00 -1.557404521709193634e-02 1.757314715806061578e+00 -2.050273301957566296e+00 6.529261043133616216e-01 1.282712632053057966e+00 -2.160845240413387991e+00 1.257513297549768927e+00 6.825496986903653029e-01 -2.059898591243382704e+00 1.739006327611469560e+00 1.557404521659189189e-02 -1.757314715805028182e+00 2.050273301956844652e+00 -6.529261043135501374e-01 -1.282712632052123602e+00
-5.734327105364206645e+00 9.525934257432960850e-01 4.614486371198381676e+00 -6.377247497533190312e+00 2.882417687340104617e+00 2.988762282401703718e+00 -6.395918471747248368e+00 4.530090822714550214e+00 1.070477317472583678e+00 -5.788512382962136549e+00 5.734327105362440946e+00 -9.525934257443420261e-01 -4.614486371195402725e+00 6.377247497530714959e+00 -2.882417687340177448e+00 -2.988762282399121784e+00 6.395918471744309386e+00 -4.530090822713648713e+00 -1.070477317470682976e+00 5.788512382959027036e+00
-1.215374520241897649e+01 2.098529364033037137e+00 9.686775979055322949e+00 -1.348601748953212898e+01 6.166988405956015384e+00 6.236287817371832354e+00 -1.349818442216017189e+01 9.631779654767999688e+00 2.175348353352509534e+00 -1.218905501616579379e+01 1.215374520241521239e+01 -2.098529364035207401e+00 -9.686775979049041752e+00 1.348601748952687629e+01 -6.166988405956128183e+00 -6.236287817366401143e+00 1.349818442215394754e+01 -9.631779654766052801e+00 -2.175348353348528274e+00 1.218905501615922482e+01
-2.859834735481826318e+00 1.422139646910085098e+00 1.188009313173255421e+00 -2.818728354648647016e+00 2.125604600989013271e+00 3.199302813156967851e-01 -2.501705203227128305e+00 2.621000566764793760e+00 -5.794657555621699485e-01 -1.939797716108660586e+00 2.859834735480680123e+00 -1.422139646910047350e+00 -1.188009313172162518e+00 2.818728354647316969e+00 -2.125604600988543869e+00 -3.199302813149077496e-01 2.501705203225740082e+00 -2.621000566763941553e+00 5.794657555625615242e-01 1.939797716107360293e+00
-1.379988707795808622e+01 1.998953300492824159e+00 1.144997653785484282e+01 -1.545920799658430944e+01 6.723412407174178540e+00 7.555362680548641130e+00 -1.560527392586835127e+01 1.078973706267113997e+01 2.921177282763951943e+00 -1.422378691495108605e+01 1.379988707795391889e+01 -1.998953300495514673e+00 -1.144997653784755087e+01 1.545920799657838351e+01 -6.723412407174510719e+00 -7.555362680542272891e+00 1.560527392586125117e+01 -1.078973706266909538e+01 -2.921177282759205518e+00 1.422378691494352587e+01
-1.488952049889734175e+00 8.544003373042072802e-01 4.845442142473633806e-01 -1.424016223740617537e+00 1.189487256432565587e+00 2.569008949871665060e-02 -1.219687767907304377e+00 1.408138875256144118e+00 -4.356787602033250772e-01 -8.959677752868629996e-01 1.488952049889105789e+00 -8.544003373041203497e-01 -4.845442142468418534e-01 1.424016223739913212e+00 -1.189487256432260498e+00 -2.569008949836582012e-02 1.219687767906591391e+00 -1.408138875255652067e+00 4.356787602034619677e-01 8.959677752862158506e-01
-1.655541787358604022e+00 5.488877562085676676e-01 1.010285530831865453e+00 -1.736549627463393586e+00 1.031150990962139025e+00 5.243589367146295199e-01 -1.647571890779288672e+00 1.412477982268773191e+00 -1.289556355166215917e-02 -1.397318338117318426e+00 1.655541787358017602e+00 -5.488877562087078887e-01 -1.010285530831118939e+00 1.736549627462651291e+00 -1.031150990962014014e+00 -5.243589367140282231e-01 1.647571890778462667e+00 -1.412477982268396604e+00 1.289556355204996008e-02 1.397318338116493086e+00
-1.872028619399420180e+01 3.244968891428067881e+00 1.490559647693410383e+01 -2.076754846295661139e+01 9.508120948657111882e+00 9.590081921687421129e+00 -2.078193839234523921e+01 1.484055188045565465e+01 3.335823329917331659e+00 -1.876204739561150348e+01 1.872028619398840377e+01 -3.244968891431402547e+00 -1.490559647692443335e+01 2.076754846294851475e+01 -9.508120948657278859e+00 -9.590081921679063370e+00 2.078193839233565043e+01 -1.484055188045265261e+01 -3.335823329911206336e+00 1.876204739560138890e+01
-7.647699715242683993e+00 1.480361929885017247e+00 5.907429894358776856e+00 -8.424962271596353247e+00 3.996707254371272722e+00 3.726551107896133086e+00 -8.377530820641936771e+00 6.121827026102041103e+00 1.180891534584761926e+00 -7.510048283273405900e+00 7.647699715240269036e+00 -1.480361929886288230e+00 -5.907429894354890187e+00 8.424962271593029683e+00 -3.996707254371258067e+00 -3.726551107892800641e+00 8.377530820638032338e+00 -6.121827026100750579e+00 -1.180891534582350522e+00 7.510048283269314950e+00
2.537974027814500655e+00 -8.853766253631643046e-01 -1.497151381588404329e+00 2.645383630456998425e+00 -1.612683587688777953e+00 -7.495603715416354618e-01 2.493844651878712959e+00 -2.182129844223919868e+00 7.140283016565535101e-02 2.098190783137102500e+00 -2.537974027813589384e+00 8.853766253633532646e-01 1.497151381587278118e+00 -2.645383630455855783e+00 1.612683587688562570e+00 7.495603715407367362e-01 -2.493844651877449969e+00 2.182129844223323900e+00 -7.140283016622411827e-02 -2.098190783135848836e+00
-1.540711381622096887e+01 1.872287612776838639e+00 1.320610772253946585e+01 -1.739699833176537425e+01 7.245290384598312983e+00 8.879648658477284684e+00 -1.768394343858076923e+01 1.190907365266726181e+01 3.683987715574073452e+00 -1.623986095034835841e+01 1.540711381621641607e+01 -1.872287612780055177e+00 -1.320610772253117560e+01 1.739699833175879107e+01 -7.245290384598876976e+00 -8.879648658469985634e+00 1.768394343857281115e+01 -1.190907365266513018e+01 -3.683987715568563637e+00 1.623986095033982124e+01
-1.623906984736935399e+01 3.423583486387848041e+00 1.221440608078636281e+01 -1.778247900598285014e+01 8.690151737048909197e+00 7.566592943539110827e+00 -1.758521522167324491e+01 1.310606738783857494e+01 2.178108969426214792e+00 -1.566658804806680294e+01 1.623906984736414927e+01 -3.423583486390381125e+00 -1.221440608077822709e+01 1.778247900597576248e+01 -8.690151737048729785e+00 -7.566592943532180371e+00 1.758521522166498130e+01 -1.310606738783571146e+01 -2.178108969421258756e+00 1.566658804805819116e+01
-1.674949283185648241e+01 2.725670970846125751e+00 1.354527443332496972e+01 -1.864909607117111534e+01 8.378052845115698588e+00 8.800104260597626293e+00 -1.872319585114576412e+01 1.321033253357705206e+01 3.193518568912231625e+00 -1.696453876903343172e+01 1.674949283185134163e+01 -2.725670970849214392e+00 -1.354527443331624426e+01 1.864909607116388912e+01 -8.378052845115941949e+00 -8.800104260590053684e+00 1.872319585113717011e+01 -1.321033253357444259e+01 -3.193518568906646760e+00 1.696453876902434033e+01
