-5.518141056639668918e+00 4.879052882393153823e+00 -3.762369017658915293e+00 2.277398259511132395e+00 -5.694998921568561467e-01 -1.194145092579867118e+00 2.840898835556172841e+00 -4.209565606801911386e+00 5.166170766685831417e+00 -5.617075137098819226e+00 5.518141056629701779e+00 -4.879052882389312451e+00 3.762369017661562509e+00 -2.277398259520020840e+00 5.694998921711137418e-01 1.194145092561636368e+00 -2.840898835535745182e+00 4.209565606781295877e+00 -5.166170766667045555e+00 5.617075137083703318e+00
2.210799136667496168e+00 -2.168203998691854650e+00 1.913369946559142054e+00 -1.471241912825405729e+00 8.850984699196566829e-01 -2.123154219349691618e-01 -4.812505388368803483e-01 1.127708343797463320e+00 -1.663778198861013635e+00 2.036985851595767727e+00 -2.210799136661579567e+00 2.168203998687971534e+00 -1.913369946557670120e+00 1.471241912826491083e+00 -8.850984699231925212e-01 2.123154219406089838e-01 4.812505388296842712e-01 -1.127708343789419310e+00 1.663778198852909895e+00 -2.036985851588396290e+00
7.176854848210594717e+00 -6.612625665390787333e+00 5.401106609571939110e+00 -3.660889607087283615e+00 1.562319222944751118e+00 6.891818520563932626e-01 -2.873221005565004038e+00 4.776009268140526842e+00 -6.211288467137203284e+00 7.038563474379547991e+00 -7.176854848195225678e+00 6.612625665382859452e+00 -5.401106609572213557e+00 3.660889607095747955e+00 -1.562319222960572906e+00 -6.891818520347636756e-01 2.873221005539671413e+00 -4.776009268113984518e+00 6.211288467112048295e+00 -7.038563474358243255e+00
6.100523467810728739e+00 -5.675304410486072371e+00 4.694547015293395020e+00 -3.254254649412810618e+00 1.495413164723647714e+00 4.098097796837043005e-01 -2.274917687542156841e+00 3.917340801859972910e+00 -5.176307304773435369e+00 5.928580783242397345e+00 -6.100523467797174249e+00 5.675304410478736905e+00 -4.694547015292983794e+00 3.254254649419374701e+00 -1.495413164736541844e+00 -4.098097796657427239e-01 2.274917687520875198e+00 -3.917340801837466024e+00 5.176307304751906813e+00 -5.928580783223951656e+00
1.077090653559183764e+01 -9.912308341530341238e+00 8.083424343888991004e+00 -5.463278450941119857e+00 2.308348798318235584e+00 1.072538117893856668e+00 -4.348437530312618371e+00 7.198681579917839635e+00 -9.344268520316919791e+00 1.057517335260112112e+01 -1.077090653556887823e+01 9.912308341518574650e+00 -8.083424343889543451e+00 5.463278450953960252e+00 -2.308348798342100494e+00 -1.072538117861303375e+00 4.348437530274545715e+00 -7.198681579877992398e+00 9.344268520279200629e+00 -1.057517335256921776e+01
-8.173452476438221037e-01 5.325284312954763344e-01 -1.955840217484166588e-01 -1.605055145611866685e-01 5.008836527977220676e-01 -7.922318092367330866e-01 1.006030796384081549e+00 -1.121352479752727005e+00 1.126908369481202765e+00 -1.022154616372780600e+00 8.173452476440590253e-01 -5.325284312969951195e-01 1.955840217510648738e-01 1.605055145576643749e-01 -5.008836527936714189e-01 7.922318092325503214e-01 -1.006030796380175563e+00 1.121352479749481379e+00 -1.126908369478935024e+00 1.022154616371712788e+00
-6.648614260219564365e+00 6.143897065447142758e+00 -5.037772418862235035e+00 3.438515507696225271e+00 -1.502672741092079045e+00 -5.802621031455534872e-01 2.606396849802619098e+00 -4.377399312965851941e+00 5.719911432241588045e+00 -6.502518767563637780e+00 6.648614260205164328e+00 -6.143897065439601235e+00 5.037772418862275892e+00 -3.438515507703857832e+00 1.502672741106553023e+00 5.802621031256562922e-01 -2.606396849779234248e+00 4.377399312941281373e+00 -5.719911432218235170e+00 6.502518767543789657e+00
-7.622309736131777314e+00 6.854507790785929089e+00 -5.415738864715644141e+00 3.446839684897282208e+00 -1.140539821178571334e+00 -1.277404026843968143e+00 3.570306668520919047e+00 -5.513722817693335720e+00 6.917417361104266860e+00 -7.643986896730223357e+00 7.622309736116972267e+00 -6.854507790779360121e+00 5.415738864717936529e+00 -3.446839684908226786e+00 1.140539821197093406e+00 1.277404026819682015e+00 -3.570306668493234525e+00 5.513722817664975295e+00 -6.917417361078006977e+00 7.643986896708632628e+00
-9.397960552999061079e+00 8.425036037494603391e+00 -6.627410293964544508e+00 4.181047454980671318e+00 -1.325414560034730016e+00 -1.659959146752027603e+00 4.482844486638149384e+00 -6.866917774357505166e+00 8.578809305693479104e+00 -9.450947210109926999e+00 9.397960552981043492e+00 -8.425036037486792750e+00 6.627410293967681554e+00 -4.181047454994470947e+00 1.325414560057834645e+00 1.659959146721879497e+00 -4.482844486603894119e+00 6.866917774322510937e+00 -8.578809305661172502e+00 9.450947210083469940e+00
-8.029971801757683991e+00 7.285400471461330518e+00 -5.827683382650266530e+00 3.799512040489547715e+00 -1.399417987050417755e+00 -1.137660849278223418e+00 3.563377515129297457e+00 -5.640285962287992838e+00 7.165083921274957746e+00 -7.988513543973039255e+00 8.029971801741506710e+00 -7.285400471453703730e+00 5.827683382651919430e+00 -3.799512040500331533e+00 1.399417987069274893e+00 1.137660849253139705e+00 -3.563377515100428994e+00 5.640285962258181129e+00 -7.165083921247118681e+00 7.988513543949898654e+00
1.792964551794976913e+01 -1.633061980602793639e+01 1.313303924537732925e+01 -8.649905300128356345e+00 3.320058356672654476e+00 2.334779030937722322e+00 -7.761071979635627116e+00 1.242765712839753434e+01 -1.587773660885333626e+01 1.777359260334008084e+01 -1.792964551791307670e+01 1.633061980601021190e+01 -1.313303924538026379e+01 8.649905300151699450e+00 -3.320058356714112424e+00 -2.334779030882209838e+00 7.761071979571463331e+00 -1.242765712833103287e+01 1.587773660879100390e+01 -1.777359260328802293e+01
-4.309935943377861456e+00 3.950557653245672984e+00 -3.204471254861059659e+00 2.144708883187548931e+00 -8.750074629631122702e-01 -4.803457842708489522e-01 1.788679439373954239e+00 -2.921924688488386934e+00 3.769151590847204414e+00 -4.247427674270902287e+00 4.309935943368816247e+00 -3.950557653241137501e+00 3.204471254861468221e+00 -2.144708883192869564e+00 8.750074629728230580e-01 4.803457842576996373e-01 -1.788679439358646261e+00 2.921924688472425924e+00 -3.769151590832153342e+00 4.247427674258234198e+00
1.873992303833803419e+01 -1.704110096542914121e+01 1.367417719769615658e+01 -8.968729692262213504e+00 3.385360435739486640e+00 2.529391487423179541e+00 -8.196548948487773600e+00 1.306137108975863903e+01 -1.664765522484060511e+01 1.860435087548233923e+01 -1.873992303829993133e+01 1.704110096541091579e+01 -1.367417719769955120e+01 8.968729692286929733e+00 -3.385360435783098865e+00 -2.529391487364943458e+00 8.196548948420584679e+00 -1.306137108968910354e+01 1.664765522477553006e+01 -1.860435087542809285e+01
-6.118115339889627968e+00 5.440418969557767603e+00 -4.230176484859121899e+00 2.605854852451230386e+00 -7.264539910283517310e-01 -1.224057248537912201e+00 3.054749236108257104e+00 -4.586421084758594446e+00 5.669142082158198370e+00 -6.196927953321256233e+00 6.118115339878298364e+00 -5.440418969553169504e+00 4.230176484861690511e+00 -2.605854852460727678e+00 7.264539910438447823e-01 1.224057248517939955e+00 -3.054749236085751107e+00 4.586421084735769149e+00 -5.669142082137287098e+00 6.196927953304305348e+00
1.041793661080371747e+00 -9.847866067750166152e-01 8.313817779869938640e-01 -5.965955081923817183e-01 3.034103133308032052e-01 1.947479698335152776e-02 -3.404535784797366738e-01 6.281063916348726961e-01 -8.542757749022102942e-01 9.968226932328642098e-01 -1.041793661077916378e+00 9.847866067735925322e-01 -8.313817779867382907e-01 5.965955081933215221e-01 -3.034103133328460156e-01 -1.947479698040591178e-02 3.404535784761746342e-01 -6.281063916310449802e-01 8.542757748984913801e-01 -9.968226932296179177e-01
-6.048686348776695532e+00 5.476238417370288936e+00 -4.367738114476397371e+00 2.831693173118068341e+00 -1.018462374409778270e+00 -8.944626175492866871e-01 2.719831376414379331e+00 -4.278964089976181384e+00 5.419241985115323068e+00 -6.029046716672757711e+00 6.048686348764614529e+00 -5.476238417364672095e+00 4.367738114477779376e+00 -2.831693173126325735e+00 1.018462374424100814e+00 8.944626175303017623e-01 -2.719831376392580324e+00 4.278964089953713135e+00 -5.419241985094385150e+00 6.029046716655397375e+00
-1.248759053513303563e+01 1.133542060399618912e+01 -9.073660725623579282e+00 5.923707715518105488e+00 -2.193900921321847886e+00 -1.750660180857708248e+00 5.523854466966661825e+00 -8.756335390891006654e+00 1.113168519777901722e+01 -1.241738809849811709e+01 1.248759053510782913e+01 -1.133542060398426621e+01 9.073660725626080392e+00 -5.923707715534809459e+00 2.193900921351114697e+00 1.750660180818744749e+00 -5.523854466921795492e+00 8.756335390844650846e+00 -1.113168519773570964e+01 1.241738809846209435e+01
-2.141344331023437242e+00 1.916839106857408215e+00 -1.504700315509286401e+00 9.452709734160446020e-01 -2.933119223551537424e-01 -3.873585432898188352e-01 1.030111655831666084e+00 -1.572030262290663005e+00 1.960067593697808919e+00 -2.156239852440060556e+00 2.141344331019357838e+00 -1.916839106855659391e+00 1.504700315510034692e+00 -9.452709734192215052e-01 2.933119223604469528e-01 3.873585432829274589e-01 -1.030111655823847894e+00 1.572030262282686719e+00 -1.960067593690455467e+00 2.156239852434049364e+00
-1.420837681496115223e+01 1.279173203655527224e+01 -1.012294340117676761e+01 6.463250535000367947e+00 -2.170889674346744957e+00 -2.333972993107202853e+00 6.610370122248070857e+00 -1.023969816666564725e+01 1.286669321035798319e+01 -1.423420667509875415e+01 1.420837681493342153e+01 -1.279173203654286617e+01 1.012294340118086566e+01 -6.463250535020599763e+00 2.170889674381122347e+00 2.333972993062045642e+00 -6.610370122196533416e+00 1.023969816661279708e+01 -1.286669321030899305e+01 1.423420667505842019e+01
-1.274385082909440969e+00 1.002435199565750334e+00 -6.323599745121654125e-01 2.003849492426154066e-01 2.512051510225912221e-01 -6.782055408563339993e-01 1.038818447015128488e+00 -1.297744565706393072e+00 1.429638404388378969e+00 -1.421589275172571609e+00 1.274385082908259470e+00 -1.002435199566228397e+00 6.323599745142522988e-01 -2.003849492461106663e-01 -2.512051510180305369e-01 6.782055408511542538e-01 -1.038818447009835166e+00 1.297744565701506314e+00 -1.429638404384377282e+00 1.421589275169846234e+00
