1.703771242968794652e+01 1.685156681168732007e+01 1.022869543531193237e+01 -3.011899367816610606e-01 -1.071603099009409199e+01 -1.703771242968782929e+01 -1.685156681168746218e+01 -1.022869543531229120e+01 3.011899367812311823e-01 1.071603099009375804e+01 1.703771242968771205e+01 1.685156681168761139e+01 1.022869543531263048e+01 -3.011899367808030803e-01 -1.071603099009340987e+01 -1.703771242968759481e+01 -1.685156681168775705e+01 -1.022869543531299996e+01 3.011899367803891892e-01 1.071603099009308480e+01
1.833426824431460034e+01 3.227522159390717604e+01 3.388813728906196587e+01 2.255693635521797802e+01 2.609752415749027499e+00 -1.833426824431389335e+01 -3.227522159390687762e+01 -3.388813728906217904e+01 -2.255693635521863172e+01 -2.609752415749853505e+00 1.833426824431318636e+01 3.227522159390657208e+01 3.388813728906237799e+01 2.255693635521927476e+01 2.609752415750720367e+00 -1.833426824431250424e+01 -3.227522159390626655e+01 -3.388813728906259826e+01 -2.255693635521990359e+01 -2.609752415751525945e+00
2.011131922743897604e+01 2.993722825825041411e+01 2.832813362337418539e+01 1.589865478221787853e+01 -2.603569810344509072e+00 -2.011131922743842892e+01 -2.993722825825025780e+01 -2.832813362337448737e+01 -1.589865478221851802e+01 2.603569810343783431e+00 2.011131922743787470e+01 2.993722825825010148e+01 2.832813362337476804e+01 1.589865478221915573e+01 -2.603569810343023150e+00 -2.011131922743734179e+01 -2.993722825824994871e+01 -2.832813362337508067e+01 -1.589865478221977213e+01 2.603569810342314383e+00
1.921172575837698915e+01 3.378981139728233529e+01 3.546133755587460712e+01 2.358783805465609262e+01 2.704586137687281067e+00 -1.921172575837625374e+01 -3.378981139728202265e+01 -3.546133755587484160e+01 -2.358783805465677474e+01 -2.704586137688147041e+00 1.921172575837551122e+01 3.378981139728170291e+01 3.546133755587504055e+01 2.358783805465745331e+01 2.704586137689054759e+00 -1.921172575837479712e+01 -3.378981139728138317e+01 -3.546133755587527503e+01 -2.358783805465810701e+01 -2.704586137689898528e+00
4.490576474687649089e+00 1.185661446562056298e-01 -4.298732422718872570e+00 -7.074061313156546404e+00 -7.147339220469173249e+00 -4.490576474687795638e+00 -1.185661446563837096e-01 4.298732422718725132e+00 7.074061313156491337e+00 7.147339220469228316e+00 4.490576474687941300e+00 1.185661446565644539e-01 -4.298732422718583912e+00 -7.074061313156434494e+00 -7.147339220469286047e+00 -4.490576474688081632e+00 -1.185661446567443100e-01 4.298732422718432922e+00 7.074061313156381203e+00 7.147339220469341114e+00
-3.224342219126427711e+00 -1.319885804768877335e+01 -1.813185871471916855e+01 -1.613910563193792314e+01 -7.981762745781331603e+00 3.224342219125995168e+00 1.319885804768847670e+01 1.813185871471911526e+01 1.613910563193813630e+01 7.981762745781726842e+00 -3.224342219125561737e+00 -1.319885804768817650e+01 -1.813185871471906196e+01 -1.613910563193834946e+01 -7.981762745782139845e+00 3.224342219125145181e+00 1.319885804768787629e+01 1.813185871471900157e+01 1.613910563193855907e+01 7.981762745782525315e+00
-4.167908363782643733e+00 -1.612644118671995486e+01 -2.192522159390652803e+01 -1.934931256309407743e+01 -9.382623792125135864e+00 4.167908363782123260e+00 1.612644118671960314e+01 2.192522159390647474e+01 1.934931256309434389e+01 9.382623792125615481e+00 -4.167908363781601011e+00 -1.612644118671924787e+01 -2.192522159390641434e+01 -1.934931256309460323e+01 -9.382623792126118190e+00 4.167908363781100078e+00 1.612644118671888904e+01 2.192522159390635395e+01 1.934931256309485903e+01 9.382623792126583595e+00
-9.670288237345486593e+00 -2.247238720493895059e+01 -2.669079806859411264e+01 -2.071423125690651901e+01 -6.825532155906205212e+00 9.670288237344891513e+00 2.247238720493860953e+01 2.669079806859416237e+01 2.071423125690693823e+01 6.825532155906821608e+00 -9.670288237344296434e+00 -2.247238720493827202e+01 -2.669079806859419790e+01 -2.071423125690734324e+01 -6.825532155907467313e+00 9.670288237343719118e+00 2.247238720493793096e+01 2.669079806859424764e+01 2.071423125690774825e+01 6.825532155908069498e+00
-8.030901699439223052e+00 -1.944984471900144385e+01 -2.343960813181287506e+01 -1.847623792125034115e+01 -6.455572808999983536e+00 8.030901699438697250e+00 1.944984471900113832e+01 2.343960813181290348e+01 1.847623792125069642e+01 6.455572809000521772e+00 -8.030901699438169672e+00 -1.944984471900083278e+01 -2.343960813181292480e+01 -1.847623792125104814e+01 -6.455572809001085766e+00 8.030901699437659857e+00 1.944984471900052014e+01 2.343960813181295677e+01 1.847623792125139275e+01 6.455572809001611567e+00
2.270742052666014743e+01 5.157334422022165654e+01 6.074000333515675010e+01 4.670604565284426002e+01 1.483196601124979708e+01 -2.270742052665879740e+01 -5.157334422022091047e+01 -6.074000333515687799e+01 -4.670604565284522636e+01 -1.483196601125120573e+01 2.270742052665744382e+01 5.157334422022015730e+01 6.074000333515697747e+01 4.670604565284617138e+01 1.483196601125268188e+01 -2.270742052665614352e+01 -5.157334422021939702e+01 -6.074000333515711247e+01 -4.670604565284710219e+01 -1.483196601125405500e+01
-2.748277907313385615e+00 -8.749061313156914821e+00 -1.140800066703134519e+01 -9.709471509781332443e+00 -4.302254248593664343e+00 2.748277907313120050e+00 8.749061313156744291e+00 1.140800066703133098e+01 9.709471509781483434e+00 4.302254248593918362e+00 -2.748277907312853152e+00 -8.749061313156570208e+00 -1.140800066703131144e+01 -9.709471509781632648e+00 -4.302254248594183039e+00 2.748277907312596469e+00 8.749061313156396125e+00 1.140800066703129545e+01 9.709471509781774756e+00 4.302254248594430841e+00
1.549290836378524183e+01 4.410797101100331474e+01 5.587528790681343338e+01 4.630014395340710109e+01 1.903991869381244584e+01 -1.549290836378395753e+01 -4.410797101100250472e+01 -5.587528790681341206e+01 -4.630014395340788269e+01 -1.903991869381370350e+01 1.549290836378266789e+01 4.410797101100169471e+01 5.587528790681337654e+01 4.630014395340864297e+01 1.903991869381501800e+01 -1.549290836378142444e+01 -4.410797101100089179e+01 -5.587528790681335522e+01 -4.630014395340939615e+01 -1.903991869381624369e+01
-6.381762745782274315e+00 -1.286291569515707423e+01 -1.443087204340642771e+01 -1.048672575837525223e+01 -2.537006664343807394e+00 6.381762745781962565e+00 1.286291569515691435e+01 1.443087204340648277e+01 1.048672575837550092e+01 2.537006664344148454e+00 -6.381762745781649038e+00 -1.286291569515675448e+01 -1.443087204340653074e+01 -1.048672575837574605e+01 -2.537006664344506834e+00 6.381762745781347057e+00 1.286291569515659639e+01 1.443087204340658758e+01 1.048672575837598586e+01 2.537006664344840345e+00
1.310787504206273191e+01 1.252279373587469635e+01 7.154430856686873952e+00 -9.466814395942719784e-01 -8.686193602469089114e+00 -1.310787504206265908e+01 -1.252279373587482247e+01 -7.154430856687156393e+00 9.466814395939469051e-01 8.686193602468847530e+00 1.310787504206258625e+01 1.252279373587495037e+01 7.154430856687422846e+00 -9.466814395936236082e-01 -8.686193602468595287e+00 -1.310787504206251519e+01 -1.252279373587507827e+01 -7.154430856687712392e+00 9.466814395933100812e-01 8.686193602468359032e+00
-7.080369543532420096e+00 -1.540230223306333102e+01 -1.784107897456254577e+01 -1.346516994375008558e+01 -3.946023658718677218e+00 7.080369543532027521e+00 1.540230223306311963e+01 1.784107897456259550e+01 1.346516994375037690e+01 3.946023658719094662e+00 -7.080369543531633170e+00 -1.540230223306290469e+01 -1.784107897456263458e+01 -1.346516994375066467e+01 -3.946023658719530758e+00 7.080369543531253029e+00 1.540230223306269153e+01 1.784107897456268077e+01 1.346516994375094534e+01 3.946023658719937099e+00
-1.018647450844003899e+01 -2.809751282990831456e+01 -3.527625624968801787e+01 -2.898066877793799634e+01 -1.161545084971869635e+01 1.018647450843923075e+01 2.809751282990781718e+01 3.527625624968801787e+01 2.898066877793849372e+01 1.161545084971949393e+01 -1.018647450843841895e+01 -2.809751282990731625e+01 -3.527625624968800366e+01 -2.898066877793898399e+01 -1.161545084972032527e+01 1.018647450843764091e+01 2.809751282990681176e+01 3.527625624968800366e+01 2.898066877793946361e+01 1.161545084972110331e+01
-1.342202598441251116e-01 -2.309878040719073322e+00 -3.603240919906363082e+00 -3.520288237343880411e+00 -2.092705098312510614e+00 1.342202598440351835e-01 2.309878040719004044e+00 3.603240919906339990e+00 3.520288237343912829e+00 2.092705098312585665e+00 -1.342202598439445893e-01 -2.309878040718933878e+00 -3.603240919906316453e+00 -3.520288237343944360e+00 -2.092705098312664269e+00 1.342202598438577699e-01 2.309878040718864156e+00 3.603240919906292028e+00 3.520288237343975446e+00 2.092705098312737100e+00
-9.256637120815145892e+00 -3.017251282990867267e+01 -3.956351416396953624e+01 -3.384259780178214072e+01 -1.519495934690662864e+01 9.256637120814222186e+00 3.017251282990807226e+01 3.956351416396947940e+01 3.384259780178265231e+01 1.519495934690750616e+01 -9.256637120813294928e+00 -3.017251282990746120e+01 -3.956351416396940834e+01 -3.384259780178315680e+01 -1.519495934690842276e+01 9.256637120812403197e+00 3.017251282990685013e+01 3.956351416396935150e+01 3.384259780178365418e+01 1.519495934690928074e+01
-4.087993335656523897e+00 -4.902379873562678014e+00 -3.844223925531329300e+00 -1.317705098312577983e+00 1.712132289312548572e+00 4.087993335656459948e+00 4.902379873562684232e+00 3.844223925531405239e+00 1.317705098312692558e+00 -1.712132289312440436e+00 -4.087993335656396887e+00 -4.902379873562691337e+00 -3.844223925531476294e+00 -1.317705098312806244e+00 1.712132289312326749e+00 4.087993335656334715e+00 4.902379873562699331e+00 3.844223925531554453e+00 1.317705098312917045e+00 -1.712132289312221278e+00
-4.727912029468866351e+00 -5.765576474687523323e+00 -4.600986671312377929e+00 -1.678976341281169571e+00 1.884345884812493654e+00 4.727912029468788191e+00 5.765576474687528652e+00 4.600986671312464971e+00 1.678976341281303242e+00 -1.884345884812364869e+00 -4.727912029468711808e+00 -5.765576474687533981e+00 -4.600986671312545795e+00 -1.678976341281436024e+00 1.884345884812230310e+00 4.727912029468636312e+00 5.765576474687538422e+00 4.600986671312635501e+00 1.678976341281564810e+00 -1.884345884812104854e+00
