-7.410410196630065727e+00 4.655746418436318201e+00 -1.227457514014929918e-01 -4.457139620693058468e+00 7.334549150286061803e+00 -7.410410196626457058e+00 4.655746418434959288e+00 -1.227457514028952035e-01 -4.457139620689418713e+00 7.334549150281579166e+00 -7.410410196622849277e+00 4.655746418433595046e+00 -1.227457514043119730e-01 -4.457139620685772741e+00 7.334549150277103635e+00 -7.410410196619243273e+00 4.655746418432239686e+00 -1.227457514057005428e-01 -4.457139620682124992e+00 7.334549150272622775e+00
-7.792172942411835557e+00 5.224312563093061357e+00 -6.609423525268306454e-01 -4.154885372099281327e+00 7.383688103942531278e+00 -7.792172942407934677e+00 5.224312563091366712e+00 -6.609423525279822798e-01 -4.154885372095710849e+00 7.383688103937910086e+00 -7.792172942404033797e+00 5.224312563089667627e+00 -6.609423525291486801e-01 -4.154885372092135043e+00 7.383688103933297775e+00 -7.792172942400134694e+00 5.224312563087975647e+00 -6.609423525302859925e-01 -4.154885372088557460e+00 7.383688103928680135e+00
-9.775861046350637906e+00 6.238699100998952751e+00 -3.185661446503947891e-01 -5.723248251288279853e+00 9.578976341287406271e+00 -9.775861046345845295e+00 6.238699100997082247e+00 -3.185661446521495521e-01 -5.723248251283552968e+00 9.578976341281521201e+00 -9.775861046341054461e+00 6.238699100995203750e+00 -3.185661446539233554e-01 -5.723248251278819865e+00 9.578976341275643236e+00 -9.775861046336267179e+00 6.238699100993337687e+00 -3.185661446556600773e-01 -5.723248251274084986e+00 9.578976341269761718e+00
-8.600000000005524114e+00 5.679682106623811677e+00 -5.899186938075392517e-01 -4.725173609443110934e+00 8.235410196629763036e+00 -8.600000000001246647e+00 5.679682106622013116e+00 -5.899186938088950560e-01 -4.725173609439102584e+00 8.235410196624638246e+00 -8.599999999996970956e+00 5.679682106620205673e+00 -5.899186938102670696e-01 -4.725173609435088018e+00 8.235410196619524115e+00 -8.599999999992693489e+00 5.679682106618408888e+00 -5.899186938116071088e-01 -4.725173609431072563e+00 8.235410196614401102e+00
1.689151516154172938e+01 -1.019112695902721022e+01 -4.019253581679981258e-01 1.084145584948123187e+01 -1.713991869382265776e+01 1.689151516153364341e+01 -1.019112695902445331e+01 -4.019253581643881801e-01 1.084145584947260588e+01 -1.713991869381231936e+01 1.689151516152555743e+01 -1.019112695902168575e+01 -4.019253581607442061e-01 1.084145584946396568e+01 -1.713991869380199873e+01 1.689151516151747145e+01 -1.019112695901893595e+01 -4.019253581571654577e-01 1.084145584945532192e+01 -1.713991869379166744e+01
-4.076393202252909020e+00 2.762586804718250466e+00 -3.935661446537155328e-01 -2.125783405846730645e+00 3.833155948033871496e+00 -4.076393202250858216e+00 2.762586804717340527e+00 -3.935661446542890185e-01 -2.125783405844885898e+00 3.833155948031462756e+00 -4.076393202248808301e+00 2.762586804716427480e+00 -3.935661446548701647e-01 -2.125783405843038043e+00 3.833155948029058457e+00 -4.076393202246759273e+00 2.762586804715519317e+00 -3.935661446554361564e-01 -2.125783405841189744e+00 3.833155948026650606e+00
1.808454915029287591e+01 -1.088051349693352066e+01 -4.795084971999459267e-01 1.165637454329498368e+01 -1.838090169944893759e+01 1.808454915028422860e+01 -1.088051349693059500e+01 -4.795084971960511533e-01 1.165637454328572353e+01 -1.838090169943786023e+01 1.808454915027558130e+01 -1.088051349692765513e+01 -4.795084971921198536e-01 1.165637454327644917e+01 -1.838090169942680063e+01 1.808454915026693399e+01 -1.088051349692473657e+01 -4.795084971882585534e-01 1.165637454326717126e+01 -1.838090169941573393e+01
-5.727254248597855479e+00 3.869146285030692578e+00 -5.331559480279350893e-01 -3.006481839816547819e+00 5.397745751409914305e+00 -5.727254248594978669e+00 3.869146285029424259e+00 -5.331559480287528796e-01 -3.006481839813946344e+00 5.397745751406525905e+00 -5.727254248592102748e+00 3.869146285028151055e+00 -5.331559480295814391e-01 -3.006481839811340873e+00 5.397745751403144610e+00 -5.727254248589227714e+00 3.869146285026884513e+00 -5.331559480303886822e-01 -3.006481839808734069e+00 5.397745751399757985e+00
1.111474508438987430e+00 -9.079526825629649078e-01 3.576237921246567808e-01 3.293052317194922751e-01 -8.904508497198339034e-01 1.111474508438377917e+00 -9.079526825625916508e-01 3.576237921246612217e-01 3.293052317191103029e-01 -8.904508497192205052e-01 1.111474508437768627e+00 -9.079526825622181718e-01 3.576237921246674945e-01 3.293052317187274980e-01 -8.904508497186095495e-01 1.111474508437159558e+00 -9.079526825618451369e-01 3.576237921246699925e-01 3.293052317183445821e-01 -8.904508497179965953e-01
-5.309549150284595953e+00 3.193285238686189409e+00 1.427050983162816422e-01 -3.424186938129113678e+00 5.397745751409637194e+00 -5.309549150282056651e+00 3.193285238685331429e+00 1.427050983151370023e-01 -3.424186938126394075e+00 5.397745751406385573e+00 -5.309549150279519125e+00 3.193285238684468563e+00 1.427050983139816209e-01 -3.424186938123670032e+00 5.397745751403137504e+00 -5.309549150276981599e+00 3.193285238683612803e+00 1.427050983128467787e-01 -3.424186938120945545e+00 5.397745751399886771e+00
-1.266631189607065267e+01 7.215546818653252537e+00 9.913118960716971184e-01 -8.819523159947660673e+00 1.327897634128954429e+01 -1.266631189606472496e+01 7.215546818651532135e+00 9.913118960685713965e-01 -8.819523159940857227e+00 1.327897634128167326e+01 -1.266631189605880081e+01 7.215546818649798411e+00 9.913118960654194733e-01 -8.819523159934044898e+00 1.327897634127380933e+01 -1.266631189605287844e+01 7.215546818648081562e+00 9.913118960623172882e-01 -8.819523159927229017e+00 1.327897634126594184e+01
-2.240450849720324378e+00 1.551518827218743235e+00 -2.699593469052626316e-01 -1.114715428345001813e+00 2.073606797751167630e+00 -2.240450849719186621e+00 1.551518827218216323e+00 -2.699593469055452388e-01 -1.114715428344013715e+00 2.073606797749852682e+00 -2.240450849718049309e+00 1.551518827217687857e+00 -2.699593469058320094e-01 -1.114715428343024062e+00 2.073606797748540842e+00 -2.240450849716911996e+00 1.551518827217161389e+00 -2.699593469061105089e-01 -1.114715428342034187e+00 2.073606797747227226e+00
-1.504164078651032632e+01 9.740140287716965162e+00 -7.182372542099075829e-01 -8.578007998416909530e+00 1.459774575141563169e+01 -1.504164078650290826e+01 9.740140287713975553e+00 -7.182372542124690895e-01 -8.578007998409745483e+00 1.459774575140661490e+01 -1.504164078649549197e+01 9.740140287710971734e+00 -7.182372542150596839e-01 -8.578007998402572554e+00 1.459774575139761410e+01 -1.504164078648807745e+01 9.740140287707985678e+00 -7.182372542175935459e-01 -8.578007998395396072e+00 1.459774575138860087e+01
-1.174467844093946667e+00 6.854101966247214683e-01 6.545084971923248451e-02 -7.913118960628432452e-01 1.214918693812482076e+00 -1.174467844093391999e+00 6.854101966245487176e-01 6.545084971895873127e-02 -7.913118960622251841e-01 1.214918693811756656e+00 -1.174467844092837110e+00 6.854101966243747457e-01 6.545084971868256329e-02 -7.913118960616063458e-01 1.214918693811032124e+00 -1.174467844092282887e+00 6.854101966242023281e-01 6.545084971841097499e-02 -7.913118960609872854e-01 1.214918693810307371e+00
-1.658155948032685068e+00 1.481230589875566661e+00 -7.385254915622045946e-01 -2.862712429694700411e-01 1.201722092688287669e+00 -1.658155948031734495e+00 1.481230589874907633e+00 -7.385254915620867999e-01 -2.862712429689993066e-01 1.201722092687408594e+00 -1.658155948030784366e+00 1.481230589874248160e+00 -7.385254915619714478e-01 -2.862712429685274618e-01 1.201722092686533516e+00 -1.658155948029834237e+00 1.481230589873589132e+00 -7.385254915618507665e-01 -2.862712429680551729e-01 1.201722092685654664e+00
-1.801319660113661314e+01 1.091731689580867659e+01 3.486067977621823966e-01 -1.148137454329472185e+01 1.822864745085504268e+01 -1.801319660112797294e+01 1.091731689580569764e+01 3.486067977583812705e-01 -1.148137454328556117e+01 1.822864745084403282e+01 -1.801319660111933629e+01 1.091731689580270448e+01 3.486067977545439511e-01 -1.148137454327638807e+01 1.822864745083304072e+01 -1.801319660111069965e+01 1.091731689579973441e+01 3.486067977507760762e-01 -1.148137454326720963e+01 1.822864745082203441e+01
-6.616311896067047726e+00 4.186648117874173458e+00 -1.578270575900358463e-01 -3.931278574348216814e+00 6.518769410129128694e+00 -6.616311896063816533e+00 4.186648117872937114e+00 -1.578270575912585350e-01 -3.931278574344990062e+00 6.518769410125134556e+00 -6.616311896060585340e+00 4.186648117871694552e+00 -1.578270575924941577e-01 -3.931278574341757981e+00 6.518769410121147523e+00 -6.616311896057356812e+00 4.186648117870460872e+00 -1.578270575937046616e-01 -3.931278574338525900e+00 6.518769410117155161e+00
1.170491502813081786e+00 -7.383222260933585135e-01 2.413895365561538955e-02 6.992645786255565765e-01 -1.155572809000541490e+00 1.170491502812510687e+00 -7.383222260931415759e-01 2.413895365583398553e-02 6.992645786249838125e-01 -1.155572808999834278e+00 1.170491502811940032e+00 -7.383222260929237502e-01 2.413895365605488522e-02 6.992645786244102712e-01 -1.155572808999128176e+00 1.170491502811369378e+00 -7.383222260927072567e-01 2.413895365627132666e-02 6.992645786238365080e-01 -1.155572808998421408e+00
-1.575450849719724822e+01 9.221370877589869508e+00 8.340169943861626134e-01 -1.057083872169959093e+01 1.626995934691606038e+01 -1.575450849718979640e+01 9.221370877587530046e+00 8.340169943825169740e-01 -1.057083872169132377e+01 1.626995934690633661e+01 -1.575450849718234814e+01 9.221370877585176373e+00 8.340169943788390272e-01 -1.057083872168304239e+01 1.626995934689662704e+01 -1.575450849717490165e+01 9.221370877582842240e+00 8.340169943752226978e-01 -1.057083872167476102e+01 1.626995934688691037e+01
-1.527950849719773707e+01 9.760428525060236282e+00 -5.131966011157825802e-01 -8.930058981541918683e+00 1.496233555479058630e+01 -1.527950849719024617e+01 9.760428525057305293e+00 -5.131966011185159493e-01 -8.930058981534537921e+00 1.496233555478139010e+01 -1.527950849718275528e+01 9.760428525054363647e+00 -5.131966011212791834e-01 -8.930058981527146500e+00 1.496233555477220634e+01 -1.527950849717526793e+01 9.760428525051437987e+00 -5.131966011239843528e-01 -8.930058981519753303e+00 1.496233555476301369e+01
