-5.715450849714313719e+00 3.813776741491884614e+00 -4.553695435239102363e-01 -3.076973342628496422e+00 5.434016994374445630e+00 -5.715450849714486026e+00 3.813776741493748013e+00 -4.553695435267510749e-01 -3.076973342625755503e+00 5.434016994372854015e+00 -5.715450849714656556e+00 3.813776741495608302e+00 -4.553695435296025718e-01 -3.076973342623028795e+00 5.434016994371272169e+00 -5.715450849714823534e+00 3.813776741497476586e+00 -4.553695435324532914e-01 -3.076973342620266560e+00 5.434016994369673448e+00
2.042376207873632055e+00 -1.338854381996681608e+00 1.239356881839231150e-01 1.138322226095926482e+00 -1.965779740156669675e+00 2.042376207873713323e+00 -1.338854381997365950e+00 1.239356881849479064e-01 1.138322226094949707e+00 -1.965779740156115007e+00 2.042376207873794591e+00 -1.338854381998049181e+00 1.239356881859765280e-01 1.138322226093978040e+00 -1.965779740155563449e+00 2.042376207873874083e+00 -1.338854381998735077e+00 1.239356881870049137e-01 1.138322226092993716e+00 -1.965779740155006783e+00
7.626064311806503682e+00 -4.715295568707345453e+00 3.444185364426713414e-03 4.709722759723978136e+00 -7.623935688187188475e+00 7.626064311807047247e+00 -4.715295568710119234e+00 3.444185368367472591e-03 4.709722759720364138e+00 -7.623935688185285997e+00 7.626064311807588147e+00 -4.715295568712886798e+00 3.444185372322811252e-03 4.709722759716767904e+00 -7.623935688183393289e+00 7.626064311808121055e+00 -4.715295568715665908e+00 3.444185376277131630e-03 4.709722759713126372e+00 -7.623935688181482817e+00
5.785081306182561889e+00 -3.482875042053274139e+00 -1.496711095711364403e-01 3.725047984473170537e+00 -5.877583139031075099e+00 5.785081306183052163e+00 -3.482875042055450177e+00 -1.496711095681091119e-01 3.725047984470439388e+00 -5.877583139029686876e+00 5.785081306183541550e+00 -3.482875042057621773e+00 -1.496711095650706258e-01 3.725047984467722451e+00 -5.877583139028305759e+00 5.785081306184024719e+00 -3.482875042059802695e+00 -1.496711095620329446e-01 3.725047984464970430e+00 -5.877583139026912207e+00
9.855901699428768481e+00 -6.223906032140362754e+00 2.145898033607250843e-01 5.876692436663311092e+00 -9.723277907311906887e+00 9.855901699429361784e+00 -6.223906032143847966e+00 2.145898033657658299e-01 5.876692436658625063e+00 -9.723277907309370249e+00 9.855901699429951535e+00 -6.223906032147325185e+00 2.145898033708253105e-01 5.876692436653963014e+00 -9.723277907306849599e+00 9.855901699430532403e+00 -6.223906032150818390e+00 2.145898033758834866e-01 5.876692436649241458e+00 -9.723277907304302303e+00
-6.499999999988729238e-01 3.775831390300509738e-01 3.905764746931750936e-02 -4.407797401560079598e-01 6.741389536554900364e-01 -6.499999999989396482e-01 3.775831390303059920e-01 3.905764746897183448e-02 -4.407797401557025929e-01 6.741389536553420436e-01 -6.499999999990061506e-01 3.775831390305605662e-01 3.905764746862489672e-02 -4.407797401553988914e-01 6.741389536551950501e-01 -6.499999999990718758e-01 3.775831390308161950e-01 3.905764746827804917e-02 -4.407797401550913596e-01 6.741389536550467243e-01
-7.410410196619453771e+00 4.655746418426867983e+00 -1.227457513964766711e-01 -4.457139620692546877e+00 7.334549150281215013e+00 -7.410410196619919176e+00 4.655746418429506761e+00 -1.227457514002762984e-01 -4.457139620689026138e+00 7.334549150279323193e+00 -7.410410196620383694e+00 4.655746418432140210e+00 -1.227457514040899977e-01 -4.457139620685523163e+00 7.334549150277441143e+00 -7.410410196620840217e+00 4.655746418434784317e+00 -1.227457514079027395e-01 -4.457139620681975778e+00 7.334549150275539553e+00
-7.792172942400202196e+00 5.224312563082436967e+00 -6.609423525209905392e-01 -4.154885372098915397e+00 7.383688103937128488e+00 -7.792172942400416247e+00 5.224312563084959393e+00 -6.609423525248535602e-01 -4.154885372095175278e+00 7.383688103934944458e+00 -7.792172942400628521e+00 5.224312563087476491e+00 -6.609423525287311252e-01 -4.154885372091454698e+00 7.383688103932771973e+00 -7.792172942400835467e+00 5.224312563090005135e+00 -6.609423525326078019e-01 -4.154885372087686157e+00 7.383688103930578173e+00
-9.775861046335991844e+00 6.238699100985913404e+00 -3.185661446435182342e-01 -5.723248251287433419e+00 9.578976341280473150e+00 -9.775861046336524751e+00 6.238699100989319568e+00 -3.185661446484917558e-01 -5.723248251282778476e+00 9.578976341277920525e+00 -9.775861046337054105e+00 6.238699100992718627e+00 -3.185661446534837626e-01 -5.723248251278146626e+00 9.578976341275380335e+00 -9.775861046337576354e+00 6.238699100996132785e+00 -3.185661446584744927e-01 -5.723248251273455267e+00 9.578976341272815276e+00
-8.599999999993436006e+00 5.679682106612649939e+00 -5.899186938012342951e-01 -4.725173609443055867e+00 8.235410196624510348e+00 -8.599999999993745092e+00 5.679682106615499215e+00 -5.899186938055325236e-01 -4.725173609438938271e+00 8.235410196622151346e+00 -8.599999999994050626e+00 5.679682106618343163e+00 -5.899186938098468502e-01 -4.725173609434841993e+00 8.235410196619804779e+00 -8.599999999994350830e+00 5.679682106621200433e+00 -5.899186938141601777e-01 -4.725173609430692423e+00 8.235410196617435119e+00
1.689151516151542509e+01 -1.019112695900335375e+01 -4.019253581811597087e-01 1.084145584948061547e+01 -1.713991869381079880e+01 1.689151516151683907e+01 -1.019112695900969001e+01 -4.019253581723291613e-01 1.084145584947263785e+01 -1.713991869380673094e+01 1.689151516151825660e+01 -1.019112695901601384e+01 -4.019253581634660843e-01 1.084145584946470109e+01 -1.713991869380268795e+01 1.689151516151964572e+01 -1.019112695902236787e+01 -4.019253581546052834e-01 1.084145584945666485e+01 -1.713991869379860589e+01
-4.076393202246777925e+00 2.762586804712453770e+00 -3.935661446503249672e-01 -2.125783405846837226e+00 3.833155948031190974e+00 -4.076393202246864966e+00 2.762586804713750510e+00 -3.935661446523339713e-01 -2.125783405844877461e+00 3.833155948030031013e+00 -4.076393202246951120e+00 2.762586804715044586e+00 -3.935661446543505249e-01 -2.125783405842927465e+00 3.833155948028877269e+00 -4.076393202247034608e+00 2.762586804716344879e+00 -3.935661446563666344e-01 -2.125783405840952600e+00 3.833155948027711979e+00
1.808454915026498355e+01 -1.088051349690895542e+01 -4.795084972127321432e-01 1.165637454329319134e+01 -1.838090169943571794e+01 1.808454915026652543e+01 -1.088051349691576419e+01 -4.795084972032656601e-01 1.165637454328465417e+01 -1.838090169943138363e+01 1.808454915026806020e+01 -1.088051349692255876e+01 -4.795084971937642604e-01 1.165637454327616140e+01 -1.838090169942707064e+01 1.808454915026957721e+01 -1.088051349692938174e+01 -4.795084971842654697e-01 1.165637454326756028e+01 -1.838090169942271856e+01
-5.727254248589053631e+00 3.869146285022642573e+00 -5.331559480235094073e-01 -3.006481839816247170e+00 5.397745751405757630e+00 -5.727254248589186858e+00 3.869146285024473997e+00 -5.331559480263369233e-01 -3.006481839813494705e+00 5.397745751404134928e+00 -5.727254248589318308e+00 3.869146285026301868e+00 -5.331559480291750974e-01 -3.006481839810757339e+00 5.397745751402521996e+00 -5.727254248589445318e+00 3.869146285028137289e+00 -5.331559480320127165e-01 -3.006481839807983114e+00 5.397745751400891301e+00
1.111474508437208630e+00 -9.079526825609779417e-01 3.576237921232157668e-01 3.293052317199242629e-01 -8.904508497192292760e-01 1.111474508437102715e+00 -9.079526825612127539e-01 3.576237921237012674e-01 3.293052317193721490e-01 -8.904508497188217131e-01 1.111474508436996134e+00 -9.079526825614472330e-01 3.576237921241886553e-01 3.293052317188229772e-01 -8.904508497184167037e-01 1.111474508436890218e+00 -9.079526825616830443e-01 3.576237921246759877e-01 3.293052317182662558e-01 -8.904508497180068094e-01
-5.309549150276042795e+00 3.193285238678547522e+00 1.427050983203666523e-01 -3.424186938128694013e+00 5.397745751405597758e+00 -5.309549150276495766e+00 3.193285238680547256e+00 1.427050983175868482e-01 -3.424186938126188018e+00 5.397745751404324999e+00 -5.309549150276948737e+00 3.193285238682542548e+00 1.427050983147968022e-01 -3.424186938123694457e+00 5.397745751403061121e+00 -5.309549150277394602e+00 3.193285238684547167e+00 1.427050983120075056e-01 -3.424186938121169366e+00 5.397745751401783032e+00
-1.266631189605092089e+01 7.215546818636194182e+00 9.913118960803095625e-01 -8.819523159946065505e+00 1.327897634128010473e+01 -1.266631189605234020e+01 7.215546818641271010e+00 9.913118960735161078e-01 -8.819523159940132473e+00 1.327897634127730697e+01 -1.266631189605375418e+01 7.215546818646340732e+00 9.913118960666978952e-01 -8.819523159934229639e+00 1.327897634127452342e+01 -1.266631189605515395e+01 7.215546818651430883e+00 9.913118960598816809e-01 -8.819523159928253975e+00 1.327897634127171678e+01
-2.240450849717254833e+00 1.551518827215742968e+00 -2.699593469034071158e-01 -1.114715428345227632e+00 2.073606797749970809e+00 -2.240450849717274817e+00 1.551518827216430196e+00 -2.699593469044979654e-01 -1.114715428344146497e+00 2.073606797749313557e+00 -2.240450849717294357e+00 1.551518827217116092e+00 -2.699593469055929229e-01 -1.114715428343071135e+00 2.073606797748660746e+00 -2.240450849717312565e+00 1.551518827217805319e+00 -2.699593469066876028e-01 -1.114715428341981784e+00 2.073606797747999941e+00
-1.504164078648820180e+01 9.740140287697013122e+00 -7.182372541991250969e-01 -8.578007998416019575e+00 1.459774575140542119e+01 -1.504164078648890346e+01 9.740140287702145017e+00 -7.182372542067209098e-01 -8.578007998408839541e+00 1.459774575140140840e+01 -1.504164078648960157e+01 9.740140287707268030e+00 -7.182372542143450334e-01 -8.578007998401696810e+00 1.459774575139741870e+01 -1.504164078649028902e+01 9.740140287712414136e+00 -7.182372542219672695e-01 -8.578007998394461708e+00 1.459774575139338815e+01
-1.174467844092471847e+00 6.854101966233235865e-01 6.545084972008481661e-02 -7.913118960629633714e-01 1.214918693811985584e+00 -1.174467844092589752e+00 6.854101966237818866e-01 6.545084971946149577e-02 -7.913118960624113685e-01 1.214918693811716466e+00 -1.174467844092707436e+00 6.854101966242394095e-01 6.545084971883589897e-02 -7.913118960618622522e-01 1.214918693811448902e+00 -1.174467844092823565e+00 6.854101966246988198e-01 6.545084971821045483e-02 -7.913118960613061414e-01 1.214918693811178896e+00
