2.011131922743911105e+01 2.993722825825020095e+01 2.832813362337371998e+01 1.589865478221736517e+01 -2.603569810344861679e+00 -2.011131922743848932e+01 -2.993722825825001621e+01 -2.832813362337403618e+01 -1.589865478221807571e+01 2.603569810344041002e+00 2.011131922743786760e+01 2.993722825824982792e+01 2.832813362337436303e+01 1.589865478221877382e+01 -2.603569810343222102e+00 -2.011131922743724232e+01 -2.993722825824963962e+01 -2.832813362337467922e+01 -1.589865478221948258e+01 2.603569810342404978e+00
1.921172575837717034e+01 3.378981139728213634e+01 3.546133755587411684e+01 2.358783805465552774e+01 2.704586137686877834e+00 -1.921172575837633900e+01 -3.378981139728176686e+01 -3.546133755587434422e+01 -2.358783805465627736e+01 -2.704586137687854830e+00 1.921172575837550767e+01 3.378981139728139738e+01 3.546133755587458580e+01 2.358783805465701988e+01 2.704586137688828273e+00 -1.921172575837467633e+01 -3.378981139728102789e+01 -3.546133755587481318e+01 -2.358783805465776595e+01 -2.704586137689799941e+00
4.490576474687283159e+00 1.185661446557468857e-01 -4.298732422719248270e+00 -7.074061313156697395e+00 -7.147339220469046239e+00 -4.490576474687443032e+00 -1.185661446559467258e-01 4.298732422719083068e+00 7.074061313156632558e+00 7.147339220469106635e+00 4.490576474687603792e+00 1.185661446561474541e-01 -4.298732422718920532e+00 -7.074061313156567721e+00 -7.147339220469164367e+00 -4.490576474687763664e+00 -1.185661446563468502e-01 4.298732422718756219e+00 7.074061313156503772e+00 7.147339220469222987e+00
-3.224342219126756781e+00 -1.319885804768886928e+01 -1.813185871471899802e+01 -1.613910563193756431e+01 -7.981762745780935475e+00 3.224342219126274944e+00 1.319885804768852999e+01 1.813185871471892696e+01 1.613910563193779879e+01 7.981762745781377788e+00 -3.224342219125791331e+00 -1.319885804768819071e+01 -1.813185871471886657e+01 -1.613910563193802616e+01 -7.981762745781817436e+00 3.224342219125309494e+00 1.319885804768784965e+01 1.813185871471879551e+01 1.613910563193826064e+01 7.981762745782257973e+00
-4.167908363783016767e+00 -1.612644118672008631e+01 -2.192522159390637881e+01 -1.934931256309371506e+01 -9.382623792124714868e+00 4.167908363782437675e+00 1.612644118671968485e+01 2.192522159390630065e+01 1.934931256309399927e+01 9.382623792125251327e+00 -4.167908363781855030e+00 -1.612644118671927984e+01 -2.192522159390623671e+01 -1.934931256309427994e+01 -9.382623792125786011e+00 4.167908363781275050e+00 1.612644118671887838e+01 2.192522159390615855e+01 1.934931256309457126e+01 9.382623792126318918e+00
-9.670288237345976867e+00 -2.247238720493904651e+01 -2.669079806859378934e+01 -2.071423125690592215e+01 -6.825532155905573717e+00 9.670288237345310733e+00 2.247238720493865571e+01 2.669079806859382487e+01 2.071423125690637335e+01 6.825532155906267384e+00 -9.670288237344642823e+00 -2.247238720493826847e+01 -2.669079806859387105e+01 -2.071423125690682454e+01 -6.825532155906957499e+00 9.670288237343976689e+00 2.247238720493788477e+01 2.669079806859391013e+01 2.071423125690727929e+01 6.825532155907647613e+00
-8.030901699439628061e+00 -1.944984471900149003e+01 -2.343960813181255531e+01 -1.847623792124979403e+01 -6.455572808999431977e+00 8.030901699439040087e+00 1.944984471900113832e+01 2.343960813181257308e+01 1.847623792125018483e+01 6.455572809000036827e+00 -8.030901699438448560e+00 -1.944984471900079015e+01 -2.343960813181260150e+01 -1.847623792125056497e+01 -6.455572809000639900e+00 8.030901699437858809e+00 1.944984471900043843e+01 2.343960813181261926e+01 1.847623792125095576e+01 6.455572809001241197e+00
2.270742052666114574e+01 5.157334422022175602e+01 6.074000333515593297e+01 4.670604565284288867e+01 1.483196601124842573e+01 -2.270742052665963229e+01 -5.157334422022089626e+01 -6.074000333515603955e+01 -4.670604565284393317e+01 -1.483196601125001024e+01 2.270742052665811883e+01 5.157334422022002940e+01 6.074000333515616035e+01 4.670604565284497767e+01 1.483196601125158942e+01 -2.270742052665660893e+01 -5.157334422021916254e+01 -6.074000333515625982e+01 -4.670604565284602216e+01 -1.483196601125316505e+01
-2.748277907313562363e+00 -8.749061313156955677e+00 -1.140800066703123328e+01 -9.709471509781124610e+00 -4.302254248593444075e+00 2.748277907313265267e+00 8.749061313156756725e+00 1.140800066703121196e+01 9.709471509781288034e+00 4.302254248593728292e+00 -2.748277907312967727e+00 -8.749061313156561326e+00 -1.140800066703119064e+01 -9.709471509781447907e+00 -4.302254248594011621e+00 2.748277907312670632e+00 8.749061313156362374e+00 1.140800066703116755e+01 9.709471509781611331e+00 4.302254248594294950e+00
1.549290836378618863e+01 4.410797101100340001e+01 5.587528790681265889e+01 4.630014395340579370e+01 1.903991869381113489e+01 -1.549290836378475333e+01 -4.410797101100248341e+01 -5.587528790681259494e+01 -4.630014395340663214e+01 -1.903991869381254531e+01 1.549290836378331271e+01 4.410797101100155970e+01 5.587528790681255941e+01 4.630014395340746347e+01 1.903991869381394508e+01 -1.549290836378187386e+01 -4.410797101100064310e+01 -5.587528790681249546e+01 -4.630014395340830902e+01 -1.903991869381535196e+01
-6.381762745782515900e+00 -1.286291569515708311e+01 -1.443087204340620922e+01 -1.048672575837489873e+01 -2.537006664343462337e+00 6.381762745782165069e+00 1.286291569515690014e+01 1.443087204340626073e+01 1.048672575837517051e+01 2.537006664343846474e+00 -6.381762745781815127e+00 -1.286291569515671718e+01 -1.443087204340631757e+01 -1.048672575837544052e+01 -2.537006664344230611e+00 6.381762745781464297e+00 1.286291569515653421e+01 1.443087204340636909e+01 1.048672575837571230e+01 2.537006664344613416e+00
1.310787504206265197e+01 1.252279373587451161e+01 7.154430856686660789e+00 -9.466814395944229688e-01 -8.686193602469121089e+00 -1.310787504206256493e+01 -1.252279373587464661e+01 -7.154430856686967211e+00 9.466814395940605920e-01 8.686193602468845754e+00 1.310787504206247966e+01 1.252279373587478339e+01 7.154430856687274520e+00 -9.466814395937017679e-01 -8.686193602468568642e+00 -1.310787504206239085e+01 -1.252279373587491840e+01 -7.154430856687581830e+00 9.466814395933402793e-01 8.686193602468293307e+00
-7.080369543532678556e+00 -1.540230223306337365e+01 -1.784107897456236103e+01 -1.346516994374975873e+01 -3.946023658718343263e+00 7.080369543532238019e+00 1.540230223306312851e+01 1.784107897456240366e+01 1.346516994375007670e+01 3.946023658718812221e+00 -7.080369543531798371e+00 -1.540230223306288337e+01 -1.784107897456245340e+01 -1.346516994375039111e+01 -3.946023658719279403e+00 7.080369543531357834e+00 1.540230223306263824e+01 1.784107897456249248e+01 1.346516994375070730e+01 3.946023658719745697e+00
-1.018647450844068558e+01 -2.809751282990843535e+01 -3.527625624968758444e+01 -2.898066877793719343e+01 -1.161545084971785791e+01 1.018647450843978319e+01 2.809751282990786692e+01 3.527625624968756313e+01 2.898066877793773699e+01 1.161545084971875141e+01 -1.018647450843887725e+01 -2.809751282990729138e+01 -3.527625624968754892e+01 -2.898066877793826990e+01 -1.161545084971964137e+01 1.018647450843797309e+01 2.809751282990672294e+01 3.527625624968752760e+01 2.898066877793881346e+01 1.161545084972053132e+01
-1.342202598441841754e-01 -2.309878040719091974e+00 -3.603240919906335549e+00 -3.520288237343818238e+00 -2.092705098312441780e+00 1.342202598440840333e-01 2.309878040719013370e+00 3.603240919906307127e+00 3.520288237343852877e+00 2.092705098312525269e+00 -1.342202598439834471e-01 -2.309878040718933878e+00 -3.603240919906280482e+00 -3.520288237343887072e+00 -2.092705098312608314e+00 1.342202598438833050e-01 2.309878040718855274e+00 3.603240919906252060e+00 3.520288237343921711e+00 2.092705098312691359e+00
-9.256637120815984332e+00 -3.017251282990898886e+01 -3.956351416396923071e+01 -3.384259780178134491e+01 -1.519495934690568006e+01 9.256637120814954045e+00 3.017251282990829964e+01 3.956351416396913123e+01 3.384259780178189914e+01 1.519495934690666417e+01 -9.256637120813916653e+00 -3.017251282990760686e+01 -3.956351416396906018e+01 -3.384259780178245336e+01 -1.519495934690764294e+01 9.256637120812886366e+00 3.017251282990691763e+01 3.956351416396897491e+01 3.384259780178300758e+01 1.519495934690862349e+01
-4.087993335656653571e+00 -4.902379873562629164e+00 -3.844223925531123687e+00 -1.317705098312297762e+00 1.712132289312795930e+00 4.087993335656580740e+00 4.902379873562634494e+00 3.844223925531204955e+00 1.317705098312424772e+00 -1.712132289312672695e+00 -4.087993335656507909e+00 -4.902379873562640711e+00 -3.844223925531287556e+00 -1.317705098312550671e+00 1.712132289312549682e+00 4.087993335656435079e+00 4.902379873562646040e+00 3.844223925531368824e+00 1.317705098312677459e+00 -1.712132289312426892e+00
-4.727912029469059085e+00 -5.765576474687625463e+00 -4.600986671312352172e+00 -1.678976341281030571e+00 1.884345884812690608e+00 4.727912029468970267e+00 5.765576474687628128e+00 4.600986671312444543e+00 1.678976341281178897e+00 -1.884345884812544947e+00 -4.727912029468882338e+00 -5.765576474687630792e+00 -4.600986671312538689e+00 -1.678976341281325890e+00 1.884345884812399063e+00 4.727912029468793520e+00 5.765576474687633457e+00 4.600986671312631060e+00 1.678976341281473772e+00 -1.884345884812253624e+00
-1.232991502813019835e+01 -4.586838120762878646e+01 -6.188668477475042096e+01 -5.426637820896840481e+01 -2.591815961371744947e+01 1.232991502812856766e+01 4.586838120762766380e+01 6.188668477475022200e+01 5.426637820896922904e+01 2.591815961371897004e+01 -1.232991502812692630e+01 -4.586838120762652693e+01 -6.188668477475004437e+01 -5.426637820897003905e+01 -2.591815961372047994e+01 1.232991502812529383e+01 4.586838120762540427e+01 6.188668477474984542e+01 5.426637820897087039e+01 2.591815961372199695e+01
9.749223594983416064e-01 -1.132352915725140008e+01 -1.929677740853163215e+01 -1.989931256309401419e+01 -1.290098667131239552e+01 -9.749223594988922770e-01 1.132352915725093823e+01 1.929677740853142964e+01 1.989931256309416341e+01 1.290098667131282895e+01 9.749223594994465003e-01 -1.132352915725047460e+01 -1.929677740853124135e+01 -1.989931256309430552e+01 -1.290098667131325882e+01 -9.749223594999971709e-01 1.132352915725001452e+01 1.929677740853104240e+01 1.989931256309445118e+01 1.290098667131368870e+01
