7.515642528058901206e+00 5.537076065312744433e+00 -1.006419224033842763e+00 -6.720192820334281336e+00 -6.893641240674886816e+00 -1.383768491393670530e+00 5.266923817018489551e+00 7.575408780576765366e+00 3.638503305601587634e+00 -3.298091613676650713e+00 -7.515642528058974037e+00 -5.537076065313947915e+00 1.006419224032493176e+00 6.720192820333907413e+00 6.893641240675791870e+00 1.383768491395114708e+00 -5.266923817017704401e+00 -7.575408780577280510e+00 -3.638503305602985627e+00 3.298091613675540934e+00
1.131824566958780665e+01 1.754878304280394730e+01 9.311586066893493552e+00 -6.602357111659638456e+00 -1.707312234809753448e+01 -1.346830194193443297e+01 1.240183838314932174e+00 1.492622548252058579e+01 1.630664658372097975e+01 4.243387269993119659e+00 -1.131824566958583134e+01 -1.754878304280493850e+01 -9.311586066896644809e+00 6.602357111656937505e+00 1.707312234809750251e+01 1.346830194193710462e+01 -1.240183838311770703e+00 -1.492622548251953063e+01 -1.630664658372290532e+01 -4.243387269996404143e+00
9.904153614607730916e+00 1.409410036244104170e+01 6.664455060138367415e+00 -6.259563564610376218e+00 -1.402301335826920692e+01 -1.022547732477202764e+01 2.002243819964789395e+00 1.257925610251029269e+01 1.278555862376691543e+01 2.451069500232131659e+00 -9.904153614606286737e+00 -1.409410036244202225e+01 -6.664455060140969778e+00 6.259563564608305875e+00 1.402301335826937034e+01 1.022547732477429605e+01 -2.002243819962293614e+00 -1.257925610250961945e+01 -1.278555862376862784e+01 -2.451069500234785092e+00
1.210874994137672012e+01 2.577890077904467248e+01 1.819616545509089178e+01 -4.388025373491902137e+00 -2.335459865753862374e+01 -2.306695195473045246e+01 -3.762229691121177666e+00 1.864418569837474848e+01 2.567978448013569448e+01 1.154421150057178025e+01 -1.210874994137301641e+01 -2.577890077904510946e+01 -1.819616545509511241e+01 4.388025373487386638e+00 2.335459865753753306e+01 2.306695195473368543e+01 3.762229691126065756e+00 -1.864418569837222961e+01 -2.567978448013762360e+01 -1.154421150057652312e+01
3.618913560912822458e+00 3.168673289840415741e+00 1.060852972897958768e-01 -3.043962543376430574e+00 -3.684477880344608991e+00 -1.287400977552456194e+00 2.171047263560101026e+00 3.839620104653659993e+00 2.342696880282219674e+00 -1.085614751010662404e+00 -3.618913560912743854e+00 -3.168673289840950869e+00 -1.060852972905066416e-01 3.043962543376133478e+00 3.684477880344968703e+00 1.287400977553179171e+00 -2.171047263559614748e+00 -3.839620104653807431e+00 -2.342696880282883587e+00 1.085614751010040235e+00
-5.455569558545859010e+00 -1.404088830560678680e+01 -1.105048459169762864e+01 1.050264558236372547e+00 1.228514462837137877e+01 1.339178911143762640e+01 3.457847654656904801e+00 -9.326845399274741766e+00 -1.442221200686844540e+01 -7.627481646871094867e+00 5.455569558543642117e+00 1.404088830560676726e+01 1.105048459169982422e+01 -1.050264558233774848e+00 -1.228514462837051902e+01 -1.339178911143921269e+01 -3.457847654659628400e+00 9.326845399273121728e+00 1.442221200686926963e+01 7.627481646873657262e+00
-6.104853739611201036e+00 -1.466063487016123723e+01 -1.112975619224036450e+01 1.576821767341544334e+00 1.298342135291474087e+01 1.368610542374383776e+01 3.105560505878941058e+00 -1.003530009282867042e+01 -1.490276329966727076e+01 -7.483948879071637528e+00 6.104853739608956609e+00 1.466063487016130651e+01 1.112975619224269330e+01 -1.576821767338881353e+00 -1.298342135291393973e+01 -1.368610542374555727e+01 -3.105560505881762801e+00 1.003530009282706992e+01 1.490276329966821223e+01 7.483948879074320715e+00
-8.943696490381165987e+00 -1.803982017334513088e+01 -1.226338401342041173e+01 3.623347640769263300e+00 1.652288462776644096e+01 1.580046817829352257e+01 2.051679721268875323e+00 -1.338857401311484807e+01 -1.779089242953967442e+01 -7.525874377296115192e+00 8.943696490378659547e+00 1.803982017334553944e+01 1.226338401342340845e+01 -3.623347640766160005e+00 -1.652288462776578726e+01 -1.580046817829585848e+01 -2.051679721272270385e+00 1.338857401311318540e+01 1.779089242954112038e+01 7.525874377299443196e+00
-9.084988253598481833e+00 -1.711831830987618019e+01 -1.103880183958890093e+01 4.141428461297186558e+00 1.590734298553873316e+01 1.455877475881889893e+01 1.207523203824955482e+00 -1.313924609680046096e+01 -1.665363336770692371e+01 -6.438274084447932921e+00 9.084988253596208096e+00 1.711831830987670244e+01 1.103880183959179817e+01 -4.141428461294315078e+00 -1.590734298553824999e+01 -1.455877475882120642e+01 -1.207523203828144931e+00 1.313924609679901145e+01 1.665363336770841229e+01 6.438274084451102830e+00
2.039758285890098932e+01 4.042842169883217451e+01 2.712887723716938382e+01 -8.536513796309312951e+00 -3.716415106809361646e+01 -3.515256602728187119e+01 -4.160168714054694128e+00 3.026199439294227744e+01 3.973527673231374280e+01 1.644962492508739160e+01 -2.039758285889542933e+01 -4.042842169883317638e+01 -2.712887723717613397e+01 8.536513796302401147e+00 3.716415106809223090e+01 3.515256602728715762e+01 4.160168714062283613e+00 -3.026199439293862525e+01 -3.973527673231703972e+01 -1.644962492509485585e+01
-4.509111142796706773e+00 -7.268487534109509873e+00 -4.035508415246017222e+00 2.524462870141876092e+00 7.003192505304786764e+00 5.708283677025005609e+00 -2.927025827903476651e-01 -6.052376199969236481e+00 -6.822292360545612944e+00 -1.967709472743581323e+00 4.509111142795855898e+00 7.268487534109880244e+00 4.035508415247305969e+00 -2.524462870140735671e+00 -7.003192505304733473e+00 -5.708283677026085634e+00 2.927025827890283871e-01 6.052376199968760417e+00 6.822292360546376777e+00 1.967709472744938681e+00
1.839926160932287758e+01 4.180114852505764134e+01 3.074093565451072507e+01 -5.663011286270403843e+00 -3.739820468978233947e+01 -3.830121507146936466e+01 -7.627574038002473245e+00 2.933446401085585364e+01 4.211230469697431289e+01 2.017151927100246311e+01 -1.839926160931665322e+01 -4.180114852505807477e+01 -3.074093565451746102e+01 5.663011286262930710e+00 3.739820468978027890e+01 3.830121507147441662e+01 7.627574038010465962e+00 -2.933446401085149802e+01 -4.211230469697719059e+01 -2.017151927101012987e+01
-6.726536209858005932e+00 -1.105756524599778068e+01 -6.272411345860899878e+00 3.683903475179620468e+00 1.060309961302022508e+01 8.780787687063348557e+00 -2.806646010856639339e-01 -9.110728713780849475e+00 -1.042963935011055909e+01 -3.150047679667918210e+00 6.726536209856688764e+00 1.105756524599831359e+01 6.272411345862848542e+00 -3.683903475177869424e+00 -1.060309961302011139e+01 -8.780787687064970370e+00 2.806646010836499894e-01 9.110728713780096300e+00 1.042963935011169241e+01 3.150047679669981449e+00
4.590123102462126958e+00 1.612990137613946384e+00 -2.693939472496742482e+00 -4.779905922618353564e+00 -2.925176944824430247e+00 1.341154185590784920e+00 4.501798247505674588e+00 3.951027051769232301e+00 1.429126173715531412e-01 -3.783023194054229599e+00 -4.590123102462571936e+00 -1.612990137614839448e+00 2.693939472496132748e+00 4.779905922618534753e+00 2.925176944825250924e+00 -1.341154185589997994e+00 -4.501798247505574224e+00 -3.951027051769898435e+00 -1.429126173724409865e-01 3.783023194053862337e+00
-6.388215380572877855e+00 -1.171784100999762401e+01 -7.386932888196560576e+00 3.033980587285105557e+00 1.095359097809241433e+01 9.842737885848460877e+00 6.172413648720794788e-01 -9.117127143095160591e+00 -1.133506712084588486e+01 -4.208043431662190414e+00 6.388215380571351076e+00 1.171784100999802192e+01 7.386932888198558977e+00 -3.033980587283160002e+00 -1.095359097809212123e+01 -9.842737885850064927e+00 -6.172413648742538506e-01 9.117127143094203134e+00 1.133506712084693824e+01 4.208043431664362011e+00
-1.182477662345586467e+01 -2.482983759441821547e+01 -1.736444808617739000e+01 4.416704595911170372e+00 2.255659573659563932e+01 2.210016403587795253e+01 3.423705250472071082e+00 -1.807535712703046471e+01 -2.467256194884902598e+01 -1.092897897258204232e+01 1.182477662345232794e+01 2.482983759441867022e+01 1.736444808618146851e+01 -4.416704595906839614e+00 -2.255659573659462325e+01 -2.210016403588109313e+01 -3.423705250476769990e+00 1.807535712702806663e+01 2.467256194885091602e+01 1.092897897258661288e+01
-1.765494154955955075e+00 -3.531156641286494757e+00 -2.385629439609802116e+00 7.266810372116452310e-01 3.239894233197054163e+00 3.082043061309778231e+00 3.832646835394953877e-01 -2.631488403891680150e+00 -3.476764834311966812e+00 -1.455693786703734727e+00 1.765494154955466799e+00 3.531156641286579134e+00 2.385629439610389646e+00 -7.266810372110396044e-01 -3.239894233196928930e+00 -3.082043061310238308e+00 -3.832646835401590790e-01 2.631488403891357741e+00 3.476764834312251917e+00 1.455693786704386206e+00
-1.257315790785268561e+01 -2.930052011219139985e+01 -2.187166930503844497e+01 3.588830791151774058e+00 2.609059292906303895e+01 2.708250070338816329e+01 5.746796088241873157e+00 -2.032673672618692606e+01 -2.964230823801154457e+01 -1.451988652623567866e+01 1.257315790784826603e+01 2.930052011219162722e+01 2.187166930504313100e+01 -3.588830791146497390e+00 -2.609059292906152550e+01 -2.708250070339165916e+01 -5.746796088247492662e+00 2.032673672618380678e+01 2.964230823801349857e+01 1.451988652624104859e+01
-2.757603764735595320e+00 -4.210379677242508834e+00 -2.191994396934707101e+00 1.633535717990560965e+00 4.112330805190478777e+00 3.200799081687556669e+00 -3.495658136559283147e-01 -3.611738341632745986e+00 -3.896287251046197664e+00 -9.686220280876309818e-01 2.757603764735128582e+00 4.210379677242755747e+00 2.191994396935466938e+00 -1.633535717989917924e+00 -4.112330805190481442e+00 -3.200799081688203707e+00 3.495658136551718087e-01 3.611738341632501736e+00 3.896287251046668842e+00 9.686220280884197953e-01
1.059643753608184191e+00 7.075940836018715929e-01 -2.278170197069940839e-01 -9.754090524118752548e-01 -9.188450922135902310e-01 -1.047581362770800273e-01 7.956945170909689447e-01 1.040153141229214429e+00 4.270788359895048014e-01 -5.380918585074749849e-01 -1.059643753608211059e+00 -7.075940836020478963e-01 2.278170197068126734e-01 9.754090524118395056e-01 9.188450922137290089e-01 1.047581362772798119e-01 -7.956945170908739096e-01 -1.040153141229301692e+00 -4.270788359897032538e-01 5.380918585073313221e-01
