-1.349151516153273000e+01 -4.156858447309176086e+01 -5.376786738015144351e+01 -4.542965245059048840e+01 -1.973885438199908293e+01 1.349151516153135688e+01 4.156858447309180349e+01 5.376786738015288591e+01 4.542965245059279766e+01 1.973885438200137799e+01 -1.349151516152998020e+01 -4.156858447309184612e+01 -5.376786738015434253e+01 -4.542965245059512114e+01 -1.973885438200360198e+01 1.349151516152860530e+01 4.156858447309187454e+01 5.376786738015579203e+01 4.542965245059740909e+01 1.973885438200586862e+01
-1.084171842700185451e+01 -3.999550983124834147e+01 -5.387237587733910260e+01 -4.717182539299673749e+01 -2.245324091990516990e+01 1.084171842700036947e+01 3.999550983124825621e+01 5.387237587734045974e+01 4.717182539299902544e+01 2.245324091990752180e+01 -1.084171842699888444e+01 -3.999550983124817805e+01 -5.387237587734181687e+01 -4.717182539300131339e+01 -2.245324091990979554e+01 1.084171842699739940e+01 3.999550983124808567e+01 5.387237587734317401e+01 4.717182539300358002e+01 2.245324091991211546e+01
-1.218634888347091305e+01 -4.411440486634213443e+01 -5.919225758374505375e+01 -5.166067977499659492e+01 -2.439647817412392072e+01 1.218634888346929657e+01 4.411440486634205627e+01 5.919225758374655300e+01 5.166067977499911024e+01 2.439647817412649644e+01 -1.218634888346767298e+01 -4.411440486634198521e+01 -5.919225758374805224e+01 -5.166067977500163266e+01 -2.439647817412899400e+01 1.218634888346605294e+01 4.411440486634189995e+01 5.919225758374955149e+01 5.166067977500412667e+01 2.439647817413153774e+01
1.772320026681291338e+01 3.478026224699798519e+01 3.855244618646501920e+01 2.759890603215394478e+01 6.103521825874595130e+00 -1.772320026681224903e+01 -3.478026224699839020e+01 -3.855244618646634081e+01 -2.759890603215568561e+01 -6.103521825876093487e+00 1.772320026681158467e+01 3.478026224699879521e+01 3.855244618646766952e+01 2.759890603215744420e+01 6.103521825877542106e+00 -1.772320026681092031e+01 -3.478026224699920022e+01 -3.855244618646899823e+01 -2.759890603215917437e+01 -6.103521825879022700e+00
1.821086471203136625e+01 3.164817061077934213e+01 3.299695101796547192e+01 2.174201766140443937e+01 2.182372542187406950e+00 -1.821086471203091861e+01 -3.164817061077983595e+01 -3.299695101796671537e+01 -2.174201766140596348e+01 -2.182372542188632636e+00 1.821086471203047097e+01 3.164817061078032623e+01 3.299695101796796592e+01 2.174201766140750181e+01 2.182372542189819242e+00 -1.821086471203002333e+01 -3.164817061078081295e+01 -3.299695101796920937e+01 -2.174201766140901881e+01 -2.182372542191034270e+00
-5.531762745781323432e+00 -1.034488170640558913e+01 -1.120660746478004555e+01 -7.787790070186890290e+00 -1.394301566031277417e+00 5.531762745781145796e+00 1.034488170640572591e+01 1.120660746478044523e+01 7.787790070187401881e+00 1.394301566031705963e+00 -5.531762745780968160e+00 -1.034488170640586091e+01 -1.120660746478084668e+01 -7.787790070187917024e+00 -1.394301566032119855e+00 5.531762745780788748e+00 1.034488170640599591e+01 1.120660746478124459e+01 7.787790070188424174e+00 1.394301566032544404e+00
-9.296478174124510829e+00 -1.263148183981142481e+01 -1.114168877096754073e+01 -5.396149283687148746e+00 2.410535821593373207e+00 9.296478174124485960e+00 1.263148183981174100e+01 1.114168877096807186e+01 5.396149283687696752e+00 -2.410535821593017047e+00 -9.296478174124461091e+00 -1.263148183981205364e+01 -1.114168877096861010e+01 -5.396149283688254528e+00 2.410535821592674655e+00 9.296478174124436222e+00 1.263148183981236450e+01 1.114168877096914301e+01 5.396149283688799869e+00 -2.410535821592319827e+00
-7.137867710688464484e+00 -2.643259413609224850e+01 -3.563096801234033251e+01 -3.121952315993500449e+01 -1.488328157299915233e+01 7.137867710687482159e+00 2.643259413609219166e+01 3.563096801234122779e+01 3.121952315993651794e+01 1.488328157300070664e+01 -7.137867710686498057e+00 -2.643259413609213482e+01 -3.563096801234212307e+01 -3.121952315993803140e+01 -1.488328157300221299e+01 7.137867710685513956e+00 2.643259413609207442e+01 3.563096801234301836e+01 3.121952315993953420e+01 1.488328157300374599e+01
-2.719959346906215103e+00 -5.002912029468413735e+00 -5.374922359499448632e+00 -3.693895035093511137e+00 -6.019253581563397404e-01 2.719959346906132502e+00 5.002912029468481236e+00 5.374922359499641367e+00 3.693895035093757162e+00 6.019253581565440214e-01 -2.719959346906049902e+00 -5.002912029468550514e+00 -5.374922359499836766e+00 -3.693895035094004964e+00 -6.019253581567414191e-01 2.719959346905967301e+00 5.002912029468618016e+00 5.374922359500031277e+00 3.693895035094249213e+00 6.019253581569437017e-01
-2.749467844093675506e+00 -4.524264578624643818e+00 -4.570946018218267071e+00 -2.871681439593534169e+00 -7.553215590629647203e-02 2.749467844093623103e+00 4.524264578624722866e+00 4.570946018218446483e+00 2.871681439593747776e+00 7.553215590646233935e-02 -2.749467844093570257e+00 -4.524264578624801914e+00 -4.570946018218627671e+00 -2.871681439593963603e+00 -7.553215590662198942e-02 2.749467844093516966e+00 4.524264578624879185e+00 4.570946018218807971e+00 2.871681439594175878e+00 7.553215590678652447e-02
1.566718427001188907e+00 1.339295634824976844e+01 2.010354015431082786e+01 1.913525491562364422e+01 1.085795268256183199e+01 -1.566718427000535208e+00 -1.339295634824962100e+01 -2.010354015431124708e+01 -1.913525491562447201e+01 -1.085795268256275392e+01 1.566718426999882396e+00 1.339295634824947534e+01 2.010354015431165919e+01 1.913525491562529623e+01 1.085795268256364920e+01 -1.566718426999228697e+00 -1.339295634824932613e+01 -2.010354015431207841e+01 -1.913525491562611691e+01 -1.085795268256455870e+01
8.895491502813486662e+00 2.587218393946759321e+01 3.296658147443458375e+01 2.746886537906044978e+01 1.147897634128058719e+01 -8.895491502812669538e+00 -2.587218393946764650e+01 -3.296658147443548614e+01 -2.746886537906187442e+01 -1.147897634128198163e+01 8.895491502811850637e+00 2.587218393946770689e+01 3.296658147443640274e+01 2.746886537906330261e+01 1.147897634128333522e+01 -8.895491502811031737e+00 -2.587218393946775308e+01 -3.296658147443731224e+01 -2.746886537906471304e+01 -1.147897634128471367e+01
-1.509290836378312051e+01 -4.658641519637277639e+01 -6.028549483796327024e+01 -5.095756448005863604e+01 -2.216557647468614789e+01 1.509290836378158041e+01 4.658641519637281903e+01 6.028549483796489028e+01 5.095756448006122952e+01 2.216557647468872361e+01 -1.509290836378003320e+01 -4.658641519637286876e+01 -6.028549483796651032e+01 -5.095756448006383010e+01 -2.216557647469121761e+01 1.509290836377848954e+01 4.658641519637290429e+01 6.028549483796814457e+01 5.095756448006639516e+01 2.216557647469376136e+01
5.843033988750310215e+00 1.107750549853081878e+01 1.208074641843652763e+01 8.469552815968123483e+00 1.623277907312286494e+00 -5.843033988750114816e+00 -1.107750549853096089e+01 -1.208074641843695218e+01 -8.469552815968672377e+00 -1.623277907312750568e+00 5.843033988749917640e+00 1.107750549853110122e+01 1.208074641843738029e+01 8.469552815969226600e+00 1.623277907313199098e+00 -5.843033988749720464e+00 -1.107750549853123978e+01 -1.208074641843780661e+01 -8.469552815969771942e+00 -1.623277907313658730e+00
-1.255225424859518846e+01 -3.492436054756095842e+01 -4.395654815271479521e+01 -3.619882839165333621e+01 -1.461438653790511744e+01 1.255225424859412442e+01 3.492436054756105790e+01 4.395654815271603155e+01 3.619882839165524757e+01 1.461438653790696485e+01 -1.255225424859306038e+01 -3.492436054756116448e+01 -4.395654815271727500e+01 -3.619882839165716604e+01 -1.461438653790875719e+01 1.255225424859199634e+01 3.492436054756127106e+01 4.395654815271851845e+01 3.619882839165904898e+01 1.461438653791058329e+01
-9.706433855344666739e+00 -2.573902799143654718e+01 -3.194018827218493684e+01 -2.594128224002971805e+01 -1.003368810393723010e+01 9.706433855343917116e+00 2.573902799143665021e+01 3.194018827218586054e+01 2.594128224003110716e+01 1.003368810393856236e+01 -9.706433855343167494e+00 -2.573902799143675679e+01 -3.194018827218678069e+01 -2.594128224003250693e+01 -1.003368810393985378e+01 9.706433855342419648e+00 2.573902799143685627e+01 3.194018827218770440e+01 2.594128224003388183e+01 1.003368810394117006e+01
-1.108057280900128916e+01 -3.154001466274868548e+01 -3.995224292099655372e+01 -3.310407231021644492e+01 -1.361127124296802293e+01 1.108057280900031216e+01 3.154001466274876719e+01 3.995224292099766927e+01 3.310407231021817864e+01 1.361127124296970869e+01 -1.108057280899932984e+01 -3.154001466274884891e+01 -3.995224292099878483e+01 -3.310407231021991237e+01 -1.361127124297134294e+01 1.108057280899834929e+01 3.154001466274892351e+01 3.995224292099990038e+01 3.310407231022162478e+01 1.361127124297300739e+01
-4.665983005625553126e+00 -1.449328523868679319e+01 -1.878464511921700364e+01 -1.590090903081130236e+01 -6.943566144655888728e+00 4.665983005625070845e+00 1.449328523868680385e+01 1.878464511921751168e+01 1.590090903081210882e+01 6.943566144656690753e+00 -4.665983005624587676e+00 -1.449328523868681629e+01 -1.878464511921801616e+01 -1.590090903081291884e+01 -6.943566144657469685e+00 4.665983005624105395e+00 1.449328523868682694e+01 1.878464511921852065e+01 1.590090903081371820e+01 6.943566144658261940e+00
-5.090983005625452584e+00 -1.427558014037425771e+01 -1.800739087062327570e+01 -1.486099033699891514e+01 -6.038196601124768748e+00 5.090983005625015601e+00 1.427558014037429679e+01 1.800739087062378374e+01 1.486099033699969496e+01 6.038196601125527252e+00 -5.090983005624576840e+00 -1.427558014037433765e+01 -1.800739087062429178e+01 -1.486099033700047833e+01 -6.038196601126261776e+00 5.090983005624139857e+00 1.427558014037437673e+01 1.800739087062479626e+01 1.486099033700125283e+01 6.038196601127010510e+00
-1.824999999999834754e+00 -3.407952682562022773e+00 -3.689183272436936889e+00 -2.561271242968528927e+00 -4.550406530938349015e-01 1.824999999999776801e+00 3.407952682562067626e+00 3.689183272437068339e+00 2.561271242968697237e+00 4.550406530939756777e-01 -1.824999999999718181e+00 -3.407952682562112923e+00 -3.689183272437200234e+00 -2.561271242968866879e+00 -4.550406530941121241e-01 1.824999999999659783e+00 3.407952682562156888e+00 3.689183272437332128e+00 2.561271242969033857e+00 4.550406530942516792e-01
