6.549999999996408917e+00 4.699999999993569766e+00 -6.549999999996689581e+00 -4.699999999994208366e+00 6.549999999996971134e+00 4.699999999994850519e+00 -6.549999999997254463e+00 -4.699999999995492672e+00 6.549999999997533351e+00 4.699999999996123279e+00 -6.549999999997813127e+00 -4.699999999996777866e+00 6.549999999998100897e+00 4.699999999997406697e+00 -6.549999999998371791e+00 -4.699999999998039080e+00 6.549999999998660449e+00 4.699999999998692779e+00 -6.549999999998948219e+00 -4.699999999999322498e+00
1.129999999999524896e+01 1.054999999998707239e+01 -1.129999999999562554e+01 -1.054999999998835669e+01 1.129999999999600391e+01 1.054999999998964633e+01 -1.129999999999638582e+01 -1.054999999999093419e+01 1.129999999999675886e+01 1.054999999999220606e+01 -1.129999999999713367e+01 -1.054999999999351701e+01 1.129999999999752447e+01 1.054999999999478533e+01 -1.129999999999787796e+01 -1.054999999999605720e+01 1.129999999999827409e+01 1.054999999999736637e+01 -1.129999999999866489e+01 -1.054999999999863824e+01
8.499999999992959854e-01 -9.999999999992903454e-01 -8.499999999994034550e-01 9.999999999993275379e-01 8.499999999995110356e-01 -9.999999999993645083e-01 -8.499999999996180611e-01 9.999999999994010347e-01 8.499999999997260858e-01 -9.999999999994392264e-01 -8.499999999998339995e-01 9.999999999994746425e-01 8.499999999999401368e-01 -9.999999999995129452e-01 -8.500000000000498268e-01 9.999999999995511368e-01 8.500000000001560752e-01 -9.999999999995864419e-01 -8.500000000002623235e-01 9.999999999996246336e-01
-6.999999999997493560e+00 -7.349999999991387867e+00 6.999999999997692512e+00 7.349999999992243183e+00 -6.999999999997890576e+00 -7.349999999993103827e+00 6.999999999998093081e+00 7.349999999993962696e+00 -6.999999999998285816e+00 -7.349999999994810906e+00 6.999999999998482103e+00 7.349999999995683986e+00 -6.999999999998689937e+00 -7.349999999996530420e+00 6.999999999998871125e+00 7.349999999997379518e+00 -6.999999999999080735e+00 -7.349999999998251710e+00 6.999999999999288569e+00 7.349999999999098144e+00
-6.749999999997773337e+00 -7.949999999991072208e+00 6.749999999997926103e+00 7.949999999991962163e+00 -6.749999999998079758e+00 -7.949999999992855670e+00 6.749999999998236966e+00 7.949999999993748290e+00 -6.749999999998384403e+00 -7.949999999994630251e+00 6.749999999998535394e+00 7.949999999995537081e+00 -6.749999999998699707e+00 -7.949999999996416378e+00 6.749999999998833822e+00 7.949999999997300115e+00 -6.749999999998999911e+00 -7.949999999998205169e+00 6.749999999999162448e+00 7.949999999999086242e+00
-9.099999999996114752e+00 -8.949999999989730171e+00 9.099999999996397193e+00 8.949999999990797761e+00 -9.099999999996683187e+00 -8.949999999991870681e+00 9.099999999996972733e+00 8.949999999992941824e+00 -9.099999999997251621e+00 -8.949999999993998756e+00 9.099999999997530509e+00 8.949999999995089439e+00 -9.099999999997827160e+00 -8.949999999996144595e+00 9.099999999998091837e+00 8.949999999997201527e+00 -9.099999999998390265e+00 -8.949999999998290434e+00 9.099999999998685141e+00 8.949999999999347366e+00
-8.149999999996580868e+00 -7.849999999990587618e+00 8.149999999996843769e+00 7.849999999991530863e+00 -8.149999999997104894e+00 -7.849999999992480326e+00 8.149999999997371347e+00 7.849999999993428013e+00 -8.149999999997628919e+00 -7.849999999994361488e+00 8.149999999997888267e+00 7.849999999995326050e+00 -8.149999999998160050e+00 -7.849999999996257749e+00 8.149999999998403410e+00 7.849999999997193001e+00 -8.149999999998678746e+00 -7.849999999998155786e+00 8.149999999998950528e+00 7.849999999999091038e+00
1.719999999999227214e+01 1.704999999997943405e+01 -1.719999999999280504e+01 -1.704999999998146620e+01 1.719999999999333440e+01 1.704999999998350191e+01 -1.719999999999387441e+01 -1.704999999998554117e+01 1.719999999999439666e+01 1.704999999998754490e+01 -1.719999999999492246e+01 -1.704999999998961613e+01 1.719999999999547668e+01 1.704999999999161986e+01 -1.719999999999596696e+01 -1.704999999999363069e+01 1.719999999999652474e+01 1.704999999999569837e+01 -1.719999999999707896e+01 -1.704999999999770566e+01
-4.149999999998001954e+00 -3.349999999995556088e+00 4.149999999998164490e+00 3.349999999995988187e+00 -4.149999999998326139e+00 -3.349999999996423394e+00 4.149999999998489564e+00 3.349999999996857269e+00 -4.149999999998649436e+00 -3.349999999997284483e+00 4.149999999998811084e+00 3.349999999997727240e+00 -4.149999999998977174e+00 -3.349999999998154010e+00 4.149999999999130829e+00 3.349999999998582112e+00 -4.149999999999297806e+00 -3.349999999999023537e+00 4.149999999999464784e+00 3.349999999999451195e+00
1.789999999999271196e+01 1.794999999997813234e+01 -1.789999999999325553e+01 -1.794999999998025686e+01 1.789999999999380265e+01 1.794999999998239204e+01 -1.789999999999435332e+01 -1.794999999998452367e+01 1.789999999999488622e+01 1.794999999998663043e+01 -1.789999999999542268e+01 -1.794999999998880114e+01 1.789999999999599112e+01 1.794999999999090079e+01 -1.789999999999649560e+01 -1.794999999999300755e+01 1.789999999999706759e+01 1.794999999999517826e+01 -1.789999999999763602e+01 -1.794999999999728146e+01
-5.149999999997789679e+00 -5.049999999993618260e+00 5.149999999997952216e+00 5.049999999994222222e+00 -5.149999999998113864e+00 -5.049999999994827959e+00 5.149999999998278177e+00 5.049999999995433697e+00 -5.149999999998436273e+00 -5.049999999996030553e+00 5.149999999998596145e+00 5.049999999996646061e+00 -5.149999999998764011e+00 -5.049999999997242028e+00 5.149999999998915001e+00 5.049999999997839772e+00 -5.149999999999082867e+00 -5.049999999998455280e+00 5.149999999999251621e+00 5.049999999999052136e+00
3.099999999997816946e+00 -3.000000000013387513e-01 -3.099999999998061639e+00 3.000000000012248424e-01 3.099999999998305888e+00 -3.000000000011093793e-01 -3.099999999998550138e+00 3.000000000009934720e-01 3.099999999998795275e+00 -3.000000000008835599e-01 -3.099999999999039524e+00 3.000000000007623235e-01 3.099999999999283773e+00 -3.000000000006524115e-01 -3.099999999999528910e+00 3.000000000005420553e-01 3.099999999999773159e+00 -3.000000000004210410e-01 -3.100000000000017408e+00 3.000000000003106848e-01
-6.049999999997595523e+00 -5.599999999993166000e+00 6.049999999997800693e+00 5.599999999993849897e+00 -6.049999999998004974e+00 -5.599999999994536459e+00 6.049999999998212807e+00 5.599999999995223909e+00 -6.049999999998413536e+00 -5.599999999995900701e+00 6.049999999998616040e+00 5.599999999996597921e+00 -6.049999999998827427e+00 -5.599999999997273825e+00 6.049999999999019273e+00 5.599999999997951505e+00 -6.049999999999231548e+00 -5.599999999998648725e+00 6.049999999999443823e+00 5.599999999999325517e+00
-1.214999999999505143e+01 -1.174999999998574296e+01 1.214999999999544045e+01 1.174999999998715339e+01 -1.214999999999582947e+01 -1.174999999998857092e+01 1.214999999999622204e+01 1.174999999998998845e+01 -1.214999999999660396e+01 -1.174999999999138467e+01 1.214999999999698943e+01 1.174999999999282529e+01 -1.214999999999739266e+01 -1.174999999999421796e+01 1.214999999999775504e+01 1.174999999999561595e+01 -1.214999999999816005e+01 -1.174999999999705480e+01 1.214999999999856506e+01 1.174999999999845102e+01
-2.399999999998803091e+00 -1.649999999997773248e+00 2.399999999998909672e+00 1.649999999998001510e+00 -2.399999999999015809e+00 -1.649999999998231548e+00 2.399999999999123279e+00 1.649999999998461364e+00 -2.399999999999228528e+00 -1.649999999998686961e+00 2.399999999999334221e+00 1.649999999998921441e+00 -2.399999999999443023e+00 -1.649999999999146816e+00 2.399999999999545164e+00 1.649999999999372857e+00 -2.399999999999653966e+00 -1.649999999999606892e+00 2.399999999999762323e+00 1.649999999999832934e+00
-1.344999999999528306e+01 -1.444999999998323581e+01 1.344999999999565077e+01 1.444999999998490381e+01 -1.344999999999601670e+01 -1.444999999998658247e+01 1.344999999999638973e+01 1.444999999998825757e+01 -1.344999999999674678e+01 -1.444999999998991136e+01 1.344999999999710916e+01 1.444999999999161311e+01 -1.344999999999749463e+01 -1.444999999999326512e+01 1.344999999999782858e+01 1.444999999999491891e+01 -1.344999999999821760e+01 -1.444999999999661888e+01 1.344999999999860130e+01 1.444999999999827267e+01
-8.499999999998052447e-01 -1.599999999998847899e+00 8.499999999997982503e-01 1.599999999999004663e+00 -8.499999999997909228e-01 -1.599999999999162092e+00 8.499999999997847056e-01 1.599999999999318856e+00 -8.499999999997764899e-01 -1.599999999999474509e+00 8.499999999997689404e-01 1.599999999999633493e+00 -8.499999999997639444e-01 -1.599999999999789146e+00 8.499999999997531752e-01 1.599999999999944800e+00 -8.499999999997485123e-01 -1.600000000000103562e+00 8.499999999997434053e-01 1.600000000000259215e+00
-2.099999999999358380e+00 -2.049999999998482370e+00 2.099999999999424993e+00 2.049999999998727507e+00 -2.099999999999491163e+00 -2.049999999998974420e+00 2.099999999999558220e+00 2.049999999999220446e+00 -2.099999999999623057e+00 -2.049999999999463363e+00 2.099999999999688782e+00 2.049999999999713385e+00 -2.099999999999758060e+00 -2.049999999999956302e+00 2.099999999999819789e+00 2.050000000000198774e+00 -2.099999999999889067e+00 -2.050000000000449241e+00 2.099999999999958344e+00 2.050000000000691713e+00
-1.804999999999310134e+01 -1.894999999997787654e+01 1.804999999999361293e+01 1.894999999998008278e+01 -1.804999999999412452e+01 -1.894999999998230322e+01 1.804999999999464677e+01 1.894999999998451301e+01 -1.804999999999514415e+01 -1.894999999998670148e+01 1.804999999999564864e+01 1.894999999998895390e+01 -1.804999999999618510e+01 -1.894999999999113527e+01 1.804999999999665761e+01 1.894999999999332374e+01 -1.804999999999719407e+01 -1.894999999999556906e+01 1.804999999999773053e+01 1.894999999999775753e+01
-7.199999999997771738e+00 -7.449999999991055333e+00 7.199999999997980460e+00 7.449999999991927524e+00 -7.199999999998188294e+00 -7.449999999992803268e+00 7.199999999998401456e+00 7.449999999993679012e+00 -7.199999999998605738e+00 -7.449999999994543209e+00 7.199999999998811795e+00 7.449999999995433164e+00 -7.199999999999030287e+00 -7.449999999996295585e+00 7.199999999999222133e+00 7.449999999997160671e+00 -7.199999999999441513e+00 -7.449999999998048850e+00 7.199999999999660893e+00 7.449999999998912159e+00
