5.688680772555167131e+00 1.762771741751252508e+00 -6.778133623366071170e+00 2.426345217777570173e+00 5.278569810339476476e+00 -5.688680772557002108e+00 -1.762771741751606225e+00 6.778133623368121086e+00 -2.426345217778478780e+00 -5.278569810340963286e+00 5.688680772558833532e+00 1.762771741751969490e+00 -6.778133623370171890e+00 2.426345217779383390e+00 5.278569810342450097e+00 -5.688680772560655186e+00 -1.762771741752321430e+00 6.778133623372222694e+00 -2.426345217780299102e+00 -5.278569810343948454e+00
1.093827424161082718e+01 3.435188602719335460e+00 -1.306133755585913114e+01 4.637161945337298086e+00 1.019541386230446811e+01 -1.093827424161435324e+01 -3.435188602720029571e+00 1.306133755586308531e+01 -4.637161945339037139e+00 -1.019541386230734226e+01 1.093827424161787931e+01 3.435188602720741446e+00 -1.306133755586703771e+01 4.637161945340769975e+00 1.019541386231021640e+01 -1.093827424162138229e+01 -3.435188602721431561e+00 1.306133755587098833e+01 -4.637161945342523239e+00 -1.019541386231311009e+01
-5.405764746865688863e-01 -9.435661446553638143e-01 1.123732422717395041e+00 2.490613131558098159e-01 -1.277660779530515711e+00 5.405764746867661730e-01 9.435661446556264931e-01 -1.123732422717753865e+00 -2.490613131558514493e-01 1.277660779530899626e+00 -5.405764746869632376e-01 -9.435661446558900600e-01 1.123732422718112911e+00 2.490613131558939708e-01 -1.277660779531283985e+00 5.405764746871563053e-01 9.435661446561525167e-01 -1.123732422718472179e+00 -2.490613131559342719e-01 1.277660779531668345e+00
-7.025657780865568469e+00 -2.801141952311813288e+00 8.756858714708496194e+00 -2.610894368058837678e+00 -7.143237254213397058e+00 7.025657780867851976e+00 2.801141952312433681e+00 -8.756858714711160729e+00 2.610894368059856419e+00 7.143237254215430099e+00 -7.025657780870133706e+00 -2.801141952313066952e+00 8.756858714713823488e+00 -2.610894368060871162e+00 -7.143237254217461363e+00 7.025657780872398561e+00 2.801141952313686012e+00 -8.756858714716489800e+00 2.610894368061899673e+00 7.143237254219506838e+00
-6.907091636209063523e+00 -3.548558813280126678e+00 9.100221593895184924e+00 -2.075687436902847516e+00 -7.817376207869080496e+00 6.907091636211331931e+00 3.548558813280970892e+00 -9.100221593897970251e+00 2.075687436903718375e+00 7.817376207871327587e+00 -6.907091636213597674e+00 -3.548558813281828428e+00 9.100221593900759132e+00 -2.075687436904583905e+00 -7.817376207873572902e+00 6.907091636215845654e+00 3.548558813282671309e+00 -9.100221593903548012e+00 2.075687436905464978e+00 7.817376207875832428e+00
-7.154711762645270312e+00 -3.577612795062114159e+00 9.365798068581211666e+00 -2.210768743089210453e+00 -7.999467844087230439e+00 7.154711762647617768e+00 3.577612795062960149e+00 -9.365798068584078706e+00 2.210768743090128829e+00 7.999467844089527269e+00 -7.154711762649962559e+00 -3.577612795063818574e+00 9.365798068586945746e+00 -2.210768743091041433e+00 -7.999467844091822322e+00 7.154711762652288698e+00 3.577612795064663231e+00 -9.365798068589811010e+00 2.210768743091970023e+00 7.999467844094131586e+00
-7.919098300551778102e+00 -3.350155280999793650e+00 9.989608131800729041e+00 -2.823762078745471360e+00 -8.244427190994052523e+00 7.919098300554358261e+00 3.350155281000550378e+00 -9.989608131803773716e+00 2.823762078746587800e+00 8.244427190996404420e+00 -7.919098300556934866e+00 -3.350155281001320873e+00 9.989608131806818392e+00 -2.823762078747699356e+00 -8.244427190998754540e+00 7.919098300559492820e+00 3.350155281002075380e+00 -9.989608131809861291e+00 2.823762078748826898e+00 8.244427191001120647e+00
1.806757947332004477e+01 5.901655779781882494e+00 -2.171500333512999603e+01 7.518954347146107331e+00 1.706803398873720568e+01 -1.806757947332587833e+01 -5.901655779783094857e+00 2.171500333513657210e+01 -7.518954347148942396e+00 -1.706803398874202671e+01 1.806757947333170833e+01 5.901655779784338307e+00 -2.171500333514314818e+01 7.518954347151766804e+00 1.706803398874684419e+01 -1.806757947333749925e+01 -5.901655779785545342e+00 2.171500333514972425e+01 -7.518954347154624962e+00 -1.706803398875169719e+01
-4.201722092681948517e+00 -1.425938686843873038e+00 5.083000667025434183e+00 -1.715528490216303936e+00 -4.022745751403503434e+00 4.201722092683307430e+00 1.425938686844171022e+00 -5.083000667026975172e+00 1.715528490216954305e+00 4.022745751404641190e+00 -4.201722092684663679e+00 -1.425938686844475889e+00 5.083000667028515274e+00 -1.715528490217602231e+00 -4.022745751405778059e+00 4.201722092686011933e+00 1.425938686844772540e+00 -5.083000667030056263e+00 1.715528490218258373e+00 4.022745751406923809e+00
1.823209163619437589e+01 6.542028988999223138e+00 -2.227528790678553960e+01 7.224856046584018365e+00 1.781008130617378882e+01 -1.823209163620027695e+01 -6.542028989000620243e+00 2.227528790679230397e+01 -7.224856046586782377e+00 -1.781008130617883722e+01 1.823209163620617801e+01 6.542028989002048434e+00 -2.227528790679906123e+01 7.224856046589534841e+00 1.781008130618388208e+01 -1.823209163621203999e+01 -6.542028989003440209e+00 2.227528790680582205e+01 -7.224856046592323722e+00 -1.781008130618895891e+01
-5.543237254211463849e+00 -1.962084304843474181e+00 6.755872043398209570e+00 -2.213274241621911109e+00 -5.387993335651937166e+00 5.543237254213257970e+00 1.962084304843890514e+00 -6.755872043400259486e+00 2.213274241622756211e+00 5.387993335653463056e+00 -5.543237254215050314e+00 -1.962084304844317062e+00 6.755872043402308513e+00 -2.213274241623597316e+00 -5.387993335654988947e+00 5.543237254216832000e+00 1.962084304844732063e+00 -6.755872043404358429e+00 2.213274241624449967e+00 5.387993335656524607e+00
1.592124957935970198e+00 -2.227937358735639917e-01 -1.454430856685724249e+00 1.121681439592065788e+00 7.611936024680385771e-01 -1.592124957936462248e+00 2.227937358736762352e-01 1.454430856686146578e+00 -1.121681439592438156e+00 -7.611936024682310897e-01 1.592124957936954077e+00 -2.227937358737860363e-01 -1.454430856686568907e+00 1.121681439592809859e+00 7.611936024684227142e-01 -1.592124957937445462e+00 2.227937358738988904e-01 1.454430856686991014e+00 -1.121681439593183782e+00 -7.611936024686188906e-01
-5.794630456461159262e+00 -2.097697766937461683e+00 7.091078974554072545e+00 -2.284830056246792918e+00 -5.678976341276975148e+00 5.794630456463037760e+00 2.097697766937910657e+00 -7.091078974556225489e+00 2.284830056247668217e+00 5.678976341278584528e+00 -5.794630456464912704e+00 -2.097697766938369845e+00 7.091078974558377546e+00 -2.284830056248539965e+00 -5.678976341280193019e+00 5.794630456466776103e+00 2.097697766938817932e+00 -7.091078974560530490e+00 2.284830056249423702e+00 5.678976341281813056e+00
-1.186352549154654312e+01 -4.227487170093338520e+00 1.447625624966998004e+01 -4.719331222055977548e+00 -1.155954915027234442e+01 1.186352549155038361e+01 4.227487170094238245e+00 -1.447625624967437297e+01 4.719331222057780550e+00 1.155954915027562002e+01 -1.186352549155422054e+01 -4.227487170095158397e+00 1.447625624967876590e+01 -4.719331222059577335e+00 -1.155954915027889207e+01 1.186352549155803437e+01 4.227487170096055458e+00 -1.447625624968315883e+01 4.719331222061396325e+00 1.155954915028218899e+01
-2.090779740153335009e+00 -4.651219592814977988e-01 2.378240919903522155e+00 -1.004711762654753038e+00 -1.757294901686308641e+00 2.090779740154003363e+00 4.651219592815737935e-01 -2.378240919904236694e+00 1.004711762655116969e+00 1.757294901686798250e+00 -2.090779740154671718e+00 -4.651219592816535076e-01 2.378240919904952122e+00 -1.004711762655480012e+00 -1.757294901687287192e+00 2.090779740155336075e+00 4.651219592817290027e-01 -2.378240919905666662e+00 1.004711762655846385e+00 1.757294901687781241e+00
-1.339336287916912482e+01 -6.302487170092108570e+00 1.728851416394812190e+01 -4.382402198211869049e+00 -1.458004065308282726e+01 1.339336287917350887e+01 6.302487170093575841e+00 -1.728851416395340479e+01 4.382402198213653399e+00 1.458004065308700348e+01 -1.339336287917788582e+01 -6.302487170095067093e+00 1.728851416395868767e+01 -4.382402198215427980e+00 -1.458004065309117792e+01 1.339336287918222901e+01 6.302487170096530811e+00 -1.728851416396397056e+01 4.382402198217230982e+00 1.458004065309537545e+01
-1.237006664342399365e+00 3.523798735619535494e-01 1.019223925529855190e+00 -9.822949016865876182e-01 -4.121322893118845032e-01 1.237006664342776396e+00 -3.523798735620936595e-01 -1.019223925530145625e+00 9.822949016869064742e-01 4.121322893119779285e-01 -1.237006664343152984e+00 3.523798735622318268e-01 1.019223925530435615e+00 -9.822949016872251082e-01 -4.121322893120706321e-01 1.237006664343530238e+00 -3.523798735623724365e-01 -1.019223925530725827e+00 9.822949016875448525e-01 4.121322893121671660e-01
-6.470879705299592555e-01 -7.344235253127026075e-01 1.100986671310842269e+00 5.397634128202954962e-02 -1.134345884811637450e+00 6.470879705301836315e-01 7.344235253129003382e-01 -1.100986671311188436e+00 -5.397634128201422854e-02 1.134345884811973626e+00 -6.470879705304077856e-01 -7.344235253130992902e-01 1.100986671311534604e+00 5.397634128199968462e-02 -1.134345884812309802e+00 6.470879705306287200e-01 7.344235253132970209e-01 -1.100986671311880771e+00 -5.397634128198314230e-02 1.134345884812646643e+00
-1.792008497185046423e+01 -7.631618792373758176e+00 2.263668477472242202e+01 -6.358621791022117442e+00 -1.870684038626747281e+01 1.792008497185630134e+01 7.631618792375484794e+00 -2.263668477472932139e+01 6.358621791024636316e+00 1.870684038627280543e+01 -1.792008497186213489e+01 -7.631618792377243388e+00 2.263668477473621721e+01 -6.358621791027142756e+00 -1.870684038627814161e+01 1.792008497186792582e+01 7.631618792378966454e+00 -2.263668477474311658e+01 6.358621791029686499e+00 1.870684038628350976e+01
-7.074922359490472878e+00 -2.826470842749000845e+00 8.821777408520912189e+00 -2.625687436902970351e+00 -7.199013328682229762e+00 7.074922359492772372e+00 2.826470842749627455e+00 -8.821777408523594488e+00 2.625687436903995753e+00 7.199013328684277013e+00 -7.074922359495070090e+00 -2.826470842750266499e+00 8.821777408526280340e+00 -2.625687436905016270e+00 -7.199013328686325153e+00 7.074922359497351820e+00 2.826470842750891777e+00 -8.821777408528964415e+00 2.625687436906050998e+00 7.199013328688386615e+00
