9.744098300565276816e+00 1.719890603215124969e+01 8.854101966203246077e-01 -1.665169243665431864e+01 -1.117672209268287631e+01 9.744098300564211002e+00 1.719890603215213076e+01 8.854101966219312114e-01 -1.665169243665420495e+01 -1.117672209268441463e+01 9.744098300563146964e+00 1.719890603215301184e+01 8.854101966235410348e-01 -1.665169243665409482e+01 -1.117672209268595296e+01 9.744098300562081150e+00 1.719890603215388936e+01 8.854101966251508582e-01 -1.665169243665398469e+01 -1.117672209268749484e+01
-6.500000000005141665e-01 -1.802583139031356918e+00 -4.640576474684016128e-01 1.515779740156570687e+00 1.400861046343707228e+00 -6.500000000003818279e-01 -1.802583139031414428e+00 -4.640576474685693675e-01 1.515779740156524280e+00 1.400861046343846894e+00 -6.500000000002497114e-01 -1.802583139031471715e+00 -4.640576474687373998e-01 1.515779740156478095e+00 1.400861046343985894e+00 -6.500000000001171507e-01 -1.802583139031529225e+00 -4.640576474689053765e-01 1.515779740156432132e+00 1.400861046344125338e+00
-6.739589803377136867e+00 -1.155574641843446138e+01 -4.022542485905822307e-01 1.130713962068654510e+01 7.390450849715883841e+00 -6.739589803376433430e+00 -1.155574641843507244e+01 -4.022542485916619781e-01 1.130713962068648648e+01 7.390450849716929227e+00 -6.739589803375728216e+00 -1.155574641843567996e+01 -4.022542485927440015e-01 1.130713962068642786e+01 7.390450849717973725e+00 -6.739589803375023003e+00 -1.155574641843628925e+01 -4.022542485938260248e-01 1.130713962068637102e+01 7.390450849719019999e+00
-6.282827057596016118e+00 -1.204931256309079401e+01 -1.164057647465587708e+00 1.132988537209290847e+01 8.166311896059685438e+00 -6.282827057595239850e+00 -1.204931256309135890e+01 -1.164057647466712142e+00 1.132988537209277702e+01 8.166311896060731712e+00 -6.282827057594463582e+00 -1.204931256309192378e+01 -1.164057647467839018e+00 1.132988537209264734e+01 8.166311896061777986e+00 -6.282827057593686426e+00 -1.204931256309249044e+01 -1.164057647468965673e+00 1.132988537209251945e+01 8.166311896062824260e+00
-9.049138953658490081e+00 -1.343869910099605214e+01 7.435661446598708091e-01 1.389824825127974961e+01 7.846023658715311377e+00 -9.049138953657738682e+00 -1.343869910099687459e+01 7.435661446586130374e-01 1.389824825127979224e+01 7.846023658716597460e+00 -9.049138953656987283e+00 -1.343869910099769527e+01 7.435661446573522682e-01 1.389824825127983843e+01 7.846023658717885318e+00 -9.049138953656235884e+00 -1.343869910099851772e+01 7.435661446560916099e-01 1.389824825127988461e+01 7.846023658719171401e+00
-8.600000000002037126e+00 -1.287968210662132762e+01 6.399186938158222260e-01 1.327517360943610747e+01 7.564589803371799981e+00 -8.600000000001312372e+00 -1.287968210662210744e+01 6.399186938146168568e-01 1.327517360943614122e+01 7.564589803373028332e+00 -8.600000000000587619e+00 -1.287968210662288726e+01 6.399186938134088232e-01 1.327517360943618030e+01 7.564589803374257571e+00 -8.599999999999862865e+00 -1.287968210662366886e+01 6.399186938122005675e-01 1.327517360943621760e+01 7.564589803375487698e+00
1.918348483847285735e+01 2.776612695902309724e+01 -2.023074641850997057e+00 -2.901645584946541589e+01 -1.591008130618038408e+01 1.918348483847132968e+01 2.776612695902483807e+01 -2.023074641848397803e+00 -2.901645584946555090e+01 -1.591008130618307170e+01 1.918348483846980557e+01 2.776612695902658245e+01 -2.023074641845791888e+00 -2.901645584946568590e+01 -1.591008130618575933e+01 1.918348483846828145e+01 2.776612695902832684e+01 -2.023074641843185972e+00 -2.901645584946582446e+01 -1.591008130618844696e+01
-4.523606797750840514e+00 -6.237586804716906741e+00 6.685661446577559897e-01 6.650783405842972229e+00 3.441844051967226648e+00 -4.523606797750510111e+00 -6.237586804717318856e+00 6.685661446571716793e-01 6.650783405843021967e+00 3.441844051967842599e+00 -4.523606797750179709e+00 -6.237586804717730082e+00 6.685661446565859256e-01 6.650783405843074370e+00 3.441844051968459439e+00 -4.523606797749848418e+00 -6.237586804718142197e+00 6.685661446560000609e-01 6.650783405843124996e+00 3.441844051969075835e+00
1.814045084972361721e+01 2.948051349692928014e+01 7.950849717959945773e-02 -2.943137454327818503e+01 -1.826909830055502582e+01 1.814045084972187638e+01 2.948051349693092504e+01 7.950849718235565577e-02 -2.943137454327812108e+01 -1.826909830055774364e+01 1.814045084972012845e+01 2.948051349693256640e+01 7.950849718511791842e-02 -2.943137454327806424e+01 -1.826909830056046857e+01 1.814045084971838406e+01 2.948051349693421130e+01 7.950849718788015330e-02 -2.943137454327800384e+01 -1.826909830056319350e+01
-5.447745751407577330e+00 -9.044146285028887178e+00 -1.418440519666482880e-01 8.956481839811587520e+00 5.677254248591734331e+00 -5.447745751407035542e+00 -9.044146285029381005e+00 -1.418440519674936395e-01 8.956481839811557322e+00 5.677254248592562114e+00 -5.447745751406494641e+00 -9.044146285029874832e+00 -1.418440519683408230e-01 8.956481839811528900e+00 5.677254248593390784e+00 -5.447745751405951076e+00 -9.044146285030366883e+00 -1.418440519691880064e-01 8.956481839811500478e+00 5.677254248594218566e+00
2.788525491562332981e+00 2.557952682561277058e+00 -1.207623792125428031e+00 -3.304305231717902913e+00 -8.345491502804421868e-01 2.788525491562249492e+00 2.557952682561533297e+00 -1.207623792125186890e+00 -3.304305231718009495e+00 -8.345491502807501627e-01 2.788525491562166003e+00 2.557952682561789537e+00 -1.207623792124944639e+00 -3.304305231718116520e+00 -8.345491502810580275e-01 2.788525491562082514e+00 2.557952682562045776e+00 -1.207623792124702611e+00 -3.304305231718223990e+00 -8.345491502813660034e-01
-5.365450849720276416e+00 -8.993285238684965321e+00 -1.927050983100205284e-01 8.874186938124074331e+00 5.677254248591389718e+00 -5.365450849719733739e+00 -8.993285238685450267e+00 -1.927050983108610227e-01 8.874186938124040580e+00 5.677254248592210395e+00 -5.365450849719192838e+00 -8.993285238685935212e+00 -1.927050983117033212e-01 8.874186938124005053e+00 5.677254248593030184e+00 -5.365450849718651050e+00 -8.993285238686420158e+00 -1.927050983125456474e-01 8.874186938123973079e+00 5.677254248593850861e+00
-1.188368810394064923e+01 -1.889054681865091823e+01 2.086881039426086160e-01 1.901952315993543863e+01 1.154602365871399883e+01 -1.188368810393954611e+01 -1.889054681865199470e+01 2.086881039408420568e-01 1.901952315993542086e+01 1.154602365871575742e+01 -1.188368810393844122e+01 -1.889054681865307117e+01 2.086881039390715009e-01 1.901952315993540665e+01 1.154602365871751779e+01 -1.188368810393733810e+01 -1.889054681865415120e+01 2.086881039373010005e-01 1.901952315993539600e+01 1.154602365871927816e+01
-2.184549150281679619e+00 -2.976518827217826679e+00 3.449593469069998641e-01 3.189715428343363968e+00 1.626393202249243108e+00 -2.184549150281523300e+00 -2.976518827218025187e+00 3.449593469067209761e-01 3.189715428343390169e+00 1.626393202249538872e+00 -2.184549150281366980e+00 -2.976518827218224139e+00 3.449593469064414220e-01 3.189715428343417258e+00 1.626393202249834413e+00 -2.184549150281210217e+00 -2.976518827218423091e+00 3.449593469061618123e-01 3.189715428343443460e+00 1.626393202250130177e+00
-1.235835921350410871e+01 -2.251514028771290299e+01 -1.556762745775256196e+00 2.155300799840437165e+01 1.487725424858831502e+01 -1.235835921350269295e+01 -2.251514028771401499e+01 -1.556762745777358514e+00 2.155300799840418691e+01 1.487725424859030454e+01 -1.235835921350127720e+01 -2.251514028771513054e+01 -1.556762745779465273e+00 2.155300799840400217e+01 1.487725424859229406e+01 -1.235835921349985966e+01 -2.251514028771624609e+01 -1.556762745781572033e+00 2.155300799840382098e+01 1.487725424859428713e+01
-5.321559063938647791e-04 1.458980337526623663e-02 9.549150281486886924e-03 -8.688103937626520668e-03 -1.491869381273229836e-02 -5.321559063952603641e-04 1.458980337526616031e-02 9.549150281488233069e-03 -8.688103937625609938e-03 -1.491869381273308419e-02 -5.321559063966568165e-04 1.458980337526608224e-02 9.549150281489582684e-03 -8.688103937624699208e-03 -1.491869381273387002e-02 -5.321559063980532689e-04 1.458980337526600418e-02 9.549150281490930564e-03 -8.688103937623791947e-03 -1.491869381273465411e-02
-1.266844051969131080e+00 -5.312305898744897892e-01 9.385254915630347750e-01 1.111271242968688844e+00 -2.517220926880114895e-01 -1.266844051969152396e+00 -5.312305898746073618e-01 9.385254915629834827e-01 1.111271242968774553e+00 -2.517220926879070175e-01 -1.266844051969173712e+00 -5.312305898747249344e-01 9.385254915629318573e-01 1.111271242968860484e+00 -2.517220926878023235e-01 -1.266844051969195029e+00 -5.312305898748426181e-01 9.385254915628802319e-01 1.111271242968946416e+00 -2.517220926876978515e-01
-1.823680339888024093e+01 -2.966731689580446485e+01 -9.860679774185281132e-02 2.960637454327854101e+01 1.839635254914873030e+01 -1.823680339887848234e+01 -2.966731689580612041e+01 -9.860679774462642599e-02 2.960637454327847351e+01 1.839635254915147300e+01 -1.823680339887672730e+01 -2.966731689580776887e+01 -9.860679774740614689e-02 2.960637454327841311e+01 1.839635254915420859e+01 -1.823680339887496871e+01 -2.966731689580942088e+01 -9.860679775018588167e-02 2.960637454327835272e+01 1.839635254915694773e+01
-5.833688103940067649e+00 -1.213664811787207576e+01 -1.667172942402705527e+00 1.110627857434310428e+01 8.531230589871899639e+00 -5.833688103939257630e+00 -1.213664811787259801e+01 -1.667172942403837288e+00 1.110627857434292842e+01 8.531230589872924597e+00 -5.833688103938447611e+00 -1.213664811787312203e+01 -1.667172942404971270e+00 1.110627857434275256e+01 8.531230589873947778e+00 -5.833688103937637592e+00 -1.213664811787364428e+01 -1.667172942406105252e+00 1.110627857434257848e+01 8.531230589874972736e+00
1.729508497188321670e+00 4.013322226092821410e+00 7.508610463425625658e-01 -3.549264578624823585e+00 -2.944427190998917254e+00 1.729508497188043004e+00 4.013322226092975953e+00 7.508610463429366000e-01 -3.549264578624746758e+00 -2.944427190999244104e+00 1.729508497187764338e+00 4.013322226093129608e+00 7.508610463433110782e-01 -3.549264578624670374e+00 -2.944427190999570954e+00 1.729508497187485005e+00 4.013322226093284151e+00 7.508610463436856675e-01 -3.549264578624593547e+00 -2.944427190999897803e+00
