9.617376207841154212e+00 -6.224438188046418574e+00 4.539763412871967718e-01 5.489889037758691082e+00 -9.336803398847974833e+00 9.617376207852423420e+00 -6.224438188049352227e+00 4.539763412806531728e-01 5.489889037772189617e+00 -9.336803398863276371e+00 9.617376207863689075e+00 -6.224438188052276999e+00 4.539763412741540383e-01 5.489889037785657067e+00 -9.336803398878592120e+00 9.617376207874956506e+00 -6.224438188055199994e+00 4.539763412676196541e-01 5.489889037799154714e+00 -9.336803398893898986e+00
-3.261803398863343251e+00 2.057749417088211352e+00 -6.770509831444371240e-02 -1.948200266804894776e+00 3.219959346896950958e+00 -3.261803398867098913e+00 2.057749417089080879e+00 -6.770509831208613993e-02 -1.948200266809570813e+00 3.219959346902160569e+00 -3.261803398870855020e+00 2.057749417089946853e+00 -6.770509830974373588e-02 -1.948200266814236636e+00 3.219959346907375508e+00 -3.261803398874611570e+00 2.057749417090813271e+00 -6.770509830738929979e-02 -1.948200266818912230e+00 3.219959346912586451e+00
-5.715450849698844316e+00 3.813776741490105593e+00 -4.553695435338829256e-01 -3.076973342612719264e+00 5.434016994359734731e+00 -5.715450849705679737e+00 3.813776741492119537e+00 -4.553695435302915762e-01 -3.076973342620529905e+00 5.434016994368783493e+00 -5.715450849712515158e+00 3.813776741494127709e+00 -4.553695435267264835e-01 -3.076973342628322783e+00 5.434016994377842913e+00 -5.715450849719351467e+00 3.813776741496135880e+00 -4.553695435231406297e-01 -3.076973342636132980e+00 5.434016994386895227e+00
2.042376207867976579e+00 -1.338854381996202880e+00 1.239356881878635325e-01 1.138322226089829137e+00 -1.965779740151030630e+00 2.042376207870389315e+00 -1.338854381996866127e+00 1.239356881865180532e-01 1.138322226092664202e+00 -1.965779740154273370e+00 2.042376207872802940e+00 -1.338854381997527154e+00 1.239356881851819414e-01 1.138322226095493050e+00 -1.965779740157519884e+00 2.042376207875217009e+00 -1.338854381998188181e+00 1.239356881838384050e-01 1.138322226098328116e+00 -1.965779740160763733e+00
7.626064311786324268e+00 -4.715295568706832086e+00 3.444185380210566805e-03 4.709722759700674111e+00 -7.623935688166152858e+00 7.626064311794988448e+00 -4.715295568708639529e+00 3.444185374450381074e-03 4.709722759711781670e+00 -7.623935688178369752e+00 7.626064311803652629e+00 -4.715295568710438978e+00 3.444185368725828297e-03 4.709722759722866137e+00 -7.623935688190598192e+00 7.626064311812318586e+00 -4.715295568712238428e+00 3.444185362973053305e-03 4.709722759733973696e+00 -7.623935688202818639e+00
5.785081306168084581e+00 -3.482875042053825698e+00 -1.496711095584901674e-01 3.725047984455317707e+00 -5.877583139015447600e+00 5.785081306174542526e+00 -3.482875042054975001e+00 -1.496711095631038935e-01 3.725047984463917494e+00 -5.877583139024751269e+00 5.785081306181000471e+00 -3.482875042056118087e+00 -1.496711095676904191e-01 3.725047984472499518e+00 -5.877583139034062931e+00 5.785081306187459305e+00 -3.482875042057261172e+00 -1.496711095722984830e-01 3.725047984481097973e+00 -5.877583139043368377e+00
9.855901699402547678e+00 -6.223906032139431055e+00 2.145898033808548988e-01 5.876692436633396355e+00 -9.723277907284863630e+00 9.855901699413903927e+00 -6.223906032142073386e+00 2.145898033737472788e-01 5.876692436647513951e+00 -9.723277907300602152e+00 9.855901699425261953e+00 -6.223906032144705058e+00 2.145898033666854832e-01 5.876692436661601349e+00 -9.723277907316358437e+00 9.855901699436619978e+00 -6.223906032147336731e+00 2.145898033595873555e-01 5.876692436675716280e+00 -9.723277907332102288e+00
-6.499999999975558662e-01 3.775831390303277524e-01 3.905764746786119512e-02 -4.407797401541556082e-01 6.741389536540094429e-01 -6.499999999982647436e-01 3.775831390304245083e-01 3.905764746841523805e-02 -4.407797401551471483e-01 6.741389536550599360e-01 -6.499999999989736210e-01 3.775831390305204871e-01 3.905764746896618622e-02 -4.407797401561366346e-01 6.741389536561113172e-01 -6.499999999996823874e-01 3.775831390306165214e-01 3.905764746951958383e-02 -4.407797401571280638e-01 6.741389536571622543e-01
-7.410410196599977795e+00 4.655746418426428335e+00 -1.227457514117905324e-01 -4.457139620670019120e+00 7.334549150260988526e+00 -7.410410196608487432e+00 4.655746418428359235e+00 -1.227457514063846206e-01 -4.457139620680677261e+00 7.334549150272831497e+00 -7.410410196616996181e+00 4.655746418430281253e+00 -1.227457514010131950e-01 -4.457139620691313198e+00 7.334549150284686903e+00 -7.410410196625507595e+00 4.655746418432203271e+00 -1.227457513956144441e-01 -4.457139620701970451e+00 7.334549150296532538e+00
-7.792172942379330891e+00 5.224312563080404814e+00 -6.609423525350082151e-01 -4.154885372077123051e+00 7.383688103917053880e+00 -7.792172942388679857e+00 5.224312563083209682e+00 -6.609423525301763025e-01 -4.154885372087727013e+00 7.383688103929380908e+00 -7.792172942398030600e+00 5.224312563086005667e+00 -6.609423525253800280e-01 -4.154885372098305218e+00 7.383688103941723035e+00 -7.792172942407380454e+00 5.224312563088802541e+00 -6.609423525205555539e-01 -4.154885372108908292e+00 7.383688103954054505e+00
-9.775861046310769353e+00 6.238699100985066970e+00 -3.185661446628358373e-01 -5.723248251258906905e+00 9.578976341254897164e+00 -9.775861046322114944e+00 6.238699100987840751e+00 -3.185661446559553966e-01 -5.723248251272790021e+00 9.578976341270481143e+00 -9.775861046333458759e+00 6.238699100990604762e+00 -3.185661446491202531e-01 -5.723248251286642052e+00 9.578976341286086438e+00 -9.775861046344804350e+00 6.238699100993368774e+00 -3.185661446422491938e-01 -5.723248251300523393e+00 9.578976341301675745e+00
-8.599999999969421438e+00 5.679682106610409065e+00 -5.899186938176702588e-01 -4.725173609417420373e+00 8.235410196600701838e+00 -8.599999999979635490e+00 5.679682106613300085e+00 -5.899186938121137036e-01 -4.725173609429281996e+00 8.235410196614338929e+00 -8.599999999989849542e+00 5.679682106616183113e+00 -5.899186938065966723e-01 -4.725173609441116085e+00 8.235410196627993784e+00 -8.600000000000061817e+00 5.679682106619066140e+00 -5.899186938010484438e-01 -4.725173609452975931e+00 8.235410196641636205e+00
1.689151516147204646e+01 -1.019112695900406962e+01 -4.019253581445614287e-01 1.084145584942812945e+01 -1.713991869376427601e+01 1.689151516149092558e+01 -1.019112695900747667e+01 -4.019253581579765311e-01 1.084145584945319740e+01 -1.713991869379143296e+01 1.689151516150980825e+01 -1.019112695901086596e+01 -4.019253581713121970e-01 1.084145584947821561e+01 -1.713991869381861477e+01 1.689151516152869092e+01 -1.019112695901425525e+01 -4.019253581847107570e-01 1.084145584950328356e+01 -1.713991869384577882e+01
-4.076393202235323976e+00 2.762586804710962518e+00 -3.935661446575056122e-01 -2.125783405835263373e+00 3.833155948020275261e+00 -4.076393202240251590e+00 2.762586804712499067e+00 -3.935661446550544618e-01 -2.125783405840755869e+00 3.833155948026711890e+00 -4.076393202245178315e+00 2.762586804714031619e+00 -3.935661446526219076e-01 -2.125783405846235929e+00 3.833155948033158289e+00 -4.076393202250106818e+00 2.762586804715563726e+00 -3.935661446501746430e-01 -2.125783405851728425e+00 3.833155948039598027e+00
1.808454915021927434e+01 -1.088051349691001590e+01 -4.795084971738194923e-01 1.165637454323772104e+01 -1.838090169938678997e+01 1.808454915023945375e+01 -1.088051349691359171e+01 -4.795084971882608849e-01 1.165637454326461686e+01 -1.838090169941587249e+01 1.808454915025963317e+01 -1.088051349691714798e+01 -4.795084972026172898e-01 1.165637454329145761e+01 -1.838090169944498697e+01 1.808454915027981258e+01 -1.088051349692070424e+01 -4.795084972170410298e-01 1.165637454331835166e+01 -1.838090169947408015e+01
-5.727254248573647288e+00 3.869146285020737430e+00 -5.331559480332169754e-01 -3.006481839800789757e+00 5.397745751391331837e+00 -5.727254248580555540e+00 3.869146285022867282e+00 -5.331559480297414222e-01 -3.006481839808529344e+00 5.397745751400380598e+00 -5.727254248587462904e+00 3.869146285024991805e+00 -5.331559480262920703e-01 -3.006481839816250723e+00 5.397745751409440906e+00 -5.727254248594372044e+00 3.869146285027115884e+00 -5.331559480228219572e-01 -3.006481839823989866e+00 5.397745751418494109e+00
1.111474508433269337e+00 -9.079526825597352691e-01 3.576237921246661067e-01 3.293052317167969312e-01 -8.904508497158906133e-01 1.111474508434801889e+00 -9.079526825605186424e-01 3.576237921243989870e-01 3.293052317180103494e-01 -8.904508497175864790e-01 1.111474508436334219e+00 -9.079526825613011276e-01 3.576237921241366413e-01 3.293052317192198264e-01 -8.904508497192856753e-01 1.111474508437866993e+00 -9.079526825620838348e-01 3.576237921238705209e-01 3.293052317204331336e-01 -8.904508497209827622e-01
-5.309549150262448336e+00 3.193285238678712723e+00 1.427050983090039638e-01 -3.424186938112361744e+00 5.397745751391095581e+00 -5.309549150268371598e+00 3.193285238679759885e+00 1.427050983132470141e-01 -3.424186938120260315e+00 5.397745751399635417e+00 -5.309549150274293972e+00 3.193285238680801275e+00 1.427050983174650567e-01 -3.424186938128142899e+00 5.397745751408182358e+00 -5.309549150280218122e+00 3.193285238681842664e+00 1.427050983217028890e-01 -3.424186938136041025e+00 5.397745751416725746e+00
-1.266631189602021834e+01 7.215546818639012372e+00 9.913118960510824973e-01 -8.819523159905985565e+00 1.327897634124555992e+01 -1.266631189603385721e+01 7.215546818640563131e+00 9.913118960622477882e-01 -8.819523159925566347e+00 1.327897634126608573e+01 -1.266631189604749430e+01 7.215546818642098792e+00 9.913118960733527940e-01 -8.819523159945111601e+00 1.327897634128662929e+01 -1.266631189606113495e+01 7.215546818643634452e+00 9.913118960845054284e-01 -8.819523159964692383e+00 1.327897634130716220e+01
-2.240450849710739156e+00 1.551518827214828367e+00 -2.699593469074266228e-01 -1.114715428338662884e+00 2.073606797743736241e+00 -2.240450849713487624e+00 1.551518827215750962e+00 -2.699593469061654094e-01 -1.114715428341620740e+00 2.073606797747261421e+00 -2.240450849716236092e+00 1.551518827216671337e+00 -2.699593469049143546e-01 -1.114715428344571713e+00 2.073606797750791486e+00 -2.240450849718985005e+00 1.551518827217591934e+00 -2.699593469036553062e-01 -1.114715428347529347e+00 2.073606797754318443e+00
