-4.284688653106554668e+00 1.358208802068203713e-01 4.125021632428525820e+00 -4.985074642064784456e+00 1.735285079937487929e+00 2.945124685043742474e+00 -5.197486791999994971e+00 3.164887485601556971e+00 1.476938413596531774e+00 -4.901132721714080986e+00 4.284688653106897505e+00 -1.358208802084834854e-01 -4.125021632426912888e+00 4.985074642064556194e+00 -1.735285079938830854e+00 -2.945124685041943469e+00 5.197486791999214262e+00 -3.164887485602446482e+00 -1.476938413594697685e+00 4.901132721712833984e+00
2.362125548004016196e+00 -1.035701191497145679e+00 -1.144585775716383313e+00 2.381242469396817718e+00 -1.654732635571654953e+00 -4.359875900445441266e-01 2.167266786793061506e+00 -2.111787320076061736e+00 3.152880986449817513e-01 1.741143930862278921e+00 -2.362125548003822573e+00 1.035701191497700568e+00 1.144585775715534215e+00 -2.381242469396379402e+00 1.654732635571985133e+00 4.359875900437208962e-01 -2.167266786792420241e+00 2.111787320076134122e+00 -3.152880986457132773e-01 -1.741143930861504430e+00
7.191237167785887507e+00 -1.932818365608033329e+00 -4.919072906456728234e+00 7.715535384341627889e+00 -4.151082918457181137e+00 -2.835644743316604988e+00 7.484583240181511776e+00 -5.963010552951960364e+00 -4.746439156019944816e-01 6.520987940314213027e+00 -7.191237167785782702e+00 1.932818365610182276e+00 4.919072906454092120e+00 -7.715535384340689973e+00 4.151082918458707915e+00 2.835644743313884497e+00 -7.484583240179828678e+00 5.963010552952710874e+00 4.746439155994125469e-01 -6.520987940311965936e+00
7.089926357515670574e+00 -1.673375938121736350e+00 -5.122754961577333788e+00 7.695535573168373666e+00 -3.923889675224035756e+00 -3.082726607729239010e+00 7.547852148969731445e+00 -5.790305751568040726e+00 -7.409394948973551109e-01 6.661332367451295866e+00 -7.089926357515659916e+00 1.673375938123942586e+00 5.122754961574725208e+00 -7.695535573167524568e+00 3.923889675225639806e+00 3.082726607726516299e+00 -7.547852148968122066e+00 5.790305751568882719e+00 7.409394948947416459e-01 -6.661332367449101177e+00
1.163476821880599488e+01 -2.456764824034034511e+00 -8.746667954969341352e+00 1.273908968529456764e+01 -6.229030134325978629e+00 -5.416425587209563908e+00 1.259642029492874826e+01 -9.391554574864493077e+00 -1.555985744517546898e+00 1.122072552167374759e+01 -1.163476821880609435e+01 2.456764824037763972e+00 8.746667954965049674e+00 -1.273908968529326735e+01 6.229030134328732871e+00 5.416425587205045744e+00 -1.259642029492617077e+01 9.391554574866001204e+00 1.555985744513173952e+00 -1.122072552167017356e+01
-4.231114960979029949e-01 4.235293085969317750e-01 -7.477706691593258292e-02 -3.356235943111718356e-01 4.693262650309402151e-01 -2.161025198862446539e-01 -2.152825166861676021e-01 4.691822966553219620e-01 -3.362743525352757112e-01 -7.386808636642594461e-02 4.231114960977734318e-01 -4.235293085969414895e-01 7.477706691607458045e-02 3.356235943110158493e-01 -4.693262650308977491e-01 2.161025198863505137e-01 2.152825166860005135e-01 -4.691822966552312568e-01 3.362743525353374952e-01 7.386808636626576718e-02
-6.898532407700162850e+00 1.065965946099470818e+00 5.645414282573405274e+00 -7.702548462855522970e+00 3.409474500496097793e+00 3.694470803937480508e+00 -7.752585407655265826e+00 5.419239935578096912e+00 1.381886782120419266e+00 -7.043745277314554798e+00 6.898532407700376901e+00 -1.065965946101829376e+00 -5.645414282570843767e+00 7.702548462854879041e+00 -3.409474500497899019e+00 -3.694470803934732928e+00 7.752585407653822536e+00 -5.419239935579160949e+00 -1.381886782117712542e+00 7.043745277312471131e+00
-7.094739729446121856e+00 1.503023140283159531e-01 6.918048762303364185e+00 -8.282956388272786796e+00 2.819150458514071644e+00 4.968846261256185670e+00 -8.660379565064124208e+00 5.212040513943858144e+00 2.533258468169530708e+00 -8.190064449613936759e+00 7.094739729446718712e+00 -1.503023140310979500e-01 -6.918048762300688992e+00 8.282956388272433301e+00 -2.819150458516327618e+00 -4.968846261253194285e+00 8.660379565062848783e+00 -5.212040513945363607e+00 -2.533258468166471822e+00 8.190064449611879738e+00
-1.009556442255123976e+01 2.089413642397691895e+00 7.639311372670753997e+00 -1.106996276744998298e+01 5.374210343597600748e+00 4.752199602080812824e+00 -1.096075602770413404e+01 8.132941892040360443e+00 1.399909423917602869e+00 -9.778634119888208076e+00 1.009556442255134279e+01 -2.089413642400943960e+00 -7.639311372667028088e+00 1.106996276744886742e+01 -5.374210343600010376e+00 -4.752199602076884410e+00 1.096075602770190649e+01 -8.132941892041687382e+00 -1.399909423913796580e+00 9.778634119885110110e+00
-7.942469260460073954e+00 2.937010079492666570e+00 4.489806839339476774e+00 -8.215094571103994880e+00 5.167616030826719609e+00 2.140197586243357986e+00 -7.683569187198232342e+00 6.892379720164955259e+00 -4.189091182275952452e-01 -6.399922516674688033e+00 7.942469260459639635e+00 -2.937010079494738246e+00 -4.489806839336599964e+00 8.215094571102698140e+00 -5.167616030828063423e+00 -2.140197586240493610e+00 7.683569187196195749e+00 -6.892379720165434875e+00 4.189091182302133731e-01 6.399922516672133632e+00
1.730429451477818859e+01 -3.835561319500439215e+00 -1.279532175904593139e+01 1.887736417610915396e+01 -9.396350770697530663e+00 -7.831291359342245961e+00 1.860258590555122993e+01 -1.403735994023231903e+01 -2.100679597570787926e+00 1.650685691471957384e+01 -1.730429451477826319e+01 3.835561319505917943e+00 1.279532175903955427e+01 -1.887736417610716089e+01 9.396350770701552335e+00 7.831291359335557978e+00 -1.860258590554735392e+01 1.403735994023448086e+01 2.100679597564337087e+00 -1.650685691471424121e+01
-3.682936174638437254e+00 6.764402166675252959e-01 2.887733007808916508e+00 -4.071173965764141478e+00 1.898219025377759106e+00 1.839683668287882989e+00 -4.060896883583640538e+00 2.934186930214172317e+00 6.115532734849924434e-01 -3.653110920505435733e+00 3.682936174638509197e+00 -6.764402166687439877e-01 -2.887733007807553154e+00 4.071173965763762226e+00 -1.898219025378674596e+00 -1.839683668286434814e+00 4.060896883582846506e+00 -2.934186930214693678e+00 -6.115532734835787965e-01 3.653110920504313519e+00
1.867475171935573286e+01 -3.226477415475653032e+00 -1.488180003601244294e+01 2.072108259294351384e+01 -9.477293483321666656e+00 -9.579855910654520912e+00 2.073908953006094436e+01 -1.480040603283262435e+01 -3.340168741980702460e+00 1.872700988624142582e+01 -1.867475171935617340e+01 3.226477415481909361e+00 1.488180003600552226e+01 -2.072108259294165578e+01 9.477293483326397094e+00 9.579855910647141926e+00 -2.073908953005696176e+01 1.480040603283535638e+01 3.340168741973474908e+00 -1.872700988623575569e+01
-5.113789014888397766e+00 8.182982461674359609e-02 5.017592286673448143e+00 -5.980363320863159693e+00 2.012746440035316553e+00 3.614237972749049010e+00 -6.261537997350059115e+00 3.746641410273902739e+00 1.857096864175202811e+00 -5.929789707955422706e+00 5.113789014888838302e+00 -8.182982461875865088e-02 -5.017592286671519020e+00 5.980363320862912779e+00 -2.012746440036953910e+00 -3.614237972746888516e+00 6.261537997349145179e+00 -3.746641410274999640e+00 -1.857096864172990358e+00 5.929789707953942113e+00
2.160845240413389323e+00 -1.257513297549245790e+00 -6.825496986910367658e-01 2.059898591243759292e+00 -1.739006327611302805e+00 -1.557404521720684443e-02 1.757314715805672556e+00 -2.050273301957084460e+00 6.529261043131828757e-01 1.282712632052869006e+00 -2.160845240413088231e+00 1.257513297549636588e+00 6.825496986902731544e-01 -2.059898591243257471e+00 1.739006327611472447e+00 1.557404521650784801e-02 -1.757314715805017746e+00 2.050273301957015626e+00 -6.529261043137618570e-01 -1.282712632052132484e+00
-5.734327105361206378e+00 9.525934257418526840e-01 4.614486371197358494e+00 -6.377247497530825981e+00 2.882417687338399315e+00 2.988762282401570047e+00 -6.395918471745690503e+00 4.530090822713005672e+00 1.070477317472985801e+00 -5.788512382961368274e+00 5.734327105361358257e+00 -9.525934257437881358e-01 -4.614486371195231307e+00 6.377247497530269094e+00 -2.882417687339867474e+00 -2.988762282399297199e+00 6.395918471744475475e+00 -4.530090822713861876e+00 -1.070477317470755585e+00 5.788512382959629221e+00
-1.215374520241263490e+01 2.098529364030224720e+00 9.686775979052878682e+00 -1.348601748952703971e+01 6.166988405952588792e+00 6.236287817371245268e+00 -1.349818442215669911e+01 9.631779654764832443e+00 2.175348353353061981e+00 -1.218905501616391618e+01 1.215374520241292444e+01 -2.098529364034296574e+00 -9.686775979048373841e+00 1.348601748952583357e+01 -6.166988405955667218e+00 -6.236287817366442887e+00 1.349818442215410741e+01 -9.631779654766608800e+00 -2.175348353348358188e+00 1.218905501616022491e+01
-2.859834735480566881e+00 1.422139646909339472e+00 1.188009313172965653e+00 -2.818728354647699774e+00 2.125604600988260984e+00 3.199302813156925662e-01 -2.501705203226502139e+00 2.621000566764173367e+00 -5.794657555620500444e-01 -1.939797716108299097e+00 2.859834735480264900e+00 -1.422139646909947874e+00 -1.188009313171944914e+00 2.818728354647114465e+00 -2.125604600988589166e+00 -3.199302813147252289e-01 2.501705203225689012e+00 -2.621000566764187578e+00 5.794657555628867085e-01 1.939797716107346304e+00
-1.379988707795055092e+01 1.998953300489435314e+00 1.144997653785197933e+01 -1.545920799657823430e+01 6.723412407170007654e+00 7.555362680548029175e+00 -1.560527392586419992e+01 1.078973706266723198e+01 2.921177282764761962e+00 -1.422378691494887093e+01 1.379988707795103231e+01 -1.998953300494203500e+00 -1.144997653784684921e+01 1.545920799657698907e+01 -6.723412407173666949e+00 -7.555362680542509146e+00 1.560527392586134177e+01 -1.078973706266941690e+01 -2.921177282759309435e+00 1.422378691494471248e+01
-1.488952049889346707e+00 8.544003373040077731e-01 4.845442142472535241e-01 -1.424016223740360632e+00 1.189487256432416817e+00 2.569008949865925207e-02 -1.219687767907153830e+00 1.408138875256086386e+00 -4.356787602034062346e-01 -8.959677752867671874e-01 1.488952049889144202e+00 -8.544003373042814431e-01 -4.845442142467269453e-01 1.424016223740018683e+00 -1.189487256432538942e+00 -2.569008949817541687e-02 1.219687767906705522e+00 -1.408138875256044198e+00 4.356787602038086904e-01 8.959677752862609257e-01
