-3.261803398872074933e+00 2.057749417088779342e+00 -6.770509830813455088e-02 -1.948200266814515080e+00 3.219959346905840292e+00 -3.261803398872424875e+00 2.057749417090084965e+00 -6.770509830989412947e-02 -1.948200266812975201e+00 3.219959346905104880e+00 -3.261803398872774373e+00 2.057749417091381705e+00 -6.770509831165644199e-02 -1.948200266811439763e+00 3.219959346904366804e+00 -3.261803398873122983e+00 2.057749417092687327e+00 -6.770509831341904594e-02 -1.948200266809894554e+00 3.219959346903629172e+00
-5.715450849714271087e+00 3.813776741491938349e+00 -4.553695435240207035e-01 -3.076973342628421815e+00 5.434016994374502474e+00 -5.715450849714701853e+00 3.813776741494066869e+00 -4.553695435270306291e-01 -3.076973342625683561e+00 5.434016994373076948e+00 -5.715450849715131731e+00 3.813776741496182066e+00 -4.553695435300453842e-01 -3.076973342622953300e+00 5.434016994371645204e+00 -5.715450849715558945e+00 3.813776741498311473e+00 -4.553695435330606389e-01 -3.076973342620205720e+00 5.434016994370213460e+00
2.042376207873629390e+00 -1.338854381996817056e+00 1.239356881841373464e-01 1.138322226095733747e+00 -1.965779740156595956e+00 2.042376207873803917e+00 -1.338854381997596210e+00 1.239356881852213682e-01 1.138322226094759859e+00 -1.965779740156102351e+00 2.042376207873978888e+00 -1.338854381998370258e+00 1.239356881863071108e-01 1.138322226093788858e+00 -1.965779740155606747e+00 2.042376207874152971e+00 -1.338854381999149190e+00 1.239356881873930200e-01 1.138322226092811640e+00 -1.965779740155110922e+00
7.626064311806346474e+00 -4.715295568707518647e+00 3.444185364830879698e-03 4.709722759723569574e+00 -7.623935688187023274e+00 7.626064311807247975e+00 -4.715295568710644147e+00 3.444185368978426587e-03 4.709722759719987550e+00 -7.623935688185367709e+00 7.626064311808150364e+00 -4.715295568713748331e+00 3.444185373132396290e-03 4.709722759716416185e+00 -7.623935688183705039e+00 7.626064311809048313e+00 -4.715295568716874719e+00 3.444185377287042535e-03 4.709722759712822615e+00 -7.623935688182043258e+00
5.785081306182544125e+00 -3.482875042053528158e+00 -1.496711095707358163e-01 3.725047984472832141e+00 -5.877583139030997827e+00 5.785081306183311511e+00 -3.482875042055970649e+00 -1.496711095675563874e-01 3.725047984470132967e+00 -5.877583139029804116e+00 5.785081306184078898e+00 -3.482875042058396708e+00 -1.496711095643720735e-01 3.725047984467441786e+00 -5.877583139028605075e+00 5.785081306184841843e+00 -3.482875042060840087e+00 -1.496711095611872600e-01 3.725047984464733730e+00 -5.877583139027407810e+00
9.855901699428804008e+00 -6.223906032140776645e+00 2.145898033613172218e-01 5.876692436662858121e+00 -9.723277907311882018e+00 9.855901699429855611e+00 -6.223906032144715716e+00 2.145898033666317761e-01 5.876692436658204066e+00 -9.723277907309658019e+00 9.855901699430907215e+00 -6.223906032148630807e+00 2.145898033719546294e-01 5.876692436653563334e+00 -9.723277907307421586e+00 9.855901699431953489e+00 -6.223906032152571655e+00 2.145898033772783708e-01 5.876692436648893292e+00 -9.723277907305188705e+00
-6.499999999989496402e-01 3.775831390300555812e-01 3.905764746939015264e-02 -4.407797401561365236e-01 6.741389536556333661e-01 -6.499999999990478949e-01 3.775831390303404644e-01 3.905764746902808116e-02 -4.407797401558358752e-01 6.741389536555082440e-01 -6.499999999991461497e-01 3.775831390306235713e-01 3.905764746866546150e-02 -4.407797401555361150e-01 6.741389536553826778e-01 -6.499999999992439603e-01 3.775831390309085656e-01 3.905764746830278633e-02 -4.407797401552344119e-01 6.741389536552573336e-01
-7.410410196619348966e+00 4.655746418427033184e+00 -1.227457513968165659e-01 -4.457139620692230686e+00 7.334549150281132412e+00 -7.410410196620160761e+00 4.655746418430013023e+00 -1.227457514008208628e-01 -4.457139620688735704e+00 7.334549150279474183e+00 -7.410410196620972556e+00 4.655746418432974210e+00 -1.227457514048313769e-01 -4.457139620685251380e+00 7.334549150277809737e+00 -7.410410196621779910e+00 4.655746418435956713e+00 -1.227457514088425572e-01 -4.457139620681743963e+00 7.334549150276147067e+00
-7.792172942400186209e+00 5.224312563082579963e+00 -6.609423525212110295e-01 -4.154885372098769736e+00 7.383688103937203984e+00 -7.792172942400751090e+00 5.224312563085463879e+00 -6.609423525253058651e-01 -4.154885372095030505e+00 7.383688103935242886e+00 -7.792172942401315971e+00 5.224312563088328254e+00 -6.609423525294072510e-01 -4.154885372091303708e+00 7.383688103933274682e+00 -7.792172942401877300e+00 5.224312563091212169e+00 -6.609423525335094141e-01 -4.154885372087552931e+00 7.383688103931307367e+00
-9.775861046335862170e+00 6.238699100986051960e+00 -3.185661446438324274e-01 -5.723248251287153643e+00 9.578976341280451834e+00 -9.775861046336848048e+00 6.238699100989909319e+00 -3.185661446490808402e-01 -5.723248251282525345e+00 9.578976341278201190e+00 -9.775861046337833926e+00 6.238699100993742697e+00 -3.185661446543374686e-01 -5.723248251277909482e+00 9.578976341275939888e+00 -9.775861046338814475e+00 6.238699100997601832e+00 -3.185661446595949298e-01 -5.723248251273265197e+00 9.578976341273682138e+00
-8.599999999993347188e+00 5.679682106612795600e+00 -5.899186938015267279e-01 -4.725173609442803624e+00 8.235410196624497914e+00 -8.599999999994047073e+00 5.679682106616042780e+00 -5.899186938060764218e-01 -4.725173609438694911e+00 8.235410196622391155e+00 -8.599999999994745181e+00 5.679682106619269533e+00 -5.899186938106335543e-01 -4.725173609434598632e+00 8.235410196620275514e+00 -8.599999999995439737e+00 5.679682106622519377e+00 -5.899186938151912418e-01 -4.725173609430474819e+00 8.235410196618161649e+00
1.689151516151552102e+01 -1.019112695900408205e+01 -4.019253581801536246e-01 1.084145584947987651e+01 -1.713991869381081656e+01 1.689151516151774146e+01 -1.019112695901119636e+01 -4.019253581708778222e-01 1.084145584947199303e+01 -1.713991869380731714e+01 1.689151516151996191e+01 -1.019112695901826449e+01 -4.019253581615878090e-01 1.084145584946413088e+01 -1.713991869380379995e+01 1.689151516152216814e+01 -1.019112695902538235e+01 -4.019253581522962415e-01 1.084145584945621721e+01 -1.713991869380028987e+01
-4.076393202246812564e+00 2.762586804712592325e+00 -3.935661446505017147e-01 -2.125783405846724872e+00 3.833155948031234050e+00 -4.076393202247081682e+00 2.762586804714078248e+00 -3.935661446526335094e-01 -2.125783405844763330e+00 3.833155948030188220e+00 -4.076393202247351688e+00 2.762586804715554401e+00 -3.935661446547688014e-01 -2.125783405842808005e+00 3.833155948029139282e+00 -4.076393202247619030e+00 2.762586804717040767e+00 -3.935661446569043154e-01 -2.125783405840840690e+00 3.833155948028090343e+00
1.808454915026497645e+01 -1.088051349690960734e+01 -4.795084972117560906e-01 1.165637454329243816e+01 -1.838090169943569308e+01 1.808454915026737808e+01 -1.088051349691724745e+01 -4.795084972018145431e-01 1.165637454328400224e+01 -1.838090169943196628e+01 1.808454915026978327e+01 -1.088051349692483782e+01 -4.795084971918576189e-01 1.165637454327559119e+01 -1.838090169942822527e+01 1.808454915027217780e+01 -1.088051349693248149e+01 -4.795084971818990849e-01 1.165637454326712508e+01 -1.838090169942448426e+01
-5.727254248589088270e+00 3.869146285022766918e+00 -5.331559480236565118e-01 -3.006481839816182777e+00 5.397745751405867765e+00 -5.727254248589478181e+00 3.869146285024863907e+00 -5.331559480266558904e-01 -3.006481839813429868e+00 5.397745751404406711e+00 -5.727254248589868091e+00 3.869146285026947130e+00 -5.331559480296601539e-01 -3.006481839810684953e+00 5.397745751402941217e+00 -5.727254248590254448e+00 3.869146285029045007e+00 -5.331559480326649725e-01 -3.006481839807922274e+00 5.397745751401475722e+00
1.111474508437152231e+00 -9.079526825609760543e-01 3.576237921232686690e-01 3.293052317198442713e-01 -8.904508497191652161e-01 1.111474508437089836e+00 -9.079526825612633800e-01 3.576237921237954698e-01 3.293052317192798895e-01 -8.904508497187779703e-01 1.111474508437027442e+00 -9.079526825615487073e-01 3.576237921243232143e-01 3.293052317187171729e-01 -8.904508497183890592e-01 1.111474508436965047e+00 -9.079526825618360331e-01 3.576237921248510698e-01 3.293052317181509037e-01 -8.904508497180003701e-01
-5.309549150276102303e+00 3.193285238678797544e+00 1.427050983200465750e-01 -3.424186938128477742e+00 5.397745751405631509e+00 -5.309549150276809293e+00 3.193285238681041527e+00 1.427050983171273268e-01 -3.424186938126001056e+00 5.397745751404537273e+00 -5.309549150277516283e+00 3.193285238683271299e+00 1.427050983142036100e-01 -3.424186938123531476e+00 5.397745751403439485e+00 -5.309549150278219720e+00 3.193285238685516170e+00 1.427050983112794214e-01 -3.424186938121046353e+00 5.397745751402342584e+00
-1.266631189605080010e+01 7.215546818636613402e+00 9.913118960795773704e-01 -8.819523159945429569e+00 1.327897634127996085e+01 -1.266631189605284113e+01 7.215546818642273763e+00 9.913118960724718320e-01 -8.819523159939597790e+00 1.327897634127761961e+01 -1.266631189605488039e+01 7.215546818647897709e+00 9.913118960653555245e-01 -8.819523159933783774e+00 1.327897634127526594e+01 -1.266631189605691077e+01 7.215546818653558958e+00 9.913118960582379957e-01 -8.819523159927932454e+00 1.327897634127291759e+01
-2.240450849717212645e+00 1.551518827215758733e+00 -2.699593469034681781e-01 -1.114715428345163462e+00 2.073606797749954378e+00 -2.240450849717331661e+00 1.551518827216550322e+00 -2.699593469046281946e-01 -1.114715428344079218e+00 2.073606797749357966e+00 -2.240450849717450676e+00 1.551518827217336360e+00 -2.699593469057900985e-01 -1.114715428342998083e+00 2.073606797748758890e+00 -2.240450849717568804e+00 1.551518827218127949e+00 -2.699593469069521134e-01 -1.114715428341910064e+00 2.073606797748160702e+00
-1.504164078648808101e+01 9.740140287697277799e+00 -7.182372541996163706e-01 -8.578007998415625224e+00 1.459774575140545316e+01 -1.504164078648947545e+01 9.740140287703107802e+00 -7.182372542076422839e-01 -8.578007998408477164e+00 1.459774575140189690e+01 -1.504164078649086633e+01 9.740140287708898725e+00 -7.182372542156808537e-01 -8.578007998401348644e+00 1.459774575139832642e+01 -1.504164078649225367e+01 9.740140287714728728e+00 -7.182372542237205337e-01 -8.578007998394173939e+00 1.459774575139475594e+01
