7.265731755684483595e+00 1.249778406094041783e+00 -8.038137289056493273e+00 3.718063644780556842e+00 5.740247584247170742e+00 -7.265731755684766036e+00 -1.249778406094928185e+00 8.038137289057321055e+00 -3.718063644780177146e+00 -5.740247584248233004e+00 7.265731755685044924e+00 1.249778406095825689e+00 -8.038137289058147061e+00 3.718063644779790344e+00 5.740247584249291712e+00 -7.265731755685313153e+00 -1.249778406096710537e+00 8.038137289058980173e+00 -3.718063644779418198e+00 -5.740247584250349533e+00
5.688680772560410936e+00 1.762771741750456034e+00 -6.778133623370198535e+00 2.426345217780567776e+00 5.278569810341342539e+00 -5.688680772560552157e+00 -1.762771741751243404e+00 6.778133623370824701e+00 -2.426345217780162766e+00 -5.278569810342217394e+00 5.688680772560690713e+00 1.762771741752039656e+00 -6.778133623371449090e+00 2.426345217779752872e+00 5.278569810343090474e+00 -5.688680772560818610e+00 -1.762771741752825472e+00 6.778133623372077032e+00 -2.426345217779354524e+00 -5.278569810343963553e+00
1.093827424162052431e+01 3.435188602718176831e+00 -1.306133755586691336e+01 4.637161945342594294e+00 1.019541386230818425e+01 -1.093827424162079254e+01 -3.435188602719696505e+00 1.306133755586811596e+01 -4.637161945341810032e+00 -1.019541386230987001e+01 1.093827424162105366e+01 3.435188602721233053e+00 -1.306133755586931322e+01 4.637161945341014224e+00 1.019541386231155045e+01 -1.093827424162129525e+01 -3.435188602722749618e+00 1.306133755587051937e+01 -4.637161945340242397e+00 -1.019541386231323266e+01
-5.405764746871192239e-01 -9.435661446558354370e-01 1.123732422718120016e+00 2.490613131558348514e-01 -1.277660779531140101e+00 5.405764746870540538e-01 9.435661446560024146e-01 -1.123732422718157542e+00 -2.490613131559795135e-01 1.277660779531266666e+00 -5.405764746869885506e-01 -9.435661446561707244e-01 1.123732422718195068e+00 2.490613131561252303e-01 -1.277660779531393009e+00 5.405764746869193837e-01 9.435661446563377019e-01 -1.123732422718230595e+00 -2.490613131562684490e-01 1.277660779531519797e+00
-7.025657780871887859e+00 -2.801141952311333227e+00 8.756858714713702696e+00 -2.610894368062128823e+00 -7.143237254216003862e+00 7.025657780871998881e+00 2.801141952312379946e+00 -8.756858714714457648e+00 2.610894368061543069e+00 7.143237254217119414e+00 -7.025657780872107239e+00 -2.801141952313437766e+00 8.756858714715212599e+00 -2.610894368060951098e+00 -7.143237254218232302e+00 7.025657780872199609e+00 2.801141952314482708e+00 -8.756858714715967551e+00 2.610894368060374227e+00 7.143237254219345189e+00
-6.907091636215513475e+00 -3.548558813280117352e+00 9.100221593900768013e+00 -2.075687436905939709e+00 -7.817376207872116289e+00 6.907091636215541897e+00 3.548558813281240898e+00 -9.100221593901487438e+00 2.075687436905255367e+00 7.817376207873257599e+00 -6.907091636215568542e+00 -3.548558813282375990e+00 9.100221593902206862e+00 -2.075687436904563477e+00 -7.817376207874396243e+00 6.907091636215574759e+00 3.548558813283497759e+00 -9.100221593902924511e+00 2.075687436903888905e+00 7.817376207875535776e+00
-7.154711762652580020e+00 -3.577612795061952511e+00 9.365798068587539049e+00 -2.210768743092896393e+00 -7.999467844090627722e+00 7.154711762652619989e+00 3.577612795063104478e+00 -9.365798068588285119e+00 2.210768743092200950e+00 7.999467844091804558e+00 -7.154711762652657292e+00 -3.577612795064268436e+00 9.365798068589032965e+00 -2.210768743091497956e+00 -7.999467844092978730e+00 7.154711762652675056e+00 3.577612795065418627e+00 -9.365798068589780812e+00 2.210768743090812283e+00 7.999467844094152902e+00
-7.919098300559124226e+00 -3.350155280999135954e+00 9.989608131806734903e+00 -2.823762078749390003e+00 -8.244427190996978183e+00 7.919098300559229031e+00 3.350155281000338547e+00 -9.989608131807580449e+00 2.823762078748703441e+00 8.244427190998248278e+00 -7.919098300559332060e+00 -3.350155281001554020e+00 9.989608131808425995e+00 -2.823762078748009330e+00 -8.244427190999513044e+00 7.919098300559415549e+00 3.350155281002754393e+00 -9.989608131809271541e+00 2.823762078747332982e+00 8.244427191000777810e+00
1.806757947333590764e+01 5.901655779780072386e+00 -2.171500333514273606e+01 7.518954347154693352e+00 1.706803398874331634e+01 -1.806757947333632330e+01 -5.901655779782609912e+00 2.171500333514471492e+01 -7.518954347153366413e+00 -1.706803398874611233e+01 1.806757947333673897e+01 5.901655779785174083e+00 -2.171500333514669379e+01 7.518954347152021711e+00 1.706803398874890121e+01 -1.806757947333710845e+01 -5.901655779787706280e+00 2.171500333514867620e+01 -7.518954347150716089e+00 -1.706803398875169009e+01
-4.201722092685664656e+00 -1.425938686843364556e+00 5.083000667028366948e+00 -1.715528490218371171e+00 -4.022745751404843695e+00 4.201722092685756138e+00 1.425938686843960967e+00 -5.083000667028825248e+00 1.715528490218055202e+00 4.022745751405497394e+00 -4.201722092685846732e+00 -1.425938686844563819e+00 5.083000667029283548e+00 -1.715528490217735236e+00 -4.022745751406149317e+00 4.201722092685927556e+00 1.425938686845159120e+00 -5.083000667029742736e+00 1.715528490217424151e+00 4.022745751406800352e+00
1.823209163621064732e+01 6.542028988997836692e+00 -2.227528790679889781e+01 7.224856046592574188e+00 1.781008130618045726e+01 -1.823209163621101325e+01 -6.542028989000466588e+00 2.227528790680087312e+01 -7.224856046591153991e+00 -1.781008130618331364e+01 1.823209163621136497e+01 6.542028989003124906e+00 -2.227528790680285198e+01 7.224856046589716918e+00 1.781008130618615937e+01 -1.823209163621168116e+01 -6.542028989005750361e+00 2.227528790680483795e+01 -7.224856046588319813e+00 -1.781008130618900864e+01
-5.543237254216327514e+00 -1.962084304843136451e+00 6.755872043402240124e+00 -2.213274241624409111e+00 -5.387993335654002180e+00 5.543237254216440313e+00 1.962084304843932703e+00 -6.755872043402843197e+00 2.213274241623981009e+00 5.387993335654868154e+00 -5.543237254216551335e+00 -1.962084304844737837e+00 6.755872043403444493e+00 -2.213274241623547134e+00 -5.387993335655733240e+00 5.543237254216650811e+00 1.962084304845532534e+00 -6.755872043404049343e+00 2.213274241623126137e+00 5.387993335656596550e+00
1.592124957937267160e+00 -2.227937358741223228e-01 -1.454430856686554474e+00 1.121681439593010143e+00 7.611936024682421920e-01 -1.592124957937379071e+00 2.227937358739870422e-01 1.454430856686749873e+00 -1.121681439592994822e+00 -7.611936024684472502e-01 1.592124957937490759e+00 -2.227937358738495965e-01 -1.454430856686944606e+00 1.121681439592978613e+00 7.611936024686513091e-01 -1.592124957937601559e+00 2.227937358737148155e-01 1.454430856687142448e+00 -1.121681439592964402e+00 -7.611936024688551461e-01
-5.794630456466287605e+00 -2.097697766937011377e+00 7.091078974558266523e+00 -2.284830056249489871e+00 -5.678976341279054374e+00 5.794630456466400403e+00 2.097697766937849817e+00 -7.091078974558895354e+00 2.284830056249036012e+00 5.678976341279962092e+00 -5.794630456466512314e+00 -2.097697766938696695e+00 7.091078974559522408e+00 -2.284830056248576824e+00 -5.678976341280868922e+00 5.794630456466610902e+00 2.097697766939533359e+00 -7.091078974560152126e+00 2.284830056248130070e+00 5.678976341281774864e+00
-1.186352549155715330e+01 -4.227487170092453006e+00 1.447625624967870372e+01 -4.719331222061546427e+00 -1.155954915027671959e+01 1.186352549155739133e+01 4.227487170094160085e+00 -1.447625624967999336e+01 4.719331222060627162e+00 1.155954915027857588e+01 -1.186352549155762581e+01 -4.227487170095886704e+00 1.447625624968127944e+01 -4.719331222059695463e+00 -1.155954915028042684e+01 1.186352549155783365e+01 4.227487170097591118e+00 -1.447625624968257263e+01 4.719331222058790409e+00 1.155954915028227781e+01
-2.090779740155202404e+00 -4.651219592811495218e-01 2.378240919904958783e+00 -1.004711762655853269e+00 -1.757294901686933253e+00 2.090779740155272570e+00 4.651219592814172521e-01 -2.378240919905194151e+00 1.004711762655729368e+00 1.757294901687245003e+00 -2.090779740155342292e+00 -4.651219592816880355e-01 2.378240919905428186e+00 -1.004711762655603691e+00 -1.757294901687555422e+00 2.090779740155408462e+00 4.651219592819552107e-01 -2.378240919905664885e+00 1.004711762655482232e+00 1.757294901687865840e+00
-1.339336287918145807e+01 -6.302487170091744417e+00 1.728851416395860596e+01 -4.382402198217975275e+00 -1.458004065308835884e+01 1.339336287918157353e+01 6.302487170093854729e+00 -1.728851416396001639e+01 4.382402198216728273e+00 1.458004065309054198e+01 -1.339336287918168367e+01 -6.302487170095986357e+00 1.728851416396142326e+01 -4.382402198215466171e+00 -1.458004065309271624e+01 1.339336287918175650e+01 6.302487170098093117e+00 -1.728851416396283724e+01 4.382402198214236932e+00 1.458004065309489228e+01
-1.237006664343162310e+00 3.523798735622039602e-01 1.019223925530382324e+00 -9.822949016870576866e-01 -4.121322893121053266e-01 1.237006664343267337e+00 -3.523798735621200828e-01 -1.019223925530539088e+00 9.822949016870703431e-01 4.121322893122547071e-01 -1.237006664343372364e+00 3.523798735620347067e-01 1.019223925530695629e+00 -9.822949016870822225e-01 -4.121322893124032549e-01 1.237006664343477169e+00 -3.523798735619513289e-01 -1.019223925530854835e+00 9.822949016870956562e-01 4.121322893125516362e-01
-6.470879705308851815e-01 -7.344235253127774365e-01 1.100986671311704246e+00 5.397634128158973477e-02 -1.134345884812127725e+00 6.470879705308472118e-01 7.344235253129304253e-01 -1.100986671311760201e+00 -5.397634128170886170e-02 1.134345884812257177e+00 -6.470879705308089092e-01 -7.344235253130847463e-01 1.100986671311816378e+00 5.397634128182887681e-02 -1.134345884812386407e+00 6.470879705307673868e-01 7.344235253132376240e-01 -1.100986671311871223e+00 -5.397634128194672698e-02 1.134345884812515637e+00
-1.792008497186680671e+01 -7.631618792372872662e+00 2.263668477473610352e+01 -6.358621791030440562e+00 -1.870684038627451429e+01 1.792008497186703764e+01 7.631618792375600258e+00 -2.263668477473801488e+01 6.358621791028880033e+00 1.870684038627738843e+01 -1.792008497186726856e+01 -7.631618792378356275e+00 2.263668477473991913e+01 -6.358621791027301740e+00 -1.870684038628025192e+01 1.792008497186745331e+01 7.631618792381080318e+00 -2.263668477474183405e+01 6.358621791025765191e+00 1.870684038628311896e+01
