1.131824566958630740e+01 1.754878304280316570e+01 9.311586066893877245e+00 -6.602357111658373690e+00 -1.707312234809620222e+01 -1.346830194193389829e+01 1.240183838314287801e+00 1.492622548251910608e+01 1.630664658371962972e+01 4.243387269992868305e+00 -1.131824566958466427e+01 -1.754878304280306622e+01 -9.311586066895412017e+00 6.602357111656475652e+00 1.707312234809549167e+01 1.346830194193498187e+01 -1.240183838312315157e+00 -1.492622548251785375e+01 -1.630664658372013776e+01 -4.243387269994729039e+00
9.904153614606631351e+00 1.409410036244060827e+01 6.664455060138806175e+00 -6.259563564609385011e+00 -1.402301335826829032e+01 -1.022547732477175586e+01 2.002243819964220961e+00 1.257925610250919313e+01 1.278555862376598817e+01 2.451069500232037512e+00 -9.904153614605364808e+00 -1.409410036244064024e+01 -6.664455060140117126e+00 6.259563564607880437e+00 1.402301335826782314e+01 1.022547732477272575e+01 -2.002243819962622240e+00 -1.257925610250827120e+01 -1.278555862376650687e+01 -2.451069500233579390e+00
1.210874994137470750e+01 2.577890077904348942e+01 1.819616545509116889e+01 -4.388025373490426873e+00 -2.335459865753687936e+01 -2.306695195472950388e+01 -3.762229691121642627e+00 1.864418569837304318e+01 2.567978448013377601e+01 1.154421150057095069e+01 -1.210874994137199323e+01 -2.577890077904272204e+01 -1.819616545509299854e+01 4.388025373487519865e+00 2.335459865753526643e+01 2.306695195473054483e+01 3.762229691124463482e+00 -1.864418569837074457e+01 -2.567978448013391812e+01 -1.154421150057341983e+01
3.618913560912944583e+00 3.168673289840991281e+00 1.060852972903323366e-01 -3.043962543376340424e+00 -3.684477880344982914e+00 -1.287400977552952019e+00 2.171047263559873652e+00 3.839620104653833188e+00 2.342696880282605587e+00 -1.085614751010382850e+00 -3.618913560912753180e+00 -3.168673289841190233e+00 -1.060852972907586622e-01 3.043962543376039331e+00 3.684477880345054412e+00 1.287400977553340375e+00 -2.171047263559490403e+00 -3.839620104653768351e+00 -2.342696880282910232e+00 1.085614751009954970e+00
-5.455569558544454800e+00 -1.404088830560571388e+01 -1.105048459169757180e+01 1.050264558235405987e+00 1.228514462837004118e+01 1.339178911143680750e+01 3.457847654657173031e+00 -9.326845399273508974e+00 -1.442221200686706162e+01 -7.627481646870526433e+00 5.455569558542899600e+00 1.404088830560513834e+01 1.105048459169845998e+01 -1.050264558233792611e+00 -1.228514462836901622e+01 -1.339178911143723560e+01 -3.457847654658690040e+00 9.326845399272141179e+00 1.442221200686698346e+01 7.627481646871804521e+00
-6.104853739609819030e+00 -1.466063487016014300e+01 -1.112975619224025436e+01 1.576821767340612857e+00 1.298342135291338018e+01 1.368610542374295136e+01 3.105560505879153332e+00 -1.003530009282742519e+01 -1.490276329966580526e+01 -7.483948879070987381e+00 6.104853739608222973e+00 1.466063487015959588e+01 1.112975619224122070e+01 -1.576821767338938862e+00 -1.298342135291236410e+01 -1.368610542374344874e+01 -3.105560505880744504e+00 1.003530009282603785e+01 1.490276329966578039e+01 7.483948879072346294e+00
-8.943696490379329234e+00 -1.803982017334388388e+01 -1.226338401342055207e+01 3.623347640767870637e+00 1.652288462776473921e+01 1.580046817829265215e+01 2.051679721269450862e+00 -1.338857401311314810e+01 -1.779089242953798689e+01 -7.525874377295643569e+00 8.943696490377460506e+00 1.803982017334341137e+01 1.226338401342187545e+01 -3.623347640765848698e+00 -1.652288462776366984e+01 -1.580046817829343908e+01 -2.051679721271433277e+00 1.338857401311158668e+01 1.779089242953814676e+01 7.525874377297399498e+00
-9.084988253596854690e+00 -1.711831830987509662e+01 -1.103880183958904304e+01 4.141428461295944885e+00 1.590734298553721260e+01 1.455877475881811201e+01 1.207523203825460412e+00 -1.313924609679892441e+01 -1.665363336770537117e+01 -6.438274084447477286e+00 9.084988253595122742e+00 1.711831830987473069e+01 1.103880183959035577e+01 -4.141428461294040630e+00 -1.590734298553627291e+01 -1.455877475881893091e+01 -1.207523203827351788e+00 1.313924609679750688e+01 1.665363336770560565e+01 6.438274084449178147e+00
2.039758285889717015e+01 4.042842169882973735e+01 2.712887723716981725e+01 -8.536513796306397950e+00 -3.716415106809015612e+01 -3.515256602728013746e+01 -4.160168714055887840e+00 3.026199439293879223e+01 3.973527673231024693e+01 1.644962492508634710e+01 -2.039758285889300637e+01 -4.042842169882872838e+01 -2.712887723717281929e+01 8.536513796301875345e+00 3.716415106808779711e+01 3.515256602728194224e+01 4.160168714060335837e+00 -3.026199439293532834e+01 -3.973527673231065194e+01 -1.644962492509030483e+01
-4.509111142796034422e+00 -7.268487534109054238e+00 -4.035508415246070513e+00 2.524462870141348958e+00 7.003192505304127735e+00 5.708283677024660108e+00 -2.927025827901221788e-01 -6.052376199968550807e+00 -6.822292360544926382e+00 -1.967709472743397914e+00 4.509111142795341642e+00 7.268487534108988513e+00 4.035508415246689573e+00 -2.524462870140558035e+00 -7.003192505303811544e+00 -5.708283677025087322e+00 2.927025827893079413e-01 6.052376199968014348e+00 6.822292360545113787e+00 1.967709472744158195e+00
1.839926160931896248e+01 4.180114852505504786e+01 3.074093565451101995e+01 -5.663011286267541244e+00 -3.739820468977880807e+01 -3.830121507146746040e+01 -7.627574038003481327e+00 2.933446401085244304e+01 4.211230469697070333e+01 2.017151927100114861e+01 -1.839926160931447541e+01 -4.180114852505362677e+01 -3.074093565451386567e+01 5.663011286262794819e+00 3.739820468977603696e+01 3.830121507146900228e+01 7.627574038008035018e+00 -2.933446401084858834e+01 -4.211230469697075307e+01 -2.017151927100508146e+01
-6.726536209857035153e+00 -1.105756524599715007e+01 -6.272411345860999354e+00 3.683903475178859743e+00 1.060309961301929249e+01 8.780787687062860059e+00 -2.806646010853461881e-01 -9.110728713779876031e+00 -1.042963935010956966e+01 -3.150047679667633993e+00 6.726536209855972004e+00 1.105756524599703106e+01 6.272411345861929277e+00 -3.683903475177652709e+00 -1.060309961301879333e+01 -8.780787687063495994e+00 2.806646010841100658e-01 9.110728713779046473e+00 1.042963935010983789e+01 3.150047679668783296e+00
4.590123102461993732e+00 1.612990137614008113e+00 -2.693939472496513332e+00 -4.779905922618079117e+00 -2.925176944824279701e+00 1.341154185590689440e+00 4.501798247505351291e+00 3.951027051768883247e+00 1.429126173714438952e-01 -3.783023194053966698e+00 -4.590123102462079885e+00 -1.612990137614489505e+00 2.693939472496036380e+00 4.779905922617997405e+00 2.925176944824664726e+00 -1.341154185590155645e+00 -4.501798247505109707e+00 -3.951027051769131937e+00 -1.429126173719699189e-01 3.783023194053587446e+00
-6.388215380571817370e+00 -1.171784100999689038e+01 -7.386932888196614755e+00 3.033980587284309305e+00 1.095359097809139115e+01 9.842737885847888890e+00 6.172413648723731328e-01 -9.117127143094135633e+00 -1.133506712084480661e+01 -4.208043431661829814e+00 6.388215380570642310e+00 1.171784100999666478e+01 7.386932888197529579e+00 -3.033980587283011232e+00 -1.095359097809076943e+01 -9.842737885848471535e+00 -6.172413648736703173e-01 9.117127143093181729e+00 1.133506712084498957e+01 4.208043431663003986e+00
-1.182477662345344527e+01 -2.482983759441657767e+01 -1.736444808617755697e+01 4.416704595909370035e+00 2.255659573659340822e+01 2.210016403587677303e+01 3.423705250472758088e+00 -1.807535712702826558e+01 -2.467256194884677001e+01 -1.092897897258131579e+01 1.182477662345084291e+01 2.482983759441585647e+01 1.736444808617933333e+01 -4.416704595906573161e+00 -2.255659573659187345e+01 -2.210016403587779621e+01 -3.423705250475478135e+00 1.807535712702606645e+01 2.467256194884692633e+01 1.092897897258370499e+01
-1.765494154955621786e+00 -3.531156641286286035e+00 -2.385629439609844304e+00 7.266810372113898797e-01 3.239894233196755291e+00 3.082043061309632126e+00 3.832646835396013585e-01 -2.631488403891378614e+00 -3.476764834311666164e+00 -1.455693786703646575e+00 1.765494154955257189e+00 3.531156641286194997e+00 2.385629439610104541e+00 -7.266810372109944183e-01 -3.239894233196547901e+00 -3.082043061309788001e+00 -3.832646835399896590e-01 2.631488403891074412e+00 3.476764834311699914e+00 1.455693786703991188e+00
-1.257315790784985587e+01 -2.930052011218931440e+01 -2.187166930503842011e+01 3.588830791149780097e+00 2.609059292906035665e+01 2.708250070338657167e+01 5.746796088242477119e+00 -2.032673672618440008e+01 -2.964230823800875214e+01 -1.451988652623458087e+01 1.257315790784669041e+01 2.930052011218827701e+01 2.187166930504038476e+01 -3.588830791146444099e+00 -2.609059292905837069e+01 -2.708250070338760906e+01 -5.746796088245663015e+00 2.032673672618166449e+01 2.964230823800874859e+01 1.451988652623731824e+01
-2.757603764735294671e+00 -4.210379677242539032e+00 -2.191994396934996203e+00 1.633535717990242553e+00 4.112330805190339333e+00 3.200799081687653924e+00 -3.495658136556863971e-01 -3.611738341632513727e+00 -3.896287251046104849e+00 -9.686220280877210209e-01 2.757603764734903429e+00 4.210379677242520380e+00 2.191994396935368794e+00 -1.633535717989788250e+00 -4.112330805190174132e+00 -3.200799081687919045e+00 3.495658136552124429e-01 3.611738341632218408e+00 3.896287251046233635e+00 9.686220280881699951e-01
1.059643753608575212e+00 7.075940836022199809e-01 -2.278170197069763758e-01 -9.754090524121908912e-01 -9.188450922139634880e-01 -1.047581362771971558e-01 7.956945170911956522e-01 1.040153141229582356e+00 4.270788359897005892e-01 -5.380918585076088778e-01 -1.059643753608549233e+00 -7.075940836022992508e-01 2.278170197068575265e-01 9.754090524121300509e-01 9.188450922140114496e-01 1.047581362773146174e-01 -7.956945170911058351e-01 -1.040153141229593903e+00 -4.270788359898025632e-01 5.380918585074986327e-01
-1.651349787887562215e+01 -3.834932210762726612e+01 -2.856883406167907324e+01 4.764643434335022576e+00 3.417000834794765041e+01 3.540461052093419170e+01 7.450607506781136813e+00 -2.664589609472288601e+01 -3.877473702397298183e+01 -1.893654107369832218e+01 1.651349787887148324e+01 3.834932210762591609e+01 2.856883406168165607e+01 -4.764643434330658067e+00 -3.417000834794505693e+01 -3.540461052093556304e+01 -7.450607506785307699e+00 2.664589609471931198e+01 3.877473702397299604e+01 1.893654107370191042e+01
