-6.282827057597485165e+00 -1.204931256309178700e+01 -1.164057647464698197e+00 1.132988537209433844e+01 8.166311896059578856e+00 -6.282827057596692910e+00 -1.204931256309201792e+01 -1.164057647465640555e+00 1.132988537209399205e+01 8.166311896060289399e+00 -6.282827057595903320e+00 -1.204931256309225418e+01 -1.164057647466562706e+00 1.132988537209364921e+01 8.166311896061033693e+00 -6.282827057595103071e+00 -1.204931256309247978e+01 -1.164057647467486856e+00 1.132988537209330815e+01 8.166311896061746012e+00
-9.049138953660271767e+00 -1.343869910099691367e+01 7.435661446611366854e-01 1.389824825128125418e+01 7.846023658714869953e+00 -9.049138953659442208e+00 -1.343869910099733467e+01 7.435661446600395630e-01 1.389824825128100017e+01 7.846023658715790106e+00 -9.049138953658616202e+00 -1.343869910099776099e+01 7.435661446589659773e-01 1.389824825128075148e+01 7.846023658716751115e+00 -9.049138953657777762e+00 -1.343869910099817488e+01 7.435661446578898381e-01 1.389824825128050456e+01 7.846023658717673044e+00
-8.600000000003715783e+00 -1.287968210662227975e+01 6.399186938169295624e-01 1.327517360943761204e+01 7.564589803371521093e+00 -8.600000000002919975e+00 -1.287968210662267765e+01 6.399186938158797355e-01 1.327517360943736335e+01 7.564589803372397725e+00 -8.600000000002124168e+00 -1.287968210662308088e+01 6.399186938148523351e-01 1.327517360943712177e+01 7.564589803373316101e+00 -8.600000000001321254e+00 -1.287968210662347168e+01 6.399186938138226033e-01 1.327517360943687841e+01 7.564589803374193622e+00
1.918348483847641361e+01 2.776612695902509031e+01 -2.023074641853352951e+00 -2.901645584946857070e+01 -1.591008130617976413e+01 1.918348483847471542e+01 2.776612695902599626e+01 -2.023074641851075217e+00 -2.901645584946808043e+01 -1.591008130618169680e+01 1.918348483847302077e+01 2.776612695902691641e+01 -2.023074641848846333e+00 -2.901645584946760081e+01 -1.591008130618371830e+01 1.918348483847130481e+01 2.776612695902780814e+01 -2.023074641846612121e+00 -2.901645584946711764e+01 -1.591008130618565097e+01
-4.523606797751652309e+00 -6.237586804717306421e+00 6.685661446583248679e-01 6.650783405843657015e+00 3.441844051967033025e+00 -4.523606797751276609e+00 -6.237586804717527578e+00 6.685661446578082812e-01 6.650783405843561091e+00 3.441844051967480667e+00 -4.523606797750900910e+00 -6.237586804717751399e+00 6.685661446573027966e-01 6.650783405843466056e+00 3.441844051967948293e+00 -4.523606797750521658e+00 -6.237586804717969891e+00 6.685661446567960908e-01 6.650783405843371909e+00 3.441844051968396379e+00
1.814045084972721966e+01 2.948051349693139755e+01 7.950849717724978172e-02 -2.943137454328146063e+01 -1.826909830055445738e+01 1.814045084972535804e+01 2.948051349693218626e+01 7.950849717961783192e-02 -2.943137454328079272e+01 -1.826909830055636874e+01 1.814045084972349997e+01 2.948051349693298206e+01 7.950849718193531146e-02 -2.943137454328013547e+01 -1.826909830055837247e+01 1.814045084972161348e+01 2.948051349693375300e+01 7.950849718425806456e-02 -2.943137454327948177e+01 -1.826909830056028738e+01
-5.447745751408694659e+00 -9.044146285029563970e+00 -1.418440519659293630e-01 8.956481839812619583e+00 5.677254248591578012e+00 -5.447745751408120007e+00 -9.044146285029794896e+00 -1.418440519666531729e-01 8.956481839812406420e+00 5.677254248592157104e+00 -5.447745751407546244e+00 -9.044146285030029375e+00 -1.418440519673615230e-01 8.956481839812196810e+00 5.677254248592763730e+00 -5.447745751406965375e+00 -9.044146285030258525e+00 -1.418440519680715106e-01 8.956481839811987200e+00 5.677254248593343711e+00
2.788525491562724667e+00 2.557952682561221991e+00 -1.207623792125846141e+00 -3.304305231718070779e+00 -8.345491502801133388e-01 2.788525491562595438e+00 2.557952682561387192e+00 -1.207623792125613216e+00 -3.304305231718092539e+00 -8.345491502803549233e-01 2.788525491562466652e+00 2.557952682561554614e+00 -1.207623792125385398e+00 -3.304305231718115188e+00 -8.345491502806074990e-01 2.788525491562336089e+00 2.557952682561716706e+00 -1.207623792125156914e+00 -3.304305231718136504e+00 -8.345491502808496387e-01
-5.365450849721423054e+00 -8.993285238685640337e+00 -1.927050983092717107e-01 8.874186938125125934e+00 5.677254248591215635e+00 -5.365450849720851068e+00 -8.993285238685865934e+00 -1.927050983099903025e-01 8.874186938124910995e+00 5.677254248591789398e+00 -5.365450849720279081e+00 -8.993285238686096861e+00 -1.927050983106935456e-01 8.874186938124699608e+00 5.677254248592388031e+00 -5.365450849719699988e+00 -8.993285238686318905e+00 -1.927050983113983984e-01 8.874186938124486446e+00 5.677254248592962682e+00
-1.188368810394308284e+01 -1.889054681865228247e+01 2.086881039442347596e-01 1.901952315993761644e+01 1.154602365871356540e+01 -1.188368810394189623e+01 -1.889054681865280472e+01 2.086881039427114781e-01 1.901952315993720433e+01 1.154602365871480529e+01 -1.188368810394071318e+01 -1.889054681865333762e+01 2.086881039412207262e-01 1.901952315993679932e+01 1.154602365871610559e+01 -1.188368810393951058e+01 -1.889054681865385277e+01 2.086881039397265880e-01 1.901952315993639431e+01 1.154602365871734904e+01
-2.184549150282066421e+00 -2.976518827217984775e+00 3.449593469072909646e-01 3.189715428343669501e+00 1.626393202249118541e+00 -2.184549150281887897e+00 -2.976518827218092245e+00 3.449593469070438845e-01 3.189715428343625536e+00 1.626393202249333925e+00 -2.184549150281709373e+00 -2.976518827218201491e+00 3.449593469068021334e-01 3.189715428343582015e+00 1.626393202249558634e+00 -2.184549150281529073e+00 -2.976518827218307184e+00 3.449593469065597717e-01 3.189715428343538939e+00 1.626393202249774239e+00
-1.235835921350685318e+01 -2.251514028771469356e+01 -1.556762745773562884e+00 2.155300799840700066e+01 1.487725424858805390e+01 -1.235835921350539124e+01 -2.251514028771518028e+01 -1.556762745775337464e+00 2.155300799840639314e+01 1.487725424858942347e+01 -1.235835921350393107e+01 -2.251514028771566700e+01 -1.556762745777074519e+00 2.155300799840579629e+01 1.487725424859085344e+01 -1.235835921350245137e+01 -2.251514028771613596e+01 -1.556762745778815127e+00 2.155300799840519588e+01 1.487725424859222123e+01
-5.321559065271218997e-04 1.458980337510843231e-02 9.549150281522492123e-03 -8.688103937446643721e-03 -1.491869381265656727e-02 -5.321559065282980422e-04 1.458980337510806455e-02 9.549150281523449690e-03 -8.688103937445687888e-03 -1.491869381265692115e-02 -5.321559065294741847e-04 1.458980337510769158e-02 9.549150281524384706e-03 -8.688103937444742464e-03 -1.491869381265729239e-02 -5.321559065306633377e-04 1.458980337510732556e-02 9.549150281525323192e-03 -8.688103937443800509e-03 -1.491869381265764627e-02
-1.266844051969513441e+00 -5.312305898744629218e-01 9.385254915634251294e-01 1.111271242968890238e+00 -2.517220926882769438e-01 -1.266844051969505003e+00 -5.312305898745519617e-01 9.385254915633611805e-01 1.111271242968939976e+00 -2.517220926881837961e-01 -1.266844051969496787e+00 -5.312305898746422228e-01 9.385254915632985639e-01 1.111271242968989270e+00 -2.517220926880865406e-01 -1.266844051969488127e+00 -5.312305898747300414e-01 9.385254915632358363e-01 1.111271242969038564e+00 -2.517220926879933929e-01
-1.823680339888392155e+01 -2.966731689580665332e+01 -9.860679773946454119e-02 2.960637454328190543e+01 1.839635254914818674e+01 -1.823680339888204927e+01 -2.966731689580744202e+01 -9.860679774184719082e-02 2.960637454328123042e+01 1.839635254915010876e+01 -1.823680339888017343e+01 -2.966731689580824494e+01 -9.860679774417896448e-02 2.960637454328056961e+01 1.839635254915211959e+01 -1.823680339887827984e+01 -2.966731689580901943e+01 -9.860679774651603946e-02 2.960637454327990881e+01 1.839635254915404516e+01
-5.833688103941508274e+00 -1.213664811787298170e+01 -1.667172942401784042e+00 1.110627857434447385e+01 8.531230589871716674e+00 -5.833688103940698255e+00 -1.213664811787317532e+01 -1.667172942402721958e+00 1.110627857434409194e+01 8.531230589872402348e+00 -5.833688103939889125e+00 -1.213664811787337072e+01 -1.667172942403639668e+00 1.110627857434371357e+01 8.531230589873119996e+00 -5.833688103939069336e+00 -1.213664811787356079e+01 -1.667172942404559821e+00 1.110627857434333698e+01 8.531230589873805670e+00
1.729508497188657845e+00 4.013322226093242406e+00 7.508610463424720827e-01 -3.549264578625267230e+00 -2.944427190999064248e+00 1.729508497188384286e+00 4.013322226093290368e+00 7.508610463427776160e-01 -3.549264578625127786e+00 -2.944427190999278743e+00 1.729508497188111615e+00 4.013322226093339218e+00 7.508610463430768212e-01 -3.549264578624990119e+00 -2.944427190999502564e+00 1.729508497187834948e+00 4.013322226093386291e+00 7.508610463433765814e-01 -3.549264578624852895e+00 -2.944427190999717059e+00
-1.519549150282020911e+01 -2.504637087758890246e+01 -2.840169943659843765e-01 2.487083872168815546e+01 1.565504065308697257e+01 -1.519549150281862104e+01 -2.504637087758955616e+01 -2.840169943679912712e-01 2.487083872168757637e+01 1.565504065308858372e+01 -1.519549150281703653e+01 -2.504637087759021341e+01 -2.840169943699554223e-01 2.487083872168700438e+01 1.565504065309026949e+01 -1.519549150281543071e+01 -2.504637087759085290e+01 -2.840169943719239587e-01 2.487083872168643239e+01 1.565504065309188420e+01
-1.472049150281987551e+01 -2.501042852505759839e+01 -7.368033988663424960e-01 2.455505898153176148e+01 1.591266444521205869e+01 -1.472049150281827679e+01 -2.501042852505821656e+01 -7.368033988683362345e-01 2.455505898153115041e+01 1.591266444521363965e+01 -1.472049150281668162e+01 -2.501042852505883829e+01 -7.368033988702874515e-01 2.455505898153055000e+01 1.591266444521529344e+01 -1.472049150281506513e+01 -2.501042852505943870e+01 -7.368033988722433314e-01 2.455505898152994959e+01 1.591266444521687617e+01
-1.691041019663256151e+01 -2.534358447308854068e+01 1.247213595509026218e+00 2.611440486634414526e+01 1.489237620786806460e+01 -1.691041019663099831e+01 -2.534358447308932227e+01 1.247213595506960537e+00 2.611440486634365499e+01 1.489237620786979122e+01 -1.691041019662943512e+01 -2.534358447309011098e+01 1.247213595504939265e+00 2.611440486634317892e+01 1.489237620787159599e+01 -1.691041019662785061e+01 -2.534358447309087836e+01 1.247213595502913330e+00 2.611440486634269931e+01 1.489237620787332617e+01
