7.014918693817371320e+00 8.032875042059869131e+00 -2.050328890442490781e+00 -9.300047984468978512e+00 -3.697416860965303531e+00 7.014918693814642836e+00 8.032875042060265258e+00 -2.050328890439524709e+00 -9.300047984467539663e+00 -3.697416860967396079e+00 7.014918693811914352e+00 8.032875042060659609e+00 -2.050328890436542206e+00 -9.300047984466099038e+00 -3.697416860969456209e+00 7.014918693809192085e+00 8.032875042061062842e+00 -2.050328890433560591e+00 -9.300047984464656636e+00 -3.697416860971548758e+00
9.744098300573087457e+00 1.719890603215414515e+01 8.854101966159411141e-01 -1.665169243665880572e+01 -1.117672209268221728e+01 9.744098300567406667e+00 1.719890603215334579e+01 8.854101966211114227e-01 -1.665169243665480181e+01 -1.117672209268494221e+01 9.744098300561724102e+00 1.719890603215254288e+01 8.854101966263152601e-01 -1.665169243665079080e+01 -1.117672209268761563e+01 9.744098300556057524e+00 1.719890603215174707e+01 8.854101966315168770e-01 -1.665169243664677978e+01 -1.117672209269034056e+01
-6.500000000013201884e-01 -1.802583139031640913e+00 -4.640576474679201091e-01 1.515779740157012778e+00 1.400861046343562011e+00 -6.500000000007361001e-01 -1.802583139031440629e+00 -4.640576474683789643e-01 1.515779740156528055e+00 1.400861046343724103e+00 -6.500000000001517897e-01 -1.802583139031240567e+00 -4.640576474688411501e-01 1.515779740156042887e+00 1.400861046343881977e+00 -6.499999999995692557e-01 -1.802583139031040727e+00 -4.640576474693031139e-01 1.515779740155557276e+00 1.400861046344044070e+00
-6.739589803382587618e+00 -1.155574641843626971e+01 -4.022542485873620288e-01 1.130713962068960221e+01 7.390450849715212378e+00 -6.739589803378764010e+00 -1.155574641843579187e+01 -4.022542485908790488e-01 1.130713962068694656e+01 7.390450849717108639e+00 -6.739589803374941290e+00 -1.155574641843531047e+01 -4.022542485944184953e-01 1.130713962068428557e+01 7.390450849718967596e+00 -6.739589803371127452e+00 -1.155574641843483796e+01 -4.022542485979567761e-01 1.130713962068162282e+01 7.390450849720862081e+00
-6.282827057601550358e+00 -1.204931256309289722e+01 -1.164057647462468870e+00 1.132988537209612367e+01 8.166311896059166742e+00 -6.282827057597586418e+00 -1.204931256309216714e+01 -1.164057647465969403e+00 1.132988537209322288e+01 8.166311896060896913e+00 -6.282827057593621589e+00 -1.204931256309143350e+01 -1.164057647469493251e+00 1.132988537209031854e+01 8.166311896062589781e+00 -6.282827057589668307e+00 -1.204931256309070697e+01 -1.164057647473015544e+00 1.132988537208741420e+01 8.166311896064318177e+00
-9.049138953664932927e+00 -1.343869910099778409e+01 7.435661446638750505e-01 1.389824825128316732e+01 7.846023658714304183e+00 -9.049138953660449403e+00 -1.343869910099760823e+01 7.435661446595140944e-01 1.389824825128028962e+01 7.846023658716913651e+00 -9.049138953655967654e+00 -1.343869910099742704e+01 7.435661446551263820e-01 1.389824825127741192e+01 7.846023658719474270e+00 -9.049138953651494788e+00 -1.343869910099725828e+01 7.435661446507400019e-01 1.389824825127452712e+01 7.846023658722081962e+00
-8.600000000008284573e+00 -1.287968210662302404e+01 6.399186938197138907e-01 1.327517360943945235e+01 7.564589803370814991e+00 -8.600000000003989342e+00 -1.287968210662283219e+01 6.399186938155505544e-01 1.327517360943668123e+01 7.564589803373292121e+00 -8.599999999999695888e+00 -1.287968210662263857e+01 6.399186938113616829e-01 1.327517360943390656e+01 7.564589803375721289e+00 -8.599999999995411315e+00 -1.287968210662245205e+01 6.399186938071741437e-01 1.327517360943113012e+01 7.564589803378196642e+00
1.918348483848619423e+01 2.776612695902639771e+01 -2.023074641859436085e+00 -2.901645584947233303e+01 -1.591008130617809968e+01 1.918348483847691455e+01 2.776612695902618455e+01 -2.023074641850316713e+00 -2.901645584946647460e+01 -1.591008130618365080e+01 1.918348483846763841e+01 2.776612695902596428e+01 -2.023074641841142274e+00 -2.901645584946060907e+01 -1.591008130618910243e+01 1.918348483845838715e+01 2.776612695902576533e+01 -2.023074641831970499e+00 -2.901645584945473288e+01 -1.591008130619464822e+01
-4.523606797753955355e+00 -6.237586804717578204e+00 6.685661446598001323e-01 6.650783405844561180e+00 3.441844051966607143e+00 -4.523606797751864583e+00 -6.237586804717596856e+00 6.685661446577036982e-01 6.650783405843282203e+00 3.441844051967925200e+00 -4.523606797749774699e+00 -6.237586804717614619e+00 6.685661446555947185e-01 6.650783405842001450e+00 3.441844051969220608e+00 -4.523606797747688368e+00 -6.237586804717636824e+00 6.685661446534862939e-01 6.650783405840719809e+00 3.441844051970537777e+00
1.814045084973755451e+01 2.948051349693350076e+01 7.950849717117144944e-02 -2.943137454328578428e+01 -1.826909830055306472e+01 1.814045084972777033e+01 2.948051349693258061e+01 7.950849718035565838e-02 -2.943137454327917268e+01 -1.826909830055821615e+01 1.814045084971798616e+01 2.948051349693164980e+01 7.950849718959754342e-02 -2.943137454327255398e+01 -1.826909830056327166e+01 1.814045084970822685e+01 2.948051349693074030e+01 7.950849719883631983e-02 -2.943137454326592817e+01 -1.826909830056841955e+01
-5.447745751411948945e+00 -9.044146285030194576e+00 -1.418440519639661002e-01 8.956481839813983825e+00 5.677254248591065533e+00 -5.447745751408951342e+00 -9.044146285029874832e+00 -1.418440519667573951e-01 8.956481839811933909e+00 5.677254248592606523e+00 -5.447745751405953740e+00 -9.044146285029553312e+00 -1.418440519695663427e-01 8.956481839809882217e+00 5.677254248594118202e+00 -5.447745751402964132e+00 -9.044146285029237120e+00 -1.418440519723743187e-01 8.956481839807830525e+00 5.677254248595659192e+00
2.788525491563899728e+00 2.557952682561414726e+00 -1.207623792126583329e+00 -3.304305231718668079e+00 -8.345491502800342909e-01 2.788525491563013770e+00 2.557952682561714930e+00 -1.207623792125514850e+00 -3.304305231718307034e+00 -8.345491502808853879e-01 2.788525491562127812e+00 2.557952682562013358e+00 -1.207623792124440820e+00 -3.304305231717945546e+00 -8.345491502817244944e-01 2.788525491561244074e+00 2.557952682562315339e+00 -1.207623792123366790e+00 -3.304305231717584057e+00 -8.345491502825750363e-01
-5.365450849724509474e+00 -8.993285238686389960e+00 -1.927050983075405122e-01 8.874186938126463531e+00 5.677254248590910102e+00 -5.365450849721530524e+00 -8.993285238686056005e+00 -1.927050983103045789e-01 8.874186938124415391e+00 5.677254248592426222e+00 -5.365450849718551574e+00 -8.993285238685720273e+00 -1.927050983130861317e-01 8.874186938122367252e+00 5.677254248593912145e+00 -5.365450849715579729e+00 -8.993285238685388094e+00 -1.927050983158667408e-01 8.874186938120317336e+00 5.677254248595426489e+00
-1.188368810394970865e+01 -1.889054681865358631e+01 2.086881039481466305e-01 1.901952315994037335e+01 1.154602365871267189e+01 -1.188368810394343100e+01 -1.889054681865307828e+01 2.086881039422034956e-01 1.901952315993618114e+01 1.154602365871605762e+01 -1.188368810393715513e+01 -1.889054681865256313e+01 2.086881039362233348e-01 1.901952315993198539e+01 1.154602365871938296e+01 -1.188368810393089348e+01 -1.889054681865205865e+01 2.086881039302450613e-01 1.901952315992778608e+01 1.154602365872276870e+01
-2.184549150283145114e+00 -2.976518827218126440e+00 3.449593469079654251e-01 3.189715428344097603e+00 1.626393202248945347e+00 -2.184549150282146801e+00 -2.976518827218144203e+00 3.449593469069592300e-01 3.189715428343491421e+00 1.626393202249582615e+00 -2.184549150281148044e+00 -2.976518827218160634e+00 3.449593469059469841e-01 3.189715428342885239e+00 1.626393202250209447e+00 -2.184549150280152396e+00 -2.976518827218179286e+00 3.449593469049350714e-01 3.189715428342278614e+00 1.626393202250846715e+00
-1.235835921351462474e+01 -2.251514028771672216e+01 -1.556762745769221246e+00 2.155300799841043258e+01 1.487725424858723144e+01 -1.235835921350719957e+01 -2.251514028771554621e+01 -1.556762745775901013e+00 2.155300799840512127e+01 1.487725424859066869e+01 -1.235835921349977440e+01 -2.251514028771437026e+01 -1.556762745782624080e+00 2.155300799839980641e+01 1.487725424859403489e+01 -1.235835921349236699e+01 -2.251514028771320852e+01 -1.556762745789344704e+00 2.155300799839448089e+01 1.487725424859747037e+01
-5.321559062820080746e-04 1.458980337528210242e-02 9.549150281385681421e-03 -8.688103937703455654e-03 -1.491869381267857744e-02 -5.321559062865599890e-04 1.458980337527866766e-02 9.549150281388099626e-03 -8.688103937698518631e-03 -1.491869381267796335e-02 -5.321559062911110360e-04 1.458980337527523985e-02 9.549150281390542117e-03 -8.688103937693574669e-03 -1.491869381267732844e-02 -5.321559062956499400e-04 1.458980337527180163e-02 9.549150281392982872e-03 -8.688103937688628972e-03 -1.491869381267671435e-02
-1.266844051969497897e+00 -5.312305898743385768e-01 9.385254915633846062e-01 1.111271242968777440e+00 -2.517220926881813536e-01 -1.266844051969293172e+00 -5.312305898746163546e-01 9.385254915630089068e-01 1.111271242968822737e+00 -2.517220926877760112e-01 -1.266844051969088003e+00 -5.312305898748930222e-01 9.385254915626317640e-01 1.111271242968868256e+00 -2.517220926873748876e-01 -1.266844051968883500e+00 -5.312305898751716882e-01 9.385254915622546212e-01 1.111271242968913775e+00 -2.517220926869696562e-01
-1.823680339889419599e+01 -2.966731689580879205e+01 -9.860679773348390853e-02 2.960637454328619711e+01 1.839635254914687934e+01 -1.823680339888435498e+01 -2.966731689580785769e+01 -9.860679774272212983e-02 2.960637454327953932e+01 1.839635254915205564e+01 -1.823680339887450685e+01 -2.966731689580691977e+01 -9.860679775201841579e-02 2.960637454327287443e+01 1.839635254915713602e+01 -1.823680339886469071e+01 -2.966731689580599607e+01 -9.860679776131156538e-02 2.960637454326620599e+01 1.839635254916231233e+01
-5.833688103945549486e+00 -1.213664811787436371e+01 -1.667172942399729241e+00 1.110627857434637988e+01 8.531230589871515946e+00 -5.833688103941571335e+00 -1.213664811787347197e+01 -1.667172942403144953e+00 1.110627857434337251e+01 8.531230589873093351e+00 -5.833688103937594072e+00 -1.213664811787257847e+01 -1.667172942406583314e+00 1.110627857434035981e+01 8.531230589874635228e+00 -5.833688103933626579e+00 -1.213664811787169207e+01 -1.667172942410020342e+00 1.110627857433734533e+01 8.531230589876212633e+00
