1.050000000003713474e+01 8.849999999976288834e+00 -1.050000000003143974e+01 -8.849999999980690646e+00 1.050000000002574296e+01 8.849999999985081800e+00 -1.050000000002004619e+01 -8.849999999989483612e+00 1.050000000001434941e+01 8.849999999993876543e+00 -1.050000000000865974e+01 -8.849999999998269473e+00 1.050000000000295053e+01 8.850000000002662404e+00 -1.049999999999725908e+01 -8.850000000007055334e+00 1.049999999999156763e+01 8.850000000011482015e+00 -1.049999999998587619e+01 -8.850000000015874946e+00
-3.200000000012326318e+00 -3.099999999993075406e+00 3.200000000010384316e+00 3.099999999994372590e+00 -3.200000000008441869e+00 -3.099999999995666222e+00 3.200000000006498535e+00 3.099999999996963407e+00 -3.200000000004556977e+00 -3.099999999998257483e+00 3.200000000002616751e+00 3.099999999999551559e+00 -3.200000000000669864e+00 -3.100000000000845191e+00 3.199999999998729194e+00 3.100000000002139267e+00 -3.199999999996788524e+00 -3.100000000003444001e+00 3.199999999994847855e+00 3.100000000004738521e+00
-4.300000000019388757e+00 -4.899999999990781063e+00 4.300000000016402701e+00 4.899999999992442845e+00 -4.300000000013416646e+00 -4.899999999994099298e+00 4.300000000010429702e+00 4.899999999995761080e+00 -4.300000000007444534e+00 -4.899999999997417532e+00 4.300000000004461143e+00 4.899999999999076650e+00 -4.300000000001467981e+00 -4.900000000000733102e+00 4.299999999998484590e+00 4.900000000002390443e+00 -4.299999999995501199e+00 -4.900000000004062883e+00 4.299999999992516919e+00 4.900000000005721112e+00
2.500000000005503153e+00 9.499999999936533657e-01 -2.500000000004740208e+00 -9.499999999948296470e-01 2.500000000003976375e+00 9.499999999960033747e-01 -2.500000000003212541e+00 -9.499999999971796560e-01 2.500000000002448708e+00 9.499999999983538279e-01 -2.500000000001686207e+00 -9.499999999995277777e-01 2.500000000000921041e+00 9.500000000007019496e-01 -2.500000000000158096e+00 -9.500000000018760105e-01 2.499999999999395150e+00 9.500000000030586200e-01 -2.499999999998632205e+00 -9.500000000042324588e-01
7.800000000025102409e+00 5.799999999980957277e+00 -7.800000000021269031e+00 -5.799999999984312815e+00 7.800000000017433877e+00 5.799999999987660360e+00 -7.800000000013597834e+00 -5.799999999991016786e+00 7.800000000009762680e+00 5.799999999994365218e+00 -7.800000000005931966e+00 -5.799999999997713651e+00 7.800000000002088818e+00 5.800000000001063860e+00 -7.799999999998257216e+00 -5.800000000004412293e+00 7.799999999994425615e+00 5.800000000007786483e+00 -7.799999999990593125e+00 -5.800000000011135803e+00
6.550000000019729818e+00 4.699999999984661336e+00 -6.550000000016597212e+00 -4.699999999987498178e+00 6.550000000013463719e+00 4.699999999990327915e+00 -6.550000000010330226e+00 -4.699999999993165645e+00 6.550000000007197620e+00 4.699999999995996269e+00 -6.550000000004067680e+00 -4.699999999998827782e+00 6.550000000000927969e+00 4.700000000001658407e+00 -6.549999999997798028e+00 -4.700000000004490808e+00 6.549999999994667199e+00 4.700000000007342749e+00 -6.549999999991536370e+00 -4.700000000010174261e+00
1.130000000004204175e+01 1.054999999997579962e+01 -1.130000000003538752e+01 -1.054999999998042348e+01 1.130000000002873151e+01 1.054999999998503668e+01 -1.130000000002207372e+01 -1.054999999998965876e+01 1.130000000001541771e+01 1.054999999999427374e+01 -1.130000000000877058e+01 -1.054999999999888871e+01 1.130000000000210036e+01 1.055000000000350013e+01 -1.129999999999544968e+01 -1.055000000000811511e+01 1.129999999998880078e+01 1.055000000001276561e+01 -1.129999999998214832e+01 -1.055000000001737881e+01
8.499999999974888754e-01 -1.000000000003420819e+00 -8.499999999979069853e-01 1.000000000002874367e+00 8.499999999983249843e-01 -1.000000000002328582e+00 -8.499999999987434274e-01 1.000000000001782130e+00 8.499999999991610933e-01 -1.000000000001236344e+00 -8.499999999995786482e-01 1.000000000000690781e+00 8.499999999999976463e-01 -1.000000000000144773e+00 -8.500000000004153122e-01 9.999999999995990985e-01 8.500000000008327561e-01 -9.999999999990502042e-01 -8.500000000012504220e-01 9.999999999985046406e-01
-7.000000000029354297e+00 -7.349999999985266541e+00 7.000000000024814817e+00 7.349999999988042099e+00 -7.000000000020275337e+00 -7.349999999990807886e+00 7.000000000015733193e+00 7.349999999993581667e+00 -7.000000000011193713e+00 -7.349999999996350120e+00 7.000000000006658674e+00 7.349999999999117684e+00 -7.000000000002108536e+00 -7.350000000001885248e+00 6.999999999997571720e+00 7.350000000004653700e+00 -6.999999999993035793e+00 -7.350000000007444356e+00 6.999999999988498978e+00 7.350000000010212808e+00
-6.750000000030719427e+00 -7.949999999986572696e+00 6.750000000025901059e+00 7.949999999989152855e+00 -6.750000000021080027e+00 -7.949999999991724131e+00 6.750000000016258106e+00 7.949999999994303401e+00 -6.750000000011439738e+00 -7.949999999996877342e+00 6.750000000006625811e+00 7.949999999999450395e+00 -6.750000000001795009e+00 -7.950000000002023448e+00 6.749999999996978417e+00 7.950000000004596501e+00 -6.749999999992162714e+00 -7.950000000007192646e+00 6.749999999987347898e+00 7.950000000009765699e+00
-9.100000000035347369e+00 -8.949999999980366994e+00 9.100000000029755398e+00 8.949999999984040500e+00 -9.100000000024163427e+00 -8.949999999987703347e+00 9.100000000018567903e+00 8.949999999991378630e+00 -9.100000000012975931e+00 -8.949999999995043254e+00 9.100000000007391066e+00 8.949999999998707878e+00 -9.100000000001784883e+00 -8.950000000002372502e+00 9.099999999996198241e+00 8.950000000006038903e+00 -9.099999999990609822e+00 -8.950000000009733725e+00 9.099999999985021404e+00 8.950000000013398349e+00
-8.150000000031818459e+00 -7.849999999982752996e+00 8.150000000026897951e+00 7.849999999986062349e+00 -8.150000000021972113e+00 -7.849999999989361044e+00 8.150000000017046276e+00 7.849999999992669508e+00 -8.150000000012123991e+00 -7.849999999995969979e+00 8.150000000007205259e+00 7.849999999999271338e+00 -8.150000000002272316e+00 -7.850000000002571809e+00 8.149999999997351807e+00 7.850000000005872280e+00 -8.149999999992433075e+00 -7.850000000009201173e+00 8.149999999987512567e+00 7.850000000012501644e+00
1.720000000006772112e+01 1.704999999996385895e+01 -1.720000000005708074e+01 -1.704999999997078675e+01 1.720000000004644392e+01 1.704999999997769677e+01 -1.720000000003579999e+01 -1.704999999998462812e+01 1.720000000002516316e+01 1.704999999999154170e+01 -1.720000000001453699e+01 -1.704999999999845528e+01 1.720000000000387530e+01 1.705000000000536531e+01 -1.719999999999324203e+01 -1.705000000001227889e+01 1.719999999998261586e+01 1.705000000001924931e+01 -1.719999999997198259e+01 -1.705000000002616289e+01
-4.150000000014307133e+00 -3.349999999990542321e+00 4.150000000012131096e+00 3.349999999992298694e+00 -4.150000000009955947e+00 -3.349999999994050626e+00 4.150000000007779022e+00 3.349999999995806554e+00 -4.150000000005603873e+00 -3.349999999997558930e+00 4.150000000003430500e+00 3.349999999999312195e+00 -4.150000000001250910e+00 -3.350000000001064571e+00 4.149999999999076650e+00 3.350000000002816947e+00 -4.149999999996902389e+00 -3.350000000004583534e+00 4.149999999994729016e+00 3.350000000006335910e+00
1.790000000007135128e+01 1.794999999996220197e+01 -1.790000000006017800e+01 -1.794999999996938911e+01 1.790000000004900116e+01 1.794999999997655493e+01 -1.790000000003781722e+01 -1.794999999998374562e+01 1.790000000002664393e+01 1.794999999999091500e+01 -1.790000000001548131e+01 -1.794999999999808438e+01 1.790000000000427605e+01 1.795000000000525731e+01 -1.789999999999310631e+01 -1.795000000001243023e+01 1.789999999998194014e+01 1.795000000001966001e+01 -1.789999999997077040e+01 -1.795000000002683294e+01
-5.150000000020691360e+00 -5.049999999988949106e+00 5.150000000017534774e+00 5.049999999991029220e+00 -5.150000000014377299e+00 -5.049999999993104005e+00 5.150000000011218049e+00 5.049999999995185007e+00 -5.150000000008062351e+00 -5.049999999997261568e+00 5.150000000004908429e+00 5.049999999999336353e+00 -5.150000000001744738e+00 -5.050000000001412914e+00 5.149999999998589928e+00 5.050000000003488587e+00 -5.149999999995435118e+00 -5.050000000005581136e+00 5.149999999992281197e+00 5.050000000007657697e+00
3.100000000002244516e+00 -3.000000000091953556e-01 -3.100000000002054890e+00 3.000000000075737638e-01 3.100000000001864819e+00 -3.000000000059541705e-01 -3.100000000001675637e+00 3.000000000043319126e-01 3.100000000001485123e+00 -3.000000000027120972e-01 -3.100000000001295497e+00 3.000000000010927259e-01 3.100000000001105427e+00 -2.999999999994729105e-01 -3.100000000000916245e+00 2.999999999978533172e-01 3.100000000000726175e+00 -2.999999999962228436e-01 -3.100000000000536104e+00 2.999999999946036944e-01
-6.050000000022638602e+00 -5.599999999987220534e+00 6.050000000019100987e+00 5.599999999989701216e+00 -6.050000000015562485e+00 -5.599999999992176569e+00 6.050000000012023094e+00 5.599999999994657252e+00 -6.050000000008484591e+00 -5.599999999997133493e+00 6.050000000004949641e+00 5.599999999999608846e+00 -6.050000000001403144e+00 -5.600000000002083311e+00 6.049999999997868194e+00 5.600000000004559553e+00 -6.049999999994332356e+00 -5.600000000007055334e+00 6.049999999990796518e+00 5.600000000009530687e+00
-1.215000000004753744e+01 -1.174999999997406519e+01 1.215000000004017444e+01 1.174999999997899280e+01 -1.215000000003280967e+01 -1.174999999998390621e+01 1.215000000002544134e+01 1.174999999998883204e+01 -1.215000000001807834e+01 -1.174999999999374722e+01 1.215000000001072245e+01 1.174999999999866418e+01 -1.215000000000334168e+01 -1.175000000000357936e+01 1.214999999999598401e+01 1.175000000000849631e+01 -1.214999999998862457e+01 -1.175000000001345057e+01 1.214999999998126690e+01 1.175000000001836575e+01
-2.400000000007183942e+00 -1.649999999994328004e+00 2.400000000006073275e+00 1.649999999995375388e+00 -2.400000000004962164e+00 -1.649999999996420552e+00 2.400000000003851053e+00 1.649999999997467937e+00 -2.400000000002739942e+00 -1.649999999998513101e+00 2.400000000001629719e+00 1.649999999999558487e+00 -2.400000000000516831e+00 -1.650000000000604095e+00 2.399999999999406164e+00 1.650000000001649259e+00 -2.399999999998295941e+00 -1.650000000002702860e+00 2.399999999997186162e+00 1.650000000003748024e+00
