-4.299999999997070610e+00 -4.899999999994113509e+00 4.299999999997377920e+00 4.899999999994972377e+00 -4.299999999997687894e+00 -4.899999999995831246e+00 4.299999999997997868e+00 4.899999999996690114e+00 -4.299999999998305178e+00 -4.899999999997542766e+00 4.299999999998610711e+00 4.899999999998409628e+00 -4.299999999998927791e+00 -4.899999999999262279e+00 4.299999999999223554e+00 4.900000000000114042e+00 -4.299999999999538858e+00 -4.900000000000980904e+00 4.299999999999855049e+00 4.900000000001833556e+00
2.499999999997536193e+00 9.499999999983054222e-01 -2.499999999997812417e+00 -9.499999999985569987e-01 2.499999999998089972e+00 9.499999999988095745e-01 -2.499999999998366640e+00 -9.499999999990621502e-01 2.499999999998642863e+00 9.499999999993107291e-01 -2.499999999998919087e+00 -9.499999999995674127e-01 2.499999999999197087e+00 9.499999999998158806e-01 -2.499999999999471534e+00 -9.500000000000639044e-01 2.499999999999749534e+00 9.500000000003211431e-01 -2.500000000000027534e+00 -9.500000000005695000e-01
7.799999999993985966e+00 5.799999999991783284e+00 -7.799999999994702726e+00 -5.799999999992937916e+00 7.799999999995423039e+00 5.799999999994094324e+00 -7.799999999996141575e+00 -5.799999999995252509e+00 7.799999999996857447e+00 5.799999999996395594e+00 -7.799999999997572431e+00 -5.799999999997567102e+00 7.799999999998299849e+00 5.799999999998710187e+00 -7.799999999999004174e+00 -5.799999999999854161e+00 7.799999999999729816e+00 5.800000000001023892e+00 -7.800000000000456346e+00 -5.800000000002168754e+00
6.549999999995153921e+00 4.699999999993586641e+00 -6.549999999995764099e+00 -4.699999999994533439e+00 6.549999999996376943e+00 4.699999999995482902e+00 -6.549999999996989786e+00 -4.699999999996433253e+00 6.549999999997599964e+00 4.699999999997372058e+00 -6.549999999998210143e+00 -4.699999999998332179e+00 6.549999999998828315e+00 4.699999999999270983e+00 -6.549999999999428724e+00 -4.700000000000208900e+00 6.550000000000046896e+00 4.700000000001169909e+00 -6.550000000000664180e+00 -4.700000000002108713e+00
1.129999999999286153e+01 1.054999999998681126e+01 -1.129999999999378879e+01 -1.054999999998876525e+01 1.129999999999472315e+01 1.054999999999071925e+01 -1.129999999999565574e+01 -1.054999999999267679e+01 1.129999999999658300e+01 1.054999999999461302e+01 -1.129999999999750671e+01 -1.054999999999658833e+01 1.129999999999845350e+01 1.054999999999852456e+01 -1.129999999999935945e+01 -1.055000000000046079e+01 1.130000000000030269e+01 1.055000000000243610e+01 -1.130000000000124771e+01 -1.055000000000437410e+01
8.499999999993186339e-01 -9.999999999992962296e-01 -8.499999999994805044e-01 9.999999999993831601e-01 8.499999999996423750e-01 -9.999999999994694244e-01 -8.499999999998036904e-01 9.999999999995556887e-01 8.499999999999661160e-01 -9.999999999996432853e-01 -8.500000000001282086e-01 9.999999999997282174e-01 8.500000000002885248e-01 -9.999999999998157030e-01 -8.500000000004526157e-01 9.999999999999036326e-01 8.500000000006131540e-01 -9.999999999999882316e-01 -8.500000000007734702e-01 1.000000000000076161e+00
-6.999999999995889510e+00 -7.349999999991175592e+00 6.999999999996424194e+00 7.349999999992491873e+00 -6.999999999996960653e+00 -7.349999999993809041e+00 6.999999999997496225e+00 7.349999999995126210e+00 -6.999999999998029132e+00 -7.349999999996432720e+00 6.999999999998559375e+00 7.349999999997762323e+00 -6.999999999999104716e+00 -7.349999999999067057e+00 6.999999999999622524e+00 7.350000000000372680e+00 -7.000000000000166978e+00 -7.350000000001702283e+00 7.000000000000710543e+00 7.350000000003009681e+00
-6.749999999996129318e+00 -7.949999999990831512e+00 6.749999999996599165e+00 7.949999999992213517e+00 -6.749999999997072564e+00 -7.949999999993595523e+00 6.749999999997545075e+00 7.949999999994978417e+00 -6.749999999998014033e+00 -7.949999999996349764e+00 6.749999999998481215e+00 7.949999999997743316e+00 -6.749999999998965272e+00 -7.949999999999114664e+00 6.749999999999417355e+00 7.950000000000486011e+00 -6.749999999999899636e+00 -7.950000000001880451e+00 6.750000000000381029e+00 7.950000000003253575e+00
-9.099999999994148325e+00 -8.949999999989458388e+00 9.099999999994871303e+00 8.949999999991089084e+00 -9.099999999995599609e+00 -8.949999999992723332e+00 9.099999999996327915e+00 8.949999999994357580e+00 -9.099999999997050892e+00 -8.949999999995975841e+00 9.099999999997772093e+00 8.949999999997626077e+00 -9.099999999998511058e+00 -8.949999999999244338e+00 9.099999999999216271e+00 8.950000000000864375e+00 -9.099999999999953459e+00 -8.950000000002512834e+00 9.100000000000692424e+00 8.950000000004134648e+00
-8.149999999994761879e+00 -7.849999999990420640e+00 8.149999999995417355e+00 7.849999999991860378e+00 -8.149999999996078159e+00 -7.849999999993301891e+00 8.149999999996740740e+00 7.849999999994745181e+00 -8.149999999997394440e+00 -7.849999999996172484e+00 8.149999999998049915e+00 7.849999999997628208e+00 -8.149999999998721378e+00 -7.849999999999056399e+00 8.149999999999362643e+00 7.850000000000484590e+00 -8.150000000000030553e+00 -7.850000000001939426e+00 8.150000000000700240e+00 7.850000000003369394e+00
1.719999999998842100e+01 1.704999999997911786e+01 -1.719999999998978524e+01 -1.704999999998221583e+01 1.719999999999115303e+01 1.704999999998532090e+01 -1.719999999999252438e+01 -1.704999999998842952e+01 1.719999999999388507e+01 1.704999999999150617e+01 -1.719999999999524221e+01 -1.704999999999463967e+01 1.719999999999663132e+01 1.704999999999771987e+01 -1.719999999999795648e+01 -1.705000000000079297e+01 1.719999999999934204e+01 1.705000000000393001e+01 -1.720000000000073115e+01 -1.705000000000701021e+01
-4.149999999997094235e+00 -3.349999999995576960e+00 4.149999999997461941e+00 3.349999999996226219e+00 -4.149999999997831424e+00 -3.349999999996875921e+00 4.149999999998200906e+00 3.349999999997526068e+00 -4.149999999998567723e+00 -3.349999999998169109e+00 4.149999999998935429e+00 3.349999999998826361e+00 -4.149999999999308464e+00 -3.349999999999468958e+00 4.149999999999669065e+00 3.350000000000111999e+00 -4.150000000000042100e+00 -3.350000000000769251e+00 4.150000000000415135e+00 3.350000000001412737e+00
1.789999999998864766e+01 1.794999999997773088e+01 -1.789999999999005453e+01 -1.794999999998098517e+01 1.789999999999146851e+01 1.794999999998424300e+01 -1.789999999999288249e+01 -1.794999999998750440e+01 1.789999999999428937e+01 1.794999999999073381e+01 -1.789999999999568914e+01 -1.794999999999402363e+01 1.789999999999712799e+01 1.794999999999724949e+01 -1.789999999999849578e+01 -1.795000000000047891e+01 1.789999999999992752e+01 1.795000000000376872e+01 -1.790000000000136282e+01 -1.795000000000700169e+01
-5.149999999996588862e+00 -5.049999999993586286e+00 5.149999999997000089e+00 5.049999999994508215e+00 -5.149999999997412203e+00 -5.049999999995430144e+00 5.149999999997825206e+00 5.049999999996354738e+00 -5.149999999998234657e+00 -5.049999999997267786e+00 5.149999999998644107e+00 5.049999999998199485e+00 -5.149999999999063327e+00 -5.049999999999113420e+00 5.149999999999463007e+00 5.050000000000027356e+00 -5.149999999999882228e+00 -5.050000000000959055e+00 5.150000000000299671e+00 5.050000000001873879e+00
3.099999999997426592e+00 -3.000000000010685230e-01 -3.099999999997844924e+00 3.000000000009492851e-01 3.099999999998264144e+00 -3.000000000008284928e-01 -3.099999999998682476e+00 3.000000000007074785e-01 3.099999999999101696e+00 -3.000000000005917933e-01 -3.099999999999520028e+00 3.000000000004656719e-01 3.099999999999938360e+00 -3.000000000003497647e-01 -3.100000000000358025e+00 3.000000000002345235e-01 3.100000000000776357e+00 -3.000000000001077360e-01 -3.100000000001194689e+00 2.999999999999924949e-01
-6.049999999996254374e+00 -5.599999999993078070e+00 6.049999999996754418e+00 5.599999999994117239e+00 -6.049999999997256239e+00 -5.599999999995158184e+00 6.049999999997758060e+00 5.599999999996199129e+00 -6.049999999998257216e+00 -5.599999999997229416e+00 6.049999999998754596e+00 5.599999999998280131e+00 -6.049999999999263522e+00 -5.599999999999311306e+00 6.049999999999751132e+00 5.600000000000341593e+00 -6.050000000000259170e+00 -5.600000000001392308e+00 6.050000000000767209e+00 5.600000000002424372e+00
-1.214999999999228741e+01 -1.174999999998550670e+01 1.214999999999326619e+01 1.174999999998765965e+01 -1.214999999999424674e+01 -1.174999999998981437e+01 1.214999999999523084e+01 1.174999999999197087e+01 -1.214999999999620428e+01 -1.174999999999410605e+01 1.214999999999717950e+01 1.174999999999628209e+01 -1.214999999999817604e+01 -1.174999999999841727e+01 1.214999999999912816e+01 1.175000000000055245e+01 -1.215000000000012292e+01 -1.175000000000272848e+01 1.215000000000111768e+01 1.175000000000486544e+01
-2.399999999998309264e+00 -1.649999999997779021e+00 2.399999999998537081e+00 1.649999999998116529e+00 -2.399999999998765343e+00 -1.649999999998454925e+00 2.399999999998993605e+00 1.649999999998793765e+00 -2.399999999999220535e+00 -1.649999999999127942e+00 2.399999999999447908e+00 1.649999999999470335e+00 -2.399999999999677502e+00 -1.649999999999804956e+00 2.399999999999901767e+00 1.650000000000139133e+00 -2.400000000000131806e+00 -1.650000000000482192e+00 2.400000000000361844e+00 1.650000000000816813e+00
-1.344999999999203411e+01 -1.444999999998283435e+01 1.344999999999304308e+01 1.444999999998540474e+01 -1.344999999999405560e+01 -1.444999999998797691e+01 1.344999999999506990e+01 1.444999999999055262e+01 -1.344999999999607532e+01 -1.444999999999310525e+01 1.344999999999707896e+01 1.444999999999570228e+01 -1.344999999999810925e+01 -1.444999999999825135e+01 1.344999999999908624e+01 1.445000000000080398e+01 -1.345000000000011653e+01 -1.445000000000340101e+01 1.345000000000114682e+01 1.445000000000595541e+01
-8.499999999995619948e-01 -1.599999999998746203e+00 8.499999999995906386e-01 1.599999999998998224e+00 -8.499999999996193933e-01 -1.599999999999250244e+00 8.499999999996487032e-01 1.599999999999502265e+00 -8.499999999996765698e-01 -1.599999999999752731e+00 8.499999999997046585e-01 1.600000000000006306e+00 -8.499999999997356337e-01 -1.600000000000256994e+00 8.499999999997607247e-01 1.600000000000507461e+00 -8.499999999997915889e-01 -1.600000000000760814e+00 8.499999999998223421e-01 1.600000000001011946e+00
