3.618913560912520033e+00 3.168673289840416629e+00 1.060852972900074853e-01 -3.043962543376223184e+00 -3.684477880344530831e+00 -1.287400977552476400e+00 2.171047263560063278e+00 3.839620104653615584e+00 2.342696880282121974e+00 -1.085614751010816503e+00 -3.618913560912838889e+00 -3.168673289840839846e+00 -1.060852972901844549e-01 3.043962543376433239e+00 3.684477880344958933e+00 1.287400977552771941e+00 -2.171047263560148544e+00 -3.839620104654007271e+00 -2.342696880282497673e+00 1.085614751010763435e+00
-5.455569558542418207e+00 -1.404088830560757906e+01 -1.105048459170171604e+01 1.050264558232702372e+00 1.228514462837126509e+01 1.339178911144095885e+01 3.457847654660578307e+00 -9.326845399273963721e+00 -1.442221200687110816e+01 -7.627481646874659127e+00 5.455569558542407549e+00 1.404088830560887935e+01 1.105048459170325792e+01 -1.050264558232171463e+00 -1.228514462837220478e+01 -1.339178911144258954e+01 -3.457847654661550862e+00 9.326845399274450443e+00 1.442221200687264471e+01 7.627481646876001165e+00
-6.104853739607249530e+00 -1.466063487016171329e+01 -1.112975619224457269e+01 1.576821767337425184e+00 1.298342135291421506e+01 1.368610542374711692e+01 3.105560505882951183e+00 -1.003530009282744295e+01 -1.490276329966972213e+01 -7.483948879075390970e+00 6.104853739607293051e+00 1.466063487016309352e+01 1.112975619224615542e+01 -1.576821767336927582e+00 -1.298342135291523114e+01 -1.368610542374880801e+01 -3.105560505883914413e+00 1.003530009282799718e+01 1.490276329967133329e+01 7.483948879076749883e+00
-8.943696490377179842e+00 -1.803982017334658750e+01 -1.226338401342572304e+01 3.623347640764886801e+00 1.652288462776669675e+01 1.580046817829789951e+01 2.051679721273315771e+00 -1.338857401311421569e+01 -1.779089242954319516e+01 -7.525874377300442397e+00 8.943696490377426755e+00 1.803982017334836385e+01 1.226338401342756868e+01 -3.623347640764472466e+00 -1.652288462776807876e+01 -1.580046817829993699e+01 -2.051679721274318524e+00 1.338857401311506834e+01 1.779089242954519179e+01 7.525874377301965623e+00
-9.084988253594909580e+00 -1.711831830987778957e+01 -1.103880183959399552e+01 4.141428461293191532e+00 1.590734298553919501e+01 1.455877475882314087e+01 1.207523203829057978e+00 -1.313924609680006483e+01 -1.665363336771037694e+01 -6.438274084451967028e+00 9.084988253595223995e+00 1.711831830987950909e+01 1.103880183959570260e+01 -4.141428461292881558e+00 -1.590734298554056281e+01 -1.455877475882505756e+01 -1.207523203829933056e+00 1.313924609680094591e+01 1.665363336771228120e+01 6.438274084453349033e+00
2.039758285889192280e+01 4.042842169883483905e+01 2.712887723718070276e+01 -8.536513796299583845e+00 -3.716415106809368041e+01 -3.515256602729099455e+01 -4.160168714064354845e+00 3.026199439294050819e+01 3.973527673232091217e+01 1.644962492509660024e+01 -2.039758285889252321e+01 -4.042842169883883230e+01 -2.712887723718480615e+01 8.536513796298702772e+00 3.716415106809680680e+01 3.515256602729554913e+01 4.160168714066556639e+00 -3.026199439294246218e+01 -3.973527673232540280e+01 -1.644962492509997176e+01
-4.509111142795306115e+00 -7.268487534110467330e+00 -4.035508415248375336e+00 2.524462870140212978e+00 7.003192505305197102e+00 5.708283677027012004e+00 -2.927025827885734177e-01 -6.052376199969216941e+00 -6.822292360547271173e+00 -1.967709472745367005e+00 4.509111142795527272e+00 7.268487534111231163e+00 4.035508415249053016e+00 -2.524462870140170789e+00 -7.003192505305835702e+00 -5.708283677027806036e+00 2.927025827882852038e-01 6.052376199969668136e+00 6.822292360548086521e+00 1.967709472745885924e+00
1.839926160931318222e+01 4.180114852505958112e+01 3.074093565452182020e+01 -5.663011286260283050e+00 -3.739820468978179946e+01 -3.830121507147821092e+01 -7.627574038012352453e+00 2.933446401085364741e+01 4.211230469698124779e+01 2.017151927101179965e+01 -1.839926160931344157e+01 -4.180114852506356726e+01 -3.074093565452626109e+01 5.663011286259001409e+00 3.739820468978479795e+01 3.830121507148299997e+01 7.627574038014972579e+00 -2.933446401085534916e+01 -4.211230469698584500e+01 -2.017151927101556907e+01
-6.726536209855708215e+00 -1.105756524599900281e+01 -6.272411345864378873e+00 3.683903475176982134e+00 1.060309961302062121e+01 8.780787687066242242e+00 -2.806646010829241256e-01 -9.110728713780616772e+00 -1.042963935011288434e+01 -3.150047679670609391e+00 6.726536209856026183e+00 1.105756524600015744e+01 6.272411345865419818e+00 -3.683903475176899978e+00 -1.060309961302158044e+01 -8.780787687067453717e+00 2.806646010824682680e-01 9.110728713781284682e+00 1.042963935011412246e+01 3.150047679671412748e+00
4.590123102461924454e+00 1.612990137615531117e+00 -2.693939472494756071e+00 -4.779905922617580849e+00 -2.925176944825402803e+00 1.341154185588975256e+00 4.501798247504532391e+00 3.951027051769613330e+00 1.429126173730292937e-01 -3.783023194052924421e+00 -4.590123102462457361e+00 -1.612990137615895936e+00 2.693939472494863541e+00 4.779905922618067571e+00 2.925176944825869541e+00 -1.341154185588908199e+00 -4.501798247504925854e+00 -3.951027051770136911e+00 -1.429126173732534477e-01 3.783023194053185101e+00
-6.388215380569935320e+00 -1.171784100999853528e+01 -7.386932888200314906e+00 3.033980587281860153e+00 1.095359097809239124e+01 9.842737885851473578e+00 6.172413648753558579e-01 -9.117127143094442943e+00 -1.133506712084818879e+01 -4.208043431665325684e+00 6.388215380570173352e+00 1.171784100999971834e+01 7.386932888201470426e+00 -3.033980587281670971e+00 -1.095359097809334159e+01 -9.842737885852777424e+00 -6.172413648759331739e-01 9.117127143095066444e+00 1.133506712084949442e+01 4.208043431666252943e+00
-1.182477662345034020e+01 -2.482983759441998117e+01 -1.736444808618446345e+01 4.416704595905193820e+00 2.255659573659582406e+01 2.210016403588373990e+01 3.423705250478071171e+00 -1.807535712702949837e+01 -2.467256194885366583e+01 -1.092897897258784923e+01 1.182477662345061376e+01 2.482983759442239702e+01 1.736444808618703561e+01 -4.416704595904556996e+00 -2.255659573659768213e+01 -2.210016403588656075e+01 -3.423705250479513573e+00 1.807535712703061748e+01 2.467256194885640852e+01 1.092897897258999507e+01
-1.765494154955294048e+00 -3.531156641286944620e+00 -2.385629439610915448e+00 7.266810372108661875e-01 3.239894233197268214e+00 3.082043061310750787e+00 3.832646835403359376e-01 -2.631488403891705019e+00 -3.476764834312801256e+00 -1.455693786704604253e+00 1.765494154955344230e+00 3.531156641287292786e+00 2.385629439611275604e+00 -7.266810372107870286e-01 -3.239894233197539997e+00 -3.082043061311148691e+00 -3.832646835405303376e-01 2.631488403891873773e+00 3.476764834313192942e+00 1.455693786704900683e+00
-1.257315790784563525e+01 -2.930052011219298080e+01 -2.187166930504674056e+01 3.588830791144295596e+00 2.609059292906275118e+01 2.708250070339485305e+01 5.746796088249285006e+00 -2.032673672618529892e+01 -2.964230823801680970e+01 -1.451988652624277698e+01 1.257315790784577381e+01 2.930052011219575903e+01 2.187166930504987761e+01 -3.588830791143352794e+00 -2.609059292906481886e+01 -2.708250070339822102e+01 -5.746796088251162615e+00 2.032673672618645710e+01 2.964230823802003201e+01 1.451988652624545395e+01
-2.757603764734963825e+00 -4.210379677242454655e+00 -2.191994396935176503e+00 1.633535717990040492e+00 4.112330805190336669e+00 3.200799081687826231e+00 -3.495658136555691575e-01 -3.611738341632624305e+00 -3.896287251046354871e+00 -9.686220280878324873e-01 2.757603764735111707e+00 4.210379677242905849e+00 2.191994396935558864e+00 -1.633535717990036273e+00 -4.112330805190720362e+00 -3.200799081688280978e+00 3.495658136554207207e-01 3.611738341632902305e+00 3.896287251046829603e+00 9.686220280881177036e-01
1.059643753608042527e+00 7.075940836015446322e-01 -2.278170197072604264e-01 -9.754090524118664840e-01 -9.188450922132957999e-01 -1.047581362767162072e-01 7.956945170911147169e-01 1.040153141229010592e+00 4.270788359890940189e-01 -5.380918585077729688e-01 -1.059643753608147776e+00 -7.075940836016527680e-01 2.278170197072389436e-01 9.754090524119480854e-01 9.188450922134141496e-01 1.047581362767746049e-01 -7.956945170911657872e-01 -1.040153141229127609e+00 -4.270788359891809494e-01 5.380918585077874017e-01
-1.651349787887003373e+01 -3.834932210763214044e+01 -2.856883406169012218e+01 4.764643434327739513e+00 3.417000834795081232e+01 3.540461052094516958e+01 7.450607506790179357e+00 -2.664589609472404419e+01 -3.877473702398363997e+01 -1.893654107370919704e+01 1.651349787887021847e+01 3.834932210763577842e+01 2.856883406169422202e+01 -4.764643434326513827e+00 -3.417000834795351949e+01 -3.540461052094957495e+01 -7.450607506792630730e+00 2.664589609472556120e+01 3.877473702398786770e+01 1.893654107371269291e+01
-1.560755467190073631e+00 -1.184955619939002247e+01 -1.236923329323473020e+01 -2.691349624466837120e+00 9.205362057185947577e+00 1.351290174292027224e+01 6.680006663145706014e+00 -5.660082939295424609e+00 -1.333383322008612026e+01 -1.001477810729287299e+01 1.560755467189653523e+00 1.184955619939095328e+01 1.236923329323625076e+01 2.691349624467704871e+00 -9.205362057186464497e+00 -1.351290174292174129e+01 -6.680006663146915713e+00 5.660082939295474347e+00 1.333383322008738148e+01 1.001477810729432250e+01
3.444901014245866477e+00 7.688007748863323165e+00 5.592894134338444623e+00 -1.113166369268944633e+00 -6.901499684747067320e+00 -7.000033097522120329e+00 -1.327532755818329191e+00 5.439424745911843218e+00 7.721960049021889816e+00 3.638283725301652449e+00 -3.444901014245922433e+00 -7.688007748864059465e+00 -5.592894134339257306e+00 1.113166369268717482e+00 6.901499684747622432e+00 7.000033097522999626e+00 1.327532755818803478e+00 -5.439424745912162962e+00 -7.721960049022738026e+00 -3.638283725302339455e+00
-1.420099414733354237e+01 -3.293490407354250493e+01 -2.451630765285796798e+01 4.114255915512702977e+00 2.935290555544941782e+01 3.039215407934171509e+01 6.375214351025736192e+00 -2.289764012786971037e+01 -3.329300470995062255e+01 -1.624063421815609587e+01 1.420099414733370580e+01 3.293490407354563132e+01 2.451630765286148872e+01 -4.114255915511652262e+00 -2.935290555545174840e+01 -3.039215407934549873e+01 -6.375214351027838511e+00 2.289764012787101777e+01 3.329300470995423922e+01 1.624063421815909791e+01
