6.100523467810238465e+00 -5.675304410484919515e+00 4.694547015291782976e+00 -3.254254649410970757e+00 1.495413164721822064e+00 4.098097796853062413e-01 -2.274917687543385192e+00 3.917340801860722976e+00 -5.176307304773689388e+00 5.928580783242201058e+00 -6.100523467796637789e+00 5.675304410477998829e+00 -4.694547015292208414e+00 3.254254649418735656e+00 -1.495413164736122624e+00 -4.098097796658285441e-01 2.274917687520658482e+00 -3.917340801836987740e+00 5.176307304751238902e+00 -5.928580783223253547e+00
1.077090653559112354e+01 -9.912308341528477840e+00 8.083424343886317587e+00 -5.463278450938025443e+00 2.308348798315128736e+00 1.072538117896622456e+00 -4.348437530314789967e+00 7.198681579919235851e+00 -9.344268520317509541e+00 1.057517335260097191e+01 -1.077090653556816946e+01 9.912308341517526600e+00 -8.083424343888420793e+00 5.463278450953041876e+00 -2.308348798341511188e+00 -1.072538117861384421e+00 4.348437530274184226e+00 -7.198681579877264092e+00 9.344268520278227186e+00 -1.057517335256826385e+01
-8.173452476436413594e-01 5.325284312952778265e-01 -1.955840217482294197e-01 -1.605055145613402123e-01 5.008836527978268727e-01 -7.922318092367850451e-01 1.006030796384087544e+00 -1.121352479752699249e+00 1.126908369481161687e+00 -1.022154616372746849e+00 8.173452476440530301e-01 -5.325284312970273159e-01 1.955840217511446433e-01 1.605055145575360331e-01 -5.008836527935155436e-01 7.922318092323816785e-01 -1.006030796380026793e+00 1.121352479749379683e+00 -1.126908369478906380e+00 1.022154616371775848e+00
-6.648614260219142480e+00 6.143897065445964145e+00 -5.037772418860511969e+00 3.438515507694206441e+00 -1.502672741090028241e+00 -5.802621031474044511e-01 2.606396849804097915e+00 -4.377399312966833378e+00 5.719911432242038352e+00 -6.502518767563591595e+00 6.648614260204724680e+00 -6.143897065438906679e+00 5.037772418861493406e+00 -3.438515507703169938e+00 1.502672741106047871e+00 5.802621031258516915e-01 -2.606396849779144986e+00 4.377399312940941201e+00 -5.719911432217705816e+00 6.502518767543225664e+00
-7.622309736131203550e+00 6.854507790784563070e+00 -5.415738864713729228e+00 3.446839684895092404e+00 -1.140539821176389523e+00 -1.277404026845900376e+00 3.570306668522432947e+00 -5.513722817694313605e+00 6.917417361104693185e+00 -7.643986896730151415e+00 7.622309736116529066e+00 -6.854507790778694876e+00 5.415738864717227763e+00 -3.446839684907662793e+00 1.140539821196744130e+00 1.277404026819702221e+00 -3.570306668492982283e+00 5.513722817664512554e+00 -6.917417361077422555e+00 7.643986896708105938e+00
-9.397960552998268824e+00 8.425036037492846575e+00 -6.627410293962125110e+00 4.181047454977936617e+00 -1.325414560032029510e+00 -1.659959146754396597e+00 4.482844486639981696e+00 -6.866917774358658022e+00 8.578809305693940956e+00 -9.450947210109772456e+00 9.397960552980434201e+00 -8.425036037485918783e+00 6.627410293966768506e+00 -4.181047454993754187e+00 1.325414560057401436e+00 1.659959146721888379e+00 -4.482844486603553058e+00 6.866917774321898094e+00 -8.578809305660405116e+00 9.450947210082770056e+00
-8.029971801757122662e+00 7.285400471459913874e+00 -5.827683382648248589e+00 3.799512040487216691e+00 -1.399417987048078293e+00 -1.137660849280310638e+00 3.563377515130946360e+00 -5.640285962289071087e+00 7.165083921275440915e+00 -7.988513543972979747e+00 8.029971801741032422e+00 -7.285400471452976312e+00 5.827683382651127175e+00 -3.799512040499680499e+00 1.399417987068845459e+00 1.137660849253217421e+00 -3.563377515100207393e+00 5.640285962257715724e+00 -7.165083921246499621e+00 7.988513543949312457e+00
1.792964551794839423e+01 -1.633061980602472474e+01 1.313303924537285639e+01 -8.649905300123267082e+00 3.320058356667616284e+00 2.334779030942142342e+00 -7.761071979639033280e+00 1.242765712839965353e+01 -1.587773660885414095e+01 1.777359260333971491e+01 -1.792964551791184746e+01 1.633061980600848528e+01 -1.313303924537848744e+01 8.649905300150324550e+00 -3.320058356713318393e+00 -2.334779030882147222e+00 7.761071979570679957e+00 -1.242765712832968283e+01 1.587773660878931281e+01 -1.777359260328643131e+01
-4.309935943377571022e+00 3.950557653244933576e+00 -3.204471254860005835e+00 2.144708883186333903e+00 -8.750074629618972422e-01 -4.803457842719262572e-01 1.788679439374796232e+00 -2.921924688488924282e+00 3.769151590847427347e+00 -4.247427674270840114e+00 4.309935943368540912e+00 -3.950557653240736933e+00 3.204471254861045892e+00 -2.144708883192534721e+00 8.750074629726203312e-01 4.803457842577013026e-01 -1.788679439358477063e+00 2.921924688472119946e+00 -3.769151590831760323e+00 4.247427674257860275e+00
1.873992303833654915e+01 -1.704110096542568442e+01 1.367417719769133733e+01 -8.968729692256717456e+00 3.385360435734031004e+00 2.529391487427985474e+00 -8.196548948491502173e+00 1.306137108976098560e+01 -1.664765522484153237e+01 1.860435087548198396e+01 -1.873992303829861683e+01 1.704110096540903641e+01 -1.367417719769756879e+01 8.968729692285331012e+00 -3.385360435782088118e+00 -2.529391487365062030e+00 8.196548948419936309e+00 -1.306137108968783522e+01 1.664765522477386028e+01 -1.860435087542648347e+01
-6.118115339889136806e+00 5.440418969556667150e+00 -4.230176484857606667e+00 2.605854852449517089e+00 -7.264539910266607503e-01 -1.224057248539395903e+00 3.054749236109406851e+00 -4.586421084759326305e+00 5.669142082158506568e+00 -6.196927953321190508e+00 6.118115339877960857e+00 -5.440418969552678341e+00 4.230176484861186026e+00 -2.605854852460351978e+00 7.264539910436440540e-01 1.224057248517884000e+00 -3.054749236085494424e+00 4.586421084735369469e+00 -5.669142082136820804e+00 6.196927953303917214e+00
1.041793661080252065e+00 -9.847866067747974572e-01 8.313817779867118674e-01 -5.965955081920776282e-01 3.034103133305179889e-01 1.947479698358409173e-02 -3.404535784798941034e-01 6.281063916349415299e-01 -8.542757749021927527e-01 9.968226932327733936e-01 -1.041793661077776489e+00 9.847866067734322160e-01 -8.313817779865886326e-01 5.965955081932142745e-01 -3.034103133327960000e-01 -1.947479698038070972e-02 3.404535784760825967e-01 -6.281063916308978756e-01 8.542757748983071941e-01 -9.968226932294304010e-01
-6.048686348776158184e+00 5.476238417369151179e+00 -4.367738114474857269e+00 2.831693173116345275e+00 -1.018462374408097615e+00 -8.944626175507366383e-01 2.719831376415470903e+00 -4.278964089976829754e+00 5.419241985115527349e+00 -6.029046716672572082e+00 6.048686348764151788e+00 -5.476238417364061029e+00 4.367738114477170974e+00 -2.831693173125873653e+00 1.018462374423862560e+00 8.944626175302369253e-01 -2.719831376392264577e+00 4.278964089953203320e+00 -5.419241985093765201e+00 6.029046716654824500e+00
-1.248759053513194317e+01 1.133542060399380169e+01 -9.073660725620314338e+00 5.923707715514423988e+00 -2.193900921318228114e+00 -1.750660180860862614e+00 5.523854466969070565e+00 -8.756335390892477477e+00 1.113168519777953236e+01 -1.241738809849777958e+01 1.248759053510686634e+01 -1.133542060398294637e+01 9.073660725624719703e+00 -5.923707715533735652e+00 2.193900921350463218e+00 1.750660180818774281e+00 -5.523854466921291895e+00 8.756335390843718258e+00 -1.113168519773450704e+01 1.241738809846093439e+01
-2.141344331023312453e+00 1.916839106857062047e+00 -1.504700315508783692e+00 9.452709734154585153e-01 -2.933119223545607168e-01 -3.873585432903533521e-01 1.030111655832095963e+00 -1.572030262290954772e+00 1.960067593697957244e+00 -2.156239852440077875e+00 2.141344331019276126e+00 -1.916839106855516839e+00 1.504700315509877040e+00 -9.452709734190969382e-01 2.933119223603714576e-01 3.873585432829240727e-01 -1.030111655823783057e+00 1.572030262282577473e+00 -1.960067593690325349e+00 2.156239852433945448e+00
-1.420837681496007221e+01 1.279173203655270186e+01 -1.012294340117316338e+01 6.463250534996242358e+00 -2.170889674342631359e+00 -2.333972993110849270e+00 6.610370122250931679e+00 -1.023969816666749644e+01 1.286669321035878966e+01 -1.423420667509861737e+01 1.420837681493257598e+01 -1.279173203654159074e+01 1.012294340117950142e+01 -6.463250535019498422e+00 2.170889674380419798e+00 2.333972993062129131e+00 -6.610370122196099096e+00 1.023969816661195509e+01 -1.286669321030790947e+01 1.423420667505742188e+01
-1.274385082909317068e+00 1.002435199565535395e+00 -6.323599745118971827e-01 2.003849492423306899e-01 2.512051510228577866e-01 -6.782055408565583754e-01 1.038818447015299018e+00 -1.297744565706504982e+00 1.429638404388441142e+00 -1.421589275172598477e+00 1.274385082908271238e+00 -1.002435199566241053e+00 6.323599745142831630e-01 -2.003849492461742265e-01 -2.512051510179452718e-01 6.782055408510478944e-01 -1.038818447009735024e+00 1.297744565701434594e+00 -1.429638404384355965e+00 1.421589275169900413e+00
-1.170102782715447542e+00 1.004575377804594272e+00 -7.407131356262959265e-01 4.043447308812981866e-01 -2.839624664249265629e-02 -3.503318600657752691e-01 6.947670434051008703e-01 -9.711935878092777807e-01 1.152552937135136624e+00 -1.221092374665857516e+00 1.170102782713662082e+00 -1.004575377804253655e+00 7.407131356274307965e-01 -4.043447308838060694e-01 2.839624664611831162e-02 3.503318600613783418e-01 -6.947670434003674345e-01 9.711935878046739079e-01 -1.152552937131107846e+00 1.221092374662801294e+00
-1.889021123255672308e+01 1.709080167331022793e+01 -1.361842536766737766e+01 8.812982701892879689e+00 -3.144863885600231335e+00 -2.831096119366664166e+00 8.529928710761158328e+00 -1.339379244843733474e+01 1.694657846122160549e+01 -1.884051530046832568e+01 1.889021123251934142e+01 -1.709080167329446809e+01 1.361842536767474954e+01 -8.812982701922777551e+00 3.144863885649588298e+00 2.831096119302551894e+00 -8.529928710688633231e+00 1.339379244836354488e+01 -1.694657846115368116e+01 1.884051530041297795e+01
-6.351721832807091239e+00 5.702633958647621348e+00 -4.495332540030124058e+00 2.847996651572495708e+00 -9.218790077008887085e-01 -1.094478576552083471e+00 3.003700972050765472e+00 -4.618900188389535089e+00 5.781969272518986180e+00 -6.379058918906180153e+00 6.351721832794953393e+00 -5.702633958642840284e+00 4.495332540033155411e+00 -2.847996651583083239e+00 9.218790077179477294e-01 1.094478576530179215e+00 -3.003700972026182470e+00 4.618900188364695403e+00 -5.781969272496292334e+00 6.379058918887873020e+00
