1.447426457862675697e+01 2.928689936781063707e+01 3.291293402358903819e+01 2.396734655183970375e+01 5.867047317435554632e+00 -1.447426457862495575e+01 -2.928689936780957126e+01 -3.291293402358910214e+01 -2.396734655184088325e+01 -5.867047317437396714e+00 1.447426457862315807e+01 2.928689936780849834e+01 3.291293402358916609e+01 2.396734655184207696e+01 5.867047317439222809e+00 -1.447426457862134086e+01 -2.928689936780742542e+01 -3.291293402358923004e+01 -2.396734655184324581e+01 -5.867047317441052456e+00
-6.565411518863939477e-02 -5.751518827218789376e+00 -9.240498834186363197e+00 -9.199922359498645008e+00 -5.645288237342700910e+00 6.565411518808161873e-02 5.751518827218310648e+00 9.240498834186142929e+00 9.199922359498767577e+00 5.645288237343120130e+00 -6.565411518752517495e-02 -5.751518827217826590e+00 -9.240498834185919108e+00 -9.199922359498891922e+00 -5.645288237343537574e+00 6.565411518696384618e-02 5.751518827217346086e+00 9.240498834185698840e+00 9.199922359499010938e+00 5.645288237343953242e+00
-5.519959346906758491e+00 -1.170025124993666310e+01 -1.341144485240435280e+01 -9.999922359498578217e+00 -2.768769410124538588e+00 5.519959346906019526e+00 1.170025124993621191e+01 1.341144485240435635e+01 9.999922359499038294e+00 2.768769410125279329e+00 -5.519959346905282338e+00 -1.170025124993575716e+01 -1.341144485240435813e+01 -9.999922359499503699e+00 -2.768769410126015185e+00 5.519959346904537156e+00 1.170025124993530241e+01 1.341144485240436346e+01 9.999922359499960223e+00 2.768769410126751040e+00
1.703771242968608846e+01 1.685156681168486159e+01 1.022869543530995173e+01 -3.011899367823005491e-01 -1.071603099009312032e+01 -1.703771242968568700e+01 -1.685156681168509607e+01 -1.022869543531072800e+01 3.011899367812755912e-01 1.071603099009224103e+01 1.703771242968528910e+01 1.685156681168533055e+01 1.022869543531149716e+01 -3.011899367802435279e-01 -1.071603099009137239e+01 -1.703771242968488764e+01 -1.685156681168555792e+01 -1.022869543531226988e+01 3.011899367792274518e-01 1.071603099009049487e+01
1.833426824431399993e+01 3.227522159390343859e+01 3.388813728905675049e+01 2.255693635521356200e+01 2.609752415747306209e+00 -1.833426824431218805e+01 -3.227522159390250067e+01 -3.388813728905702050e+01 -2.255693635521495466e+01 -2.609752415749285959e+00 1.833426824431037971e+01 3.227522159390154854e+01 3.388813728905729761e+01 2.255693635521636509e+01 2.609752415751251498e+00 -1.833426824430855362e+01 -3.227522159390060352e+01 -3.388813728905756761e+01 -2.255693635521774709e+01 -2.609752415753217925e+00
2.011131922743761891e+01 2.993722825824654876e+01 2.832813362336950291e+01 1.589865478221441819e+01 -2.603569810345264912e+00 -2.011131922743616940e+01 -2.993722825824597678e+01 -2.832813362337002516e+01 -1.589865478221583750e+01 2.603569810343492108e+00 2.011131922743471989e+01 2.993722825824539768e+01 2.832813362337053675e+01 1.589865478221726747e+01 -2.603569810341734403e+00 -2.011131922743325617e+01 -2.993722825824481859e+01 -2.832813362337105190e+01 -1.589865478221866901e+01 2.603569810339973145e+00
1.921172575837581675e+01 3.378981139727792993e+01 3.546133755586889436e+01 2.358783805465154870e+01 2.704586137685869751e+00 -1.921172575837392316e+01 -3.378981139727694938e+01 -3.546133755586918568e+01 -2.358783805465300887e+01 -2.704586137687942760e+00 1.921172575837203311e+01 3.378981139727595462e+01 3.546133755586946990e+01 2.358783805465448680e+01 2.704586137689998893e+00 -1.921172575837012175e+01 -3.378981139727496696e+01 -3.546133755586976122e+01 -2.358783805465593630e+01 -2.704586137692056802e+00
4.490576474687201447e+00 1.185661446564583166e-01 -4.298732422718003932e+00 -7.074061313155418418e+00 -7.147339220468268195e+00 -4.490576474687519415e+00 -1.185661446568846422e-01 4.298732422717630008e+00 7.074061313155239006e+00 7.147339220468351684e+00 4.490576474687836495e+00 1.185661446573154088e-01 -4.298732422717254309e+00 -7.074061313155057817e+00 -7.147339220468436949e+00 -4.490576474688156239e+00 -1.185661446577408462e-01 4.298732422716881274e+00 7.074061313154878405e+00 7.147339220468519549e+00
-3.224342219126540066e+00 -1.319885804768711957e+01 -1.813185871471646493e+01 -1.613910563193534031e+01 -7.981762745779995782e+00 3.224342219125486686e+00 1.319885804768632198e+01 1.813185871471621624e+01 1.613910563193574177e+01 7.981762745780894619e+00 -3.224342219124435083e+00 -1.319885804768551374e+01 -1.813185871471596400e+01 -1.613910563193614678e+01 -7.981762745781786350e+00 3.224342219123372377e+00 1.319885804768470905e+01 1.813185871471571886e+01 1.613910563193654468e+01 7.981762745782678081e+00
-4.167908363782896863e+00 -1.612644118671801152e+01 -2.192522159390323466e+01 -1.934931256309085512e+01 -9.382623792123389705e+00 4.167908363781626768e+00 1.612644118671705584e+01 2.192522159390295045e+01 1.934931256309135605e+01 9.382623792124480389e+00 -4.167908363780358449e+00 -1.612644118671609306e+01 -2.192522159390265912e+01 -1.934931256309186054e+01 -9.382623792125567519e+00 4.167908363779076808e+00 1.612644118671513027e+01 2.192522159390237846e+01 1.934931256309235437e+01 9.382623792126651097e+00
-9.670288237345030069e+00 -2.247238720493601605e+01 -2.669079806858998083e+01 -2.071423125690297340e+01 -6.825532155904793896e+00 9.670288237343541482e+00 2.247238720493506037e+01 2.669079806858990978e+01 2.071423125690382250e+01 6.825532155906236298e+00 -9.670288237342056448e+00 -2.247238720493409048e+01 -2.669079806858983517e+01 -2.071423125690468225e+01 -6.825532155907669818e+00 9.670288237340557203e+00 2.247238720493313124e+01 2.669079806858976411e+01 2.071423125690552425e+01 6.825532155909101562e+00
-8.030901699438926400e+00 -1.944984471899895695e+01 -2.343960813180927971e+01 -1.847623792124720055e+01 -6.455572808998659262e+00 8.030901699437613672e+00 1.944984471899809719e+01 2.343960813180919445e+01 1.847623792124792175e+01 6.455572808999914258e+00 -8.030901699436304497e+00 -1.944984471899722678e+01 -2.343960813180909852e+01 -1.847623792124864650e+01 -6.455572809001161261e+00 8.030901699434981111e+00 1.944984471899636347e+01 2.343960813180900971e+01 1.847623792124936060e+01 6.455572809002407375e+00
2.270742052665933031e+01 5.157334422021515508e+01 6.074000333514739225e+01 4.670604565283611009e+01 1.483196601124639180e+01 -2.270742052665595523e+01 -5.157334422021300924e+01 -6.074000333514727856e+01 -4.670604565283807119e+01 -1.483196601124969050e+01 2.270742052665258370e+01 5.157334422021084208e+01 6.074000333514714356e+01 4.670604565284006782e+01 1.483196601125296787e+01 -2.270742052664918020e+01 -5.157334422020868914e+01 -6.074000333514702987e+01 -4.670604565284201470e+01 -1.483196601125624525e+01
-2.748277907313505963e+00 -8.749061313155923614e+00 -1.140800066702967364e+01 -9.709471509779714182e+00 -4.302254248592798369e+00 2.748277907312851376e+00 8.749061313155452879e+00 1.140800066702956173e+01 9.709471509780005505e+00 4.302254248593381014e+00 -2.748277907312199453e+00 -8.749061313154976816e+00 -1.140800066702944626e+01 -9.709471509780296827e+00 -4.302254248593960106e+00 2.748277907311540424e+00 8.749061313154502528e+00 1.140800066702933435e+01 9.709471509780584597e+00 4.302254248594538311e+00
1.549290836378523295e+01 4.410797101099799988e+01 5.587528790680514845e+01 4.630014395339944144e+01 1.903991869380874391e+01 -1.549290836378205327e+01 -4.410797101099578299e+01 -5.587528790680472213e+01 -4.630014395340096911e+01 -1.903991869381165003e+01 1.549290836377888425e+01 4.410797101099354478e+01 5.587528790680427448e+01 4.630014395340251099e+01 1.903991869381453128e+01 -1.549290836377568503e+01 -4.410797101099132078e+01 -5.587528790680384105e+01 -4.630014395340403155e+01 -1.903991869381741608e+01
-6.381762745781943025e+00 -1.286291569515542221e+01 -1.443087204340417706e+01 -1.048672575837338172e+01 -2.537006664343125273e+00 6.381762745781152546e+00 1.286291569515495681e+01 1.443087204340420904e+01 1.048672575837390042e+01 2.537006664343933515e+00 -6.381762745780364732e+00 -1.286291569515448785e+01 -1.443087204340423746e+01 -1.048672575837442444e+01 -2.537006664344735540e+00 6.381762745779568924e+00 1.286291569515402067e+01 1.443087204340427121e+01 1.048672575837493959e+01 2.537006664345538454e+00
1.310787504206131970e+01 1.252279373587286670e+01 7.154430856685428886e+00 -9.466814395947054095e-01 -8.686193602468332386e+00 -1.310787504206105680e+01 -1.252279373587308342e+01 -7.154430856686042617e+00 9.466814395939264770e-01 8.686193602467687569e+00 1.310787504206079390e+01 1.252279373587330369e+01 7.154430856686651907e+00 -9.466814395931413273e-01 -8.686193602467051633e+00 -1.310787504206052745e+01 -1.252279373587351685e+01 -7.154430856687262974e+00 9.466814395923686121e-01 8.686193602466408592e+00
-7.080369543532027521e+00 -1.540230223306124913e+01 -1.784107897455967162e+01 -1.346516994374766441e+01 -3.946023658717755289e+00 7.080369543531040755e+00 1.540230223306063806e+01 1.784107897455966452e+01 1.346516994374826481e+01 3.946023658718734950e+00 -7.080369543530056653e+00 -1.540230223306001811e+01 -1.784107897455965031e+01 -1.346516994374886877e+01 -3.946023658719707061e+00 7.080369543529061893e+00 1.540230223305940349e+01 1.784107897455964320e+01 1.346516994374946208e+01 3.946023658720679173e+00
-1.018647450843988800e+01 -2.809751282990484711e+01 -3.527625624968275275e+01 -2.898066877793321083e+01 -1.161545084971648301e+01 1.018647450843788604e+01 2.809751282990346866e+01 3.527625624968250406e+01 2.898066877793419849e+01 1.161545084971832686e+01 -1.018647450843589120e+01 -2.809751282990206889e+01 -3.527625624968224827e+01 -2.898066877793519325e+01 -1.161545084972015829e+01 1.018647450843387503e+01 2.809751282990068688e+01 3.527625624968199958e+01 2.898066877793617024e+01 1.161545084972198616e+01
-1.342202598442101547e-01 -2.309878040718817971e+00 -3.603240919905879025e+00 -3.520288237343378590e+00 -2.092705098312212630e+00 1.342202598439941053e-01 2.309878040718636338e+00 3.603240919905799089e+00 3.520288237343431437e+00 2.092705098312379164e+00 -1.342202598437784999e-01 -2.309878040718452930e+00 -3.603240919905718265e+00 -3.520288237343485171e+00 -2.092705098312543921e+00 1.342202598435611183e-01 2.309878040718270409e+00 3.603240919905639217e+00 3.520288237343537574e+00 2.092705098312708678e+00
