1.163476821881003431e+01 -2.456764824039023409e+00 -8.746667954967781711e+00 1.273908968529734231e+01 -6.229030134330090007e+00 -5.416425587207962522e+00 1.259642029493080173e+01 -9.391554574867852168e+00 -1.555985744516263480e+00 1.122072552167565362e+01 -1.163476821880905909e+01 2.456764824038641049e+00 8.746667954967225711e+00 -1.273908968529634400e+01 6.229030134329462953e+00 5.416425587207701398e+00 -1.259642029492987270e+01 9.391554574866997740e+00 1.555985744516335867e+00 -1.122072552167488624e+01
-4.231114960980624784e-01 4.235293085969433768e-01 -7.477706691576144205e-02 -3.356235943113936582e-01 4.693262650310149886e-01 -2.161025198860843655e-01 -2.152825166864470730e-01 4.691822966554829444e-01 -3.362743525351604701e-01 -7.386808636674488393e-02 4.231114960980332240e-01 -4.235293085969075721e-01 7.477706691574989573e-02 3.356235943113723419e-01 -4.693262650309779072e-01 2.161025198860620777e-01 2.152825166864369144e-01 -4.691822966554480279e-01 3.362743525351295504e-01 7.386808636674635498e-02
-6.898532407702915314e+00 1.065965946102406248e+00 5.645414282572844833e+00 -7.702548462857548017e+00 3.409474500498604677e+00 3.694470803936818371e+00 -7.752585407656862770e+00 5.419239935580227652e+00 1.381886782119870594e+00 -7.043745277316051379e+00 6.898532407702329117e+00 -1.065965946102205297e+00 -5.645414282572478015e+00 7.702548462856937839e+00 -3.409474500498248961e+00 -3.694470803936626524e+00 7.752585407656284566e+00 -5.419239935579725831e+00 -1.381886782119880586e+00 7.043745277315561104e+00
-7.094739729449550225e+00 1.503023140316757100e-01 6.918048762302941412e+00 -8.282956388275325210e+00 2.819150458517001301e+00 4.968846261255519536e+00 -8.660379565066071095e+00 5.212040513946345044e+00 2.533258468168914757e+00 -8.190064449615654496e+00 7.094739729448930277e+00 -1.503023140315311590e-01 -6.918048762302474231e+00 8.282956388274657300e+00 -2.819150458516676228e+00 -4.968846261255231767e+00 8.660379565065410290e+00 -5.212040513945840559e+00 -2.533258468168845035e+00 8.190064449615066522e+00
-1.009556442255483333e+01 2.089413642401630966e+00 7.639311372669945754e+00 -1.106996276745263685e+01 5.374210343600913653e+00 4.752199602079969942e+00 -1.096075602770629942e+01 8.132941892043177745e+00 1.399909423916986917e+00 -9.778634119890346810e+00 1.009556442255398601e+01 -2.089413642401302340e+00 -7.639311372669459033e+00 1.106996276745176999e+01 -5.374210343600370976e+00 -4.752199602079739016e+00 1.096075602770549118e+01 -8.132941892042437004e+00 -1.399909423917045981e+00 9.778634119889675347e+00
-7.942469260462729608e+00 2.937010079495681936e+00 4.489806839338829292e+00 -8.215094571106074994e+00 5.167616030829369933e+00 2.140197586242671868e+00 -7.683569187200041561e+00 6.892379720167381763e+00 -4.189091182282111969e-01 -6.399922516676505246e+00 7.942469260462087455e+00 -2.937010079495338655e+00 -4.489806839338569056e+00 8.215094571105449717e+00 -5.167616030828887652e+00 -2.140197586242612804e+00 7.683569187199495332e+00 -6.892379720166784018e+00 4.189091182280550996e-01 6.399922516676091355e+00
1.730429451478487479e+01 -3.835561319508077105e+00 -1.279532175904403779e+01 1.887736417611401762e+01 -9.396350770704088973e+00 -7.831291359340086800e+00 1.860258590555499580e+01 -1.403735994023793765e+01 -2.100679597568858803e+00 1.650685691472301997e+01 -1.730429451478342529e+01 3.835561319507496680e+00 1.279532175904322955e+01 -1.887736417611253970e+01 9.396350770703145727e+00 7.831291359339714653e+00 -1.860258590555362446e+01 1.403735994023666578e+01 2.100679597568981372e+00 -1.650685691472189376e+01
-3.682936174640085270e+00 6.764402166693331830e-01 2.887733007808517716e+00 -4.071173965765353842e+00 1.898219025379354719e+00 1.839683668287361629e+00 -4.060896883584560690e+00 2.934186930215562317e+00 6.115532734844711937e-01 -3.653110920506224879e+00 3.682936174639774407e+00 -6.764402166692187190e-01 -2.887733007808332086e+00 4.071173965765033209e+00 -1.898219025379159985e+00 -1.839683668287269258e+00 4.060896883584259598e+00 -2.934186930215292755e+00 -6.115532734844856266e-01 3.653110920505972192e+00
1.867475171936290224e+01 -3.226477415483590239e+00 -1.488180003601067547e+01 2.072108259294871502e+01 -9.477293483328384838e+00 -9.579855910652538498e+00 2.073908953006500155e+01 -1.480040603283828382e+01 -3.340168741979079758e+00 1.872700988624522367e+01 -1.867475171936132483e+01 3.226477415483024025e+00 1.488180003600971446e+01 -2.072108259294708077e+01 9.477293483327407841e+00 9.579855910652049999e+00 -2.073908953006345612e+01 1.480040603283692136e+01 3.340168741979134825e+00 -1.872700988624393048e+01
-5.113789014890937068e+00 8.182982461921894934e-02 5.017592286673146162e+00 -5.980363320865045296e+00 2.012746440037489926e+00 3.614237972748551631e+00 -6.261537997351503293e+00 3.746641410275757700e+00 1.857096864174724971e+00 -5.929789707956680367e+00 5.113789014890488538e+00 -8.182982461911636474e-02 -5.017592286672806878e+00 5.980363320864561238e+00 -2.012746440037256335e+00 -3.614237972748341576e+00 6.261537997351023677e+00 -3.746641410275394435e+00 -1.857096864174672124e+00 5.929789707956254929e+00
2.160845240413614032e+00 -1.257513297550030940e+00 -6.825496986904253660e-01 2.059898591243809918e+00 -1.739006327611867908e+00 -1.557404521670147091e-02 1.757314715805665228e+00 -2.050273301957498795e+00 6.529261043135575759e-01 1.282712632052902535e+00 -2.160845240413447499e+00 1.257513297549907261e+00 6.825496986903983876e-01 -2.059898591243660260e+00 1.739006327611717140e+00 1.557404521672900444e-02 -1.757314715805549099e+00 2.050273301957330929e+00 -6.529261043134763076e-01 -1.282712632052830370e+00
-5.734327105363495214e+00 9.525934257444478304e-01 4.614486371196714565e+00 -6.377247497532460230e+00 2.882417687340604662e+00 2.988762282400828862e+00 -6.395918471746919742e+00 4.530090822714855747e+00 1.070477317472339651e+00 -5.788512382962471392e+00 5.734327105363009380e+00 -9.525934257442764119e-01 -4.614486371196416137e+00 6.377247497531956633e+00 -2.882417687340306678e+00 -2.988762282400675208e+00 6.395918471746443679e+00 -4.530090822714438303e+00 -1.070477317472353418e+00 5.788512382962069047e+00
-1.215374520241734579e+01 2.098529364035354838e+00 9.686775979051814645e+00 -1.348601748953049118e+01 6.166988405956951524e+00 6.236287817370031128e+00 -1.349818442215941872e+01 9.631779654768532595e+00 2.175348353352064557e+00 -1.218905501616647769e+01 1.215374520241631728e+01 -2.098529364034986244e+00 -9.686775979051189367e+00 1.348601748952942714e+01 -6.166988405956316477e+00 -6.236287817369713160e+00 1.349818442215841330e+01 -9.631779654767646193e+00 -2.175348353352100528e+00 1.218905501616563214e+01
-2.859834735481101564e+00 1.422139646910239197e+00 1.188009313172546655e+00 -2.818728354648069256e+00 2.125604600988966641e+00 3.199302813153688252e-01 -2.501705203226839647e+00 2.621000566764772444e+00 -5.794657555622606537e-01 -1.939797716108714987e+00 2.859834735480877299e+00 -1.422139646910091315e+00 -1.188009313172487591e+00 2.818728354647860534e+00 -2.125604600988777459e+00 -3.199302813153822589e-01 2.501705203226669116e+00 -2.621000566764553064e+00 5.794657555621733902e-01 1.939797716108597747e+00
-1.379988707795631520e+01 1.998953300495380336e+00 1.144997653785102720e+01 -1.545920799658254730e+01 6.723412407175156424e+00 7.555362680546805265e+00 -1.560527392586763717e+01 1.078973706267167287e+01 2.921177282763696148e+00 -1.422378691495207015e+01 1.379988707795514102e+01 -1.998953300494986651e+00 -1.144997653785028113e+01 1.545920799658132161e+01 -6.723412407174450323e+00 -7.555362680546407361e+00 1.560527392586646833e+01 -1.078973706267067101e+01 -2.921177282763704586e+00 1.422378691495107894e+01
-1.488952049889433304e+00 8.544003373043151939e-01 4.845442142470378633e-01 -1.424016223740403042e+00 1.189487256432609108e+00 2.569008949854989510e-02 -1.219687767907231546e+00 1.408138875256229827e+00 -4.356787602034145057e-01 -8.959677752869412704e-01 1.488952049889318507e+00 -8.544003373042308169e-01 -4.845442142470180458e-01 1.424016223740299569e+00 -1.189487256432505635e+00 -2.569008949856765867e-02 1.219687767907150722e+00 -1.408138875256114364e+00 4.356787602033596052e-01 8.959677752868903111e-01
-1.655541787358248529e+00 5.488877562087762785e-01 1.010285530831379175e+00 -1.736549627463071177e+00 1.031150990962179881e+00 5.243589367143798308e-01 -1.647571890779105930e+00 1.412477982268778964e+00 -1.289556355173737678e-02 -1.397318338117334191e+00 1.655541787358113526e+00 -5.488877562087088879e-01 -1.010285530831319001e+00 1.736549627462937950e+00 -1.031150990962081959e+00 -5.243589367143616231e-01 1.647571890778987802e+00 -1.412477982268655285e+00 1.289556355171017632e-02 1.397318338117242265e+00
-1.872028619399175042e+01 3.244968891431571745e+00 1.490559647692883338e+01 -2.076754846295417778e+01 9.508120948658531191e+00 9.590081921684767252e+00 -2.078193839234419826e+01 1.484055188045649665e+01 3.335823329916740576e+00 -1.876204739561268653e+01 1.872028619399016947e+01 -3.244968891431002866e+00 -1.490559647692787237e+01 2.076754846295254353e+01 -9.508120948657550642e+00 -9.590081921684278754e+00 2.078193839234264928e+01 -1.484055188045513241e+01 -3.335823329916797864e+00 1.876204739561138624e+01
-7.647699715241653706e+00 1.480361929886421457e+00 5.907429894356627464e+00 -8.424962271595347829e+00 3.996707254371846929e+00 3.726551107895040182e+00 -8.377530820641499787e+00 6.121827026102398150e+00 1.180891534584489477e+00 -7.510048283273868641e+00 7.647699715241010665e+00 -1.480361929886179206e+00 -5.907429894356249100e+00 8.424962271594685248e+00 -3.996707254371440143e+00 -3.726551107894855441e+00 8.377530820640879838e+00 -6.121827026101838598e+00 -1.180891534584525671e+00 7.510048283273351721e+00
2.537974027814115630e+00 -8.853766253634438588e-01 -1.497151381587865870e+00 2.645383630456709767e+00 -1.612683587688879205e+00 -7.495603715414118629e-01 2.493844651878661001e+00 -2.182129844224041548e+00 7.140283016567722241e-02 2.098190783137349857e+00 -2.537974027813909572e+00 8.853766253633374994e-01 1.497151381587777941e+00 -2.645383630456507706e+00 1.612683587688727327e+00 7.495603715413879931e-01 -2.493844651878482921e+00 2.182129844223851478e+00 -7.140283016563181429e-02 -2.098190783137213078e+00
