7.299999999984875032e+00 -7.299999999986908961e+00 7.299999999988942889e+00 -7.299999999990978594e+00 7.299999999993011635e+00 -7.299999999995047339e+00 7.299999999997080380e+00 -7.299999999999116085e+00 7.300000000001149125e+00 -7.300000000003184830e+00 7.300000000005216982e+00 -7.300000000007252687e+00 7.300000000009286616e+00 -7.300000000011322321e+00 7.300000000013354473e+00 -7.300000000015390178e+00 7.300000000017422330e+00 -7.300000000019458035e+00 7.300000000021491964e+00 -7.300000000023527669e+00
6.149999999987068477e+00 -6.149999999988782662e+00 6.149999999990495958e+00 -6.149999999992211031e+00 6.149999999993924327e+00 -6.149999999995639399e+00 6.149999999997350919e+00 -6.149999999999065992e+00 6.150000000000779288e+00 -6.150000000002494360e+00 6.150000000004206768e+00 -6.150000000005921841e+00 6.150000000007634249e+00 -6.150000000009350209e+00 6.150000000011061729e+00 -6.150000000012776802e+00 6.150000000014489210e+00 -6.150000000016204282e+00 6.150000000017917579e+00 -6.150000000019632651e+00
1.094999999997719442e+01 -1.094999999998024620e+01 1.094999999998329621e+01 -1.094999999998634976e+01 1.094999999998939977e+01 -1.094999999999245333e+01 1.094999999999550333e+01 -1.094999999999855689e+01 1.095000000000160689e+01 -1.095000000000466045e+01 1.095000000000770868e+01 -1.095000000001076224e+01 1.095000000001381224e+01 -1.095000000001686580e+01 1.095000000001991403e+01 -1.095000000002296758e+01 1.095000000002601581e+01 -1.095000000002906937e+01 1.095000000003211937e+01 -1.095000000003517293e+01
-1.500000000006908862e-01 1.500000000007327139e-01 -1.500000000007744860e-01 1.500000000008163137e-01 -1.500000000008580858e-01 1.500000000008999412e-01 -1.500000000009416856e-01 1.500000000009835133e-01 -1.500000000010253132e-01 1.500000000010671408e-01 -1.500000000011088852e-01 1.500000000011507129e-01 -1.500000000011925128e-01 1.500000000012343404e-01 -1.500000000012760848e-01 1.500000000013179124e-01 -1.500000000013596846e-01 1.500000000014015122e-01 -1.500000000014432844e-01 1.500000000014851398e-01
-7.249999999984851229e+00 7.249999999986872723e+00 -7.249999999988891553e+00 7.249999999990913935e+00 -7.249999999992932764e+00 7.249999999994955147e+00 -7.249999999996973088e+00 7.249999999998995470e+00 -7.250000000001014300e+00 7.250000000003036682e+00 -7.250000000005054623e+00 7.250000000007077006e+00 -7.250000000009095835e+00 7.250000000011118217e+00 -7.250000000013136159e+00 7.250000000015158541e+00 -7.250000000017176482e+00 7.250000000019197977e+00 -7.250000000021217694e+00 7.250000000023240077e+00
-7.599999999985018739e+00 7.599999999987137045e+00 -7.599999999989254462e+00 7.599999999991373656e+00 -7.599999999993491073e+00 7.599999999995610267e+00 -7.599999999997725908e+00 7.599999999999845102e+00 -7.600000000001962519e+00 7.600000000004081713e+00 -7.600000000006197354e+00 7.600000000008317436e+00 -7.600000000010433965e+00 7.600000000012553159e+00 -7.600000000014669688e+00 7.600000000016788881e+00 -7.600000000018904522e+00 7.600000000021023716e+00 -7.600000000023141133e+00 7.600000000025260327e+00
-9.349999999981754684e+00 9.349999999984360599e+00 -9.349999999986964738e+00 9.349999999989572430e+00 -9.349999999992176569e+00 9.349999999994784261e+00 -9.349999999997388400e+00 9.349999999999994316e+00 -9.350000000002600231e+00 9.350000000005206147e+00 -9.350000000007810286e+00 9.350000000010417978e+00 -9.350000000013022117e+00 9.350000000015629809e+00 -9.350000000018232171e+00 9.350000000020839863e+00 -9.350000000023442226e+00 9.350000000026049918e+00 -9.350000000028654057e+00 9.350000000031261749e+00
-8.099999999983664267e+00 8.099999999985922017e+00 -8.099999999988177990e+00 8.099999999990437516e+00 -8.099999999992693489e+00 8.099999999994951239e+00 -8.099999999997207212e+00 8.099999999999464961e+00 -8.100000000001722711e+00 8.100000000003980460e+00 -8.100000000006236434e+00 8.100000000008494183e+00 -8.100000000010750156e+00 8.100000000013009682e+00 -8.100000000015265655e+00 8.100000000017523405e+00 -8.100000000019779378e+00 8.100000000022037128e+00 -8.100000000024293101e+00 8.100000000026552627e+00
1.644999999996722551e+01 -1.644999999997180851e+01 1.644999999997639151e+01 -1.644999999998097806e+01 1.644999999998556106e+01 -1.644999999999014761e+01 1.644999999999472706e+01 -1.644999999999931362e+01 1.645000000000389662e+01 -1.645000000000848317e+01 1.645000000001306262e+01 -1.645000000001765272e+01 1.645000000002223572e+01 -1.645000000002682228e+01 1.645000000003140173e+01 -1.645000000003598828e+01 1.645000000004056773e+01 -1.645000000004515428e+01 1.645000000004973728e+01 -1.645000000005432383e+01
-4.099999999991744914e+00 4.099999999992888000e+00 -4.099999999994029309e+00 4.099999999995173283e+00 -4.099999999996315481e+00 4.099999999997458566e+00 -4.099999999998599876e+00 4.099999999999742961e+00 -4.100000000000885159e+00 4.100000000002028244e+00 -4.100000000003170442e+00 4.100000000004313527e+00 -4.100000000005455725e+00 4.100000000006598810e+00 -4.100000000007740120e+00 4.100000000008884093e+00 -4.100000000010025403e+00 4.100000000011168488e+00 -4.100000000012310686e+00 4.100000000013453771e+00
1.904999999996130811e+01 -1.904999999996661941e+01 1.904999999997192361e+01 -1.904999999997723847e+01 1.904999999998254268e+01 -1.904999999998785754e+01 1.904999999999316174e+01 -1.904999999999847304e+01 1.905000000000377725e+01 -1.905000000000909210e+01 1.905000000001439631e+01 -1.905000000001970761e+01 1.905000000002501537e+01 -1.905000000003032667e+01 1.905000000003563088e+01 -1.905000000004094218e+01 1.905000000004624638e+01 -1.905000000005155769e+01 1.905000000005686545e+01 -1.905000000006217675e+01
-5.899999999988684962e+00 5.899999999990328980e+00 -5.899999999991972999e+00 5.899999999993617905e+00 -5.899999999995261923e+00 5.899999999996906830e+00 -5.899999999998549072e+00 5.900000000000194866e+00 -5.900000000001837996e+00 5.900000000003483791e+00 -5.900000000005126033e+00 5.900000000006771828e+00 -5.900000000008414958e+00 5.900000000010059864e+00 -5.900000000011702994e+00 5.900000000013347901e+00 -5.900000000014991031e+00 5.900000000016635937e+00 -5.900000000018279067e+00 5.900000000019924862e+00
5.999999999989170663e-01 -5.999999999990842658e-01 5.999999999992513544e-01 -5.999999999994187760e-01 5.999999999995858646e-01 -5.999999999997531752e-01 5.999999999999202638e-01 -6.000000000000875744e-01 6.000000000002546630e-01 -6.000000000004219736e-01 6.000000000005890621e-01 -6.000000000007563727e-01 6.000000000009234613e-01 -6.000000000010907719e-01 6.000000000012578605e-01 -6.000000000014251711e-01 6.000000000015921486e-01 -6.000000000017595703e-01 6.000000000019266588e-01 -6.000000000020939694e-01
-5.749999999988537169e+00 5.749999999990140331e+00 -5.749999999991741717e+00 5.749999999993344879e+00 -5.749999999994947153e+00 5.749999999996550315e+00 -5.749999999998150813e+00 5.749999999999754863e+00 -5.750000000001356248e+00 5.750000000002960299e+00 -5.750000000004560796e+00 5.750000000006163958e+00 -5.750000000007765344e+00 5.750000000009369394e+00 -5.750000000010969892e+00 5.750000000012573942e+00 -5.750000000014174439e+00 5.750000000015777601e+00 -5.750000000017379875e+00 5.750000000018983037e+00
-1.189999999997657021e+01 1.189999999997988667e+01 -1.189999999998320135e+01 1.189999999998651958e+01 -1.189999999998983427e+01 1.189999999999315428e+01 -1.189999999999646718e+01 1.189999999999978542e+01 -1.190000000000310010e+01 1.190000000000641833e+01 -1.190000000000973124e+01 1.190000000001304947e+01 -1.190000000001636415e+01 1.190000000001968239e+01 -1.190000000002299529e+01 1.190000000002631531e+01 -1.190000000002962821e+01 1.190000000003294645e+01 -1.190000000003626113e+01 1.190000000003957936e+01
-2.049999999996052757e+00 2.049999999996623856e+00 -2.049999999997194955e+00 2.049999999997766498e+00 -2.049999999998337596e+00 2.049999999998909583e+00 -2.049999999999480238e+00 2.050000000000051781e+00 -2.050000000000622880e+00 2.050000000001194422e+00 -2.050000000001765077e+00 2.050000000002337064e+00 -2.050000000002907719e+00 2.050000000003479705e+00 -2.050000000004050360e+00 2.050000000004621903e+00 -2.050000000005192557e+00 2.050000000005764544e+00 -2.050000000006335199e+00 2.050000000006907186e+00
-1.419999999997201101e+01 1.419999999997596873e+01 -1.419999999997992468e+01 1.419999999998388418e+01 -1.419999999998784013e+01 1.419999999999179963e+01 -1.419999999999575202e+01 1.419999999999971330e+01 -1.420000000000366747e+01 1.420000000000762874e+01 -1.420000000001158114e+01 1.420000000001554064e+01 -1.420000000001949658e+01 1.420000000002345608e+01 -1.420000000002741025e+01 1.420000000003136975e+01 -1.420000000003532392e+01 1.420000000003928342e+01 -1.420000000004323937e+01 1.420000000004719887e+01
-8.499999999990378585e-01 8.499999999992747801e-01 -8.499999999995115907e-01 8.499999999997486233e-01 -8.499999999999854339e-01 8.500000000002224665e-01 -8.500000000004590550e-01 8.500000000006960876e-01 -8.500000000009328982e-01 8.500000000011699308e-01 -8.500000000014065193e-01 8.500000000016435520e-01 -8.500000000018803625e-01 8.500000000021173951e-01 -8.500000000023539837e-01 8.500000000025911273e-01 -8.500000000028277158e-01 8.500000000030647485e-01 -8.500000000033015590e-01 8.500000000035385916e-01
-1.249999999997737810e+00 1.249999999998086198e+00 -1.249999999998434363e+00 1.249999999998782974e+00 -1.249999999999131139e+00 1.249999999999479749e+00 -1.249999999999827693e+00 1.250000000000176303e+00 -1.250000000000524469e+00 1.250000000000873079e+00 -1.250000000001221023e+00 1.250000000001569633e+00 -1.250000000001917799e+00 1.250000000002266409e+00 -1.250000000002614353e+00 1.250000000002962963e+00 -1.250000000003310907e+00 1.250000000003659517e+00 -1.250000000004007683e+00 1.250000000004356293e+00
-1.849999999996302336e+01 1.849999999996818190e+01 -1.849999999997333333e+01 1.849999999997849187e+01 -1.849999999998364686e+01 1.849999999998880540e+01 -1.849999999999395683e+01 1.849999999999911537e+01 -1.850000000000426681e+01 1.850000000000942890e+01 -1.850000000001457678e+01 1.850000000001973532e+01 -1.850000000002489031e+01 1.850000000003004885e+01 -1.850000000003520029e+01 1.850000000004035883e+01 -1.850000000004551026e+01 1.850000000005066880e+01 -1.850000000005582024e+01 1.850000000006097878e+01
