-4.905040653087573865e+00 -1.749748750063283786e+00 5.986444852399844585e+00 -1.950077640496782783e+00 -4.781230589872078163e+00 4.905040653088828861e+00 1.749748750063403913e+00 -5.986444852401169747e+00 1.950077640497485776e+00 4.781230589872973447e+00 -4.905040653090082969e+00 -1.749748750063511160e+00 5.986444852402496686e+00 -1.950077640498188547e+00 -4.781230589873858072e+00 4.905040653091330860e+00 1.749748750063637726e+00 -5.986444852403824513e+00 1.950077640498882436e+00 4.781230589874756909e+00
3.062287570310190166e+00 -7.015668116852916691e-01 -2.628695435310023587e+00 2.326189936778769063e+00 1.191030990092903252e+00 -3.062287570310884277e+00 7.015668116855887648e-01 2.628695435310530737e+00 -2.326189936779381462e+00 -1.191030990093036035e+00 3.062287570311577500e+00 -7.015668116858920778e-01 -2.628695435311042772e+00 2.326189936779994305e+00 1.191030990093160824e+00 -3.062287570312270280e+00 7.015668116861852877e-01 2.628695435311555251e+00 -2.326189936780604040e+00 -1.191030990093295827e+00
7.265731755679039949e+00 1.249778406096751171e+00 -8.038137289053205237e+00 3.718063644776321119e+00 5.740247584246668922e+00 -7.265731755680833182e+00 -1.249778406096650363e+00 8.038137289054928303e+00 -3.718063644777492627e+00 -5.740247584247677004e+00 7.265731755682623749e+00 1.249778406096532235e+00 -8.038137289056658474e+00 3.718063644778663690e+00 5.740247584248666435e+00 -7.265731755684408100e+00 -1.249778406096440975e+00 8.038137289058388646e+00 -3.718063644779824095e+00 -5.740247584249678958e+00
5.688680772555890997e+00 1.762771741752534371e+00 -6.778133623367395444e+00 2.426345217777144736e+00 5.278569810340846047e+00 -5.688680772557333398e+00 -1.762771741752618526e+00 6.778133623368885807e+00 -2.426345217777986285e+00 -5.278569810341823043e+00 5.688680772558774024e+00 1.762771741752687582e+00 -6.778133623370377059e+00 2.426345217778826946e+00 5.278569810342784940e+00 -5.688680772560209320e+00 -1.762771741752779286e+00 6.778133623371870087e+00 -2.426345217779658281e+00 -5.278569810343763713e+00
1.093827424161198181e+01 3.435188602721664264e+00 -1.306133755586135869e+01 4.637161945336420565e+00 1.019541386230682178e+01 -1.093827424161475648e+01 -3.435188602721835682e+00 1.306133755586423284e+01 -4.637161945338033497e+00 -1.019541386230870827e+01 1.093827424161753115e+01 3.435188602721978235e+00 -1.306133755586710876e+01 4.637161945339645541e+00 1.019541386231056990e+01 -1.093827424162029160e+01 -3.435188602722163420e+00 1.306133755586998824e+01 -4.637161945341238933e+00 -1.019541386231246172e+01
-5.405764746865313608e-01 -9.435661446555982934e-01 1.123732422717482304e+00 2.490613131559631932e-01 -1.277660779530660040e+00 5.405764746867072201e-01 9.435661446557671583e-01 -1.123732422717762303e+00 -2.490613131559583637e-01 1.277660779530937152e+00 -5.405764746868830795e-01 -9.435661446559340249e-01 1.123732422718040747e+00 2.490613131559536453e-01 -1.277660779531213597e+00 5.405764746870567183e-01 9.435661446561036669e-01 -1.123732422718319635e+00 -2.490613131559510918e-01 1.277660779531490931e+00
-7.025657780866172430e+00 -2.801141952313470629e+00 8.756858714709887082e+00 -2.610894368058106707e+00 -7.143237254214959364e+00 7.025657780867986091e+00 2.801141952313703332e+00 -8.756858714711837521e+00 2.610894368059085036e+00 7.143237254216313836e+00 -7.025657780869797087e+00 -2.801141952313917827e+00 8.756858714713791514e+00 -2.610894368060062476e+00 -7.143237254217650545e+00 7.025657780871599201e+00 2.801141952314160299e+00 -8.756858714715745506e+00 2.610894368061027926e+00 7.143237254219007681e+00
-6.907091636209573338e+00 -3.548558813281998958e+00 9.100221593896618444e+00 -2.075687436901949567e+00 -7.817376207870775140e+00 6.907091636211395880e+00 3.548558813282392865e+00 -9.100221593898677241e+00 2.075687436902834637e+00 7.817376207872293925e+00 -6.907091636213216646e+00 -3.548558813282767677e+00 9.100221593900737815e+00 -2.075687436903718819e+00 -7.817376207873797611e+00 6.907091636215025865e+00 3.548558813283170466e+00 -9.100221593902798389e+00 2.075687436904589234e+00 7.817376207875320837e+00
-7.154711762645772133e+00 -3.577612795064306628e+00 9.365798068582826374e+00 -2.210768743088103783e+00 -7.999467844089226176e+00 7.154711762647654183e+00 3.577612795064694318e+00 -9.365798068584942015e+00 2.210768743089030597e+00 7.999467844090776936e+00 -7.154711762649536233e+00 -3.577612795065062468e+00 9.365798068587057656e+00 -2.210768743089956523e+00 -7.999467844092309932e+00 7.154711762651405849e+00 3.577612795065459483e+00 -9.365798068589176850e+00 2.210768743090866906e+00 7.999467844093865132e+00
-7.919098300552550818e+00 -3.350155281001693020e+00 9.989608131802411251e+00 -2.823762078744689319e+00 -8.244427190995894605e+00 7.919098300554603398e+00 3.350155281001995888e+00 -9.989608131804644131e+00 2.823762078745773785e+00 8.244427190997464905e+00 -7.919098300556655090e+00 -3.350155281002277441e+00 9.989608131806878788e+00 -2.823762078746857807e+00 -8.244427190999019217e+00 7.919098300558695236e+00 3.350155281002590524e+00 -9.989608131809115221e+00 2.823762078747926285e+00 8.244427191000594846e+00
1.806757947332182823e+01 5.901655779785709655e+00 -2.171500333513353809e+01 7.518954347144599204e+00 1.706803398874098932e+01 -1.806757947332642189e+01 -5.901655779786040057e+00 2.171500333513832359e+01 -7.518954347147241535e+00 -1.706803398874416189e+01 1.806757947333101555e+01 5.901655779786322498e+00 -2.171500333514311620e+01 7.518954347149882977e+00 1.706803398874728828e+01 -1.806757947333558789e+01 -5.901655779786675993e+00 2.171500333514790881e+01 -7.518954347152492446e+00 -1.706803398875046796e+01
-4.201722092682429910e+00 -1.425938686844784531e+00 5.083000667026338348e+00 -1.715528490215982860e+00 -4.022745751404443126e+00 4.201722092683501053e+00 1.425938686844872239e+00 -5.083000667027461006e+00 1.715528490216592372e+00 4.022745751405193637e+00 -4.201722092684572196e+00 -1.425938686844949066e+00 5.083000667028583663e+00 -1.715528490217201218e+00 -4.022745751405933490e+00 4.201722092685638010e+00 1.425938686845042325e+00 -5.083000667029708985e+00 1.715528490217802959e+00 4.022745751406686665e+00
1.823209163619607054e+01 6.542028989003326522e+00 -2.227528790678915982e+01 7.224856046582299740e+00 1.781008130617775365e+01 -1.823209163620073525e+01 -6.542028989003780381e+00 2.227528790679409454e+01 -7.224856046584910096e+00 -1.781008130618109320e+01 1.823209163620540352e+01 6.542028989004187167e+00 -2.227528790679902926e+01 7.224856046587517788e+00 1.781008130618439367e+01 -1.823209163621004336e+01 -6.542028989004665895e+00 2.227528790680397108e+01 -7.224856046590093506e+00 -1.781008130618774032e+01
-5.543237254211995868e+00 -1.962084304844727844e+00 6.755872043399330451e+00 -2.213274241621394189e+00 -5.387993335653161076e+00 5.543237254213414289e+00 1.962084304844860627e+00 -6.755872043400825255e+00 2.213274241622190441e+00 5.387993335654170934e+00 -5.543237254214830045e+00 -1.962084304844978311e+00 6.755872043402322724e+00 -2.213274241622985805e+00 -5.387993335655166582e+00 5.543237254216239585e+00 1.962084304845118199e+00 -6.755872043403820193e+00 2.213274241623771843e+00 5.387993335656178218e+00
1.592124957936420060e+00 -2.227937358732731687e-01 -1.454430856686302009e+00 1.121681439592121077e+00 7.611936024685375113e-01 -1.592124957936787766e+00 2.227937358733980688e-01 1.454430856686591111e+00 -1.121681439592425722e+00 -7.611936024686402069e-01 1.592124957937155250e+00 -2.227937358735265772e-01 -1.454430856686882212e+00 1.121681439592730367e+00 7.611936024687389057e-01 -1.592124957937522511e+00 2.227937358736495899e-01 1.454430856687173756e+00 -1.121681439593033680e+00 -7.611936024688428226e-01
-5.794630456461729473e+00 -2.097697766938815267e+00 7.091078974555284020e+00 -2.284830056246235586e+00 -5.678976341278302975e+00 5.794630456463213619e+00 2.097697766938963593e+00 -7.091078974556855208e+00 2.284830056247062924e+00 5.678976341279368789e+00 -5.794630456464696877e+00 -2.097697766939096375e+00 7.091078974558428172e+00 -2.284830056247890262e+00 -5.678976341280420392e+00 5.794630456466173030e+00 2.097697766939252251e+00 -7.091078974560002024e+00 2.284830056248706942e+00 5.678976341281489759e+00
-1.186352549154757163e+01 -4.227487170096119407e+00 1.447625624967233016e+01 -4.719331222054743868e+00 -1.155954915027499297e+01 1.186352549155060743e+01 4.227487170096408953e+00 -1.447625624967553470e+01 4.719331222056444730e+00 1.155954915027715835e+01 -1.186352549155363967e+01 -4.227487170096667413e+00 1.447625624967874280e+01 -4.719331222058145592e+00 -1.155954915027929708e+01 1.186352549155665947e+01 4.227487170096971170e+00 -1.447625624968195446e+01 4.719331222059824249e+00 1.155954915028146957e+01
-2.090779740153579702e+00 -4.651219592819382243e-01 2.378240919903969353e+00 -1.004711762654597607e+00 -1.757294901686776489e+00 2.090779740154100619e+00 4.651219592819312298e-01 -2.378240919904484496e+00 1.004711762654924456e+00 1.757294901687091793e+00 -2.090779740154621091e+00 -4.651219592819190174e-01 2.378240919905000084e+00 -1.004711762655251084e+00 -1.757294901687401767e+00 2.090779740155139788e+00 4.651219592819146875e-01 -2.378240919905517003e+00 1.004711762655574603e+00 1.757294901687718180e+00
-1.339336287917016399e+01 -6.302487170095584013e+00 1.728851416395085039e+01 -4.382402198210236577e+00 -1.458004065308601227e+01 1.339336287917366697e+01 6.302487170096227942e+00 -1.728851416395474416e+01 4.382402198212009381e+00 1.458004065308881891e+01 -1.339336287917716817e+01 -6.302487170096835456e+00 1.728851416395863438e+01 -4.382402198213780409e+00 -1.458004065309159714e+01 1.339336287918064983e+01 6.302487170097498037e+00 -1.728851416396253171e+01 4.382402198215524791e+00 1.458004065309441266e+01
-1.237006664342420237e+00 3.523798735618296485e-01 1.019223925529912922e+00 -9.822949016864854777e-01 -4.121322893119745978e-01 1.237006664342696904e+00 -3.523798735619639300e-01 -1.019223925530105657e+00 9.822949016867396077e-01 4.121322893120118458e-01 -1.237006664342973572e+00 3.523798735621007094e-01 1.019223925530300168e+00 -9.822949016869937378e-01 -4.121322893120457631e-01 1.237006664343250240e+00 -3.523798735622334921e-01 -1.019223925530495123e+00 9.822949016872469796e-01 4.121322893120840103e-01
