-1.471823725422824580e+01 -2.660989636915094891e+01 -1.727583139021613423e+00 2.554219127084222407e+01 1.751352549155380700e+01 -1.471823725422162177e+01 -2.660989636914687395e+01 -1.727583139025737236e+00 2.554219127083560181e+01 1.751352549155381766e+01 -1.471823725421499596e+01 -2.660989636914280609e+01 -1.727583139029841952e+00 2.554219127082896534e+01 1.751352549155386740e+01 -1.471823725420833640e+01 -2.660989636913872403e+01 -1.727583139033944448e+00 2.554219127082237151e+01 1.751352549155384963e+01
-1.559688470507285629e+01 -2.809338120761984214e+01 -1.765779740146051324e+00 2.700206931156137813e+01 1.845397634127233388e+01 -1.559688470506585567e+01 -2.809338120761555047e+01 -1.765779740150419830e+00 2.700206931155438639e+01 1.845397634127236230e+01 -1.559688470505885149e+01 -2.809338120761126589e+01 -1.765779740154767463e+00 2.700206931154738044e+01 1.845397634127243336e+01 -1.559688470505181357e+01 -2.809338120760696711e+01 -1.765779740159112876e+00 2.700206931154042067e+01 1.845397634127242625e+01
-1.768733555479264652e+01 -3.115358813877483257e+01 -1.566640786488332493e+00 3.018535088456069460e+01 2.022221359548956343e+01 -1.768733555478482700e+01 -3.115358813877013944e+01 -1.566640786493273652e+00 3.018535088455294968e+01 2.022221359548969488e+01 -1.768733555477700392e+01 -3.115358813876545696e+01 -1.566640786498191940e+00 3.018535088454518700e+01 2.022221359548986896e+01 -1.768733555476914177e+01 -3.115358813876075317e+01 -1.566640786503107563e+00 3.018535088453747406e+01 2.022221359548996134e+01
1.218541019663097558e+01 1.778968577230846648e+01 -1.190779740162296818e+00 -1.852562812484219634e+01 -1.025868810393195218e+01 1.218541019662621316e+01 1.778968577230614301e+01 -1.190779740158959044e+00 -1.852562812483781229e+01 -1.025868810393256680e+01 1.218541019662145075e+01 1.778968577230382664e+01 -1.190779740155634148e+00 -1.852562812483342114e+01 -1.025868810393320985e+01 1.218541019661666702e+01 1.778968577230149606e+01 -1.190779740152311472e+00 -1.852562812482904775e+01 -1.025868810393379604e+01
1.075364745084920237e+01 1.636800433271497823e+01 -6.376644452243476202e-01 -1.676210263327971717e+01 -9.721884705057314946e+00 1.075364745084488582e+01 1.636800433271276134e+01 -6.376644452213897640e-01 -1.676210263327567418e+01 -9.721884705057760812e+00 1.075364745084056750e+01 1.636800433271054800e+01 -6.376644452184438983e-01 -1.676210263327162409e+01 -9.721884705058235099e+00 1.075364745083623319e+01 1.636800433270832400e+01 -6.376644452155000309e-01 -1.676210263326759886e+01 -9.721884705058656095e+00
-4.399467844095871882e+00 -6.588980006967143588e+00 3.272542485960662217e-01 6.791234255561819921e+00 3.869959346904009667e+00 -4.399467844094124835e+00 -6.588980006966263403e+00 3.272542485948580770e-01 6.791234255560194555e+00 3.869959346904207731e+00 -4.399467844092376012e+00 -6.588980006965385883e+00 3.272542485936548173e-01 6.791234255558564747e+00 3.869959346904415565e+00 -4.399467844090620972e+00 -6.588980006964503922e+00 3.272542485924523348e-01 6.791234255556943822e+00 3.869959346904604303e+00
-4.036803398876604554e+00 -5.114512162873444012e+00 8.758610463455703821e-01 5.655824058936688381e+00 2.619630456466972568e+00 -4.036803398875159488e+00 -5.114512162872865808e+00 8.758610463444784777e-01 5.655824058935436938e+00 2.619630456467286983e+00 -4.036803398873714421e+00 -5.114512162872291157e+00 8.758610463433904592e-01 5.655824058934183718e+00 2.619630456467610280e+00 -4.036803398872264026e+00 -5.114512162871712064e+00 8.758610463423033288e-01 5.655824058932934939e+00 2.619630456467915813e+00
-8.004179606755339904e+00 -1.570587204340344556e+01 -1.702583139025970693e+00 1.465361779481162152e+01 1.075901699437025449e+01 -8.004179606751526066e+00 -1.570587204340092313e+01 -1.702583139028235770e+00 1.465361779480770288e+01 1.075901699437008574e+01 -8.004179606747714004e+00 -1.570587204339840781e+01 -1.702583139030489079e+00 1.465361779480377180e+01 1.075901699436993830e+01 -8.004179606743880626e+00 -1.570587204339588006e+01 -1.702583139032741721e+00 1.465361779479986915e+01 1.075901699436975179e+01
-1.835942352532126343e+00 -3.213322226092945932e+00 -1.499999999990529465e-01 3.120617127780791034e+00 2.078647450842761479e+00 -1.835942352531318100e+00 -3.213322226092463207e+00 -1.499999999995654532e-01 3.120617127779992561e+00 2.078647450842778355e+00 -1.835942352530509414e+00 -3.213322226091982703e+00 -1.500000000000756006e-01 3.120617127779192312e+00 2.078647450842799671e+00 -1.835942352529697175e+00 -3.213322226091499534e+00 -1.500000000005854983e-01 3.120617127778396505e+00 2.078647450842812106e+00
-1.858155948031970706e+00 -2.527050983124291772e+00 2.963525491570810910e-01 2.710206931155856758e+00 1.378647450842909850e+00 -1.858155948031276150e+00 -2.527050983123983130e+00 2.963525491565753844e-01 2.710206931155235921e+00 1.378647450843029976e+00 -1.858155948030581595e+00 -2.527050983123676264e+00 2.963525491560715652e-01 2.710206931154614196e+00 1.378647450843154321e+00 -1.858155948029883930e+00 -2.527050983123366734e+00 2.963525491555681901e-01 2.710206931153995136e+00 1.378647450843270228e+00
6.395491502816357254e+00 1.067902432574746108e+01 2.045084971834054688e-01 -1.055263112349911658e+01 -6.726393202246230274e+00 6.395491502813627882e+00 1.067902432574590854e+01 2.045084971851815481e-01 -1.055263112349646804e+01 -6.726393202246361724e+00 6.395491502810899398e+00 1.067902432574436133e+01 2.045084971869498003e-01 -1.055263112349381238e+01 -6.726393202246508274e+00 6.395491502808158479e+00 1.067902432574280525e+01 2.045084971887169978e-01 -1.055263112349117449e+01 -6.726393202246626402e+00
9.371884705068154631e+00 1.570169243665263004e+01 3.322949016816494350e-01 -1.549632289312383193e+01 -9.909549150275839935e+00 9.371884705064148946e+00 1.570169243665034209e+01 3.322949016842530190e-01 -1.549632289311993816e+01 -9.909549150276024676e+00 9.371884705060141485e+00 1.570169243664805947e+01 3.322949016868451677e-01 -1.549632289311603373e+01 -9.909549150276232510e+00 9.371884705056114484e+00 1.570169243664576797e+01 3.322949016894357066e-01 -1.549632289311215416e+01 -9.909549150276395935e+00
-1.721684405197900247e+01 -2.900100499974367807e+01 -7.067627457706642247e-01 2.856420160087292714e+01 1.836041019661531237e+01 -1.721684405197161638e+01 -2.900100499973943613e+01 -7.067627457754499520e-01 2.856420160086572935e+01 1.836041019661562856e+01 -1.721684405196422674e+01 -2.900100499973520840e+01 -7.067627457802145852e-01 2.856420160085851734e+01 1.836041019661599094e+01 -1.721684405195680156e+01 -2.900100499973095936e+01 -7.067627457849763317e-01 2.856420160085135151e+01 1.836041019661626805e+01
6.038525491565364334e+00 6.667095301904526039e+00 -1.918033988752902763e+00 -7.852505498530907957e+00 -2.935081306185081562e+00 6.038525491563370373e+00 6.667095301903906091e+00 -1.918033988751287167e+00 -7.852505498529290584e+00 -2.935081306185690853e+00 6.038525491561376413e+00 6.667095301903290583e+00 -1.918033988749676677e+00 -7.852505498527671435e+00 -2.935081306186313910e+00 6.038525491559374458e+00 6.667095301902667082e+00 -1.918033988748067520e+00 -7.852505498526055838e+00 -2.935081306186911654e+00
-1.208004065310094433e+01 -2.031362146049549011e+01 -4.744678440862563074e-01 2.002038420627970083e+01 1.284774575139941533e+01 -1.208004065309576802e+01 -2.031362146049252360e+01 -4.744678440896136218e-01 2.002038420627465953e+01 1.284774575139964092e+01 -1.208004065309058994e+01 -2.031362146048956063e+01 -4.744678440929560037e-01 2.002038420626960757e+01 1.284774575139990027e+01 -1.208004065308538699e+01 -2.031362146048658701e+01 -4.744678440962964983e-01 2.002038420626458759e+01 1.284774575140010100e+01
-1.156856614466286182e+01 -1.795427557568380550e+01 4.722135955066025792e-01 1.824611962765530393e+01 1.080450849718167383e+01 -1.156856614465815802e+01 -1.795427557568133636e+01 4.722135955034143517e-01 1.824611962765086304e+01 1.080450849718210549e+01 -1.156856614465345423e+01 -1.795427557567887433e+01 4.722135955002394470e-01 1.824611962764641859e+01 1.080450849718256556e+01 -1.156856614464873090e+01 -1.795427557567639454e+01 4.722135954970664296e-01 1.824611962764199191e+01 1.080450849718297057e+01
-1.156147450844472324e+01 -2.034903165712075079e+01 -1.014918693805166860e+00 1.972177740852988848e+01 1.320364745083712243e+01 -1.156147450843961444e+01 -2.034903165711768835e+01 -1.014918693808396499e+00 1.972177740852483296e+01 1.320364745083721125e+01 -1.156147450843450564e+01 -2.034903165711462947e+01 -1.014918693811611039e+00 1.972177740851975969e+01 1.320364745083733027e+01 -1.156147450842936841e+01 -2.034903165711155992e+01 -1.014918693814823802e+00 1.972177740851472194e+01 1.320364745083739244e+01
-5.339589803378183674e+00 -9.409597134747976099e+00 -4.758610463404613355e-01 9.115498834186732680e+00 6.109549150278210661e+00 -5.339589803375822008e+00 -9.409597134746558567e+00 -4.758610463419530867e-01 9.115498834184393218e+00 6.109549150278249741e+00 -5.339589803373459453e+00 -9.409597134745142810e+00 -4.758610463434379545e-01 9.115498834182048427e+00 6.109549150278302143e+00 -5.339589803371086241e+00 -9.409597134743721725e+00 -4.758610463449219896e-01 9.115498834179719623e+00 6.109549150278330565e+00
-5.307294901691273381e+00 -1.017000733137315116e+01 -9.781152949337479363e-01 9.565498834187140531e+00 6.889918693809179651e+00 -5.307294901688786481e+00 -1.017000733137154178e+01 -9.781152949352454051e-01 9.565498834184605670e+00 6.889918693809103267e+00 -5.307294901686299582e+00 -1.017000733136993240e+01 -9.781152949367353244e-01 9.565498834182063703e+00 6.889918693809039318e+00 -5.307294901683800248e+00 -1.017000733136831769e+01 -9.781152949382245776e-01 9.565498834179537724e+00 6.889918693808949612e+00
-1.113196601125966190e+00 -2.888854382000000776e+00 -6.722135954993028184e-01 2.473403532281408523e+00 2.200861046343301819e+00 -1.113196601125316043e+00 -2.888854381999475862e+00 -6.722135954996304452e-01 2.473403532280681105e+00 2.200861046343177918e+00 -1.113196601124665897e+00 -2.888854381998951393e+00 -6.722135954999559626e-01 2.473403532279951911e+00 2.200861046343057570e+00 -1.113196601124011309e+00 -2.888854381998425591e+00 -6.722135955002814800e-01 2.473403532279228045e+00 2.200861046342931004e+00
