1.833426824431481705e+01 3.227522159390671419e+01 3.388813728906112743e+01 2.255693635521722840e+01 2.609752415748702425e+00 -1.833426824431369440e+01 -3.227522159390630918e+01 -3.388813728906161060e+01 -2.255693635521839724e+01 -2.609752415750120846e+00 1.833426824431256819e+01 3.227522159390591838e+01 3.388813728906209377e+01 2.255693635521955542e+01 2.609752415751557919e+00 -1.833426824431145263e+01 -3.227522159390551337e+01 -3.388813728906256983e+01 -2.255693635522074203e+01 -2.609752415752994104e+00
2.011131922743913947e+01 2.993722825825005529e+01 2.832813362337355656e+01 1.589865478221733497e+01 -2.603569810344726676e+00 -2.011131922743827971e+01 -2.993722825824988831e+01 -2.832813362337416052e+01 -1.589865478221846473e+01 2.603569810343499213e+00 2.011131922743742351e+01 2.993722825824974265e+01 2.832813362337477159e+01 1.589865478221958384e+01 -2.603569810342252211e+00 -2.011131922743657086e+01 -2.993722825824957567e+01 -2.832813362337537910e+01 -1.589865478222073136e+01 2.603569810341010538e+00
1.921172575837709218e+01 3.378981139728167449e+01 3.546133755587355552e+01 2.358783805465520444e+01 2.704586137686957770e+00 -1.921172575837591978e+01 -3.378981139728124106e+01 -3.546133755587406000e+01 -2.358783805465643013e+01 -2.704586137688444580e+00 1.921172575837474028e+01 3.378981139728083605e+01 3.546133755587457159e+01 2.358783805465764161e+01 2.704586137689947378e+00 -1.921172575837357144e+01 -3.378981139728040262e+01 -3.546133755587506897e+01 -2.358783805465888506e+01 -2.704586137691450176e+00
4.490576474687454578e+00 1.185661446560439813e-01 -4.298732422718943624e+00 -7.074061313156525088e+00 -7.147339220469095977e+00 -4.490576474687715702e+00 -1.185661446563499588e-01 4.298732422718712698e+00 7.074061313156454034e+00 7.147339220469214105e+00 4.490576474687976827e+00 1.185661446566506072e-01 -4.298732422718480883e+00 -7.074061313156386532e+00 -7.147339220469332233e+00 -4.490576474688235287e+00 -1.185661446569570288e-01 4.298732422718247292e+00 7.074061313156317254e+00 7.147339220469454801e+00
-3.224342219126488551e+00 -1.319885804768837190e+01 -1.813185871471851129e+01 -1.613910563193734760e+01 -7.981762745781106894e+00 3.224342219125772679e+00 1.319885804768790649e+01 1.813185871471848998e+01 1.613910563193775971e+01 7.981762745781806778e+00 -3.224342219125055475e+00 -1.319885804768745707e+01 -1.813185871471846511e+01 -1.613910563193817538e+01 -7.981762745782513768e+00 3.224342219124345821e+00 1.319885804768699167e+01 1.813185871471843669e+01 1.613910563193859815e+01 7.981762745783223423e+00
-4.167908363782794723e+00 -1.612644118671960669e+01 -2.192522159390588143e+01 -1.934931256309347347e+01 -9.382623792124874740e+00 4.167908363781934966e+00 1.612644118671905247e+01 2.192522159390586367e+01 1.934931256309398506e+01 9.382623792125723838e+00 -4.167908363781071657e+00 -1.612644118671851601e+01 -2.192522159390584591e+01 -1.934931256309449310e+01 -9.382623792126580042e+00 4.167908363780217229e+00 1.612644118671796534e+01 2.192522159390582459e+01 1.934931256309501180e+01 9.382623792127441575e+00
-9.670288237345586069e+00 -2.247238720493841058e+01 -2.669079806859323867e+01 -2.071423125690575517e+01 -6.825532155905905896e+00 9.670288237344616178e+00 2.247238720493790609e+01 2.669079806859341275e+01 2.071423125690652256e+01 6.825532155906979703e+00 -9.670288237343646287e+00 -2.247238720493743003e+01 -2.669079806859358683e+01 -2.071423125690728639e+01 -6.825532155908067722e+00 9.670288237342685278e+00 2.247238720493692554e+01 2.669079806859375736e+01 2.071423125690806444e+01 6.825532155909155740e+00
-8.030901699439276342e+00 -1.944984471900092515e+01 -2.343960813181206504e+01 -1.847623792124965192e+01 -6.455572808999730405e+00 8.030901699438416586e+00 1.944984471900046685e+01 2.343960813181220004e+01 1.847623792125030917e+01 6.455572809000669210e+00 -8.030901699437556829e+00 -1.944984471900002632e+01 -2.343960813181233149e+01 -1.847623792125096642e+01 -6.455572809001619561e+00 8.030901699436705954e+00 1.944984471899957157e+01 2.343960813181246294e+01 1.847623792125163789e+01 6.455572809002571688e+00
2.270742052666042454e+01 5.157334422022056231e+01 6.074000333515490269e+01 4.670604565284263998e+01 1.483196601124914871e+01 -2.270742052665823252e+01 -5.157334422021944675e+01 -6.074000333515532901e+01 -4.670604565284440213e+01 -1.483196601125160186e+01 2.270742052665603694e+01 5.157334422021838094e+01 6.074000333515576244e+01 4.670604565284616427e+01 1.483196601125407987e+01 -2.270742052665386268e+01 -5.157334422021725828e+01 -6.074000333515618166e+01 -4.670604565284796195e+01 -1.483196601125656500e+01
-2.748277907313441126e+00 -8.749061313156728303e+00 -1.140800066703102189e+01 -9.709471509781048226e+00 -4.302254248593558650e+00 2.748277907313003254e+00 8.749061313156461850e+00 1.140800066703103610e+01 9.709471509781334220e+00 4.302254248594005404e+00 -2.748277907312564494e+00 -8.749061313156206054e+00 -1.140800066703105209e+01 -9.709471509781614884e+00 -4.302254248594456598e+00 2.748277907312130175e+00 8.749061313155939601e+00 1.140800066703106630e+01 9.709471509781904430e+00 4.302254248594909569e+00
1.549290836378547986e+01 4.410797101100219209e+01 5.587528790681157176e+01 4.630014395340545263e+01 1.903991869381178148e+01 -1.549290836378336778e+01 -4.410797101100096285e+01 -5.587528790681173518e+01 -4.630014395340690925e+01 -1.903991869381398772e+01 1.549290836378125391e+01 4.410797101099977624e+01 5.587528790681189861e+01 4.630014395340835165e+01 1.903991869381621882e+01 -1.549290836377916136e+01 -4.410797101099854700e+01 -5.587528790681204782e+01 -4.630014395340983668e+01 -1.903991869381845703e+01
-6.381762745782285862e+00 -1.286291569515672606e+01 -1.443087204340590546e+01 -1.048672575837481702e+01 -2.537006664343652851e+00 6.381762745781782264e+00 1.286291569515649869e+01 1.443087204340604934e+01 1.048672575837526999e+01 2.537006664344244378e+00 -6.381762745781277779e+00 -1.286291569515628019e+01 -1.443087204340619678e+01 -1.048672575837571763e+01 -2.537006664344843010e+00 6.381762745780777735e+00 1.286291569515605282e+01 1.443087204340633711e+01 1.048672575837617771e+01 2.537006664345442086e+00
1.310787504206269105e+01 1.252279373587452582e+01 7.154430856686676776e+00 -9.466814395943954352e-01 -8.686193602469112207e+00 -1.310787504206261467e+01 -1.252279373587478162e+01 -7.154430856687174156e+00 9.466814395938527582e-01 8.686193602468730290e+00 1.310787504206253651e+01 1.252279373587504097e+01 7.154430856687675089e+00 -9.466814395933171866e-01 -8.686193602468339492e+00 -1.310787504206246012e+01 -1.252279373587530031e+01 -7.154430856688173357e+00 9.466814395927674042e-01 8.686193602467955799e+00
-7.080369543532475163e+00 -1.540230223306298996e+01 -1.784107897456200220e+01 -1.346516994374962373e+01 -3.946023658718511129e+00 7.080369543531839227e+00 1.540230223306267732e+01 1.784107897456214431e+01 1.346516994375015486e+01 3.946023658719234106e+00 -7.080369543531200627e+00 -1.540230223306237889e+01 -1.784107897456228997e+01 -1.346516994375068421e+01 -3.946023658719966853e+00 7.080369543530569132e+00 1.540230223306206803e+01 1.784107897456242853e+01 1.346516994375122600e+01 3.946023658720699601e+00
-1.018647450844019353e+01 -2.809751282990762888e+01 -3.527625624968688101e+01 -2.898066877793698382e+01 -1.161545084971829311e+01 1.018647450843886659e+01 2.809751282990686860e+01 3.527625624968700180e+01 2.898066877793791818e+01 1.161545084971968755e+01 -1.018647450843754143e+01 -2.809751282990613674e+01 -3.527625624968712259e+01 -2.898066877793884188e+01 -1.161545084972110153e+01 1.018647450843622693e+01 2.809751282990537646e+01 3.527625624968722917e+01 2.898066877793979046e+01 1.161545084972251729e+01
-1.342202598441138983e-01 -2.309878040718972514e+00 -3.603240919906221418e+00 -3.520288237343768056e+00 -2.092705098312483969e+00 1.342202598439627970e-01 2.309878040718861048e+00 3.603240919906195217e+00 3.520288237343834226e+00 2.092705098312618084e+00 -1.342202598438115846e-01 -2.309878040718752690e+00 -3.603240919906168571e+00 -3.520288237343899951e+00 -2.092705098312753975e+00 1.342202598436618155e-01 2.309878040718641223e+00 3.603240919906140594e+00 3.520288237343967452e+00 2.092705098312890755e+00
-9.256637120815305764e+00 -3.017251282990788042e+01 -3.956351416396822884e+01 -3.384259780178098254e+01 -1.519495934690617567e+01 9.256637120813781650e+00 3.017251282990694250e+01 3.956351416396826437e+01 3.384259780178195598e+01 1.519495934690772110e+01 -9.256637120812257535e+00 -3.017251282990604366e+01 -3.956351416396831411e+01 -3.384259780178292942e+01 -1.519495934690928607e+01 9.256637120810745856e+00 3.017251282990511285e+01 3.956351416396834253e+01 3.384259780178392418e+01 1.519495934691085459e+01
-4.087993335656487481e+00 -4.902379873562538570e+00 -3.844223925531158326e+00 -1.317705098312454748e+00 1.712132289312577438e+00 4.087993335656394223e+00 4.902379873562566104e+00 3.844223925531299102e+00 1.317705098312651701e+00 -1.712132289312398692e+00 -4.087993335656301852e+00 -4.902379873562596302e+00 -3.844223925531440322e+00 -1.317705098312846435e+00 1.712132289312216837e+00 4.087993335656209481e+00 4.902379873562625612e+00 3.844223925531581099e+00 1.317705098313046053e+00 -1.712132289312036315e+00
-4.727912029468917865e+00 -5.765576474687460262e+00 -4.600986671312244702e+00 -1.678976341281033680e+00 1.884345884812578698e+00 4.727912029468804178e+00 5.765576474687486908e+00 4.600986671312405463e+00 1.678976341281264162e+00 -1.884345884812365757e+00 -4.727912029468690491e+00 -5.765576474687517106e+00 -4.600986671312567999e+00 -1.678976341281492424e+00 1.884345884812149485e+00 4.727912029468576804e+00 5.765576474687544639e+00 4.600986671312728760e+00 1.678976341281725571e+00 -1.884345884811934990e+00
-1.232991502812942031e+01 -4.586838120762738669e+01 -6.188668477474910645e+01 -5.426637820896791453e+01 -2.591815961371810317e+01 1.232991502812700091e+01 4.586838120762584481e+01 6.188668477474908514e+01 5.426637820896937114e+01 2.591815961372050481e+01 -1.232991502812457441e+01 -4.586838120762435977e+01 -6.188668477474904961e+01 -5.426637820897082065e+01 -2.591815961372292776e+01 1.232991502812217277e+01 4.586838120762281790e+01 6.188668477474901408e+01 5.426637820897231279e+01 2.591815961372536137e+01
