-6.739589803375531929e+00 -1.155574641843411854e+01 -4.022542485914302191e-01 1.130713962068593048e+01 7.390450849715965553e+00 -6.739589803376259347e+00 -1.155574641843496941e+01 -4.022542485912203314e-01 1.130713962068690570e+01 7.390450849716372339e+00 -6.739589803376984989e+00 -1.155574641843581674e+01 -4.022542485910201027e-01 1.130713962068789513e+01 7.390450849716756920e+00 -6.739589803377730171e+00 -1.155574641843667116e+01 -4.022542485908188192e-01 1.130713962068885969e+01 7.390450849717177917e+00
-6.282827057594488451e+00 -1.204931256309047249e+01 -1.164057647466361534e+00 1.132988537209239510e+01 8.166311896059772479e+00 -6.282827057595193665e+00 -1.204931256309137311e+01 -1.164057647466206769e+00 1.132988537209338986e+01 8.166311896060244990e+00 -6.282827057595895326e+00 -1.204931256309227372e+01 -1.164057647466061773e+00 1.132988537209439883e+01 8.166311896060696185e+00 -6.282827057596618303e+00 -1.204931256309317966e+01 -1.164057647465915446e+00 1.132988537209537583e+01 8.166311896061181130e+00
-9.049138953656770568e+00 -1.343869910099581411e+01 7.435661446589587609e-01 1.389824825127919894e+01 7.846023658715381544e+00 -9.049138953657704931e+00 -1.343869910099677512e+01 7.435661446593070378e-01 1.389824825128037311e+01 7.846023658715773230e+00 -9.049138953658637519e+00 -1.343869910099773968e+01 7.435661446596435464e-01 1.389824825128156149e+01 7.846023658716140048e+00 -9.049138953659593199e+00 -1.343869910099870779e+01 7.435661446599813873e-01 1.389824825128272145e+01 7.846023658716553051e+00
-8.600000000000139977e+00 -1.287968210662125657e+01 6.399186938146019799e-01 1.327517360943552482e+01 7.564589803372182786e+00 -8.600000000001033484e+00 -1.287968210662218027e+01 6.399186938149296067e-01 1.327517360943664926e+01 7.564589803372564702e+00 -8.600000000001919886e+00 -1.287968210662310398e+01 6.399186938152459092e-01 1.327517360943778613e+01 7.564589803372919974e+00 -8.600000000002829381e+00 -1.287968210662403301e+01 6.399186938155634330e-01 1.327517360943889635e+01 7.564589803373319654e+00
1.918348483846864383e+01 2.776612695902311145e+01 -2.023074641848150890e+00 -2.901645584946417245e+01 -1.591008130618141081e+01 1.918348483847061559e+01 2.776612695902509031e+01 -2.023074641848912503e+00 -2.901645584946661671e+01 -1.591008130618218885e+01 1.918348483847257668e+01 2.776612695902706918e+01 -2.023074641849649247e+00 -2.901645584946908585e+01 -1.591008130618291361e+01 1.918348483847458397e+01 2.776612695902905870e+01 -2.023074641850389099e+00 -2.901645584947150169e+01 -1.591008130618373251e+01
-4.523606797749821773e+00 -6.237586804716787725e+00 6.685661446571237176e-01 6.650783405842567220e+00 3.441844051967362539e+00 -4.523606797750280073e+00 -6.237586804717227373e+00 6.685661446573132327e-01 6.650783405843124108e+00 3.441844051967523743e+00 -4.523606797750735709e+00 -6.237586804717667022e+00 6.685661446574970856e-01 6.650783405843684548e+00 3.441844051967672069e+00 -4.523606797751202002e+00 -6.237586804718110223e+00 6.685661446576814937e-01 6.650783405844235219e+00 3.441844051967842599e+00
1.814045084971894539e+01 2.948051349692861578e+01 7.950849718244865083e-02 -2.943137454327636959e+01 -1.826909830055572570e+01 1.814045084972087452e+01 2.948051349693076517e+01 7.950849718183183867e-02 -2.943137454327889557e+01 -1.826909830055669914e+01 1.814045084972279298e+01 2.948051349693291456e+01 7.950849718124008980e-02 -2.943137454328144642e+01 -1.826909830055761574e+01 1.814045084972476474e+01 2.948051349693507106e+01 7.950849718064553762e-02 -2.943137454328393687e+01 -1.826909830055862827e+01
-5.447745751406144699e+00 -9.044146285028624277e+00 -1.418440519674866174e-01 8.956481839810995993e+00 5.677254248591897756e+00 -5.447745751406727344e+00 -9.044146285029285082e+00 -1.418440519673074829e-01 8.956481839811766932e+00 5.677254248592205066e+00 -5.447745751407307324e+00 -9.044146285029945886e+00 -1.418440519671359812e-01 8.956481839812546752e+00 5.677254248592493724e+00 -5.447745751407903292e+00 -9.044146285030610244e+00 -1.418440519669636468e-01 8.956481839813307033e+00 5.677254248592811692e+00
2.788525491562068748e+00 2.557952682560641122e+00 -1.207623792125704698e+00 -3.304305231717447722e+00 -8.345491502797440786e-01 2.788525491562324987e+00 2.557952682560802327e+00 -1.207623792125862572e+00 -3.304305231717706182e+00 -8.345491502797489636e-01 2.788525491562580338e+00 2.557952682560963087e+00 -1.207623792126018225e+00 -3.304305231717965530e+00 -8.345491502797472982e-01 2.788525491562839242e+00 2.557952682561125624e+00 -1.207623792126173656e+00 -3.304305231718222657e+00 -8.345491502797575123e-01
-5.365450849719223037e+00 -8.993285238684654459e+00 -1.927050983104536541e-01 8.874186938123687085e+00 5.677254248591278696e+00 -5.365450849719798576e+00 -8.993285238685311711e+00 -1.927050983102799875e-01 8.874186938124450919e+00 5.677254248591586894e+00 -5.365450849720371451e+00 -8.993285238685972516e+00 -1.927050983101138704e-01 8.874186938125225410e+00 5.677254248591878216e+00 -5.365450849720961202e+00 -8.993285238686633321e+00 -1.927050983099469206e-01 8.874186938125978585e+00 5.677254248592197072e+00
-1.188368810393793495e+01 -1.889054681865050256e+01 2.086881039410617977e-01 1.901952315993444742e+01 1.154602365871426528e+01 -1.188368810393918906e+01 -1.889054681865187746e+01 2.086881039414793804e-01 1.901952315993607456e+01 1.154602365871487102e+01 -1.188368810394043606e+01 -1.889054681865324525e+01 2.086881039418808093e-01 1.901952315993771947e+01 1.154602365871544301e+01 -1.188368810394171859e+01 -1.889054681865462371e+01 2.086881039422839867e-01 1.901952315993932174e+01 1.154602365871607539e+01
-2.184549150281190233e+00 -2.976518827217698782e+00 3.449593469067396279e-01 3.189715428343124159e+00 1.626393202249237113e+00 -2.184549150281410945e+00 -2.976518827217907948e+00 3.449593469068322760e-01 3.189715428343390613e+00 1.626393202249312164e+00 -2.184549150281630325e+00 -2.976518827218117558e+00 3.449593469069222040e-01 3.189715428343659287e+00 1.626393202249381442e+00 -2.184549150281854590e+00 -2.976518827218328056e+00 3.449593469070124652e-01 3.189715428343922632e+00 1.626393202249460934e+00
-1.235835921350096989e+01 -2.251514028771219955e+01 -1.556762745776912649e+00 2.155300799840316373e+01 1.487725424858850509e+01 -1.235835921350233235e+01 -2.251514028771387288e+01 -1.556762745776570256e+00 2.155300799840504311e+01 1.487725424858934531e+01 -1.235835921350369127e+01 -2.251514028771554266e+01 -1.556762745776246293e+00 2.155300799840694381e+01 1.487725424859014822e+01 -1.235835921350508748e+01 -2.251514028771722309e+01 -1.556762745775920331e+00 2.155300799840879478e+01 1.487725424859101686e+01
-5.321559068002922749e-04 1.458980337470710056e-02 9.549150281547244892e-03 -8.688103937030714277e-03 -1.491869381242432596e-02 -5.321559068000338011e-04 1.458980337470835997e-02 9.549150281547758370e-03 -8.688103937031654497e-03 -1.491869381242542925e-02 -5.321559067997787967e-04 1.458980337470962285e-02 9.549150281548280522e-03 -8.688103937032617269e-03 -1.491869381242652039e-02 -5.321559067994934347e-04 1.458980337471088573e-02 9.549150281548799205e-03 -8.688103937033529733e-03 -1.491869381242762888e-02
-1.266844051969895135e+00 -5.312305898746374488e-01 9.385254915637522011e-01 1.111271242969257944e+00 -2.517220926884355947e-01 -1.266844051969998608e+00 -5.312305898746566557e-01 9.385254915638442386e-01 1.111271242969333883e+00 -2.517220926884795595e-01 -1.266844051970101859e+00 -5.312305898746754185e-01 9.385254915639352769e-01 1.111271242969409379e+00 -2.517220926885259669e-01 -1.266844051970205332e+00 -5.312305898746951804e-01 9.385254915640265372e-01 1.111271242969485984e+00 -2.517220926885677112e-01
-1.823680339887611623e+01 -2.966731689580394615e+01 -9.860679774423321275e-02 2.960637454327715901e+01 1.839635254914923124e+01 -1.823680339887805602e+01 -2.966731689580610620e+01 -9.860679774361408301e-02 2.960637454327969920e+01 1.839635254915021179e+01 -1.823680339887998514e+01 -2.966731689580826981e+01 -9.860679774302016920e-02 2.960637454328226781e+01 1.839635254915113904e+01 -1.823680339888196400e+01 -2.966731689581044051e+01 -9.860679774242345208e-02 2.960637454328477247e+01 1.839635254915215867e+01
-5.833688103938625247e+00 -1.213664811787122488e+01 -1.667172942403072788e+00 1.110627857434233334e+01 8.531230589871439562e+00 -5.833688103939298486e+00 -1.213664811787214148e+01 -1.667172942402959546e+00 1.110627857434331922e+01 8.531230589871945824e+00 -5.833688103939969949e+00 -1.213664811787306164e+01 -1.667172942402855851e+00 1.110627857434431931e+01 8.531230589872432546e+00 -5.833688103940662728e+00 -1.213664811787398357e+01 -1.667172942402751046e+00 1.110627857434528920e+01 8.531230589872954795e+00
1.729508497187611127e+00 4.013322226092932432e+00 7.508610463431646398e-01 -3.549264578624671262e+00 -2.944427190999316934e+00 1.729508497187819849e+00 4.013322226093239742e+00 7.508610463431443227e-01 -3.549264578624991007e+00 -2.944427190999497679e+00 1.729508497188026794e+00 4.013322226093547940e+00 7.508610463431271143e-01 -3.549264578625315636e+00 -2.944427190999672650e+00 1.729508497188241734e+00 4.013322226093856138e+00 7.508610463431094617e-01 -3.549264578625629163e+00 -2.944427190999857391e+00
-1.519549150281367034e+01 -2.504637087758674596e+01 -2.840169943700442956e-01 2.487083872168426169e+01 1.565504065308796733e+01 -1.519549150281529215e+01 -2.504637087758857561e+01 -2.840169943695388666e-01 2.487083872168640042e+01 1.565504065308881110e+01 -1.519549150281690686e+01 -2.504637087759040170e+01 -2.840169943690546428e-01 2.487083872168855692e+01 1.565504065308960513e+01 -1.519549150281856420e+01 -2.504637087759224201e+01 -2.840169943685680320e-01 2.487083872169066723e+01 1.565504065309047910e+01
-1.472049150281334917e+01 -2.501042852505501202e+01 -7.368033988701380155e-01 2.455505898152760835e+01 1.591266444521265555e+01 -1.472049150281493546e+01 -2.501042852505684522e+01 -7.368033988696722769e-01 2.455505898152972932e+01 1.591266444521352419e+01 -1.472049150281651464e+01 -2.501042852505868197e+01 -7.368033988692275216e-01 2.455505898153187161e+01 1.591266444521434842e+01 -1.472049150281813645e+01 -2.501042852506052938e+01 -7.368033988687804348e-01 2.455505898153396416e+01 1.591266444521524903e+01
