-6.565411518822905634e-02 -5.751518827219375574e+00 -9.240498834187700794e+00 -9.199922359500174451e+00 -5.645288237343783599e+00 6.565411518790931211e-02 5.751518827219126884e+00 9.240498834187611976e+00 9.199922359500286362e+00 5.645288237344043836e+00 -6.565411518759001197e-02 -5.751518827218876417e+00 -9.240498834187524935e+00 -9.199922359500396496e+00 -5.645288237344316506e+00 6.565411518727826135e-02 5.751518827218621510e+00 9.240498834187439670e+00 9.199922359500501301e+00 5.645288237344574966e+00
-5.519959346907160835e+00 -1.170025124993829202e+01 -1.341144485240652706e+01 -9.999922359500390101e+00 -2.768769410125226926e+00 5.519959346906759379e+00 1.170025124993808419e+01 1.341144485240658746e+01 9.999922359500699187e+00 2.768769410125656805e+00 -5.519959346906359698e+00 -1.170025124993787458e+01 -1.341144485240664608e+01 -9.999922359501008273e+00 -2.768769410126107111e+00 5.519959346905970676e+00 1.170025124993766319e+01 1.341144485240671358e+01 9.999922359501306701e+00 2.768769410126533437e+00
1.703771242968829824e+01 1.685156681168766468e+01 1.022869543531217218e+01 -3.011899367815953354e-01 -1.071603099009422877e+01 -1.703771242968814192e+01 -1.685156681168787429e+01 -1.022869543531266601e+01 3.011899367810091377e-01 1.071603099009377758e+01 1.703771242968798560e+01 1.685156681168807680e+01 1.022869543531314207e+01 -3.011899367804211636e-01 -1.071603099009330506e+01 -1.703771242968783994e+01 -1.685156681168828641e+01 -1.022869543531365011e+01 3.011899367798491767e-01 1.071603099009285742e+01
1.833426824431494850e+01 3.227522159390753131e+01 3.388813728906224298e+01 2.255693635521815921e+01 2.609752415749082566e+00 -1.833426824431398927e+01 -3.227522159390713341e+01 -3.388813728906254852e+01 -2.255693635521906160e+01 -2.609752415750210552e+00 1.833426824431303004e+01 3.227522159390672840e+01 3.388813728906283984e+01 2.255693635521996043e+01 2.609752415751392718e+00 -1.833426824431209923e+01 -3.227522159390632339e+01 -3.388813728906316669e+01 -2.255693635522083085e+01 -2.609752415752510046e+00
2.011131922743928513e+01 2.993722825825074096e+01 2.832813362337446250e+01 1.589865478221806683e+01 -2.603569810344449564e+00 -2.011131922743853551e+01 -2.993722825825054201e+01 -2.832813362337488527e+01 -1.589865478221895501e+01 2.603569810343460134e+00 2.011131922743778944e+01 2.993722825825034306e+01 2.832813362337529384e+01 1.589865478221983608e+01 -2.603569810342423629e+00 -2.011131922743706468e+01 -2.993722825825014056e+01 -2.832813362337573437e+01 -1.589865478222069228e+01 2.603569810341443969e+00
1.921172575837706731e+01 3.378981139728245608e+01 3.546133755587479186e+01 2.358783805465634131e+01 2.704586137687559955e+00 -1.921172575837606189e+01 -3.378981139728204397e+01 -3.546133755587511160e+01 -2.358783805465728989e+01 -2.704586137688739456e+00 1.921172575837506002e+01 3.378981139728161764e+01 3.546133755587541714e+01 2.358783805465822780e+01 2.704586137689976688e+00 -1.921172575837408303e+01 -3.378981139728119132e+01 -3.546133755587575820e+01 -2.358783805465914440e+01 -2.704586137691148195e+00
4.490576474687857811e+00 1.185661446563268662e-01 -4.298732422718885893e+00 -7.074061313156700948e+00 -7.147339220469423715e+00 -4.490576474688059427e+00 -1.185661446565706711e-01 4.298732422718686941e+00 7.074061313156628117e+00 7.147339220469500987e+00 4.490576474688261044e+00 1.185661446568166966e-01 -4.298732422718494206e+00 -7.074061313156555286e+00 -7.147339220469582699e+00 -4.490576474688458219e+00 -1.185661446570649424e-01 4.298732422718292590e+00 7.074061313156482456e+00 7.147339220469660859e+00
-3.224342219126319353e+00 -1.319885804768869875e+01 -1.813185871471917920e+01 -1.613910563193806169e+01 -7.981762745781577628e+00 3.224342219125727382e+00 1.319885804768830084e+01 1.813185871471911526e+01 1.613910563193836367e+01 7.981762745782118529e+00 -3.224342219125137632e+00 -1.319885804768789583e+01 -1.813185871471905131e+01 -1.613910563193866565e+01 -7.981762745782683410e+00 3.224342219124562092e+00 1.319885804768748727e+01 1.813185871471899091e+01 1.613910563193895342e+01 7.981762745783219870e+00
-4.167908363782534487e+00 -1.612644118671990512e+01 -2.192522159390658842e+01 -1.934931256309426928e+01 -9.382623792125436069e+00 4.167908363781822167e+00 1.612644118671942906e+01 2.192522159390651737e+01 1.934931256309464587e+01 9.382623792126093321e+00 -4.167908363781112513e+00 -1.612644118671894944e+01 -2.192522159390644987e+01 -1.934931256309501535e+01 -9.382623792126778994e+00 4.167908363780419734e+00 1.612644118671845916e+01 2.192522159390638592e+01 1.934931256309537062e+01 9.382623792127429141e+00
-9.670288237345475935e+00 -2.247238720493900388e+01 -2.669079806859425830e+01 -2.071423125690676059e+01 -6.825532155906493870e+00 9.670288237344664140e+00 2.247238720493855624e+01 2.669079806859433290e+01 2.071423125690733968e+01 6.825532155907336751e+00 -9.670288237343852344e+00 -2.247238720493810149e+01 -2.669079806859440396e+01 -2.071423125690791522e+01 -6.825532155908219600e+00 9.670288237343061866e+00 2.247238720493763964e+01 2.669079806859448922e+01 2.071423125690847655e+01 6.825532155909055376e+00
-8.030901699439194630e+00 -1.944984471900145806e+01 -2.343960813181296743e+01 -1.847623792125052944e+01 -6.455572809000234891e+00 8.030901699438475205e+00 1.944984471900105305e+01 2.343960813181301361e+01 1.847623792125102682e+01 6.455572809000971191e+00 -8.030901699437757557e+00 -1.944984471900064094e+01 -2.343960813181306690e+01 -1.847623792125152065e+01 -6.455572809001742129e+00 8.030901699437057673e+00 1.944984471900022527e+01 2.343960813181312375e+01 1.847623792125200026e+01 6.455572809002471324e+00
2.270742052666012611e+01 5.157334422022177023e+01 6.074000333515704853e+01 4.670604565284476450e+01 1.483196601125042413e+01 -2.270742052665828226e+01 -5.157334422022076836e+01 -6.074000333515723327e+01 -4.670604565284610743e+01 -1.483196601125234970e+01 2.270742052665644550e+01 5.157334422021975939e+01 6.074000333515742511e+01 4.670604565284744325e+01 1.483196601125436409e+01 -2.270742052665465849e+01 -5.157334422021872911e+01 -6.074000333515764538e+01 -4.670604565284872933e+01 -1.483196601125627190e+01
-2.748277907313389612e+00 -8.749061313156945019e+00 -1.140800066703140381e+01 -9.709471509781426590e+00 -4.302254248593777142e+00 2.748277907313025459e+00 8.749061313156714093e+00 1.140800066703138604e+01 9.709471509781636200e+00 4.302254248594124419e+00 -2.748277907312663082e+00 -8.749061313156479613e+00 -1.140800066703137006e+01 -9.709471509781845810e+00 -4.302254248594487684e+00 2.748277907312309587e+00 8.749061313156243358e+00 1.140800066703135762e+01 9.709471509782046539e+00 4.302254248594831409e+00
1.549290836378507663e+01 4.410797101100322948e+01 5.587528790681355417e+01 4.630014395340751321e+01 1.903991869381307822e+01 -1.549290836378331804e+01 -4.410797101100215656e+01 -5.587528790681355417e+01 -4.630014395340859323e+01 -1.903991869381479773e+01 1.549290836378156655e+01 4.410797101100106943e+01 5.587528790681353996e+01 4.630014395340968036e+01 1.903991869381659896e+01 -1.549290836377985769e+01 -4.410797101099996809e+01 -5.587528790681355417e+01 -4.630014395341071776e+01 -1.903991869381830071e+01
-6.381762745782289414e+00 -1.286291569515712752e+01 -1.443087204340652363e+01 -1.048672575837538723e+01 -2.537006664343952167e+00 6.381762745781862201e+00 1.286291569515691791e+01 1.443087204340660357e+01 1.048672575837573362e+01 2.537006664344419349e+00 -6.381762745781437651e+00 -1.286291569515670297e+01 -1.443087204340668173e+01 -1.048672575837607646e+01 -2.537006664344908291e+00 6.381762745781023760e+00 1.286291569515648803e+01 1.443087204340676877e+01 1.048672575837641041e+01 2.537006664345370588e+00
1.310787504206306053e+01 1.252279373587502143e+01 7.154430856687092444e+00 -9.466814395942257931e-01 -8.686193602469238328e+00 -1.310787504206296461e+01 -1.252279373587520084e+01 -7.154430856687479690e+00 9.466814395937817039e-01 8.686193602468911479e+00 1.310787504206287224e+01 1.252279373587537847e+01 7.154430856687854501e+00 -9.466814395933385029e-01 -8.686193602468566866e+00 -1.310787504206277987e+01 -1.252279373587555789e+01 -7.154430856688252405e+00 9.466814395929068482e-01 8.686193602468245345e+00
-7.080369543532380128e+00 -1.540230223306334523e+01 -1.784107897456263814e+01 -1.346516994375026144e+01 -3.946023658718899263e+00 7.080369543531843668e+00 1.540230223306306456e+01 1.784107897456270919e+01 1.346516994375066645e+01 3.946023658719469029e+00 -7.080369543531308985e+00 -1.540230223306277857e+01 -1.784107897456277669e+01 -1.346516994375106968e+01 -3.946023658720064997e+00 7.080369543530787624e+00 1.540230223306248902e+01 1.784107897456285485e+01 1.346516994375145870e+01 3.946023658720628990e+00
-1.018647450843998215e+01 -2.809751282990833232e+01 -3.527625624968815998e+01 -2.898066877793828766e+01 -1.161545084971909070e+01 1.018647450843887547e+01 2.809751282990766796e+01 3.527625624968816709e+01 2.898066877793898399e+01 1.161545084972018138e+01 -1.018647450843777413e+01 -2.809751282990699295e+01 -3.527625624968818130e+01 -2.898066877793968033e+01 -1.161545084972132180e+01 1.018647450843669944e+01 2.809751282990630727e+01 3.527625624968820262e+01 2.898066877794034468e+01 1.161545084972240005e+01
-1.342202598440969119e-01 -2.309878040719048009e+00 -3.603240919906354645e+00 -3.520288237343899951e+00 -2.092705098312559464e+00 1.342202598439734551e-01 2.309878040718953862e+00 3.603240919906324002e+00 3.520288237343946136e+00 2.092705098312662049e+00 -1.342202598438502203e-01 -2.309878040718859271e+00 -3.603240919906293804e+00 -3.520288237343991877e+00 -2.092705098312769074e+00 1.342202598437300942e-01 2.309878040718763348e+00 3.603240919906264050e+00 3.520288237344035842e+00 2.092705098312871215e+00
-9.256637120814861674e+00 -3.017251282990853412e+01 -3.956351416396965703e+01 -3.384259780178255994e+01 -1.519495934690726457e+01 9.256637120813596908e+00 3.017251282990772410e+01 3.956351416396959308e+01 3.384259780178327759e+01 1.519495934690846539e+01 -9.256637120812335695e+00 -3.017251282990690342e+01 -3.956351416396952914e+01 -3.384259780178399524e+01 -1.519495934690972305e+01 9.256637120811106456e+00 3.017251282990607564e+01 3.956351416396946519e+01 3.384259780178468446e+01 1.519495934691091321e+01
