-1.362061712778548106e+01 -6.086049649016572971e+00 1.738200266810284944e+01 -4.656618792402805518e+00 -1.450405398175808003e+01 1.362061712779020262e+01 6.086049649047851950e+00 -1.738200266812690131e+01 4.656618792386385763e+00 1.450405398179227134e+01 -1.362061712779491707e+01 -6.086049649079168233e+00 1.738200266815096384e+01 -4.656618792369963344e+00 -1.450405398182649286e+01 1.362061712779965461e+01 6.086049649110426785e+00 -1.738200266817501571e+01 4.656618792353573788e+00 1.450405398186071615e+01
-1.377963412216051431e+01 -6.165025990296910230e+00 1.758982972569630832e+01 -4.706086636496989328e+00 -1.468130823035128785e+01 1.377963412216528027e+01 6.165025990328567573e+00 -1.758982972572064085e+01 4.706086636480361740e+00 1.468130823038588595e+01 -1.377963412217003736e+01 -6.165025990360266661e+00 1.758982972574497339e+01 -4.706086636463730599e+00 -1.468130823042051603e+01 1.377963412217481931e+01 6.165025990391905353e+00 -1.758982972576930592e+01 4.706086636447134097e+00 1.468130823045514433e+01
-1.619110863059889382e+01 -7.154490168695089913e+00 2.061282672703629970e+01 -5.584937352814317357e+00 -1.716114561797203208e+01 1.619110863060462080e+01 7.154490168732118072e+00 -2.061282672706491326e+01 5.584937352794964838e+00 1.716114561801259697e+01 -1.619110863061034067e+01 -7.154490168769194192e+00 2.061282672709353747e+01 -5.584937352775608765e+00 -1.716114561805319383e+01 1.619110863061608896e+01 7.154490168806201034e+00 -2.061282672712215103e+01 5.584937352756292661e+00 1.716114561809379424e+01
1.343024391856211608e+01 4.148588469270851675e+00 -1.599421259791372130e+01 5.736378539523642850e+00 1.244893568816385354e+01 -1.343024391856945954e+01 -4.148588469298187142e+00 1.599421259793796146e+01 -5.736378539511280295e+00 -1.244893568819572494e+01 1.343024391857679767e+01 4.148588469325560801e+00 -1.599421259796220340e+01 5.736378539498915075e+00 1.244893568822762475e+01 -1.343024391858415534e+01 -4.148588469352879393e+00 1.599421259798644535e+01 -5.736378539486581829e+00 -1.244893568825952812e+01
1.253913528796883270e+01 3.872727422930222207e+00 -1.493261246450940050e+01 5.356134620959506876e+00 1.162233922044687162e+01 -1.253913528797569121e+01 -3.872727422955743570e+00 1.493261246453203306e+01 -5.356134620947966773e+00 -1.162233922047662915e+01 1.253913528798254440e+01 3.872727422981299572e+00 -1.493261246455466740e+01 5.356134620936423119e+00 1.162233922050640977e+01 -1.253913528798941357e+01 -3.872727423006804059e+00 1.493261246457729996e+01 -5.356134620924907885e+00 -1.162233922053619573e+01
-4.176596467719429384e+00 -1.079460512706670317e+00 4.843739754087578397e+00 -1.914135287976207911e+00 -3.660739087056175123e+00 4.176596467722019312e+00 1.079460512714772724e+00 -4.843739754095176764e+00 1.914135287972798860e+00 3.660739087065877140e+00 -4.176596467724607464e+00 -1.079460512722886678e+00 4.843739754102774242e+00 -1.914135287969388921e+00 -3.660739087075588039e+00 4.176596467727200945e+00 1.079460512730983757e+00 -4.843739754110372608e+00 1.914135287965988308e+00 3.660739087085299381e+00
-4.689464178407437345e+00 -1.947368876484315114e+00 5.893004332710473747e+00 -1.694708096977984191e+00 -4.845617127772418264e+00 4.689464178409278539e+00 1.947368876494803613e+00 -5.893004332718796867e+00 1.694708096972636913e+00 4.845617127784042744e+00 -4.689464178411115292e+00 -1.947368876505305879e+00 5.893004332727121763e+00 -1.694708096967288746e+00 -4.845617127795676993e+00 4.689464178412961815e+00 1.947368876515788161e+00 -5.893004332735444883e+00 1.694708096961951682e+00 4.845617127807313018e+00
-7.114512162877086432e+00 -3.177738420006940956e+00 9.078462513800772626e+00 -2.433059979108766147e+00 -7.574748750050534163e+00 7.114512162879554680e+00 3.177738420023275889e+00 -9.078462513813336798e+00 2.433059979100192116e+00 7.574748750068392766e+00 -7.114512162882018487e+00 -3.177738420039632139e+00 9.078462513825904523e+00 -2.433059979091616309e+00 -7.574748750086265581e+00 7.114512162884495616e+00 3.177738420055956858e+00 -9.078462513838468695e+00 2.433059979083058266e+00 7.574748750104140171e+00
-2.230572809000075818e+00 -6.195048314933486733e-01 2.613447851058815274e+00 -9.956947682851082781e-01 -1.998074641840022370e+00 2.230572809001396539e+00 6.195048314977571469e-01 -2.613447851062860927e+00 9.956947682831988056e-01 1.998074641845246413e+00 -2.230572809002715928e+00 -6.195048315021719487e-01 2.613447851066906580e+00 -9.956947682812888889e-01 -1.998074641850475341e+00 2.230572809004038870e+00 6.195048315065775357e-01 -2.613447851070952677e+00 9.956947682793838572e-01 1.998074641855704714e+00
-2.132827057594033793e+00 -8.321692767120433265e-01 2.647135954996436613e+00 -8.038507163162681435e-01 -2.150328890433840900e+00 2.132827057594948617e+00 8.321692767167123694e-01 -2.647135955000237129e+00 8.038507163139467782e-01 2.150328890439074936e+00 -2.132827057595862108e+00 -8.321692767213876296e-01 2.647135955004038088e+00 -8.038507163116249687e-01 -2.150328890444312524e+00 2.132827057596779152e+00 8.321692767260537860e-01 -2.647135955007838604e+00 8.038507163093081553e-01 2.150328890449551444e+00
5.539386537907744490e+00 2.180650449481326358e+00 -6.887102633272383478e+00 2.075813061886262023e+00 5.604179606740382624e+00 -5.539386537910091945e+00 -2.180650449493489962e+00 6.887102633282249364e+00 -2.075813061880193100e+00 -5.604179606753994847e+00 5.539386537912436737e+00 2.180650449505668664e+00 -6.887102633292116138e+00 2.075813061874122845e+00 5.604179606767619504e+00 -5.539386537914791298e+00 -2.180650449517824274e+00 6.887102633301982024e+00 -2.075813061868065468e+00 -5.604179606781245049e+00
8.873935688189211746e+00 3.538555147564658832e+00 -1.106088304045396953e+01 3.297446517017294632e+00 9.022949016859854510e+00 -8.873935688192906568e+00 -3.538555147584229399e+00 1.106088304046976134e+01 -3.297446517007478928e+00 -9.022949016881707252e+00 8.873935688196597837e+00 3.538555147603825723e+00 -1.106088304048555493e+01 3.297446516997661004e+00 9.022949016903579533e+00 -8.873935688200303318e+00 -3.538555147623384300e+00 1.106088304050134496e+01 -3.297446516987864396e+00 -9.022949016925450039e+00
-1.624647817412996176e+01 -7.179490168694353969e+00 2.068364712028568420e+01 -5.603706762939767216e+00 -1.722036587781514427e+01 1.624647817413570650e+01 7.179490168731509137e+00 -2.068364712031439723e+01 5.603706762920347195e+00 1.722036587785585127e+01 -1.624647817414144768e+01 -7.179490168768714042e+00 2.068364712034311381e+01 -5.603706762900923621e+00 -1.722036587789659023e+01 1.624647817414721374e+01 7.179490168805847006e+00 -2.068364712037182684e+01 5.603706762881540904e+00 1.722036587793733275e+01
6.460613462093379944e+00 1.984501165792040389e+00 -7.687102633269694785e+00 2.766389536573638175e+00 5.977379873550514588e+00 -6.460613462096928217e+00 -1.984501165805168998e+00 7.687102633281358344e+00 -2.766389536567714913e+00 -5.977379873565835666e+00 6.460613462100474713e+00 1.984501165818316037e+00 -7.687102633293022791e+00 2.766389536561789875e+00 5.977379873581170067e+00 -6.460613462104030091e+00 -1.984501165831435987e+00 7.687102633304688126e+00 -2.766389536555879047e+00 -5.977379873596504467e+00
-1.161020693115871794e+01 -4.656666776805312935e+00 1.448818527351191321e+01 -4.297524157523030297e+00 -1.183216927669878160e+01 1.161020693116351232e+01 4.656666776830969745e+00 -1.448818527353256691e+01 4.297524157510131282e+00 1.183216927672739871e+01 -1.161020693116830316e+01 -4.656666776856659418e+00 1.448818527355322416e+01 -4.297524157497230490e+00 -1.183216927675604069e+01 1.161020693117311176e+01 4.656666776882299352e+00 -1.448818527357387609e+01 4.297524157484357232e+00 1.183216927678468444e+01
-1.079967110956429721e+01 -4.097978672870958405e+00 1.333236121457555434e+01 -4.141873708020574973e+00 -1.077254248591841623e+01 1.079967110956909693e+01 4.097978672894381447e+00 -1.333236121459483137e+01 4.141873708009060628e+00 1.077254248594480401e+01 -1.079967110957389131e+01 -4.097978672917835574e+00 1.333236121461411194e+01 -4.141873707997542731e+00 -1.077254248597121311e+01 1.079967110957870169e+01 4.097978672941243516e+00 -1.333236121463338897e+01 4.141873707986050590e+00 1.077254248599762576e+01
-1.178680339887850792e+01 -5.063100632147939706e+00 1.491597167801206680e+01 -4.155476840086225643e+00 -1.234774575138582264e+01 1.178680339888288842e+01 5.063100632174620586e+00 -1.491597167803293900e+01 4.155476840072438449e+00 1.234774575141520891e+01 -1.178680339888726358e+01 -5.063100632201336104e+00 1.491597167805381474e+01 -4.155476840058646815e+00 -1.234774575144462005e+01 1.178680339889165829e+01 5.063100632228001885e+00 -1.491597167807468693e+01 4.155476840044885378e+00 1.234774575147403297e+01
-5.181762745782600987e+00 -2.244379206513494651e+00 6.568865379053674403e+00 -1.815402865260564491e+00 -5.446884705053123277e+00 5.181762745784499913e+00 2.244379206525259907e+00 -6.568865379062844845e+00 1.815402865254464704e+00 5.446884705066061372e+00 -5.181762745786396174e+00 -2.244379206537039817e+00 6.568865379072017952e+00 -1.815402865248363584e+00 -5.446884705079009237e+00 5.181762745788301316e+00 2.244379206548797523e+00 -6.568865379081188394e+00 1.815402865242275121e+00 5.446884705091957990e+00
-5.305040653095044689e+00 -2.223558813263777356e+00 6.679275575678733645e+00 -1.904460512729101218e+00 -5.502254248584614871e+00 5.305040653097097270e+00 2.223558813275681612e+00 -6.679275575688143896e+00 1.904460512723009646e+00 5.502254248597787445e+00 -5.305040653099147185e+00 -2.223558813287601410e+00 6.679275575697555922e+00 -1.904460512716916742e+00 -5.502254248610969789e+00 5.305040653101205095e+00 2.223558813299498116e+00 -6.679275575706965284e+00 1.904460512710836717e+00 5.502254248624153021e+00
-9.482779073151366145e-01 -1.259752415744296972e+00 1.726847717655011438e+00 1.925018328396441714e-01 -1.845820393247493030e+00 9.482779073142517667e-01 1.259752415748056631e+00 -1.726847717656449843e+00 -1.925018328425148750e-01 1.845820393250705349e+00 -9.482779073133662529e-01 -1.259752415751819399e+00 1.726847717657890025e+00 1.925018328453861338e-01 -1.845820393253919445e+00 9.482779073124840696e-01 1.259752415755576838e+00 -1.726847717659327541e+00 -1.925018328482537289e-01 1.845820393257133540e+00
