-1.309463045648237056e+01 -2.312018094082209174e+01 -1.194427190995002830e+00 2.238198433969730772e+01 1.502725424859586845e+01 -1.309463045647593660e+01 -2.312018094081584962e+01 -1.194427190997556787e+00 2.238198433968947754e+01 1.502725424859360182e+01 -1.309463045646950441e+01 -2.312018094080960040e+01 -1.194427191000131172e+00 2.238198433968165446e+01 1.502725424859130499e+01 -1.309463045646310597e+01 -2.312018094080335828e+01 -1.194427191002707778e+00 2.238198433967381007e+01 1.502725424858907033e+01
-1.249463045648214532e+01 -2.337382839166578208e+01 -1.951189936776325462e+00 2.216792669222840217e+01 1.565172209268947157e+01 -1.249463045647583570e+01 -2.337382839165937298e+01 -1.951189936778652267e+00 2.216792669222054712e+01 1.565172209268696335e+01 -1.249463045646952786e+01 -2.337382839165295678e+01 -1.951189936780999723e+00 2.216792669221270629e+01 1.565172209268442316e+01 -1.249463045646325732e+01 -2.337382839164655479e+01 -1.951189936783349621e+00 2.216792669220482992e+01 1.565172209268194692e+01
-1.554602365873502734e+01 -2.741247950819878199e+01 -1.395820393243957458e+00 2.654981506298044280e+01 1.780450849718987172e+01 -1.554602365872739611e+01 -2.741247950819138168e+01 -1.395820393246992364e+00 2.654981506297115601e+01 1.780450849718718942e+01 -1.554602365871976311e+01 -2.741247950818397427e+01 -1.395820393250051694e+00 2.654981506296188343e+01 1.780450849718446804e+01 -1.554602365871217096e+01 -2.741247950817658108e+01 -1.395820393253113689e+00 2.654981506295257176e+01 1.780450849718182837e+01
1.438713228932558863e+01 2.103722825825786558e+01 -1.385410196630542545e+00 -2.189345884813367960e+01 -1.214549150281355949e+01 1.438713228931908539e+01 2.103722825825250098e+01 -1.385410196627370416e+00 -2.189345884812635035e+01 -1.214549150281222012e+01 1.438713228931258215e+01 2.103722825824713283e+01 -1.385410196624180301e+00 -2.189345884811902465e+01 -1.214549150281084522e+01 1.438713228930610732e+01 2.103722825824177178e+01 -1.385410196620987744e+00 -2.189345884811167764e+01 -1.214549150280953960e+01
1.349217294241880261e+01 1.901415361641342017e+01 -1.740779740161769951e+00 -2.009001466275831405e+01 -1.067553215590701754e+01 1.349217294241279497e+01 1.901415361640863466e+01 -1.740779740158735267e+00 -2.009001466275164915e+01 -1.067553215590594817e+01 1.349217294240678910e+01 1.901415361640384205e+01 -1.740779740155684152e+00 -2.009001466274498426e+01 -1.067553215590484861e+01 1.349217294240080811e+01 1.901415361639906365e+01 -1.740779740152631039e+00 -2.009001466273830872e+01 -1.067553215590381122e+01
-4.760942352535550093e+00 -7.114308897408791132e+00 3.640576474704856902e-01 7.339308897409019927e+00 4.171884705062915089e+00 -4.760942352533377608e+00 -7.114308897406964149e+00 3.640576474694487974e-01 7.339308897406549903e+00 4.171884705062430143e+00 -4.760942352531205124e+00 -7.114308897405135390e+00 3.640576474684057429e-01 7.339308897404082543e+00 4.171884705061935428e+00 -4.760942352529044186e+00 -7.114308897403309295e+00 3.640576474673619667e-01 7.339308897401606302e+00 4.171884705061462917e+00
-5.700861046348960848e+00 -7.447464845440530112e+00 1.098074641845971922e+00 8.126112296284816239e+00 3.924138953656706619e+00 -5.700861046346498817e+00 -7.447464845438709347e+00 1.098074641844640542e+00 8.126112296282171243e+00 3.924138953656409967e+00 -5.700861046344035898e+00 -7.447464845436886804e+00 1.098074641843302945e+00 8.126112296279526248e+00 3.924138953656099549e+00 -5.700861046341583638e+00 -7.447464845435067815e+00 1.098074641841964016e+00 8.126112296276875924e+00 3.924138953655815776e+00
-6.404179606756732035e+00 -1.192570576534849103e+01 -9.663118960600982632e-01 1.132849216984854124e+01 7.967705098313529355e+00 -6.404179606753506171e+00 -1.192570576534522431e+01 -9.663118960612955277e-01 1.132849216984453022e+01 7.967705098312258372e+00 -6.404179606750281195e+00 -1.192570576534195759e+01 -9.663118960625032283e-01 1.132849216984052809e+01 7.967705098310970513e+00 -6.404179606747073095e+00 -1.192570576533869264e+01 -9.663118960637121502e-01 1.132849216983650642e+01 7.967705098309715517e+00
-2.498606797752226605e+00 -3.316969676938520184e+00 4.486067977511295490e-01 3.594223925532570085e+00 1.772745751406157089e+00 -2.498606797751140363e+00 -3.316969676937703948e+00 4.486067977505504567e-01 3.594223925531395469e+00 1.772745751406012760e+00 -2.498606797750054120e+00 -3.316969676936886824e+00 4.486067977499684778e-01 3.594223925530221297e+00 1.772745751405863324e+00 -2.498606797748972763e+00 -3.316969676936071920e+00 4.486067977493862213e-01 3.594223925529044905e+00 1.772745751405724768e+00
-2.346352549158349010e+00 -3.151518827219869312e+00 3.986067977509494265e-01 3.397871376376333075e+00 1.701393202250089942e+00 -2.346352549157324496e+00 -3.151518827219090380e+00 3.986067977504086923e-01 3.397871376375218855e+00 1.701393202249945169e+00 -2.346352549156300427e+00 -3.151518827218310559e+00 3.986067977498652382e-01 3.397871376374105523e+00 1.701393202249794845e+00 -2.346352549155279910e+00 -3.151518827217532959e+00 3.986067977493215064e-01 3.397871376372989971e+00 1.701393202249654957e+00
5.940450849724355109e+00 1.032451582856634964e+01 4.404508497167456404e-01 -1.005230223306637427e+01 -6.653115294938269031e+00 5.940450849721457871e+00 1.032451582856357142e+01 4.404508497179180360e-01 -1.005230223306286952e+01 -6.653115294937284041e+00 5.940450849718561521e+00 1.032451582856079320e+01 4.404508497190994798e-01 -1.005230223305937010e+01 -6.653115294936284840e+00 5.940450849715679382e+00 1.032451582855802030e+01 4.404508497202819783e-01 -1.005230223305585469e+01 -6.653115294935314949e+00
8.529508497196198746e+00 1.483054315297470005e+01 6.362712429653665236e-01 -1.443730589875615777e+01 -9.559016994376074550e+00 8.529508497192036742e+00 1.483054315297071035e+01 6.362712429670492886e-01 -1.443730589875112535e+01 -9.559016994374658793e+00 8.529508497187876515e+00 1.483054315296671888e+01 6.362712429687451543e-01 -1.443730589874609826e+01 -9.559016994373221721e+00 8.529508497183741156e+00 1.483054315296273273e+01 6.362712429704424633e-01 -1.443730589874105164e+01 -9.559016994371827280e+00
-1.602049150282882195e+01 -2.722116761213597158e+01 -8.031152949312132527e-01 2.672481506298028009e+01 1.731995934690833394e+01 -1.602049150282109125e+01 -2.722116761212869918e+01 -8.031152949344271263e-01 2.672481506297101106e+01 1.731995934690583994e+01 -1.602049150281335699e+01 -2.722116761212141611e+01 -8.031152949376649808e-01 2.672481506296175269e+01 1.731995934690331040e+01 -1.602049150280566892e+01 -2.722116761211414726e+01 -8.031152949409054997e-01 2.672481506295246234e+01 1.731995934690085903e+01
5.864057647474848700e+00 9.534597134753843406e+00 2.864745084118541785e-02 -9.516892036441792158e+00 -5.910410196625498713e+00 5.864057647472074031e+00 9.534597134751328085e+00 2.864745084239779527e-02 -9.516892036438525437e+00 -5.910410196624700241e+00 5.864057647469299361e+00 9.534597134748810987e+00 2.864745084361852712e-02 -9.516892036435262270e+00 -5.910410196623886669e+00 5.864057647466538015e+00 9.534597134746297442e+00 2.864745084484024429e-02 -9.516892036431986668e+00 -5.910410196623101520e+00
-1.114323725423040301e+01 -1.907595701528869370e+01 -6.463525491515318411e-01 1.867648917119559471e+01 1.218905764746985376e+01 -1.114323725422500644e+01 -1.907595701528358489e+01 -6.463525491537553957e-01 1.867648917118910745e+01 1.218905764746808273e+01 -1.114323725421960987e+01 -1.907595701527847254e+01 -6.463525491559957148e-01 1.867648917118262375e+01 1.218905764746628506e+01 -1.114323725421424172e+01 -1.907595701527336729e+01 -6.463525491582380322e-01 1.867648917117611873e+01 1.218905764746454068e+01
-1.026319660113540522e+01 -1.767841452935072866e+01 -6.626644452147263387e-01 1.726886537906978702e+01 1.133541019662626859e+01 -1.026319660113042076e+01 -1.767841452934598578e+01 -6.626644452167651522e-01 1.726886537906377939e+01 1.133541019662460947e+01 -1.026319660112543630e+01 -1.767841452934124291e+01 -6.626644452188195089e-01 1.726886537905777885e+01 1.133541019662292371e+01 -1.026319660112047849e+01 -1.767841452933650004e+01 -6.626644452208756420e-01 1.726886537905175700e+01 1.133541019662128946e+01
-1.229860679776191468e+01 -1.924140786500774070e+01 4.067627457859155360e-01 1.949280106725834116e+01 1.164045084972019062e+01 -1.229860679775619303e+01 -1.924140786500272426e+01 4.067627457833095095e-01 1.949280106725170825e+01 1.164045084971871447e+01 -1.229860679775046961e+01 -1.924140786499770073e+01 4.067627457806866631e-01 1.949280106724508244e+01 1.164045084971720811e+01 -1.229860679774477461e+01 -1.924140786499269140e+01 4.067627457780617628e-01 1.949280106723843531e+01 1.164045084971575861e+01
-5.346352549161609069e+00 -8.591030990096998110e+00 3.680339887727726578e-02 8.613776741503633261e+00 5.286803398875367321e+00 -5.346352549159092860e+00 -8.591030990094740361e+00 3.680339887616337902e-02 8.613776741500684508e+00 5.286803398874665660e+00 -5.346352549156575762e+00 -8.591030990092477282e+00 3.680339887504197049e-02 8.613776741497739309e+00 5.286803398873951565e+00 -5.346352549154071987e+00 -8.591030990090223085e+00 3.680339887391972931e-02 8.613776741494783451e+00 5.286803398873263227e+00
-5.205040653099130665e+00 -8.341030990097095810e+00 5.000000000223139840e-02 8.371932689534959948e+00 5.124138953656776074e+00 -5.205040653096684622e+00 -8.341030990094905562e+00 5.000000000114504517e-02 8.371932689532094685e+00 5.124138953656099282e+00 -5.205040653094236802e+00 -8.341030990092711761e+00 5.000000000005137835e-02 8.371932689529232974e+00 5.124138953655410056e+00 -5.205040653091802305e+00 -8.341030990090521513e+00 4.999999999895685110e-02 8.371932689526362381e+00 5.124138953654745698e+00
-8.145898033760214929e-01 -1.616640786500836757e+00 -1.845491502809712692e-01 1.502583139032086734e+00 1.113196601125300944e+00 -8.145898033755982759e-01 -1.616640786500387117e+00 -1.845491502811152096e-01 1.502583139031547610e+00 1.113196601125112872e+00 -8.145898033751750589e-01 -1.616640786499937255e+00 -1.845491502812605378e-01 1.502583139031009374e+00 1.113196601124922802e+00 -8.145898033747543954e-01 -1.616640786499487836e+00 -1.845491502814060603e-01 1.502583139030468695e+00 1.113196601124737173e+00
