5.785081306180291705e+00 -3.482875042051835290e+00 -1.496711095713784412e-01 3.725047984472356966e+00 -5.877583139029707304e+00 5.785081306181730554e+00 -3.482875042054617953e+00 -1.496711095683093962e-01 3.725047984470183593e+00 -5.877583139029256110e+00 5.785081306183165850e+00 -3.482875042057405501e+00 -1.496711095652525081e-01 3.725047984467997342e+00 -5.877583139028795145e+00 5.785081306184611805e+00 -3.482875042060182391e+00 -1.496711095621949261e-01 3.725047984465843953e+00 -5.877583139028351056e+00
9.855901699425007934e+00 -6.223906032137901612e+00 2.145898033602073041e-01 5.876692436662079189e+00 -9.723277907309727297e+00 9.855901699427210616e+00 -6.223906032142463296e+00 2.145898033653932668e-01 5.876692436658265351e+00 -9.723277907308736090e+00 9.855901699429407969e+00 -6.223906032147032086e+00 2.145898033705587182e-01 5.876692436654430196e+00 -9.723277907307728896e+00 9.855901699431623086e+00 -6.223906032151584000e+00 2.145898033757254186e-01 5.876692436650650997e+00 -9.723277907306751899e+00
-6.499999999986519894e-01 3.775831390299898560e-01 3.905764746921684683e-02 -4.407797401558104511e-01 6.741389536552925277e-01 -6.499999999988254062e-01 3.775831390303109880e-01 3.905764746886999234e-02 -4.407797401555714756e-01 6.741389536552522266e-01 -6.499999999989982680e-01 3.775831390306327306e-01 3.905764746852451175e-02 -4.407797401553310568e-01 6.741389536552110373e-01 -6.499999999991725730e-01 3.775831390309531965e-01 3.905764746817896177e-02 -4.407797401550942462e-01 6.741389536551714023e-01
-7.410410196616739498e+00 4.655746418425169786e+00 -1.227457513962195434e-01 -4.457139620691559223e+00 7.334549150279610075e+00 -7.410410196618417267e+00 4.655746418428615030e+00 -1.227457514001222827e-01 -4.457139620688701065e+00 7.334549150278882657e+00 -7.410410196620088819e+00 4.655746418432064715e+00 -1.227457514040095066e-01 -4.457139620685826031e+00 7.334549150278144580e+00 -7.410410196621774581e+00 4.655746418435501965e+00 -1.227457514078977296e-01 -4.457139620682994519e+00 7.334549150277427820e+00
-7.792172942397255220e+00 5.224312563080525607e+00 -6.609423525206272743e-01 -4.154885372097893104e+00 7.383688103935379665e+00 -7.792172942398739366e+00 5.224312563083944205e+00 -6.609423525246826969e-01 -4.154885372094763163e+00 7.383688103934364477e+00 -7.792172942400218183e+00 5.224312563087369021e+00 -6.609423525287220214e-01 -4.154885372091614570e+00 7.383688103933335967e+00 -7.792172942401708546e+00 5.224312563090780515e+00 -6.609423525327624560e-01 -4.154885372088513051e+00 7.383688103932334101e+00
-9.775861046332352089e+00 6.238699100983687629e+00 -3.185661446432679900e-01 -5.723248251286000787e+00 9.578976341278234941e+00 -9.775861046334480164e+00 6.238699100988172930e+00 -3.185661446484022163e-01 -5.723248251282193166e+00 9.578976341277202877e+00 -9.775861046336606464e+00 6.238699100992664448e+00 -3.185661446535161256e-01 -5.723248251278364229e+00 9.578976341276153050e+00 -9.775861046338745197e+00 6.238699100997139091e+00 -3.185661446586313117e-01 -5.723248251274591247e+00 9.578976341275133422e+00
-8.599999999990272315e+00 5.679682106610643544e+00 -5.899186938009082226e-01 -4.725173609441913669e+00 8.235410196622630963e+00 -8.599999999991982946e+00 5.679682106614470705e+00 -5.899186938053967433e-01 -4.725173609438491518e+00 8.235410196621577583e+00 -8.599999999993690025e+00 5.679682106618303195e+00 -5.899186938098673894e-01 -4.725173609435049826e+00 8.235410196620506440e+00 -8.599999999995407762e+00 5.679682106622121474e+00 -5.899186938143393677e-01 -4.725173609431658761e+00 8.235410196619465495e+00
1.689151516150906573e+01 -1.019112695899948129e+01 -4.019253581815989129e-01 1.084145584947813568e+01 -1.713991869380690503e+01 1.689151516151324728e+01 -1.019112695900759391e+01 -4.019253581726409119e-01 1.084145584947177987e+01 -1.713991869380556921e+01 1.689151516151741816e+01 -1.019112695901571719e+01 -4.019253581637184380e-01 1.084145584946538854e+01 -1.713991869380420852e+01 1.689151516152162458e+01 -1.019112695902381205e+01 -4.019253581547939658e-01 1.084145584945909135e+01 -1.713991869380289401e+01
-4.076393202245188085e+00 2.762586804711387067e+00 -3.935661446500772209e-01 -2.125783405846328744e+00 3.833155948030261051e+00 -4.076393202245939484e+00 2.762586804713157651e+00 -3.935661446521944162e-01 -2.125783405844680285e+00 3.833155948029707716e+00 -4.076393202246687331e+00 2.762586804714930455e+00 -3.935661446543031738e-01 -2.125783405843021612e+00 3.833155948029147275e+00 -4.076393202247442282e+00 2.762586804716697042e+00 -3.935661446564125976e-01 -2.125783405841387808e+00 3.833155948028600157e+00
1.808454915025817655e+01 -1.088051349690479519e+01 -4.795084972132276357e-01 1.165637454329056588e+01 -1.838090169943157548e+01 1.808454915026268139e+01 -1.088051349691350111e+01 -4.795084972036325333e-01 1.165637454328377309e+01 -1.838090169943016505e+01 1.808454915026717202e+01 -1.088051349692221947e+01 -4.795084971940753449e-01 1.165637454327694122e+01 -1.838090169942873331e+01 1.808454915027169818e+01 -1.088051349693090231e+01 -4.795084971845161581e-01 1.165637454327021238e+01 -1.838090169942734775e+01
-5.727254248586842955e+00 3.869146285021189957e+00 -5.331559480232122006e-01 -3.006481839815497104e+00 5.397745751404444015e+00 -5.727254248587908769e+00 3.869146285023684850e+00 -5.331559480261885975e-01 -3.006481839813184731e+00 5.397745751403675740e+00 -5.727254248588971031e+00 3.869146285026183740e+00 -5.331559480291532260e-01 -3.006481839810859924e+00 5.397745751402897696e+00 -5.727254248590040397e+00 3.869146285028672860e+00 -5.331559480321187428e-01 -3.006481839808568424e+00 5.397745751402138303e+00
1.111474508436692821e+00 -9.079526825605970242e-01 3.576237921230934202e-01 3.293052317197807111e-01 -8.904508497189156380e-01 1.111474508436765873e+00 -9.079526825609842700e-01 3.576237921236479766e-01 3.293052317192723955e-01 -8.904508497186470750e-01 1.111474508436838260e+00 -9.079526825613719598e-01 3.576237921242002571e-01 3.293052317187610822e-01 -8.904508497183758475e-01 1.111474508436911313e+00 -9.079526825617583174e-01 3.576237921247528151e-01 3.293052317182572075e-01 -8.904508497181096160e-01
-5.309549150273960905e+00 3.193285238677272098e+00 1.427050983205166990e-01 -3.424186938127876445e+00 5.397745751404299241e+00 -5.309549150275284291e+00 3.193285238679828275e+00 1.427050983176994525e-01 -3.424186938125882484e+00 5.397745751403887127e+00 -5.309549150276604124e+00 3.193285238682388449e+00 1.427050983148933361e-01 -3.424186938123876978e+00 5.397745751403467906e+00 -5.309549150277934615e+00 3.193285238684938854e+00 1.427050983120866090e-01 -3.424186938121901669e+00 5.397745751403062009e+00
-1.266631189604622776e+01 7.215546818633525206e+00 9.913118960803575241e-01 -8.819523159943996049e+00 1.327897634127712045e+01 -1.266631189604972718e+01 7.215546818639872129e+00 9.913118960735776142e-01 -8.819523159939393508e+00 1.327897634127644366e+01 -1.266631189605321772e+01 7.215546818646227933e+00 9.913118960668245716e-01 -8.819523159934762546e+00 1.327897634127574733e+01 -1.266631189605673491e+01 7.215546818652560646e+00 9.913118960600700857e-01 -8.819523159930202638e+00 1.327897634127508475e+01
-2.240450849716460802e+00 1.551518827215222052e+00 -2.699593469032983140e-01 -1.114715428344968506e+00 2.073606797749520503e+00 -2.240450849716845383e+00 1.551518827216174623e+00 -2.699593469044571092e-01 -1.114715428344049464e+00 2.073606797749190989e+00 -2.240450849717228632e+00 1.551518827217128527e+00 -2.699593469056112416e-01 -1.114715428343125314e+00 2.073606797748857478e+00 -2.240450849717614989e+00 1.551518827218078878e+00 -2.699593469067657625e-01 -1.114715428342214931e+00 2.073606797748532404e+00
-1.504164078648264002e+01 9.740140287693542120e+00 -7.182372541986332681e-01 -8.578007998413935908e+00 1.459774575140206920e+01 -1.504164078648579661e+01 9.740140287700356225e+00 -7.182372542065122989e-01 -8.578007998408024193e+00 1.459774575140037101e+01 -1.504164078648894609e+01 9.740140287707179212e+00 -7.182372542143601324e-01 -8.578007998402078726e+00 1.459774575139865149e+01 -1.504164078649211866e+01 9.740140287713975553e+00 -7.182372542222101863e-01 -8.578007998396220302e+00 1.459774575139697639e+01
-1.174467844092146551e+00 6.854101966231955778e-01 6.545084972000460299e-02 -7.913118960627536502e-01 1.214918693811764872e+00 -1.174467844092456970e+00 6.854101966237740040e-01 6.545084971937834006e-02 -7.913118960623206632e-01 1.214918693811689598e+00 -1.174467844092766722e+00 6.854101966243533184e-01 6.545084971875456126e-02 -7.913118960618850117e-01 1.214918693811612771e+00 -1.174467844093078694e+00 6.854101966249303013e-01 6.545084971813065755e-02 -7.913118960614560216e-01 1.214918693811538830e+00
-1.658155948030290538e+00 1.481230589873151260e+00 -7.385254915606858095e-01 -2.862712429696766536e-01 1.201722092687363963e+00 -1.658155948030291649e+00 1.481230589873650860e+00 -7.385254915614944959e-01 -2.862712429688701876e-01 1.201722092686867027e+00 -1.658155948030291871e+00 1.481230589874150905e+00 -7.385254915622998517e-01 -2.862712429680589477e-01 1.201722092686364984e+00 -1.658155948030292315e+00 1.481230589874648951e+00 -7.385254915631056516e-01 -2.862712429672593650e-01 1.201722092685872489e+00
-1.801319660110166865e+01 1.091731689577957276e+01 3.486067977758064984e-01 -1.148137454329045326e+01 1.822864745083755977e+01 -1.801319660110608822e+01 1.091731689578819164e+01 3.486067977662609674e-01 -1.148137454328365692e+01 1.822864745083609961e+01 -1.801319660111049714e+01 1.091731689579682651e+01 3.486067977567532394e-01 -1.148137454327682150e+01 1.822864745083460747e+01 -1.801319660111493448e+01 1.091731689580542763e+01 3.486067977472434021e-01 -1.148137454327009088e+01 1.822864745083316862e+01
-6.616311896054710040e+00 4.186648117863772001e+00 -1.578270575850509727e-01 -3.931278574346872556e+00 6.518769410123081087e+00 -6.616311896056182640e+00 4.186648117866829999e+00 -1.578270575885311056e-01 -3.931278574344309273e+00 6.518769410122409624e+00 -6.616311896057649911e+00 4.186648117869892438e+00 -1.578270575919974439e-01 -3.931278574341730891e+00 6.518769410121726615e+00 -6.616311896059129616e+00 4.186648117872942443e+00 -1.578270575954646149e-01 -3.931278574339191145e+00 6.518769410121064922e+00
