3.927050350550940294e+01 5.643499233942195303e+01 6.807523091743973964e+01 7.305179158523530702e+01 7.087753391090765831e+01 6.176528938456392126e+01 4.660702798918326550e+01 2.688654596396280283e+01 4.534221490208537375e+00 -1.826194417478638599e+01 -3.927050350550676683e+01 -5.643499233942189619e+01 -6.807523091744225496e+01 -7.305179158524011029e+01 -7.087753391091433741e+01 -6.176528938457177986e+01 -4.660702798919156464e+01 -2.688654596397071117e+01 -4.534221490215299966e+00 1.826194417478145127e+01
-1.324266649561455900e+00 -6.387588488855808322e+00 -1.082564866191510156e+01 -1.420401891721684606e+01 -1.619200083568243898e+01 -1.659499689604796657e+01 -1.537355903608618135e+01 -1.264725010378809067e+01 -8.682940212758282428e+00 -3.868683636101880818e+00 1.324266649560090769e+00 6.387588488854916591e+00 1.082564866191476582e+01 1.420401891721709831e+01 1.619200083568325610e+01 1.659499689604927042e+01 1.537355903608784402e+01 1.264725010378994696e+01 8.682940212760154708e+00 3.868683636103581680e+00
-6.844320123122269450e+00 -1.695159536831963010e+01 -2.539953035015620486e+01 -3.136118233238579478e+01 -3.425298328171592033e+01 -3.379186357286416609e+01 -3.002296081574283448e+01 -2.331520147170848034e+01 -1.432518776106258684e+01 -3.932924862911774788e+00 6.844320123119783439e+00 1.695159536831820901e+01 2.539953035015598104e+01 3.136118233238677178e+01 3.425298328171803064e+01 3.379186357286718589e+01 3.002296081574647246e+01 2.331520147171238122e+01 1.432518776106637404e+01 3.932924862915070818e+00
4.266143278727822974e+01 4.121682912487667494e+01 3.573763505319760725e+01 2.676019226376678972e+01 1.516327540633550441e+01 2.082071503379978594e+00 -1.120294006497175232e+01 -2.339132980429108599e+01 -3.329001320538867503e+01 -3.993003816878244550e+01 -4.266143278728110033e+01 -4.121682912488060424e+01 -3.573763505320221867e+01 -2.676019226377160720e+01 -1.516327540634008386e+01 -2.082071503383863487e+00 1.120294006496892791e+01 2.339132980428960451e+01 3.329001320538869635e+01 3.993003816878396606e+01
5.851366231443412858e+01 5.744666098819062938e+01 5.075638023000068699e+01 3.909771133440284530e+01 2.361188604362074273e+01 5.814764833205259720e+00 -1.255154607293346913e+01 -2.968922419769000953e+01 -4.392071420098857715e+01 -5.385293868468495759e+01 -5.851366231443779498e+01 -5.744666098819583056e+01 -5.075638023000692556e+01 -3.909771133440947466e+01 -2.361188604362714827e+01 -5.814764833210801953e+00 1.255154607292930891e+01 2.968922419768765764e+01 4.392071420098827161e+01 5.385293868468673395e+01
4.510539656008190690e+01 4.280457998616297033e+01 3.631375288615308961e+01 2.626828264085278164e+01 1.365148986877868964e+01 -3.016058471743985336e-01 -1.422517828139477558e+01 -2.675629115278744763e+01 -3.666831182410325596e+01 -4.299098265092494131e+01 -4.510539656008515408e+01 -4.280457998616728332e+01 -3.631375288615803498e+01 -2.626828264085786202e+01 -1.365148986878342896e+01 3.016058471704692323e-01 1.422517828139202933e+01 2.675629115278616155e+01 3.666831182410356860e+01 4.299098265092681714e+01
2.493557530424927648e+01 2.429017238650979849e+01 2.126707815599631957e+01 1.616221413912749938e+01 9.475279993553426650e+00 1.860839424052632474e+00 -5.935753073505185995e+00 -1.315131270340495107e+01 -1.907953021531200122e+01 -2.314011037484072730e+01 -2.493557530425089652e+01 -2.429017238651205446e+01 -2.126707815599899476e+01 -1.616221413913032023e+01 -9.475279993556132041e+00 -1.860839424054948843e+00 5.935753073503475363e+00 1.315131270340402025e+01 1.907953021531194082e+01 2.314011037484155153e+01
3.677154318283383816e+01 2.262526897027083805e+01 6.264275791379304792e+00 -1.070990834774851841e+01 -2.663573203747977303e+01 -3.995426469332527120e+01 -4.936179554325740071e+01 -5.393744992156312890e+01 -5.323333089723518441e+01 -4.731836254626043115e+01 -3.677154318283998435e+01 -2.262526897027677819e+01 -6.264275791384484648e+00 1.070990834774461931e+01 2.663573203747753126e+01 3.995426469332491592e+01 4.936179554325894969e+01 5.393744992156643292e+01 5.323333089723993794e+01 4.731836254626615812e+01
1.002716226453541637e+00 -1.106897470593073685e+01 -2.205715727201707921e+01 -3.088623160306729076e+01 -3.669194638778009221e+01 -3.890599781223432529e+01 -3.731165909680100867e+01 -3.206499522335771957e+01 -2.367958620749372400e+01 -1.297625430826178317e+01 -1.002716226457039284e+00 1.106897470592825350e+01 2.205715727201584286e+01 3.088623160306741866e+01 3.669194638778157724e+01 3.890599781223701825e+01 3.731165909680465376e+01 3.206499522336194730e+01 2.367958620749814003e+01 1.297625430826593984e+01
5.719032051774473047e-01 -1.264417523464424598e+01 -2.462255370535011423e+01 -3.419070506395726028e+01 -4.041203199025468962e+01 -4.267754765816288653e+01 -4.076548760933110316e+01 -3.486301760344466061e+01 -2.554791252960635717e+01 -1.373199977459678500e+01 -5.719032051812451556e-01 1.264417523464157078e+01 2.462255370534881393e+01 3.419070506395745923e+01 4.041203199025638071e+01 4.267754765816588503e+01 4.076548760933513904e+01 3.486301760344931466e+01 2.554791252961119596e+01 1.373199977460132359e+01
-1.221277853408442660e+01 -3.052462950653693241e+01 -4.584851706529049409e+01 -5.668443232829168466e+01 -6.197168041133684113e+01 -6.119270863363395563e+01 -5.442376818019998552e+01 -4.232745010459826318e+01 -2.608782630007234360e+01 -7.294544292721424128e+00 1.221277853407991287e+01 3.052462950653433182e+01 4.584851706529006066e+01 5.668443232829343259e+01 6.197168041134064254e+01 6.119270863363940549e+01 5.442376818020656515e+01 4.232745010460531176e+01 2.608782630007920744e+01 7.294544292727400681e+00
-1.179257068419811461e+01 -2.750409224106858019e+01 -4.052332161710471325e+01 -4.957584593067522150e+01 -5.377554102932212032e+01 -5.271131149579348829e+01 -4.648733153175416533e+01 -3.571284766110258602e+01 -2.144254143534133306e+01 -5.073289854917742758e+00 1.179257068419431675e+01 2.750409224106646278e+01 4.052332161710448588e+01 4.957584593067687706e+01 5.377554102932552382e+01 5.271131149579828445e+01 4.648733153175992072e+01 3.571284766110869668e+01 2.144254143534723767e+01 5.073289854922838238e+00
3.441847710840294639e+01 6.868775942667700463e+01 9.623340527650790932e+01 1.143590549203144064e+02 1.212904434821335826e+02 1.163490783557106454e+02 1.000186547881349242e+02 7.389770841895196440e+01 4.054313947411203856e+01 3.219925556882810458e+00 -3.441847710839516594e+01 -6.868775942667315348e+01 -9.623340527650830722e+01 -1.143590549203190108e+02 -1.212904434821419812e+02 -1.163490783557219856e+02 -1.000186547881481118e+02 -7.389770841896572051e+01 -4.054313947412502017e+01 -3.219925556893715068e+00
-7.348016739194890512e+00 -1.400851033579884941e+01 -1.929775333770427537e+01 -2.269799778756173225e+01 -2.387640406772300139e+01 -2.271762156104654196e+01 -1.933507997299827252e+01 -1.405988604176936185e+01 -7.408412503785767100e+00 -3.175193248647767419e-02 7.348016739193415248e+00 1.400851033579815486e+01 1.929775333770442813e+01 2.269799778756270214e+01 2.387640406772470669e+01 2.271762156104880859e+01 1.933507997300089087e+01 1.405988604177206369e+01 7.408412503788297521e+00 3.175193248858132478e-02
2.403606363301724258e+01 5.751642985582535061e+01 8.536668718381513088e+01 1.048606583855702041e+02 1.140901377373787682e+02 1.121516794947218472e+02 9.923503345642328100e+01 7.660457093227631731e+01 4.647551926984813520e+01 1.179711996730358514e+01 -2.403606363300908555e+01 -5.751642985582076051e+01 -8.536668718381451981e+01 -1.048606583855736005e+02 -1.140901377373859020e+02 -1.121516794947319937e+02 -9.923503345643544549e+01 -7.660457093228929182e+01 -4.647551926986069759e+01 -1.179711996731447066e+01
-1.064155943537418381e+01 -2.066468354817114061e+01 -2.866500445595688973e+01 -3.385939500676394687e+01 -3.573939206203221630e+01 -3.412096841128229840e+01 -2.916254663767016098e+01 -2.134949161175283194e+01 -1.144659959622232392e+01 -4.232346590645208462e-01 1.064155943537194027e+01 2.066468354817006414e+01 2.866500445595706736e+01 3.385939500676536085e+01 3.573939206203473162e+01 3.412096841128566638e+01 2.916254663767406896e+01 2.134949161175687848e+01 1.144659959622612888e+01 4.232346590676965281e-01
3.410723799604931372e+01 2.917930976671282295e+01 2.139510739320485300e+01 1.151660283957135178e+01 5.107729591102621036e-01 -1.054505493735315191e+01 -2.056865938483067779e+01 -2.857886014144444786e+01 -3.379156294678671912e+01 -3.569651213123452749e+01 -3.410723799605268169e+01 -2.917930976671671317e+01 -2.139510739320889599e+01 -1.151660283957512831e+01 -5.107729591134246849e-01 1.054505493735091726e+01 2.056865938482958711e+01 2.857886014144460418e+01 3.379156294678811889e+01 3.569651213123703570e+01
-3.278771165299660950e+00 -1.311099083310765145e+01 -2.165981536852664746e+01 -2.808842626286694610e+01 -3.176754629102464733e+01 -3.233703755070711594e+01 -2.974115426953765962e+01 -2.423399958965942602e+01 -1.635465218174172719e+01 -6.874397468712983184e+00 3.278771165297048817e+00 1.311099083310597990e+01 2.165981536852607192e+01 2.808842626286751809e+01 3.176754629102631711e+01 3.233703755070970942e+01 2.974115426954093877e+01 2.423399958966306400e+01 1.635465218174537227e+01 6.874397468716270332e+00
-1.663388763902062806e+01 -4.010411237359355852e+01 -5.964866716725838813e+01 -7.335439482189076443e+01 -7.987968322123549569e+01 -7.858579167240704066e+01 -6.959937529527712741e+01 -5.380008713688363287e+01 -3.273447160228339214e+01 -8.464577912776796609e+00 1.663388763901489753e+01 4.010411237359031844e+01 5.964866716725793339e+01 7.335439482189312344e+01 7.987968322124048370e+01 7.858579167241411767e+01 6.959937529528563971e+01 5.380008713689272071e+01 3.273447160229220287e+01 8.464577912784431390e+00
-5.833267785441709208e-01 -2.907822112477861154e+00 -4.947679558054292492e+00 -6.503223655977914852e+00 -7.422186911830934264e+00 -7.614614799336959727e+00 -7.061671136142961380e+00 -5.817481900587393895e+00 -4.003837003822559026e+00 -1.798268644750818268e+00 5.833267785435420905e-01 2.907822112477449483e+00 4.947679558054136173e+00 6.503223655978026763e+00 7.422186911831307299e+00 7.614614799337555695e+00 7.061671136143722549e+00 5.817481900588244770e+00 4.003837003823418783e+00 1.798268644751599865e+00
