-5.518141056638838471e+00 4.879052882392256763e+00 -3.762369017658037329e+00 2.277398259510360568e+00 -5.694998921562659522e-01 -1.194145092580217282e+00 2.840898835556249225e+00 -4.209565606801706217e+00 5.166170766685365123e+00 -5.617075137098137105e+00 5.518141056628870444e+00 -4.879052882388414503e+00 3.762369017660684545e+00 -2.277398259519248125e+00 5.694998921705238804e-01 1.194145092561986532e+00 -2.840898835535821565e+00 4.209565606781090707e+00 -5.166170766666579262e+00 5.617075137083020309e+00
2.210799136667226605e+00 -2.168203998691526913e+00 1.913369946558788559e+00 -1.471241912825060894e+00 8.850984699193540362e-01 -2.123154219347385130e-01 -4.812505388370163506e-01 1.127708343797491297e+00 -1.663778198860931479e+00 2.036985851595582542e+00 -2.210799136661310005e+00 2.168203998687644241e+00 -1.913369946557316403e+00 1.471241912826145803e+00 -8.850984699228898744e-01 2.123154219403783349e-01 4.812505388298202735e-01 -1.127708343789447509e+00 1.663778198852827517e+00 -2.036985851588211105e+00
7.176854848209592852e+00 -6.612625665389659346e+00 5.401106609570794248e+00 -3.660889607086235564e+00 1.562319222943901131e+00 6.891818520569614748e-01 -2.873221005565234965e+00 4.776009268140398056e+00 -6.211288467136728109e+00 7.038563474378770835e+00 -7.176854848194223813e+00 6.612625665381731466e+00 -5.401106609571069583e+00 3.660889607094698128e+00 -1.562319222959722476e+00 -6.891818520353322208e-01 2.873221005539902784e+00 -4.776009268113855732e+00 6.211288467111573119e+00 -7.038563474357465211e+00
6.100523467809893852e+00 -5.675304410485122020e+00 4.694547015292422465e+00 -3.254254649411910449e+00 1.495413164722907862e+00 4.098097796842104512e-01 -2.274917687542379774e+00 3.917340801859890753e+00 -5.176307304773057893e+00 5.928580783241758745e+00 -6.100523467796339361e+00 5.675304410477785666e+00 -4.694547015292010350e+00 3.254254649418473200e+00 -1.495413164735801992e+00 -4.098097796662488745e-01 2.274917687521098131e+00 -3.917340801837384756e+00 5.176307304751528449e+00 -5.928580783223313055e+00
1.077090653559033129e+01 -9.912308341528646594e+00 8.083424343887273267e+00 -5.463278450939548669e+00 2.308348798316963268e+00 1.072538117894704657e+00 -4.348437530312959431e+00 7.198681579917639795e+00 -9.344268520316200366e+00 1.057517335259994873e+01 -1.077090653556737010e+01 9.912308341516880006e+00 -8.083424343887827490e+00 5.463278450952385512e+00 -2.308348798340828179e+00 -1.072538117862151363e+00 4.348437530274885887e+00 -7.198681579877792558e+00 9.344268520278481205e+00 -1.057517335256804714e+01
-8.173452476436424696e-01 5.325284312953144639e-01 -1.955840217482882615e-01 -1.605055145612689915e-01 5.008836527977503783e-01 -7.922318092367045539e-01 1.006030796383998949e+00 -1.121352479752598441e+00 1.126908369481040895e+00 -1.022154616372600744e+00 8.173452476438793912e-01 -5.325284312968332490e-01 1.955840217509364765e-01 1.605055145577468645e-01 -5.008836527936996186e-01 7.922318092325216776e-01 -1.006030796380092962e+00 1.121352479749352593e+00 -1.126908369478773153e+00 1.022154616371532931e+00
-6.648614260218641547e+00 6.143897065446100925e+00 -5.037772418861174550e+00 3.438515507695250939e+00 -1.502672741091286124e+00 -5.802621031460876155e-01 2.606396849802841587e+00 -4.377399312965741807e+00 5.719911432241156390e+00 -6.502518767562924573e+00 6.648614260204241511e+00 -6.143897065438559402e+00 5.037772418861215407e+00 -3.438515507702882168e+00 1.502672741105759435e+00 5.802621031261904205e-01 -2.606396849779457181e+00 4.377399312941171239e+00 -5.719911432217803515e+00 6.502518767543076450e+00
-7.622309736130663538e+00 6.854507790784706067e+00 -5.415738864714430889e+00 3.446839684896196854e+00 -1.140539821177720681e+00 -1.277404026844500384e+00 3.570306668521081139e+00 -5.513722817693111899e+00 6.917417361103678886e+00 -7.643986896729328073e+00 7.622309736115858492e+00 -6.854507790778136211e+00 5.415738864716722389e+00 -3.446839684907140544e+00 1.140539821196242753e+00 1.277404026820214478e+00 -3.570306668493396174e+00 5.513722817664751474e+00 -6.917417361077419002e+00 7.643986896707737344e+00
-9.397960552997679073e+00 8.425036037493093488e+00 -6.627410293963047927e+00 4.181047454979338163e+00 -1.325414560033689515e+00 -1.659959146752673087e+00 4.482844486638336789e+00 -6.866917774357215620e+00 8.578809305692741916e+00 -9.450947210108811447e+00 9.397960552979663262e+00 -8.425036037485282847e+00 6.627410293966184973e+00 -4.181047454993136014e+00 1.325414560056793922e+00 1.659959146722524759e+00 -4.482844486604080636e+00 6.866917774322221391e+00 -8.578809305660435314e+00 9.450947210082356165e+00
-8.029971801756529359e+00 7.285400471460051541e+00 -5.827683382648987553e+00 3.799512040488393527e+00 -1.399417987049501599e+00 -1.137660849278811392e+00 3.563377515129499518e+00 -5.640285962287790333e+00 7.165083921274369771e+00 -7.988513543972122655e+00 8.029971801740352078e+00 -7.285400471452424753e+00 5.827683382650639565e+00 -3.799512040499176457e+00 1.399417987068358515e+00 1.137660849253727680e+00 -3.563377515100631499e+00 5.640285962257977737e+00 -7.165083921246531595e+00 7.988513543948982054e+00
1.792964551794721118e+01 -1.633061980602509067e+01 1.313303924537447109e+01 -8.649905300125769969e+00 3.320058356670589461e+00 2.334779030939062139e+00 -7.761071979636110285e+00 1.242765712839711334e+01 -1.587773660885205551e+01 1.777359260333805935e+01 -1.792964551791051875e+01 1.633061980600736263e+01 -1.313303924537740563e+01 8.649905300149109522e+00 -3.320058356712046965e+00 -2.334779030883549655e+00 7.761071979571947388e+00 -1.242765712833061365e+01 1.587773660878972315e+01 -1.777359260328599788e+01
-4.309935943377253054e+00 3.950557653244993084e+00 -3.204471254860372653e+00 2.144708883186922321e+00 -8.750074629626081180e-01 -4.803457842711815751e-01 1.788679439374083024e+00 -2.921924688488298560e+00 3.769151590846909095e+00 -4.247427674270426223e+00 4.309935943368208733e+00 -3.950557653240457157e+00 3.204471254860781659e+00 -2.144708883192243398e+00 8.750074629723187947e-01 4.803457842580323156e-01 -1.788679439358775047e+00 2.921924688472338438e+00 -3.769151590831858023e+00 4.247427674257758135e+00
1.873992303833534834e+01 -1.704110096542616404e+01 1.367417719769317053e+01 -8.968729692259513442e+00 3.385360435737337248e+00 2.529391487424568208e+00 -8.196548948488267428e+00 1.306137108975818606e+01 -1.664765522483925508e+01 1.860435087548021116e+01 -1.873992303829724904e+01 1.704110096540793862e+01 -1.367417719769656514e+01 8.968729692284226118e+00 -3.385360435780949029e+00 -2.529391487366331681e+00 8.196548948421074954e+00 -1.306137108968865057e+01 1.664765522477418003e+01 -1.860435087542596833e+01
-6.118115339888715809e+00 5.440418969556776396e+00 -4.230176484858147568e+00 2.605854852450369741e+00 -7.264539910276880397e-01 -1.224057248538313436e+00 3.054749236108356580e+00 -4.586421084758383060e+00 5.669142082157697438e+00 -6.196927953320511939e+00 6.118115339877386205e+00 -5.440418969552178297e+00 4.230176484860716180e+00 -2.605854852459865700e+00 7.264539910431810910e-01 1.224057248518341190e+00 -3.054749236085850583e+00 4.586421084735557763e+00 -5.669142082136785277e+00 6.196927953303561054e+00
1.041793661080233635e+00 -9.847866067748568542e-01 8.313817779868274416e-01 -5.965955081922252878e-01 3.034103133306720324e-01 1.947479698344456445e-02 -3.404535784797824705e-01 6.281063916348668119e-01 -8.542757749021534508e-01 9.968226932327614032e-01 -1.041793661077778488e+00 9.847866067734326601e-01 -8.313817779865719793e-01 5.965955081931649806e-01 -3.034103133327148427e-01 -1.947479698049894847e-02 3.404535784762204864e-01 -6.281063916310389850e-01 8.542757748984346478e-01 -9.968226932295154441e-01
-6.048686348775822452e+00 5.476238417369324374e+00 -4.367738114475433697e+00 2.831693173117200590e+00 -1.018462374409091931e+00 -8.944626175497247811e-01 2.719831376414525881e+00 -4.278964089976022400e+00 5.419241985114874538e+00 -6.029046716672062267e+00 6.048686348763741449e+00 -5.476238417363706645e+00 4.367738114476815703e+00 -2.831693173125457541e+00 1.018462374423414252e+00 8.944626175307398563e-01 -2.719831376392726874e+00 4.278964089953554151e+00 -5.419241985093935732e+00 6.029046716654701932e+00
-1.248759053513124151e+01 1.133542060399420137e+01 -9.073660725621589762e+00 5.923707715516308703e+00 -2.193900921320421915e+00 -1.750660180858625070e+00 5.523854466966979793e+00 -8.756335390890694015e+00 1.113168519777810594e+01 -1.241738809849669245e+01 1.248759053510603501e+01 -1.133542060398227846e+01 9.073660725624090873e+00 -5.923707715533010898e+00 2.193900921349688726e+00 1.750660180819661793e+00 -5.523854466922112572e+00 8.756335390844338207e+00 -1.113168519773479836e+01 1.241738809846067149e+01
-2.141344331023122383e+00 1.916839106857063380e+00 -1.504700315508945563e+00 9.452709734157414001e-01 -2.933119223549174870e-01 -3.873585432899646630e-01 1.030111655831707385e+00 -1.572030262290595282e+00 1.960067593697639499e+00 -2.156239852439805205e+00 2.141344331019042091e+00 -1.916839106855314334e+00 1.504700315509693853e+00 -9.452709734189176372e-01 2.933119223602106973e-01 3.873585432830732866e-01 -1.030111655823888972e+00 1.572030262282619217e+00 -1.960067593690286269e+00 2.156239852433794457e+00
-1.420837681495907745e+01 1.279173203655299318e+01 -1.012294340117450275e+01 6.463250534998342900e+00 -2.170889674345154674e+00 -2.333972993108200722e+00 6.610370122248380831e+00 -1.023969816666523691e+01 1.286669321035689606e+01 -1.423420667509708970e+01 1.420837681493135030e+01 -1.279173203654058710e+01 1.012294340117860436e+01 -6.463250535018572052e+00 2.170889674379532064e+00 2.333972993063044399e+00 -6.610370122196841614e+00 1.023969816661238674e+01 -1.286669321030790591e+01 1.423420667505675574e+01
-1.274385082909212263e+00 1.002435199565524293e+00 -6.323599745119636850e-01 2.003849492424580325e-01 2.512051510226888107e-01 -6.782055408563621990e-01 1.038818447015084745e+00 -1.297744565706281383e+00 1.429638404388210660e+00 -1.421589275172362443e+00 1.274385082908030542e+00 -1.002435199566002355e+00 6.323599745140504602e-01 -2.003849492459530701e-01 -2.512051510181281255e-01 6.782055408511824535e-01 -1.038818447009791424e+00 1.297744565701394848e+00 -1.429638404384208750e+00 1.421589275169637290e+00
