1.050000000003187139e+01 8.849999999974750509e+00 -1.050000000002617639e+01 -8.849999999979154097e+00 1.050000000002047962e+01 8.849999999983543475e+00 -1.050000000001478107e+01 -8.849999999987945287e+00 1.050000000000908607e+01 8.849999999992338218e+00 -1.050000000000339639e+01 -8.849999999996731148e+00 1.049999999999768718e+01 8.850000000001124079e+00 -1.049999999999199574e+01 -8.850000000005515233e+00 1.049999999998630429e+01 8.850000000009945467e+00 -1.049999999998061284e+01 -8.850000000014336621e+00
-3.200000000010657430e+00 -3.099999999992459454e+00 3.200000000008715428e+00 3.099999999993756639e+00 -3.200000000006772982e+00 -3.099999999995050270e+00 3.200000000004829648e+00 3.099999999996347455e+00 -3.200000000002887646e+00 -3.099999999997641531e+00 3.200000000000947864e+00 3.099999999998935163e+00 -3.199999999999000533e+00 -3.100000000000229239e+00 3.199999999997059863e+00 3.100000000001523315e+00 -3.199999999995119193e+00 -3.100000000002828049e+00 3.199999999993178523e+00 3.100000000004122569e+00
-4.300000000017027091e+00 -4.899999999989685051e+00 4.300000000014041923e+00 4.899999999991346833e+00 -4.300000000011055867e+00 -4.899999999993003286e+00 4.300000000008067147e+00 4.899999999994665068e+00 -4.300000000005081979e+00 -4.899999999996322408e+00 4.300000000002099476e+00 4.899999999997980638e+00 -4.299999999999107203e+00 -4.899999999999637090e+00 4.299999999996122924e+00 4.900000000001294431e+00 -4.299999999993139532e+00 -4.900000000002966871e+00 4.299999999990156141e+00 4.900000000004625100e+00
2.500000000004436451e+00 9.499999999937097650e-01 -2.500000000003673506e+00 -9.499999999948860463e-01 2.500000000002909673e+00 9.499999999960596631e-01 -2.500000000002146283e+00 -9.499999999972360554e-01 2.500000000001382450e+00 9.499999999984102272e-01 -2.500000000000619949e+00 -9.499999999995841771e-01 2.499999999999854339e+00 9.500000000007583489e-01 -2.499999999999091393e+00 -9.500000000019324098e-01 2.499999999998328448e+00 9.500000000031150194e-01 -2.499999999997565503e+00 -9.500000000042888582e-01
7.800000000021316993e+00 5.799999999980096632e+00 -7.800000000017483615e+00 -5.799999999983452170e+00 7.800000000013648460e+00 5.799999999986800603e+00 -7.800000000009812418e+00 -5.799999999990156141e+00 7.800000000005978151e+00 5.799999999993505462e+00 -7.800000000002147438e+00 -5.799999999996854783e+00 7.799999999998304290e+00 5.800000000000203215e+00 -7.799999999994471800e+00 -5.800000000003551648e+00 7.799999999990640198e+00 5.800000000006927614e+00 -7.799999999986808596e+00 -5.800000000010276047e+00
6.550000000016579449e+00 4.699999999984002308e+00 -6.550000000013446844e+00 -4.699999999986838262e+00 6.550000000010313350e+00 4.699999999989667998e+00 -6.550000000007178969e+00 -4.699999999992505728e+00 6.550000000004046363e+00 4.699999999995336353e+00 -6.550000000000917311e+00 -4.699999999998167866e+00 6.549999999997777600e+00 4.700000000000999378e+00 -6.549999999994646771e+00 -4.700000000003830003e+00 6.549999999991515942e+00 4.700000000006682832e+00 -6.549999999988386001e+00 -4.700000000009514345e+00
1.130000000003621174e+01 1.054999999997376925e+01 -1.130000000002955751e+01 -1.054999999997839488e+01 1.130000000002290150e+01 1.054999999998300453e+01 -1.130000000001624194e+01 -1.054999999998763016e+01 1.130000000000958771e+01 1.054999999999224336e+01 -1.130000000000294058e+01 -1.054999999999685656e+01 1.129999999999627036e+01 1.055000000000147153e+01 -1.129999999998961968e+01 -1.055000000000608473e+01 1.129999999998296900e+01 1.055000000001073523e+01 -1.129999999997632010e+01 -1.055000000001534843e+01
8.499999999973397724e-01 -1.000000000002918332e+00 -8.499999999977579934e-01 1.000000000002372103e+00 8.499999999981758814e-01 -1.000000000001826095e+00 -8.499999999985942134e-01 1.000000000001279865e+00 8.499999999990118793e-01 -1.000000000000733857e+00 -8.499999999994294342e-01 1.000000000000188294e+00 8.499999999998485434e-01 -9.999999999996422861e-01 -8.500000000002662093e-01 9.999999999990966115e-01 8.500000000006835421e-01 -9.999999999985478283e-01 -8.500000000011013190e-01 9.999999999980022647e-01
-7.000000000025611513e+00 -7.349999999983711341e+00 7.000000000021072921e+00 7.349999999986486010e+00 -7.000000000016531665e+00 -7.349999999989252686e+00 7.000000000011989520e+00 7.349999999992026467e+00 -7.000000000007450929e+00 -7.349999999994794919e+00 7.000000000002915890e+00 7.349999999997561595e+00 -6.999999999998364864e+00 -7.350000000000330047e+00 6.999999999993828048e+00 7.350000000003098499e+00 -6.999999999989292121e+00 -7.350000000005889156e+00 6.999999999984755306e+00 7.350000000008657608e+00
-6.750000000026971314e+00 -7.949999999984758148e+00 6.750000000022152058e+00 7.949999999987337418e+00 -6.750000000017331914e+00 -7.949999999989909583e+00 6.750000000012509993e+00 7.949999999992488853e+00 -6.750000000007691625e+00 -7.949999999995061906e+00 6.750000000002877698e+00 7.949999999997635847e+00 -6.749999999998046007e+00 -7.950000000000208900e+00 6.749999999993230304e+00 7.950000000002781952e+00 -6.749999999988415489e+00 -7.950000000005378098e+00 6.749999999983599785e+00 7.950000000007951151e+00
-9.100000000030577851e+00 -8.949999999978565768e+00 9.100000000024987656e+00 8.949999999982239274e+00 -9.100000000019393909e+00 -8.949999999985903898e+00 9.100000000013800161e+00 8.949999999989575628e+00 -9.100000000008208190e+00 -8.949999999993242028e+00 9.100000000002621547e+00 8.949999999996906652e+00 -9.099999999997017142e+00 -8.950000000000573053e+00 9.099999999991428723e+00 8.950000000004237677e+00 -9.099999999985842081e+00 -8.950000000007934275e+00 9.099999999980255438e+00 8.950000000011597123e+00
-8.150000000027576519e+00 -7.849999999981201348e+00 8.150000000022652458e+00 7.849999999984509813e+00 -8.150000000017730173e+00 -7.849999999987808508e+00 8.150000000012802559e+00 7.849999999991116972e+00 -8.150000000007882051e+00 -7.849999999994418332e+00 8.150000000002961542e+00 7.849999999997718803e+00 -8.149999999998026823e+00 -7.850000000001020162e+00 8.149999999993108091e+00 7.850000000004320633e+00 -8.149999999988187582e+00 -7.850000000007648637e+00 8.149999999983268850e+00 7.850000000010949108e+00
1.720000000005868301e+01 1.704999999996040927e+01 -1.720000000004804619e+01 -1.704999999996733706e+01 1.720000000003740936e+01 1.704999999997424709e+01 -1.720000000002676543e+01 -1.704999999998117488e+01 1.720000000001612861e+01 1.704999999998808846e+01 -1.720000000000550600e+01 -1.704999999999499849e+01 1.719999999999484075e+01 1.705000000000191207e+01 -1.719999999998420748e+01 -1.705000000000882565e+01 1.719999999997358131e+01 1.705000000001579608e+01 -1.719999999996295159e+01 -1.705000000002270966e+01
-4.150000000012250112e+00 -3.349999999989988098e+00 4.150000000010074963e+00 3.349999999991744470e+00 -4.150000000007898926e+00 -3.349999999993496402e+00 4.150000000005722889e+00 3.349999999995252775e+00 -4.150000000003547740e+00 -3.349999999997005151e+00 4.150000000001374367e+00 3.349999999998757971e+00 -4.149999999999193889e+00 -3.350000000000510347e+00 4.149999999997020517e+00 3.350000000002263167e+00 -4.149999999994846256e+00 -3.350000000004029310e+00 4.149999999992671995e+00 3.350000000005781686e+00
1.790000000006191527e+01 1.794999999995853202e+01 -1.790000000005074199e+01 -1.794999999996572271e+01 1.790000000003956160e+01 1.794999999997288853e+01 -1.790000000002838121e+01 -1.794999999998007567e+01 1.790000000001720792e+01 1.794999999998724860e+01 -1.790000000000604174e+01 -1.794999999999441798e+01 1.789999999999484004e+01 1.795000000000159091e+01 -1.789999999998367386e+01 -1.795000000000876028e+01 1.789999999997250768e+01 1.795000000001599005e+01 -1.789999999996133795e+01 -1.795000000002316298e+01
-5.150000000017994850e+00 -5.049999999987935695e+00 5.150000000014838264e+00 5.049999999990014921e+00 -5.150000000011680790e+00 -5.049999999992090594e+00 5.150000000008522427e+00 5.049999999994171596e+00 -5.150000000005366729e+00 -5.049999999996247269e+00 5.150000000002212808e+00 5.049999999998322942e+00 -5.149999999999048228e+00 -5.050000000000398614e+00 5.149999999995893418e+00 5.050000000002475176e+00 -5.149999999992738609e+00 -5.050000000004567724e+00 5.149999999989584687e+00 5.050000000006643397e+00
3.100000000001160494e+00 -3.000000000085856211e-01 -3.100000000000971312e+00 3.000000000069638073e-01 3.100000000000781242e+00 -3.000000000053442140e-01 -3.100000000000591616e+00 3.000000000037221781e-01 3.100000000000401101e+00 -3.000000000021021407e-01 -3.100000000000211919e+00 3.000000000004827694e-01 3.100000000000021849e+00 -2.999999999988629540e-01 -3.099999999999831779e+00 2.999999999972433606e-01 3.099999999999641709e+00 -2.999999999956131091e-01 -3.099999999999452527e+00 2.999999999939939599e-01
-6.050000000019525537e+00 -5.599999999986152055e+00 6.050000000015987922e+00 5.599999999988632737e+00 -6.050000000012448531e+00 -5.599999999991106314e+00 6.050000000008909140e+00 5.599999999993587885e+00 -6.050000000005371525e+00 -5.599999999996063238e+00 6.050000000001835687e+00 5.599999999998539479e+00 -6.049999999998289191e+00 -5.600000000001014833e+00 6.049999999994754241e+00 5.600000000003490186e+00 -6.049999999991218402e+00 -5.600000000005985967e+00 6.049999999987683452e+00 5.600000000008461321e+00
-1.215000000004120295e+01 -1.174999999997173283e+01 1.215000000003383995e+01 1.174999999997666045e+01 -1.215000000002647518e+01 -1.174999999998157385e+01 1.215000000001910685e+01 1.174999999998649969e+01 -1.215000000001174385e+01 -1.174999999999141664e+01 1.215000000000438796e+01 1.174999999999633182e+01 -1.214999999999700719e+01 -1.175000000000124878e+01 1.214999999998964952e+01 1.175000000000616396e+01 -1.214999999998229008e+01 -1.175000000001111822e+01 1.214999999997493418e+01 1.175000000001603517e+01
-2.400000000006040857e+00 -1.649999999994112398e+00 2.400000000004930190e+00 1.649999999995159783e+00 -2.400000000003819078e+00 -1.649999999996204947e+00 2.400000000002707967e+00 1.649999999997252331e+00 -2.400000000001596856e+00 -1.649999999998297717e+00 2.400000000000487077e+00 1.649999999999343103e+00 -2.399999999999373745e+00 -1.650000000000388489e+00 2.399999999998263522e+00 1.650000000001433875e+00 -2.399999999997152855e+00 -1.650000000002487255e+00 2.399999999996043076e+00 1.650000000003532641e+00
