-2.692920701110255610e+00 -6.096427998570329798e+00 -4.473860237335030909e+00 8.370898619237630012e-01 5.457918388699747325e+00 5.579078012263622099e+00 1.100681165295908981e+00 -4.285149699389563693e+00 -6.138176759629469181e+00 -2.930709851159801982e+00 2.692920701109411397e+00 6.096427998570351114e+00 4.473860237335891554e+00 -8.370898619227638005e-01 -5.457918388699440904e+00 -5.579078012264258923e+00 -1.100681165296966579e+00 4.285149699388960620e+00 6.138176759629812018e+00 2.930709851160822943e+00
-4.052850167140905846e+00 -9.413278394275248928e+00 -7.013122264616084678e+00 1.168858714944444710e+00 8.387198093931919729e+00 8.690883980393259378e+00 1.829548772188413830e+00 -6.540120407108951817e+00 -9.517921419220002122e+00 -4.648867278283624671e+00 4.052850167139586013e+00 9.413278394275261363e+00 7.013122264617404511e+00 -1.168858714942891064e+00 -8.387198093931424125e+00 -8.690883980394225716e+00 -1.829548772190051187e+00 6.540120407107999689e+00 9.517921419220513712e+00 4.648867278285198523e+00
7.515642528059213845e+00 5.537076065312686701e+00 -1.006419224034230009e+00 -6.720192820334664141e+00 -6.893641240674925896e+00 -1.383768491393324584e+00 5.266923817018934528e+00 7.575408780576912804e+00 3.638503305601298088e+00 -3.298091613677140543e+00 -7.515642528059232497e+00 -5.537076065313749851e+00 1.006419224033004767e+00 6.720192820334280448e+00 6.893641240675704829e+00 1.383768491394628430e+00 -5.266923817018181353e+00 -7.575408780577330248e+00 -3.638503305602532656e+00 3.298091613676084055e+00
1.131824566958889910e+01 1.754878304280430967e+01 9.311586066892775904e+00 -6.602357111660843714e+00 -1.707312234809818818e+01 -1.346830194193396046e+01 1.240183838316185838e+00 1.492622548252153081e+01 1.630664658372078435e+01 4.243387269991904631e+00 -1.131824566958702150e+01 -1.754878304280510548e+01 -9.311586066895566560e+00 6.602357111658337274e+00 1.707312234809805318e+01 1.346830194193629993e+01 -1.240183838313287268e+00 -1.492622548252047565e+01 -1.630664658372242215e+01 -4.243387269994934208e+00
9.904153614608535605e+00 1.409410036244125841e+01 6.664455060137777664e+00 -6.259563564611283049e+00 -1.402301335826964390e+01 -1.022547732477160487e+01 2.002243819965753513e+00 1.257925610251095705e+01 1.278555862376669339e+01 2.451069500231172871e+00 -9.904153614607153600e+00 -1.409410036244206488e+01 -6.664455060140088705e+00 6.259563564609353037e+00 1.402301335826970430e+01 1.022547732477360327e+01 -2.002243819963459348e+00 -1.257925610251026427e+01 -1.278555862376815533e+01 -2.451069500233626908e+00
1.210874994137802219e+01 2.577890077904539012e+01 1.819616545509034822e+01 -4.388025373493277925e+00 -2.335459865753963982e+01 -2.306695195473021087e+01 -3.762229691119803210e+00 1.864418569837605943e+01 2.567978448013579040e+01 1.154421150057050660e+01 -1.210874994137456362e+01 -2.577890077904562816e+01 -1.819616545509405015e+01 4.388025373489126579e+00 2.335459865753849584e+01 2.306695195473300686e+01 3.762229691124245434e+00 -1.864418569837364714e+01 -2.567978448013737136e+01 -1.154421150057484269e+01
3.618913560912941474e+00 3.168673289840518326e+00 1.060852972897918800e-01 -3.043962543376531826e+00 -3.684477880344712464e+00 -1.287400977552470627e+00 2.171047263560189400e+00 3.839620104653762578e+00 2.342696880282242766e+00 -1.085614751010741452e+00 -3.618913560912845995e+00 -3.168673289840985952e+00 -1.060852972904331448e-01 3.043962543376241836e+00 3.684477880345015777e+00 1.287400977553118775e+00 -2.171047263559730656e+00 -3.839620104653871824e+00 -2.342696880282825411e+00 1.085614751010154588e+00
-5.455569558546589093e+00 -1.404088830560720247e+01 -1.105048459169733910e+01 1.050264558237143486e+00 1.228514462837196675e+01 1.339178911143751449e+01 3.457847654656139191e+00 -9.326845399275496717e+00 -1.442221200686853244e+01 -7.627481646870394982e+00 5.455569558544529407e+00 1.404088830560709944e+01 1.105048459169925756e+01 -1.050264558234765166e+00 -1.228514462837110699e+01 -1.339178911143887163e+01 -3.457847654658605663e+00 9.326845399273967274e+00 1.442221200686918792e+01 7.627481646872727339e+00
-6.104853739611984409e+00 -1.466063487016166711e+01 -1.112975619224003765e+01 1.576821767342373226e+00 1.298342135291535904e+01 1.368610542374369921e+01 3.105560505878115940e+00 -1.003530009282946978e+01 -1.490276329966734359e+01 -7.483948879070882576e+00 6.104853739609897190e+00 1.466063487016164402e+01 1.112975619224207513e+01 -1.576821767339932290e+00 -1.298342135291454547e+01 -1.368610542374517713e+01 -3.105560505880674782e+00 1.003530009282794744e+01 1.490276329966810209e+01 7.483948879073327731e+00
-8.943696490382118114e+00 -1.803982017334556076e+01 -1.226338401341991435e+01 3.623347640770293587e+00 1.652288462776711597e+01 1.580046817829324013e+01 2.051679721267820167e+00 -1.338857401311575934e+01 -1.779089242953963890e+01 -7.525874377295114215e+00 8.943696490379769770e+00 1.803982017334582366e+01 1.226338401342254514e+01 -3.623347640767438538e+00 -1.652288462776640898e+01 -1.580046817829526340e+01 -2.051679721270909695e+00 1.338857401311416062e+01 1.779089242954083616e+01 7.525874377298158890e+00
-9.084988253599391328e+00 -1.711831830987658876e+01 -1.103880183958841954e+01 4.141428461298170660e+00 1.590734298553936732e+01 1.455877475881862360e+01 1.207523203823948510e+00 -1.313924609680132249e+01 -1.665363336770687752e+01 -6.438274084446976353e+00 9.084988253597257923e+00 1.711831830987695824e+01 1.103880183959096861e+01 -4.141428461295523000e+00 -1.590734298553882553e+01 -1.455877475882062733e+01 -1.207523203826855962e+00 1.313924609679991740e+01 1.665363336770811742e+01 6.438274084449881585e+00
2.039758285890306766e+01 4.042842169883310532e+01 2.712887723716827182e+01 -8.536513796311577806e+00 -3.716415106809506597e+01 -3.515256602728122459e+01 -4.160168714052364436e+00 3.026199439294426341e+01 3.973527673231362201e+01 1.644962492508516405e+01 -2.039758285889786293e+01 -4.042842169883376613e+01 -2.712887723717419775e+01 8.536513796305214896e+00 3.716415106809356672e+01 3.515256602728580759e+01 4.160168714059273576e+00 -3.026199439294074622e+01 -3.973527673231636470e+01 -1.644962492509199947e+01
-4.509111142797142868e+00 -7.268487534109674186e+00 -4.035508415245751657e+00 2.524462870142353488e+00 7.003192505305063875e+00 5.708283677024838632e+00 -2.927025827908389388e-01 -6.052376199969624615e+00 -6.822292360545556988e+00 -1.967709472743109700e+00 4.509111142796337290e+00 7.268487534109965509e+00 4.035508415246891190e+00 -2.524462870141296111e+00 -7.003192505304968840e+00 -5.708283677025782765e+00 2.927025827896312382e-01 6.052376199969152992e+00 6.822292360546202694e+00 1.967709472744359589e+00
1.839926160932499499e+01 4.180114852505879952e+01 3.074093565450982979e+01 -5.663011286272650935e+00 -3.739820468978399504e+01 -3.830121507146896676e+01 -7.627574038000220824e+00 2.933446401085800304e+01 4.211230469697446921e+01 2.017151927100037767e+01 -1.839926160931919696e+01 -4.180114852505893452e+01 -3.074093565451572729e+01 5.663011286265794197e+00 3.739820468978187762e+01 3.830121507147331528e+01 7.627574038007475465e+00 -2.933446401085385347e+01 -4.211230469697681400e+01 -2.017151927100737296e+01
-6.726536209858609894e+00 -1.105756524599805246e+01 -6.272411345860581022e+00 3.683903475180267506e+00 1.060309961302064075e+01 8.780787687063163816e+00 -2.806646010863220742e-01 -9.110728713781405474e+00 -1.042963935011052357e+01 -3.150047679667292044e+00 6.726536209857363779e+00 1.105756524599846813e+01 6.272411345862304088e+00 -3.683903475178645692e+00 -1.060309961302046844e+01 -8.780787687064583125e+00 2.806646010844793260e-01 9.110728713780662957e+00 1.042963935011147925e+01 3.150047679669190970e+00
4.590123102462347227e+00 1.612990137613889097e+00 -2.693939472497026699e+00 -4.779905922618617353e+00 -2.925176944824443126e+00 1.341154185591034720e+00 4.501798247505971240e+00 3.951027051769315790e+00 1.429126173713476389e-01 -3.783023194054548899e+00 -4.590123102462723814e+00 -1.612990137614692898e+00 2.693939472496460485e+00 4.779905922618752356e+00 2.925176944825170544e+00 -1.341154185590311521e+00 -4.501798247505851336e+00 -3.951027051769895326e+00 -1.429126173721440018e-01 3.783023194054180305e+00
-6.388215380573477375e+00 -1.171784100999788159e+01 -7.386932888196227509e+00 3.033980587285759256e+00 1.095359097809282112e+01 9.842737885848258372e+00 6.172413648714042411e-01 -9.117127143095721920e+00 -1.133506712084583690e+01 -4.208043431661541156e+00 6.388215380572042079e+00 1.171784100999817291e+01 7.386932888197988767e+00 -3.033980587283964248e+00 -1.095359097809248716e+01 -9.842737885849656365e+00 -6.172413648733873215e-01 9.117127143094794661e+00 1.133506712084671619e+01 4.208043431663533340e+00
-1.182477662345716674e+01 -2.482983759441886207e+01 -1.736444808617676827e+01 4.416704595912565701e+00 2.255659573659660566e+01 2.210016403587763278e+01 3.423705250470658434e+00 -1.807535712703173658e+01 -2.467256194884904374e+01 -1.092897897258071715e+01 1.182477662345386271e+01 2.482983759441912497e+01 1.736444808618034941e+01 -4.416704595908584885e+00 -2.255659573659553629e+01 -2.210016403588034706e+01 -3.423705250474931017e+00 1.807535712702944508e+01 2.467256194885059983e+01 1.092897897258489692e+01
-1.765494154956143369e+00 -3.531156641286589348e+00 -2.385629439609713742e+00 7.266810372118459593e-01 3.239894233197194051e+00 3.082043061309733822e+00 3.832646835392931606e-01 -2.631488403891864003e+00 -3.476764834311970365e+00 -1.455693786703545767e+00 1.765494154955686401e+00 3.531156641286644415e+00 2.385629439610230662e+00 -7.266810372112885164e-01 -3.239894233197059492e+00 -3.082043061310131726e+00 -3.832646835398973995e-01 2.631488403891553585e+00 3.476764834312207064e+00 1.455693786704142401e+00
-1.257315790785412091e+01 -2.930052011219218144e+01 -2.187166930503783036e+01 3.588830791153303945e+00 2.609059292906416516e+01 2.708250070338788973e+01 5.746796088240332168e+00 -2.032673672618839333e+01 -2.964230823801164405e+01 -1.451988652623424514e+01 1.257315790785000686e+01 2.930052011219220987e+01 2.187166930504193729e+01 -3.588830791148463817e+00 -2.609059292906261618e+01 -2.708250070339089177e+01 -5.746796088245430312e+00 2.032673672618541971e+01 2.964230823801322501e+01 1.451988652623914255e+01
