5.785081306180185123e+00 -3.482875042051743364e+00 -1.496711095714200468e-01 3.725047984472332541e+00 -5.877583139029626480e+00 5.785081306181623972e+00 -3.482875042054525583e+00 -1.496711095683515014e-01 3.725047984470158724e+00 -5.877583139029173509e+00 5.785081306183058381e+00 -3.482875042057313131e+00 -1.496711095652943635e-01 3.725047984467972917e+00 -5.877583139028714321e+00 5.785081306184504335e+00 -3.482875042060089577e+00 -1.496711095622367815e-01 3.725047984465819528e+00 -5.877583139028269343e+00
9.855901699424828522e+00 -6.223906032137743516e+00 2.145898033601299215e-01 5.876692436662046326e+00 -9.723277907309595847e+00 9.855901699427031204e+00 -6.223906032142303424e+00 2.145898033653151349e-01 5.876692436658232488e+00 -9.723277907308604640e+00 9.855901699429230334e+00 -6.223906032146873102e+00 2.145898033704809749e-01 5.876692436654397333e+00 -9.723277907307597445e+00 9.855901699431443674e+00 -6.223906032151425016e+00 2.145898033756477030e-01 5.876692436650619022e+00 -9.723277907306618673e+00
-6.499999999986397770e-01 3.775831390299796420e-01 3.905764746922121139e-02 -4.407797401558072314e-01 6.741389536552829798e-01 -6.499999999988130828e-01 3.775831390303007185e-01 3.905764746887441935e-02 -4.407797401555682559e-01 6.741389536552425676e-01 -6.499999999989860555e-01 3.775831390306224056e-01 3.905764746852890407e-02 -4.407797401553279482e-01 6.741389536552013784e-01 -6.499999999991603605e-01 3.775831390309428715e-01 3.905764746818336797e-02 -4.407797401550911376e-01 6.741389536551618544e-01
-7.410410196616603606e+00 4.655746418425050770e+00 -1.227457513961618812e-01 -4.457139620691533466e+00 7.334549150279510599e+00 -7.410410196618281375e+00 4.655746418428494238e+00 -1.227457514000640376e-01 -4.457139620688675308e+00 7.334549150278783181e+00 -7.410410196619954704e+00 4.655746418431944811e+00 -1.227457514039515807e-01 -4.457139620685800274e+00 7.334549150278044216e+00 -7.410410196621639578e+00 4.655746418435382061e+00 -1.227457514078398038e-01 -4.457139620682968761e+00 7.334549150277327456e+00
-7.792172942397117552e+00 5.224312563080398597e+00 -6.609423525205592176e-01 -4.154885372097876228e+00 7.383688103935282854e+00 -7.792172942398601698e+00 5.224312563083817196e+00 -6.609423525246141962e-01 -4.154885372094745399e+00 7.383688103934268554e+00 -7.792172942400080515e+00 5.224312563087241124e+00 -6.609423525286538537e-01 -4.154885372091597695e+00 7.383688103933240043e+00 -7.792172942401570879e+00 5.224312563090652617e+00 -6.609423525326943993e-01 -4.154885372088495288e+00 7.383688103932238178e+00
-9.775861046332174453e+00 6.238699100983531309e+00 -3.185661446431897192e-01 -5.723248251285969701e+00 9.578976341278105266e+00 -9.775861046334304305e+00 6.238699100988013946e+00 -3.185661446483232240e-01 -5.723248251282162080e+00 9.578976341277073203e+00 -9.775861046336427052e+00 6.238699100992505464e+00 -3.185661446534375218e-01 -5.723248251278333143e+00 9.578976341276023376e+00 -9.775861046338569338e+00 6.238699100996980107e+00 -3.185661446585527634e-01 -5.723248251274561049e+00 9.578976341275005524e+00
-8.599999999990117772e+00 5.679682106610504988e+00 -5.899186938008350589e-01 -4.725173609441891465e+00 8.235410196622522605e+00 -8.599999999991830180e+00 5.679682106614330372e+00 -5.899186938053230245e-01 -4.725173609438470201e+00 8.235410196621467449e+00 -8.599999999993535482e+00 5.679682106618162862e+00 -5.899186938097940036e-01 -4.725173609435028510e+00 8.235410196620398082e+00 -8.599999999995254996e+00 5.679682106621981141e+00 -5.899186938142660930e-01 -4.725173609431637445e+00 8.235410196619357137e+00
1.689151516150875310e+01 -1.019112695899921306e+01 -4.019253581817208709e-01 1.084145584947806285e+01 -1.713991869380666699e+01 1.689151516151293464e+01 -1.019112695900732213e+01 -4.019253581727643687e-01 1.084145584947170882e+01 -1.713991869380533117e+01 1.689151516151710553e+01 -1.019112695901544718e+01 -4.019253581638411177e-01 1.084145584946531748e+01 -1.713991869380397048e+01 1.689151516152131194e+01 -1.019112695902354204e+01 -4.019253581549167009e-01 1.084145584945902030e+01 -1.713991869380265598e+01
-4.076393202245116143e+00 2.762586804711320454e+00 -3.935661446500409166e-01 -2.125783405846320750e+00 3.833155948030211313e+00 -4.076393202245867542e+00 2.762586804713090594e+00 -3.935661446521578344e-01 -2.125783405844671403e+00 3.833155948029657978e+00 -4.076393202246615388e+00 2.762586804714863398e+00 -3.935661446542668140e-01 -2.125783405843013618e+00 3.833155948029097537e+00 -4.076393202247369452e+00 2.762586804716629985e+00 -3.935661446563762933e-01 -2.125783405841379814e+00 3.833155948028550863e+00
1.808454915025784260e+01 -1.088051349690451097e+01 -4.795084972133575318e-01 1.165637454329048772e+01 -1.838090169943131613e+01 1.808454915026234389e+01 -1.088051349691321157e+01 -4.795084972037639837e-01 1.165637454328369493e+01 -1.838090169942990926e+01 1.808454915026683807e+01 -1.088051349692192993e+01 -4.795084971942061292e-01 1.165637454327686662e+01 -1.838090169942847751e+01 1.808454915027136423e+01 -1.088051349693061276e+01 -4.795084971846469424e-01 1.165637454327013600e+01 -1.838090169942708840e+01
-5.727254248586741703e+00 3.869146285021096698e+00 -5.331559480231615744e-01 -3.006481839815485113e+00 5.397745751404372960e+00 -5.727254248587807517e+00 3.869146285023591147e+00 -5.331559480261376383e-01 -3.006481839813173185e+00 5.397745751403605574e+00 -5.727254248588869778e+00 3.869146285026090037e+00 -5.331559480291023778e-01 -3.006481839810848378e+00 5.397745751402827530e+00 -5.727254248589940033e+00 3.869146285028579157e+00 -5.331559480320680056e-01 -3.006481839808557321e+00 5.397745751402068137e+00
1.111474508436675057e+00 -9.079526825605781504e-01 3.576237921230800421e-01 3.293052317197832091e-01 -8.904508497189060900e-01 1.111474508436748332e+00 -9.079526825609649521e-01 3.576237921236345429e-01 3.293052317192746714e-01 -8.904508497186376381e-01 1.111474508436820496e+00 -9.079526825613527530e-01 3.576237921241868789e-01 3.293052317187635247e-01 -8.904508497183660776e-01 1.111474508436893771e+00 -9.079526825617389996e-01 3.576237921247395479e-01 3.293052317182596500e-01 -8.904508497181001792e-01
-5.309549150273862317e+00 3.193285238677187721e+00 1.427050983205548351e-01 -3.424186938127853352e+00 5.397745751404224634e+00 -5.309549150275185703e+00 3.193285238679743454e+00 1.427050983177380328e-01 -3.424186938125859392e+00 5.397745751403811632e+00 -5.309549150276505536e+00 3.193285238682303628e+00 1.427050983149316943e-01 -3.424186938123854329e+00 5.397745751403392411e+00 -5.309549150277836027e+00 3.193285238684854033e+00 1.427050983121249672e-01 -3.424186938121879464e+00 5.397745751402985626e+00
-1.266631189604598795e+01 7.215546818633326254e+00 9.913118960804395696e-01 -8.819523159943928547e+00 1.327897634127693038e+01 -1.266631189604948560e+01 7.215546818639671400e+00 9.913118960736607699e-01 -8.819523159939326007e+00 1.327897634127625182e+01 -1.266631189605297791e+01 7.215546818646028093e+00 9.913118960669071722e-01 -8.819523159934698597e+00 1.327897634127555904e+01 -1.266631189605649510e+01 7.215546818652359917e+00 9.913118960601527974e-01 -8.819523159930136913e+00 1.327897634127489468e+01
-2.240450849716421722e+00 1.551518827215185192e+00 -2.699593469032776638e-01 -1.114715428344964732e+00 2.073606797749494302e+00 -2.240450849716806303e+00 1.551518827216137542e+00 -2.699593469044362926e-01 -1.114715428344045911e+00 2.073606797749164787e+00 -2.240450849717189552e+00 1.551518827217091445e+00 -2.699593469055905359e-01 -1.114715428343121983e+00 2.073606797748831276e+00 -2.240450849717575910e+00 1.551518827218041796e+00 -2.699593469067451124e-01 -1.114715428342211379e+00 2.073606797748505759e+00
-1.504164078648236824e+01 9.740140287693300536e+00 -7.182372541985098113e-01 -8.578007998413891499e+00 1.459774575140187380e+01 -1.504164078648552660e+01 9.740140287700111088e+00 -7.182372542063877319e-01 -8.578007998407979784e+00 1.459774575140017738e+01 -1.504164078648867431e+01 9.740140287706934075e+00 -7.182372542142361205e-01 -8.578007998402034318e+00 1.459774575139845609e+01 -1.504164078649184866e+01 9.740140287713732192e+00 -7.182372542220862854e-01 -8.578007998396177669e+00 1.459774575139678099e+01
-1.174467844092124347e+00 6.854101966231771481e-01 6.545084972001255497e-02 -7.913118960627479881e-01 1.214918693811747774e+00 -1.174467844092434987e+00 6.854101966237552412e-01 6.545084971938641694e-02 -7.913118960623148901e-01 1.214918693811672279e+00 -1.174467844092744517e+00 6.854101966243346666e-01 6.545084971876258262e-02 -7.913118960618794606e-01 1.214918693811595451e+00 -1.174467844093056712e+00 6.854101966249116495e-01 6.545084971813867891e-02 -7.913118960614504704e-01 1.214918693811521511e+00
-1.658155948030265670e+00 1.481230589873122394e+00 -7.385254915606631609e-01 -2.862712429696839811e-01 1.201722092687353305e+00 -1.658155948030267002e+00 1.481230589873621328e+00 -7.385254915614716253e-01 -2.862712429688774041e-01 1.201722092686855925e+00 -1.658155948030267002e+00 1.481230589874121373e+00 -7.385254915622772032e-01 -2.862712429680662751e-01 1.201722092686354326e+00 -1.658155948030267446e+00 1.481230589874619419e+00 -7.385254915630830030e-01 -2.862712429672665815e-01 1.201722092685861387e+00
-1.801319660110133825e+01 1.091731689577928677e+01 3.486067977759376713e-01 -1.148137454329037865e+01 1.822864745083730753e+01 -1.801319660110575427e+01 1.091731689578790387e+01 3.486067977663936945e-01 -1.148137454328358409e+01 1.822864745083584737e+01 -1.801319660111016319e+01 1.091731689579653697e+01 3.486067977568852450e-01 -1.148137454327674867e+01 1.822864745083435523e+01 -1.801319660111460053e+01 1.091731689580513986e+01 3.486067977473754076e-01 -1.148137454327001628e+01 1.822864745083291638e+01
-6.616311896054589248e+00 4.186648117863667196e+00 -1.578270575849988477e-01 -3.931278574346849908e+00 6.518769410122992269e+00 -6.616311896056061848e+00 4.186648117866722529e+00 -1.578270575884784255e-01 -3.931278574344286181e+00 6.518769410122320807e+00 -6.616311896057530006e+00 4.186648117869784969e+00 -1.578270575919450414e-01 -3.931278574341709131e+00 6.518769410121637797e+00 -6.616311896059008824e+00 4.186648117872834973e+00 -1.578270575954122679e-01 -3.931278574339168941e+00 6.518769410120976104e+00
