2.049999999997497380e+00 -2.049999999998137312e+00 2.049999999998777245e+00 -2.049999999999417177e+00 2.050000000000057110e+00 -2.050000000000697042e+00 2.050000000001336975e+00 -2.050000000001977352e+00 2.050000000002617284e+00 -2.050000000003257217e+00 2.050000000003897149e+00 -2.050000000004537082e+00 2.050000000005177014e+00 -2.050000000005816947e+00 2.050000000006457324e+00 -2.050000000007097256e+00 2.050000000007737189e+00 -2.050000000008377121e+00 2.050000000009017054e+00 -2.050000000009657430e+00
7.299999999992211386e+00 -7.299999999994489563e+00 7.299999999996768629e+00 -7.299999999999047695e+00 7.300000000001326761e+00 -7.300000000003605827e+00 7.300000000005884893e+00 -7.300000000008164847e+00 7.300000000010443912e+00 -7.300000000012722978e+00 7.300000000015001156e+00 -7.300000000017280222e+00 7.300000000019559288e+00 -7.300000000021838353e+00 7.300000000024117419e+00 -7.300000000026396485e+00 7.300000000028674663e+00 -7.300000000030953728e+00 7.300000000033232794e+00 -7.300000000035512748e+00
6.149999999993178257e+00 -6.149999999995097610e+00 6.149999999997017852e+00 -6.149999999998937206e+00 6.150000000000857447e+00 -6.150000000002777689e+00 6.150000000004697043e+00 -6.150000000006618173e+00 6.150000000008538414e+00 -6.150000000010457768e+00 6.150000000012378010e+00 -6.150000000014298251e+00 6.150000000016217605e+00 -6.150000000018137847e+00 6.150000000020058089e+00 -6.150000000021977442e+00 6.150000000023897684e+00 -6.150000000025817037e+00 6.150000000027737279e+00 -6.150000000029658409e+00
1.094999999998788809e+01 -1.094999999999130580e+01 1.094999999999472351e+01 -1.094999999999814300e+01 1.095000000000156071e+01 -1.095000000000498019e+01 1.095000000000839790e+01 -1.095000000001181739e+01 1.095000000001523688e+01 -1.095000000001865459e+01 1.095000000002207408e+01 -1.095000000002549179e+01 1.095000000002890950e+01 -1.095000000003232898e+01 1.095000000003574669e+01 -1.095000000003916441e+01 1.095000000004258389e+01 -1.095000000004600160e+01 1.095000000004942109e+01 -1.095000000005284058e+01
-1.500000000023372637e-01 1.500000000023840874e-01 -1.500000000024309110e-01 1.500000000024777347e-01 -1.500000000025245583e-01 1.500000000025713820e-01 -1.500000000026182057e-01 1.500000000026650848e-01 -1.500000000027119085e-01 1.500000000027587321e-01 -1.500000000028055558e-01 1.500000000028523794e-01 -1.500000000028992031e-01 1.500000000029460268e-01 -1.500000000029928504e-01 1.500000000030397018e-01 -1.500000000030865255e-01 1.500000000031333491e-01 -1.500000000031801728e-01 1.500000000032270242e-01
-7.249999999991322497e+00 7.249999999993586464e+00 -7.249999999995849542e+00 7.249999999998112621e+00 -7.250000000000375699e+00 7.250000000002639666e+00 -7.250000000004902745e+00 7.250000000007167600e+00 -7.250000000009430678e+00 7.250000000011693757e+00 -7.250000000013956836e+00 7.250000000016220802e+00 -7.250000000018483881e+00 7.250000000020746960e+00 -7.250000000023010038e+00 7.250000000025274005e+00 -7.250000000027537084e+00 7.250000000029800162e+00 -7.250000000032064129e+00 7.250000000034328096e+00
-7.599999999993040767e+00 7.599999999995413091e+00 -7.599999999997785416e+00 7.600000000000157740e+00 -7.600000000002530953e+00 7.600000000004903278e+00 -7.600000000007275602e+00 7.600000000009649703e+00 -7.600000000012022028e+00 7.600000000014395241e+00 -7.600000000016767565e+00 7.600000000019139890e+00 -7.600000000021512214e+00 7.600000000023885427e+00 -7.600000000026257752e+00 7.600000000028630076e+00 -7.600000000031003289e+00 7.600000000033375613e+00 -7.600000000035747938e+00 7.600000000038122039e+00
-9.349999999991872812e+00 9.349999999994791366e+00 -9.349999999997711697e+00 9.350000000000630251e+00 -9.350000000003548806e+00 9.350000000006467360e+00 -9.350000000009385914e+00 9.350000000012306245e+00 -9.350000000015226576e+00 9.350000000018145130e+00 -9.350000000021063684e+00 9.350000000023982238e+00 -9.350000000026900793e+00 9.350000000029821123e+00 -9.350000000032739678e+00 9.350000000035658232e+00 -9.350000000038576786e+00 9.350000000041495340e+00 -9.350000000044415671e+00 9.350000000047336002e+00
-8.099999999992048672e+00 8.099999999994576427e+00 -8.099999999997105959e+00 8.099999999999633715e+00 -8.100000000002163247e+00 8.100000000004691003e+00 -8.100000000007220535e+00 8.100000000009750067e+00 -8.100000000012279600e+00 8.100000000014807355e+00 -8.100000000017336887e+00 8.100000000019864643e+00 -8.100000000022394175e+00 8.100000000024921931e+00 -8.100000000027451463e+00 8.100000000029979219e+00 -8.100000000032508751e+00 8.100000000035036507e+00 -8.100000000037566039e+00 8.100000000040095571e+00
1.644999999998637819e+01 -1.644999999999151186e+01 1.644999999999664908e+01 -1.645000000000178275e+01 1.645000000000691998e+01 -1.645000000001205365e+01 1.645000000001719087e+01 -1.645000000002232809e+01 1.645000000002746177e+01 -1.645000000003259899e+01 1.645000000003773266e+01 -1.645000000004286989e+01 1.645000000004800356e+01 -1.645000000005314078e+01 1.645000000005827445e+01 -1.645000000006341168e+01 1.645000000006854535e+01 -1.645000000007368257e+01 1.645000000007881624e+01 -1.645000000008395347e+01
-4.099999999996184918e+00 4.099999999997465672e+00 -4.099999999998745537e+00 4.100000000000025402e+00 -4.100000000001305267e+00 4.100000000002585132e+00 -4.100000000003864997e+00 4.100000000005145750e+00 -4.100000000006425616e+00 4.100000000007705481e+00 -4.100000000008985346e+00 4.100000000010265211e+00 -4.100000000011545076e+00 4.100000000012824941e+00 -4.100000000014104806e+00 4.100000000015385559e+00 -4.100000000016665425e+00 4.100000000017945290e+00 -4.100000000019225155e+00 4.100000000020505908e+00
1.904999999998067040e+01 -1.904999999998661764e+01 1.904999999999256488e+01 -1.904999999999851212e+01 1.905000000000445937e+01 -1.905000000001040661e+01 1.905000000001635385e+01 -1.905000000002230465e+01 1.905000000002825189e+01 -1.905000000003419558e+01 1.905000000004014282e+01 -1.905000000004609007e+01 1.905000000005203731e+01 -1.905000000005798455e+01 1.905000000006393179e+01 -1.905000000006987904e+01 1.905000000007582628e+01 -1.905000000008177352e+01 1.905000000008772076e+01 -1.905000000009367156e+01
-5.899999999995342748e+00 5.899999999997183942e+00 -5.899999999999026024e+00 5.900000000000868106e+00 -5.900000000002710188e+00 5.900000000004551381e+00 -5.900000000006393464e+00 5.900000000008236434e+00 -5.900000000010078516e+00 5.900000000011920598e+00 -5.900000000013761792e+00 5.900000000015603874e+00 -5.900000000017445956e+00 5.900000000019288038e+00 -5.900000000021129232e+00 5.900000000022971314e+00 -5.900000000024813396e+00 5.900000000026655478e+00 -5.900000000028496672e+00 5.900000000030339642e+00
6.000000000002223555e-01 -6.000000000004096501e-01 6.000000000005969447e-01 -6.000000000007842393e-01 6.000000000009715340e-01 -6.000000000011588286e-01 6.000000000013461232e-01 -6.000000000015336399e-01 6.000000000017209345e-01 -6.000000000019082291e-01 6.000000000020955238e-01 -6.000000000022828184e-01 6.000000000024701130e-01 -6.000000000026574076e-01 6.000000000028447023e-01 -6.000000000030321079e-01 6.000000000032194025e-01 -6.000000000034066971e-01 6.000000000035939918e-01 -6.000000000037813974e-01
-5.749999999994997779e+00 5.749999999996792788e+00 -5.749999999998587796e+00 5.750000000000382805e+00 -5.750000000002177813e+00 5.750000000003972822e+00 -5.750000000005767831e+00 5.750000000007563727e+00 -5.750000000009358736e+00 5.750000000011153745e+00 -5.750000000012948753e+00 5.750000000014743762e+00 -5.750000000016538770e+00 5.750000000018333779e+00 -5.750000000020128788e+00 5.750000000021924684e+00 -5.750000000023719693e+00 5.750000000025514701e+00 -5.750000000027309710e+00 5.750000000029105607e+00
-1.189999999999005098e+01 1.189999999999376534e+01 -1.189999999999748148e+01 1.190000000000119584e+01 -1.190000000000491021e+01 1.190000000000862634e+01 -1.190000000001234071e+01 1.190000000001605862e+01 -1.190000000001977298e+01 1.190000000002348735e+01 -1.190000000002720348e+01 1.190000000003091785e+01 -1.190000000003463221e+01 1.190000000003834657e+01 -1.190000000004206271e+01 1.190000000004577707e+01 -1.190000000004949143e+01 1.190000000005320757e+01 -1.190000000005692193e+01 1.190000000006063985e+01
-2.049999999998468603e+00 2.049999999999108535e+00 -2.049999999999748468e+00 2.050000000000388845e+00 -2.050000000001028777e+00 2.050000000001668710e+00 -2.050000000002308642e+00 2.050000000002949019e+00 -2.050000000003588951e+00 2.050000000004228884e+00 -2.050000000004868816e+00 2.050000000005508749e+00 -2.050000000006148682e+00 2.050000000006788614e+00 -2.050000000007428547e+00 2.050000000008068479e+00 -2.050000000008708412e+00 2.050000000009348788e+00 -2.050000000009988721e+00 2.050000000010629098e+00
-1.419999999998711360e+01 1.419999999999154561e+01 -1.419999999999597939e+01 1.420000000000041140e+01 -1.420000000000484519e+01 1.420000000000927720e+01 -1.420000000001371099e+01 1.420000000001814655e+01 -1.420000000002257856e+01 1.420000000002701235e+01 -1.420000000003144436e+01 1.420000000003587814e+01 -1.420000000004031193e+01 1.420000000004474394e+01 -1.420000000004917773e+01 1.420000000005360974e+01 -1.420000000005804353e+01 1.420000000006247554e+01 -1.420000000006690932e+01 1.420000000007134489e+01
-8.500000000010199397e-01 8.500000000012852830e-01 -8.500000000015506263e-01 8.500000000018159696e-01 -8.500000000020813129e-01 8.500000000023467672e-01 -8.500000000026121105e-01 8.500000000028775649e-01 -8.500000000031429082e-01 8.500000000034082515e-01 -8.500000000036735948e-01 8.500000000039389381e-01 -8.500000000042043924e-01 8.500000000044697357e-01 -8.500000000047350790e-01 8.500000000050004223e-01 -8.500000000052657656e-01 8.500000000055311089e-01 -8.500000000057964522e-01 8.500000000060620176e-01
-1.249999999999086064e+00 1.249999999999476419e+00 -1.249999999999866551e+00 1.250000000000256684e+00 -1.250000000000647038e+00 1.250000000001037170e+00 -1.250000000001427525e+00 1.250000000001817879e+00 -1.250000000002208234e+00 1.250000000002598366e+00 -1.250000000002988498e+00 1.250000000003378853e+00 -1.250000000003768985e+00 1.250000000004159340e+00 -1.250000000004549472e+00 1.250000000004939604e+00 -1.250000000005329959e+00 1.250000000005720091e+00 -1.250000000006110445e+00 1.250000000006500800e+00
