-3.085194593826352083e+00 5.283940098170872846e-01 2.464030181085886895e+00 -3.425035213108824639e+00 1.562340192609868561e+00 1.588394164548924570e+00 -3.429609522108428177e+00 2.443353631885593291e+00 5.572750601930149816e-01 -3.098469755589233543e+00 3.085194593826338760e+00 -5.283940098181578726e-01 -2.464030181084606586e+00 3.425035213108400534e+00 -1.562340192610647716e+00 -1.588394164547584086e+00 3.429609522107632369e+00 -2.443353631885992971e+00 -5.572750601917501045e-01 3.098469755588145524e+00
-4.284688653107486367e+00 1.358208802071440013e-01 4.125021632429043628e+00 -4.985074642065709938e+00 1.735285079938081010e+00 2.945124685043935209e+00 -5.197486792000796108e+00 3.164887485602320805e+00 1.476938413596400768e+00 -4.901132721714668072e+00 4.284688653107719070e+00 -1.358208802088859413e-01 -4.125021632427218421e+00 4.985074642065320027e+00 -1.735285079939445252e+00 -2.945124685041940360e+00 5.197486791999816447e+00 -3.164887485603157025e+00 -1.476938413594440114e+00 4.901132721713198137e+00
2.362125548004474940e+00 -1.035701191497485851e+00 -1.144585775716425058e+00 2.381242469397197414e+00 -1.654732635572064181e+00 -4.359875900444272201e-01 2.167266786793319966e+00 -2.111787320076482732e+00 3.152880986452312739e-01 1.741143930862393940e+00 -2.362125548004199160e+00 1.035701191498036300e+00 1.144585775715495579e+00 -2.381242469396661843e+00 1.654732635572362609e+00 4.359875900435410401e-01 -2.167266786792577893e+00 2.111787320076493391e+00 -3.152880986459843937e-01 -1.741143930861518196e+00
7.191237167787223328e+00 -1.932818365608710787e+00 -4.919072906457214067e+00 7.715535384342855352e+00 -4.151082918458162574e+00 -2.835644743316627192e+00 7.484583240182482555e+00 -5.963010552953089238e+00 -4.746439156015901384e-01 6.520987940314828535e+00 -7.191237167786897366e+00 1.932818365610907030e+00 4.919072906454287519e+00 -7.715535384341632330e+00 4.151082918459647608e+00 2.835644743313657568e+00 -7.484583240180479713e+00 5.963010552953694088e+00 4.746439155988810832e-01 -6.520987940312244824e+00
7.089926357516865174e+00 -1.673375938122257045e+00 -5.122754961577863142e+00 7.695535573169497212e+00 -3.923889675224852880e+00 -3.082726607729350032e+00 7.547852148970643604e+00 -5.790305751569015058e+00 -7.409394948970744466e-01 6.661332367451901604e+00 -7.089926357516640465e+00 1.673375938124521456e+00 5.122754961574957910e+00 -7.695535573168369226e+00 3.923889675226426288e+00 3.082726607726371082e+00 -7.547852148968718033e+00 5.790305751569719384e+00 7.409394948943244241e-01 -6.661332367449371183e+00
1.163476821880807854e+01 -2.456764824034950223e+00 -8.746667954970263281e+00 1.273908968529653229e+01 -6.229030134327413926e+00 -5.416425587209753978e+00 1.259642029493035231e+01 -9.391554574866210814e+00 -1.555985744517051073e+00 1.122072552167482051e+01 -1.163476821880783163e+01 2.456764824038789374e+00 8.746667954965470670e+00 -1.273908968529477548e+01 6.229030134330132640e+00 5.416425587204800607e+00 -1.259642029492725257e+01 9.391554574867504002e+00 1.555985744512439428e+00 -1.122072552167068515e+01
-4.231114960980919548e-01 4.235293085969299431e-01 -7.477706691574406705e-02 -3.356235943113884956e-01 4.693262650310052742e-01 -2.161025198861062924e-01 -2.152825166863921447e-01 4.691822966554455299e-01 -3.362743525351973295e-01 -7.386808636663941274e-02 4.231114960979425188e-01 -4.235293085969270566e-01 7.477706691589153243e-02 3.356235943112132469e-01 -4.693262650309463213e-01 2.161025198862122076e-01 2.152825166862093187e-01 -4.691822966553359509e-01 3.362743525352511198e-01 7.386808636646646775e-02
-6.898532407701539526e+00 1.065965946100042583e+00 5.645414282574058085e+00 -7.702548462856845468e+00 3.409474500497030824e+00 3.694470803937654146e+00 -7.752585407656369831e+00 5.419239935579239109e+00 1.381886782120131940e+00 -7.043745277315322184e+00 6.898532407701558178e+00 -1.065965946102485518e+00 -5.645414282571187492e+00 7.702548462855934197e+00 -3.409474500498827165e+00 -3.694470803934630787e+00 7.752585407654614791e+00 -5.419239935580187684e+00 -1.381886782117264234e+00 7.043745277312898345e+00
-7.094739729447518961e+00 1.503023140287633730e-01 6.918048762304179533e+00 -8.282956388274181236e+00 2.819150458514934954e+00 4.968846261256507191e+00 -8.660379565065335683e+00 5.212040513944984355e+00 2.533258468169359290e+00 -8.190064449614826714e+00 7.094739729447935517e+00 -1.503023140316794848e-01 -6.918048762301150845e+00 8.282956388273561288e+00 -2.819150458517229119e+00 -4.968846261253188068e+00 8.660379565063728080e+00 -5.212040513946404552e+00 -2.533258468166088129e+00 8.190064449612396658e+00
-1.009556442255296638e+01 2.089413642398300297e+00 7.639311372671691025e+00 -1.106996276745166341e+01 5.374210343598681661e+00 4.752199602081148555e+00 -1.096075602770556223e+01 8.132941892041721133e+00 1.399909423917359508e+00 -9.778634119889229481e+00 1.009556442255277098e+01 -2.089413642401649618e+00 -7.639311372667531685e+00 1.106996276745015528e+01 -5.374210343601060202e+00 -4.752199602076842666e+00 1.096075602770287993e+01 -8.132941892042863330e+00 -1.399909423913343387e+00 9.778634119885646570e+00
-7.942469260461710867e+00 2.937010079493416193e+00 4.489806839340176658e+00 -8.215094571105536758e+00 5.167616030827854701e+00 2.140197586243512529e+00 -7.683569187199505990e+00 6.892379720166301738e+00 -4.189091182279527370e-01 -6.399922516675572659e+00 7.942469260461012759e+00 -2.937010079495499859e+00 -4.489806839337006750e+00 8.215094571103918497e+00 -5.167616030829115914e+00 -2.140197586240411454e+00 7.683569187197125672e+00 -6.892379720166593060e+00 4.189091182306710071e-01 6.399922516672665651e+00
1.730429451478173064e+01 -3.835561319501989086e+00 -1.279532175904751945e+01 1.887736417611252193e+01 -9.396350770699969601e+00 -7.831291359342619884e+00 1.860258590555402236e+01 -1.403735994023525890e+01 -2.100679597570004553e+00 1.650685691472149941e+01 -1.730429451478128655e+01 3.835561319507621914e+00 1.279532175904041047e+01 -1.887736417610985029e+01 9.396350770703927324e+00 7.831291359335295077e+00 -1.860258590554937541e+01 1.403735994023709566e+01 2.100679597563207768e+00 -1.650685691471534255e+01
-3.682936174639237059e+00 6.764402166678723516e-01 2.887733007809280217e+00 -4.071173965764906200e+00 1.898219025378310443e+00 1.839683668287972473e+00 -4.060896883584279138e+00 2.934186930214842004e+00 6.115532734848181384e-01 -3.653110920505880710e+00 3.682936174639201088e+00 -6.764402166691307894e-01 -2.887733007807755659e+00 4.071173965764384839e+00 -1.898219025379218605e+00 -1.839683668286382190e+00 4.060896883583319017e+00 -2.934186930215298084e+00 -6.115532734833237782e-01 3.653110920504579084e+00
1.867475171935933886e+01 -3.226477415477115418e+00 -1.488180003601419266e+01 2.072108259294698129e+01 -9.477293483324080725e+00 -9.579855910655012963e+00 2.073908953006385048e+01 -1.480040603283558731e+01 -3.340168741979991918e+00 1.872700988624345442e+01 -1.867475171935925005e+01 3.226477415483583577e+00 1.488180003600644774e+01 -2.072108259294440558e+01 9.477293483328782742e+00 9.579855910646903894e+00 -2.073908953005902589e+01 1.480040603283799783e+01 3.340168741972345146e+00 -1.872700988623686769e+01
-5.113789014889420059e+00 8.182982461708188104e-02 5.017592286674031676e+00 -5.980363320864176657e+00 2.012746440035956930e+00 3.614237972749272387e+00 -6.261537997350939300e+00 3.746641410274733630e+00 1.857096864175065587e+00 -5.929789707956064859e+00 5.113789014889730922e+00 -8.182982461919485750e-02 -5.017592286671846757e+00 5.980363320863737897e+00 -2.012746440037623152e+00 -3.614237972746873417e+00 6.261537997349787332e+00 -3.746641410275768802e+00 -1.857096864172698369e+00 5.929789707954315148e+00
2.160845240413618917e+00 -1.257513297549411657e+00 -6.825496986910563058e-01 2.059898591243937815e+00 -1.739006327611494651e+00 -1.557404521714689238e-02 1.757314715805780470e+00 -2.050273301957268757e+00 6.529261043133017806e-01 1.282712632052902091e+00 -2.160845240413236112e+00 1.257513297549782916e+00 6.825496986902307439e-01 -2.059898591243344512e+00 1.739006327611620994e+00 1.557404521640493034e-02 -1.757314715805037064e+00 2.050273301957133310e+00 -6.529261043138850917e-01 -1.282712632052080304e+00
-5.734327105362332588e+00 9.525934257423169793e-01 4.614486371197894954e+00 -6.377247497531907783e+00 2.882417687339158263e+00 2.988762282401715265e+00 -6.395918471746592004e+00 4.530090822713934706e+00 1.070477317472754875e+00 -5.788512382961995328e+00 5.734327105362319266e+00 -9.525934257443193776e-01 -4.614486371195513748e+00 6.377247497531128850e+00 -2.882417687340619761e+00 -2.988762282399216375e+00 6.395918471745119405e+00 -4.530090822714693211e+00 -1.070477317470393874e+00 5.788512382959975611e+00
-1.215374520241504186e+01 2.098529364031237687e+00 9.686775979054004893e+00 -1.348601748952934720e+01 6.166988405954227481e+00 6.236287817371534814e+00 -1.349818442215861936e+01 9.631779654766827292e+00 2.175348353352549946e+00 -1.218905501616524489e+01 1.215374520241498146e+01 -2.098529364035447653e+00 -9.686775979048963592e+00 1.348601748952766854e+01 -6.166988405957287256e+00 -6.236287817366257258e+00 1.349818442215548053e+01 -9.631779654768395815e+00 -2.175348353347573038e+00 1.218905501616095854e+01
-2.859834735481021184e+00 1.422139646909570843e+00 1.188009313173127968e+00 -2.818728354648109224e+00 2.125604600988584281e+00 3.199302813157038905e-01 -2.501705203226822327e+00 2.621000566764537076e+00 -5.794657555621723910e-01 -1.939797716108503600e+00 2.859834735480616619e+00 -1.422139646910165478e+00 -1.188009313172015968e+00 2.818728354647404899e+00 -2.125604600988866277e+00 -3.199302813146681634e-01 2.501705203225888852e+00 -2.621000566764470907e+00 5.794657555630269297e-01 1.939797716107432235e+00
-1.379988707795329184e+01 1.998953300490459606e+00 1.144997653785341285e+01 -1.545920799658091127e+01 6.723412407171784011e+00 7.555362680548513232e+00 -1.560527392586647899e+01 1.078973706266946309e+01 2.921177282764317873e+00 -1.422378691495050695e+01 1.379988707795338598e+01 -1.998953300495403873e+00 -1.144997653784765923e+01 1.545920799657913491e+01 -6.723412407175440642e+00 -7.555362680542434539e+00 1.560527392586299378e+01 -1.078973706267142418e+01 -2.921177282758535831e+00 1.422378691494566638e+01
