-1.500000000038323178e-01 1.500000000039244663e-01 -1.500000000040166426e-01 1.500000000041088188e-01 -1.500000000042009396e-01 1.500000000042931436e-01 -1.500000000043852644e-01 1.500000000044774684e-01 -1.500000000045695892e-01 1.500000000046617654e-01 -1.500000000047538862e-01 1.500000000048460902e-01 -1.500000000049382110e-01 1.500000000050304150e-01 -1.500000000051225635e-01 1.500000000052147398e-01 -1.500000000053068605e-01 1.500000000053990645e-01 -1.500000000054911853e-01 1.500000000055833893e-01
-7.249999999979102050e+00 7.249999999983556265e+00 -7.249999999988011368e+00 7.249999999992466471e+00 -7.249999999996918909e+00 7.250000000001375788e+00 -7.250000000005828227e+00 7.250000000010285106e+00 -7.250000000014737545e+00 7.250000000019192647e+00 -7.250000000023645974e+00 7.250000000028101965e+00 -7.250000000032554404e+00 7.250000000037011283e+00 -7.250000000041463721e+00 7.250000000045918824e+00 -7.250000000050372151e+00 7.250000000054828142e+00 -7.250000000059280580e+00 7.250000000063737460e+00
-7.599999999982451016e+00 7.599999999987120169e+00 -7.599999999991790212e+00 7.599999999996461142e+00 -7.600000000001128520e+00 7.600000000005800338e+00 -7.600000000010467716e+00 7.600000000015139534e+00 -7.600000000019806912e+00 7.600000000024476954e+00 -7.600000000029145220e+00 7.600000000033816150e+00 -7.600000000038484416e+00 7.600000000043155346e+00 -7.600000000047823612e+00 7.600000000052493654e+00 -7.600000000057161920e+00 7.600000000061832850e+00 -7.600000000066501116e+00 7.600000000071172046e+00
-9.349999999978507503e+00 9.349999999984252241e+00 -9.349999999989996979e+00 9.349999999995743494e+00 -9.350000000001484679e+00 9.350000000007232970e+00 -9.350000000012974155e+00 9.350000000018722446e+00 -9.350000000024465407e+00 9.350000000030210145e+00 -9.350000000035953107e+00 9.350000000041699622e+00 -9.350000000047442583e+00 9.350000000053189098e+00 -9.350000000058932059e+00 9.350000000064678574e+00 -9.350000000070419759e+00 9.350000000076168050e+00 -9.350000000081911011e+00 9.350000000087657526e+00
-8.099999999979702991e+00 8.099999999984678567e+00 -8.099999999989655919e+00 8.099999999994633271e+00 -8.099999999999608846e+00 8.100000000004586198e+00 -8.100000000009561774e+00 8.100000000014540902e+00 -8.100000000019516477e+00 8.100000000024493829e+00 -8.100000000029467628e+00 8.100000000034446757e+00 -8.100000000039422332e+00 8.100000000044399684e+00 -8.100000000049375259e+00 8.100000000054352611e+00 -8.100000000059328187e+00 8.100000000064305539e+00 -8.100000000069281114e+00 8.100000000074260242e+00
1.644999999996336371e+01 -1.644999999997347118e+01 1.644999999998357865e+01 -1.644999999999368612e+01 1.645000000000379003e+01 -1.645000000001390106e+01 1.645000000002400498e+01 -1.645000000003411600e+01 1.645000000004421992e+01 -1.645000000005432739e+01 1.645000000006443130e+01 -1.645000000007454233e+01 1.645000000008464625e+01 -1.645000000009475727e+01 1.645000000010486119e+01 -1.645000000011496866e+01 1.645000000012507257e+01 -1.645000000013518360e+01 1.645000000014528752e+01 -1.645000000015539854e+01
-4.099999999990316724e+00 4.099999999992835598e+00 -4.099999999995355360e+00 4.099999999997875122e+00 -4.100000000000393108e+00 4.100000000002912870e+00 -4.100000000005430856e+00 4.100000000007951506e+00 -4.100000000010469492e+00 4.100000000012989254e+00 -4.100000000015507240e+00 4.100000000018027002e+00 -4.100000000020544988e+00 4.100000000023065638e+00 -4.100000000025583624e+00 4.100000000028103386e+00 -4.100000000030621372e+00 4.100000000033141134e+00 -4.100000000035659120e+00 4.100000000038179770e+00
1.904999999995116866e+01 -1.904999999996287130e+01 1.904999999997457749e+01 -1.904999999998628368e+01 1.904999999999798632e+01 -1.905000000000969607e+01 1.905000000002139515e+01 -1.905000000003310490e+01 1.905000000004480398e+01 -1.905000000005651017e+01 1.905000000006820926e+01 -1.905000000007991900e+01 1.905000000009162164e+01 -1.905000000010333139e+01 1.905000000011503047e+01 -1.905000000012673667e+01 1.905000000013843575e+01 -1.905000000015014550e+01 1.905000000016184458e+01 -1.905000000017355433e+01
-5.899999999987700861e+00 5.899999999991325517e+00 -5.899999999994951061e+00 5.899999999998576605e+00 -5.900000000002200373e+00 5.900000000005826806e+00 -5.900000000009450574e+00 5.900000000013077006e+00 -5.900000000016700774e+00 5.900000000020326318e+00 -5.900000000023950086e+00 5.900000000027576519e+00 -5.900000000031200287e+00 5.900000000034826719e+00 -5.900000000038449599e+00 5.900000000042076032e+00 -5.900000000045698911e+00 5.900000000049326232e+00 -5.900000000052949112e+00 5.900000000056576432e+00
5.999999999996504796e-01 -6.000000000000190736e-01 6.000000000003877787e-01 -6.000000000007564838e-01 6.000000000011250778e-01 -6.000000000014937829e-01 6.000000000018623769e-01 -6.000000000022311930e-01 6.000000000025996760e-01 -6.000000000029683811e-01 6.000000000033368641e-01 -6.000000000037056802e-01 6.000000000040741632e-01 -6.000000000044429793e-01 6.000000000048114623e-01 -6.000000000051801674e-01 6.000000000055486504e-01 -6.000000000059174665e-01 6.000000000062859495e-01 -6.000000000066547656e-01
-5.749999999986783905e+00 5.749999999990317079e+00 -5.749999999993850253e+00 5.749999999997383426e+00 -5.750000000000914824e+00 5.750000000004448886e+00 -5.750000000007981171e+00 5.750000000011515233e+00 -5.750000000015046631e+00 5.750000000018579804e+00 -5.750000000022112090e+00 5.750000000025646152e+00 -5.750000000029177549e+00 5.750000000032711611e+00 -5.750000000036243009e+00 5.750000000039777071e+00 -5.750000000043308468e+00 5.750000000046842530e+00 -5.750000000050373927e+00 5.750000000053908877e+00
-1.189999999997259295e+01 1.189999999997990443e+01 -1.189999999998721592e+01 1.189999999999452918e+01 -1.190000000000183711e+01 1.190000000000915215e+01 -1.190000000001646008e+01 1.190000000002377512e+01 -1.190000000003108482e+01 1.190000000003839631e+01 -1.190000000004570602e+01 1.190000000005301928e+01 -1.190000000006032899e+01 1.190000000006764402e+01 -1.190000000007495196e+01 1.190000000008226522e+01 -1.190000000008957315e+01 1.190000000009688819e+01 -1.190000000010419612e+01 1.190000000011151116e+01
-2.049999999995678390e+00 2.049999999996937383e+00 -2.049999999998197264e+00 2.049999999999457145e+00 -2.050000000000716138e+00 2.050000000001976019e+00 -2.050000000003235456e+00 2.050000000004495337e+00 -2.050000000005754330e+00 2.050000000007014211e+00 -2.050000000008273204e+00 2.050000000009533085e+00 -2.050000000010792522e+00 2.050000000012052404e+00 -2.050000000013311396e+00 2.050000000014571278e+00 -2.050000000015830270e+00 2.050000000017090152e+00 -2.050000000018349589e+00 2.050000000019609470e+00
-1.419999999996672457e+01 1.419999999997544826e+01 -1.419999999998417550e+01 1.419999999999290097e+01 -1.420000000000162288e+01 1.420000000001035012e+01 -1.420000000001907203e+01 1.420000000002779927e+01 -1.420000000003652119e+01 1.420000000004524665e+01 -1.420000000005396856e+01 1.420000000006269758e+01 -1.420000000007141772e+01 1.420000000008014673e+01 -1.420000000008886865e+01 1.420000000009759411e+01 -1.420000000010631602e+01 1.420000000011504326e+01 -1.420000000012376518e+01 1.420000000013249242e+01
-8.500000000012787327e-01 8.500000000018009816e-01 -8.500000000023232305e-01 8.500000000028455904e-01 -8.500000000033676173e-01 8.500000000038900883e-01 -8.500000000044122261e-01 8.500000000049345861e-01 -8.500000000054567240e-01 8.500000000059789729e-01 -8.500000000065011108e-01 8.500000000070235817e-01 -8.500000000075456086e-01 8.500000000080680795e-01 -8.500000000085901064e-01 8.500000000091124663e-01 -8.500000000096344932e-01 8.500000000101569642e-01 -8.500000000106789910e-01 8.500000000112014620e-01
-1.249999999997657651e+00 1.249999999998425704e+00 -1.249999999999193756e+00 1.249999999999961808e+00 -1.250000000000729639e+00 1.250000000001497913e+00 -1.250000000002265743e+00 1.250000000003034017e+00 -1.250000000003801626e+00 1.250000000004569900e+00 -1.250000000005337508e+00 1.250000000006106005e+00 -1.250000000006873613e+00 1.250000000007641887e+00 -1.250000000008409717e+00 1.250000000009177770e+00 -1.250000000009945600e+00 1.250000000010713874e+00 -1.250000000011481704e+00 1.250000000012249979e+00
-1.849999999995564437e+01 1.849999999996700950e+01 -1.849999999997837818e+01 1.849999999998974687e+01 -1.850000000000110845e+01 1.850000000001248068e+01 -1.850000000002384226e+01 1.850000000003521450e+01 -1.850000000004657608e+01 1.850000000005794476e+01 -1.850000000006930634e+01 1.850000000008067857e+01 -1.850000000009204015e+01 1.850000000010341239e+01 -1.850000000011477397e+01 1.850000000012614265e+01 -1.850000000013750423e+01 1.850000000014887647e+01 -1.850000000016023805e+01 1.850000000017161028e+01
-6.549999999983661780e+00 6.549999999987686117e+00 -6.549999999991711341e+00 6.549999999995735678e+00 -6.549999999999759126e+00 6.550000000003785239e+00 -6.550000000007807799e+00 6.550000000011833912e+00 -6.550000000015856472e+00 6.550000000019881696e+00 -6.550000000023905145e+00 6.550000000027931257e+00 -6.550000000031953817e+00 6.550000000035979930e+00 -6.550000000040002490e+00 6.550000000044027715e+00 -6.550000000048050275e+00 6.550000000052076388e+00 -6.550000000056099836e+00 6.550000000060125949e+00
1.799999999992778044e+00 -1.799999999993883826e+00 1.799999999994989830e+00 -1.799999999996096056e+00 1.799999999997201616e+00 -1.799999999998307842e+00 1.799999999999413403e+00 -1.800000000000519851e+00 1.800000000001625411e+00 -1.800000000002731415e+00 1.800000000003836975e+00 -1.800000000004943423e+00 1.800000000006048984e+00 -1.800000000007155432e+00 1.800000000008260770e+00 -1.800000000009366996e+00 1.800000000010472556e+00 -1.800000000011579004e+00 1.800000000012684342e+00 -1.800000000013790791e+00
-1.604999999996343263e+01 1.604999999997329141e+01 -1.604999999998315729e+01 1.604999999999301963e+01 -1.605000000000287486e+01 1.605000000001274074e+01 -1.605000000002259952e+01 1.605000000003246541e+01 -1.605000000004232064e+01 1.605000000005218652e+01 -1.605000000006204175e+01 1.605000000007190764e+01 -1.605000000008176642e+01 1.605000000009163230e+01 -1.605000000010148753e+01 1.605000000011134986e+01 -1.605000000012120864e+01 1.605000000013107453e+01 -1.605000000014093331e+01 1.605000000015079564e+01
