8.499999999989514832e-01 -9.999999999994872990e-01 -8.499999999990054400e-01 9.999999999993322009e-01 8.499999999990590638e-01 -9.999999999991759925e-01 -8.499999999991125765e-01 9.999999999990203392e-01 8.499999999991669775e-01 -9.999999999988657962e-01 -8.499999999992211563e-01 9.999999999987082555e-01 8.499999999992736699e-01 -9.999999999985537125e-01 -8.499999999993297362e-01 9.999999999983993915e-01 8.499999999993823607e-01 -9.999999999982418508e-01 -8.499999999994347633e-01 9.999999999980876408e-01
-7.000000000006280310e+00 -7.349999999986156496e+00 7.000000000005041301e+00 7.349999999986444266e+00 -7.000000000003800515e+00 -7.349999999986732924e+00 7.000000000002562395e+00 7.349999999987023358e+00 -7.000000000001319833e+00 -7.349999999987302246e+00 7.000000000000076383e+00 7.349999999987606003e+00 -6.999999999998846256e+00 -7.349999999987883115e+00 6.999999999997589484e+00 7.349999999988164667e+00 -6.999999999996360245e+00 -7.349999999988465760e+00 6.999999999995128341e+00 7.349999999988745536e+00
-6.750000000006893153e+00 -7.949999999986055776e+00 6.750000000005605294e+00 7.949999999986277821e+00 -6.750000000004315659e+00 -7.949999999986501642e+00 6.750000000003029577e+00 7.949999999986727239e+00 -6.750000000001738165e+00 -7.949999999986940402e+00 6.750000000000444089e+00 7.949999999987178434e+00 -6.749999999999166000e+00 -7.949999999987390709e+00 6.749999999997859490e+00 7.949999999987607424e+00 -6.749999999996581401e+00 -7.949999999987842791e+00 6.749999999995302424e+00 7.949999999988057731e+00
-9.100000000006509993e+00 -8.949999999983335286e+00 9.100000000004964562e+00 8.949999999983747401e+00 -9.100000000003417355e+00 -8.949999999984161292e+00 9.100000000001873701e+00 8.949999999984580512e+00 -9.100000000000322942e+00 -8.949999999984980192e+00 9.099999999998772182e+00 8.949999999985413623e+00 -9.099999999997237410e+00 -8.949999999985811527e+00 9.099999999995670663e+00 8.949999999986216537e+00 -9.099999999994135891e+00 -8.949999999986646415e+00 9.099999999992601118e+00 8.949999999987047872e+00
-8.150000000006201617e+00 -7.849999999984408561e+00 8.150000000004833822e+00 7.849999999984789589e+00 -8.150000000003466027e+00 -7.849999999985170618e+00 8.150000000002101785e+00 7.849999999985554311e+00 -8.150000000000730438e+00 -7.849999999985924681e+00 8.149999999999359090e+00 7.849999999986321697e+00 -8.149999999998001954e+00 -7.849999999986690291e+00 8.149999999996616395e+00 7.849999999987063326e+00 -8.149999999995261035e+00 -7.849999999987458565e+00 8.149999999993902122e+00 7.849999999987828936e+00
1.720000000001195417e+01 1.704999999996639914e+01 -1.720000000000901608e+01 -1.704999999996717008e+01 1.720000000000607798e+01 1.704999999996794458e+01 -1.720000000000314699e+01 -1.704999999996872617e+01 1.720000000000020179e+01 1.704999999996947224e+01 -1.719999999999725659e+01 -1.704999999997028581e+01 1.719999999999433982e+01 1.704999999997103188e+01 -1.719999999999136264e+01 -1.704999999997178506e+01 1.719999999998844942e+01 1.704999999997258797e+01 -1.719999999998552909e+01 -1.704999999997334115e+01
-4.150000000002352252e+00 -3.349999999992054001e+00 4.150000000001726086e+00 3.349999999992288924e+00 -4.150000000001099920e+00 -3.349999999992524735e+00 4.150000000000473754e+00 3.349999999992761435e+00 -4.149999999999846700e+00 -3.349999999992990585e+00 4.149999999999218758e+00 3.349999999993234834e+00 -4.149999999998597033e+00 -3.349999999993463540e+00 4.149999999997962874e+00 3.349999999993694022e+00 -4.149999999997341149e+00 -3.349999999993937383e+00 4.149999999996718536e+00 3.349999999994167421e+00
1.790000000001422009e+01 1.794999999996429452e+01 -1.790000000001114344e+01 -1.794999999996508322e+01 1.790000000000805969e+01 1.794999999996587903e+01 -1.790000000000498659e+01 -1.794999999996667839e+01 1.790000000000189928e+01 1.794999999996744577e+01 -1.789999999999881197e+01 -1.794999999996827356e+01 1.789999999999575664e+01 1.794999999996903739e+01 -1.789999999999263736e+01 -1.794999999996981188e+01 1.789999999998957847e+01 1.794999999997063611e+01 -1.789999999998651958e+01 -1.794999999997140350e+01
-5.150000000004089529e+00 -5.049999999989090327e+00 5.150000000003217338e+00 5.049999999989324806e+00 -5.150000000002342482e+00 -5.049999999989560173e+00 5.150000000001470291e+00 5.049999999989796429e+00 -5.150000000000594547e+00 -5.049999999990024691e+00 5.149999999999719691e+00 5.049999999990270716e+00 -5.149999999998851941e+00 -5.049999999990498090e+00 5.149999999997967315e+00 5.049999999990726351e+00 -5.149999999997099565e+00 -5.049999999990971489e+00 5.149999999996232702e+00 5.049999999991199751e+00
3.099999999998957367e+00 -3.000000000040328185e-01 -3.099999999998792610e+00 3.000000000036795456e-01 3.099999999998626965e+00 -3.000000000033240521e-01 -3.099999999998461320e+00 3.000000000029692249e-01 3.099999999998297007e+00 -3.000000000026190605e-01 -3.099999999998131806e+00 3.000000000022580160e-01 3.099999999997966160e+00 -3.000000000019080737e-01 -3.099999999997801403e+00 3.000000000015576873e-01 3.099999999997636202e+00 -3.000000000011973089e-01 -3.099999999997470113e+00 3.000000000008473666e-01
-6.050000000004565948e+00 -5.599999999988860111e+00 6.050000000003575629e+00 5.599999999989156763e+00 -6.050000000002585310e+00 -5.599999999989454302e+00 6.050000000001596767e+00 5.599999999989753618e+00 -6.050000000000602896e+00 -5.599999999990042276e+00 6.049999999999609912e+00 5.599999999990353139e+00 -6.049999999998627587e+00 -5.599999999990640021e+00 6.049999999997623945e+00 5.599999999990931343e+00 -6.049999999996640732e+00 -5.599999999991239541e+00 6.049999999995658406e+00 5.599999999991529975e+00
-1.215000000000946834e+01 -1.174999999997648281e+01 1.215000000000742553e+01 1.174999999997704592e+01 -1.215000000000538272e+01 -1.174999999997761257e+01 1.215000000000333991e+01 1.174999999997818279e+01 -1.215000000000129354e+01 -1.174999999997872990e+01 1.214999999999924363e+01 1.174999999997932143e+01 -1.214999999999721503e+01 -1.174999999997986677e+01 1.214999999999514557e+01 1.174999999998041922e+01 -1.214999999999311697e+01 -1.174999999998100542e+01 1.214999999999108837e+01 1.174999999998155609e+01
-2.400000000001083045e+00 -1.649999999995918731e+00 2.400000000000751754e+00 1.649999999996072386e+00 -2.400000000000420464e+00 -1.649999999996227595e+00 2.400000000000090061e+00 1.649999999996382360e+00 -2.399999999999758327e+00 -1.649999999996533573e+00 2.399999999999425704e+00 1.649999999996693223e+00 -2.399999999999097078e+00 -1.649999999996843547e+00 2.399999999998762235e+00 1.649999999996995204e+00 -2.399999999998433164e+00 -1.649999999997154410e+00 2.399999999998104094e+00 1.649999999997305622e+00
-1.345000000001276064e+01 -1.444999999997325091e+01 1.345000000001034302e+01 1.444999999997378204e+01 -1.345000000000792362e+01 -1.444999999997431672e+01 1.345000000000551132e+01 1.444999999997485496e+01 -1.345000000000308837e+01 -1.444999999997536833e+01 1.345000000000066187e+01 1.444999999997593143e+01 -1.344999999999826201e+01 -1.444999999997644302e+01 1.344999999999581242e+01 1.444999999997696349e+01 -1.344999999999341433e+01 -1.444999999997752127e+01 1.344999999999101270e+01 1.444999999997803819e+01
-8.500000000013401280e-01 -1.599999999998940714e+00 8.500000000011131984e-01 1.599999999998930722e+00 -8.500000000008860468e-01 -1.599999999998920508e+00 8.500000000006595613e-01 1.599999999998910738e+00 -8.500000000004319656e-01 -1.599999999998899636e+00 8.500000000002041478e-01 1.599999999998891198e+00 -8.499999999999794387e-01 -1.599999999998879874e+00 8.499999999997489564e-01 1.599999999998868994e+00 -8.499999999995240252e-01 -1.599999999998860334e+00 8.499999999992988720e-01 1.599999999998849454e+00
-2.100000000001426059e+00 -2.049999999998053379e+00 2.100000000001071232e+00 2.049999999998149747e+00 -2.100000000000715961e+00 -2.049999999998246114e+00 2.100000000000361133e+00 2.049999999998343370e+00 -2.100000000000004974e+00 -2.049999999998437072e+00 2.099999999999648814e+00 2.049999999998537881e+00 -2.099999999999296207e+00 -2.049999999998631139e+00 2.099999999998936051e+00 2.049999999998725286e+00 -2.099999999998583444e+00 -2.049999999998825650e+00 2.099999999998231281e+00 2.049999999998919353e+00
-1.805000000001508198e+01 -1.894999999996464624e+01 1.805000000001188809e+01 1.894999999996538875e+01 -1.805000000000868710e+01 -1.894999999996613482e+01 1.805000000000549676e+01 1.894999999996688800e+01 -1.805000000000229221e+01 -1.894999999996760565e+01 1.804999999999908411e+01 1.894999999996838724e+01 -1.804999999999591154e+01 -1.894999999996910134e+01 1.804999999999267146e+01 1.894999999996982609e+01 -1.804999999998950244e+01 -1.894999999997060414e+01 1.804999999998632632e+01 1.894999999997132534e+01
-7.200000000006753886e+00 -7.449999999985850607e+00 7.200000000005490008e+00 7.449999999986152588e+00 -7.200000000004226131e+00 -7.449999999986457233e+00 7.200000000002964917e+00 7.449999999986763655e+00 -7.200000000001698375e+00 -7.449999999987057642e+00 7.200000000000430944e+00 7.449999999987376498e+00 -7.199999999999177724e+00 -7.449999999987668708e+00 7.199999999997896971e+00 7.449999999987965360e+00 -7.199999999996643751e+00 -7.449999999988281552e+00 7.199999999995388755e+00 7.449999999988577315e+00
1.800000000002301315e+00 2.599999999995973532e+00 -1.800000000001905853e+00 -2.599999999996002398e+00 1.800000000001510170e+00 2.599999999996031264e+00 -1.800000000001115374e+00 -2.599999999996060573e+00 1.800000000000718803e+00 2.599999999996087219e+00 -1.800000000000321787e+00 -2.599999999996120081e+00 1.799999999999930100e+00 2.599999999996146283e+00 -1.799999999999528644e+00 -2.599999999996173372e+00 1.799999999999136735e+00 2.599999999996205791e+00 -1.799999999998743938e+00 -2.599999999996231992e+00
-1.515000000001389857e+01 -1.679999999996958948e+01 1.515000000001112035e+01 1.679999999997015436e+01 -1.515000000000834035e+01 -1.679999999997072280e+01 1.515000000000556390e+01 1.679999999997129834e+01 -1.515000000000277858e+01 -1.679999999997184545e+01 1.514999999999998792e+01 1.679999999997244231e+01 -1.514999999999723101e+01 -1.679999999997298588e+01 1.514999999999441371e+01 1.679999999997353655e+01 -1.514999999999165503e+01 -1.679999999997413340e+01 1.514999999998889635e+01 1.679999999997468052e+01
