9.973935688190458393e+00 1.144029556871674913e+01 -2.903444185377934694e+00 -1.323472275971811918e+01 -5.276064311810160667e+00 9.973935688188372950e+00 1.144029556871618070e+01 -2.903444185376201414e+00 -1.323472275971647782e+01 -5.276064311810873875e+00 9.973935688186289283e+00 1.144029556871559805e+01 -2.903444185374461028e+00 -1.323472275971482759e+01 -5.276064311811596852e+00 9.973935688184194959e+00 1.144029556871502784e+01 -2.903444185372741515e+00 -1.323472275971318979e+01 -5.276064311812296737e+00
7.014918693814514938e+00 8.032875042060979354e+00 -2.050328890439550911e+00 -9.300047984468170270e+00 -3.697416860967076779e+00 7.014918693813050332e+00 8.032875042060581450e+00 -2.050328890438332330e+00 -9.300047984467017415e+00 -3.697416860967579044e+00 7.014918693811585726e+00 8.032875042060172888e+00 -2.050328890437108420e+00 -9.300047984465859230e+00 -3.697416860968089303e+00 7.014918693810114014e+00 8.032875042059774984e+00 -2.050328890435899609e+00 -9.300047984464709927e+00 -3.697416860968582686e+00
9.744098300566994553e+00 1.719890603215462477e+01 8.854101966210636832e-01 -1.665169243665626908e+01 -1.117672209268460293e+01 9.744098300564274950e+00 1.719890603215316816e+01 8.854101966228871134e-01 -1.665169243665368981e+01 -1.117672209268482320e+01 9.744098300561557124e+00 1.719890603215170088e+01 8.854101966247190925e-01 -1.665169243665109278e+01 -1.117672209268505590e+01 9.744098300558821535e+00 1.719890603215024427e+01 8.854101966265213175e-01 -1.665169243664852061e+01 -1.117672209268526196e+01
-6.500000000004511058e-01 -1.802583139031548098e+00 -4.640576474686008424e-01 1.515779740156540933e+00 1.400861046343846894e+00 -6.500000000001955325e-01 -1.802583139031352921e+00 -4.640576474687366781e-01 1.515779740156262934e+00 1.400861046343809813e+00 -6.499999999999401812e-01 -1.802583139031157966e+00 -4.640576474688731801e-01 1.515779740155982713e+00 1.400861046343773841e+00 -6.499999999996828315e-01 -1.802583139030962789e+00 -4.640576474690067954e-01 1.515779740155705380e+00 1.400861046343735428e+00
-6.739589803378341237e+00 -1.155574641843658767e+01 -4.022542485909529342e-01 1.130713962068778855e+01 7.390450849716887483e+00 -6.739589803376499155e+00 -1.155574641843563199e+01 -4.022542485922069311e-01 1.130713962068606016e+01 7.390450849717066895e+00 -6.739589803374657961e+00 -1.155574641843466921e+01 -4.022542485934664791e-01 1.130713962068432110e+01 7.390450849717256077e+00 -6.739589803372806109e+00 -1.155574641843371175e+01 -4.022542485947062096e-01 1.130713962068259804e+01 7.390450849717424830e+00
-6.282827057597030418e+00 -1.204931256309296828e+01 -1.164057647466147927e+00 1.132988537209406310e+01 8.166311896060781450e+00 -6.282827057595167908e+00 -1.204931256309188647e+01 -1.164057647467344525e+00 1.132988537209224411e+01 8.166311896060848952e+00 -6.282827057593306286e+00 -1.204931256309079934e+01 -1.164057647468546675e+00 1.132988537209041446e+01 8.166311896060923559e+00 -6.282827057591434894e+00 -1.204931256308971754e+01 -1.164057647469728174e+00 1.132988537208860258e+01 8.166311896060978626e+00
-9.049138953659943141e+00 -1.343869910099857634e+01 7.435661446593924140e-01 1.389824825128120800e+01 7.846023658716591243e+00 -9.049138953657704931e+00 -1.343869910099760112e+01 7.435661446577536138e-01 1.389824825127922026e+01 7.846023658716997140e+00 -9.049138953655468498e+00 -1.343869910099661880e+01 7.435661446561075971e-01 1.389824825127722541e+01 7.846023658717413696e+00 -9.049138953653219630e+00 -1.343869910099564535e+01 7.435661446544856723e-01 1.389824825127524477e+01 7.846023658717804494e+00
-8.600000000003534595e+00 -1.287968210662375768e+01 6.399186938154660664e-01 1.327517360943758007e+01 7.564589803372968824e+00 -8.600000000001397638e+00 -1.287968210662281621e+01 6.399186938139063141e-01 1.327517360943567759e+01 7.564589803373344523e+00 -8.599999999999257128e+00 -1.287968210662186408e+01 6.399186938123396784e-01 1.327517360943376268e+01 7.564589803373731769e+00 -8.599999999997107736e+00 -1.287968210662092261e+01 6.399186938107959133e-01 1.327517360943186198e+01 7.564589803374095922e+00
1.918348483847604058e+01 2.776612695902827710e+01 -2.023074641850180377e+00 -2.901645584946849254e+01 -1.591008130618292782e+01 1.918348483847137587e+01 2.776612695902631955e+01 -2.023074641846721811e+00 -2.901645584946440337e+01 -1.591008130618384087e+01 1.918348483846671471e+01 2.776612695902434425e+01 -2.023074641843248145e+00 -2.901645584946028933e+01 -1.591008130618478411e+01 1.918348483846202868e+01 2.776612695902238670e+01 -2.023074641839824661e+00 -2.901645584945620726e+01 -1.591008130618567229e+01
-4.523606797751684283e+00 -6.237586804718088906e+00 6.685661446576781630e-01 6.650783405843745832e+00 3.441844051967752893e+00 -4.523606797750620245e+00 -6.237586804717674127e+00 6.685661446568693655e-01 6.650783405842831009e+00 3.441844051967993146e+00 -4.523606797749556208e+00 -6.237586804717254019e+00 6.685661446560571264e-01 6.650783405841910856e+00 3.441844051968238727e+00 -4.523606797748486841e+00 -6.237586804716839239e+00 6.685661446552559894e-01 6.650783405840999585e+00 3.441844051968473206e+00
1.814045084972678623e+01 2.948051349693471579e+01 7.950849718050845283e-02 -2.943137454328138602e+01 -1.826909830055761219e+01 1.814045084972201494e+01 2.948051349693238521e+01 7.950849718384855880e-02 -2.943137454327699132e+01 -1.826909830055821971e+01 1.814045084971723654e+01 2.948051349693003687e+01 7.950849718720354176e-02 -2.943137454327257885e+01 -1.826909830055885564e+01 1.814045084971244037e+01 2.948051349692770273e+01 7.950849719050706588e-02 -2.943137454326819835e+01 -1.826909830055943829e+01
-5.447745751408601400e+00 -9.044146285030546295e+00 -1.418440519668629218e-01 8.956481839812600043e+00 5.677254248592476849e+00 -5.447745751407145676e+00 -9.044146285029817989e+00 -1.418440519678701162e-01 8.956481839811251788e+00 5.677254248592644714e+00 -5.447745751405690839e+00 -9.044146285029084353e+00 -1.418440519688818069e-01 8.956481839809892875e+00 5.677254248592820574e+00 -5.447745751404228010e+00 -9.044146285028354271e+00 -1.418440519698778157e-01 8.956481839808548173e+00 5.677254248592981334e+00
2.788525491562960923e+00 2.557952682562000923e+00 -1.207623792125477769e+00 -3.304305231718499769e+00 -8.345491502807961259e-01 2.788525491562451109e+00 2.557952682561936975e+00 -1.207623792125007256e+00 -3.304305231718144054e+00 -8.345491502810457041e-01 2.788525491561940406e+00 2.557952682561869473e+00 -1.207623792124534523e+00 -3.304305231717787450e+00 -8.345491502812986129e-01 2.788525491561428815e+00 2.557952682561805524e+00 -1.207623792124067119e+00 -3.304305231717432179e+00 -8.345491502815454155e-01
-5.365450849721162818e+00 -8.993285238686720362e+00 -1.927050983104283688e-01 8.874186938125069091e+00 5.677254248592312535e+00 -5.365450849719719528e+00 -8.993285238685988503e+00 -1.927050983114221572e-01 8.874186938123726165e+00 5.677254248592470631e+00 -5.365450849718276238e+00 -8.993285238685254868e+00 -1.927050983124204697e-01 8.874186938122374357e+00 5.677254248592637609e+00 -5.365450849716826731e+00 -8.993285238684524785e+00 -1.927050983134031281e-01 8.874186938121034984e+00 5.677254248592787711e+00
-1.188368810394274888e+01 -1.889054681865450647e+01 2.086881039420173667e-01 1.901952315993758447e+01 1.154602365871573433e+01 -1.188368810393966868e+01 -1.889054681865303920e+01 2.086881039398384707e-01 1.901952315993477427e+01 1.154602365871616776e+01 -1.188368810393659025e+01 -1.889054681865156482e+01 2.086881039376498603e-01 1.901952315993194986e+01 1.154602365871661895e+01 -1.188368810393349584e+01 -1.889054681865010110e+01 2.086881039354943068e-01 1.901952315992915032e+01 1.154602365871703462e+01
-2.184549150282094399e+00 -2.976518827218395558e+00 3.449593469069706098e-01 3.189715428343742776e+00 1.626393202249493797e+00 -2.184549150281584584e+00 -2.976518827218200158e+00 3.449593469065808105e-01 3.189715428343306680e+00 1.626393202249612813e+00 -2.184549150281074770e+00 -2.976518827218002983e+00 3.449593469061892348e-01 3.189715428342868364e+00 1.626393202249734271e+00 -2.184549150280562291e+00 -2.976518827217807583e+00 3.449593469058031547e-01 3.189715428342433601e+00 1.626393202249850400e+00
-1.235835921350618349e+01 -2.251514028771710940e+01 -1.556762745776246293e+00 2.155300799840670223e+01 1.487725424859044132e+01 -1.235835921350265743e+01 -2.251514028771515896e+01 -1.556762745778574430e+00 2.155300799840332004e+01 1.487725424859066514e+01 -1.235835921349912780e+01 -2.251514028771319786e+01 -1.556762745780913004e+00 2.155300799839991299e+01 1.487725424859090495e+01 -1.235835921349558220e+01 -2.251514028771124387e+01 -1.556762745783213386e+00 2.155300799839653791e+01 1.487725424859111101e+01
-5.321559062741385016e-04 1.458980337517928709e-02 9.549150281313237634e-03 -8.688103937646154268e-03 -1.491869381257016243e-02 -5.321559062757483249e-04 1.458980337517704756e-02 9.549150281313473557e-03 -8.688103937643782901e-03 -1.491869381256892210e-02 -5.321559062773572810e-04 1.458980337517481844e-02 9.549150281313712949e-03 -8.688103937641388982e-03 -1.491869381256768871e-02 -5.321559062789844516e-04 1.458980337517257891e-02 9.549150281313931524e-03 -8.688103937639028024e-03 -1.491869381256644145e-02
-1.266844051969175045e+00 -5.312305898747373689e-01 9.385254915628593597e-01 1.111271242968788542e+00 -2.517220926877329346e-01 -1.266844051969014728e+00 -5.312305898748025390e-01 9.385254915626591865e-01 1.111271242968729034e+00 -2.517220926875696208e-01 -1.266844051968854412e+00 -5.312305898748657107e-01 9.385254915624582361e-01 1.111271242968669970e+00 -2.517220926874050857e-01 -1.266844051968693652e+00 -5.312305898749309918e-01 9.385254915622587291e-01 1.111271242968610462e+00 -2.517220926872428821e-01
-1.823680339888309376e+01 -2.966731689580995024e+01 -9.860679774310882051e-02 2.960637454328156082e+01 1.839635254915155116e+01 -1.823680339887829049e+01 -2.966731689580760190e+01 -9.860679774646730067e-02 2.960637454327714124e+01 1.839635254915216578e+01 -1.823680339887348723e+01 -2.966731689580523579e+01 -9.860679774984076884e-02 2.960637454327269680e+01 1.839635254915279816e+01 -1.823680339886865909e+01 -2.966731689580288744e+01 -9.860679775316244511e-02 2.960637454326828788e+01 1.839635254915338436e+01
