2.042376207873367377e+00 -1.338854381996396725e+00 1.239356881837241908e-01 1.138322226095976220e+00 -1.965779740156570421e+00 2.042376207873517924e+00 -1.338854381997159892e+00 1.239356881848066722e-01 1.138322226094988565e+00 -1.965779740156052835e+00 2.042376207873668470e+00 -1.338854381997917731e+00 1.239356881858909992e-01 1.138322226094004463e+00 -1.965779740155534361e+00 2.042376207873818128e+00 -1.338854381998681786e+00 1.239356881869755067e-01 1.138322226093013700e+00 -1.965779740155015665e+00
7.626064311805574647e+00 -4.715295568706435070e+00 3.444185363867978498e-03 4.709722759724023433e+00 -7.623935688186776360e+00 7.626064311806385554e+00 -4.715295568709503726e+00 3.444185368015146350e-03 4.709722759720384566e+00 -7.623935688185027537e+00 7.626064311807198237e+00 -4.715295568712552843e+00 3.444185372169155952e-03 4.709722759716758134e+00 -7.623935688183277826e+00 7.626064311808006480e+00 -4.715295568715625052e+00 3.444185376324193811e-03 4.709722759713108609e+00 -7.623935688181524561e+00
5.785081306181805161e+00 -3.482875042052527625e+00 -1.496711095715987927e-01 3.725047984473212725e+00 -5.877583139030736703e+00 5.785081306182502381e+00 -3.482875042054929260e+00 -1.496711095684178650e-01 3.725047984470469142e+00 -5.877583139029471049e+00 5.785081306183201377e+00 -3.482875042057314463e+00 -1.496711095652317469e-01 3.725047984467733553e+00 -5.877583139028205395e+00 5.785081306183896821e+00 -3.482875042059717874e+00 -1.496711095620447685e-01 3.725047984464981532e+00 -5.877583139026937076e+00
9.855901699427496609e+00 -6.223906032139099764e+00 2.145898033599372146e-01 5.876692436663388364e+00 -9.723277907311338453e+00 9.855901699428430973e+00 -6.223906032142966005e+00 2.145898033652488268e-01 5.876692436658664143e+00 -9.723277907308991885e+00 9.855901699429367113e+00 -6.223906032146807377e+00 2.145898033705692931e-01 5.876692436653953244e+00 -9.723277907306647094e+00 9.855901699430297924e+00 -6.223906032150676282e+00 2.145898033758909806e-01 5.876692436649213924e+00 -9.723277907304296974e+00
-6.499999999988677057e-01 3.775831390300420920e-01 3.905764746932816056e-02 -4.407797401560209494e-01 6.741389536555068007e-01 -6.499999999989581889e-01 3.775831390303225343e-01 3.905764746896565193e-02 -4.407797401557150274e-01 6.741389536553735740e-01 -6.499999999990487831e-01 3.775831390306011448e-01 3.905764746860257430e-02 -4.407797401554101047e-01 6.741389536552402362e-01 -6.499999999991389332e-01 3.775831390308818092e-01 3.905764746823937872e-02 -4.407797401551032390e-01 6.741389536551067874e-01
-7.410410196618591350e+00 4.655746418426002009e+00 -1.227457513959258895e-01 -4.457139620692621484e+00 7.334549150280857077e+00 -7.410410196619315215e+00 4.655746418428927669e+00 -1.227457513999284100e-01 -4.457139620689073212e+00 7.334549150279109142e+00 -7.410410196620039081e+00 4.655746418431833789e+00 -1.227457514039375780e-01 -4.457139620685536485e+00 7.334549150277360319e+00 -7.410410196620759393e+00 4.655746418434762113e+00 -1.227457514079477036e-01 -4.457139620681976666e+00 7.334549150275609719e+00
-7.792172942399305136e+00 5.224312563081518590e+00 -6.609423525203943495e-01 -4.154885372099009544e+00 7.383688103936757230e+00 -7.792172942399777646e+00 5.224312563084341221e+00 -6.609423525244810804e-01 -4.154885372095221463e+00 7.383688103934706426e+00 -7.792172942400250157e+00 5.224312563087143424e+00 -6.609423525285749168e-01 -4.154885372091445817e+00 7.383688103932653846e+00 -7.792172942400720004e+00 5.224312563089968720e+00 -6.609423525326694193e-01 -4.154885372087646189e+00 7.383688103930596824e+00
-9.775861046334874516e+00 6.238699100984787194e+00 -3.185661446427995314e-01 -5.723248251287535560e+00 9.578976341280011297e+00 -9.775861046335743154e+00 6.238699100988572610e+00 -3.185661446480437808e-01 -5.723248251282837096e+00 9.578976341277643414e+00 -9.775861046336613569e+00 6.238699100992330493e+00 -3.185661446532968011e-01 -5.723248251278154619e+00 9.578976341275273754e+00 -9.775861046337478655e+00 6.238699100996119462e+00 -3.185661446585509871e-01 -5.723248251273442833e+00 9.578976341272900541e+00
-8.599999999992485655e+00 5.679682106611677384e+00 -5.899186938006003578e-01 -4.725173609443162448e+00 8.235410196624130208e+00 -8.599999999993082511e+00 5.679682106614858839e+00 -5.899186938051428353e-01 -4.725173609438996891e+00 8.235410196621922196e+00 -8.599999999993681143e+00 5.679682106618018089e+00 -5.899186938096929733e-01 -4.725173609434844657e+00 8.235410196619712409e+00 -8.599999999994274447e+00 5.679682106621202209e+00 -5.899186938142441106e-01 -4.725173609430665778e+00 8.235410196617500844e+00
1.689151516151333965e+01 -1.019112695900130205e+01 -4.019253581824236976e-01 1.084145584948072738e+01 -1.713991869380987865e+01 1.689151516151535759e+01 -1.019112695900829735e+01 -4.019253581731440095e-01 1.084145584947271246e+01 -1.713991869380617317e+01 1.689151516151737908e+01 -1.019112695901524468e+01 -4.019253581638491668e-01 1.084145584946472063e+01 -1.713991869380246058e+01 1.689151516151938992e+01 -1.019112695902224530e+01 -4.019253581545517706e-01 1.084145584945668084e+01 -1.713991869379874089e+01
-4.076393202246300085e+00 2.762586804711958166e+00 -3.935661446499981175e-01 -2.125783405846894958e+00 3.833155948030995575e+00 -4.076393202246520353e+00 2.762586804713411670e+00 -3.935661446521251383e-01 -2.125783405844908547e+00 3.833155948029903559e+00 -4.076393202246742398e+00 2.762586804714854960e+00 -3.935661446542557673e-01 -2.125783405842927909e+00 3.833155948028810212e+00 -4.076393202246961778e+00 2.762586804716309796e+00 -3.935661446563867849e-01 -2.125783405840934837e+00 3.833155948027715088e+00
1.808454915026275600e+01 -1.088051349690677050e+01 -4.795084972140719048e-01 1.165637454329330147e+01 -1.838090169943473384e+01 1.808454915026494092e+01 -1.088051349691428271e+01 -4.795084972041254723e-01 1.165637454328472522e+01 -1.838090169943078322e+01 1.808454915026712939e+01 -1.088051349692174519e+01 -4.795084971941628305e-01 1.165637454327617561e+01 -1.838090169942682905e+01 1.808454915026931076e+01 -1.088051349692926451e+01 -4.795084971841975241e-01 1.165637454326757450e+01 -1.838090169942286778e+01
-5.727254248588383057e+00 3.869146285021955123e+00 -5.331559480230619874e-01 -3.006481839816317336e+00 5.397745751405477854e+00 -5.727254248588704577e+00 3.869146285024006371e+00 -5.331559480260549266e-01 -3.006481839813528456e+00 5.397745751403951964e+00 -5.727254248589026098e+00 3.869146285026043408e+00 -5.331559480290529729e-01 -3.006481839810748014e+00 5.397745751402423409e+00 -5.727254248589346730e+00 3.869146285028096877e+00 -5.331559480320516853e-01 -3.006481839807950251e+00 5.397745751400893077e+00
1.111474508437084951e+00 -9.079526825608301710e-01 3.576237921231018024e-01 3.293052317199656187e-01 -8.904508497191919725e-01 1.111474508437009456e+00 -9.079526825611068386e-01 3.576237921236243289e-01 3.293052317193971845e-01 -8.904508497187935134e-01 1.111474508436933961e+00 -9.079526825613812857e-01 3.576237921241479656e-01 3.293052317188307487e-01 -8.904508497183944993e-01 1.111474508436858466e+00 -9.079526825616581753e-01 3.576237921246715468e-01 3.293052317182604272e-01 -8.904508497179951521e-01
-5.309549150275369556e+00 3.193285238677887161e+00 1.427050983207724943e-01 -3.424186938128727764e+00 5.397745751405297554e+00 -5.309549150276012597e+00 3.193285238680093396e+00 1.427050983178518306e-01 -3.424186938126209778e+00 5.397745751404138481e+00 -5.309549150276657414e+00 3.193285238682285421e+00 1.427050983149263930e-01 -3.424186938123699786e+00 5.397745751402977632e+00 -5.309549150277298679e+00 3.193285238684493432e+00 1.427050983120001781e-01 -3.424186938121174695e+00 5.397745751401815895e+00
-1.266631189604936836e+01 7.215546818634703818e+00 9.913118960811987401e-01 -8.819523159946109914e+00 1.327897634127941018e+01 -1.266631189605125662e+01 7.215546818640279803e+00 9.913118960740819885e-01 -8.819523159940171553e+00 1.327897634127690552e+01 -1.266631189605314667e+01 7.215546818645816707e+00 9.913118960669540236e-01 -8.819523159934254508e+00 1.327897634127440085e+01 -1.266631189605502783e+01 7.215546818651396244e+00 9.913118960598238383e-01 -8.819523159928300160e+00 1.327897634127189264e+01
-2.240450849717019022e+00 1.551518827215490060e+00 -2.699593469032320336e-01 -1.114715428345270709e+00 2.073606797749886432e+00 -2.240450849717111392e+00 1.551518827216263219e+00 -2.699593469043887195e-01 -1.114715428344173143e+00 2.073606797749264707e+00 -2.240450849717203763e+00 1.551518827217031049e+00 -2.699593469055475148e-01 -1.114715428343079129e+00 2.073606797748642538e+00 -2.240450849717295689e+00 1.551518827217804652e+00 -2.699593469067064211e-01 -1.114715428341978232e+00 2.073606797748019037e+00
-1.504164078648651071e+01 9.740140287695293608e+00 -7.182372541980130976e-01 -8.578007998416195434e+00 1.459774575140473551e+01 -1.504164078648772573e+01 9.740140287701006372e+00 -7.182372542060300180e-01 -8.578007998408940793e+00 1.459774575140099984e+01 -1.504164078648893899e+01 9.740140287706683608e+00 -7.182372542140602611e-01 -8.578007998401712797e+00 1.459774575139726061e+01 -1.504164078649014868e+01 9.740140287712401701e+00 -7.182372542220922806e-01 -8.578007998394438616e+00 1.459774575139351960e+01
-1.174467844092346613e+00 6.854101966232050147e-01 6.545084972015385860e-02 -7.913118960629650367e-01 1.214918693811930739e+00 -1.174467844092507152e+00 6.854101966237091670e-01 6.545084971950003438e-02 -7.913118960624117015e-01 1.214918693811687600e+00 -1.174467844092668134e+00 6.854101966242102106e-01 6.545084971884516933e-02 -7.913118960618601427e-01 1.214918693811444683e+00 -1.174467844092828228e+00 6.854101966247148070e-01 6.545084971819010999e-02 -7.913118960613052533e-01 1.214918693811201322e+00
-1.658155948030754612e+00 1.481230589873429260e+00 -7.385254915607006865e-01 -2.862712429698797134e-01 1.201722092687658172e+00 -1.658155948030530569e+00 1.481230589873743675e+00 -7.385254915614333227e-01 -2.862712429690098537e-01 1.201722092686981380e+00 -1.658155948030306304e+00 1.481230589874055648e+00 -7.385254915621675131e-01 -2.862712429681428805e-01 1.201722092686303478e+00 -1.658155948030082927e+00 1.481230589874370729e+00 -7.385254915629013706e-01 -2.862712429672702452e-01 1.201722092685624910e+00
