-6.907091636215418440e+00 -3.548558813284182545e+00 9.100221593902562134e+00 -2.075687436903024707e+00 -7.817376207875065930e+00 6.907091636214087060e+00 3.548558813284660385e+00 -9.100221593901531847e+00 2.075687436901905158e+00 7.817376207874723093e+00 -6.907091636212755681e+00 -3.548558813285159541e+00 9.100221593900501560e+00 -2.075687436900782501e+00 -7.817376207874391802e+00 6.907091636211435848e+00 3.548558813285627167e+00 -9.100221593899465944e+00 2.075687436899678495e+00 7.817376207874062288e+00
-7.154711762652119944e+00 -3.577612795067068419e+00 9.365798068589596070e+00 -2.210768743089088773e+00 -7.999467844094375835e+00 7.154711762650752149e+00 3.577612795067570683e+00 -9.365798068588542691e+00 2.210768743087931476e+00 7.999467844094034774e+00 -7.154711762649383466e+00 -3.577612795068094709e+00 9.365798068587491088e+00 -2.210768743086770627e+00 -7.999467844093705260e+00 7.154711762648025442e+00 3.577612795068586315e+00 -9.365798068586434155e+00 2.210768743085628429e+00 7.999467844093376634e+00
-7.919098300559503478e+00 -3.350155281003574181e+00 9.989608131809163183e+00 -2.823762078746455018e+00 -8.244427191000525568e+00 7.919098300558054859e+00 3.350155281004174146e+00 -9.989608131808090263e+00 2.823762078745186699e+00 8.244427191000230692e+00 -7.919098300556606240e+00 -3.350155281004797647e+00 9.989608131807017344e+00 -2.823762078743915271e+00 -8.244427190999950028e+00 7.919098300555166503e+00 3.350155281005385621e+00 -9.989608131805939095e+00 2.823762078742663828e+00 8.244427190999671140e+00
1.806757947333682068e+01 5.901655779788876899e+00 -2.171500333514754999e+01 7.518954347148762984e+00 1.706803398875031519e+01 -1.806757947333369785e+01 -5.901655779790369927e+00 2.171500333514536507e+01 -7.518954347145906603e+00 -1.706803398874988176e+01 1.806757947333057501e+01 5.901655779791915357e+00 -2.171500333514317305e+01 7.518954347143044004e+00 1.706803398874948385e+01 -1.806757947332747705e+01 -5.901655779793383516e+00 2.171500333514098102e+01 -7.518954347140222261e+00 -1.706803398874908595e+01
-4.201722092686055454e+00 -1.425938686845417580e+00 5.083000667029666353e+00 -1.715528490217101520e+00 -4.022745751406581860e+00 4.201722092685323595e+00 1.425938686845761083e+00 -5.083000667029150321e+00 1.715528490216436053e+00 4.022745751406473502e+00 -4.201722092684591736e+00 -1.425938686846116799e+00 5.083000667028633401e+00 -1.715528490215769253e+00 -4.022745751406374026e+00 4.201722092683866094e+00 1.425938686846454306e+00 -5.083000667028115593e+00 1.715528490215112223e+00 4.022745751406274550e+00
1.823209163621104523e+01 6.542028989007376616e+00 -2.227528790680361581e+01 7.224856046585885316e+00 1.781008130618778296e+01 -1.823209163620783713e+01 -6.542028989008842110e+00 2.227528790680132076e+01 -7.224856046582990743e+00 -1.781008130618726426e+01 1.823209163620461837e+01 6.542028989010360007e+00 -2.227528790679902571e+01 7.224856046580089952e+00 1.781008130618678464e+01 -1.823209163620143158e+01 -6.542028989011798856e+00 2.227528790679672355e+01 -7.224856046577230906e+00 -1.781008130618629792e+01
-5.543237254216554888e+00 -1.962084304845867155e+00 6.755872043403676308e+00 -2.213274241622544825e+00 -5.387993335656128480e+00 5.543237254215580556e+00 1.962084304846314575e+00 -6.755872043402984417e+00 2.213274241621665084e+00 5.387993335655974825e+00 -5.543237254214607113e+00 -1.962084304846778204e+00 6.755872043402289862e+00 -2.213274241620783567e+00 -5.387993335655831828e+00 5.543237254213639886e+00 1.962084304847217631e+00 -6.755872043401594418e+00 2.213274241619915372e+00 5.387993335655688831e+00
1.592124957937867347e+00 -2.227937358733732554e-01 -1.454430856687500606e+00 1.121681439592791651e+00 7.611936024692401714e-01 -1.592124957937671725e+00 2.227937358731881812e-01 1.454430856687420670e+00 -1.121681439592556062e+00 -7.611936024693041203e-01 1.592124957937475882e+00 -2.227937358729992767e-01 -1.454430856687338736e+00 1.121681439592320029e+00 7.611936024693721770e-01 -1.592124957937280927e+00 2.227937358728160899e-01 1.454430856687259466e+00 -1.121681439592086438e+00 -7.611936024694396785e-01
-5.794630456466532742e+00 -2.097697766940033404e+00 7.091078974559877679e+00 -2.284830056247445285e+00 -5.678976341281443574e+00 5.794630456465509560e+00 2.097697766940497477e+00 -7.091078974559146708e+00 2.284830056246525132e+00 5.678976341281276596e+00 -5.794630456464486379e+00 -2.097697766940979314e+00 7.091078974558413961e+00 -2.284830056245602314e+00 -5.678976341281121165e+00 5.794630456463472079e+00 2.097697766941434949e+00 -7.091078974557679437e+00 2.284830056244693708e+00 5.678976341280964846e+00
-1.186352549155737535e+01 -4.227487170098793712e+00 1.447625624968182301e+01 -4.719331222057089548e+00 -1.155954915028160279e+01 1.186352549155528990e+01 4.227487170099750280e+00 -1.447625624968033620e+01 4.719331222055206609e+00 1.155954915028126884e+01 -1.186352549155320268e+01 -4.227487170100738822e+00 1.447625624967884583e+01 -4.719331222053319230e+00 -1.155954915028095975e+01 1.186352549155112968e+01 4.227487170101678515e+00 -1.447625624967735369e+01 4.719331222051460273e+00 1.155954915028065066e+01
-2.090779740155359168e+00 -4.651219592822778970e-01 2.378240919905639572e+00 -1.004711762655121188e+00 -1.757294901687909805e+00 2.090779740155021216e+00 4.651219592824664684e-01 -2.378240919905420192e+00 1.004711762654795226e+00 1.757294901687890043e+00 -2.090779740154683264e+00 -4.651219592826608129e-01 2.378240919905199480e+00 -1.004711762654468821e+00 -1.757294901687874056e+00 2.090779740154347532e+00 4.651219592828464977e-01 -2.378240919904979211e+00 1.004711762654146634e+00 1.757294901687858291e+00
-1.339336287918154333e+01 -6.302487170099435154e+00 1.728851416396224394e+01 -4.382402198212581368e+00 -1.458004065309411956e+01 1.339336287917902268e+01 6.302487170100403269e+00 -1.728851416396033613e+01 4.382402198210423094e+00 1.458004065309353514e+01 -1.339336287917650381e+01 -6.302487170101412239e+00 1.728851416395842477e+01 -4.382402198208258604e+00 -1.458004065309297204e+01 1.339336287917400448e+01 6.302487170102359926e+00 -1.728851416395650631e+01 4.382402198206128752e+00 1.458004065309241248e+01
-1.237006664343066387e+00 3.523798735619511624e-01 1.019223925530356345e+00 -9.822949016867357219e-01 -4.121322893122252307e-01 1.237006664342933604e+00 -3.523798735617944544e-01 -1.019223925530321262e+00 9.822949016865565319e-01 4.121322893122996156e-01 -1.237006664342800599e+00 3.523798735616349154e-01 1.019223925530284847e+00 -9.822949016863771199e-01 -4.121322893123772202e-01 1.237006664342668039e+00 -3.523798735614795952e-01 -1.019223925530250430e+00 9.822949016861992622e-01 4.121322893124543807e-01
-6.470879705306438190e-01 -7.344235253137819663e-01 1.100986671312014886e+00 5.397634128237377427e-02 -1.134345884812836935e+00 6.470879705304761753e-01 7.344235253137978425e-01 -1.100986671311857457e+00 -5.397634128248729457e-02 1.134345884812749672e+00 -6.470879705303085316e-01 -7.344235253138160502e-01 1.100986671311700693e+00 5.397634128260131448e-02 -1.134345884812663074e+00 6.470879705301425533e-01 7.344235253138307051e-01 -1.100986671311542375e+00 -5.397634128271289189e-02 1.134345884812576477e+00
-1.792008497186711224e+01 -7.631618792382772298e+00 2.263668477474094587e+01 -6.358621791023544745e+00 -1.870684038628204249e+01 1.792008497186382243e+01 7.631618792384125882e+00 -2.263668477473850871e+01 6.358621791020674152e+00 1.870684038628137102e+01 -1.792008497186053617e+01 -7.631618792385532757e+00 2.263668477473607155e+01 -6.358621791017796454e+00 -1.870684038628073154e+01 1.792008497185727833e+01 7.631618792386859695e+00 -2.263668477473362728e+01 6.358621791014962277e+00 1.870684038628008850e+01
-7.074922359496812696e+00 -2.826470842752592194e+00 8.821777408528031827e+00 -2.625687436903362926e+00 -7.199013328687923874e+00 7.074922359495535495e+00 2.826470842753139756e+00 -8.821777408527099240e+00 2.625687436902233163e+00 7.199013328687684066e+00 -7.074922359494258295e+00 -2.826470842753708634e+00 8.821777408526164876e+00 -2.625687436901101179e+00 -7.199013328687457580e+00 7.074922359492990864e+00 2.826470842754245982e+00 -8.821777408525228736e+00 2.625687436899986071e+00 7.199013328687231095e+00
2.825657780874138325e+00 1.057498167156771807e+00 -3.479227591217568083e+00 1.092782738811975740e+00 2.803850716312478841e+00 -2.825657780873636060e+00 -1.057498167156995628e+00 3.479227591217205706e+00 -1.092782738811526322e+00 -2.803850716312392688e+00 2.825657780873133351e+00 1.057498167157227886e+00 -3.479227591216843773e+00 1.092782738811075793e+00 2.803850716312311864e+00 -2.825657780872634195e+00 -1.057498167157447488e+00 3.479227591216480509e+00 -1.092782738810631704e+00 -2.803850716312231039e+00
-1.588541019661830767e+01 -6.615432521287583079e+00 1.997397234505443819e+01 -5.729161278305753946e+00 -1.643315594803114621e+01 1.588541019661541220e+01 6.615432521288793666e+00 -1.997397234505230301e+01 5.729161278303211091e+00 1.643315594803057067e+01 -1.588541019661251497e+01 -6.615432521290051326e+00 1.997397234505016783e+01 -5.729161278300662907e+00 -1.643315594803002355e+01 1.588541019660964082e+01 6.615432521291239709e+00 -1.997397234504802199e+01 5.729161278298154691e+00 1.643315594802947999e+01
-1.519967110955632350e+01 -5.865964677194237531e+00 1.882503665686772720e+01 -5.768547816211986756e+00 -1.525987804071924714e+01 1.519967110955360212e+01 5.865964677195429466e+00 -1.882503665686575189e+01 5.768547816209564694e+00 1.525987804071875864e+01 -1.519967110955087897e+01 -5.865964677196665811e+00 1.882503665686377659e+01 -5.768547816207137302e+00 -1.525987804071829856e+01 1.519967110954817713e+01 5.865964677197835542e+00 -1.882503665686179772e+01 5.768547816204745438e+00 1.525987804071784204e+01
-1.653508130618030947e+01 -5.726578139288031721e+00 2.007430123549145407e+01 -6.680022324648902554e+00 -1.594582039324985168e+01 1.653508130617742111e+01 5.726578139289374647e+00 -2.007430123548940770e+01 6.680022324646281540e+00 1.594582039324941292e+01 -1.653508130617452920e+01 -5.726578139290767311e+00 2.007430123548735423e+01 -6.680022324643653420e+00 -1.594582039324900435e+01 1.653508130617165861e+01 5.726578139292086256e+00 -2.007430123548529721e+01 6.680022324641066156e+00 1.594582039324859579e+01
