2.042376207873343397e+00 -1.338854381996336773e+00 1.239356881836515545e-01 1.138322226096033729e+00 -1.965779740156591515e+00 2.042376207873493499e+00 -1.338854381997099940e+00 1.239356881847339387e-01 1.138322226095046519e+00 -1.965779740156073707e+00 2.042376207873644045e+00 -1.338854381997858223e+00 1.239356881858184184e-01 1.138322226094061973e+00 -1.965779740155555455e+00 2.042376207873794147e+00 -1.338854381998622278e+00 1.239356881869027732e-01 1.138322226093071432e+00 -1.965779740155036537e+00
7.626064311805468066e+00 -4.715295568706198814e+00 3.444185363592873039e-03 4.709722759724232155e+00 -7.623935688186839421e+00 7.626064311806278972e+00 -4.715295568709267471e+00 3.444185367739698283e-03 4.709722759720594176e+00 -7.623935688185092374e+00 7.626064311807091656e+00 -4.715295568712317476e+00 3.444185371894393100e-03 4.709722759716965967e+00 -7.623935688183341775e+00 7.626064311807899898e+00 -4.715295568715389685e+00 3.444185376048745743e-03 4.709722759713316442e+00 -7.623935688181589398e+00
5.785081306181718119e+00 -3.482875042052344661e+00 -1.496711095718087359e-01 3.725047984473369045e+00 -5.877583139030780224e+00 5.785081306182415339e+00 -3.482875042054745851e+00 -1.496711095686280857e-01 3.725047984470625462e+00 -5.877583139029516346e+00 5.785081306183115224e+00 -3.482875042057131498e+00 -1.496711095654414403e-01 3.725047984467889872e+00 -5.877583139028248915e+00 5.785081306183809779e+00 -3.482875042059534909e+00 -1.496711095622550169e-01 3.725047984465137851e+00 -5.877583139026980596e+00
9.855901699427366935e+00 -6.223906032138800448e+00 2.145898033595834420e-01 5.876692436663661034e+00 -9.723277907311425494e+00 9.855901699428301299e+00 -6.223906032142666689e+00 2.145898033648946102e-01 5.876692436658936813e+00 -9.723277907309082480e+00 9.855901699429237439e+00 -6.223906032146508061e+00 2.145898033702159091e-01 5.876692436654225915e+00 -9.723277907306737688e+00 9.855901699430166474e+00 -6.223906032150377854e+00 2.145898033755367362e-01 5.876692436649487483e+00 -9.723277907304385792e+00
-6.499999999988571586e-01 3.775831390300208867e-01 3.905764746935193321e-02 -4.407797401560381578e-01 6.741389536555110196e-01 -6.499999999989476418e-01 3.775831390303013291e-01 3.905764746898946621e-02 -4.407797401557322914e-01 6.741389536553779038e-01 -6.499999999990382360e-01 3.775831390305799395e-01 3.905764746862631226e-02 -4.407797401554273131e-01 6.741389536552445660e-01 -6.499999999991283861e-01 3.775831390308606594e-01 3.905764746826319300e-02 -4.407797401551205030e-01 6.741389536551110062e-01
-7.410410196618491874e+00 4.655746418425775524e+00 -1.227457513956595608e-01 -4.457139620692825766e+00 7.334549150280921914e+00 -7.410410196619215739e+00 4.655746418428701183e+00 -1.227457513996617483e-01 -4.457139620689277493e+00 7.334549150279174867e+00 -7.410410196619939605e+00 4.655746418431608191e+00 -1.227457514036715686e-01 -4.457139620685740766e+00 7.334549150277426932e+00 -7.410410196620659917e+00 4.655746418434536515e+00 -1.227457514076810419e-01 -4.457139620682180947e+00 7.334549150275675444e+00
-7.792172942399220759e+00 5.224312563081295657e+00 -6.609423525201187921e-01 -4.154885372099231589e+00 7.383688103936842495e+00 -7.792172942399691493e+00 5.224312563084118288e+00 -6.609423525242051900e-01 -4.154885372095444396e+00 7.383688103934792579e+00 -7.792172942400164892e+00 5.224312563086920491e+00 -6.609423525282995815e-01 -4.154885372091667861e+00 7.383688103932739111e+00 -7.792172942400634739e+00 5.224312563089745787e+00 -6.609423525323935289e-01 -4.154885372087868234e+00 7.383688103930683866e+00
-9.775861046334748394e+00 6.238699100984493207e+00 -3.185661446424495336e-01 -5.723248251287806454e+00 9.578976341280101892e+00 -9.775861046335617033e+00 6.238699100988277735e+00 -3.185661446476932834e-01 -5.723248251283109767e+00 9.578976341277735784e+00 -9.775861046336487448e+00 6.238699100992037394e+00 -3.185661446529471919e-01 -5.723248251278426402e+00 9.578976341275364348e+00 -9.775861046337354310e+00 6.238699100995825475e+00 -3.185661446582004896e-01 -5.723248251273713727e+00 9.578976341272992912e+00
-8.599999999992386179e+00 5.679682106611426917e+00 -5.899186938002950464e-01 -4.725173609443405809e+00 8.235410196624219026e+00 -8.599999999992983035e+00 5.679682106614607484e+00 -5.899186938048370799e-01 -4.725173609439240252e+00 8.235410196622012791e+00 -8.599999999993579891e+00 5.679682106617767623e+00 -5.899186938093878840e-01 -4.725173609435088018e+00 8.235410196619803003e+00 -8.599999999994174971e+00 5.679682106620951743e+00 -5.899186938139382441e-01 -4.725173609430909138e+00 8.235410196617591438e+00
1.689151516151308741e+01 -1.019112695900076915e+01 -4.019253581830365407e-01 1.084145584948118390e+01 -1.713991869381000654e+01 1.689151516151510535e+01 -1.019112695900776266e+01 -4.019253581737575742e-01 1.084145584947316898e+01 -1.713991869380630106e+01 1.689151516151712684e+01 -1.019112695901471177e+01 -4.019253581644611217e-01 1.084145584946517715e+01 -1.713991869380259203e+01 1.689151516151913768e+01 -1.019112695902171239e+01 -4.019253581551653354e-01 1.084145584945713914e+01 -1.713991869379886879e+01
-4.076393202246256564e+00 2.762586804711842703e+00 -3.935661446498543437e-01 -2.125783405847011753e+00 3.833155948031041760e+00 -4.076393202246477721e+00 2.762586804713296207e+00 -3.935661446519811424e-01 -2.125783405845025342e+00 3.833155948029949744e+00 -4.076393202246698877e+00 2.762586804714739941e+00 -3.935661446541121600e-01 -2.125783405843045148e+00 3.833155948028856841e+00 -4.076393202246919145e+00 2.762586804716194777e+00 -3.935661446562428445e-01 -2.125783405841052076e+00 3.833155948027762161e+00
1.808454915026248244e+01 -1.088051349690619674e+01 -4.795084972147284352e-01 1.165637454329378997e+01 -1.838090169943486885e+01 1.808454915026466736e+01 -1.088051349691370895e+01 -4.795084972047827798e-01 1.165637454328521549e+01 -1.838090169943091823e+01 1.808454915026686294e+01 -1.088051349692117320e+01 -4.795084971948184172e-01 1.165637454327666411e+01 -1.838090169942696406e+01 1.808454915026904075e+01 -1.088051349692869252e+01 -4.795084971848548316e-01 1.165637454326806299e+01 -1.838090169942300278e+01
-5.727254248588322660e+00 3.869146285021792142e+00 -5.331559480228598158e-01 -3.006481839816481649e+00 5.397745751405541803e+00 -5.727254248588643293e+00 3.869146285023843390e+00 -5.331559480258525330e-01 -3.006481839813692769e+00 5.397745751404016801e+00 -5.727254248588965702e+00 3.869146285025881316e+00 -5.331559480288510233e-01 -3.006481839810912327e+00 5.397745751402488246e+00 -5.727254248589285446e+00 3.869146285027934340e+00 -5.331559480318492916e-01 -3.006481839808114565e+00 5.397745751400957026e+00
1.111474508437082287e+00 -9.079526825608056351e-01 3.576237921230647210e-01 3.293052317200010903e-01 -8.904508497192120675e-01 1.111474508437006792e+00 -9.079526825610821916e-01 3.576237921235872474e-01 3.293052317194326561e-01 -8.904508497188138305e-01 1.111474508436931297e+00 -9.079526825613567498e-01 3.576237921241108286e-01 3.293052317188661093e-01 -8.904508497184149274e-01 1.111474508436855801e+00 -9.079526825616337504e-01 3.576237921246343543e-01 3.293052317182958988e-01 -8.904508497180155802e-01
-5.309549150275289620e+00 3.193285238677718407e+00 1.427050983209652568e-01 -3.424186938128870761e+00 5.397745751405337522e+00 -5.309549150275933549e+00 3.193285238679925087e+00 1.427050983180448429e-01 -3.424186938126353663e+00 5.397745751404178449e+00 -5.309549150276577478e+00 3.193285238682117555e+00 1.427050983151188779e-01 -3.424186938123843227e+00 5.397745751403018488e+00 -5.309549150277218743e+00 3.193285238684325567e+00 1.427050983121931627e-01 -3.424186938121318136e+00 5.397745751401856751e+00
-1.266631189604915519e+01 7.215546818634283710e+00 9.913118960816641456e-01 -8.819523159946440316e+00 1.327897634127948301e+01 -1.266631189605104346e+01 7.215546818639858806e+00 9.913118960745479491e-01 -8.819523159940505508e+00 1.327897634127698190e+01 -1.266631189605293351e+01 7.215546818645399263e+00 9.913118960674185409e-01 -8.819523159934586687e+00 1.327897634127447724e+01 -1.266631189605481467e+01 7.215546818650978800e+00 9.913118960602897989e-01 -8.819523159928632339e+00 1.327897634127196724e+01
-2.240450849716997261e+00 1.551518827215428109e+00 -2.699593469031534854e-01 -1.114715428345335990e+00 2.073606797749913522e+00 -2.240450849717089632e+00 1.551518827216201046e+00 -2.699593469043100602e-01 -1.114715428344238424e+00 2.073606797749292241e+00 -2.240450849717182003e+00 1.551518827216969099e+00 -2.699593469054690220e-01 -1.114715428343144188e+00 2.073606797748669628e+00 -2.240450849717274373e+00 1.551518827217742924e+00 -2.699593469066277618e-01 -1.114715428342043291e+00 2.073606797748046127e+00
-1.504164078648632596e+01 9.740140287694847743e+00 -7.182372541974765268e-01 -8.578007998416616431e+00 1.459774575140488295e+01 -1.504164078648753922e+01 9.740140287700560506e+00 -7.182372542054925590e-01 -8.578007998409365342e+00 1.459774575140114905e+01 -1.504164078648875424e+01 9.740140287706237743e+00 -7.182372542135241344e-01 -8.578007998402133794e+00 1.459774575139741160e+01 -1.504164078648996394e+01 9.740140287711955835e+00 -7.182372542215549327e-01 -8.578007998394859612e+00 1.459774575139366704e+01
-1.174467844092327518e+00 6.854101966231667120e-01 6.545084972019678260e-02 -7.913118960629962340e-01 1.214918693811938288e+00 -1.174467844092488278e+00 6.854101966236710863e-01 6.545084971954301389e-02 -7.913118960624430098e-01 1.214918693811695594e+00 -1.174467844092649260e+00 6.854101966241720190e-01 6.545084971888802394e-02 -7.913118960618913400e-01 1.214918693811452677e+00 -1.174467844092809576e+00 6.854101966246767264e-01 6.545084971823308950e-02 -7.913118960613363395e-01 1.214918693811209094e+00
-1.658155948030758164e+00 1.481230589873398173e+00 -7.385254915606470627e-01 -2.862712429699355576e-01 1.201722092687694587e+00 -1.658155948030533899e+00 1.481230589873712589e+00 -7.385254915613796989e-01 -2.862712429690656979e-01 1.201722092687018240e+00 -1.658155948030309856e+00 1.481230589874024561e+00 -7.385254915621137783e-01 -2.862712429681987247e-01 1.201722092686340115e+00 -1.658155948030086257e+00 1.481230589874339643e+00 -7.385254915628476358e-01 -2.862712429673259784e-01 1.201722092685661769e+00
