9.310494162876072011e+00 -8.397764081180566720e+00 6.663002340557914849e+00 -4.276019506976258100e+00 1.470470091273973434e+00 1.479019182327952375e+00 -4.283731753429536049e+00 6.669122813990231435e+00 -8.401693667006144395e+00 9.311848205853729965e+00 -9.310494162851632893e+00 8.397764081163597183e+00 -6.663002340550050917e+00 4.276019506978290252e+00 -1.470470091285697167e+00 -1.479019182307684144e+00 4.283731753402692632e+00 -6.669122813959456053e+00 8.401693666974448860e+00 -9.311848205824219349e+00
-3.447618055504888535e+00 3.055622477609557741e+00 -2.364521281832774768e+00 1.441964268402418314e+00 -3.782577456257444348e-01 -7.224752807687933043e-01 1.752487392899872765e+00 -2.610953828715897540e+00 3.213841912192051176e+00 -3.502136757149639568e+00 3.447618055496139533e+00 -3.055622477603715303e+00 2.364521281830402888e+00 -1.441964268403756577e+00 3.782577456306601693e-01 7.224752807607817129e-01 -1.752487392889543694e+00 2.610953828704268176e+00 -3.213841912180260163e+00 3.502136757138841539e+00
-5.518141056634605413e+00 4.879052882387979295e+00 -3.762369017653901082e+00 2.277398259506647094e+00 -5.694998921533478420e-01 -1.194145092581924361e+00 2.840898835556332713e+00 -4.209565606799822390e+00 5.166170766681308812e+00 -5.617075137091894987e+00 5.518141056620667229e+00 -4.879052882378723588e+00 3.762369017650221359e+00 -2.277398259508916833e+00 5.694998921613398934e-01 1.194145092568991817e+00 -2.840898835539716227e+00 4.209565606781158209e+00 -5.166170766662425251e+00 5.617075137074639457e+00
2.210799136664755249e+00 -2.168203998689337109e+00 1.913369946556967127e+00 -1.471241912823693099e+00 8.850984699185282523e-01 -2.123154219345380622e-01 -4.812505388365188597e-01 1.127708343796247181e+00 -1.663778198858931079e+00 2.036985851592866492e+00 -2.210799136657984221e+00 2.168203998683881473e+00 -1.913369946553357792e+00 1.471241912822286002e+00 -8.850984699194601735e-01 2.123154219377179630e-01 4.812505388313984001e-01 -1.127708343789691314e+00 1.663778198851581402e+00 -2.036985851585443097e+00
7.176854848201139170e+00 -6.612625665381654194e+00 5.401106609563677274e+00 -3.660889607080486829e+00 1.562319222940033780e+00 6.891818520584616081e-01 -2.873221005563958652e+00 4.776009268136078845e+00 -6.211288467129314483e+00 7.038563474368466188e+00 -7.176854848181526414e+00 6.612625665367431793e+00 -5.401106609556221017e+00 3.660889607080541452e+00 -1.562319222947588848e+00 -6.891818520441447271e-01 2.873221005544269513e+00 -4.776009268112957784e+00 6.211288467105024580e+00 -7.038563474345385984e+00
6.100523467803473210e+00 -5.675304410479225403e+00 4.694547015287325209e+00 -3.254254649407918532e+00 1.495413164720356125e+00 4.098097796849937136e-01 -2.274917687541106570e+00 3.917340801856363797e+00 -5.176307304767223449e+00 5.928580783233745599e+00 -6.100523467786499232e+00 5.675304410466690541e+00 -4.694547015280442714e+00 3.254254649407374522e+00 -1.495413164726199895e+00 -4.098097796733338738e-01 2.274917687524761423e+00 -3.917340801836944664e+00 5.176307304746631033e+00 -5.928580783213996952e+00
1.077090653558002664e+01 -9.912308341519123545e+00 8.083424343878949259e+00 -5.463278450932915753e+00 2.308348798312599204e+00 1.072538117896208565e+00 -4.348437530311060506e+00 7.198681579911935025e+00 -9.344268520306533432e+00 1.057517335258648217e+01 -1.077090653555065813e+01 9.912308341497876540e+00 -8.083424343867877226e+00 5.463278450933124475e+00 -2.308348798324063367e+00 -1.072538117874611174e+00 4.348437530281425545e+00 -7.198681579877184156e+00 9.344268520270068379e+00 -1.057517335255187163e+01
-8.173452476441032122e-01 5.325284312956634070e-01 -1.955840217484870469e-01 -1.605055145612190315e-01 5.008836527978093311e-01 -7.922318092368029196e-01 1.006030796384050463e+00 -1.121352479752515396e+00 1.126908369480751793e+00 -1.022154616372064284e+00 8.173452476430961289e-01 -5.325284312958493693e-01 1.955840217498442390e-01 1.605055145588195065e-01 -5.008836527946032291e-01 7.922318092331042116e-01 -1.006030796380220416e+00 1.121352479748929820e+00 -1.126908369477762184e+00 1.022154616369963298e+00
-6.648614260210640836e+00 6.143897065438466143e+00 -5.037772418854330247e+00 3.438515507689665185e+00 -1.502672741087454078e+00 -5.802621031476951075e-01 2.606396849801828175e+00 -4.377399312961848032e+00 5.719911432234324522e+00 -6.502518767553341128e+00 6.648614260192371894e+00 -6.143897065425142578e+00 5.037772418847243472e+00 -3.438515507689520412e+00 1.502672741094261966e+00 5.802621031346005820e-01 -2.606396849783717773e+00 4.377399312940505993e+00 -5.719911432211840285e+00 6.502518767531917376e+00
-7.622309736124557311e+00 6.854507790778703757e+00 -5.415738864708779410e+00 3.446839684891256805e+00 -1.140539821173960133e+00 -1.277404026846560070e+00 3.570306668520923932e+00 -5.513722817690309697e+00 6.917417361097981221e+00 -7.643986896720728730e+00 7.622309736104664779e+00 -6.854507790764978736e+00 5.415738864702547062e+00 -3.446839684893143740e+00 1.140539821183776725e+00 1.277404026829774164e+00 -3.570306668498798963e+00 5.513722817665024145e+00 -6.917417361072012660e+00 7.643986896696619127e+00
-9.397960552989227168e+00 8.425036037484867180e+00 -6.627410293955440679e+00 4.181047454972860677e+00 -1.325414560028962851e+00 -1.659959146754990122e+00 4.482844486637625359e+00 -6.866917774352992332e+00 8.578809305684771402e+00 -9.450947210097178086e+00 9.397960552964846670e+00 -8.425036037468160544e+00 6.627410293948018172e+00 -4.181047454975471034e+00 1.325414560041345613e+00 1.659959146734047764e+00 -4.482844486610157553e+00 6.866917774321704471e+00 -8.578809305652727701e+00 9.450947210067516480e+00
-8.029971801748233773e+00 7.285400471452063265e+00 -5.827683382641716925e+00 3.799512040482335706e+00 -1.399417987045218803e+00 -1.137660849280752728e+00 3.563377515128592243e+00 -5.640285962283666521e+00 7.165083921266887756e+00 -7.988513543961425434e+00 8.029971801726921043e+00 -7.285400471437077030e+00 5.827683382634507581e+00 -3.799512040483625785e+00 1.399417987054876855e+00 1.137660849263671947e+00 -3.563377515105746962e+00 5.640285962257308050e+00 -7.165083921239595810e+00 7.988513543935872541e+00
1.792964551792932326e+01 -1.633061980600858476e+01 1.313303924536013412e+01 -8.649905300114504314e+00 3.320058356663415644e+00 2.334779030941129374e+00 -7.761071979632172990e+00 1.242765712838654935e+01 -1.587773660883468807e+01 1.777359260331427393e+01 -1.792964551788137939e+01 1.633061980597460661e+01 -1.313303924534340261e+01 8.649905300116694562e+00 -3.320058356684305156e+00 -2.334779030903586072e+00 7.761071979581621427e+00 -1.242765712832797043e+01 1.587773660877381410e+01 -1.777359260325706813e+01
-4.309935943373652378e+00 3.950557653241590028e+00 -3.204471254857297335e+00 2.144708883184350601e+00 -8.750074629607661469e-01 -4.803457842720439963e-01 1.788679439373719759e+00 -2.921924688486507105e+00 3.769151590843576205e+00 -4.247427674265564335e+00 4.309935943361987931e+00 -3.950557653233217170e+00 3.204471254853024753e+00 -2.144708883184606396e+00 8.750074629655217873e-01 4.803457842632535835e-01 -1.788679439361747781e+00 2.921924688472533393e+00 -3.769151590828968335e+00 4.247427674251754048e+00
1.873992303831657225e+01 -1.704110096540853192e+01 1.367417719767754036e+01 -8.968729692246901308e+00 3.385360435728897777e+00 2.529391487427675500e+00 -8.196548948485004260e+00 1.306137108974781569e+01 -1.664765522482151994e+01 1.860435087545548072e+01 -1.873992303826661399e+01 1.704110096537323926e+01 -1.367417719766032747e+01 8.968729692249489460e+00 -3.385360435751024077e+00 -2.529391487388176873e+00 8.196548948431969350e+00 -1.306137108968646920e+01 1.664765522475786597e+01 -1.860435087539575250e+01
-6.118115339884863779e+00 5.440418969552936801e+00 -4.230176484854433205e+00 2.605854852447001768e+00 -7.264539910249987464e-01 -1.224057248539923926e+00 3.054749236108465382e+00 -4.586421084756612032e+00 5.669142082153791229e+00 -6.196927953314400384e+00 6.118115339869238056e+00 -5.440418969542422545e+00 4.230176484850045604e+00 -2.605854852449182690e+00 7.264539910335312545e-01 1.224057248525874719e+00 -3.054749236090264386e+00 4.586421084736052478e+00 -5.669142082132885285e+00 6.196927953295195302e+00
1.041793661079159827e+00 -9.847866067738725304e-01 8.313817779859747903e-01 -5.965955081915517155e-01 3.034103133302302746e-01 1.947479698360148059e-02 -3.404535784796063336e-01 6.281063916343225806e-01 -8.542757749012281909e-01 9.968226932314711020e-01 -1.041793661076174438e+00 9.847866067716040117e-01 -8.313817779846434108e-01 5.965955081912893698e-01 -3.034103133310622202e-01 -1.947479698175667850e-02 3.404535784769274764e-01 -6.281063916310737349e-01 8.542757748977274357e-01 -9.968226932280611630e-01
-6.048686348770398347e+00 5.476238417364327482e+00 -4.367738114471077182e+00 2.831693173113748685e+00 -1.018462374406862381e+00 -8.944626175504001298e-01 2.719831376413339719e+00 -4.278964089972744134e+00 5.419241985109414017e+00 -6.029046716664508310e+00 6.048686348754407582e+00 -5.476238417353134658e+00 4.367738114465762322e+00 -2.831693173114846029e+00 1.018462374414260463e+00 8.944626175374249533e-01 -2.719831376396047773e+00 4.278964089952839167e+00 -5.419241985088843805e+00 6.029046716645288129e+00
-1.248759053511710171e+01 1.133542060398097995e+01 -9.073660725610009692e+00 5.923707715507163130e+00 -2.193900921314557273e+00 -1.750660180860407422e+00 5.523854466964013277e+00 -8.756335390882560077e+00 1.113168519776475307e+01 -1.241738809847851144e+01 1.248759053508392292e+01 -1.133542060395762618e+01 9.073660725598740484e+00 -5.923707715509106464e+00 2.193900921329515086e+00 1.750660180833898405e+00 -5.523854466928526108e+00 8.756335390841591959e+00 -1.113168519772231591e+01 1.241738809843875835e+01
-2.141344331021183045e+00 1.916839106855179109e+00 -1.504700315507206287e+00 9.452709734142650255e-01 -2.933119223538463438e-01 -3.873585432904806392e-01 1.030111655831527528e+00 -1.572030262289611180e+00 1.960067593695798749e+00 -2.156239852437129567e+00 2.141344331015643476e+00 -1.916839106851395469e+00 1.504700315505543617e+00 -9.452709734148906362e-01 2.933119223566977851e-01 3.873585432856823663e-01 -1.030111655825248551e+00 1.572030262282470003e+00 -1.960067593688494592e+00 2.156239852430377635e+00
