2.646043729686490664e+01 8.837356478402007554e-01 -2.477947220374354842e+01 -4.801709266729014303e+01 -6.655446554580551322e+01 -7.857702362446906363e+01 -8.290791515245346943e+01 -7.912320229190393661e+01 -6.759335910725611996e+01 -4.944700698256450266e+01 -2.646043729686356727e+01 -8.837356478381579450e-01 2.477947220374609572e+01 4.801709266729293546e+01 6.655446554580822749e+01 7.857702362447149369e+01 8.290791515245535948e+01 7.912320229190513032e+01 6.759335910725647523e+01 4.944700698256401239e+01
2.694710763502819617e+01 -1.001200820670010927e+00 -2.885150476426486321e+01 -5.387762240127960922e+01 -7.362982297018855604e+01 -8.617462345763317444e+01 -9.028405138713780786e+01 -8.555584732089448607e+01 -7.245284081624195949e+01 -5.225764544387010346e+01 -2.694710763502667561e+01 1.001200820672277558e+00 2.885150476426765920e+01 5.387762240128265745e+01 7.362982297019149769e+01 8.617462345763578924e+01 9.028405138713984002e+01 8.555584732089572242e+01 7.245284081624227213e+01 5.225764544386950661e+01
2.282731298256010888e+01 -1.381935888333416074e+01 -4.911329561659280074e+01 -7.959968078244749279e+01 -1.022942945897287643e+02 -1.149756301163076841e+02 -1.164023498847825380e+02 -1.064347966236738188e+02 -8.604866389420601536e+01 -5.723948840647821612e+01 -2.282731298255778540e+01 1.381935888333737594e+01 4.911329561659659504e+01 7.959968078245147183e+01 1.022942945897324876e+02 1.149756301163108390e+02 1.164023498847848401e+02 1.064347966236750125e+02 8.604866389420598694e+01 5.723948840647703662e+01
3.386367232311893360e+01 5.904159094911780414e+01 7.844010728606400562e+01 9.016035939748638839e+01 9.305508734692070050e+01 8.684093499392074023e+01 7.212618686734339235e+01 5.035122503749681044e+01 2.364753448336647423e+01 -5.370941508056919389e+00 -3.386367232312185394e+01 -5.904159094912097316e+01 -7.844010728606706095e+01 -9.016035939748903161e+01 -9.305508734692267581e+01 -8.684093499392184867e+01 -7.212618686734356288e+01 -5.035122503749599332e+01 -2.364753448336475472e+01 5.370941508059299707e+00
3.662187265044998696e+01 5.994335985181781723e+01 7.739717334094328294e+01 8.727481224564141371e+01 8.860938444836328642e+01 8.127025272339511730e+01 6.597582241871427300e+01 4.422321893510489588e+01 1.814173866084301068e+01 -9.715581394468145504e+00 -3.662187265045283624e+01 -5.994335985182085125e+01 -7.739717334094616774e+01 -8.727481224564387219e+01 -8.860938444836504857e+01 -8.127025272339604101e+01 -6.597582241871428721e+01 -4.422321893510396507e+01 -1.814173866084124143e+01 9.715581394470511611e+00
-1.010968251378388061e+01 -1.803168867290412436e+01 -2.418862751055808857e+01 -2.797781495540083085e+01 -2.902833893950981192e+01 -2.723736685588941953e+01 -2.278021153052068115e+01 -1.609317038147789347e+01 -7.830817587784685507e+00 1.198070191915306282e+00 1.010968251378478477e+01 1.803168867290511201e+01 2.418862751055904781e+01 2.797781495540166929e+01 2.902833893951043365e+01 2.723736685588978546e+01 2.278021153052074865e+01 1.609317038147765544e+01 7.830817587784162370e+00 -1.198070191916038141e+00
-5.853196093890721485e+00 -1.337725580226118893e+01 -1.959185650788460720e+01 -2.388866979402533630e+01 -2.584709363857736975e+01 -2.527542387049466655e+01 -2.222961950973462564e+01 -1.700782510849527185e+01 -1.012118628515082719e+01 -2.243815229764346775e+00 5.853196093891479990e+00 1.337725580226205224e+01 1.959185650788548116e+01 2.388866979402613566e+01 2.584709363857800568e+01 2.527542387049508932e+01 2.222961950973480327e+01 1.700782510849516882e+01 1.012118628515046126e+01 2.243815229763770347e+00
1.905561672151085162e+01 1.488749175018381976e+01 9.262075359094428251e+00 2.730022499183196061e+00 -4.069263984133339562e+00 -1.047022255645360289e+01 -1.584628279461807843e+01 -1.967119846530098215e+01 -2.157056017290135941e+01 -2.135844515984809888e+01 -1.905561672151102570e+01 -1.488749175018377002e+01 -9.262075359094149363e+00 -2.730022499182718221e+00 4.069263984133955070e+00 1.047022255645431166e+01 1.584628279461880673e+01 1.967119846530166782e+01 2.157056017290192429e+01 2.135844515984848613e+01
-2.220033037924576291e+00 -3.964856839674489208e+00 -5.321572829175090114e+00 -6.157376192577917351e+00 -6.390452673288645968e+00 -5.997987121435971680e+00 -5.018396799703525701e+00 -3.547570833989581285e+00 -1.729483917665307180e+00 2.578969345430697224e-01 2.220033037924775243e+00 3.964856839674705924e+00 5.321572829175300612e+00 6.157376192578102092e+00 6.390452673288782748e+00 5.997987121436052504e+00 5.018396799703541689e+00 3.547570833989528438e+00 1.729483917665192605e+00 -2.578969345432309268e-01
3.484570904550160497e-01 -1.376479672050992864e+00 -2.966677013758848069e+00 -4.266475339305807246e+00 -5.148641332359879641e+00 -5.526822439109037255e+00 -5.363999657881961092e+00 -4.676111216958179995e+00 -3.530492429735902604e+00 -2.039284445103888288e+00 -3.484570904548872639e-01 1.376479672051158509e+00 2.966677013759032810e+00 4.266475339305993764e+00 5.148641332360045730e+00 5.526822439109170482e+00 5.363999657882049021e+00 4.676111216958212857e+00 3.530492429735876847e+00 2.039284445103809684e+00
1.627937168766310227e-01 1.347029537816856504e+01 2.545923067477881929e+01 3.495603908805115623e+01 4.103110684233945449e+01 4.308976397836800487e+01 4.093049479215461872e+01 3.476466359615891122e+01 2.519582490771697181e+01 1.316064332767292377e+01 -1.627937168777010002e-01 -1.347029537816989553e+01 -2.545923067478027235e+01 -3.495603908805258442e+01 -4.103110684234070504e+01 -4.308976397836897121e+01 -4.093049479215521558e+01 -3.476466359615906754e+01 -2.519582490771667338e+01 -1.316064332767222744e+01
-2.470973916305966078e+00 1.744864035110050082e+01 3.566026012911541443e+01 5.038120518605045106e+01 6.017048685287750232e+01 6.406986203411150882e+01 6.169763271846883157e+01 5.328600923965807823e+01 3.965837991101219018e+01 2.214871204049570252e+01 2.470973916304436635e+00 -1.744864035110244060e+01 -3.566026012911756027e+01 -5.038120518605260401e+01 -6.017048685287939946e+01 -6.406986203411301517e+01 -6.169763271846980501e+01 -5.328600923965840508e+01 -3.965837991101184201e+01 -2.214871204049474684e+01
-7.805877834520417835e+00 -3.499261995335885445e+01 -5.875404062324317067e+01 -7.676420643345230133e+01 -8.726015687027910417e+01 -8.921447517538008753e+01 -8.243585905651565326e+01 -6.758784668879586377e+01 -4.612386497495840132e+01 -2.014495799350792993e+01 7.805877834522803482e+00 3.499261995336171793e+01 5.875404062324620469e+01 7.676420643345521455e+01 8.726015687028156265e+01 8.921447517538192074e+01 8.243585905651666224e+01 6.758784668879592061e+01 4.612386497495753446e+01 2.014495799350627081e+01
2.296949457700218389e+01 2.850277609920285826e+01 3.124600730629507694e+01 3.093066161451291762e+01 2.758760725731064056e+01 2.154408568760052134e+01 1.339167890431654939e+01 3.928401284564623452e+00 -5.919415623701732798e+00 -1.518779888772641051e+01 -2.296949457700323904e+01 -2.850277609920385302e+01 -3.124600730629589407e+01 -3.093066161451347540e+01 -2.758760725731088925e+01 -2.154408568760043607e+01 -1.339167890431615149e+01 -3.928401284563930673e+00 5.919415623702644069e+00 1.518779888772742659e+01
-1.450081782479519177e+01 -3.930677904833707714e+01 -6.026511887219445640e+01 -7.532428896906804994e+01 -8.301019284646812935e+01 -8.257048068203354774e+01 -7.404819456607393136e+01 -5.827755524187826097e+01 -3.680230276700410741e+01 -1.172458448057441238e+01 1.450081782479756498e+01 3.930677904833983405e+01 6.026511887219729147e+01 7.532428896907069316e+01 8.301019284647028940e+01 8.257048068203503988e+01 7.404819456607464190e+01 5.827755524187808334e+01 3.680230276700306291e+01 1.172458448057266445e+01
9.092490382126996451e+00 -1.676089710236866637e+01 -4.097361119844765653e+01 -6.117554275048681234e+01 -7.538918594303876830e+01 -8.222321034814115137e+01 -8.100865404157458727e+01 -7.186440625693720108e+01 -5.568556967910989641e+01 -3.405584155691321513e+01 -9.092490382125168580e+00 1.676089710237107511e+01 4.097361119845038502e+01 6.117554275048959767e+01 7.538918594304129783e+01 8.222321034814321195e+01 8.100865404157600835e+01 7.186440625693781215e+01 5.568556967910964062e+01 3.405584155691216353e+01
3.846318012988239055e+00 -2.558984689539303403e+01 -5.252109929470604044e+01 -7.431122055903695411e+01 -8.882724179833085998e+01 -9.464823371461856993e+01 -9.120439706189827689e+01 -7.883283856635908649e+01 -5.874457257126091747e+01 -3.290597851538321095e+01 -3.846318012985983970e+00 2.558984689539589752e+01 5.252109929470921657e+01 7.431122055904012313e+01 8.882724179833367373e+01 9.464823371462080104e+01 9.120439706189971218e+01 7.883283856635956965e+01 5.874457257126040588e+01 3.290597851538180407e+01
-2.934448641605046371e-01 -7.647318734032149123e+00 -1.425261976421407795e+01 -1.946277506803364332e+01 -2.276777834306640358e+01 -2.384411284144028897e+01 -2.258641944319103345e+01 -1.911780994100443465e+01 -1.377781600017798525e+01 -7.089153433565321016e+00 2.934448641611013819e-01 7.647318734032888088e+00 1.425261976421488086e+01 1.946277506803443558e+01 2.276777834306708925e+01 2.384411284144081833e+01 2.258641944319135320e+01 1.911780994100451281e+01 1.377781600017781471e+01 7.089153433564929330e+00
-1.038417455078350260e+00 -8.382999528715535220e+00 -1.490699520068989337e+01 -1.997179031927787562e+01 -2.308160744976947498e+01 -2.393203602406213193e+01 -2.243983016801978891e+01 -1.875105738764140284e+01 -1.322680046386163433e+01 -6.407812154141282690e+00 1.038417455078966212e+00 8.382999528716286619e+00 1.490699520069070338e+01 1.997179031927866433e+01 2.308160744977015000e+01 2.393203602406264707e+01 2.243983016802009089e+01 1.875105738764145968e+01 1.322680046386143715e+01 6.407812154140867911e+00
-7.054310815625237652e+00 -5.211100937599411509e+00 -2.857792191926154413e+00 -2.247428350981315326e-01 2.430305916304714930e+00 4.847459391682667373e+00 6.790109767567171772e+00 8.068096889925586268e+00 8.556322474961604030e+00 8.206995600744221520e+00 7.054310815625277620e+00 5.211100937599363547e+00 2.857792191926018965e+00 2.247428350979223666e-01 -2.430305916304970726e+00 -4.847459391682951590e+00 -6.790109767567455989e+00 -8.068096889925843840e+00 -8.556322474961806535e+00 -8.206995600744349417e+00
