9.744098300566440329e+00 1.719890603215221603e+01 8.854101966197593931e-01 -1.665169243665564025e+01 -1.117672209268312500e+01 9.744098300565374515e+00 1.719890603215309710e+01 8.854101966213642205e-01 -1.665169243665552301e+01 -1.117672209268466332e+01 9.744098300564310478e+00 1.719890603215397817e+01 8.854101966229760423e-01 -1.665169243665540932e+01 -1.117672209268620165e+01 9.744098300563244663e+00 1.719890603215485569e+01 8.854101966245840893e-01 -1.665169243665529564e+01 -1.117672209268773997e+01
-6.500000000006160850e-01 -1.802583139031471715e+00 -4.640576474683709707e-01 1.515779740156704802e+00 1.400861046343759408e+00 -6.500000000004837464e-01 -1.802583139031529225e+00 -4.640576474685385588e-01 1.515779740156658395e+00 1.400861046343898852e+00 -6.500000000003512968e-01 -1.802583139031586512e+00 -4.640576474687067576e-01 1.515779740156611766e+00 1.400861046344038296e+00 -6.500000000002187361e-01 -1.802583139031644244e+00 -4.640576474688745678e-01 1.515779740156565802e+00 1.400861046344177518e+00
-6.739589803377929123e+00 -1.155574641843510264e+01 -4.022542485901876574e-01 1.130713962068743328e+01 7.390450849716036608e+00 -6.739589803377224797e+00 -1.155574641843571371e+01 -4.022542485912661836e-01 1.130713962068737288e+01 7.390450849717081994e+00 -6.739589803376520472e+00 -1.155574641843632122e+01 -4.022542485923494837e-01 1.130713962068731249e+01 7.390450849718128268e+00 -6.739589803375815258e+00 -1.155574641843693051e+01 -4.022542485934303413e-01 1.130713962068725742e+01 7.390450849719172766e+00
-6.282827057596801268e+00 -1.204931256309149212e+01 -1.164057647465233547e+00 1.132988537209382507e+01 8.166311896059898601e+00 -6.282827057596025000e+00 -1.204931256309205523e+01 -1.164057647466356871e+00 1.132988537209369362e+01 8.166311896060943099e+00 -6.282827057595248732e+00 -1.204931256309262189e+01 -1.164057647467485079e+00 1.132988537209356394e+01 8.166311896061991149e+00 -6.282827057594470688e+00 -1.204931256309318677e+01 -1.164057647468610623e+00 1.132988537209343427e+01 8.166311896063035647e+00
-9.049138953659475959e+00 -1.343869910099675558e+01 7.435661446604228120e-01 1.389824825128079411e+01 7.846023658715402860e+00 -9.049138953658726336e+00 -1.343869910099757625e+01 7.435661446591664836e-01 1.389824825128083852e+01 7.846023658716690719e+00 -9.049138953657973161e+00 -1.343869910099839871e+01 7.435661446579044931e-01 1.389824825128088115e+01 7.846023658717976801e+00 -9.049138953657221762e+00 -1.343869910099921938e+01 7.435661446566451671e-01 1.389824825128092733e+01 7.846023658719264660e+00
-8.600000000002978595e+00 -1.287968210662200086e+01 6.399186938163456961e-01 1.327517360943710756e+01 7.564589803371892351e+00 -8.600000000002253842e+00 -1.287968210662278246e+01 6.399186938151417703e-01 1.327517360943714309e+01 7.564589803373122479e+00 -8.600000000001529088e+00 -1.287968210662356405e+01 6.399186938139325154e-01 1.327517360943717861e+01 7.564589803374351717e+00 -8.600000000000804334e+00 -1.287968210662434565e+01 6.399186938127255919e-01 1.327517360943721414e+01 7.564589803375581845e+00
1.918348483847492147e+01 2.776612695902452543e+01 -2.023074641852175226e+00 -2.901645584946757950e+01 -1.591008130618054395e+01 1.918348483847339736e+01 2.776612695902626982e+01 -2.023074641849578637e+00 -2.901645584946771095e+01 -1.591008130618323158e+01 1.918348483847187325e+01 2.776612695902801775e+01 -2.023074641846970501e+00 -2.901645584946784595e+01 -1.591008130618591920e+01 1.918348483847034203e+01 2.776612695902975858e+01 -2.023074641844367250e+00 -2.901645584946798451e+01 -1.591008130618860683e+01
-4.523606797751316577e+00 -6.237586804717221156e+00 6.685661446580370981e-01 6.650783405843461615e+00 3.441844051967246632e+00 -4.523606797750986175e+00 -6.237586804717632383e+00 6.685661446574535649e-01 6.650783405843511353e+00 3.441844051967863471e+00 -4.523606797750655772e+00 -6.237586804718044498e+00 6.685661446568671451e-01 6.650783405843561091e+00 3.441844051968479867e+00 -4.523606797750323594e+00 -6.237586804718456612e+00 6.685661446562819465e-01 6.650783405843612606e+00 3.441844051969096263e+00
1.814045084972569200e+01 2.948051349693088241e+01 7.950849717851997400e-02 -2.943137454328046232e+01 -1.826909830055534556e+01 1.814045084972394406e+01 2.948051349693252376e+01 7.950849718127311894e-02 -2.943137454328039837e+01 -1.826909830055807049e+01 1.814045084972220323e+01 2.948051349693416867e+01 7.950849718403846245e-02 -2.943137454328033087e+01 -1.826909830056079187e+01 1.814045084972045174e+01 2.948051349693581002e+01 7.950849718679767197e-02 -2.943137454328027403e+01 -1.826909830056351325e+01
-5.447745751408207049e+00 -9.044146285029384558e+00 -1.418440519663261568e-01 8.956481839812285628e+00 5.677254248591841801e+00 -5.447745751407664372e+00 -9.044146285029876609e+00 -1.418440519671705924e-01 8.956481839812253654e+00 5.677254248592669583e+00 -5.447745751407122583e+00 -9.044146285030370436e+00 -1.418440519680187195e-01 8.956481839812223456e+00 5.677254248593498254e+00 -5.447745751406579906e+00 -9.044146285030864263e+00 -1.418440519688649870e-01 8.956481839812195034e+00 5.677254248594326924e+00
2.788525491562578562e+00 2.557952682561371205e+00 -1.207623792125614992e+00 -3.304305231718112967e+00 -8.345491502803847883e-01 2.788525491562495517e+00 2.557952682561627888e+00 -1.207623792125374074e+00 -3.304305231718219549e+00 -8.345491502806925421e-01 2.788525491562412029e+00 2.557952682561883684e+00 -1.207623792125132045e+00 -3.304305231718326574e+00 -8.345491502810005180e-01 2.788525491562328540e+00 2.557952682562139923e+00 -1.207623792124890238e+00 -3.304305231718434044e+00 -8.345491502813082718e-01
-5.365450849720899029e+00 -8.993285238685459149e+00 -1.927050983097041426e-01 8.874186938124767110e+00 5.677254248591499852e+00 -5.365450849720356352e+00 -8.993285238685945870e+00 -1.927050983105437210e-01 8.874186938124729807e+00 5.677254248592320529e+00 -5.365450849719815452e+00 -8.993285238686430816e+00 -1.927050983113870186e-01 8.874186938124696056e+00 5.677254248593141206e+00 -5.365450849719273663e+00 -8.993285238686915761e+00 -1.927050983122284289e-01 8.874186938124664081e+00 5.677254248593961883e+00
-1.188368810394198860e+01 -1.889054681865193785e+01 2.086881039433202689e-01 1.901952315993690235e+01 1.154602365871418712e+01 -1.188368810394088726e+01 -1.889054681865301433e+01 2.086881039415556804e-01 1.901952315993688458e+01 1.154602365871594571e+01 -1.188368810393978414e+01 -1.889054681865409080e+01 2.086881039397832371e-01 1.901952315993686682e+01 1.154602365871770608e+01 -1.188368810393867925e+01 -1.889054681865516727e+01 2.086881039380146796e-01 1.901952315993685261e+01 1.154602365871946468e+01
-2.184549150281907881e+00 -2.976518827217975005e+00 3.449593469071360330e-01 3.189715428343597559e+00 1.626393202249250880e+00 -2.184549150281751562e+00 -2.976518827218174401e+00 3.449593469068574780e-01 3.189715428343623316e+00 1.626393202249546643e+00 -2.184549150281595242e+00 -2.976518827218372909e+00 3.449593469065776463e-01 3.189715428343649961e+00 1.626393202249842407e+00 -2.184549150281438479e+00 -2.976518827218571861e+00 3.449593469062983142e-01 3.189715428343676606e+00 1.626393202250138170e+00
-1.235835921350561151e+01 -2.251514028771418197e+01 -1.556762745774546985e+00 2.155300799840609116e+01 1.487725424858866674e+01 -1.235835921350419575e+01 -2.251514028771529752e+01 -1.556762745776647083e+00 2.155300799840590642e+01 1.487725424859065626e+01 -1.235835921350277999e+01 -2.251514028771640952e+01 -1.556762745778756285e+00 2.155300799840571813e+01 1.487725424859264756e+01 -1.235835921350136068e+01 -2.251514028771752507e+01 -1.556762745780860602e+00 2.155300799840553694e+01 1.487725424859463885e+01
-5.321559063933556377e-04 1.458980337526738155e-02 9.549150281487082947e-03 -8.688103937627542420e-03 -1.491869381273312756e-02 -5.321559063947520901e-04 1.458980337526730349e-02 9.549150281488430828e-03 -8.688103937626631690e-03 -1.491869381273391339e-02 -5.321559063961476752e-04 1.458980337526722543e-02 9.549150281489780442e-03 -8.688103937625719225e-03 -1.491869381273469922e-02 -5.321559063975449949e-04 1.458980337526714910e-02 9.549150281491128323e-03 -8.688103937624811965e-03 -1.491869381273548678e-02
-1.266844051969219453e+00 -5.312305898744839050e-01 9.385254915631265904e-01 1.111271242968739914e+00 -2.517220926880718856e-01 -1.266844051969240770e+00 -5.312305898746014776e-01 9.385254915630754091e-01 1.111271242968825623e+00 -2.517220926879674137e-01 -1.266844051969262086e+00 -5.312305898747191613e-01 9.385254915630237837e-01 1.111271242968911555e+00 -2.517220926878628307e-01 -1.266844051969283180e+00 -5.312305898748367339e-01 9.385254915629722694e-01 1.111271242968997264e+00 -2.517220926877583587e-01
-1.823680339888232282e+01 -2.966731689580607778e+01 -9.860679774076791526e-02 2.960637454328082541e+01 1.839635254914905715e+01 -1.823680339888056423e+01 -2.966731689580772979e+01 -9.860679774353847682e-02 2.960637454328076146e+01 1.839635254915179985e+01 -1.823680339887880919e+01 -2.966731689580938180e+01 -9.860679774632130634e-02 2.960637454328069751e+01 1.839635254915453544e+01 -1.823680339887705060e+01 -2.966731689581103382e+01 -9.860679774909796025e-02 2.960637454328063711e+01 1.839635254915727813e+01
-5.833688103940831482e+00 -1.213664811787279696e+01 -1.667172942402386671e+00 1.110627857434402443e+01 8.531230589872148329e+00 -5.833688103940021463e+00 -1.213664811787331921e+01 -1.667172942403517322e+00 1.110627857434384502e+01 8.531230589873171510e+00 -5.833688103939211445e+00 -1.213664811787384323e+01 -1.667172942404652858e+00 1.110627857434366739e+01 8.531230589874196468e+00 -5.833688103938401426e+00 -1.213664811787436548e+01 -1.667172942405785729e+00 1.110627857434349330e+01 8.531230589875221426e+00
1.729508497188563698e+00 4.013322226093066547e+00 7.508610463424726378e-01 -3.549264578625125566e+00 -2.944427190999013177e+00 1.729508497188284810e+00 4.013322226093221090e+00 7.508610463428462278e-01 -3.549264578625048738e+00 -2.944427190999340027e+00 1.729508497188005922e+00 4.013322226093375633e+00 7.508610463432212612e-01 -3.549264578624971023e+00 -2.944427190999666877e+00 1.729508497187727034e+00 4.013322226093530176e+00 7.508610463435955173e-01 -3.549264578624894639e+00 -2.944427190999994171e+00
