-4.167908363783081604e+00 -1.612644118671953919e+01 -2.192522159390535563e+01 -1.934931256309260661e+01 -9.382623792124016759e+00 4.167908363782350634e+00 1.612644118671872917e+01 2.192522159390478720e+01 1.934931256309249648e+01 9.382623792124407558e+00 -4.167908363781618775e+00 -1.612644118671792270e+01 -2.192522159390421521e+01 -1.934931256309237568e+01 -9.382623792124771711e+00 4.167908363780869152e+00 1.612644118671712690e+01 2.192522159390364678e+01 1.934931256309226555e+01 9.382623792125166062e+00
-9.670288237345793902e+00 -2.247238720493816189e+01 -2.669079806859248905e+01 -2.071423125690472133e+01 -6.825532155905033704e+00 9.670288237344847104e+00 2.247238720493723818e+01 2.669079806859194193e+01 2.071423125690475686e+01 6.825532155905656317e+00 -9.670288237343896753e+00 -2.247238720493630737e+01 -2.669079806859138770e+01 -2.071423125690479239e+01 -6.825532155906244292e+00 9.670288237342926863e+00 2.247238720493538366e+01 2.669079806859083703e+01 2.071423125690484568e+01 6.825532155906873122e+00
-8.030901699439501940e+00 -1.944984471900073331e+01 -2.343960813181140779e+01 -1.847623792124871045e+01 -6.455572808998911505e+00 8.030901699438675934e+00 1.944984471899991263e+01 2.343960813181090685e+01 1.847623792124872821e+01 6.455572808999443524e+00 -8.030901699437848151e+00 -1.944984471899909551e+01 -2.343960813181040947e+01 -1.847623792124873532e+01 -6.455572808999944456e+00 8.030901699437002605e+00 1.944984471899827838e+01 2.343960813180991209e+01 1.847623792124876729e+01 6.455572809000482692e+00
2.270742052666078337e+01 5.157334422021991571e+01 6.074000333515317607e+01 4.670604565284034493e+01 1.483196601124728176e+01 -2.270742052665861621e+01 -5.157334422021780540e+01 -6.074000333515195393e+01 -4.670604565284045862e+01 -1.483196601124872060e+01 2.270742052665644906e+01 5.157334422021570219e+01 6.074000333515071759e+01 4.670604565284055809e+01 1.483196601125008129e+01 -2.270742052665423216e+01 -5.157334422021361320e+01 -6.074000333514948125e+01 -4.670604565284070020e+01 -1.483196601125153613e+01
-2.748277907313531720e+00 -8.749061313156591524e+00 -1.140800066703064708e+01 -9.709471509780540188e+00 -4.302254248593121666e+00 2.748277907313144031e+00 8.749061313156179409e+00 1.140800066703036997e+01 9.709471509780502885e+00 4.302254248593343711e+00 -2.748277907312755897e+00 -8.749061313155767294e+00 -1.140800066703008930e+01 -9.709471509780463805e+00 -4.302254248593550656e+00 2.748277907312358437e+00 8.749061313155356956e+00 1.140800066702981219e+01 9.709471509780430054e+00 4.302254248593775365e+00
1.549290836378605718e+01 4.410797101100179418e+01 5.587528790681004409e+01 4.630014395340320021e+01 1.903991869380973867e+01 -1.549290836378413339e+01 -4.410797101099979045e+01 -5.587528790680875090e+01 -4.630014395340309363e+01 -1.903991869381088975e+01 1.549290836378220426e+01 4.410797101099780093e+01 5.587528790680744351e+01 4.630014395340297284e+01 1.903991869381196977e+01 -1.549290836378023428e+01 -4.410797101099581852e+01 -5.587528790680615032e+01 -4.630014395340290179e+01 -1.903991869381313151e+01
-6.381762745782413759e+00 -1.286291569515660527e+01 -1.443087204340551111e+01 -1.048672575837426990e+01 -2.537006664343197659e+00 6.381762745781886181e+00 1.286291569515611677e+01 1.443087204340524998e+01 1.048672575837433385e+01 2.537006664343570694e+00 -6.381762745781358603e+00 -1.286291569515562827e+01 -1.443087204340498886e+01 -1.048672575837439780e+01 -2.537006664343925078e+00 6.381762745780820367e+00 1.286291569515514155e+01 1.443087204340472596e+01 1.048672575837447063e+01 2.537006664344302109e+00
1.310787504206240328e+01 1.252279373587409594e+01 7.154430856686270879e+00 -9.466814395945704064e-01 -8.686193602468906150e+00 -1.310787504206201426e+01 -1.252279373587396805e+01 -7.154430856686446738e+00 9.466814395941529625e-01 8.686193602468403441e+00 1.310787504206162879e+01 1.252279373587383660e+01 7.154430856686634144e+00 -9.466814395937364068e-01 -8.686193602467913166e+00 -1.310787504206123621e+01 -1.252279373587370870e+01 -7.154430856686802898e+00 9.466814395933056403e-01 8.686193602467408681e+00
-7.080369543532616383e+00 -1.540230223306281587e+01 -1.784107897456148706e+01 -1.346516994374892384e+01 -3.946023658717932037e+00 7.080369543531974230e+00 1.540230223306220481e+01 1.784107897456113889e+01 1.346516994374897180e+01 3.946023658718366800e+00 -7.080369543531332965e+00 -1.540230223306158841e+01 -1.784107897456079073e+01 -1.346516994374901799e+01 -3.946023658718780247e+00 7.080369543530676602e+00 1.540230223306098090e+01 1.784107897456044256e+01 1.346516994374907839e+01 3.946023658719220784e+00
-1.018647450844053814e+01 -2.809751282990735888e+01 -3.527625624968590046e+01 -2.898066877793556628e+01 -1.161545084971702302e+01 1.018647450843931779e+01 2.809751282990610122e+01 3.527625624968509754e+01 2.898066877793551299e+01 1.161545084971776198e+01 -1.018647450843809565e+01 -2.809751282990484356e+01 -3.527625624968428042e+01 -2.898066877793545615e+01 -1.161545084971845654e+01 1.018647450843684688e+01 2.809751282990359655e+01 3.527625624968347751e+01 2.898066877793542417e+01 1.161545084971920616e+01
-1.342202598442007178e-01 -2.309878040718973402e+00 -3.603240919906113060e+00 -3.520288237343574433e+00 -2.092705098312277912e+00 1.342202598440876971e-01 2.309878040718833958e+00 3.603240919906002926e+00 3.520288237343534021e+00 2.092705098312324541e+00 -1.342202598439742323e-01 -2.309878040718695402e+00 -3.603240919905891015e+00 -3.520288237343493165e+00 -2.092705098312366729e+00 1.342202598438578809e-01 2.309878040718558179e+00 3.603240919905781325e+00 3.520288237343453641e+00 2.092705098312414247e+00
-9.256637120815863540e+00 -3.017251282990777383e+01 -3.956351416396726961e+01 -3.384259780177941224e+01 -1.519495934690462491e+01 9.256637120814522390e+00 3.017251282990633854e+01 3.956351416396630327e+01 3.384259780177927013e+01 1.519495934690538519e+01 -9.256637120813177688e+00 -3.017251282990490324e+01 -3.956351416396532272e+01 -3.384259780177912091e+01 -1.519495934690609751e+01 9.256637120811804564e+00 3.017251282990348216e+01 3.956351416396435638e+01 3.384259780177900012e+01 1.519495934690686845e+01
-4.087993335656483040e+00 -4.902379873562530577e+00 -3.844223925531137898e+00 -1.317705098312438539e+00 1.712132289312557676e+00 4.087993335656312510e+00 4.902379873562427548e+00 3.844223925531141450e+00 1.317705098312548451e+00 -1.712132289312382039e+00 -4.087993335656141980e+00 -4.902379873562323631e+00 -3.844223925531147668e+00 -1.317705098312657697e+00 1.712132289312212174e+00 4.087993335655968785e+00 4.902379873562221491e+00 3.844223925531149888e+00 1.317705098312771828e+00 -1.712132289312035205e+00
-4.727912029468845034e+00 -5.765576474687362563e+00 -4.600986671312147003e+00 -1.678976341280982165e+00 1.884345884812535621e+00 4.727912029468642530e+00 5.765576474687238218e+00 4.600986671312146115e+00 1.678976341281107398e+00 -1.884345884812330674e+00 -4.727912029468440913e+00 -5.765576474687112984e+00 -4.600986671312149667e+00 -1.678976341281231743e+00 1.884345884812132388e+00 4.727912029468234856e+00 5.765576474686987751e+00 4.600986671312146115e+00 1.678976341281361861e+00 -1.884345884811925886e+00
-1.232991502813006512e+01 -4.586838120762696747e+01 -6.188668477474741536e+01 -5.426637820896537789e+01 -2.591815961371573351e+01 1.232991502812799567e+01 4.586838120762469373e+01 6.188668477474583085e+01 5.426637820896507236e+01 2.591815961371685262e+01 -1.232991502812592088e+01 -4.586838120762242710e+01 -6.188668477474423213e+01 -5.426637820896475262e+01 -2.591815961371789712e+01 1.232991502812379991e+01 4.586838120762017468e+01 6.188668477474265472e+01 5.426637820896447550e+01 2.591815961371903398e+01
9.749223594981115681e-01 -1.132352915725092402e+01 -1.929677740853055568e+01 -1.989931256309272101e+01 -1.290098667131141852e+01 -9.749223594986951014e-01 1.132352915725016196e+01 1.929677740852991263e+01 1.989931256309244034e+01 1.290098667131161569e+01 9.749223594992830755e-01 -1.132352915724939990e+01 -1.929677740852925893e+01 -1.989931256309215257e+01 -1.290098667131178800e+01 -9.749223594998843723e-01 1.132352915724864673e+01 1.929677740852862300e+01 1.989931256309187901e+01 1.290098667131198695e+01
-9.756577808740329871e-01 4.467501832844229526e+00 8.204227591218440807e+00 8.807217261186920609e+00 6.046149283686828468e+00 9.756577808742736835e-01 -4.467501832843899123e+00 -8.204227591218149485e+00 -8.807217261186780277e+00 -6.046149283686894194e+00 -9.756577808745161562e-01 4.467501832843568721e+00 8.204227591217854609e+00 8.807217261186636392e+00 6.046149283686949261e+00 9.756577808747648461e-01 -4.467501832843240983e+00 -8.204227591217566840e+00 -8.807217261186497836e+00 -6.046149283687016762e+00
-1.521458980337910027e+01 -4.065956747872021282e+01 -5.057397234506020567e+01 -4.117083872168477399e+01 -1.604184405196645713e+01 1.521458980337734168e+01 4.065956747871841515e+01 5.057397234505906880e+01 4.117083872168471714e+01 1.604184405196753715e+01 -1.521458980337558309e+01 -4.065956747871661747e+01 -5.057397234505792483e+01 -4.117083872168466030e+01 -1.604184405196854968e+01 1.521458980337378364e+01 4.065956747871483401e+01 5.057397234505678085e+01 4.117083872168463898e+01 1.604184405196964391e+01
-1.710032889044136439e+01 -4.108403532281369053e+01 -4.937503665687260224e+01 -3.880645218377850370e+01 -1.341512195927901985e+01 1.710032889043962001e+01 4.108403532281196391e+01 4.937503665687155774e+01 3.880645218377853922e+01 1.341512195928014606e+01 -1.710032889043787563e+01 -4.108403532281023729e+01 -4.937503665687051324e+01 -3.880645218377856764e+01 -1.341512195928120654e+01 1.710032889043609217e+01 4.108403532280851778e+01 4.937503665686946874e+01 3.880645218377863159e+01 1.341512195928234519e+01
-1.776491869381649025e+01 -4.334842186072001624e+01 -5.237430123549761873e+01 -4.139497767534110295e+01 -1.460417960674784865e+01 1.776491869381464284e+01 4.334842186071817594e+01 5.237430123549649608e+01 4.139497767534113137e+01 1.460417960674902815e+01 -1.776491869381279898e+01 -4.334842186071634984e+01 -5.237430123549538052e+01 -4.139497767534114558e+01 -1.460417960675014548e+01 1.776491869381090893e+01 4.334842186071452375e+01 5.237430123549426497e+01 4.139497767534120243e+01 1.460417960675134097e+01
