-7.622309736123322743e+00 6.854507790781248389e+00 -5.415738864714361611e+00 3.446839684898683309e+00 -1.140539821181773217e+00 -1.277404026839874973e+00 3.570306668516730397e+00 -5.513722817689577838e+00 6.917417361101177775e+00 -7.643986896727716029e+00 7.622309736114700307e+00 -6.854507790776778187e+00 5.415738864714467304e+00 -3.446839684903379553e+00 1.140539821190589054e+00 1.277404026827802852e+00 -3.570306668502558622e+00 5.513722817674720389e+00 -6.917417361087089489e+00 7.643986896715776247e+00
-9.397960552988704919e+00 8.425036037488915497e+00 -6.627410293963045262e+00 4.181047454982477873e+00 -1.325414560038746137e+00 -1.659959146746924574e+00 4.482844486632938441e+00 -6.866917774352829795e+00 8.578809305689629738e+00 -9.450947210106791729e+00 9.397960552978187110e+00 -8.425036037483547346e+00 6.627410293963337473e+00 -4.181047454988429557e+00 1.325414560049760881e+00 1.659959146731924795e+00 -4.482844486615390700e+00 6.866917774334485358e+00 -8.578809305672285390e+00 9.450947210092143891e+00
-8.029971801748310156e+00 7.285400471455944604e+00 -5.827683382648522148e+00 3.799512040490731657e+00 -1.399417987053621415e+00 -1.137660849273955277e+00 3.563377515124816597e+00 -5.640285962283882348e+00 7.165083921271507172e+00 -7.988513543970196196e+00 8.029971801738941650e+00 -7.285400471450878435e+00 5.827683382648239707e+00 -3.799512040495283571e+00 1.399417987062552271e+00 1.137660849261520335e+00 -3.563377515110067950e+00 5.640285962268293041e+00 -7.165083921256600874e+00 7.988513543957435736e+00
1.792964551792914918e+01 -1.633061980601641494e+01 1.313303924537409273e+01 -8.649905300131750963e+00 3.320058356680568146e+00 2.334779030927510490e+00 -7.761071979625103090e+00 1.242765712838807168e+01 -1.587773660884563220e+01 1.777359260333404123e+01 -1.792964551790795369e+01 1.633061980600475493e+01 -1.313303924537307310e+01 8.649905300141526254e+00 -3.320058356700157809e+00 -2.334779030900024033e+00 7.761071979592351511e+00 -1.242765712835332437e+01 1.587773660881228821e+01 -1.777359260330537083e+01
-4.309935943372821932e+00 3.950557653242786404e+00 -3.204471254860143947e+00 2.144708883188219506e+00 -8.750074629648734170e-01 -4.803457842685222579e-01 1.788679439371534619e+00 -2.921924688486201127e+00 3.769151590845420952e+00 -4.247427674269499853e+00 4.309935943367618094e+00 -3.950557653239845202e+00 3.204471254859745599e+00 -2.144708883190415527e+00 8.750074629694440942e-01 4.803457842620250662e-01 -1.788679439363732193e+00 2.921924688477873122e+00 -3.769151590837381605e+00 4.247427674262537423e+00
1.873992303831648698e+01 -1.704110096541687014e+01 1.367417719769232498e+01 -8.968729692265135611e+00 3.385360435747020613e+00 2.529391487413276352e+00 -8.196548948477497376e+00 1.306137108974933980e+01 -1.664765522483294902e+01 1.860435087547617172e+01 -1.873992303829446016e+01 1.704110096540483354e+01 -1.367417719769142792e+01 8.968729692275520193e+00 -3.385360435767648113e+00 -2.529391487384426984e+00 8.196548948443187044e+00 -1.306137108971299732e+01 1.664765522479812532e+01 -1.860435087544628274e+01
-6.118115339883119397e+00 5.440418969554297490e+00 -4.230176484858353625e+00 2.605854852452566650e+00 -7.264539910310685578e-01 -1.224057248534546893e+00 3.054749236104871812e+00 -4.586421084755594180e+00 5.669142082155751439e+00 -6.196927953319267601e+00 6.118115339876468717e+00 -5.440418969551050310e+00 4.230176484858816366e+00 -2.605854852456712667e+00 7.264539910384846255e-01 1.224057248524587083e+00 -3.054749236093323272e+00 4.586421084743609100e+00 -5.669142082144501771e+00 6.196927953309857351e+00
1.041793661079043476e+00 -9.847866067742608864e-01 8.313817779867758162e-01 -5.965955081926084258e-01 3.034103133313452161e-01 1.947479698263868131e-02 -3.404535784789903818e-01 6.281063916341980136e-01 -8.542757749016726132e-01 9.968226932324788514e-01 -1.041793661077653921e+00 9.847866067733845874e-01 -8.313817779864964841e-01 5.965955081929560366e-01 -3.034103133322846313e-01 -1.947479698119952696e-02 3.404535784771887119e-01 -6.281063916322140450e-01 8.542757748997003020e-01 -9.968226932307114874e-01
-6.048686348769932053e+00 5.476238417366559474e+00 -4.367738114475406164e+00 2.831693173119247398e+00 -1.018462374412416604e+00 -8.944626175459284845e-01 2.719831376410953627e+00 -4.278964089973127827e+00 5.419241985112852156e+00 -6.029046716670813488e+00 6.048686348762927878e+00 -5.476238417362807809e+00 4.367738114475264943e+00 -2.831693173122748153e+00 1.018462374419208061e+00 8.944626175365106846e-01 -2.719831376399811873e+00 4.278964089961373674e+00 -5.419241985101635350e+00 6.029046716661234484e+00
-1.248759053511871819e+01 1.133542060398818130e+01 -9.073660725621310874e+00 5.923707715520425410e+00 -2.193900921327294196e+00 -1.750660180850667436e+00 5.523854466959392973e+00 -8.756335390884448344e+00 1.113168519777363663e+01 -1.241738809849383429e+01 1.248759053510412542e+01 -1.133542060398027296e+01 9.073660725620836587e+00 -5.923707715527470441e+00 2.193900921341151555e+00 1.750660180831354884e+00 -5.523854466936473528e+00 8.756335390860208179e+00 -1.113168519775044984e+01 1.241738809847397462e+01
-2.141344331020988534e+00 1.916839106856039088e+00 -1.504700315508895825e+00 9.452709734164351785e-01 -2.933119223560783362e-01 -3.873585432886162971e-01 1.030111655830411754e+00 -1.572030262289509484e+00 1.960067593696829702e+00 -2.156239852439238547e+00 2.141344331018604663e+00 -1.916839106854832053e+00 1.504700315508979758e+00 -9.452709734178085244e-01 2.933119223586037050e-01 3.873585432851862076e-01 -1.030111655826405626e+00 1.572030262285326829e+00 -1.960067593692879973e+00 2.156239852435909210e+00
-1.420837681494513127e+01 1.279173203654632118e+01 -1.012294340117420788e+01 6.463250535002887709e+00 -2.170889674352703302e+00 -2.333972993099503235e+00 6.610370122240125212e+00 -1.023969816665845478e+01 1.286669321035201108e+01 -1.423420667509386561e+01 1.420837681492899662e+01 -1.279173203653790836e+01 1.012294340117431801e+01 -6.463250535011552778e+00 2.170889674369055555e+00 2.333972993077064739e+00 -6.610370122213749866e+00 1.023969816663077381e+01 -1.286669321032573521e+01 1.423420667507156701e+01
-1.274385082908368494e+00 1.002435199565383073e+00 -6.323599745123837934e-01 2.003849492432571711e-01 2.512051510216979366e-01 -6.782055408553467890e-01 1.038818447014168811e+00 -1.297744565705526432e+00 1.429638404387617800e+00 -1.421589275171876832e+00 1.274385082907558697e+00 -1.002435199565430590e+00 6.323599745132817418e-01 -2.003849492449235603e-01 -2.512051510194286963e-01 6.782055408526969087e-01 -1.038818447011394142e+00 1.297744565702902975e+00 -1.429638404385402017e+00 1.421589275170286104e+00
-1.170102782714273371e+00 1.004575377804110881e+00 -7.407131356264006206e-01 4.043447308818398644e-01 -2.839624664330009374e-02 -3.503318600648649417e-01 6.947670434042183540e-01 -9.711935878085045104e-01 1.152552937134497135e+00 -1.221092374665322167e+00 1.170102782713159373e+00 -1.004575377803688552e+00 7.407131356267090405e-01 -4.043447308828532760e-01 2.839624664491741113e-02 3.503318600628021473e-01 -6.947670434019083130e-01 9.711935878061774829e-01 -1.152552937132380828e+00 1.221092374663624192e+00
-1.889021123253701262e+01 1.709080167330189326e+01 -1.361842536766890177e+01 8.812982701901818317e+00 -3.144863885613677468e+00 -2.831096119351601992e+00 8.529928710746917275e+00 -1.339379244842556105e+01 1.694657846121297595e+01 -1.884051530046251699e+01 1.889021123251519185e+01 -1.709080167329024036e+01 1.361842536766853051e+01 -8.812982701912821071e+00 3.144863885634952005e+00 2.831096119322138893e+00 -8.529928710712086470e+00 1.339379244838884020e+01 -1.694657846117795685e+01 1.884051530043263512e+01
-6.351721832800466316e+00 5.702633958644812040e+00 -4.495332540030616997e+00 2.847996651575473770e+00 -9.218790077053811149e-01 -1.094478576547033732e+00 3.003700972045962203e+00 -4.618900188385515193e+00 5.781969272515966374e+00 -6.379058918904048525e+00 6.351721832793320921e+00 -5.702633958641138534e+00 4.495332540030762658e+00 -2.847996651579443927e+00 9.218790077127787530e-01 1.094478576536933367e+00 -3.003700972034125893e+00 4.618900188373125992e+00 -5.781969272504235313e+00 6.379058918894125796e+00
1.391085282314633798e+00 -1.354844923761745035e+00 1.185982904311544406e+00 -9.010286149587070081e-01 5.278753669383726699e-01 -1.030500000783152459e-01 -3.318626187808563777e-01 7.342902122908402385e-01 -1.064840363721016869e+00 1.291156521171122451e+00 -1.391085282312603200e+00 1.354844923760354369e+00 -1.185982904310927122e+00 9.010286149589263882e-01 -5.278753669394061765e-01 1.030500000800615712e-01 3.318626187785633785e-01 -7.342902122882296601e-01 1.064840363718344340e+00 -1.291156521168649984e+00
-1.667381842438443940e+01 1.499109456357510517e+01 -1.184093791778738947e+01 7.531707767943016663e+00 -2.485221585280602330e+00 -2.804535401704423503e+00 7.819764923222368935e+00 -1.206954137054872866e+01 1.513786701508627353e+01 -1.672439276446644385e+01 1.667381842436559225e+01 -1.499109456356534409e+01 1.184093791778764171e+01 -7.531707767953307986e+00 2.485221585299904667e+00 2.804535401678001971e+00 -7.819764923191359074e+00 1.206954137051622489e+01 -1.513786701505545551e+01 1.672439276444033496e+01
-1.553239705149763772e+01 1.398683814256896518e+01 -1.107215006421577819e+01 7.073642793373327464e+00 -2.382718080949930428e+00 -2.541443678608389600e+00 7.216831223624160963e+00 -1.118578504585115674e+01 1.405979629184311186e+01 -1.555753671642908742e+01 1.553239705147998428e+01 -1.398683814255975122e+01 1.107215006421587766e+01 -7.073642793382779459e+00 2.382718080967789032e+00 2.541443678583873211e+00 -7.216831223595336020e+00 1.118578504582090183e+01 -1.405979629181438284e+01 1.555753671640470337e+01
-1.712249527770972435e+01 1.540520943461944725e+01 -1.217995435766504819e+01 7.762440485452390071e+00 -2.585084854422554201e+00 -2.845316893501771638e+00 7.997199199400498948e+00 -1.236625992789800854e+01 1.552482497385359927e+01 -1.716371198355304983e+01 1.712249527769032298e+01 -1.540520943460936287e+01 1.217995435766524182e+01 -7.762440485462892781e+00 2.585084854442316171e+00 2.845316893474686193e+00 -7.997199199368685285e+00 1.236625992786463968e+01 -1.552482497382194282e+01 1.716371198352620908e+01
