1.833426824431504798e+01 3.227522159390684209e+01 3.388813728906109901e+01 2.255693635521705076e+01 2.609752415748446630e+00 -1.833426824431392532e+01 -3.227522159390642997e+01 -3.388813728906156797e+01 -2.255693635521821960e+01 -2.609752415749865051e+00 1.833426824431279911e+01 3.227522159390603917e+01 3.388813728906205824e+01 2.255693635521938134e+01 2.609752415751302124e+00 -1.833426824431168356e+01 -3.227522159390562706e+01 -3.388813728906252720e+01 -2.255693635522057150e+01 -2.609752415752743637e+00
2.011131922743932421e+01 2.993722825825012990e+01 2.832813362337349616e+01 1.589865478221715556e+01 -2.603569810344957602e+00 -2.011131922743846445e+01 -2.993722825824996292e+01 -2.832813362337408947e+01 -1.589865478221828532e+01 2.603569810343728363e+00 2.011131922743760825e+01 2.993722825824981015e+01 2.832813362337470764e+01 1.589865478221940620e+01 -2.603569810342483137e+00 -2.011131922743675915e+01 -2.993722825824964673e+01 -2.832813362337530805e+01 -1.589865478222055373e+01 2.603569810341234358e+00
1.921172575837733376e+01 3.378981139728180239e+01 3.546133755587352709e+01 2.358783805465502326e+01 2.704586137686689540e+00 -1.921172575837616137e+01 -3.378981139728136895e+01 -3.546133755587401737e+01 -2.358783805465624184e+01 -2.704586137688176350e+00 1.921172575837498187e+01 3.378981139728095684e+01 3.546133755587453606e+01 2.358783805465746042e+01 2.704586137689679148e+00 -1.921172575837381302e+01 -3.378981139728053051e+01 -3.546133755587502634e+01 -2.358783805465870387e+01 -2.704586137691187275e+00
4.490576474687413722e+00 1.185661446559880261e-01 -4.298732422718993362e+00 -7.074061313156548181e+00 -7.147339220469084431e+00 -4.490576474687674846e+00 -1.185661446562948917e-01 4.298732422718760660e+00 7.074061313156476238e+00 7.147339220469202559e+00 4.490576474687935971e+00 1.185661446565959842e-01 -4.298732422718529733e+00 -7.074061313156409625e+00 -7.147339220469320686e+00 -4.490576474688194430e+00 -1.185661446569024058e-01 4.298732422718295254e+00 7.074061313156340347e+00 7.147339220469442367e+00
-3.224342219126623998e+00 -1.319885804768847670e+01 -1.813185871471854682e+01 -1.613910563193729786e+01 -7.981762745780990542e+00 3.224342219125907238e+00 1.319885804768801130e+01 1.813185871471851840e+01 1.613910563193770997e+01 7.981762745781690427e+00 -3.224342219125190034e+00 -1.319885804768755833e+01 -1.813185871471849708e+01 -1.613910563193812564e+01 -7.981762745782396529e+00 3.224342219124480380e+00 1.319885804768709292e+01 1.813185871471846511e+01 1.613910563193854486e+01 7.981762745783107960e+00
-4.167908363782958148e+00 -1.612644118671973104e+01 -2.192522159390592762e+01 -1.934931256309341308e+01 -9.382623792124732631e+00 4.167908363782096615e+00 1.612644118671917681e+01 2.192522159390589920e+01 1.934931256309392111e+01 9.382623792125581730e+00 -4.167908363781234193e+00 -1.612644118671864035e+01 -2.192522159390588499e+01 -1.934931256309442915e+01 -9.382623792126437934e+00 4.167908363780380654e+00 1.612644118671808613e+01 2.192522159390585657e+01 1.934931256309494785e+01 9.382623792127301243e+00
-9.670288237345774363e+00 -2.247238720493853492e+01 -2.669079806859325288e+01 -2.071423125690564859e+01 -6.825532155905720266e+00 9.670288237344806248e+00 2.247238720493803399e+01 2.669079806859341630e+01 2.071423125690641243e+01 6.825532155906794074e+00 -9.670288237343836357e+00 -2.247238720493754727e+01 -2.669079806859359749e+01 -2.071423125690717981e+01 -6.825532155907881204e+00 9.670288237342875348e+00 2.247238720493704633e+01 2.669079806859376447e+01 2.071423125690796141e+01 6.825532155908971887e+00
-8.030901699439443320e+00 -1.944984471900103529e+01 -2.343960813181207925e+01 -1.847623792124956310e+01 -6.455572808999567869e+00 8.030901699438585339e+00 1.944984471900058054e+01 2.343960813181220715e+01 1.847623792125021680e+01 6.455572809000506673e+00 -8.030901699437725583e+00 -1.944984471900013645e+01 -2.343960813181234570e+01 -1.847623792125087405e+01 -6.455572809001457024e+00 8.030901699436874708e+00 1.944984471899967815e+01 2.343960813181247005e+01 1.847623792125154552e+01 6.455572809002411816e+00
2.270742052666085442e+01 5.157334422022083942e+01 6.074000333515493821e+01 4.670604565284239129e+01 1.483196601124872416e+01 -2.270742052665866240e+01 -5.157334422021973097e+01 -6.074000333515534322e+01 -4.670604565284415344e+01 -1.483196601125117198e+01 2.270742052665647037e+01 5.157334422021865095e+01 6.074000333515577665e+01 4.670604565284591558e+01 1.483196601125365532e+01 -2.270742052665429256e+01 -5.157334422021753539e+01 -6.074000333515618877e+01 -4.670604565284772036e+01 -1.483196601125614222e+01
-2.748277907313524615e+00 -8.749061313156790476e+00 -1.140800066703103788e+01 -9.709471509781012699e+00 -4.302254248593483155e+00 2.748277907313086743e+00 8.749061313156524022e+00 1.140800066703105031e+01 9.709471509781296916e+00 4.302254248593929908e+00 -2.748277907312647983e+00 -8.749061313156264674e+00 -1.140800066703106630e+01 -9.709471509781579357e+00 -4.302254248594381103e+00 2.748277907312213664e+00 8.749061313155998221e+00 1.140800066703107873e+01 9.709471509781867127e+00 4.302254248594834962e+00
1.549290836378588310e+01 4.410797101100247630e+01 5.587528790681164281e+01 4.630014395340526789e+01 1.903991869381140489e+01 -1.549290836378377278e+01 -4.410797101100124706e+01 -5.587528790681178492e+01 -4.630014395340671030e+01 -1.903991869381361113e+01 1.549290836378166247e+01 4.410797101100006046e+01 5.587528790681195545e+01 4.630014395340816691e+01 1.903991869381584223e+01 -1.549290836377956992e+01 -4.410797101099883122e+01 -5.587528790681209756e+01 -4.630014395340964484e+01 -1.903991869381808399e+01
-6.381762745782387114e+00 -1.286291569515678646e+01 -1.443087204340590546e+01 -1.048672575837475307e+01 -2.537006664343548490e+00 6.381762745781882629e+00 1.286291569515655908e+01 1.443087204340604401e+01 1.048672575837520249e+01 2.537006664344139573e+00 -6.381762745781378143e+00 -1.286291569515633881e+01 -1.443087204340619145e+01 -1.048672575837565368e+01 -2.537006664344738205e+00 6.381762745780878987e+00 1.286291569515611144e+01 1.443087204340633001e+01 1.048672575837611198e+01 2.537006664345339502e+00
1.310787504206272303e+01 1.252279373587449740e+01 7.154430856686600393e+00 -9.466814395944931348e-01 -8.686193602469195696e+00 -1.310787504206264842e+01 -1.252279373587475320e+01 -7.154430856687095108e+00 9.466814395939513460e-01 8.686193602468812003e+00 1.310787504206257026e+01 1.252279373587501254e+01 7.154430856687596041e+00 -9.466814395934148862e-01 -8.686193602468422981e+00 -1.310787504206249388e+01 -1.252279373587526834e+01 -7.154430856688093421e+00 9.466814395928659920e-01 8.686193602468035735e+00
-7.080369543532601284e+00 -1.540230223306306989e+01 -1.784107897456200575e+01 -1.346516994374954734e+01 -3.946023658718384119e+00 7.080369543531965348e+00 1.540230223306275903e+01 1.784107897456214431e+01 1.346516994375007847e+01 3.946023658719107097e+00 -7.080369543531326748e+00 -1.540230223306245527e+01 -1.784107897456228997e+01 -1.346516994375060960e+01 -3.946023658719840288e+00 7.080369543530695253e+00 1.540230223306214263e+01 1.784107897456242853e+01 1.346516994375115139e+01 3.946023658720575256e+00
-1.018647450844044755e+01 -2.809751282990781007e+01 -3.527625624968692364e+01 -2.898066877793686302e+01 -1.161545084971805331e+01 1.018647450843912416e+01 2.809751282990704979e+01 3.527625624968703022e+01 2.898066877793779028e+01 1.161545084971945130e+01 -1.018647450843779723e+01 -2.809751282990631083e+01 -3.527625624968715812e+01 -2.898066877793872109e+01 -1.161545084972086173e+01 1.018647450843648095e+01 2.809751282990555055e+01 3.527625624968725759e+01 2.898066877793966611e+01 1.161545084972228281e+01
-1.342202598441415429e-01 -2.309878040718996495e+00 -3.603240919906232964e+00 -3.520288237343761395e+00 -2.092705098312462209e+00 1.342202598439904415e-01 2.309878040718885028e+00 3.603240919906204542e+00 3.520288237343827120e+00 2.092705098312596768e+00 -1.342202598438392291e-01 -2.309878040718775782e+00 -3.603240919906178785e+00 -3.520288237343893734e+00 -2.092705098312732215e+00 1.342202598436893490e-01 2.309878040718664316e+00 3.603240919906150364e+00 3.520288237343961235e+00 2.092705098312869438e+00
-9.256637120815597086e+00 -3.017251282990809358e+01 -3.956351416396828569e+01 -3.384259780178085464e+01 -1.519495934690591454e+01 9.256637120814072972e+00 3.017251282990715922e+01 3.956351416396831411e+01 3.384259780178182808e+01 1.519495934690745997e+01 -9.256637120812545305e+00 -3.017251282990625327e+01 -3.956351416396836385e+01 -3.384259780178280153e+01 -1.519495934690902317e+01 9.256637120811035402e+00 3.017251282990531891e+01 3.956351416396838516e+01 3.384259780178379629e+01 1.519495934691059702e+01
-4.087993335656510574e+00 -4.902379873562541235e+00 -3.844223925531139674e+00 -1.317705098312421663e+00 1.712132289312612965e+00 4.087993335656417315e+00 4.902379873562569657e+00 3.844223925531278674e+00 1.317705098312618173e+00 -1.712132289312433997e+00 -4.087993335656324945e+00 -4.902379873562598078e+00 -3.844223925531420782e+00 -1.317705098312813350e+00 1.712132289312252142e+00 4.087993335656232574e+00 4.902379873562626500e+00 3.844223925531560671e+00 1.317705098313012524e+00 -1.712132289312070510e+00
-4.727912029468945398e+00 -5.765576474687463815e+00 -4.600986671312223386e+00 -1.678976341280995488e+00 1.884345884812620220e+00 4.727912029468831712e+00 5.765576474687491348e+00 4.600986671312383258e+00 1.678976341281225526e+00 -1.884345884812407723e+00 -4.727912029468717137e+00 -5.765576474687520658e+00 -4.600986671312545795e+00 -1.678976341281453788e+00 1.884345884812191452e+00 4.727912029468604338e+00 5.765576474687547304e+00 4.600986671312705667e+00 1.678976341281686935e+00 -1.884345884811975624e+00
-1.232991502812987683e+01 -4.586838120762773485e+01 -6.188668477474922014e+01 -5.426637820896773690e+01 -2.591815961371770172e+01 1.232991502812745566e+01 4.586838120762619297e+01 6.188668477474917040e+01 5.426637820896918640e+01 2.591815961372010335e+01 -1.232991502812503271e+01 -4.586838120762470083e+01 -6.188668477474915619e+01 -5.426637820897065012e+01 -2.591815961372252630e+01 1.232991502812263107e+01 4.586838120762315896e+01 6.188668477474910645e+01 5.426637820897212805e+01 2.591815961372496702e+01
