7.176854848203021220e+00 -6.612625665387602325e+00 5.401106609572463135e+00 -3.660889607090521025e+00 1.562319222949557274e+00 6.891818520510937240e-01 -2.873221005560036456e+00 4.776009268136427899e+00 -6.211288467134091107e+00 7.038563474377159679e+00 -7.176854848193006120e+00 6.612625665380091888e+00 -5.401106609568203432e+00 3.660889607089892195e+00 -1.562319222952668341e+00 -6.891818520445947005e-01 2.873221005550749219e+00 -4.776009268125255502e+00 6.211288467122162871e+00 -7.038563474365616912e+00
6.100523467804070066e+00 -5.675304410483190232e+00 4.694547015293730752e+00 -3.254254649415524003e+00 1.495413164727757760e+00 4.098097796791310699e-01 -2.274917687537850508e+00 3.917340801856422416e+00 -5.176307304770772610e+00 5.928580783240418484e+00 -6.100523467795422761e+00 5.675304410476597283e+00 -4.694547015289847636e+00 3.254254649414701106e+00 -1.495413164730114541e+00 -4.098097796738652820e-01 2.274917687530160659e+00 -3.917340801847054799e+00 5.176307304760674910e+00 -5.928580783230558815e+00
1.077090653558094679e+01 -9.912308341526026467e+00 8.083424343890184716e+00 -5.463278450946289944e+00 2.308348798325636331e+00 1.072538117885852849e+00 -4.348437530305251819e+00 7.198681579911899497e+00 -9.344268520312558834e+00 1.057517335259791125e+01 -1.077090653556594724e+01 9.912308341514798116e+00 -8.083424343883848451e+00 5.463278450945407982e+00 -2.308348798330368101e+00 -1.072538117876043362e+00 4.348437530291269226e+00 -7.198681579895104043e+00 9.344268520294649605e+00 -1.057517335258059887e+01
-8.173452476440904446e-01 5.325284312961473532e-01 -1.955840217493001187e-01 -1.605055145602660716e-01 5.008836527969016128e-01 -7.922318092360898234e-01 1.006030796383625248e+00 -1.121352479752409925e+00 1.126908369480926986e+00 -1.022154616372422220e+00 8.173452476434969194e-01 -5.325284312961358069e-01 1.955840217498752143e-01 1.605055145591686716e-01 -5.008836527953809403e-01 7.922318092343013651e-01 -1.006030796381739423e+00 1.121352479750612252e+00 -1.126908369479394656e+00 1.022154616371306446e+00
-6.648614260212569071e+00 6.143897065444198446e+00 -5.037772418862711987e+00 3.438515507699201557e+00 -1.502672741096492626e+00 -5.802621031407010355e-01 2.606396849798093829e+00 -4.377399312962151789e+00 5.719911432238820481e+00 -6.502518767561555002e+00 6.648614260203246751e+00 -6.143897065437171179e+00 5.037772418858679657e+00 -3.438515507698523432e+00 1.502672741099279730e+00 5.802621031347656722e-01 -2.606396849789557546e+00 4.377399312951844479e+00 -5.719911432227783976e+00 6.502518767550846235e+00
-7.622309736124853963e+00 6.854507790783557653e+00 -5.415738864716994172e+00 3.446839684901232381e+00 -1.140539821183893299e+00 -1.277404026838382833e+00 3.570306668515875970e+00 -5.513722817689305167e+00 6.917417361101270146e+00 -7.643986896727885672e+00 7.622309736114634582e+00 -6.854507790776223963e+00 5.415738864713279810e+00 -3.446839684901457534e+00 1.140539821188089054e+00 1.277404026830678996e+00 -3.570306668505379033e+00 5.513722817677038535e+00 -6.917417361088468830e+00 7.643986896715778023e+00
-9.397960552990486605e+00 8.425036037491638652e+00 -6.627410293966163657e+00 4.181047454985503009e+00 -1.325414560041266343e+00 -1.659959146745141112e+00 4.482844486631895720e+00 -6.866917774352456760e+00 8.578809305689659936e+00 -9.450947210106871665e+00 9.397960552977952631e+00 -8.425036037482696472e+00 6.627410293961710330e+00 -4.181047454985919565e+00 1.325414560046578538e+00 1.659959146735518143e+00 -4.482844486618855484e+00 6.866917774337268909e+00 -8.578809305673853913e+00 9.450947210091969808e+00
-8.029971801749956839e+00 7.285400471458429728e+00 -5.827683382651358102e+00 3.799512040493477461e+00 -1.399417987055900259e+00 -1.137660849272364549e+00 3.563377515123933748e+00 -5.640285962283654975e+00 7.165083921271705236e+00 -7.988513543970508834e+00 8.029971801739034021e+00 -7.285400471450458326e+00 5.827683382647136590e+00 -3.799512040493373988e+00 1.399417987059980328e+00 1.137660849264554574e+00 -3.563377515113117067e+00 5.640285962270884745e+00 -7.165083921258268873e+00 7.988513543957696861e+00
1.792964551793232175e+01 -1.633061980602142071e+01 1.313303924537989786e+01 -8.649905300137413988e+00 3.320058356685287482e+00 2.334779030924199805e+00 -7.761071979623229922e+00 1.242765712838751568e+01 -1.587773660884588800e+01 1.777359260333443913e+01 -1.792964551790777250e+01 1.633061980600338359e+01 -1.313303924537016698e+01 8.649905300136847330e+00 -3.320058356694062240e+00 -2.334779030907063291e+00 7.761071979599315718e+00 -1.242765712835915259e+01 1.587773660881593862e+01 -1.777359260330577229e+01
-4.309935943373602640e+00 3.950557653244035183e+00 -3.204471254861605001e+00 2.144708883189659243e+00 -8.750074629660888892e-01 -4.803457842676540634e-01 1.788679439371030133e+00 -2.921924688486040367e+00 3.769151590845486677e+00 -4.247427674269632192e+00 4.309935943367639410e+00 -3.950557653239602729e+00 3.204471254859146079e+00 -2.144708883189390569e+00 8.750074629680659744e-01 4.803457842636535968e-01 -1.788679439365375767e+00 2.921924688479281773e+00 -3.769151590838307087e+00 4.247427674262718611e+00
1.873992303831983008e+01 -1.704110096542228803e+01 1.367417719769871987e+01 -8.968729692271496745e+00 3.385360435752467367e+00 2.529391487409275996e+00 -8.196548948475021135e+00 1.306137108974831307e+01 -1.664765522483288152e+01 1.860435087547639910e+01 -1.873992303829423989e+01 1.704110096540353680e+01 -1.367417719768868167e+01 8.968729692271047327e+00 -3.385360435761784359e+00 -2.529391487391233984e+00 8.196548948449922989e+00 -1.306137108971860172e+01 1.664765522480155724e+01 -1.860435087544646393e+01
-6.118115339884394821e+00 5.440418969556159112e+00 -4.230176484860439068e+00 2.605854852454556614e+00 -7.264539910326983652e-01 -1.224057248533422237e+00 3.054749236104246091e+00 -4.586421084755411215e+00 5.669142082155826046e+00 -6.196927953319366189e+00 6.118115339876346148e+00 -5.440418969550507633e+00 4.230176484857754104e+00 -2.605854852455062876e+00 7.264539910363908559e-01 1.224057248526946973e+00 -3.054749236095590348e+00 4.586421084745418320e+00 -5.669142082145501860e+00 6.196927953309703696e+00
1.041793661079047695e+00 -9.847866067743650254e-01 8.313817779869356883e-01 -5.965955081927837300e-01 3.034103133315005918e-01 1.947479698252305158e-02 -3.404535784789125552e-01 6.281063916341520503e-01 -8.542757749016336444e-01 9.968226932324151246e-01 -1.041793661077532018e+00 9.847866067731794182e-01 -8.313817779861976121e-01 5.965955081925604642e-01 -3.034103133318205581e-01 -1.947479698169798934e-02 3.404535784776579477e-01 -6.281063916325895224e-01 8.542757748999216805e-01 -9.968226932307171495e-01
-6.048686348770977439e+00 5.476238417368244349e+00 -4.367738114477385025e+00 2.831693173121203166e+00 -1.018462374414077276e+00 -8.944626175447221161e-01 2.719831376410216439e+00 -4.278964089972824958e+00 5.419241985112822846e+00 -6.029046716670841022e+00 6.048686348762776888e+00 -5.476238417362284672e+00 4.367738114474261302e+00 -2.831693173121186291e+00 1.018462374417211880e+00 8.944626175387840883e-01 -2.719831376402024770e+00 4.278964089963177564e+00 -5.419241985102693171e+00 6.029046716661200733e+00
-1.248759053512077344e+01 1.133542060399153328e+01 -9.073660725625247281e+00 5.923707715524306749e+00 -2.193900921330572462e+00 -1.750660180848311542e+00 5.523854466957978104e+00 -8.756335390883897674e+00 1.113168519777361176e+01 -1.241738809849388758e+01 1.248759053510377193e+01 -1.133542060397911477e+01 9.073660725618655221e+00 -5.923707715524114903e+00 2.193900921336886967e+00 1.750660180836193236e+00 -5.523854466941179098e+00 8.756335390864052215e+00 -1.113168519775272358e+01 1.241738809847395864e+01
-2.141344331021437064e+00 1.916839106856687458e+00 -1.504700315509616804e+00 9.452709734171167444e-01 -2.933119223566278411e-01 -3.873585432882490354e-01 1.030111655830223460e+00 -1.572030262289478619e+00 1.960067593696889876e+00 -2.156239852439305160e+00 2.141344331018588232e+00 -1.916839106854661301e+00 1.504700315508615827e+00 -9.452709734172267675e-01 2.933119223578530832e-01 3.873585432860430222e-01 -1.030111655827241623e+00 1.572030262286011393e+00 -1.960067593693286536e+00 2.156239852435911875e+00
-1.420837681494796634e+01 1.279173203655059154e+01 -1.012294340117907154e+01 6.463250535007585285e+00 -2.170889674356596633e+00 -2.333972993096780968e+00 6.610370122238587776e+00 -1.023969816665799648e+01 1.286669321035222069e+01 -1.423420667509420490e+01 1.420837681492888294e+01 -1.279173203653686741e+01 1.012294340117207625e+01 -6.463250535007929010e+00 2.170889674364340660e+00 2.333972993082490177e+00 -6.610370122219076272e+00 1.023969816663516141e+01 -1.286669321032836955e+01 1.423420667507162385e+01
-1.274385082908858324e+00 1.002435199565875124e+00 -6.323599745128000160e-01 2.003849492435449409e-01 2.512051510215680405e-01 -6.782055408553685494e-01 1.038818447014301150e+00 -1.297744565705717168e+00 1.429638404387795658e+00 -1.421589275171969424e+00 1.274385082907505851e+00 -1.002435199565198554e+00 6.323599745128694050e-01 -2.003849492443435798e-01 -2.512051510201072091e-01 6.782055408533981256e-01 -1.038818447012006985e+00 1.297744565703324415e+00 -1.429638404385541905e+00 1.421589275170074496e+00
-1.170102782714640854e+00 1.004575377804564518e+00 -7.407131356268634725e-01 4.043447308822480935e-01 -2.839624664360387851e-02 -3.503318600646881387e-01 6.947670434041595122e-01 -9.711935878085429241e-01 1.152552937134587285e+00 -1.221092374665410096e+00 1.170102782713190459e+00 -1.004575377803621272e+00 7.407131356265224120e-01 -4.043447308825353081e-01 2.839624664450007829e-02 3.503318600632789881e-01 -6.947670434023691666e-01 9.711935878065462990e-01 -1.152552937132584665e+00 1.221092374663594438e+00
-1.889021123254042323e+01 1.709080167330729338e+01 -1.361842536767518652e+01 8.812982701907998262e+00 -3.144863885618895072e+00 -2.831096119347845885e+00 8.529928710744664855e+00 -1.339379244842470307e+01 1.694657846121299727e+01 -1.884051530046272305e+01 1.889021123251484724e+01 -1.709080167328872335e+01 1.361842536766548584e+01 -8.812982701908007144e+00 3.144863885628746303e+00 2.831096119329246097e+00 -8.529928710719039131e+00 1.339379244839454586e+01 -1.694657846118134614e+01 1.884051530043262801e+01
