1.703771242968789679e+01 1.685156681168734494e+01 1.022869543531201941e+01 -3.011899367815384920e-01 -1.071603099009398719e+01 -1.703771242968777955e+01 -1.685156681168748705e+01 -1.022869543531238001e+01 3.011899367811121664e-01 1.071603099009365323e+01 1.703771242968766231e+01 1.685156681168763271e+01 1.022869543531271930e+01 -3.011899367806822880e-01 -1.071603099009330684e+01 -1.703771242968754507e+01 -1.685156681168778192e+01 -1.022869543531308700e+01 3.011899367802719496e-01 1.071603099009297821e+01
1.833426824431438718e+01 3.227522159390706236e+01 3.388813728906198719e+01 2.255693635521814144e+01 2.609752415749256649e+00 -1.833426824431368019e+01 -3.227522159390675682e+01 -3.388813728906220035e+01 -2.255693635521878804e+01 -2.609752415750083543e+00 1.833426824431297320e+01 3.227522159390645839e+01 3.388813728906239930e+01 2.255693635521943463e+01 2.609752415750948629e+00 -1.833426824431229107e+01 -3.227522159390615286e+01 -3.388813728906261957e+01 -2.255693635522005991e+01 -2.609752415751757759e+00
2.011131922743880551e+01 2.993722825825034306e+01 2.832813362337423513e+01 1.589865478221804196e+01 -2.603569810344302127e+00 -2.011131922743825129e+01 -2.993722825825018674e+01 -2.832813362337454066e+01 -1.589865478221868145e+01 2.603569810343576485e+00 2.011131922743770417e+01 2.993722825825003042e+01 2.832813362337482133e+01 1.589865478221932094e+01 -2.603569810342816204e+00 -2.011131922743717126e+01 -2.993722825824987765e+01 -2.832813362337513041e+01 -1.589865478221993378e+01 2.603569810342105662e+00
1.921172575837676533e+01 3.378981139728222161e+01 3.546133755587462844e+01 2.358783805465626315e+01 2.704586137687522651e+00 -1.921172575837602636e+01 -3.378981139728190186e+01 -3.546133755587485581e+01 -2.358783805465693817e+01 -2.704586137688388625e+00 1.921172575837528740e+01 3.378981139728158212e+01 3.546133755587506897e+01 2.358783805465761674e+01 2.704586137689292791e+00 -1.921172575837457330e+01 -3.378981139728126237e+01 -3.546133755587530345e+01 -2.358783805465827044e+01 -2.704586137690141001e+00
4.490576474687685504e+00 1.185661446562562560e-01 -4.298732422718827273e+00 -7.074061313156524200e+00 -7.147339220469181242e+00 -4.490576474687831166e+00 -1.185661446564338917e-01 4.298732422718679835e+00 7.074061313156468245e+00 7.147339220469237198e+00 4.490576474687977715e+00 1.185661446566141919e-01 -4.298732422718538615e+00 -7.074061313156412290e+00 -7.147339220469294929e+00 -4.490576474688118047e+00 -1.185661446567944921e-01 4.298732422718387625e+00 7.074061313156359887e+00 7.147339220469349996e+00
-3.224342219126303366e+00 -1.319885804768867743e+01 -1.813185871471913302e+01 -1.613910563193796577e+01 -7.981762745781434631e+00 3.224342219125872155e+00 1.319885804768837900e+01 1.813185871471908328e+01 1.613910563193818248e+01 7.981762745781828983e+00 -3.224342219125438280e+00 -1.319885804768808057e+01 -1.813185871471902288e+01 -1.613910563193839565e+01 -7.981762745782242874e+00 3.224342219125021725e+00 1.319885804768778037e+01 1.813185871471896959e+01 1.613910563193860170e+01 7.981762745782629231e+00
-4.167908363782494519e+00 -1.612644118671983762e+01 -2.192522159390648895e+01 -1.934931256309413072e+01 -9.382623792125261986e+00 4.167908363781974046e+00 1.612644118671948945e+01 2.192522159390643566e+01 1.934931256309439718e+01 9.382623792125739826e+00 -4.167908363781451797e+00 -1.612644118671912707e+01 -2.192522159390637526e+01 -1.934931256309465653e+01 -9.382623792126242535e+00 4.167908363780950864e+00 1.612644118671877180e+01 2.192522159390631487e+01 1.934931256309491232e+01 9.382623792126711493e+00
-9.670288237345312510e+00 -2.247238720493882980e+01 -2.669079806859409487e+01 -2.071423125690661493e+01 -6.825532155906371301e+00 9.670288237344715654e+00 2.247238720493849584e+01 2.669079806859414461e+01 2.071423125690702705e+01 6.825532155906987697e+00 -9.670288237344120574e+00 -2.247238720493815478e+01 -2.669079806859418014e+01 -2.071423125690744271e+01 -6.825532155907634291e+00 9.670288237343543258e+00 2.247238720493781727e+01 2.669079806859423343e+01 2.071423125690784062e+01 6.825532155908237364e+00
-8.030901699439068508e+00 -1.944984471900133727e+01 -2.343960813181285374e+01 -1.847623792125042286e+01 -6.455572809000128309e+00 8.030901699438540930e+00 1.944984471900103173e+01 2.343960813181288572e+01 1.847623792125077813e+01 6.455572809000666545e+00 -8.030901699438013353e+00 -1.944984471900072265e+01 -2.343960813181291059e+01 -1.847623792125112985e+01 -6.455572809001229651e+00 8.030901699437503538e+00 1.944984471900041711e+01 2.343960813181293901e+01 1.847623792125147091e+01 6.455572809001756340e+00
2.270742052665974597e+01 5.157334422022140075e+01 6.074000333515671457e+01 4.670604565284448029e+01 1.483196601125017899e+01 -2.270742052665839950e+01 -5.157334422022064757e+01 -6.074000333515684957e+01 -4.670604565284543952e+01 -1.483196601125158764e+01 2.270742052665704591e+01 5.157334422021989440e+01 6.074000333515694905e+01 4.670604565284639875e+01 1.483196601125306202e+01 -2.270742052665574207e+01 -5.157334422021913412e+01 -6.074000333515708405e+01 -4.670604565284732246e+01 -1.483196601125443870e+01
-2.748277907313308788e+00 -8.749061313156859754e+00 -1.140800066703132742e+01 -9.709471509781366194e+00 -4.302254248593730956e+00 2.748277907313043222e+00 8.749061313156687447e+00 1.140800066703131321e+01 9.709471509781515408e+00 4.302254248593984087e+00 -2.748277907312775881e+00 -8.749061313156513364e+00 -1.140800066703129367e+01 -9.709471509781662846e+00 -4.302254248594250541e+00 2.748277907312519641e+00 8.749061313156341058e+00 1.140800066703127946e+01 9.709471509781806731e+00 4.302254248594498343e+00
1.549290836378487057e+01 4.410797101100303763e+01 5.587528790681336943e+01 4.630014395340727873e+01 1.903991869381277624e+01 -1.549290836378358094e+01 -4.410797101100223472e+01 -5.587528790681334812e+01 -4.630014395340804612e+01 -1.903991869381403390e+01 1.549290836378229130e+01 4.410797101100143180e+01 5.587528790681331259e+01 4.630014395340881350e+01 1.903991869381535196e+01 -1.549290836378105141e+01 -4.410797101100062179e+01 -5.587528790681329127e+01 -4.630014395340955247e+01 -1.903991869381658120e+01
-6.381762745782181057e+00 -1.286291569515701738e+01 -1.443087204340642593e+01 -1.048672575837531085e+01 -2.537006664343900653e+00 6.381762745781868418e+00 1.286291569515685751e+01 1.443087204340648277e+01 1.048672575837555954e+01 2.537006664344242157e+00 -6.381762745781555779e+00 -1.286291569515669764e+01 -1.443087204340653074e+01 -1.048672575837580645e+01 -2.537006664344600093e+00 6.381762745781253798e+00 1.286291569515653954e+01 1.443087204340658936e+01 1.048672575837604271e+01 2.537006664344934492e+00
1.310787504206269816e+01 1.252279373587472122e+01 7.154430856686943230e+00 -9.466814395941787197e-01 -8.686193602469012731e+00 -1.310787504206262533e+01 -1.252279373587484557e+01 -7.154430856687227447e+00 9.466814395938554227e-01 8.686193602468771147e+00 1.310787504206255250e+01 1.252279373587497346e+01 7.154430856687493012e+00 -9.466814395935303494e-01 -8.686193602468518904e+00 -1.310787504206248144e+01 -1.252279373587509959e+01 -7.154430856687782558e+00 9.466814395932203752e-01 8.686193602468282648e+00
-7.080369543532303744e+00 -1.540230223306325641e+01 -1.784107897456253866e+01 -1.346516994375015486e+01 -3.946023658718790905e+00 7.080369543531910281e+00 1.540230223306304502e+01 1.784107897456258840e+01 1.346516994375044440e+01 3.946023658719207017e+00 -7.080369543531516818e+00 -1.540230223306283186e+01 -1.784107897456262748e+01 -1.346516994375073217e+01 -3.946023658719644001e+00 7.080369543531137566e+00 1.540230223306261692e+01 1.784107897456267722e+01 1.346516994375101106e+01 3.946023658720051230e+00
-1.018647450843980451e+01 -2.809751282990814403e+01 -3.527625624968798235e+01 -2.898066877793810647e+01 -1.161545084971890951e+01 1.018647450843899449e+01 2.809751282990764665e+01 3.527625624968798235e+01 2.898066877793860030e+01 1.161545084971970354e+01 -1.018647450843818447e+01 -2.809751282990714571e+01 -3.527625624968796814e+01 -2.898066877793909413e+01 -1.161545084972053843e+01 1.018647450843740465e+01 2.809751282990664478e+01 3.527625624968796814e+01 2.898066877793957374e+01 1.161545084972131825e+01
-1.342202598441000205e-01 -2.309878040719051562e+00 -3.603240919906353312e+00 -3.520288237343885740e+00 -2.092705098312529710e+00 1.342202598440098704e-01 2.309878040718982284e+00 3.603240919906329331e+00 3.520288237343917714e+00 2.092705098312604317e+00 -1.342202598439194983e-01 -2.309878040718912118e+00 -3.603240919906306239e+00 -3.520288237343949689e+00 -2.092705098312682921e+00 1.342202598438326788e-01 2.309878040718841952e+00 3.603240919906281814e+00 3.520288237343981219e+00 2.092705098312755752e+00
-9.256637120814879438e+00 -3.017251282990847017e+01 -3.956351416396947940e+01 -3.384259780178224730e+01 -1.519495934690685957e+01 9.256637120813955733e+00 3.017251282990786976e+01 3.956351416396941545e+01 3.384259780178275889e+01 1.519495934690773709e+01 -9.256637120813028474e+00 -3.017251282990725869e+01 -3.956351416396935150e+01 -3.384259780178327048e+01 -1.519495934690865724e+01 9.256637120812136743e+00 3.017251282990665473e+01 3.956351416396929466e+01 3.384259780178376786e+01 1.519495934690951344e+01
-4.087993335656501692e+00 -4.902379873562674462e+00 -3.844223925531345731e+00 -1.317705098312608847e+00 1.712132289312516376e+00 4.087993335656438632e+00 4.902379873562681567e+00 3.844223925531422115e+00 1.317705098312722756e+00 -1.712132289312408240e+00 -4.087993335656374683e+00 -4.902379873562688672e+00 -3.844223925531493169e+00 -1.317705098312837331e+00 1.712132289312294997e+00 4.087993335656313398e+00 4.902379873562695778e+00 3.844223925531570885e+00 1.317705098312946799e+00 -1.712132289312188860e+00
-4.727912029468839705e+00 -5.765576474687519770e+00 -4.600986671312397469e+00 -1.678976341281205098e+00 1.884345884812455241e+00 4.727912029468763322e+00 5.765576474687524211e+00 4.600986671312484511e+00 1.678976341281338769e+00 -1.884345884812326899e+00 -4.727912029468685162e+00 -5.765576474687529540e+00 -4.600986671312565335e+00 -1.678976341281471996e+00 1.884345884812192562e+00 4.727912029468610555e+00 5.765576474687533981e+00 4.600986671312654153e+00 1.678976341281600337e+00 -1.884345884812066663e+00
