-9.204382872212661937e+00 -3.571395035093580361e+01 -4.858200266812743706e+01 -4.289338120763194695e+01 -2.082094601822650048e+01 9.204382872215061795e+00 3.571395035093792814e+01 4.858200266812845314e+01 4.289338120763147089e+01 2.082094601822471702e+01 -9.204382872217461653e+00 -3.571395035094005976e+01 -4.858200266812949764e+01 -4.289338120763102324e+01 -2.082094601822299396e+01 9.204382872219900591e+00 3.571395035094217008e+01 4.858200266813050661e+01 4.289338120763056139e+01 2.082094601822119273e+01
-8.245365877837958379e+00 -3.405997400965490840e+01 -4.686482972572148498e+01 -4.176891336353835271e+01 -2.071869176963272707e+01 8.245365877840272972e+00 3.405997400965698318e+01 4.686482972572249395e+01 4.176891336353793349e+01 2.071869176963102532e+01 -8.245365877842587565e+00 -3.405997400965905797e+01 -4.686482972572353844e+01 -4.176891336353752848e+01 -2.071869176962938752e+01 8.245365877844939462e+00 3.405997400966111144e+01 4.686482972572454031e+01 4.176891336353711637e+01 2.071869176962766090e+01
-1.233389136939955755e+01 -4.069550983124896248e+01 -5.351282672706645371e+01 -4.589006264722776507e+01 -2.073885438200943909e+01 1.233389136940220077e+01 4.069550983125123622e+01 5.351282672706746268e+01 4.589006264722713979e+01 2.073885438200739983e+01 -1.233389136940484576e+01 -4.069550983125351706e+01 -5.351282672706850008e+01 -4.589006264722652872e+01 -2.073885438200544229e+01 1.233389136940752984e+01 4.069550983125578369e+01 5.351282672706950905e+01 4.589006264722591055e+01 2.073885438200338527e+01
1.711975608143323058e+01 3.780141153068792192e+01 4.404421259794168719e+01 3.346362146050752528e+01 1.010106431181941566e+01 -1.711975608143540484e+01 -3.780141153068957038e+01 -4.404421259794217036e+01 -3.346362146050666553e+01 -1.010106431181752740e+01 1.711975608143758265e+01 3.780141153069124016e+01 4.404421259794268195e+01 3.346362146050581998e+01 1.010106431181570485e+01 -1.711975608143978889e+01 -3.780141153069288862e+01 -4.404421259794316512e+01 -3.346362146050496023e+01 -1.010106431181379705e+01
2.008586471202691470e+01 3.825227257703152617e+01 4.180761246453527491e+01 2.939386537906980124e+01 5.752660779538054214e+00 -2.008586471202897883e+01 -3.825227257703297568e+01 -4.180761246453554492e+01 -2.939386537906880292e+01 -5.752660779536142854e+00 2.008586471203104651e+01 3.825227257703443939e+01 4.180761246453583624e+01 2.939386537906781172e+01 5.752660779534298996e+00 -2.008586471203313906e+01 -3.825227257703588890e+01 -4.180761246453611335e+01 -2.939386537906680275e+01 -5.752660779532368096e+00
-7.698403532279915140e+00 -1.354553948728159618e+01 -1.421873975409540414e+01 -9.460864712033917101e+00 -1.089260912939816528e+00 7.698403532280616801e+00 1.354553948728206336e+01 1.421873975409545565e+01 9.460864712033533408e+00 1.089260912939140180e+00 -7.698403532281320238e+00 -1.354553948728253587e+01 -1.421873975409551072e+01 -9.460864712033153268e+00 -1.089260912938486037e+00 7.698403532282031669e+00 1.354553948728299950e+01 1.421873975409556401e+01 9.460864712032766022e+00 1.089260912937803472e+00
-1.033553582159177253e+01 -1.715263112350002217e+01 -1.741800433272038973e+01 -1.103029190303428386e+01 -4.293828722216739280e-01 1.033553582159263406e+01 1.715263112350056574e+01 1.741800433272040749e+01 1.103029190303377050e+01 4.293828722208168358e-01 -1.033553582159349560e+01 -1.715263112350111641e+01 -1.741800433272042881e+01 -1.103029190303326068e+01 -4.293828722199890535e-01 1.033553582159436601e+01 1.715263112350165642e+01 1.741800433272044657e+01 1.103029190303274021e+01 4.293828722191239677e-01
2.645121628784794510e-01 -1.709726157996674090e+01 -2.792846251381230260e+01 -2.809194002090860920e+01 -1.752525124994091854e+01 -2.645121628770992217e-01 1.709726157996813356e+01 2.792846251381315881e+01 2.809194002090861630e+01 1.752525124994006234e+01 2.645121628757216570e-01 -1.709726157996953333e+01 -2.792846251381403633e+01 -2.809194002090863052e+01 -1.752525124993924166e+01 -2.645121628743156705e-01 1.709726157997091534e+01 2.792846251381488898e+01 2.809194002090863762e+01 1.752525124993837480e+01
-4.019427190999146582e+00 -6.880495168499974667e+00 -7.113447851063181560e+00 -4.629305231720065805e+00 -3.769253581575222611e-01 4.019427190999498301e+00 6.880495168500202929e+00 7.113447851063199323e+00 4.629305231719865077e+00 3.769253581571780920e-01 -4.019427190999850019e+00 -6.880495168500433856e+00 -7.113447851063217975e+00 -4.629305231719667013e+00 -3.769253581568463574e-01 4.019427191000206179e+00 6.880495168500661229e+00 7.113447851063235738e+00 4.629305231719465397e+00 3.769253581564995237e-01
-3.642172942405682790e+00 -6.142830723281458738e+00 -6.297135955000759289e+00 -4.046149283688720288e+00 -2.496711095635686384e-01 3.642172942405994096e+00 6.142830723281658578e+00 6.297135955000770835e+00 4.046149283688539100e+00 2.496711095632613286e-01 -3.642172942406305403e+00 -6.142830723281861083e+00 -6.297135955000783269e+00 -4.046149283688359688e+00 -2.496711095629648991e-01 3.642172942406620706e+00 6.142830723282060035e+00 6.297135955000794816e+00 4.046149283688175835e+00 2.496711095626553689e-01
3.135613462091995540e+00 1.201934955050017884e+01 1.631210263328297216e+01 1.437418693812815995e+01 6.945820393252982505e+00 -3.135613462092801562e+00 -1.201934955050089116e+01 -1.631210263328331322e+01 -1.437418693812799830e+01 -6.945820393252381209e+00 3.135613462093606696e+00 1.201934955050160525e+01 1.631210263328366139e+01 1.437418693812784554e+01 6.945820393251802116e+00 -3.135613462094426929e+00 -1.201934955050231224e+01 -1.631210263328399890e+01 -1.437418693812768744e+01 -6.945820393251195490e+00
6.526064311808839058e+00 2.293644485240544029e+01 3.058588304047055928e+01 2.655255348300455864e+01 1.237705098312987850e+01 -6.526064311810351626e+00 -2.293644485240675479e+01 -3.058588304047115969e+01 -2.655255348300422824e+01 -1.237705098312873098e+01 6.526064311811860641e+00 2.293644485240807640e+01 3.058588304047178141e+01 2.655255348300390494e+01 1.237705098312762608e+01 -6.526064311813396301e+00 -2.293644485240938380e+01 -3.058588304047238182e+01 -2.655255348300357809e+01 -1.237705098312646967e+01
-1.110352182586892589e+01 -4.072050983124896106e+01 -5.478364712031583394e+01 -4.792129323710176436e+01 -2.275463412216466708e+01 1.110352182587163128e+01 4.072050983125133428e+01 5.478364712031694239e+01 4.792129323710120303e+01 2.275463412216263137e+01 -1.110352182587433667e+01 -4.072050983125372170e+01 -5.478364712031808637e+01 -4.792129323710064881e+01 -2.275463412216067027e+01 1.110352182587708825e+01 4.072050983125607360e+01 5.478364712031918771e+01 4.792129323710009459e+01 2.275463412215861325e+01
8.864386537904923813e+00 1.506549883418822411e+01 1.551210263328339423e+01 1.003361046344086560e+01 7.226201264403551150e-01 -8.864386537905689423e+00 -1.506549883418871794e+01 -1.551210263328342798e+01 -1.003361046344042329e+01 -7.226201264396028279e-01 8.864386537906456809e+00 1.506549883418922064e+01 1.551210263328346350e+01 1.003361046343998630e+01 7.226201264388754097e-01 -8.864386537907233077e+00 -1.506549883418971270e+01 -1.551210263328349903e+01 -1.003361046343954044e+01 -7.226201264381160172e-01
-7.864793068839196266e+00 -2.986833322315536776e+01 -4.046318527353366790e+01 -3.560247584250587494e+01 -1.714283072328742819e+01 7.864793068841194668e+00 2.986833322315712991e+01 4.046318527353449923e+01 3.560247584250547703e+01 1.714283072328593249e+01 -7.864793068843193069e+00 -2.986833322315890271e+01 -4.046318527353536609e+01 -3.560247584250509334e+01 -1.714283072328449364e+01 7.864793068845225221e+00 2.986833322316065420e+01 4.046318527353619743e+01 3.560247584250469544e+01 1.714283072328298729e+01
-1.270032889043348590e+01 -2.852702132709392657e+01 -3.345736121459737689e+01 -2.560812629200670187e+01 -7.977457514068927225e+00 1.270032889043513791e+01 2.852702132709519489e+01 3.345736121459776058e+01 2.560812629200606594e+01 7.977457514067500810e+00 -1.270032889043679170e+01 -2.852702132709647032e+01 -3.345736121459815848e+01 -2.560812629200543711e+01 -7.977457514066125910e+00 1.270032889043847035e+01 2.852702132709772798e+01 3.345736121459854928e+01 2.560812629200480117e+01 7.977457514064685284e+00
-1.156319660112040104e+01 -3.133689936781210861e+01 -3.914097167803442545e+01 -3.199452315994415841e+01 -1.262725424860048307e+01 1.156319660112233549e+01 3.133689936781369312e+01 3.914097167803503652e+01 3.199452315994357932e+01 1.262725424859891454e+01 -1.156319660112426995e+01 -3.133689936781528473e+01 -3.914097167803566890e+01 -3.199452315994301088e+01 -1.262725424859740464e+01 1.156319660112623104e+01 3.133689936781685859e+01 3.914097167803628707e+01 3.199452315994242468e+01 1.262725424859582368e+01
-4.343237254216831822e+00 -1.348062079346851760e+01 -1.746886537906370052e+01 -1.478459713475267279e+01 -6.453115294940237945e+00 4.343237254217694243e+00 1.348062079346925124e+01 1.746886537906401671e+01 1.478459713475245429e+01 6.453115294939564706e+00 -4.343237254218557553e+00 -1.348062079346998665e+01 -1.746886537906434000e+01 -1.478459713475224113e+01 -6.453115294938914559e+00 4.343237254219434185e+00 1.348062079347071318e+01 1.746886537906465264e+01 1.478459713475202264e+01 6.453115294938234214e+00
-5.919959346904266617e+00 -1.480144118671849185e+01 -1.802927557568870753e+01 -1.437053948728396158e+01 -5.222745751409032522e+00 5.919959346905157460e+00 1.480144118671920239e+01 1.802927557568895978e+01 1.437053948728366493e+01 5.222745751408292669e+00 -5.919959346906048303e+00 -1.480144118671991826e+01 -1.802927557568922268e+01 -1.437053948728337183e+01 -5.222745751407579462e+00 5.919959346906951581e+00 1.480144118672062525e+01 1.802927557568947847e+01 1.437053948728307518e+01 5.222745751406832504e+00
-2.401722092687325727e+00 -4.390247584250190016e+00 -4.701847717656558956e+00 -3.217501832844183340e+00 -5.041796067503663270e-01 2.401722092687557986e+00 4.390247584250349000e+00 4.701847717656582049e+00 3.217501832844063880e+00 5.041796067501469469e-01 -2.401722092687790244e+00 -4.390247584250508872e+00 -4.701847717656607806e+00 -3.217501832843945309e+00 -5.041796067499348943e-01 2.401722092688025612e+00 4.390247584250666968e+00 4.701847717656631787e+00 3.217501832843824516e+00 5.041796067497135159e-01
