7.799999999997215383e+00 5.799999999995605116e+00 -7.799999999997571543e+00 -5.799999999996099831e+00 7.799999999997926814e+00 5.799999999996584776e+00 -7.799999999998277644e+00 -5.799999999997083933e+00 7.799999999998637357e+00 5.799999999997567990e+00 -7.799999999998997957e+00 -5.799999999998052047e+00 7.799999999999338129e+00 5.799999999998565414e+00 -7.799999999999697842e+00 -5.799999999999050360e+00 7.800000000000057554e+00 5.799999999999533529e+00 -7.800000000000419043e+00 -5.800000000000019362e+00
6.549999999997655920e+00 4.699999999996690825e+00 -6.549999999997957900e+00 -4.699999999997095834e+00 6.549999999998258993e+00 4.699999999997493738e+00 -6.549999999998556532e+00 -4.699999999997902300e+00 6.549999999998862066e+00 4.699999999998299316e+00 -6.549999999999167599e+00 -4.699999999998695444e+00 6.549999999999456257e+00 4.699999999999115552e+00 -6.549999999999762679e+00 -4.699999999999512568e+00 6.550000000000068212e+00 4.699999999999909583e+00 -6.550000000000374634e+00 -4.700000000000306599e+00
1.129999999999677662e+01 1.054999999999335891e+01 -1.129999999999725269e+01 -1.054999999999420268e+01 1.129999999999772697e+01 1.054999999999503402e+01 -1.129999999999819060e+01 -1.054999999999588489e+01 1.129999999999867555e+01 1.054999999999671445e+01 -1.129999999999915872e+01 -1.054999999999754401e+01 1.129999999999960458e+01 1.054999999999841442e+01 -1.130000000000008775e+01 -1.054999999999924398e+01 1.130000000000057270e+01 1.055000000000007354e+01 -1.130000000000105587e+01 -1.055000000000090488e+01
8.499999999996162847e-01 -9.999999999997321032e-01 -8.499999999996856737e-01 9.999999999997752909e-01 8.499999999997549516e-01 -9.999999999998195888e-01 -8.499999999998252287e-01 9.999999999998624434e-01 8.499999999998937295e-01 -9.999999999999067413e-01 -8.499999999999621192e-01 9.999999999999509281e-01 8.500000000000341727e-01 -9.999999999999922284e-01 -8.500000000001026734e-01 1.000000000000036637e+00 8.500000000001710632e-01 -1.000000000000080824e+00 -8.500000000002396749e-01 1.000000000000125233e+00
-6.999999999998266276e+00 -7.349999999995534772e+00 6.999999999998545164e+00 7.349999999996106759e+00 -6.999999999998823164e+00 -7.349999999996669864e+00 6.999999999999094946e+00 7.349999999997244515e+00 -6.999999999999380051e+00 -7.349999999997807620e+00 6.999999999999666045e+00 7.349999999998369837e+00 -6.999999999999924505e+00 -7.349999999998957811e+00 7.000000000000209610e+00 7.349999999999520028e+00 -7.000000000000495604e+00 -7.350000000000082245e+00 7.000000000000780709e+00 7.350000000000645350e+00
-6.749999999998261835e+00 -7.949999999995435829e+00 6.749999999998514966e+00 7.949999999996038902e+00 -6.749999999998766320e+00 -7.949999999996633093e+00 6.749999999999011457e+00 7.949999999997239719e+00 -6.749999999999270806e+00 -7.949999999997833022e+00 6.749999999999531042e+00 7.949999999998427214e+00 -6.749999999999761968e+00 -7.949999999999044498e+00 6.750000000000022204e+00 7.949999999999638689e+00 -6.750000000000281553e+00 -7.950000000000231992e+00 6.750000000000540901e+00 7.950000000000827072e+00
-9.099999999997198330e+00 -8.949999999994686206e+00 9.099999999997573141e+00 8.949999999995393196e+00 -9.099999999997944400e+00 -8.949999999996091304e+00 9.099999999998312106e+00 8.949999999996800071e+00 -9.099999999998692246e+00 -8.949999999997496403e+00 9.099999999999074163e+00 8.949999999998190958e+00 -9.099999999999422329e+00 -8.949999999998919264e+00 9.099999999999806022e+00 8.949999999999615596e+00 -9.100000000000186162e+00 -8.950000000000308376e+00 9.100000000000568079e+00 8.950000000001006484e+00
-8.149999999997667999e+00 -7.849999999995207922e+00 8.149999999998007283e+00 7.849999999995831423e+00 -8.149999999998343014e+00 -7.849999999996445155e+00 8.149999999998673417e+00 7.849999999997072209e+00 -8.149999999999018030e+00 -7.849999999997685052e+00 8.149999999999362643e+00 7.849999999998297895e+00 -8.149999999999678835e+00 -7.849999999998940048e+00 8.150000000000023448e+00 7.849999999999552891e+00 -8.150000000000368061e+00 -7.850000000000165734e+00 8.150000000000712674e+00 7.850000000000779465e+00
1.719999999999475904e+01 1.704999999998945626e+01 -1.719999999999546603e+01 -1.704999999999079918e+01 1.719999999999616591e+01 1.704999999999212079e+01 -1.719999999999685514e+01 -1.704999999999347793e+01 1.719999999999757279e+01 1.704999999999479954e+01 -1.719999999999829399e+01 -1.704999999999611759e+01 1.719999999999895124e+01 1.704999999999750315e+01 -1.719999999999966889e+01 -1.704999999999882832e+01 1.720000000000039009e+01 1.705000000000014992e+01 -1.720000000000110774e+01 -1.705000000000147153e+01
-4.149999999998716937e+00 -3.349999999997804512e+00 4.149999999998900790e+00 3.349999999998083400e+00 -4.149999999999084643e+00 -3.349999999998357403e+00 4.149999999999265832e+00 3.349999999998638511e+00 -4.149999999999453237e+00 -3.349999999998912070e+00 4.149999999999639755e+00 3.349999999999185185e+00 -4.149999999999815614e+00 -3.349999999999474287e+00 4.150000000000002132e+00 3.349999999999747402e+00 -4.150000000000189537e+00 -3.350000000000020517e+00 4.150000000000376943e+00 3.350000000000294964e+00
1.789999999999502478e+01 1.794999999998873363e+01 -1.789999999999575309e+01 -1.794999999999014406e+01 1.789999999999648139e+01 1.794999999999153673e+01 -1.789999999999719194e+01 -1.794999999999295426e+01 1.789999999999793800e+01 1.794999999999433982e+01 -1.789999999999868407e+01 -1.794999999999572893e+01 1.789999999999936264e+01 1.794999999999718199e+01 -1.790000000000010516e+01 -1.794999999999857110e+01 1.790000000000085123e+01 1.794999999999995666e+01 -1.790000000000159375e+01 -1.795000000000134932e+01
-5.149999999998492228e+00 -5.049999999996832578e+00 5.149999999998704503e+00 5.049999999997232258e+00 -5.149999999998915889e+00 -5.049999999997624833e+00 5.149999999999122835e+00 5.049999999998026290e+00 -5.149999999999338662e+00 -5.049999999998419753e+00 5.149999999999555378e+00 5.049999999998812328e+00 -5.149999999999753442e+00 -5.049999999999223554e+00 5.149999999999969269e+00 5.049999999999615241e+00 -5.150000000000185096e+00 -5.050000000000007816e+00 5.150000000000401812e+00 5.050000000000401279e+00
3.099999999998686029e+00 -3.000000000004370282e-01 -3.099999999998876987e+00 3.000000000003952838e-01 3.099999999999066169e+00 -3.000000000003575362e-01 -3.099999999999256683e+00 3.000000000003144596e-01 3.099999999999447198e+00 -3.000000000002769340e-01 -3.099999999999636380e+00 3.000000000002394085e-01 3.099999999999827338e+00 -3.000000000001905587e-01 -3.100000000000017408e+00 3.000000000001530331e-01 3.100000000000207034e+00 -3.000000000001155076e-01 -3.100000000000396660e+00 3.000000000000777600e-01
-6.049999999998301625e+00 -5.599999999996557953e+00 6.049999999998556532e+00 5.599999999997007372e+00 -6.049999999998811440e+00 -5.599999999997448796e+00 6.049999999999061018e+00 5.599999999997901767e+00 -6.049999999999320366e+00 -5.599999999998343192e+00 6.049999999999580602e+00 5.599999999998784617e+00 -6.049999999999819522e+00 -5.599999999999247358e+00 6.050000000000079758e+00 5.599999999999688782e+00 -6.050000000000339995e+00 -5.600000000000130207e+00 6.050000000000600231e+00 5.600000000000572520e+00
-1.214999999999657554e+01 -1.174999999999271871e+01 1.214999999999708002e+01 1.174999999999365130e+01 -1.214999999999758096e+01 -1.174999999999456968e+01 1.214999999999807301e+01 1.174999999999550937e+01 -1.214999999999858638e+01 -1.174999999999642419e+01 1.214999999999909974e+01 1.174999999999734079e+01 -1.214999999999957048e+01 -1.174999999999830003e+01 1.215000000000008384e+01 1.174999999999921663e+01 -1.215000000000059721e+01 -1.175000000000013323e+01 1.215000000000110880e+01 1.175000000000104983e+01
-2.399999999999240519e+00 -1.649999999998909672e+00 2.399999999999352873e+00 1.649999999999054001e+00 -2.399999999999464340e+00 -1.649999999999195444e+00 2.399999999999574918e+00 1.649999999999340661e+00 -2.399999999999688161e+00 -1.649999999999481659e+00 2.399999999999801403e+00 1.649999999999622657e+00 -2.399999999999908873e+00 -1.649999999999772760e+00 2.400000000000022116e+00 1.649999999999913758e+00 -2.400000000000135358e+00 -1.650000000000054756e+00 2.400000000000248601e+00 1.650000000000196199e+00
-1.344999999999645368e+01 -1.444999999999147811e+01 1.344999999999698304e+01 1.444999999999259721e+01 -1.344999999999751239e+01 -1.444999999999370033e+01 1.344999999999802753e+01 1.444999999999482299e+01 -1.344999999999856932e+01 -1.444999999999592433e+01 1.344999999999911289e+01 1.444999999999702389e+01 -1.344999999999960316e+01 -1.444999999999817319e+01 1.345000000000014317e+01 1.444999999999927276e+01 -1.345000000000068674e+01 -1.445000000000037232e+01 1.345000000000122853e+01 1.445000000000147544e+01
-8.499999999997379652e-01 -1.599999999999355937e+00 8.499999999997585043e-01 1.599999999999467404e+00 -8.499999999997789324e-01 -1.599999999999577760e+00 8.499999999997980282e-01 1.599999999999689893e+00 -8.499999999998200106e-01 -1.599999999999800249e+00 8.499999999998421041e-01 1.599999999999910605e+00 -8.499999999998583133e-01 -1.600000000000024070e+00 8.499999999998804068e-01 1.600000000000134648e+00 -8.499999999999023892e-01 -1.600000000000244782e+00 8.499999999999241496e-01 1.600000000000355582e+00
-2.099999999999369038e+00 -2.049999999999172484e+00 2.099999999999455635e+00 2.049999999999334577e+00 -2.099999999999541789e+00 -2.049999999999494449e+00 2.099999999999626166e+00 2.049999999999657874e+00 -2.099999999999714984e+00 -2.049999999999817302e+00 2.099999999999803357e+00 2.049999999999976730e+00 -2.099999999999883737e+00 -2.050000000000143707e+00 2.099999999999972111e+00 2.050000000000303579e+00 -2.100000000000060929e+00 -2.050000000000463007e+00 2.100000000000148859e+00 2.050000000000622435e+00
-1.804999999999501625e+01 -1.894999999998865547e+01 1.804999999999573745e+01 1.894999999999012985e+01 -1.804999999999645155e+01 -1.894999999999158291e+01 1.804999999999715499e+01 1.894999999999306439e+01 -1.804999999999789040e+01 -1.894999999999451390e+01 1.804999999999862581e+01 1.894999999999596696e+01 -1.804999999999929017e+01 -1.894999999999748042e+01 1.805000000000002558e+01 1.894999999999892992e+01 -1.805000000000076099e+01 -1.895000000000038298e+01 1.805000000000149640e+01 1.895000000000183249e+01
