-4.052850167140417348e+00 -9.413278394274904315e+00 -7.013122264616223234e+00 1.168858714943916244e+00 8.387198093931468534e+00 8.690883980393305563e+00 1.829548772188963834e+00 -6.540120407108375389e+00 -9.517921419219927515e+00 -4.648867278284151361e+00 4.052850167138900339e+00 9.413278394275007344e+00 7.013122264617868140e+00 -1.168858714942085486e+00 -8.387198093930960496e+00 -8.690883980394534802e+00 -1.829548772190912498e+00 6.540120407107311351e+00 9.517921419220622070e+00 4.648867278286035187e+00
7.515642528059059302e+00 5.537076065312805717e+00 -1.006419224033920923e+00 -6.720192820334442096e+00 -6.893641240675017379e+00 -1.383768491393675859e+00 5.266923817018616560e+00 7.575408780576940337e+00 3.638503305601682225e+00 -3.298091613676715550e+00 -7.515642528059157002e+00 -5.537076065314118445e+00 1.006419224032464310e+00 6.720192820334052186e+00 6.893641240676013915e+00 1.383768491395235500e+00 -5.266923817017781673e+00 -7.575408780577511436e+00 -3.638503305603187243e+00 3.298091613675516065e+00
1.131824566958803224e+01 1.754878304280392953e+01 9.311586066893282165e+00 -6.602357111659852507e+00 -1.707312234809760554e+01 -1.346830194193435482e+01 1.240183838315081388e+00 1.492622548252069592e+01 1.630664658372100817e+01 4.243387269993058375e+00 -1.131824566958592904e+01 -1.754878304280503798e+01 -9.311586066896706981e+00 6.602357111656942834e+00 1.707312234809760909e+01 1.346830194193726093e+01 -1.240183838311677000e+00 -1.492622548251959103e+01 -1.630664658372310782e+01 -4.243387269996637734e+00
9.904153614607926315e+00 1.409410036244105235e+01 6.664455060138211095e+00 -6.259563564610559183e+00 -1.402301335826929574e+01 -1.022547732477198679e+01 2.002243819964913296e+00 1.257925610251041171e+01 1.278555862376697227e+01 2.451069500232089471e+00 -9.904153614606393319e+00 -1.409410036244214304e+01 -6.664455060141039944e+00 6.259563564608331632e+00 1.402301335826950179e+01 1.022547732477445237e+01 -2.002243819962228333e+00 -1.257925610250971360e+01 -1.278555862376883034e+01 -2.451069500234978271e+00
1.210874994137689065e+01 2.577890077904456589e+01 1.819616545509065020e+01 -4.388025373492041581e+00 -2.335459865753857756e+01 -2.306695195473033877e+01 -3.762229691121121711e+00 1.864418569837470585e+01 2.567978448013566251e+01 1.154421150057181222e+01 -1.210874994137293115e+01 -2.577890077904509170e+01 -1.819616545509524741e+01 4.388025373487163705e+00 2.335459865753744424e+01 2.306695195473387017e+01 3.762229691126396602e+00 -1.864418569837203066e+01 -2.567978448013777637e+01 -1.154421150057699030e+01
3.618913560912955241e+00 3.168673289840596929e+00 1.060852972898813640e-01 -3.043962543376513619e+00 -3.684477880344801726e+00 -1.287400977552607628e+00 2.171047263560116569e+00 3.839620104653837629e+00 2.342696880282423066e+00 -1.085614751010601564e+00 -3.618913560912879301e+00 -3.168673289841181795e+00 -1.060852972906498604e-01 3.043962543376198759e+00 3.684477880345199630e+00 1.287400977553389003e+00 -2.171047263559597429e+00 -3.839620104654005495e+00 -2.342696880283138050e+00 1.085614751009926993e+00
-5.455569558545852793e+00 -1.404088830560660739e+01 -1.105048459169745456e+01 1.050264558236372769e+00 1.228514462837122245e+01 1.339178911143748252e+01 3.457847654656916347e+00 -9.326845399274585446e+00 -1.442221200686831395e+01 -7.627481646871111742e+00 5.455569558543476028e+00 1.404088830560661805e+01 1.105048459169985264e+01 -1.050264558233563017e+00 -1.228514462837031651e+01 -1.339178911143922335e+01 -3.457847654659858438e+00 9.326845399272860604e+00 1.442221200686922167e+01 7.627481646873911281e+00
-6.104853739611222352e+00 -1.466063487016107381e+01 -1.112975619224018331e+01 1.576821767341570535e+00 1.298342135291460764e+01 1.368610542374369921e+01 3.105560505878933064e+00 -1.003530009282854429e+01 -1.490276329966715352e+01 -7.483948879071645521e+00 6.104853739608819829e+00 1.466063487016118216e+01 1.112975619224272528e+01 -1.576821767338691727e+00 -1.298342135291376742e+01 -1.368610542374558214e+01 -3.105560505881980404e+00 1.003530009282683721e+01 1.490276329966819091e+01 7.483948879074575622e+00
-8.943696490381196185e+00 -1.803982017334493193e+01 -1.226338401342018969e+01 3.623347640769302380e+00 1.652288462776629174e+01 1.580046817829335914e+01 2.051679721268857559e+00 -1.338857401311471129e+01 -1.779089242953954653e+01 -7.525874377296121409e+00 8.943696490378515662e+00 1.803982017334541155e+01 1.226338401342345463e+01 -3.623347640765951727e+00 -1.652288462776561317e+01 -1.580046817829590999e+01 -2.051679721272520407e+00 1.338857401311294737e+01 1.779089242954112748e+01 7.525874377299752283e+00
-9.084988253598522689e+00 -1.711831830987600611e+01 -1.103880183958869488e+01 4.141428461297234520e+00 1.590734298553861059e+01 1.455877475881875682e+01 1.207523203824931279e+00 -1.313924609680035616e+01 -1.665363336770682068e+01 -6.438274084447938250e+00 9.084988253596092633e+00 1.711831830987661007e+01 1.103880183959185146e+01 -4.141428461294134777e+00 -1.590734298553811854e+01 -1.455877475882127392e+01 -1.207523203828370750e+00 1.313924609679881961e+01 1.665363336770844782e+01 6.438274084451395041e+00
2.039758285890109235e+01 4.042842169883180503e+01 2.712887723716893262e+01 -8.536513796309421309e+00 -3.716415106809334645e+01 -3.515256602728156565e+01 -4.160168714054655048e+00 3.026199439294202875e+01 3.973527673231352253e+01 1.644962492508742713e+01 -2.039758285889515577e+01 -4.042842169883297743e+01 -2.712887723717628319e+01 8.536513796301958834e+00 3.716415106809191826e+01 3.515256602728733526e+01 4.160168714062843165e+00 -3.026199439293815630e+01 -3.973527673231713919e+01 -1.644962492509557350e+01
-4.509111142796724536e+00 -7.268487534109426385e+00 -4.035508415245916858e+00 2.524462870141904069e+00 7.003192505304731696e+00 5.708283677024933667e+00 -2.927025827903696475e-01 -6.052376199969195625e+00 -6.822292360545564094e+00 -1.967709472743570664e+00 4.509111142795818594e+00 7.268487534109842940e+00 4.035508415247318403e+00 -2.524462870140674831e+00 -7.003192505304688176e+00 -5.708283677026109615e+00 2.927025827889486731e-01 6.052376199968695580e+00 6.822292360546394541e+00 1.967709472745049482e+00
1.839926160932294152e+01 4.180114852505726475e+01 3.074093565451030940e+01 -5.663011286270451805e+00 -3.739820468978202683e+01 -3.830121507146907334e+01 -7.627574038002504331e+00 2.933446401085553390e+01 4.211230469697407841e+01 2.017151927100256259e+01 -1.839926160931628019e+01 -4.180114852505781187e+01 -3.074093565451765286e+01 5.663011286262375599e+00 3.739820468977987389e+01 3.830121507147460136e+01 7.627574038011132984e+00 -2.933446401085090471e+01 -4.211230469697724743e+01 -2.017151927101093634e+01
-6.726536209858050341e+00 -1.105756524599767943e+01 -6.272411345860758658e+00 3.683903475179673315e+00 1.060309961302016646e+01 8.780787687063256186e+00 -2.806646010857001272e-01 -9.110728713780806842e+00 -1.042963935011050403e+01 -3.150047679667906664e+00 6.726536209856647019e+00 1.105756524599827983e+01 6.272411345862877852e+00 -3.683903475177785491e+00 -1.060309961302006521e+01 -8.780787687065021885e+00 2.806646010835303073e-01 9.110728713780016363e+00 1.042963935011174037e+01 3.150047679670154199e+00
4.590123102462268179e+00 1.612990137613993902e+00 -2.693939472496826859e+00 -4.779905922618509884e+00 -2.925176944824542602e+00 1.341154185590808456e+00 4.501798247505820250e+00 3.951027051769394838e+00 1.429126173716035453e-01 -3.783023194054337068e+00 -4.590123102462758453e+00 -1.612990137614962460e+00 2.693939472496174048e+00 4.779905922618717717e+00 2.925176944825437886e+00 -1.341154185589963355e+00 -4.501798247505723438e+00 -3.951027051770121368e+00 -1.429126173725548954e-01 3.783023194053944493e+00
-6.388215380572898283e+00 -1.171784100999749434e+01 -7.386932888196413138e+00 3.033980587285135311e+00 1.095359097809231841e+01 9.842737885848352519e+00 6.172413648720620483e-01 -9.117127143095078878e+00 -1.133506712084580492e+01 -4.208043431662189526e+00 6.388215380571269364e+00 1.171784100999794909e+01 7.386932888198589175e+00 -3.033980587283036101e+00 -1.095359097809202531e+01 -9.842737885850102231e+00 -6.172413648744060621e-01 9.117127143094068131e+00 1.133506712084695600e+01 4.208043431664558298e+00
-1.182477662345588953e+01 -2.482983759441793836e+01 -1.736444808617709512e+01 4.416704595911205899e+00 2.255659573659542261e+01 2.210016403587773226e+01 3.423705250472063533e+00 -1.807535712703025510e+01 -2.467256194884884479e+01 -1.092897897258206363e+01 1.182477662345210767e+01 2.482983759441848548e+01 1.736444808618153957e+01 -4.416704595906529640e+00 -2.255659573659436745e+01 -2.210016403588116418e+01 -3.423705250477134587e+00 1.807535712702771136e+01 2.467256194885091958e+01 1.092897897258705342e+01
-1.765494154955947081e+00 -3.531156641286449904e+00 -2.385629439609765701e+00 7.266810372116392358e-01 3.239894233197015083e+00 3.082043061309748921e+00 3.832646835395043250e-01 -2.631488403891641514e+00 -3.476764834311939723e+00 -1.455693786703745829e+00 1.765494154955425499e+00 3.531156641286548936e+00 2.385629439610406077e+00 -7.266810372109853144e-01 -3.239894233196886741e+00 -3.082043061310250742e+00 -3.832646835402203633e-01 2.631488403891299566e+00 3.476764834312252361e+00 1.455693786704456816e+00
-1.257315790785264653e+01 -2.930052011219103392e+01 -2.187166930503811457e+01 3.588830791151747412e+00 2.609059292906271921e+01 2.708250070338789683e+01 5.746796088241927336e+00 -2.032673672618660277e+01 -2.964230823801129588e+01 -1.451988652623574794e+01 1.257315790784791787e+01 2.930052011219134300e+01 2.187166930504323403e+01 -3.588830791146043531e+00 -2.609059292906112759e+01 -2.708250070339172311e+01 -5.746796088247994483e+00 2.032673672618327743e+01 2.964230823801344883e+01 1.451988652624161169e+01
-2.757603764735592655e+00 -4.210379677242511498e+00 -2.191994396934721756e+00 1.633535717990542757e+00 4.112330805190479666e+00 3.200799081687588199e+00 -3.495658136558884577e-01 -3.611738341632734439e+00 -3.896287251046235411e+00 -9.686220280876908229e-01 2.757603764735096163e+00 4.210379677242787722e+00 2.191994396935547762e+00 -1.633535717989850422e+00 -4.112330805190491212e+00 -3.200799081688292080e+00 3.495658136550742201e-01 3.611738341632478644e+00 3.896287251046747890e+00 9.686220280885502465e-01
