-5.405764746866320580e-01 -9.435661446541743214e-01 1.123732422716789747e+00 2.490613131551488446e-01 -1.277660779529663060e+00 5.405764746868475523e-01 9.435661446549199471e-01 -1.123732422717464985e+00 -2.490613131554758608e-01 1.277660779530541024e+00 -5.405764746870628246e-01 -9.435661446556629084e-01 1.123732422718138890e+00 2.490613131558049864e-01 -1.277660779531418545e+00 5.405764746872763205e-01 9.435661446564087562e-01 -1.123732422718815682e+00 -2.490613131561297822e-01 1.277660779532296509e+00
-7.025657780860280255e+00 -2.801141952303578986e+00 8.756858714699115254e+00 -2.610894368060739712e+00 -7.143237254204158226e+00 7.025657780864340118e+00 2.801141952306521521e+00 -8.756858714704987889e+00 2.610894368061435600e+00 7.143237254209599207e+00 -7.025657780868396429e+00 -2.801141952309437855e+00 8.756858714710853420e+00 -2.610894368062118165e+00 -7.143237254215045517e+00 7.025657780872445635e+00 2.801141952312383498e+00 -8.756858714716724279e+00 2.610894368062828264e+00 7.143237254220478505e+00
-6.907091636203828600e+00 -3.548558813271009527e+00 9.100221593885285287e+00 -2.075687436905196748e+00 -7.817376207859089376e+00 6.907091636207714380e+00 3.548558813274468982e+00 -9.100221593891300031e+00 2.075687436905465422e+00 7.817376207864939808e+00 -6.907091636211595720e+00 -3.548558813277902235e+00 9.100221593897311223e+00 -2.075687436905720329e+00 -7.817376207870793792e+00 6.907091636215470842e+00 3.548558813281364355e+00 -9.100221593903327744e+00 2.075687436906003658e+00 7.817376207876637118e+00
-7.154711762639229811e+00 -3.577612795052008909e+00 9.365798068569930024e+00 -2.210768743091684918e+00 -7.999467844075820011e+00 7.154711762643267470e+00 3.577612795055522987e+00 -9.365798068576133062e+00 2.210768743092014876e+00 7.999467844081817880e+00 -7.154711762647300688e+00 -3.577612795059009088e+00 9.365798068582327218e+00 -2.210768743092330180e+00 -7.999467844087821078e+00 7.154711762651327689e+00 3.577612795062525386e+00 -9.365798068588530256e+00 2.210768743092675237e+00 7.999467844093810953e+00
-7.919098300545658553e+00 -3.350155280990601447e+00 9.989608131790049583e+00 -2.823762078747429349e+00 -8.244427190983662612e+00 7.919098300550208691e+00 3.350155280994055573e+00 -9.989608131796726909e+00 2.823762078748113691e+00 8.244427190989917165e+00 -7.919098300554754388e+00 -3.350155280997479945e+00 9.989608131803397129e+00 -2.823762078748782045e+00 -8.244427190996177046e+00 7.919098300559293868e+00 3.350155281000937180e+00 -9.989608131810074454e+00 2.823762078749481486e+00 8.244427191002420940e+00
1.806757947330525127e+01 5.901655779763606446e+00 -2.171500333510648773e+01 7.518954347148681272e+00 1.706803398871538846e+01 -1.806757947331586323e+01 -5.901655779770245580e+00 2.171500333512118885e+01 -7.518954347151151296e+00 -1.706803398872855837e+01 1.806757947332646808e+01 5.901655779776817212e+00 -2.171500333513587222e+01 7.518954347153591122e+00 1.706803398874174604e+01 -1.806757947333705872e+01 -5.901655779783463451e+00 2.171500333515056624e+01 -7.518954347156094897e+00 -1.706803398875489108e+01
-4.201722092678304321e+00 -1.425938686839562930e+00 5.083000667019724972e+00 -1.715528490216804647e+00 -4.022745751398252523e+00 4.201722092680764575e+00 1.425938686841144776e+00 -5.083000667023160446e+00 1.715528490217351321e+00 4.022745751401348713e+00 -4.201722092683223053e+00 -1.425938686842711300e+00 5.083000667026592367e+00 -1.715528490217890445e+00 -4.022745751404449344e+00 4.201722092685679755e+00 1.425938686844295145e+00 -5.083000667030026065e+00 1.715528490218444890e+00 4.022745751407541093e+00
1.823209163617993767e+01 6.542028988979073922e+00 -2.227528790676124260e+01 7.224856046587877501e+00 1.781008130615046881e+01 -1.823209163619056739e+01 -6.542028988986191784e+00 2.227528790677625992e+01 -7.224856046590063308e+00 -1.781008130616412544e+01 1.823209163620119000e+01 6.542028988993242145e+00 -2.227528790679125947e+01 7.224856046592217140e+00 1.781008130617780338e+01 -1.823209163621179840e+01 -6.542028989000367112e+00 2.227528790680626614e+01 -7.224856046594437586e+00 -1.781008130619144225e+01
-5.543237254207011411e+00 -1.962084304837124593e+00 6.755872043390621862e+00 -2.213274241623187866e+00 -5.387993335644580384e+00 5.543237254210247045e+00 1.962084304839269766e+00 -6.755872043395179105e+00 2.213274241623866878e+00 5.387993335648716631e+00 -5.543237254213480902e+00 -1.962084304841393623e+00 6.755872043399731020e+00 -2.213274241624535676e+00 -5.387993335652857319e+00 5.543237254216709431e+00 1.962084304843541016e+00 -6.755872043404286487e+00 2.213274241625224903e+00 5.387993335656987348e+00
1.592124957933549245e+00 -2.227937358740628149e-01 -1.454430856683232021e+00 1.121681439591036833e+00 7.611936024664103240e-01 -1.592124957934583085e+00 2.227937358740076368e-01 1.454430856684299167e+00 -1.121681439591643015e+00 -7.611936024671022150e-01 1.592124957935616258e+00 -2.227937358739576212e-01 -1.454430856685366313e+00 1.121681439592247198e+00 7.611936024677963264e-01 -1.592124957936649876e+00 2.227937358739016105e-01 1.454430856686431461e+00 -1.121681439592855156e+00 -7.611936024684859969e-01
-5.794630456456447476e+00 -2.097697766931291508e+00 7.091078974546370262e+00 -2.284830056247795227e+00 -5.678976341269722283e+00 5.794630456459823442e+00 2.097697766933566577e+00 -7.091078974551148661e+00 2.284830056248480012e+00 5.678976341274075246e+00 -5.794630456463196744e+00 -2.097697766935820773e+00 7.091078974555920844e+00 -2.284830056249155028e+00 -5.678976341278433537e+00 5.794630456466565605e+00 2.097697766938098063e+00 -7.091078974560697468e+00 2.284830056249851360e+00 5.678976341282780282e+00
-1.186352549153727409e+01 -4.227487170079914591e+00 1.447625624965410474e+01 -4.719331222058764652e+00 -1.155954915025693097e+01 1.186352549154419656e+01 4.227487170084525125e+00 -1.447625624966386404e+01 4.719331222060201725e+00 1.155954915026580032e+01 -1.186352549155111014e+01 -4.227487170089091251e+00 1.447625624967361624e+01 -4.719331222061618369e+00 -1.155954915027467855e+01 1.186352549155801839e+01 4.227487170093707114e+00 -1.447625624968337377e+01 4.719331222063079423e+00 1.155954915028353547e+01
-2.090779740151405885e+00 -4.651219592796115299e-01 2.378240919900728834e+00 -1.004711762654811213e+00 -1.757294901683841060e+00 2.090779740152663102e+00 4.651219592802243730e-01 -2.378240919902362638e+00 1.004711762655210894e+00 1.757294901685227728e+00 -2.090779740153918986e+00 -4.651219592808298331e-01 2.378240919903995998e+00 -1.004711762655607465e+00 -1.757294901686616395e+00 2.090779740155173982e+00 4.651219592814435644e-01 -2.378240919905628914e+00 1.004711762656010698e+00 1.757294901688000177e+00
-1.339336287915915236e+01 -6.302487170075256273e+00 1.728851416392961937e+01 -4.382402198216118094e+00 -1.458004065306429098e+01 1.339336287916676405e+01 6.302487170081552570e+00 -1.728851416394111240e+01 4.382402198216942324e+00 1.458004065307527064e+01 -1.339336287917436863e+01 -6.302487170087797352e+00 1.728851416395258767e+01 -4.382402198217739020e+00 -1.458004065308625918e+01 1.339336287918195900e+01 6.302487170094098978e+00 -1.728851416396407714e+01 4.382402198218590783e+00 1.458004065309722286e+01
-1.237006664341814055e+00 3.523798735625065515e-01 1.019223925529114672e+00 -9.822949016867206229e-01 -4.121322893112241981e-01 1.237006664342640949e+00 -3.523798735625915945e-01 -1.019223925529888941e+00 9.822949016872851713e-01 4.121322893116486918e-01 -1.237006664343467843e+00 3.523798735626803569e-01 1.019223925530663211e+00 -9.822949016878486095e-01 -4.121322893120750175e-01 1.237006664344294737e+00 -3.523798735627646783e-01 -1.019223925531435260e+00 9.822949016884142681e-01 4.121322893124976239e-01
-6.470879705292793549e-01 -7.344235253110376060e-01 1.100986671309218901e+00 5.397634128149131350e-02 -1.134345884809841554e+00 6.470879705295899953e-01 7.344235253116483397e-01 -1.100986671309905685e+00 -5.397634128167627665e-02 1.134345884810643357e+00 -6.470879705299000806e-01 -7.344235253122561868e-01 1.100986671310591802e+00 5.397634128186318270e-02 -1.134345884811444938e+00 6.470879705302089446e-01 7.344235253128672536e-01 -1.100986671311279697e+00 -5.397634128204603643e-02 1.134345884812246297e+00
-1.792008497183626048e+01 -7.631618792352838021e+00 2.263668477469782303e+01 -6.358621791026395798e+00 -1.870684038624363055e+01 1.792008497184654914e+01 7.631618792360690406e+00 -2.263668477471294693e+01 6.358621791027916359e+00 1.870684038625781298e+01 -1.792008497185683069e+01 -7.631618792368476178e+00 2.263668477472806018e+01 -6.358621791029403170e+00 -1.870684038627201318e+01 1.792008497186709448e+01 7.631618792376335669e+00 -2.263668477474318408e+01 6.358621791030960146e+00 1.870684038628617429e+01
-7.074922359484939527e+00 -2.826470842741000133e+00 8.821777408511437102e+00 -2.625687436904575733e+00 -7.199013328673089518e+00 7.074922359489026924e+00 2.826470842743967538e+00 -8.821777408517352370e+00 2.625687436905273842e+00 7.199013328678571355e+00 -7.074922359493109880e+00 -2.826470842746908296e+00 8.821777408523258757e+00 -2.625687436905958627e+00 -7.199013328684059410e+00 7.074922359497188395e+00 2.826470842749878365e+00 -8.821777408529174025e+00 2.625687436906670502e+00 7.199013328689534141e+00
2.825657780869527791e+00 1.057498167153761326e+00 -3.479227591212066262e+00 1.092782738811555410e+00 2.803850716308221358e+00 -2.825657780871169145e+00 -1.057498167154895530e+00 3.479227591214406612e+00 -1.092782738811871379e+00 -2.803850716310365865e+00 2.825657780872809610e+00 1.057498167156019298e+00 -3.479227591216744742e+00 1.092782738812182242e+00 2.803850716312513036e+00 -2.825657780874448299e+00 -1.057498167157154612e+00 3.479227591219084204e+00 -1.092782738812503762e+00 -2.803850716314654434e+00
-1.588541019659184172e+01 -6.615432521261351617e+00 1.997397234501726970e+01 -5.729161278308665395e+00 -1.643315594799787505e+01 1.588541019660098286e+01 6.615432521268206578e+00 -1.997397234503062791e+01 5.729161278310092698e+00 1.643315594801035573e+01 -1.588541019661011333e+01 -6.615432521275002031e+00 1.997397234504397900e+01 -5.729161278311488914e+00 -1.643315594802284707e+01 1.588541019661923315e+01 6.615432521281862321e+00 -1.997397234505734076e+01 5.729161278312946415e+00 1.643315594803530999e+01
