-1.643337464653801305e+01 1.481873138379669363e+01 -1.175352744503247315e+01 7.537806348304086690e+00 -2.584232247216534883e+00 -2.622304511634121482e+00 7.572151834215429034e+00 -1.178078417697749103e+01 1.483623128294384053e+01 -1.643940470082979033e+01 1.643337464652619317e+01 -1.481873138376218257e+01 1.175352744497861579e+01 -7.537806348236142817e+00 2.584232247141267091e+00 2.622304511709457220e+00 -7.572151834283453731e+00 1.178078417703155978e+01 -1.483623128297860916e+01 1.643940470084183048e+01
-1.673747976104224477e+01 1.497468636532559749e+01 -1.174606633339170614e+01 7.367659489085667701e+00 -2.268054800483688904e+00 -3.053562894457288124e+00 8.076276577864225814e+00 -1.230842803909980532e+01 1.533574480600403156e+01 -1.686189202087522432e+01 1.673747976102845314e+01 -1.497468636528877717e+01 1.174606633333542760e+01 -7.367659489015430552e+00 2.268054800406481775e+00 3.053562894534021854e+00 -8.076276577932972600e+00 1.230842803915384565e+01 -1.533574480603802748e+01 1.686189202088582206e+01
-1.923497518790568250e+01 1.746163396570407755e+01 -1.397902634857666371e+01 9.128054234842910120e+00 -3.383564573706583367e+00 -2.692131962585722071e+00 8.504303865193060474e+00 -1.348401525250370092e+01 1.714381727823694490e+01 -1.912546302077281268e+01 1.923497518789358196e+01 -1.746163396566532811e+01 1.397902634851502413e+01 -9.128054234764404029e+00 3.383564573619021854e+00 2.692131962673896428e+00 -8.504303865273213248e+00 1.348401525256800149e+01 -1.714381727827904101e+01 1.912546302078855120e+01
1.160868128586695747e+01 -1.041517521667299917e+01 8.202159230475375651e+00 -5.186258750992764455e+00 1.662691130172012866e+00 2.023632283120750497e+00 -5.511868469065907661e+00 8.460564565811527160e+00 -1.058108165463358752e+01 1.166584874836622987e+01 -1.160868128585782699e+01 1.041517521664787438e+01 -8.202159230436693704e+00 5.186258750944304552e+00 -1.662691130118598259e+00 -2.023632283173970592e+00 5.511868469113720082e+00 -8.460564565849262308e+00 1.058108165465751682e+01 -1.166584874837399077e+01
1.013783252604897633e+01 -9.163026292820740437e+00 7.291279203490403482e+00 -4.705810904390957283e+00 1.659705046655874483e+00 1.548864304891390598e+00 -4.605820026703285386e+00 7.211925993665054158e+00 -9.112078395921800578e+00 1.012027707719979830e+01 -1.013783252604200413e+01 9.163026292799752781e+00 -7.291279203457434299e+00 4.705810904349227997e+00 -1.659705046609539325e+00 -1.548864304937864755e+00 4.605820026745347739e+00 -7.211925993698595327e+00 9.112078395943505882e+00 -1.012027707720752723e+01
-3.478010027177596886e+00 3.212427359120050951e+00 -2.632389918853403898e+00 1.794675812389601166e+00 -7.812863331669430700e-01 -3.085808958882895747e-01 1.368242076844367050e+00 -2.293970190215419702e+00 2.995148518337409360e+00 -3.403140841056864652e+00 3.478010027176225538e+00 -3.212427359113821712e+00 2.632389918842920729e+00 -1.794675812375888357e+00 7.812863331513648646e-01 3.085808959042308786e-01 -1.368242076859110146e+00 2.293970190227525130e+00 -2.995148518345680522e+00 3.403140841060486199e+00
-3.658932213975822023e+00 3.274625241143159116e+00 -2.569775134050829912e+00 1.613377532160696903e+00 -4.990512963599595397e-01 -6.641255574234740111e-01 1.762293174411266650e+00 -2.687955256868638454e+00 3.350501550697445818e+00 -3.685077408426055801e+00 3.658932213972823089e+00 -3.274625241135125098e+00 2.569775134038539743e+00 -1.613377532145352067e+00 4.990512963430863147e-01 6.641255574402485928e-01 -1.762293174426299736e+00 2.687955256880460997e+00 -3.350501550704889642e+00 3.685077408428387713e+00
-8.742256753375254874e+00 7.875958814848049272e+00 -6.238707152489497254e+00 3.990767366414812667e+00 -1.352183465203079304e+00 -1.418761574799302094e+00 4.050828346766785160e+00 -6.286371816370896148e+00 7.906561412858939875e+00 -8.752801690001481560e+00 8.742256753368859989e+00 -7.875958814829586707e+00 6.238707152460756689e+00 -3.990767366378603853e+00 1.352183465163004028e+00 1.418761574839379369e+00 -4.050828346802940239e+00 6.286371816399595858e+00 -7.906561412877348261e+00 8.752801690007785851e+00
-2.067826706617243993e+00 1.877258430635121877e+00 -1.502931019833315895e+00 9.814862492736422528e-01 -3.639667662179785768e-01 -2.891803198207801850e-01 9.140204213176374992e-01 -1.449389835620921385e+00 1.842882874320435294e+00 -2.055981697160940591e+00 2.067826706615944143e+00 -1.877258430630957209e+00 1.502931019826690306e+00 -9.814862492652032255e-01 3.639667662085657174e-01 2.891803198302592137e-01 -9.140204213262543842e-01 1.449389835627834300e+00 -1.842882874324961451e+00 2.055981697162633903e+00
-1.700915405747724263e+00 1.555901593986730447e+00 -1.258585293602026978e+00 8.380698955998255872e-01 -3.355183770397607290e-01 -1.998760179590443053e-01 7.157051557018579979e-01 -1.161476086193331092e+00 1.493553644888135912e+00 -1.679431766620723909e+00 1.700915405746829201e+00 -1.555901593983470388e+00 1.258585293596718335e+00 -8.380698955929867244e-01 3.355183770320723236e-01 1.998760179668409021e-01 -7.157051557089993965e-01 1.161476086199119573e+00 -1.493553644891999488e+00 1.679431766622281774e+00
6.393469140577435539e+00 -5.926188699978460761e+00 4.878811619239325381e+00 -3.353862464528291287e+00 1.500613884054429858e+00 4.995252387828288398e-01 -2.450767350850898030e+00 4.162111279116787799e+00 -5.466038756247097119e+00 6.234912275782978242e+00 -6.393469140575225751e+00 5.926188699967306128e+00 -4.878811619220305928e+00 3.353862464503266416e+00 -1.500613884025889799e+00 -4.995252388121320664e-01 2.450767350878094497e+00 -4.162111279139222297e+00 5.466038756262553200e+00 -6.234912275789930014e+00
9.636074108325459520e+00 -8.662412388380502648e+00 6.840813389282367041e+00 -4.349587912889811392e+00 1.432594466221379204e+00 1.624631308273784214e+00 -4.522826850842733393e+00 6.978296588862268557e+00 -8.750682036110722706e+00 9.666489756075337780e+00 -9.636074108318132048e+00 8.662412388359886251e+00 -6.840813389250462784e+00 4.349587912849735893e+00 -1.432594466177119719e+00 -1.624631308317959988e+00 4.522826850882498917e+00 -6.978296588893739383e+00 8.750682036130788433e+00 -9.666489756082022211e+00
-1.775628458100853635e+01 1.599949224319656871e+01 -1.267655812959864647e+01 8.112754183498021021e+00 -2.754817333032164584e+00 -2.872780231932661188e+00 8.219170051958284873e+00 -1.276101024097080838e+01 1.605371383640709837e+01 -1.777496806872991542e+01 1.775628458099559026e+01 -1.599949224315910712e+01 1.267655812954030736e+01 -8.112754183424501164e+00 2.754817332950780795e+00 2.872780232014061852e+00 -8.219170052031731899e+00 1.276101024102912262e+01 -1.605371383644452266e+01 1.777496806874275492e+01
3.913196798782291985e+00 -3.569978567499201727e+00 2.877305960525001982e+00 -1.902982598764358935e+00 7.423820413767145965e-01 4.908880427009263414e-01 -1.676106584940757926e+00 2.697256136524845083e+00 -3.454379464576577963e+00 3.873364062557610232e+00 -3.913196798780090635e+00 3.569978567491566057e+00 -2.877305960512673622e+00 1.902982598748541365e+00 -7.423820413589820033e-01 -4.908880427188639373e-01 1.676106584957144152e+00 -2.697256136538079385e+00 3.454379464585351833e+00 -3.873364062561059473e+00
-1.253613367567555414e+01 1.126553376535152928e+01 -8.892184918482548994e+00 5.648407056294576734e+00 -1.851723756668808729e+00 -2.126219165978285641e+00 5.896032942418806932e+00 -9.088701934376626212e+00 1.139170545628516784e+01 -1.257960947745027092e+01 1.253613367566596537e+01 -1.126553376532465478e+01 8.892184918440996455e+00 -5.648407056242406021e+00 1.851723756611211025e+00 2.126219166035756558e+00 -5.896032942470522897e+00 9.088701934417535711e+00 -1.139170545631122522e+01 1.257960947745891112e+01
-1.083709121714336199e+01 9.717684651747070745e+00 -7.647043405544785344e+00 4.827856270721256671e+00 -1.536084926465579592e+00 -1.906049112925996214e+00 5.161605784918780415e+00 -7.911908519660070027e+00 9.887738522986710521e+00 -1.089568778775538149e+01 1.083709121713475909e+01 -9.717684651723541123e+00 7.647043405508610725e+00 -4.827856270675972006e+00 1.536084926415691276e+00 1.906049112975678916e+00 -5.161605784963391841e+00 7.911908519695250774e+00 -9.887738523008984259e+00 1.089568778776255265e+01
-1.329050841930709659e+01 1.216392192075772272e+01 -9.846645993573638123e+00 6.565511750919030831e+00 -2.641699473472386650e+00 -1.540700754241008053e+00 5.572286457435499329e+00 -9.058417937771942263e+00 1.165784835664779884e+01 -1.311612735336602142e+01 1.329050841930019899e+01 -1.216392192073234035e+01 9.846645993532234797e+00 -6.565511750865650420e+00 2.641699473412341348e+00 1.540700754301928654e+00 -5.572286457491329337e+00 9.058417937817228704e+00 -1.165784835667806618e+01 1.311612735337828539e+01
-5.601662135612751392e+00 5.044377958482201052e+00 -3.993314920526102263e+00 2.551358395086687825e+00 -8.596571335762502875e-01 -9.161933577523228012e-01 2.602360459729362585e+00 -4.033790388195860110e+00 5.070364808394370648e+00 -5.610616593836888377e+00 5.601662135608620474e+00 -5.044377958470340317e+00 3.993314920507660126e+00 -2.551358395063467288e+00 8.596571335505616140e-01 9.161933577780029259e-01 -2.602360459752519173e+00 4.033790388214231193e+00 -5.070364808406139900e+00 5.610616593840895838e+00
-6.139555427638744511e+00 5.591232772950117891e+00 -4.495601298034130444e+00 2.959909045369225833e+00 -1.134480272443765703e+00 -8.019993339376620956e-01 2.659973657655116508e+00 -4.257571226634285999e+00 5.438408059706270947e+00 -6.086895620275632801e+00 6.139555427635144724e+00 -5.591232772937999584e+00 4.495601298014669567e+00 -2.959909045344323086e+00 1.134480272415899105e+00 8.019993339658054721e-01 -2.659973657680780423e+00 4.257571226654963681e+00 -5.438408059719918697e+00 6.086895620280905916e+00
-1.616195205851054029e+00 1.456867659032819340e+00 -1.154931755154190443e+00 7.399430841980354501e-01 -2.525236286737488900e-01 -2.596145990607747200e-01 7.463399409978836996e-01 -1.160008329453768416e+00 1.460127020369115902e+00 -1.617318305227164910e+00 1.616195205849884076e+00 -1.456867659029417839e+00 1.154931755148887129e+00 -7.399430841913485768e-01 2.525236286663439800e-01 2.596145990681839044e-01 -7.463399410045714610e-01 1.160008329459081278e+00 -1.460127020372528950e+00 1.617318305228341968e+00
