1.093827424161826656e+01 3.435188602725296469e+00 -1.306133755586905565e+01 4.637161945337298086e+00 1.019541386231328950e+01 -1.093827424161897355e+01 -3.435188602725435469e+00 1.306133755586984257e+01 -4.637161945337661351e+00 -1.019541386231386682e+01 1.093827424161968409e+01 3.435188602725557594e+00 -1.306133755587062417e+01 4.637161945338024616e+00 1.019541386231442637e+01 -1.093827424162039108e+01 -3.435188602725680163e+00 1.306133755587140755e+01 -4.637161945338343472e+00 -1.019541386231498770e+01
-5.405764746867104398e-01 -9.435661446561485199e-01 1.123732422717932611e+00 2.490613131562142701e-01 -1.277660779531183399e+00 5.405764746867508519e-01 9.435661446562007004e-01 -1.123732422718004109e+00 -2.490613131562207094e-01 1.277660779531260005e+00 -5.405764746867915971e-01 -9.435661446562517707e-01 1.123732422718074719e+00 2.490613131562269267e-01 -1.277660779531335944e+00 5.405764746868320092e-01 9.435661446563028409e-01 -1.123732422718149104e+00 -2.490613131562380844e-01 1.277660779531412327e+00
-7.025657780870087521e+00 -2.801141952316245298e+00 8.756858714714960357e+00 -2.610894368058334081e+00 -7.143237254219416243e+00 7.025657780870546709e+00 2.801141952316369199e+00 -8.756858714715491487e+00 2.610894368058549020e+00 7.143237254219823029e+00 -7.025657780871006786e+00 -2.801141952316482442e+00 8.756858714716017289e+00 -2.610894368058763515e+00 -7.143237254220220045e+00 7.025657780871465974e+00 2.801141952316596129e+00 -8.756858714716550196e+00 2.610894368058947368e+00 7.143237254220617949e+00
-6.907091636213460006e+00 -3.548558813285177749e+00 9.100221593901890671e+00 -2.075687436901934024e+00 -7.817376207875541105e+00 6.907091636213916530e+00 3.548558813285346059e+00 -9.100221593902448447e+00 2.075687436902120098e+00 7.817376207875991412e+00 -6.907091636214374830e+00 -3.548558813285503710e+00 9.100221593902997341e+00 -2.075687436902305727e+00 -7.817376207876430172e+00 6.907091636214831354e+00 3.548558813285660918e+00 -9.100221593903555117e+00 2.075687436902459826e+00 7.817376207876871597e+00
-7.154711762650493689e+00 -3.577612795067530715e+00 9.365798068588947700e+00 -2.210768743088558530e+00 -7.999467844094535707e+00 7.154711762650966200e+00 3.577612795067699913e+00 -9.365798068589517911e+00 2.210768743088754373e+00 7.999467844094995783e+00 -7.154711762651440488e+00 -3.577612795067857121e+00 9.365798068590084569e+00 -2.210768743088950661e+00 -7.999467844095445201e+00 7.154711762651912998e+00 3.577612795068014773e+00 -9.365798068590660108e+00 2.210768743089113197e+00 7.999467844095895508e+00
-7.919098300557137371e+00 -3.350155281004597363e+00 9.989608131808157765e+00 -2.823762078745196025e+00 -8.244427191000779587e+00 7.919098300557656955e+00 3.350155281004748797e+00 -9.989608131808765279e+00 2.823762078745431836e+00 8.244427191001252098e+00 -7.919098300558177428e+00 -3.350155281004887353e+00 9.989608131809363911e+00 -2.823762078745668092e+00 -8.244427191001712174e+00 7.919098300558695236e+00 3.350155281005026797e+00 -9.989608131809971425e+00 2.823762078745868820e+00 8.244427191002172250e+00
1.806757947333221992e+01 5.901655779791683543e+00 -2.171500333514623549e+01 7.518954347146075357e+00 1.706803398875163325e+01 -1.806757947333338876e+01 -5.901655779791926903e+00 2.171500333514754644e+01 -7.518954347146668660e+00 -1.706803398875259958e+01 1.806757947333456116e+01 5.901655779792141843e+00 -2.171500333514884673e+01 7.518954347147261075e+00 1.706803398875353395e+01 -1.806757947333573355e+01 -5.901655779792357670e+00 2.171500333515015058e+01 -7.518954347147780659e+00 -1.706803398875447897e+01
-4.201722092684851972e+00 -1.425938686846103698e+00 5.083000667029250685e+00 -1.715528490216373880e+00 -4.022745751406844761e+00 4.201722092685124643e+00 1.425938686846163428e+00 -5.083000667029557995e+00 1.715528490216509994e+00 4.022745751407073911e+00 -4.201722092685397314e+00 -1.425938686846216719e+00 5.083000667029862640e+00 -1.715528490216646329e+00 -4.022745751407295955e+00 4.201722092685670873e+00 1.425938686846270009e+00 -5.083000667030168174e+00 1.715528490216765123e+00 4.022745751407518000e+00
1.823209163620647644e+01 6.542028989010086448e+00 -2.227528790680232618e+01 7.224856046583302494e+00 1.781008130618911167e+01 -1.823209163620766660e+01 -6.542028989010366224e+00 2.227528790680367621e+01 -7.224856046583882474e+00 -1.781008130619012775e+01 1.823209163620885320e+01 6.542028989010617579e+00 -2.227528790680500848e+01 7.224856046584461566e+00 1.781008130619111185e+01 -1.823209163621003981e+01 -6.542028989010869822e+00 2.227528790680635495e+01 -7.224856046584965164e+00 -1.781008130619209595e+01
-5.543237254215100052e+00 -1.962084304846862359e+00 6.755872043403323701e+00 -2.213274241621612237e+00 -5.387993335656659610e+00 5.543237254215460652e+00 1.962084304846945848e+00 -6.755872043403732263e+00 2.213274241621789429e+00 5.387993335656966032e+00 -5.543237254215821253e+00 -1.962084304847020677e+00 6.755872043404137273e+00 -2.213274241621966620e+00 -5.387993335657263572e+00 5.543237254216181853e+00 1.962084304847095950e+00 -6.755872043404544947e+00 2.213274241622120719e+00 5.387993335657562000e+00
1.592124957937548047e+00 -2.227937358733424467e-01 -1.454430856687291662e+00 1.121681439592735252e+00 7.611936024690930669e-01 -1.592124957937646190e+00 2.227937358733645401e-01 1.454430856687375817e+00 -1.121681439592811191e+00 -7.611936024691323688e-01 1.592124957937744334e+00 -2.227937358733887430e-01 -1.454430856687459528e+00 1.121681439592886464e+00 7.611936024691685621e-01 -1.592124957937842034e+00 2.227937358734129458e-01 1.454430856687540352e+00 -1.121681439592957963e+00 -7.611936024692049774e-01
-5.794630456465043267e+00 -2.097697766940840314e+00 7.091078974559397174e+00 -2.284830056246634822e+00 -5.678976341281790852e+00 5.794630456465420743e+00 2.097697766940930020e+00 -7.091078974559827053e+00 2.284830056246818231e+00 5.678976341282113260e+00 -5.794630456465798218e+00 -2.097697766941011288e+00 7.091078974560251602e+00 -2.284830056247001639e+00 -5.678976341282427676e+00 5.794630456466174806e+00 2.097697766941092112e+00 -7.091078974560679704e+00 2.284830056247161512e+00 5.678976341282742979e+00
-1.186352549155440883e+01 -4.227487170100491021e+00 1.447625624968094726e+01 -4.719331222055452635e+00 -1.155954915028240038e+01 1.186352549155518155e+01 4.227487170100671321e+00 -1.447625624968182301e+01 4.719331222055830999e+00 1.155954915028305763e+01 -1.186352549155595426e+01 -4.227487170100833858e+00 1.447625624968268987e+01 -4.719331222056208475e+00 -1.155954915028369712e+01 1.186352549155672698e+01 4.227487170100995506e+00 -1.447625624968356561e+01 4.719331222056537989e+00 1.155954915028433838e+01
-2.090779740154927957e+00 -4.651219592824678006e-01 2.378240919905492579e+00 -1.004711762654954210e+00 -1.757294901687960653e+00 2.090779740155062072e+00 4.651219592824831217e-01 -2.378240919905635131e+00 1.004711762655029705e+00 1.757294901688059241e+00 -2.090779740155196187e+00 -4.651219592824953897e-01 2.378240919905776352e+00 -1.004711762655105201e+00 -1.757294901688154276e+00 2.090779740155330302e+00 4.651219592825077132e-01 -2.378240919905917572e+00 1.004711762655172702e+00 1.757294901688249533e+00
-1.339336287917773660e+01 -6.302487170101278124e+00 1.728851416396084772e+01 -4.382402198210508359e+00 -1.458004065309487096e+01 1.339336287917861767e+01 6.302487170101571223e+00 -1.728851416396189933e+01 4.382402198210887612e+00 1.458004065309570763e+01 -1.339336287917950230e+01 -6.302487170101843006e+00 1.728851416396294383e+01 -4.382402198211266864e+00 -1.458004065309652475e+01 1.339336287918038337e+01 6.302487170102114789e+00 -1.728851416396400253e+01 4.382402198211584832e+00 1.458004065309734187e+01
-1.237006664343099249e+00 3.523798735617083011e-01 1.019223925530599484e+00 -9.822949016867287275e-01 -4.121322893124794717e-01 1.237006664343174300e+00 -3.523798735617360012e-01 -1.019223925530656993e+00 9.822949016867932315e-01 4.121322893124988451e-01 -1.237006664343249351e+00 3.523798735617651445e-01 1.019223925530714947e+00 -9.822949016868574024e-01 -4.121322893125158315e-01 1.237006664343323958e+00 -3.523798735617943989e-01 -1.019223925530769348e+00 9.822949016869191308e-01 4.121322893125328179e-01
-6.470879705305617735e-01 -7.344235253135718011e-01 1.100986671311890541e+00 5.397634128222211780e-02 -1.134345884812694827e+00 6.470879705306072927e-01 7.344235253136111030e-01 -1.100986671311959597e+00 -5.397634128221739935e-02 1.134345884812761884e+00 -6.470879705306531449e-01 -7.344235253136492947e-01 1.100986671312027987e+00 5.397634128221251437e-02 -1.134345884812828054e+00 6.470879705306987750e-01 7.344235253136873753e-01 -1.100986671312098819e+00 -5.397634128221207028e-02 1.134345884812894889e+00
-1.792008497186235871e+01 -7.631618792385184591e+00 2.263668477473933649e+01 -6.358621791021010772e+00 -1.870684038628309764e+01 1.792008497186353466e+01 7.631618792385530092e+00 -2.263668477474071139e+01 6.358621791021542791e+00 1.870684038628416701e+01 -1.792008497186471061e+01 -7.631618792385847172e+00 2.263668477474207208e+01 -6.358621791022074810e+00 -1.870684038628521151e+01 1.792008497186588656e+01 7.631618792386164252e+00 -2.263668477474345053e+01 6.358621791022526892e+00 1.870684038628625601e+01
-7.074922359495029234e+00 -2.826470842753538992e+00 8.821777408527474051e+00 -2.625687436902421013e+00 -7.199013328688367963e+00 7.074922359495491975e+00 2.826470842753664225e+00 -8.821777408528008735e+00 2.625687436902637284e+00 7.199013328688778302e+00 -7.074922359495955604e+00 -2.826470842753778356e+00 8.821777408528538089e+00 -2.625687436902852667e+00 -7.199013328689177982e+00 7.074922359496417457e+00 2.826470842753892931e+00 -8.821777408529072773e+00 2.625687436903038297e+00 7.199013328689580327e+00
2.825657780873320313e+00 1.057498167157260083e+00 -3.479227591217303850e+00 1.092782738811465704e+00 2.803850716312691560e+00 -2.825657780873504610e+00 -1.057498167157306046e+00 3.479227591217513904e+00 -1.092782738811554299e+00 -2.803850716312850544e+00 2.825657780873689351e+00 1.057498167157347568e+00 -3.479227591217723070e+00 1.092782738811642895e+00 2.803850716313005975e+00 -2.825657780873873648e+00 -1.057498167157389091e+00 3.479227591217933568e+00 -1.092782738811719279e+00 -2.803850716313161850e+00
