-3.261803398872390236e+00 2.057749417088972521e+00 -6.770509830813246921e-02 -1.948200266814712034e+00 3.219959346906156927e+00 -3.261803398872739734e+00 2.057749417090278143e+00 -6.770509830989189515e-02 -1.948200266813171933e+00 3.219959346905421071e+00 -3.261803398873089677e+00 2.057749417091574884e+00 -6.770509831165423542e-02 -1.948200266811636716e+00 3.219959346904682551e+00 -3.261803398873437398e+00 2.057749417092880950e+00 -6.770509831341682550e-02 -1.948200266810091730e+00 3.219959346903945363e+00
-5.715450849714823534e+00 3.813776741492297617e+00 -4.553695435240501244e-01 -3.076973342628734454e+00 5.434016994375037157e+00 -5.715450849715253412e+00 3.813776741494427025e+00 -4.553695435270597724e-01 -3.076973342625995311e+00 5.434016994373610743e+00 -5.715450849715684178e+00 3.813776741496540890e+00 -4.553695435300745831e-01 -3.076973342623266383e+00 5.434016994372179887e+00 -5.715450849716112280e+00 3.813776741498670741e+00 -4.553695435330897823e-01 -3.076973342620518359e+00 5.434016994370748144e+00
2.042376207873826566e+00 -1.338854381996943177e+00 1.239356881841440633e-01 1.138322226095849210e+00 -1.965779740156789357e+00 2.042376207874001537e+00 -1.338854381997722331e+00 1.239356881852279740e-01 1.138322226094874878e+00 -1.965779740156295752e+00 2.042376207874176064e+00 -1.338854381998495935e+00 1.239356881863137305e-01 1.138322226093904321e+00 -1.965779740155799926e+00 2.042376207874350591e+00 -1.338854381999275311e+00 1.239356881873996397e-01 1.138322226092927103e+00 -1.965779740155304323e+00
7.626064311807080998e+00 -4.715295568707960072e+00 3.444185364810851448e-03 4.709722759724045638e+00 -7.623935688187771120e+00 7.626064311807983387e+00 -4.715295568711085572e+00 3.444185368958061801e-03 4.709722759720462726e+00 -7.623935688186115556e+00 7.626064311808884888e+00 -4.715295568714189756e+00 3.444185373112029769e-03 4.709722759716891360e+00 -7.623935688184452886e+00 7.626064311809783725e+00 -4.715295568717316144e+00 3.444185377266676014e-03 4.709722759713296902e+00 -7.623935688182791992e+00
5.785081306183102789e+00 -3.482875042053853676e+00 -1.496711095707659589e-01 3.725047984473207840e+00 -5.877583139031574255e+00 5.785081306183869287e+00 -3.482875042056296166e+00 -1.496711095675867520e-01 3.725047984470508222e+00 -5.877583139030380543e+00 5.785081306184635785e+00 -3.482875042058722670e+00 -1.496711095644024658e-01 3.725047984467817042e+00 -5.877583139029181503e+00 5.785081306185399619e+00 -3.482875042061166049e+00 -1.496711095612176523e-01 3.725047984465108541e+00 -5.877583139027984238e+00
9.855901699429754359e+00 -6.223906032141360178e+00 2.145898033613119482e-01 5.876692436663452312e+00 -9.723277907312837698e+00 9.855901699430807739e+00 -6.223906032145301026e+00 2.145898033666260585e-01 5.876692436658797369e+00 -9.723277907310611923e+00 9.855901699431859342e+00 -6.223906032149214340e+00 2.145898033719489395e-01 5.876692436654157525e+00 -9.723277907308377266e+00 9.855901699432905616e+00 -6.223906032153155188e+00 2.145898033772726810e-01 5.876692436649487483e+00 -9.723277907306144385e+00
-6.499999999990122568e-01 3.775831390300907753e-01 3.905764746939572457e-02 -4.407797401561808215e-01 6.741389536556994244e-01 -6.499999999991105115e-01 3.775831390303757695e-01 3.905764746903368084e-02 -4.407797401558801176e-01 6.741389536555743023e-01 -6.499999999992087663e-01 3.775831390306587099e-01 3.905764746867106813e-02 -4.407797401555804129e-01 6.741389536554488471e-01 -6.499999999993065769e-01 3.775831390309437596e-01 3.905764746830838602e-02 -4.407797401552787653e-01 6.741389536553233919e-01
-7.410410196620063950e+00 4.655746418427470168e+00 -1.227457513968088221e-01 -4.457139620692680992e+00 7.334549150281852725e+00 -7.410410196620875745e+00 4.655746418430450007e+00 -1.227457514008127720e-01 -4.457139620689185122e+00 7.334549150280194496e+00 -7.410410196621687540e+00 4.655746418433411193e+00 -1.227457514048233139e-01 -4.457139620685701686e+00 7.334549150278530050e+00 -7.410410196622494894e+00 4.655746418436392808e+00 -1.227457514088344942e-01 -4.457139620682195158e+00 7.334549150276867380e+00
-7.792172942400939384e+00 5.224312563083072902e+00 -6.609423525212549944e-01 -4.154885372099191621e+00 7.383688103937930514e+00 -7.792172942401504265e+00 5.224312563085955929e+00 -6.609423525253494969e-01 -4.154885372095452389e+00 7.383688103935969416e+00 -7.792172942402069147e+00 5.224312563088819417e+00 -6.609423525294511048e-01 -4.154885372091726481e+00 7.383688103934001212e+00 -7.792172942402630476e+00 5.224312563091704220e+00 -6.609423525335531568e-01 -4.154885372087975703e+00 7.383688103932033897e+00
-9.775861046336805416e+00 6.238699100986638157e+00 -3.185661446438375899e-01 -5.723248251287733623e+00 9.578976341281391527e+00 -9.775861046337791294e+00 6.238699100990496405e+00 -3.185661446490855586e-01 -5.723248251283103549e+00 9.578976341279140883e+00 -9.775861046338777172e+00 6.238699100994328006e+00 -3.185661446543422426e-01 -5.723248251278489462e+00 9.578976341276881357e+00 -9.775861046339757721e+00 6.238699100998188030e+00 -3.185661446595997037e-01 -5.723248251273843401e+00 9.578976341274621831e+00
-8.599999999994178523e+00 5.679682106613329395e+00 -5.899186938015615889e-01 -4.725173609443283240e+00 8.235410196625307933e+00 -8.599999999994878408e+00 5.679682106616579240e+00 -5.899186938061109498e-01 -4.725173609439173639e+00 8.235410196623199397e+00 -8.599999999995576516e+00 5.679682106619804216e+00 -5.899186938106680822e-01 -4.725173609435078248e+00 8.235410196621085532e+00 -8.599999999996272848e+00 5.679682106623054061e+00 -5.899186938152257698e-01 -4.725173609430954436e+00 8.235410196618971668e+00
1.689151516151714816e+01 -1.019112695900503240e+01 -4.019253581802381681e-01 1.084145584948097074e+01 -1.713991869381249700e+01 1.689151516151936860e+01 -1.019112695901214849e+01 -4.019253581709630874e-01 1.084145584947308194e+01 -1.713991869380899402e+01 1.689151516152158905e+01 -1.019112695901921661e+01 -4.019253581616731297e-01 1.084145584946522156e+01 -1.713991869380548394e+01 1.689151516152379884e+01 -1.019112695902633448e+01 -4.019253581523816177e-01 1.084145584945730967e+01 -1.713991869380197031e+01
-4.076393202247206027e+00 2.762586804712853006e+00 -3.935661446505294703e-01 -2.125783405846941143e+00 3.833155948031611082e+00 -4.076393202247476033e+00 2.762586804714338928e+00 -3.935661446526610430e-01 -2.125783405844979601e+00 3.833155948030565696e+00 -4.076393202247745151e+00 2.762586804715815081e+00 -3.935661446547962794e-01 -2.125783405843024720e+00 3.833155948029516313e+00 -4.076393202248013381e+00 2.762586804717301447e+00 -3.935661446569319044e-01 -2.125783405841056517e+00 3.833155948028467819e+00
1.808454915026671728e+01 -1.088051349691062342e+01 -4.795084972118514588e-01 1.165637454329361233e+01 -1.838090169943749785e+01 1.808454915026912246e+01 -1.088051349691826530e+01 -4.795084972019106329e-01 1.165637454328517464e+01 -1.838090169943377106e+01 1.808454915027152765e+01 -1.088051349692585390e+01 -4.795084971919538197e-01 1.165637454327676537e+01 -1.838090169943002650e+01 1.808454915027392218e+01 -1.088051349693349756e+01 -4.795084971819952857e-01 1.165637454326829925e+01 -1.838090169942628904e+01
-5.727254248589643382e+00 3.869146285023131959e+00 -5.331559480236935933e-01 -3.006481839816488755e+00 5.397745751406398895e+00 -5.727254248590031516e+00 3.869146285025228948e+00 -5.331559480266927498e-01 -3.006481839813734958e+00 5.397745751404938730e+00 -5.727254248590421426e+00 3.869146285027311727e+00 -5.331559480296970133e-01 -3.006481839810990930e+00 5.397745751403472347e+00 -5.727254248590808672e+00 3.869146285029410048e+00 -5.331559480327017209e-01 -3.006481839808228251e+00 5.397745751402006853e+00
1.111474508437260367e+00 -9.079526825610627627e-01 3.576237921233007544e-01 3.293052317198791878e-01 -8.904508497192537009e-01 1.111474508437197972e+00 -9.079526825613501995e-01 3.576237921238274997e-01 3.293052317193146949e-01 -8.904508497188663441e-01 1.111474508437135356e+00 -9.079526825616353047e-01 3.576237921243552997e-01 3.293052317187521449e-01 -8.904508497184773219e-01 1.111474508437073183e+00 -9.079526825619226305e-01 3.576237921248830998e-01 3.293052317181856536e-01 -8.904508497180888549e-01
-5.309549150276613894e+00 3.193285238679095972e+00 1.427050983200747747e-01 -3.424186938128822799e+00 5.397745751406160863e+00 -5.309549150277320884e+00 3.193285238681340399e+00 1.427050983171557208e-01 -3.424186938126345225e+00 5.397745751405067516e+00 -5.309549150278026985e+00 3.193285238683569283e+00 1.427050983142320317e-01 -3.424186938123876534e+00 5.397745751403968839e+00 -5.309549150278731311e+00 3.193285238685814598e+00 1.427050983113078431e-01 -3.424186938121391410e+00 5.397745751402871939e+00
-1.266631189605202046e+01 7.215546818637285753e+00 9.913118960797084878e-01 -8.819523159946314195e+00 1.327897634128126114e+01 -1.266631189605405972e+01 7.215546818642945226e+00 9.913118960726032824e-01 -8.819523159940482415e+00 1.327897634127891813e+01 -1.266631189605609897e+01 7.215546818648567395e+00 9.913118960654871969e-01 -8.819523159934670176e+00 1.327897634127656623e+01 -1.266631189605812935e+01 7.215546818654231309e+00 9.913118960583697792e-01 -8.819523159928818856e+00 1.327897634127421611e+01
-2.240450849717429360e+00 1.551518827215905505e+00 -2.699593469034887172e-01 -1.114715428345277148e+00 2.073606797750158215e+00 -2.240450849717548376e+00 1.551518827216696872e+00 -2.699593469046485672e-01 -1.114715428344192683e+00 2.073606797749562247e+00 -2.240450849717667392e+00 1.551518827217482910e+00 -2.699593469058105266e-01 -1.114715428343111769e+00 2.073606797748963615e+00 -2.240450849717785520e+00 1.551518827218274721e+00 -2.699593469069725415e-01 -1.114715428342023973e+00 2.073606797748364983e+00
-1.504164078648953407e+01 9.740140287698194399e+00 -7.182372541996466797e-01 -8.578007998416493862e+00 1.459774575140688846e+01 -1.504164078649092673e+01 9.740140287704024402e+00 -7.182372542076718158e-01 -8.578007998409342250e+00 1.459774575140333219e+01 -1.504164078649232117e+01 9.740140287709813549e+00 -7.182372542157103856e-01 -8.578007998402215506e+00 1.459774575139975994e+01 -1.504164078649370673e+01 9.740140287715645329e+00 -7.182372542237502877e-01 -8.578007998395042577e+00 1.459774575139619301e+01
