-6.499999999967071007e-01 3.775831390290009248e-01 3.905764746898176404e-02 -4.407797401545855975e-01 6.741389536536699367e-01 -6.499999999974811482e-01 3.775831390297256784e-01 3.905764746858262498e-02 -4.407797401546657556e-01 6.741389536541981808e-01 -6.499999999982551957e-01 3.775831390304510427e-01 3.905764746818470717e-02 -4.407797401547461358e-01 6.741389536547255368e-01 -6.499999999990290211e-01 3.775831390311752966e-01 3.905764746778432606e-02 -4.407797401548265159e-01 6.741389536552535588e-01
-7.410410196599078958e+00 4.655746418413848176e+00 -1.227457513944190254e-01 -4.457139620684743342e+00 7.334549150268216522e+00 -7.410410196607529976e+00 4.655746418422141097e+00 -1.227457513993925747e-01 -4.457139620685001802e+00 7.334549150273604212e+00 -7.410410196615982770e+00 4.655746418430441125e+00 -1.227457514043523296e-01 -4.457139620685264703e+00 7.334549150278980356e+00 -7.410410196624431123e+00 4.655746418438728718e+00 -1.227457514093395902e-01 -4.457139620685526715e+00 7.334549150284364494e+00
-7.792172942378869926e+00 5.224312563068362003e+00 -6.609423525182355208e-01 -4.154885372091223772e+00 7.383688103923725876e+00 -7.792172942387406209e+00 5.224312563077111449e+00 -6.609423525238613539e-01 -4.154885372090883600e+00 7.383688103928796487e+00 -7.792172942395945157e+00 5.224312563085867112e+00 -6.609423525294729762e-01 -4.154885372090546980e+00 7.383688103933852886e+00 -7.792172942404479663e+00 5.224312563094610340e+00 -6.609423525351130202e-01 -4.154885372090211249e+00 7.383688103938921721e+00
-9.775861046308870428e+00 6.238699100968878142e+00 -3.185661446413107223e-01 -5.723248251276443987e+00 9.578976341262713134e+00 -9.775861046319915815e+00 6.238699100979827605e+00 -3.185661446479884917e-01 -5.723248251276604748e+00 9.578976341269646255e+00 -9.775861046330964754e+00 6.238699100990784174e+00 -3.185661446546481645e-01 -5.723248251276770837e+00 9.578976341276561612e+00 -9.775861046342006588e+00 6.238699101001726532e+00 -3.185661446613439196e-01 -5.723248251276936927e+00 9.578976341283491180e+00
-8.599999999969144326e+00 5.679682106596763980e+00 -5.899186937983391665e-01 -4.725173609433995559e+00 8.235410196608933475e+00 -8.599999999978658494e+00 5.679682106606413150e+00 -5.899186938044443940e-01 -4.725173609433780619e+00 8.235410196614685319e+00 -8.599999999988172661e+00 5.679682106616068538e+00 -5.899186938105337452e-01 -4.725173609433570121e+00 8.235410196620422951e+00 -8.599999999997685052e+00 5.679682106625710603e+00 -5.899186938166546268e-01 -4.725173609433360511e+00 8.235410196626173018e+00
1.689151516146575105e+01 -1.019112695897179677e+01 -4.019253581858084345e-01 1.084145584946095831e+01 -1.713991869377815291e+01 1.689151516148546150e+01 -1.019112695899066345e+01 -4.019253581749793192e-01 1.084145584946233321e+01 -1.713991869379119493e+01 1.689151516150517551e+01 -1.019112695900954790e+01 -4.019253581641818451e-01 1.084145584946371699e+01 -1.713991869380421207e+01 1.689151516152488242e+01 -1.019112695902840038e+01 -4.019253581533210329e-01 1.084145584946510077e+01 -1.713991869381725053e+01
-4.076393202234996238e+00 2.762586804704348697e+00 -3.935661446483159076e-01 -2.125783405842985196e+00 3.833155948023891924e+00 -4.076393202239430913e+00 2.762586804708928589e+00 -3.935661446512946360e-01 -2.125783405842751606e+00 3.833155948026490734e+00 -4.076393202243866476e+00 2.762586804713511146e+00 -3.935661446542659814e-01 -2.125783405842521123e+00 3.833155948029082882e+00 -4.076393202248299374e+00 2.762586804718088374e+00 -3.935661446572519817e-01 -2.125783405842290641e+00 3.833155948031680360e+00
1.808454915021298604e+01 -1.088051349687675540e+01 -4.795084972163422554e-01 1.165637454327152511e+01 -1.838090169940112517e+01 1.808454915023412468e+01 -1.088051349689695257e+01 -4.795084972047849448e-01 1.165637454327305633e+01 -1.838090169941514418e+01 1.808454915025525978e+01 -1.088051349691716574e+01 -4.795084971932616069e-01 1.165637454327459288e+01 -1.838090169942913832e+01 1.808454915027639132e+01 -1.088051349693734871e+01 -4.795084971816702124e-01 1.165637454327612943e+01 -1.838090169944315022e+01
-5.727254248573001583e+00 3.869146285012015518e+00 -5.331559480214109747e-01 -3.006481839810425605e+00 5.397745751395563119e+00 -5.727254248579245477e+00 3.869146285018449039e+00 -5.331559480255814165e-01 -3.006481839810120960e+00 5.397745751399237513e+00 -5.727254248585490259e+00 3.869146285024886556e+00 -5.331559480297412001e-01 -3.006481839809819423e+00 5.397745751402900360e+00 -5.727254248591732377e+00 3.869146285031315635e+00 -5.331559480339218560e-01 -3.006481839809517886e+00 5.397745751406572978e+00
1.111474508433730746e+00 -9.079526825582373561e-01 3.576237921221316896e-01 3.293052317191834666e-01 -8.904508497172154424e-01 1.111474508434775466e+00 -9.079526825594995687e-01 3.576237921231303352e-01 3.293052317188315814e-01 -8.904508497176444326e-01 1.111474508435820407e+00 -9.079526825607623364e-01 3.576237921241269824e-01 3.293052317184804179e-01 -8.904508497180706472e-01 1.111474508436864905e+00 -9.079526825620238828e-01 3.576237921251274043e-01 3.293052317181293653e-01 -8.904508497184993043e-01
-5.309549150260285622e+00 3.193285238668698067e+00 1.427050983215758517e-01 -3.424186938122178780e+00 5.397745751395043534e+00 -5.309549150266491324e+00 3.193285238674627546e+00 1.427050983181840926e-01 -3.424186938122629975e+00 5.397745751399161129e+00 -5.309549150272698803e+00 3.193285238680561910e+00 1.427050983148022978e-01 -3.424186938123083834e+00 5.397745751403270731e+00 -5.309549150278904506e+00 3.193285238686487393e+00 1.427050983114005467e-01 -3.424186938123537693e+00 5.397745751407386550e+00
-1.266631189601438834e+01 7.215546818614059887e+00 9.913118960821953873e-01 -8.819523159930342970e+00 1.327897634125559989e+01 -1.266631189602962237e+01 7.215546818628171266e+00 9.913118960745888053e-01 -8.819523159932169065e+00 1.327897634126615145e+01 -1.266631189604485996e+01 7.215546818642293303e+00 9.913118960670064261e-01 -8.819523159933998713e+00 1.327897634127668525e+01 -1.266631189606008867e+01 7.215546818656393135e+00 9.913118960593756412e-01 -8.819523159935831913e+00 1.327897634128723325e+01
-2.240450849711008274e+00 1.551518827211629592e+00 -2.699593469026380088e-01 -1.114715428342903492e+00 2.073606797745962460e+00 -2.240450849713410797e+00 1.551518827214149576e+00 -2.699593469043151117e-01 -1.114715428342713643e+00 2.073606797747330699e+00 -2.240450849715812875e+00 1.551518827216671337e+00 -2.699593469059882178e-01 -1.114715428342524906e+00 2.073606797748694941e+00 -2.240450849718214510e+00 1.551518827219189545e+00 -2.699593469076693175e-01 -1.114715428342336390e+00 2.073606797750063180e+00
-1.504164078644669544e+01 9.740140287670300268e+00 -7.182372541947477096e-01 -8.578007998400169143e+00 1.459774575137884156e+01 -1.504164078646354064e+01 9.740140287687159670e+00 -7.182372542051924658e-01 -8.578007998400154932e+00 1.459774575138925101e+01 -1.504164078648038760e+01 9.740140287704031508e+00 -7.182372542156092443e-01 -8.578007998400147827e+00 1.459774575139963915e+01 -1.504164078649722924e+01 9.740140287720878476e+00 -7.182372542260815340e-01 -8.578007998400140721e+00 1.459774575141004327e+01
-1.174467844089391866e+00 6.854101966217248654e-01 6.545084971982691180e-02 -7.913118960612560704e-01 1.214918693809743599e+00 -1.174467844090786972e+00 6.854101966230347065e-01 6.545084971910189453e-02 -7.913118960613947372e-01 1.214918693810692396e+00 -1.174467844092182300e+00 6.854101966243456578e-01 6.545084971837909771e-02 -7.913118960615341813e-01 1.214918693811639638e+00 -1.174467844093577185e+00 6.854101966256544998e-01 6.545084971765185999e-02 -7.913118960616736253e-01 1.214918693812587769e+00
-1.658155948026974302e+00 1.481230589870564884e+00 -7.385254915596994874e-01 -2.862712429689744376e-01 1.201722092685589383e+00 -1.658155948028398052e+00 1.481230589872459147e+00 -7.385254915613419513e-01 -2.862712429682132687e-01 1.201722092686000165e+00 -1.658155948029822024e+00 1.481230589874354076e+00 -7.385254915629815287e-01 -2.862712429674535430e-01 1.201722092686406285e+00 -1.658155948031245552e+00 1.481230589876247228e+00 -7.385254915646266571e-01 -2.862712429666938174e-01 1.201722092686816623e+00
-1.801319660105628628e+01 1.091731689575126474e+01 3.486067977791222350e-01 -1.148137454327144269e+01 1.822864745080694959e+01 -1.801319660107725085e+01 1.091731689577138908e+01 3.486067977675144647e-01 -1.148137454327281759e+01 1.822864745082076965e+01 -1.801319660109822252e+01 1.091731689579152942e+01 3.486067977559403896e-01 -1.148137454327419960e+01 1.822864745083456128e+01 -1.801319660111918353e+01 1.091731689581163955e+01 3.486067977442987575e-01 -1.148137454327558515e+01 1.822864745084837423e+01
-6.616311896038673090e+00 4.186648117853832396e+00 -1.578270575839949008e-01 -3.931278574340058007e+00 6.518769410112283502e+00 -6.616311896046187080e+00 4.186648117861239804e+00 -1.578270575884714311e-01 -3.931278574340233867e+00 6.518769410117039698e+00 -6.616311896053701957e+00 4.186648117868652541e+00 -1.578270575929356101e-01 -3.931278574340412835e+00 6.518769410121785235e+00 -6.616311896061213282e+00 4.186648117876054620e+00 -1.578270575974243528e-01 -3.931278574340591803e+00 6.518769410126539654e+00
1.170491502807827988e+00 -7.383222260893502753e-01 2.413895365411643928e-02 6.992645786244005013e-01 -1.155572808997596068e+00 1.170491502809159590e+00 -7.383222260906605605e-01 2.413895365490556499e-02 6.992645786244358064e-01 -1.155572808998441836e+00 1.170491502810491635e+00 -7.383222260919717339e-01 2.413895365569250495e-02 6.992645786244718886e-01 -1.155572808999285606e+00 1.170491502811822793e+00 -7.383222260932809089e-01 2.413895365648378866e-02 6.992645786245078598e-01 -1.155572809000130707e+00
-1.575450849712636980e+01 9.221370877540140398e+00 8.340169943997643998e-01 -1.057083872167786787e+01 1.626995934687299439e+01 -1.575450849714505530e+01 9.221370877557713897e+00 8.340169943900060945e-01 -1.057083872167967797e+01 1.626995934688567402e+01 -1.575450849716374258e+01 9.221370877575299829e+00 8.340169943802776542e-01 -1.057083872168149696e+01 1.626995934689832879e+01 -1.575450849718242630e+01 9.221370877592860893e+00 8.340169943704895950e-01 -1.057083872168331595e+01 1.626995934691100132e+01
