1.129999999999085958e+01 1.054999999999252402e+01 -1.129999999999238192e+01 -1.054999999999388471e+01 1.129999999999390248e+01 1.054999999999523830e+01 -1.129999999999542126e+01 -1.054999999999660076e+01 1.129999999999694715e+01 1.054999999999795435e+01 -1.129999999999847482e+01 -1.054999999999932747e+01 1.129999999999998117e+01 1.055000000000068106e+01 -1.130000000000150884e+01 -1.055000000000203109e+01 1.130000000000303473e+01 1.055000000000338645e+01 -1.130000000000456239e+01 -1.055000000000473825e+01
8.499999999994914957e-01 -9.999999999993991473e-01 -8.499999999996005196e-01 9.999999999995335953e-01 8.499999999997099875e-01 -9.999999999996682654e-01 -8.499999999998193445e-01 9.999999999998023803e-01 8.499999999999280353e-01 -9.999999999999371614e-01 -8.500000000000368372e-01 1.000000000000070610e+00 8.500000000001471934e-01 -1.000000000000205391e+00 -8.500000000002557732e-01 1.000000000000340172e+00 8.500000000003645750e-01 -1.000000000000474953e+00 -8.500000000004732659e-01 1.000000000000609734e+00
-6.999999999994392041e+00 -7.349999999994951239e+00 6.999999999995337063e+00 7.349999999995902478e+00 -6.999999999996282085e+00 -7.349999999996847500e+00 6.999999999997223554e+00 7.349999999997799627e+00 -6.999999999998172129e+00 -7.349999999998744649e+00 6.999999999999121592e+00 7.349999999999702993e+00 -7.000000000000056843e+00 -7.350000000000648015e+00 7.000000000001005418e+00 7.350000000001593037e+00 -7.000000000001952216e+00 -7.350000000002539835e+00 7.000000000002901679e+00 7.350000000003483969e+00
-6.749999999994425792e+00 -7.949999999994638245e+00 6.749999999995339728e+00 7.949999999995669420e+00 -6.749999999996253663e+00 -7.949999999996694378e+00 6.749999999997164046e+00 7.949999999997725553e+00 -6.749999999998082423e+00 -7.949999999998751399e+00 6.749999999998999911e+00 7.949999999999788791e+00 -6.749999999999902300e+00 -7.950000000000814637e+00 6.750000000000820677e+00 7.950000000001838707e+00 -6.750000000001737277e+00 -7.950000000002865441e+00 6.750000000002655653e+00 7.950000000003889511e+00
-9.099999999992585131e+00 -8.949999999993977440e+00 9.099999999993812594e+00 8.949999999995132072e+00 -9.099999999995040056e+00 -8.949999999996283151e+00 9.099999999996262190e+00 8.949999999997439559e+00 -9.099999999997493205e+00 -8.949999999998588862e+00 9.099999999998725997e+00 8.949999999999755929e+00 -9.099999999999941025e+00 -8.950000000000905231e+00 9.100000000001172040e+00 8.950000000002052758e+00 -9.100000000002401279e+00 -8.950000000003203837e+00 9.100000000003634071e+00 8.950000000004351364e+00
-8.149999999993355004e+00 -7.849999999994644817e+00 8.149999999994454569e+00 7.849999999995660005e+00 -8.149999999995552358e+00 -7.849999999996666311e+00 8.149999999996646594e+00 7.849999999997681499e+00 -8.149999999997749711e+00 -7.849999999998687805e+00 8.149999999998851052e+00 7.849999999999710987e+00 -8.149999999999939959e+00 -7.850000000000719069e+00 8.150000000001041300e+00 7.850000000001723599e+00 -8.150000000002142642e+00 -7.850000000002733458e+00 8.150000000003243983e+00 7.850000000003740652e+00
1.719999999998574580e+01 1.704999999998823768e+01 -1.719999999998806217e+01 -1.704999999999044036e+01 1.719999999999038209e+01 1.704999999999262883e+01 -1.719999999999269491e+01 -1.704999999999483506e+01 1.719999999999502194e+01 1.704999999999702709e+01 -1.719999999999734897e+01 -1.704999999999924398e+01 1.719999999999964757e+01 1.705000000000143601e+01 -1.720000000000197815e+01 -1.705000000000362448e+01 1.720000000000430163e+01 1.705000000000581650e+01 -1.720000000000662865e+01 -1.705000000000800142e+01
-4.149999999996587086e+00 -3.349999999997721467e+00 4.149999999997144862e+00 3.349999999998152678e+00 -4.149999999997701750e+00 -3.349999999998580336e+00 4.149999999998257749e+00 3.349999999999011546e+00 -4.149999999998816413e+00 -3.349999999999439204e+00 4.149999999999375966e+00 3.349999999999874412e+00 -4.149999999999928413e+00 -3.350000000000302069e+00 4.150000000000487965e+00 3.350000000000728839e+00 -4.150000000001045741e+00 -3.350000000001157385e+00 4.150000000001605294e+00 3.350000000001584155e+00
1.789999999998536140e+01 1.794999999998745821e+01 -1.789999999998777369e+01 -1.794999999998977813e+01 1.789999999999018954e+01 1.794999999999208740e+01 -1.789999999999259472e+01 -1.794999999999440732e+01 1.789999999999501767e+01 1.794999999999671303e+01 -1.789999999999744063e+01 -1.794999999999905071e+01 1.789999999999983160e+01 1.795000000000135998e+01 -1.790000000000225455e+01 -1.795000000000366214e+01 1.790000000000467750e+01 1.795000000000597140e+01 -1.790000000000709690e+01 -1.795000000000827356e+01
-5.149999999995622524e+00 -5.049999999996566125e+00 5.149999999996316191e+00 5.049999999997218936e+00 -5.149999999997011635e+00 -5.049999999997867306e+00 5.149999999997703526e+00 5.049999999998520117e+00 -5.149999999998399858e+00 -5.049999999999168487e+00 5.149999999999097078e+00 5.049999999999826628e+00 -5.149999999999783640e+00 -5.050000000000474998e+00 5.150000000000480860e+00 5.050000000001122480e+00 -5.150000000001177192e+00 -5.050000000001771738e+00 5.150000000001873524e+00 5.050000000002419220e+00
3.099999999997609113e+00 -2.999999999999694023e-01 -3.099999999998017230e+00 3.000000000000175859e-01 3.099999999998425348e+00 -3.000000000000675460e-01 -3.099999999998833022e+00 3.000000000001152856e-01 3.099999999999241140e+00 -3.000000000001654676e-01 -3.099999999999649258e+00 3.000000000002100986e-01 3.100000000000057376e+00 -3.000000000002600586e-01 -3.100000000000465050e+00 3.000000000003106848e-01 3.100000000000873168e+00 -3.000000000003606448e-01 -3.100000000001281286e+00 3.000000000004112710e-01
-6.049999999995173461e+00 -5.599999999996086331e+00 6.049999999995987920e+00 5.599999999996809308e+00 -6.049999999996803268e+00 -5.599999999997526956e+00 6.049999999997614175e+00 5.599999999998249933e+00 -6.049999999998432187e+00 -5.599999999998967581e+00 6.049999999999249312e+00 5.599999999999697664e+00 -6.050000000000056666e+00 -5.600000000000414424e+00 6.050000000000874678e+00 5.600000000001132072e+00 -6.050000000001690914e+00 -5.600000000001850609e+00 6.050000000002508038e+00 5.600000000002568257e+00
-1.214999999999011315e+01 -1.174999999999187672e+01 1.214999999999174918e+01 1.174999999999339551e+01 -1.214999999999338698e+01 -1.174999999999490363e+01 1.214999999999501945e+01 1.174999999999642064e+01 -1.214999999999666258e+01 -1.174999999999793054e+01 1.214999999999830571e+01 1.174999999999945999e+01 -1.214999999999992752e+01 -1.175000000000096989e+01 1.215000000000157065e+01 1.175000000000247447e+01 -1.215000000000321201e+01 -1.175000000000398437e+01 1.215000000000485514e+01 1.175000000000549072e+01
-2.399999999998108979e+00 -1.649999999998912781e+00 2.399999999998430500e+00 1.649999999999124167e+00 -2.399999999998752021e+00 -1.649999999999333555e+00 2.399999999999072653e+00 1.649999999999544498e+00 -2.399999999999394618e+00 -1.649999999999754330e+00 2.399999999999717026e+00 1.649999999999967937e+00 -2.400000000000035882e+00 -1.650000000000177547e+00 2.400000000000358735e+00 1.650000000000386269e+00 -2.400000000000680256e+00 -1.650000000000596101e+00 2.400000000001003109e+00 1.650000000000805489e+00
-1.344999999998901430e+01 -1.444999999999011386e+01 1.344999999999083151e+01 1.444999999999198437e+01 -1.344999999999264872e+01 -1.444999999999384421e+01 1.344999999999445883e+01 1.444999999999571649e+01 -1.344999999999628315e+01 -1.444999999999757634e+01 1.344999999999810569e+01 1.444999999999946105e+01 -1.344999999999990337e+01 -1.445000000000132090e+01 1.345000000000172946e+01 1.445000000000317897e+01 -1.345000000000355023e+01 -1.445000000000504059e+01 1.345000000000537455e+01 1.445000000000689866e+01
-8.499999999993016475e-01 -1.599999999998970024e+00 8.499999999994185540e-01 1.599999999999178968e+00 -8.499999999995353495e-01 -1.599999999999387024e+00 8.499999999996514788e-01 1.599999999999595968e+00 -8.499999999997692735e-01 -1.599999999999804245e+00 8.499999999998868461e-01 1.600000000000013856e+00 -8.500000000000016431e-01 -1.600000000000221689e+00 8.500000000001193268e-01 1.600000000000429745e+00 -8.500000000002367884e-01 -1.600000000000638023e+00 8.500000000003542500e-01 1.600000000000846079e+00
-2.099999999998586997e+00 -2.049999999998796785e+00 2.099999999998869882e+00 2.049999999999062350e+00 -2.099999999999152767e+00 -2.049999999999325251e+00 2.099999999999434763e+00 2.049999999999590372e+00 -2.099999999999718980e+00 -2.049999999999853273e+00 2.100000000000003197e+00 2.050000000000120171e+00 -2.100000000000283418e+00 -2.050000000000383960e+00 2.100000000000567635e+00 2.050000000000646860e+00 -2.100000000000851408e+00 -2.050000000000910205e+00 2.100000000001135625e+00 2.050000000001173106e+00
-1.804999999998542037e+01 -1.894999999998695728e+01 1.804999999998785398e+01 1.894999999998940865e+01 -1.804999999999029470e+01 -1.894999999999184581e+01 1.804999999999272120e+01 1.894999999999429718e+01 -1.804999999999516902e+01 -1.894999999999673435e+01 1.804999999999761329e+01 1.894999999999920703e+01 -1.805000000000002913e+01 -1.895000000000164775e+01 1.805000000000247340e+01 1.895000000000408136e+01 -1.805000000000491767e+01 -1.895000000000652207e+01 1.805000000000736193e+01 1.895000000000895568e+01
-7.199999999994460609e+00 -7.449999999994737720e+00 7.199999999995432276e+00 7.449999999995702282e+00 -7.199999999996404831e+00 -7.449999999996659739e+00 7.199999999997372946e+00 7.449999999997624300e+00 -7.199999999998348166e+00 -7.449999999998581757e+00 7.199999999999323386e+00 7.449999999999553424e+00 -7.200000000000286171e+00 -7.450000000000510880e+00 7.200000000001260503e+00 7.450000000001468337e+00 -7.200000000002235723e+00 -7.450000000002426681e+00 7.200000000003210943e+00 7.450000000003384137e+00
1.799999999998613598e+00 2.599999999998098943e+00 -1.799999999998858513e+00 -2.599999999998437339e+00 1.799999999999103650e+00 2.599999999998773959e+00 -1.799999999999347455e+00 -2.599999999999112354e+00 1.799999999999594369e+00 2.599999999999449418e+00 -1.799999999999840616e+00 -2.599999999999789591e+00 1.800000000000082201e+00 2.600000000000126210e+00 -1.800000000000328670e+00 -2.600000000000462386e+00 1.800000000000574918e+00 2.600000000000799893e+00 -1.800000000000821165e+00 -2.600000000001136069e+00
