-1.324266649563130116e+00 -6.387588488857275593e+00 -1.082564866191612118e+01 -1.420401891721719778e+01 -1.619200083568197002e+01 -1.659499689604662365e+01 -1.537355903608399821e+01 -1.264725010378521830e+01 -8.682940212754978404e+00 -3.868683636098473322e+00 1.324266649563223375e+00 6.387588488857391056e+00 1.082564866191624375e+01 1.420401891721731324e+01 1.619200083568207305e+01 1.659499689604669470e+01 1.537355903608403551e+01 1.264725010378521652e+01 8.682940212754944653e+00 3.868683636098397827e+00
-6.844320123124386868e+00 -1.695159536832098723e+01 -2.539953035015646066e+01 -3.136118233238465436e+01 -3.425298328171327000e+01 -3.379186357286005915e+01 -3.002296081573749831e+01 -2.331520147170233059e+01 -1.432518776105620617e+01 -3.932924862905828434e+00 6.844320123124597366e+00 1.695159536832123948e+01 2.539953035015670935e+01 3.136118233238488173e+01 3.425298328171346185e+01 3.379186357286019415e+01 3.002296081573754449e+01 2.331520147170229151e+01 1.432518776105611025e+01 3.932924862905650798e+00
4.266143278727543020e+01 4.121682912487255379e+01 3.573763505319237765e+01 2.676019226376084958e+01 1.516327540632942750e+01 2.082071503374431032e+00 -1.120294006497605466e+01 -2.339132980429349118e+01 -3.329001320538868214e+01 -3.993003816877973833e+01 -4.266143278727564336e+01 -4.121682912487269590e+01 -3.573763505319242739e+01 -2.676019226376080695e+01 -1.516327540632928184e+01 -2.082071503374221422e+00 1.120294006497632822e+01 2.339132980429380737e+01 3.329001320538895925e+01 3.993003816877999412e+01
5.851366231443248722e+01 5.744666098818755984e+01 5.075638022999621768e+01 3.909771133439722490e+01 2.361188604361449705e+01 5.814764833199081551e+00 -1.255154607293875557e+01 -2.968922419769359777e+01 -4.392071420098974244e+01 -5.385293868468315992e+01 -5.851366231443279275e+01 -5.744666098818777300e+01 -5.075638022999630294e+01 -3.909771133439718938e+01 -2.361188604361431587e+01 -5.814764833198806215e+00 1.255154607293912861e+01 2.968922419769402410e+01 4.392071420099013324e+01 5.385293868468352230e+01
4.510539656008038634e+01 4.280457998616036974e+01 3.631375288614945873e+01 2.626828264084838338e+01 1.365148986877396098e+01 -3.016058471788998219e-01 -1.422517828139841001e+01 -2.675629115278961478e+01 -3.666831182410345491e+01 -4.299098265092280258e+01 -4.510539656008059239e+01 -4.280457998616049764e+01 -3.631375288614948715e+01 -2.626828264084831588e+01 -1.365148986877378867e+01 3.016058471791343010e-01 1.422517828139871199e+01 2.675629115278994874e+01 3.666831182410373913e+01 4.299098265092306548e+01
2.493557530425041335e+01 2.429017238651052324e+01 2.126707815599644746e+01 1.616221413912694160e+01 9.475279993552234714e+00 1.860839424050956481e+00 -5.935753073507082256e+00 -1.315131270340675407e+01 -1.907953021531337257e+01 -2.314011037484135258e+01 -2.493557530425054480e+01 -2.429017238651061206e+01 -2.126707815599647944e+01 -1.616221413912692029e+01 -9.475279993552151225e+00 -1.860839424050836577e+00 5.935753073507243016e+00 1.315131270340693881e+01 1.907953021531353954e+01 2.314011037484150890e+01
3.677154318282919121e+01 2.262526897026604189e+01 6.264275791374899427e+00 -1.070990834775190237e+01 -2.663573203748151741e+01 -3.995426469332488750e+01 -4.936179554325452301e+01 -5.393744992155765772e+01 -5.323333089722734002e+01 -4.731836254625069671e+01 -3.677154318282916279e+01 -2.262526897026588202e+01 -6.264275791374636526e+00 1.070990834775223988e+01 2.663573203748192242e+01 3.995426469332527120e+01 4.936179554325487118e+01 5.393744992155794193e+01 5.323333089722751055e+01 4.731836254625075355e+01
1.002716226449967607e+00 -1.106897470593379040e+01 -2.205715727201910425e+01 -3.088623160306781301e+01 -3.669194638777879192e+01 -3.890599781223107811e+01 -3.731165909679589276e+01 -3.206499522335105468e+01 -2.367958620748609633e+01 -1.297625430825390858e+01 -1.002716226449770431e+00 1.106897470593405153e+01 2.205715727201938847e+01 3.088623160306809012e+01 3.669194638777904771e+01 3.890599781223126286e+01 3.731165909679600645e+01 3.206499522335107599e+01 2.367958620748603948e+01 1.297625430825375403e+01
5.719032051736601119e-01 -1.264417523464739546e+01 -2.462255370535208598e+01 -3.419070506395755871e+01 -4.041203199025299853e+01 -4.267754765815907803e+01 -4.076548760932530513e+01 -3.486301760343724254e+01 -2.554791252959796211e+01 -1.373199977458822474e+01 -5.719032051734398436e-01 1.264417523464768500e+01 2.462255370535239507e+01 3.419070506395786424e+01 4.041203199025328274e+01 4.267754765815928408e+01 4.076548760932542592e+01 3.486301760343726386e+01 2.554791252959790171e+01 1.373199977458805243e+01
-1.221277853408846958e+01 -3.052462950653961471e+01 -4.584851706529117621e+01 -5.668443232828983014e+01 -6.197168041133220839e+01 -6.119270863362662993e+01 -5.442376818019036477e+01 -4.232745010458708634e+01 -2.608782630006068359e+01 -7.294544292710486211e+00 1.221277853408884795e+01 3.052462950654006590e+01 4.584851706529162385e+01 5.668443232829024225e+01 6.197168041133256366e+01 6.119270863362685731e+01 5.442376818019045004e+01 4.232745010458702239e+01 2.608782630006050951e+01 7.294544292710165578e+00
-1.179257068420156962e+01 -2.750409224107085038e+01 -4.052332161710525327e+01 -4.957584593067355883e+01 -5.377554102931805602e+01 -5.271131149578710051e+01 -4.648733153174583066e+01 -3.571284766109292974e+01 -2.144254143533130019e+01 -5.073289854908380470e+00 1.179257068420190180e+01 2.750409224107124118e+01 4.052332161710563696e+01 4.957584593067391410e+01 5.377554102931835445e+01 5.271131149578728525e+01 4.648733153174589461e+01 3.571284766109286579e+01 2.144254143533114032e+01 5.073289854908097141e+00
3.441847710841032892e+01 6.868775942668149526e+01 9.623340527650827880e+01 1.143590549203097027e+02 1.212904434821234645e+02 1.163490783556954256e+02 1.000186547881155548e+02 7.389770841892999442e+01 4.054313947408964935e+01 3.219925556862409444e+00 -3.441847710841110342e+01 -6.868775942668239054e+01 -9.623340527650914566e+01 -1.143590549203104700e+02 -1.212904434821241040e+02 -1.163490783556958093e+02 -1.000186547881156400e+02 -7.389770841892979547e+01 -4.054313947408925145e+01 -3.219925556861732652e+00
-7.348016739196330249e+00 -1.400851033579975891e+01 -1.929775333770441037e+01 -2.269799778756089736e+01 -2.387640406772112200e+01 -2.271762156104367492e+01 -1.933507997299459191e+01 -1.405988604176516432e+01 -7.408412503781474534e+00 -3.175193248255747669e-02 7.348016739196483904e+00 1.400851033579993477e+01 1.929775333770458445e+01 2.269799778756105013e+01 2.387640406772124280e+01 2.271762156104374597e+01 1.933507997299460612e+01 1.405988604176512169e+01 7.408412503781391933e+00 3.175193248242202948e-02
2.403606363302530013e+01 5.751642985583100653e+01 8.536668718381712040e+01 1.048606583855674472e+02 1.140901377373707675e+02 1.121516794947087305e+02 9.923503345640575901e+01 7.660457093225571157e+01 4.647551926982645654e+01 1.179711996728308954e+01 -2.403606363302600002e+01 -5.751642985583183787e+01 -8.536668718381794463e+01 -1.048606583855682146e+02 -1.140901377373714354e+02 -1.121516794947091569e+02 -9.923503345640590112e+01 -7.660457093225558367e+01 -4.647551926982612969e+01 -1.179711996728249090e+01
-1.064155943537593707e+01 -2.066468354817197550e+01 -2.866500445595648827e+01 -3.385939500676207814e+01 -3.573939206202882701e+01 -3.412096841127752356e+01 -2.916254663766431676e+01 -2.134949161174639087e+01 -1.144659959621592726e+01 -4.232346590588611512e-01 1.064155943537616622e+01 2.066468354817223485e+01 2.866500445595674051e+01 3.385939500676230551e+01 3.573939206202901175e+01 3.412096841127763724e+01 2.916254663766433808e+01 2.134949161174632337e+01 1.144659959621580647e+01 4.232346590586599788e-01
3.410723799604647155e+01 2.917930976670921694e+01 2.139510739320074606e+01 1.151660283956714359e+01 5.107729591064462671e-01 -1.054505493735606869e+01 -2.056865938483220191e+01 -2.857886014144418851e+01 -3.379156294678446670e+01 -3.569651213123024291e+01 -3.410723799604657813e+01 -2.917930976670924537e+01 -2.139510739320069632e+01 -1.151660283956702280e+01 -5.107729591062479813e-01 1.054505493735629429e+01 2.056865938483245415e+01 2.857886014144444786e+01 3.379156294678466566e+01 3.569651213123039923e+01
-3.278771165302263313e+00 -1.311099083310962143e+01 -2.165981536852760314e+01 -2.808842626286655175e+01 -3.176754629102271821e+01 -3.233703755070364139e+01 -2.974115426953279950e+01 -2.423399958965353207e+01 -1.635465218173533586e+01 -6.874397468706736625e+00 3.278771165302448054e+00 1.311099083310985058e+01 2.165981536852783762e+01 2.808842626286677913e+01 3.176754629102292071e+01 3.233703755070377639e+01 2.974115426953286345e+01 2.423399958965352141e+01 1.635465218173526480e+01 6.874397468706584746e+00
-1.663388763902600687e+01 -4.010411237359724623e+01 -5.964866716725951079e+01 -7.335439482188861859e+01 -7.987968322122974030e+01 -7.858579167239778940e+01 -6.959937529526486344e+01 -5.380008713686930122e+01 -3.273447160226837838e+01 -8.464577912762656808e+00 1.663388763902650069e+01 4.010411237359782177e+01 5.964866716726009344e+01 7.335439482188915861e+01 7.987968322123019504e+01 7.858579167239807362e+01 6.959937529526496292e+01 5.380008713686921595e+01 3.273447160226815100e+01 8.464577912762241141e+00
-5.833267785449471887e-01 -2.907822112478560150e+00 -4.947679558054800530e+00 -6.503223655978127127e+00 -7.422186911830777056e+00 -7.614614799336401063e+00 -7.061671136142012806e+00 -5.817481900586117582e+00 -4.003837003821070439e+00 -1.798268644749263512e+00 5.833267785449898213e-01 2.907822112478613441e+00 4.947679558054856486e+00 6.503223655978180417e+00 7.422186911830825906e+00 7.614614799336434814e+00 7.061671136142029681e+00 5.817481900586115806e+00 4.003837003821054452e+00 1.798268644749229095e+00
1.053142180073418643e+01 -2.254016522484217688e+01 -5.340536383164536005e+01 -7.904287332955746592e+01 -9.694311566189068685e+01 -1.053538903908343656e+02 -1.034518922846060178e+02 -9.142330216984332480e+01 -7.044556225509467140e+01 -4.257211988372401379e+01 -1.053142180073368550e+01 2.254016522484286256e+01 5.340536383164610612e+01 7.904287332955823331e+01 9.694311566189142582e+01 1.053538903908349198e+02 1.034518922846063873e+02 9.142330216984345270e+01 7.044556225509458613e+01 4.257211988372365141e+01
