-1.362061712777688882e+01 -6.086049649022813313e+00 1.738200266809811367e+01 -4.656618792393641293e+00 -1.450405398175900729e+01 1.362061712778160860e+01 6.086049649054091404e+00 -1.738200266812216555e+01 4.656618792377218874e+00 1.450405398179320215e+01 -1.362061712778632483e+01 -6.086049649085408575e+00 1.738200266814622452e+01 -4.656618792360795567e+00 -1.450405398182742012e+01 1.362061712779106237e+01 6.086049649116666238e+00 -1.738200266817027639e+01 4.656618792344407787e+00 1.450405398186164696e+01
-1.377963412215181727e+01 -6.165025990303221626e+00 1.758982972569151215e+01 -4.706086636487715857e+00 -1.468130823035222399e+01 1.377963412215658323e+01 6.165025990334881634e+00 -1.758982972571584114e+01 4.706086636471086493e+00 1.468130823038682387e+01 -1.377963412216134031e+01 -6.165025990366578057e+00 1.758982972574018078e+01 -4.706086636454454464e+00 -1.468130823042145039e+01 1.377963412216612227e+01 6.165025990398216749e+00 -1.758982972576450976e+01 4.706086636437858850e+00 1.468130823045608402e+01
-1.619110863058871885e+01 -7.154490168702514197e+00 2.061282672703071484e+01 -5.584937352803443389e+00 -1.716114561797316895e+01 1.619110863059444583e+01 7.154490168739544131e+00 -2.061282672705932839e+01 5.584937352784088205e+00 1.716114561801373029e+01 -1.619110863060016925e+01 -7.154490168776619363e+00 2.061282672708794905e+01 -5.584937352764730356e+00 -1.716114561805433425e+01 1.619110863060591399e+01 7.154490168813625317e+00 -2.061282672711656261e+01 5.584937352745416028e+00 1.716114561809493466e+01
1.343024391855457367e+01 4.148588469277183499e+00 -1.599421259791009042e+01 5.736378539515069264e+00 1.244893568816552332e+01 -1.343024391856191713e+01 -4.148588469304520743e+00 1.599421259793433059e+01 -5.736378539502705820e+00 -1.244893568819739471e+01 1.343024391856925348e+01 4.148588469331892625e+00 -1.599421259795857253e+01 5.736378539490339712e+00 1.244893568822929453e+01 -1.343024391857661115e+01 -4.148588469359210329e+00 1.599421259798281447e+01 -5.736378539478006466e+00 -1.244893568826119967e+01
1.253913528796179122e+01 3.872727422936133923e+00 -1.493261246450601121e+01 5.356134620951502612e+00 1.162233922044842949e+01 -1.253913528796864796e+01 -3.872727422961656174e+00 1.493261246452864377e+01 -5.356134620939959845e+00 -1.162233922047818702e+01 1.253913528797549937e+01 3.872727422987211288e+00 -1.493261246455127633e+01 5.356134620928416190e+00 1.162233922050796942e+01 -1.253913528798237031e+01 -3.872727423012715775e+00 1.493261246457390889e+01 -5.356134620916902733e+00 -1.162233922053775714e+01
-4.176596467717189398e+00 -1.079460512708660058e+00 4.843739754086567650e+00 -1.914135287973594224e+00 -3.660739087056779972e+00 4.176596467719779326e+00 1.079460512716762688e+00 -4.843739754094166017e+00 1.914135287970184729e+00 3.660739087066481545e+00 -4.176596467722367478e+00 -1.079460512724876420e+00 4.843739754101763495e+00 -1.914135287966774568e+00 -3.660739087076192888e+00 4.176596467724960071e+00 1.079460512732973054e+00 -4.843739754109361861e+00 1.914135287963374399e+00 3.660739087085904675e+00
-4.689464178404553429e+00 -1.947368876486477829e+00 5.893004332708926540e+00 -1.694708096974866018e+00 -4.845617127772798405e+00 4.689464178406393735e+00 1.947368876496966550e+00 -5.893004332717249660e+00 1.694708096969517852e+00 4.845617127784422884e+00 -4.689464178408231376e+00 -1.947368876507468594e+00 5.893004332725573668e+00 -1.694708096964169464e+00 -4.845617127796057133e+00 4.689464178410077011e+00 1.947368876517950653e+00 -5.893004332733896788e+00 1.694708096958832622e+00 4.845617127807694047e+00
-7.114512162872599355e+00 -3.177738420010200127e+00 9.078462513798299938e+00 -2.433059979103979309e+00 -7.574748750051019108e+00 7.114512162875066714e+00 3.177738420026535948e+00 -9.078462513810864110e+00 2.433059979095404390e+00 7.574748750068877712e+00 -7.114512162877531409e+00 -3.177738420042890866e+00 9.078462513823430058e+00 -2.433059979086828140e+00 -7.574748750086751414e+00 7.114512162880007651e+00 3.177738420059216473e+00 -9.078462513835994230e+00 2.433059979078270540e+00 7.574748750104626893e+00
-2.230572808998857681e+00 -6.195048314944069379e-01 2.613447851058251281e+00 -9.956947682837018476e-01 -1.998074641840327681e+00 2.230572809000178403e+00 6.195048314988156335e-01 -2.613447851062296934e+00 9.956947682817920420e-01 1.998074641845551724e+00 -2.230572809001498236e+00 -6.195048315032302133e-01 2.613447851066343031e+00 -9.956947682798817922e-01 -1.998074641850780653e+00 2.230572809002820733e+00 6.195048315076360224e-01 -2.613447851070388683e+00 9.956947682779770936e-01 1.998074641856010469e+00
-2.132827057592748599e+00 -8.321692767130320911e-01 2.647135954995762486e+00 -8.038507163148633783e-01 -2.150328890434035412e+00 2.132827057593663866e+00 8.321692767177013561e-01 -2.647135954999563001e+00 8.038507163125417909e-01 2.150328890439269447e+00 -2.132827057594577358e+00 -8.321692767223763942e-01 2.647135955003363961e+00 -8.038507163102196484e-01 -2.150328890444507035e+00 2.132827057595493958e+00 8.321692767270425506e-01 -2.647135955007164920e+00 8.038507163079030571e-01 2.150328890449746400e+00
5.539386537904397834e+00 2.180650449483892750e+00 -6.887102633270622221e+00 2.075813061882608945e+00 5.604179606740880004e+00 -5.539386537906745289e+00 -2.180650449496056353e+00 6.887102633280488106e+00 -2.075813061876539134e+00 -5.604179606754492227e+00 5.539386537909090080e+00 2.180650449508235056e+00 -6.887102633290354881e+00 2.075813061870467990e+00 5.604179606768116884e+00 -5.539386537911444641e+00 -2.180650449520390222e+00 6.887102633300220766e+00 -2.075813061864411502e+00 -5.604179606781742429e+00
8.873935688183827608e+00 3.538555147568765324e+00 -1.106088304045112203e+01 3.297446517011430878e+00 9.022949016860634330e+00 -8.873935688187522430e+00 -3.538555147588336780e+00 1.106088304046691384e+01 -3.297446517001613397e+00 -9.022949016882487072e+00 8.873935688191213700e+00 3.538555147607932216e+00 -1.106088304048270921e+01 3.297446516991795029e+00 9.022949016904355801e+00 -8.873935688194917404e+00 -3.538555147627490793e+00 1.106088304049849924e+01 -3.297446516981998865e+00 -9.022949016926229859e+00
-1.624647817411975126e+01 -7.179490168701803121e+00 2.068364712028007801e+01 -5.603706762928856833e+00 -1.722036587781628469e+01 1.624647817412549955e+01 7.179490168738960953e+00 -2.068364712030878749e+01 5.603706762909434147e+00 1.722036587785699169e+01 -1.624647817413123718e+01 -7.179490168776163195e+00 2.068364712033750763e+01 -5.603706762890008797e+00 -1.722036587789773066e+01 1.624647817413700324e+01 7.179490168813297046e+00 -2.068364712036622066e+01 5.603706762870626967e+00 1.722036587793847318e+01
6.460613462089757064e+00 1.984501165795087285e+00 -7.687102633267953955e+00 2.766389536569517027e+00 5.977379873551321943e+00 -6.460613462093305337e+00 -1.984501165808216561e+00 7.687102633279617514e+00 -2.766389536563591989e+00 -5.977379873566643020e+00 6.460613462096851833e+00 1.984501165821363156e+00 -7.687102633291282849e+00 2.766389536557666506e+00 5.977379873581977421e+00 -6.460613462100407212e+00 -1.984501165834482883e+00 7.687102633302947297e+00 -2.766389536551757011e+00 -5.977379873597313598e+00
-1.161020693115166047e+01 -4.656666776810682862e+00 1.448818527350817398e+01 -4.297524157515351106e+00 -1.183216927669978880e+01 1.161020693115645486e+01 4.656666776836340560e+00 -1.448818527352882768e+01 4.297524157502450315e+00 1.183216927672840590e+01 -1.161020693116124569e+01 -4.656666776862029344e+00 1.448818527354948316e+01 -4.297524157489548635e+00 -1.183216927675704788e+01 1.161020693116605429e+01 4.656666776887669279e+00 -1.448818527357013686e+01 4.297524157476677154e+00 1.183216927678569519e+01
-1.079967110955784904e+01 -4.097978672875976613e+00 1.333236121457220591e+01 -4.141873708013490862e+00 -1.077254248591944830e+01 1.079967110956264875e+01 4.097978672899399655e+00 -1.333236121459148293e+01 4.141873708001974741e+00 1.077254248594583608e+01 -1.079967110956744314e+01 -4.097978672922853782e+00 1.333236121461076351e+01 -4.141873707990455955e+00 -1.077254248597224517e+01 1.079967110957225351e+01 4.097978672946261725e+00 -1.333236121463004054e+01 4.141873707978964703e+00 1.077254248599865782e+01
-1.178680339887117334e+01 -5.063100632153358482e+00 1.491597167800808066e+01 -4.155476840078346612e+00 -1.234774575138670905e+01 1.178680339887555562e+01 5.063100632180041138e+00 -1.491597167802895463e+01 4.155476840064556754e+00 1.234774575141609532e+01 -1.178680339887993078e+01 -5.063100632206755769e+00 1.491597167804983037e+01 -4.155476840050764231e+00 -1.234774575144550646e+01 1.178680339888432549e+01 5.063100632233420662e+00 -1.491597167807070257e+01 4.155476840037003683e+00 1.234774575147492115e+01
-5.181762745779367130e+00 -2.244379206515875858e+00 6.568865379051912257e+00 -1.815402865257095710e+00 -5.446884705053506082e+00 5.181762745781266055e+00 2.244379206527640669e+00 -6.568865379061082699e+00 1.815402865250995257e+00 5.446884705066443289e+00 -5.181762745783163204e+00 -2.244379206539420135e+00 6.568865379070255806e+00 -1.815402865244893693e+00 -5.446884705079392042e+00 5.181762745785068347e+00 2.244379206551177841e+00 -6.568865379079426248e+00 1.815402865238805674e+00 5.446884705092341683e+00
-5.305040653091771752e+00 -2.223558813266222067e+00 6.679275575676971499e+00 -1.904460512725568710e+00 -5.502254248585037644e+00 5.305040653093824332e+00 2.223558813278126323e+00 -6.679275575686380861e+00 1.904460512719476029e+00 5.502254248598208441e+00 -5.305040653095874248e+00 -2.223558813290045677e+00 6.679275575695792888e+00 -1.904460512713382681e+00 -5.502254248611390786e+00 5.305040653097932157e+00 2.223558813301942827e+00 -6.679275575705202250e+00 1.904460512707303321e+00 5.502254248624574906e+00
-9.482779073141193171e-01 -1.259752415744650467e+00 1.726847717654212300e+00 1.925018328404911605e-01 -1.845820393247217694e+00 9.482779073132342473e-01 1.259752415748410126e+00 -1.726847717655650705e+00 -1.925018328433621972e-01 1.845820393250430014e+00 -9.482779073123486224e-01 -1.259752415752172894e+00 1.726847717657091108e+00 1.925018328462334560e-01 -1.845820393253643887e+00 9.482779073114665502e-01 1.259752415755930333e+00 -1.726847717658528403e+00 -1.925018328491009401e-01 1.845820393256858427e+00
