9.904153614607052347e+00 1.409410036244103992e+01 6.664455060138854137e+00 -6.259563564609887720e+00 -1.402301335826902751e+01 -1.022547732477212357e+01 2.002243819964636629e+00 1.257925610251016124e+01 1.278555862376675556e+01 2.451069500231895404e+00 -9.904153614606418188e+00 -1.409410036244181796e+01 -6.664455060140394238e+00 6.259563564608843222e+00 1.402301335826935080e+01 1.022547732477353755e+01 -2.002243819963286153e+00 -1.257925610250999426e+01 -1.278555862376790841e+01 -2.451069500233446163e+00
1.210874994137514093e+01 2.577890077904439536e+01 1.819616545509179417e+01 -4.388025373490798131e+00 -2.335459865753815834e+01 -2.306695195473070115e+01 -3.762229691121622643e+00 1.864418569837448558e+01 2.567978448013559856e+01 1.154421150057156709e+01 -1.210874994137329175e+01 -2.577890077904505972e+01 -1.819616545509441607e+01 4.388025373488366299e+00 2.335459865753793096e+01 2.306695195473286475e+01 3.762229691124395536e+00 -1.864418569837339490e+01 -2.567978448013708714e+01 -1.154421150057445544e+01
3.618913560912542238e+00 3.168673289840516549e+00 1.060852972901533686e-01 -3.043962543376112162e+00 -3.684477880344549927e+00 -1.287400977552658476e+00 2.171047263559822138e+00 3.839620104653500565e+00 2.342696880282262306e+00 -1.085614751010485435e+00 -3.618913560912559113e+00 -3.168673289840867380e+00 -1.060852972905452773e-01 3.043962543375997587e+00 3.684477880344811496e+00 1.287400977553075254e+00 -2.171047263559588991e+00 -3.839620104653645338e+00 -2.342696880282664651e+00 1.085614751010147927e+00
-5.455569558545020570e+00 -1.404088830560660384e+01 -1.105048459169806030e+01 1.050264558235824985e+00 1.228514462837114252e+01 1.339178911143773654e+01 3.457847654657085990e+00 -9.326845399274661830e+00 -1.442221200686841875e+01 -7.627481646870937659e+00 5.455569558543881925e+00 1.404088830560682055e+01 1.105048459169944941e+01 -1.050264558234402124e+00 -1.228514462837086541e+01 -1.339178911143883077e+01 -3.457847654658653624e+00 9.326845399273915760e+00 1.442221200686911331e+01 7.627481646872519505e+00
-6.104853739610373253e+00 -1.466063487016105427e+01 -1.112975619224077661e+01 1.576821767341020974e+00 1.298342135291450994e+01 1.368610542374391947e+01 3.105560505879080502e+00 -1.003530009282860469e+01 -1.490276329966721036e+01 -7.483948879071419924e+00 6.104853739609232832e+00 1.466063487016133138e+01 1.112975619224224211e+01 -1.576821767339570579e+00 -1.298342135291427546e+01 -1.368610542374509009e+01 -3.105560505880696098e+00 1.003530009282788171e+01 1.490276329966797420e+01 7.483948879073067495e+00
-8.943696490380158792e+00 -1.803982017334494614e+01 -1.226338401342096418e+01 3.623347640768594058e+00 1.652288462776614608e+01 1.580046817829363093e+01 2.051679721269080492e+00 -1.338857401311471307e+01 -1.779089242953955363e+01 -7.525874377295857620e+00 8.943696490378918895e+00 1.803982017334547194e+01 1.226338401342281337e+01 -3.623347640766933164e+00 -1.652288462776605371e+01 -1.580046817829517813e+01 -2.051679721270996737e+00 1.338857401311400963e+01 1.779089242954064432e+01 7.525874377297874673e+00
-9.084988253597574115e+00 -1.711831830987609493e+01 -1.103880183958948180e+01 4.141428461296566610e+00 1.590734298553851644e+01 1.455877475881905880e+01 1.207523203825159541e+00 -1.313924609680037037e+01 -1.665363336770685621e+01 -6.438274084447710877e+00 9.084988253596467445e+00 1.711831830987666692e+01 1.103880183959125461e+01 -4.141428461295042496e+00 -1.590734298553850934e+01 -1.455877475882056871e+01 -1.207523203826947888e+00 1.313924609679978062e+01 1.665363336770795044e+01 6.438274084449618684e+00
2.039758285889881861e+01 4.042842169883181214e+01 2.712887723717057753e+01 -8.536513796307900748e+00 -3.716415106809300539e+01 -3.515256602728209145e+01 -4.160168714055071604e+00 3.026199439294203586e+01 3.973527673231345858e+01 1.644962492508673790e+01 -2.039758285889608302e+01 -4.042842169883302716e+01 -2.712887723717473420e+01 8.536513796304209478e+00 3.716415106809284197e+01 3.515256602728557311e+01 4.160168714059348183e+00 -3.026199439294050464e+01 -3.973527673231593837e+01 -1.644962492509125340e+01
-4.509111142796390581e+00 -7.268487534109559611e+00 -4.035508415246294334e+00 2.524462870141652715e+00 7.003192505304762783e+00 5.708283677025110414e+00 -2.927025827902787203e-01 -6.052376199969245363e+00 -6.822292360545616496e+00 -1.967709472743480070e+00 4.509111142795994454e+00 7.268487534109884685e+00 4.035508415247068825e+00 -2.524462870141062076e+00 -7.003192505304848048e+00 -5.708283677025797864e+00 2.927025827895521903e-01 6.052376199969081050e+00 6.822292360546148515e+00 1.967709472744284982e+00
1.839926160932046884e+01 4.180114852505716527e+01 3.074093565451200760e+01 -5.663011286268822886e+00 -3.739820468978165025e+01 -3.830121507146964888e+01 -7.627574038002970624e+00 2.933446401085559074e+01 4.211230469697413525e+01 2.017151927100192310e+01 -1.839926160931732824e+01 -4.180114852505808187e+01 -3.074093565451621402e+01 5.663011286264773680e+00 3.739820468978111734e+01 3.830121507147306659e+01 7.627574038007528756e+00 -2.933446401085365451e+01 -4.211230469697641610e+01 -2.017151927100661268e+01
-6.726536209857454374e+00 -1.105756524599780732e+01 -6.272411345861334198e+00 3.683903475179218123e+00 1.060309961302012915e+01 8.780787687063501323e+00 -2.806646010855091689e-01 -9.110728713780799737e+00 -1.042963935011053955e+01 -3.150047679667799638e+00 6.726536209856837090e+00 1.105756524599828694e+01 6.272411345862508369e+00 -3.683903475178307740e+00 -1.060309961302024284e+01 -8.780787687064536939e+00 2.806646010843969474e-01 9.110728713780531507e+00 1.042963935011133536e+01 3.150047679669025769e+00
4.590123102462126070e+00 1.612990137614166652e+00 -2.693939472496502230e+00 -4.779905922618255865e+00 -2.925176944824491088e+00 1.341154185590651693e+00 4.501798247505560013e+00 3.951027051769170129e+00 1.429126173715422610e-01 -3.783023194054179861e+00 -4.590123102462450255e+00 -1.612990137614692010e+00 2.693939472496212240e+00 4.779905922618434388e+00 2.925176944824996905e+00 -1.341154185590244463e+00 -4.501798247505579553e+00 -3.951027051769604004e+00 -1.429126173720299819e-01 3.783023194054031535e+00
-6.388215380572249913e+00 -1.171784100999754941e+01 -7.386932888196941605e+00 3.033980587284678343e+00 1.095359097809224380e+01 9.842737885848546142e+00 6.172413648722145929e-01 -9.117127143095077102e+00 -1.133506712084580847e+01 -4.208043431662023437e+00 6.388215380571510948e+00 1.171784100999796152e+01 7.386932888198161962e+00 -3.033980587283649832e+00 -1.095359097809225979e+01 -9.842737885849590640e+00 -6.172413648734302871e-01 9.117127143094696962e+00 1.133506712084657586e+01 4.208043431663328171e+00
-1.182477662345449154e+01 -2.482983759441799521e+01 -1.736444808617817515e+01 4.416704595910259989e+00 2.255659573659527695e+01 2.210016403587814082e+01 3.423705250472354411e+00 -1.807535712703032260e+01 -2.467256194884892295e+01 -1.092897897258170836e+01 1.182477662345272940e+01 2.482983759441865601e+01 1.736444808618070113e+01 -4.416704595907932074e+00 -2.255659573659508155e+01 -2.210016403588023337e+01 -3.423705250475016282e+00 1.807535712702929231e+01 2.467256194885037246e+01 1.092897897258448836e+01
-1.765494154955770112e+00 -3.531156641286509412e+00 -2.385629439609956659e+00 7.266810372115093397e-01 3.239894233197036844e+00 3.082043061309851950e+00 3.832646835395566720e-01 -2.631488403891681038e+00 -3.476764834311996122e+00 -1.455693786703719184e+00 1.765494154955529194e+00 3.531156641286613773e+00 2.385629439610319480e+00 -7.266810372111854877e-01 -3.239894233197020412e+00 -3.082043061310155263e+00 -3.832646835399310392e-01 2.631488403891545147e+00 3.476764834312211061e+00 1.455693786704113757e+00
-1.257315790785101939e+01 -2.930052011219105168e+01 -2.187166930503930118e+01 3.588830791150703359e+00 2.609059292906257355e+01 2.708250070338834448e+01 5.746796088242181355e+00 -2.032673672618677330e+01 -2.964230823801142378e+01 -1.451988652623526654e+01 1.257315790784878473e+01 2.930052011219165564e+01 2.187166930504224283e+01 -3.588830791147836319e+00 -2.609059292906215433e+01 -2.708250070339071414e+01 -5.746796088245392120e+00 2.032673672618537353e+01 2.964230823801298698e+01 1.451988652623855636e+01
-2.757603764735326202e+00 -4.210379677242401364e+00 -2.191994396934794587e+00 1.633535717990379776e+00 4.112330805190328675e+00 3.200799081687508707e+00 -3.495658136558787987e-01 -3.611738341632628746e+00 -3.896287251046063993e+00 -9.686220280875359467e-01 2.757603764735113927e+00 4.210379677242608309e+00 2.191994396935248446e+00 -1.633535717990050040e+00 -4.112330805190397953e+00 -3.200799081687916825e+00 3.495658136554652407e-01 3.611738341632552363e+00 3.896287251046386402e+00 9.686220280880011302e-01
1.059643753608244365e+00 7.075940836020404578e-01 -2.278170197068645209e-01 -9.754090524118889105e-01 -9.188450922137224586e-01 -1.047581362772101454e-01 7.956945170909495157e-01 1.040153141229310352e+00 4.270788359896233732e-01 -5.380918585074370153e-01 -1.059643753608277006e+00 -7.075940836021505920e-01 2.278170197067687086e-01 9.754090524118850247e-01 9.188450922138149402e-01 1.047581362773211677e-01 -7.956945170909099918e-01 -1.040153141229375633e+00 -4.270788359897391140e-01 5.380918585073637406e-01
-1.651349787887742693e+01 -3.834932210762973170e+01 -2.856883406168016393e+01 4.764643434336494288e+00 3.417000834795079101e+01 3.540461052093653649e+01 7.450607506780531963e+00 -2.664589609472627174e+01 -3.877473702397659139e+01 -1.893654107369907180e+01 1.651349787887451015e+01 3.834932210763052751e+01 2.856883406168401507e+01 -4.764643434332747951e+00 -3.417000834795025099e+01 -3.540461052093964156e+01 -7.450607506784731271e+00 2.664589609472444565e+01 3.877473702397865196e+01 1.893654107370337769e+01
-1.560755467193331469e+00 -1.184955619938979154e+01 -1.236923329323124321e+01 -2.691349624463140522e+00 9.205362057186643909e+00 1.351290174291737856e+01 6.680006663141750067e+00 -5.660082939296992244e+00 -1.333383322008394600e+01 -1.001477810728883711e+01 1.560755467192023183e+00 1.184955619938959082e+01 1.236923329323231613e+01 2.691349624464604240e+00 -9.205362057185997315e+00 -1.351290174291808910e+01 -6.680006663143226220e+00 5.660082939295964621e+00 1.333383322008421601e+01 1.001477810729019780e+01
