-1.555676274580943286e+01 9.334896369183034892e+00 4.525831390122232456e-01 -1.006719127083965937e+01 1.583647450845320748e+01 -1.555676274581021978e+01 9.334896369187307030e+00 4.525831390060816029e-01 -1.006719127083398568e+01 1.583647450845018945e+01 -1.555676274581099960e+01 9.334896369191618248e+00 4.525831389999551702e-01 -1.006719127082829068e+01 1.583647450844717319e+01 -1.555676274581179364e+01 9.334896369195883281e+00 4.525831389938274052e-01 -1.006719127082264365e+01 1.583647450844416049e+01
-1.660311529496624416e+01 1.014338120765156503e+01 1.907797401379017765e-01 -1.045206931155924934e+01 1.672102365873530516e+01 -1.660311529496697247e+01 1.014338120765601658e+01 1.907797401314059171e-01 -1.045206931155318308e+01 1.672102365873200824e+01 -1.660311529496768657e+01 1.014338120766051077e+01 1.907797401249262392e-01 -1.045206931154709373e+01 1.672102365872871133e+01 -1.660311529496841843e+01 1.014338120766495699e+01 1.907797401184453123e-01 -1.045206931154105412e+01 1.672102365872541796e+01
-1.863766444525088062e+01 1.082858813881191828e+01 1.116640786477967717e+00 -1.263535088455740585e+01 1.932778640451775232e+01 -1.863766444525204591e+01 1.082858813881724735e+01 1.116640786470493918e+00 -1.263535088455063082e+01 1.932778640451428842e+01 -1.863766444525320409e+01 1.082858813882262261e+01 1.116640786463038548e+00 -1.263535088454383093e+01 1.932778640451082808e+01 -1.863766444525438004e+01 1.082858813882793925e+01 1.116640786455581402e+00 -1.263535088453708788e+01 1.932778640450736773e+01
1.151458980339495497e+01 -7.589685772330874158e+00 7.657797401687316263e-01 6.350628124841512623e+00 -1.104131189607366181e+01 1.151458980339510774e+01 -7.589685772333634617e+00 7.657797401730556119e-01 6.350628124837271571e+00 -1.104131189607113583e+01 1.151458980339525340e+01 -7.589685772336420833e+00 7.657797401773686063e-01 6.350628124833013644e+00 -1.104131189606861341e+01 1.151458980339541149e+01 -7.589685772339176850e+00 7.657797401816821559e-01 6.350628124828790355e+00 -1.104131189606609453e+01
1.092135254917385545e+01 -6.943004332735979389e+00 3.126644452315213707e-01 6.437102633277506314e+00 -1.072811529494634719e+01 1.092135254917416098e+01 -6.943004332738748730e+00 3.126644452357059678e-01 6.437102633273498853e+00 -1.072811529494406280e+01 1.092135254917446296e+01 -6.943004332741542939e+00 3.126644452398800178e-01 6.437102633269476293e+00 -1.072811529494177840e+01 1.092135254917477205e+01 -6.943004332744307838e+00 3.126644452440547894e-01 6.437102633265487484e+00 -1.072811529493949756e+01
-3.225532155912401944e+00 1.963980006974802794e+00 4.774575140169165510e-02 -2.041234255561082733e+00 3.255040653096852310e+00 -3.225532155912547605e+00 1.963980006975671877e+00 4.774575140042752741e-02 -2.041234255559904565e+00 3.255040653096214154e+00 -3.225532155912691046e+00 1.963980006976548287e+00 4.774575139916654998e-02 -2.041234255558721955e+00 3.255040653095576442e+00 -3.225532155912837595e+00 1.963980006977416037e+00 4.774575139790533662e-02 -2.041234255557549115e+00 3.255040653094939618e+00
-3.813196601130700358e+00 2.264512162880509383e+00 1.491389536522363668e-01 -2.505824058936359844e+00 3.905369543534166876e+00 -3.813196601130907748e+00 2.264512162881570756e+00 1.491389536507232161e-01 -2.505824058934970289e+00 3.905369543533437238e+00 -3.813196601131113805e+00 2.264512162882641011e+00 1.491389536492138401e-01 -2.505824058933576293e+00 3.905369543532708487e+00 -3.813196601131323416e+00 2.264512162883700608e+00 1.491389536477041589e-01 -2.505824058932193399e+00 3.905369543531980181e+00
-9.345820393265213966e+00 5.480872043421143758e+00 4.775831390200774851e-01 -6.253617794809349206e+00 9.640983005633001923e+00 -9.345820393265766413e+00 5.480872043423785200e+00 4.775831390163463586e-01 -6.253617794805948371e+00 9.640983005631243330e+00 -9.345820393266315307e+00 5.480872043426449736e+00 4.775831390126244469e-01 -6.253617794802535101e+00 9.640983005629486513e+00 -9.345820393266871307e+00 5.480872043429087626e+00 4.775831390089017026e-01 -6.253617794799151142e+00 9.640983005627729696e+00
-2.339057647472480905e+00 1.538322226097184275e+00 -1.500000000023333502e-01 -1.295617127780866351e+00 2.246352549158362244e+00 -2.339057647472514212e+00 1.538322226097747158e+00 -1.500000000032128133e-01 -1.295617127780004818e+00 2.246352549157850653e+00 -2.339057647472546630e+00 1.538322226098315149e+00 -1.500000000040900838e-01 -1.295617127779139954e+00 2.246352549157339951e+00 -2.339057647472580381e+00 1.538322226098876921e+00 -1.500000000049674653e-01 -1.295617127778282418e+00 2.246352549156829692e+00
-1.466844051971452734e+00 8.270509831277124135e-01 1.286474508417004281e-01 -1.035206931155596255e+00 1.546352549157592682e+00 -1.466844051971560425e+00 8.270509831281465107e-01 1.286474508411039885e-01 -1.035206931155064680e+00 1.546352549157330891e+00 -1.466844051971667673e+00 8.270509831285846047e-01 1.286474508405090200e-01 -1.035206931154531107e+00 1.546352549157069323e+00 -1.466844051971776031e+00 8.270509831290180358e-01 1.286474508399139127e-01 -1.035206931154001975e+00 1.546352549156807754e+00
6.954508497198863104e+00 -4.079024325761253067e+00 -3.545084971790596340e-01 4.652631123497508625e+00 -7.173606797755805786e+00 6.954508497199274331e+00 -4.079024325763217718e+00 -3.545084971762833548e-01 4.652631123494978205e+00 -7.173606797754497499e+00 6.954508497199682004e+00 -4.079024325765201020e+00 -3.545084971735139590e-01 4.652631123492438014e+00 -7.173606797753189213e+00 6.954508497200095896e+00 -4.079024325767163006e+00 -3.545084971707438970e-01 4.652631123489919140e+00 -7.173606797751882702e+00
1.037811529495480833e+01 -6.826692436672096242e+00 6.677050983232351022e-01 5.746322893123251951e+00 -9.965450849728604510e+00 1.037811529495495400e+01 -6.826692436674592024e+00 6.677050983271368700e-01 5.746322893119429231e+00 -9.965450849726334326e+00 1.037811529495509610e+01 -6.826692436677111786e+00 6.677050983310286458e-01 5.746322893115592301e+00 -9.965450849724067695e+00 1.037811529495524709e+01 -6.826692436679604015e+00 6.677050983349210878e-01 5.746322893111787344e+00 -9.965450849721801063e+00
-1.760815594806169671e+01 1.080100499977871387e+01 1.317627457609584773e-01 -1.101420160087061717e+01 1.768958980339186127e+01 -1.760815594806243567e+01 1.080100499978341055e+01 1.317627457540836433e-01 -1.101420160086418143e+01 1.768958980338834763e+01 -1.760815594806317108e+01 1.080100499978814987e+01 1.317627457472259067e-01 -1.101420160085772082e+01 1.768958980338483045e+01 -1.760815594806392070e+01 1.080100499979283768e+01 1.317627457403669211e-01 -1.101420160085131528e+01 1.768958980338132392e+01
4.361474508444040943e+00 -2.892095301912577465e+00 3.180339887547154465e-01 2.377505498529634220e+00 -4.164918693815556239e+00 4.361474508444088016e+00 -2.892095301913613081e+00 3.180339887563476409e-01 2.377505498528026173e+00 -4.164918693814592565e+00 4.361474508444133313e+00 -2.892095301914658023e+00 3.180339887579756719e-01 2.377505498526412353e+00 -4.164918693813630668e+00 4.361474508444181275e+00 -2.892095301915691863e+00 3.180339887596039250e-01 2.377505498524811856e+00 -4.164918693812667883e+00
-1.269495934692712247e+01 7.413621460519471462e+00 6.994678440801171959e-01 -8.545384206278518135e+00 1.312725424860559720e+01 -1.269495934692789163e+01 7.413621460523077467e+00 6.994678440750387027e-01 -8.545384206273901384e+00 1.312725424860322399e+01 -1.269495934692865724e+01 7.413621460526717222e+00 6.994678440699727551e-01 -8.545384206269268645e+00 1.312725424860084900e+01 -1.269495934692943351e+01 7.413621460530317897e+00 6.994678440649058082e-01 -8.545384206264671434e+00 1.312725424859847756e+01
-1.050643385536248609e+01 6.754275575705139367e+00 -4.222135955124444173e-01 -6.071119627653462913e+00 1.024549150282269849e+01 -1.050643385536273477e+01 6.754275575707759494e+00 -4.222135955164455501e-01 -6.071119627649602890e+00 1.024549150282046739e+01 -1.050643385536297636e+01 6.754275575710402713e+00 -4.222135955204365243e-01 -6.071119627645727768e+00 1.024549150281823984e+01 -1.050643385536322683e+01 6.754275575713018398e+00 -4.222135955244282202e-01 -6.071119627641885508e+00 1.024549150281601229e+01
-1.323852549158501368e+01 8.049031657146713314e+00 2.149186937968200484e-01 -8.396777408527455577e+00 1.337135254916836935e+01 -1.323852549158561587e+01 8.049031657150287344e+00 2.149186937916279239e-01 -8.396777408522620334e+00 1.337135254916575633e+01 -1.323852549158621450e+01 8.049031657153893349e+00 2.149186937864487057e-01 -8.396777408517769103e+00 1.337135254916314508e+01 -1.323852549158682201e+01 8.049031657157460273e+00 2.149186937812684328e-01 -8.396777408512956953e+00 1.337135254916053562e+01
-6.010410196634504487e+00 3.559597134758936576e+00 2.508610463373938670e-01 -3.965498834186103494e+00 6.165450849724048332e+00 -6.010410196634838442e+00 3.559597134760614789e+00 2.508610463350056663e-01 -3.965498834183914134e+00 6.165450849722903470e+00 -6.010410196635168845e+00 3.559597134762308102e+00 2.508610463326234052e-01 -3.965498834181717669e+00 6.165450849721757720e+00 -6.010410196635505464e+00 3.559597134763983650e+00 2.508610463302405891e-01 -3.965498834179538523e+00 6.165450849720613746e+00
-5.642705098323114399e+00 3.470007331385484672e+00 2.811529492968734695e-02 -3.515498834185336818e+00 5.660081306193027295e+00 -5.642705098323347102e+00 3.470007331386984362e+00 2.811529492748707920e-02 -3.515498834183273580e+00 5.660081306191896644e+00 -5.642705098323577140e+00 3.470007331388497818e+00 2.811529492529230706e-02 -3.515498834181202792e+00 5.660081306190766881e+00 -5.642705098323811619e+00 3.470007331389995286e+00 2.811529492309711165e-02 -3.515498834179149323e+00 5.660081306189638006e+00
-1.336803398877883575e+00 6.888543820026220565e-01 2.222135954982519257e-01 -1.048403532281105832e+00 1.474138953658094442e+00 -1.336803398878022575e+00 6.888543820030560427e-01 2.222135954976871830e-01 -1.048403532280625328e+00 1.474138953657883722e+00 -1.336803398878161131e+00 6.888543820034936926e-01 2.222135954971238558e-01 -1.048403532280143269e+00 1.474138953657673001e+00 -1.336803398878301019e+00 6.888543820039270127e-01 2.222135954965603066e-01 -1.048403532279664985e+00 1.474138953657462503e+00
