5.851366231443314803e+01 5.744666098818815669e+01 5.075638022999670795e+01 3.909771133439755886e+01 2.361188604361461785e+01 5.814764833198909244e+00 -1.255154607293925473e+01 -2.968922419769443621e+01 -4.392071420099090773e+01 -5.385293868468461653e+01 -5.851366231443448385e+01 -5.744666098818950672e+01 -5.075638022999797982e+01 -3.909771133439861757e+01 -2.361188604361532839e+01 -5.814764833199259186e+00 1.255154607293933999e+01 2.968922419769496557e+01 4.392071420099177459e+01 5.385293868468578182e+01
4.510539656008089793e+01 4.280457998616083870e+01 3.631375288614984242e+01 2.626828264084863562e+01 1.365148986877403203e+01 -3.016058471790685758e-01 -1.422517828139884699e+01 -2.675629115279032888e+01 -3.666831182410441414e+01 -4.299098265092399629e+01 -4.510539656008194243e+01 -4.280457998616186899e+01 -3.631375288615078034e+01 -2.626828264084937103e+01 -1.365148986877448145e+01 3.016058471789095918e-01 1.422517828139902463e+01 2.675629115279082981e+01 3.666831182410516732e+01 4.299098265092494131e+01
2.493557530425086810e+01 2.429017238651093180e+01 2.126707815599677431e+01 1.616221413912715832e+01 9.475279993552300439e+00 1.860839424050844126e+00 -5.935753073507386901e+00 -1.315131270340725500e+01 -1.907953021531404048e+01 -2.314011037484216260e+01 -2.493557530425144009e+01 -2.429017238651151089e+01 -2.126707815599731077e+01 -1.616221413912759886e+01 -9.475279993552591762e+00 -1.860839424050977797e+00 5.935753073507439304e+00 1.315131270340749126e+01 1.907953021531442062e+01 2.314011037484266353e+01
3.677154318282938306e+01 2.262526897026620176e+01 6.264275791374970481e+00 -1.070990834775198053e+01 -2.663573203748182294e+01 -3.995426469332542752e+01 -4.936179554325531882e+01 -5.393744992155868090e+01 -5.323333089722851952e+01 -4.731836254625196148e+01 -3.677154318283038492e+01 -2.262526897026688033e+01 -6.264275791375304436e+00 1.070990834775203382e+01 2.663573203748227769e+01 3.995426469332620911e+01 4.936179554325638463e+01 5.393744992155991724e+01 5.323333089722979139e+01 4.731836254625312677e+01
1.002716226449726022e+00 -1.106897470593403554e+01 -2.205715727201937781e+01 -3.088623160306813276e+01 -3.669194638777918271e+01 -3.890599781223150444e+01 -3.731165909679636172e+01 -3.206499522335152363e+01 -2.367958620748650844e+01 -1.297625430825420878e+01 -1.002716226449893888e+00 1.106897470593417054e+01 2.205715727201977572e+01 3.088623160306875803e+01 3.669194638777997852e+01 3.890599781223239262e+01 3.731165909679726411e+01 3.206499522335234076e+01 2.367958620748716925e+01 1.297625430825462445e+01
5.719032051734016520e-01 -1.264417523464764415e+01 -2.462255370535235244e+01 -3.419070506395786424e+01 -4.041203199025338222e+01 -4.267754765815950435e+01 -4.076548760932576698e+01 -3.486301760343771150e+01 -2.554791252959838488e+01 -1.373199977458853738e+01 -5.719032051735721822e-01 1.264417523464779869e+01 2.462255370535279297e+01 3.419070506395856057e+01 4.041203199025425619e+01 4.267754765816047779e+01 4.076548760932676885e+01 3.486301760343859968e+01 2.554791252959910608e+01 1.373199977458897969e+01
-1.221277853408890657e+01 -3.052462950654004459e+01 -4.584851706529163096e+01 -5.668443232829033462e+01 -6.197168041133280525e+01 -6.119270863362724100e+01 -5.442376818019098295e+01 -4.232745010458765478e+01 -2.608782630006110637e+01 -7.294544292710686051e+00 1.221277853408896164e+01 3.052462950654056328e+01 4.584851706529254045e+01 5.668443232829153544e+01 6.197168041133419791e+01 6.119270863362869051e+01 5.442376818019235429e+01 4.232745010458877744e+01 2.608782630006192349e+01 7.294544292711050204e+00
-1.179257068420196752e+01 -2.750409224107123762e+01 -4.052332161710565828e+01 -4.957584593067400647e+01 -5.377554102931856761e+01 -5.271131149578761921e+01 -4.648733153174634936e+01 -3.571284766109339159e+01 -2.144254143533163415e+01 -5.073289854908512808e+00 1.179257068420204391e+01 2.750409224107171369e+01 4.052332161710646830e+01 4.957584593067506518e+01 5.377554102931977553e+01 5.271131149578886976e+01 4.648733153174752886e+01 3.571284766109435083e+01 2.144254143533231272e+01 5.073289854908801466e+00
3.441847710841134500e+01 6.868775942668250423e+01 9.623340527650933041e+01 1.143590549203108395e+02 1.212904434821247150e+02 1.163490783556966477e+02 1.000186547881166916e+02 7.389770841893093234e+01 4.054313947409023200e+01 3.219925556862470728e+00 -3.441847710841170738e+01 -6.868775942668375478e+01 -9.623340527651129150e+01 -1.143590549203133122e+02 -1.212904434821274577e+02 -1.163490783556994472e+02 -1.000186547881192638e+02 -7.389770841893296449e+01 -4.054313947409159624e+01 -3.219925556862929028e+00
-7.348016739196516767e+00 -1.400851033579994009e+01 -1.929775333770460222e+01 -2.269799778756109987e+01 -2.387640406772134938e+01 -2.271762156104389163e+01 -1.933507997299480152e+01 -1.405988604176534196e+01 -7.408412503781582892e+00 -3.175193248256658052e-02 7.348016739196602032e+00 1.400851033580019944e+01 1.929775333770499657e+01 2.269799778756159370e+01 2.387640406772189294e+01 2.271762156104444230e+01 1.933507997299529890e+01 1.405988604176572920e+01 7.408412503781837799e+00 3.175193248264340795e-02
2.403606363302622029e+01 5.751642985583191603e+01 8.536668718381807253e+01 1.048606583855684846e+02 1.140901377373719470e+02 1.121516794947098958e+02 9.923503345640689588e+01 7.660457093225672054e+01 4.647551926982715287e+01 1.179711996728333290e+01 -2.403606363302635884e+01 -5.751642985583291079e+01 -8.536668718381977783e+01 -1.048606583855707157e+02 -1.140901377373745049e+02 -1.121516794947125675e+02 -9.923503345640939699e+01 -7.660457093225876690e+01 -4.647551926982861659e+01 -1.179711996728396883e+01
-1.064155943537622662e+01 -2.066468354817226327e+01 -2.866500445595679381e+01 -3.385939500676241209e+01 -3.573939206202919650e+01 -3.412096841127787883e+01 -2.916254663766465782e+01 -2.134949161174666799e+01 -1.144659959621610135e+01 -4.232346590588811353e-01 1.064155943537634386e+01 2.066468354817263986e+01 2.866500445595737645e+01 3.385939500676314395e+01 3.573939206203000651e+01 3.412096841127870306e+01 2.916254663766540745e+01 2.134949161174725774e+01 1.144659959621649037e+01 4.232346590590045921e-01
3.410723799604673445e+01 2.917930976670945853e+01 2.139510739320093791e+01 1.151660283956723951e+01 5.107729591063998598e-01 -1.054505493735628363e+01 -2.056865938483261402e+01 -2.857886014144479958e+01 -3.379156294678523409e+01 -3.569651213123115951e+01 -3.410723799604756579e+01 -2.917930976671019749e+01 -2.139510739320152766e+01 -1.151660283956762498e+01 -5.107729591065268693e-01 1.054505493735640087e+01 2.056865938483298706e+01 2.857886014144539288e+01 3.379156294678598016e+01 3.569651213123197664e+01
-3.278771165302480917e+00 -1.311099083310983815e+01 -2.165981536852783762e+01 -2.808842626286682176e+01 -3.176754629102304150e+01 -3.233703755070398245e+01 -2.974115426953315833e+01 -2.423399958965387313e+01 -1.635465218173561297e+01 -6.874397468706906267e+00 3.278771165302437396e+00 1.311099083311004065e+01 2.165981536852825329e+01 2.808842626286740796e+01 3.176754629102374139e+01 3.233703755070473562e+01 2.974115426953389374e+01 2.423399958965450551e+01 1.635465218173609614e+01 6.874397468707164727e+00
-1.663388763902661793e+01 -4.010411237359785730e+01 -5.964866716726017870e+01 -7.335439482188935756e+01 -7.987968322123059295e+01 -7.858579167239865626e+01 -6.959937529526570188e+01 -5.380008713687005439e+01 -3.273447160226892549e+01 -8.464577912762877077e+00 1.663388763902671030e+01 4.010411237359854653e+01 5.964866716726135820e+01 7.335439482189092075e+01 7.987968322123238352e+01 7.858579167240051788e+01 6.959937529526746403e+01 5.380008713687148969e+01 3.273447160226994868e+01 8.464577912763324719e+00
-5.833267785449988141e-01 -2.907822112478606336e+00 -4.947679558054848492e+00 -6.503223655978179529e+00 -7.422186911830839229e+00 -7.614614799336466788e+00 -7.061671136142083860e+00 -5.817481900586186860e+00 -4.003837003821129059e+00 -1.798268644749301703e+00 5.833267785449840481e-01 2.907822112478649856e+00 4.947679558054940863e+00 6.503223655978313644e+00 7.422186911831002654e+00 7.614614799336643536e+00 7.061671136142257943e+00 5.817481900586337851e+00 4.003837003821245411e+00 1.798268644749366318e+00
1.053142180073372636e+01 -2.254016522484266005e+01 -5.340536383164593559e+01 -7.904287332955821910e+01 -9.694311566189169582e+01 -1.053538903908355593e+02 -1.034518922846073963e+02 -9.142330216984477431e+01 -7.044556225509603564e+01 -4.257211988372513645e+01 -1.053142180073436052e+01 2.254016522484283414e+01 5.340536383164684509e+01 7.904287332955978229e+01 9.694311566189378482e+01 1.053538903908379325e+02 1.034518922846098690e+02 9.142330216984707647e+01 7.044556225509796832e+01 4.257211988372641542e+01
-5.879059102467985909e+00 -1.229645585962673593e+01 -1.751018984279950885e+01 -2.100990444349265118e+01 -2.245302321264488654e+01 -2.169828363033187912e+01 -1.881956486545029961e+01 -1.409865596791976827e+01 -7.997672393136987523e+00 -1.113820921453780866e+00 5.879059102468040976e+00 1.229645585962695620e+01 1.751018984279986057e+01 2.100990444349310238e+01 2.245302321264539458e+01 2.169828363033239782e+01 1.881956486545077567e+01 1.409865596792015019e+01 7.997672393137250424e+00 1.113820921453878121e+00
-6.133999183537251376e+00 -1.171105721761476914e+01 -1.614175537549860451e+01 -1.899238605100579491e+01 -1.998390965210588988e+01 -1.901926894037204718e+01 -1.619288966971582511e+01 -1.178143753569135832e+01 -6.216736209571326555e+00 -4.349742871030271019e-02 6.133999183537323319e+00 1.171105721761498408e+01 1.614175537549893491e+01 1.899238605100620703e+01 1.998390965210634462e+01 1.901926894037251259e+01 1.619288966971624433e+01 1.178143753569168339e+01 6.216736209571539717e+00 4.349742871036754721e-02
8.923995305380643117e+00 -3.553644845709280276e+01 -7.651833704759079069e+01 -1.100100776732675314e+02 -1.327332654110035435e+02 -1.424635963232705649e+02 -1.382485978251740733e+02 -1.205008633373289797e+02 -9.095766476714284465e+01 -5.251089623023352004e+01 -8.923995305381374976e+00 3.553644845709316513e+01 7.651833704759212651e+01 1.100100776732697057e+02 1.327332654110063856e+02 1.424635963232738050e+02 1.382485978251773986e+02 1.205008633373320208e+02 9.095766476714535997e+01 5.251089623023514719e+01
