7.089926357515136779e+00 -1.673375938121753892e+00 -5.122754961576819532e+00 7.695535573167835430e+00 -3.923889675223927398e+00 -3.082726607728856205e+00 7.547852148969228736e+00 -5.790305751567851544e+00 -7.409394948970889905e-01 6.661332367450851777e+00 -7.089926357515437871e+00 1.673375938124122664e+00 5.122754961574337962e+00 -7.695535573167286536e+00 3.923889675225763707e+00 3.082726607726149481e+00 -7.547852148967882258e+00 5.790305751568975978e+00 7.409394948944212356e-01 -6.661332367448838276e+00
1.163476821880520262e+01 -2.456764824034091355e+00 -8.746667954968550873e+00 1.273908968529377184e+01 -6.229030134325851620e+00 -5.416425587208967052e+00 1.259642029492801285e+01 -9.391554574864255045e+00 -1.555985744517117464e+00 1.122072552167310100e+01 -1.163476821880581902e+01 2.456764824038079276e+00 8.746667954964481240e+00 -1.273908968529297248e+01 6.229030134328984225e+00 5.416425587204487968e+00 -1.259642029492587767e+01 9.391554574866226801e+00 1.555985744512667024e+00 -1.122072552166983783e+01
-4.231114960979315276e-01 4.235293085969928373e-01 -7.477706691597543753e-02 -3.356235943111853248e-01 4.693262650310015549e-01 -2.161025198863041341e-01 -2.152825166861617179e-01 4.691822966553769181e-01 -3.362743525353480978e-01 -7.386808636639777270e-02 4.231114960978148432e-01 -4.235293085970213700e-01 7.477706691612567846e-02 3.356235943110372766e-01 -4.693262650309777961e-01 2.161025198864241770e-01 2.152825166859967942e-01 -4.691822966553030883e-01 3.362743525354262020e-01 7.386808636623215518e-02
-6.898532407699756952e+00 1.065965946099670880e+00 5.645414282572807529e+00 -7.702548462855066447e+00 3.409474500496167071e+00 3.694470803936975134e+00 -7.752585407654795979e+00 5.419239935578065825e+00 1.381886782120004487e+00 -7.043745277314095610e+00 6.898532407700284530e+00 -1.065965946102171324e+00 -5.645414282570397013e+00 7.702548462854732492e+00 -3.409474500498185012e+00 -3.694470803934269298e+00 7.752585407653632465e+00 -5.419239935579405198e+00 -1.381886782117267787e+00 7.043745277312216224e+00
-7.094739729445623588e+00 1.503023140285959514e-01 6.918048762302587029e+00 -8.282956388272200599e+00 2.819150458514162239e+00 4.968846261255533747e+00 -8.660379565063507812e+00 5.212040513943795972e+00 2.533258468169012012e+00 -8.190064449613332798e+00 7.094739729446558840e+00 -1.503023140314976303e-01 -6.918048762300113452e+00 8.282956388272193493e+00 -2.819150458516627822e+00 -4.968846261252629404e+00 8.660379565062557461e+00 -5.212040513945586540e+00 -2.533258468165960231e+00 8.190064449611531572e+00
-1.009556442255067488e+01 2.089413642398055604e+00 7.639311372669822298e+00 -1.106996276744931862e+01 5.374210343597765949e+00 4.752199602079996588e+00 -1.096075602770342172e+01 8.132941892040362220e+00 1.399909423916908979e+00 -9.778634119887479770e+00 1.009556442255122555e+01 -2.089413642401530602e+00 -7.639311372666290900e+00 1.106996276744864005e+01 -5.374210343600501538e+00 -4.752199602076104590e+00 1.096075602770157786e+01 -8.132941892042092391e+00 -1.399909423913036743e+00 9.778634119884653586e+00
-7.942469260459616542e+00 2.937010079492862857e+00 4.489806839338827515e+00 -8.215094571103481513e+00 5.167616030826784446e+00 2.140197586242791772e+00 -7.683569187197692330e+00 6.892379720164909962e+00 -4.189091182280766379e-01 -6.399922516674137363e+00 7.942469260459511737e+00 -2.937010079495146364e+00 -4.489806839336041300e+00 8.215094571102486753e+00 -5.167616030828403595e+00 -2.140197586239895422e+00 7.683569187195905315e+00 -6.892379720165708434e+00 4.189091182307986827e-01 6.399922516671733064e+00
1.730429451477720804e+01 -3.835561319500794042e+00 -1.279532175904463109e+01 1.887736417610809880e+01 -9.396350770697615928e+00 -7.831291359341164160e+00 1.860258590555017832e+01 -1.403735994023220890e+01 -2.100679597569901524e+00 1.650685691471856131e+01 -1.730429451477804648e+01 3.835561319506661793e+00 1.279532175903857727e+01 -1.887736417610684470e+01 9.396350770702198929e+00 7.831291359334525914e+00 -1.860258590554695246e+01 1.403735994023506350e+01 2.100679597563328116e+00 -1.650685691471368344e+01
-3.682936174638141047e+00 6.764402166676041217e-01 2.887733007808549690e+00 -4.071173965763813740e+00 1.898219025377745561e+00 1.839683668287587670e+00 -4.060896883583309247e+00 2.934186930214087496e+00 6.115532734847705099e-01 -3.653110920505120429e+00 3.682936174638377747e+00 -6.764402166689017504e-01 -2.887733007807261831e+00 4.071173965763597025e+00 -1.898219025378778957e+00 -1.839683668286156815e+00 4.060896883582659989e+00 -2.934186930214755407e+00 -6.115532734833362127e-01 3.653110920504102133e+00
1.867475171935463152e+01 -3.226477415476058930e+00 -1.488180003601097745e+01 2.072108259294232013e+01 -9.477293483321757250e+00 -9.579855910653309436e+00 2.073908953005975775e+01 -1.480040603283248402e+01 -3.340168741979728573e+00 1.872700988624030316e+01 -1.867475171935591760e+01 3.226477415482709166e+00 1.488180003600444934e+01 -2.072108259294129340e+01 9.477293483327079215e+00 9.579855910646028150e+00 -2.073908953005651767e+01 1.480040603283596212e+01 3.340168741972405542e+00 -1.872700988623516594e+01
-5.113789014888018514e+00 8.182982461692711595e-02 5.017592286672889479e+00 -5.980363320862721821e+00 2.012746440035360962e+00 3.614237972748588046e+00 -6.261537997349604368e+00 3.746641410273837458e+00 1.857096864174843986e+00 -5.929789707954983058e+00 5.113789014888704187e+00 -8.182982461902754689e-02 -5.017592286671106905e+00 5.980363320862726262e+00 -2.012746440037148865e+00 -3.614237972746491057e+00 6.261537997348925799e+00 -3.746641410275138639e+00 -1.857096864172637307e+00 5.929789707953688982e+00
2.160845240413120649e+00 -1.257513297549176734e+00 -6.825496986908569097e-01 2.059898591243493282e+00 -1.739006327611177793e+00 -1.557404521709049305e-02 1.757314715805426530e+00 -2.050273301956919703e+00 6.529261043132379427e-01 1.282712632052654289e+00 -2.160845240412901713e+00 1.257513297549638143e+00 6.825496986900957408e-01 -2.059898591243059851e+00 1.739006327611429370e+00 1.557404521636140959e-02 -1.757314715804820793e+00 2.050273301956937466e+00 -6.529261043138634424e-01 -1.282712632051935753e+00
-5.734327105360814691e+00 9.525934257419730322e-01 4.614486371196860226e+00 -6.377247497530399656e+00 2.882417687338402867e+00 2.988762282401165926e+00 -6.395918471745265066e+00 4.530090822712923071e+00 1.070477317472672274e+00 -5.788512382960965930e+00 5.734327105361225030e+00 -9.525934257440284991e-01 -4.614486371194855607e+00 6.377247497530098563e+00 -2.882417687340052659e+00 -2.988762282398925052e+00 6.395918471744279188e+00 -4.530090822714007537e+00 -1.070477317470414080e+00 5.788512382959393854e+00
-1.215374520241205403e+01 2.098529364030659927e+00 9.686775979051860830e+00 -1.348601748952636115e+01 6.166988405952823271e+00 6.236287817370345543e+00 -1.349818442215597258e+01 9.631779654764907050e+00 2.175348353352279052e+00 -1.218905501616317544e+01 1.215374520241289069e+01 -2.098529364034988465e+00 -9.686775979047611784e+00 1.348601748952569324e+01 -6.166988405956288055e+00 -6.236287817365606223e+00 1.349818442215386405e+01 -9.631779654767170129e+00 -2.175348353347513086e+00 1.218905501615983056e+01
-2.859834735480426104e+00 1.422139646909350130e+00 1.188009313172823767e+00 -2.818728354647563439e+00 2.125604600988251214e+00 3.199302813155733283e-01 -2.501705203226372909e+00 2.621000566764150719e+00 -5.794657555621538503e-01 -1.939797716108174530e+00 2.859834735480236478e+00 -1.422139646910045130e+00 -1.188009313171817904e+00 2.818728354647075385e+00 -2.125604600988683757e+00 -3.199302813145772362e-01 2.501705203225634833e+00 -2.621000566764279505e+00 5.794657555630426948e-01 1.939797716107257486e+00
-1.379988707794974090e+01 1.998953300489962892e+00 1.144997653785063818e+01 -1.545920799657727684e+01 6.723412407170239469e+00 7.555362680546866549e+00 -1.560527392586317319e+01 1.078973706266722132e+01 2.921177282763787630e+00 -1.422378691494783354e+01 1.379988707795085112e+01 -1.998953300495011742e+00 -1.144997653784581537e+01 1.545920799657665690e+01 -6.723412407174331307e+00 -7.555362680541436227e+00 1.560527392586088169e+01 -1.078973706266995691e+01 -2.921177282758280036e+00 1.422378691494409075e+01
-1.488952049889427309e+00 8.544003373040927052e-01 4.845442142472394242e-01 -1.424016223740439235e+00 1.189487256432528728e+00 2.569008949860840385e-02 -1.219687767907216669e+00 1.408138875256216727e+00 -4.356787602034982165e-01 -8.959677752867993838e-01 1.488952049889281426e+00 -8.544003373044147809e-01 -4.845442142467150659e-01 1.424016223740144804e+00 -1.189487256432706808e+00 -2.569008949810447362e-02 1.219687767906802334e+00 -1.408138875256234046e+00 4.356787602039322582e-01 8.959677752863060007e-01
-1.655541787357616590e+00 5.488877562082904449e-01 1.010285530831279477e+00 -1.736549627462519840e+00 1.031150990961729352e+00 5.243589367142924562e-01 -1.647571890778577242e+00 1.412477982268333321e+00 -1.289556355182874814e-02 -1.397318338116773528e+00 1.655541787357621253e+00 -5.488877562087883799e-01 -1.010285530830699052e+00 1.736549627462335099e+00 -1.031150990962093061e+00 -5.243589367136807233e-01 1.647571890778221304e+00 -1.412477982268527166e+00 1.289556355241205932e-02 1.397318338116281033e+00
-1.872028619398322036e+01 3.244968891423934299e+00 1.490559647692900569e+01 -2.076754846294752710e+01 9.508120948651731297e+00 9.590081921685481348e+00 -2.078193839233871643e+01 1.484055188045048013e+01 3.335823329917406710e+00 -1.876204739560755996e+01 1.872028619398450644e+01 -3.244968891430596969e+00 -1.490559647692246159e+01 2.076754846294649681e+01 -9.508120948657062144e+00 -9.590081921678184074e+00 2.078193839233546569e+01 -1.484055188045396179e+01 -3.335823329910068580e+00 1.876204739560240853e+01
-7.647699715238548634e+00 1.480361929883517780e+00 5.907429894356813982e+00 -8.424962271592972840e+00 3.996707254369350704e+00 3.726551107895336390e+00 -8.377530820639536913e+00 6.121827026100253200e+00 1.180891534584667113e+00 -7.510048283271967051e+00 7.647699715239009599e+00 -1.480361929886185868e+00 -5.907429894354138789e+00 8.424962271592495000e+00 -3.996707254371465012e+00 -3.726551107892374759e+00 8.377530820638169118e+00 -6.121827026101607672e+00 -1.180891534581708147e+00 7.510048283269840752e+00
