-1.413711577452099633e+01 2.268237631993806236e+00 1.147064251696064119e+01 -1.575278664356872937e+01 7.047868826234892303e+00 7.467519931265412581e+00 -1.582646499982968535e+01 1.113760551437699498e+01 2.733424465428358818e+00 -1.435093869244553133e+01 1.413711577451461032e+01 -2.268237631973046842e+00 -1.147064251697869253e+01 1.575278664356915925e+01 -7.047868826217352556e+00 -7.467519931286441981e+00 1.582646499983689559e+01 -1.113760551436440061e+01 -2.733424465450410956e+00 1.435093869245878828e+01
-1.427681662721926337e+01 2.189296323760104634e+00 1.170314444321178904e+01 -1.594716774209501509e+01 7.043875586060015515e+00 7.666595365159015074e+00 -1.605649896792753850e+01 1.120895122843181113e+01 2.879586516454843981e+00 -1.459410820257670061e+01 1.427681662721264644e+01 -2.189296323739014394e+00 -1.170314444322999670e+01 1.594716774209529575e+01 -7.043875586042146253e+00 -7.666595365180285171e+00 1.605649896793470432e+01 -1.120895122841892189e+01 -2.879586516477197655e+00 1.459410820259001618e+01
-1.667268328156105639e+01 2.351073132978988234e+00 1.390883105231015371e+01 -1.870188467132751953e+01 8.076552947447563469e+00 9.207327247592044017e+00 -1.890041528577676289e+01 1.301144348676954188e+01 3.604546100660011021e+00 -1.724884156512215228e+01 1.667268328155298818e+01 -2.351073132954102807e+00 -1.390883105233137584e+01 1.870188467132754084e+01 -8.076552947426378637e+00 -9.207327247616950316e+00 1.890041528578488794e+01 -1.301144348675413909e+01 -3.604546100686286003e+00 1.724884156513755329e+01
1.322193499548999007e+01 -2.681642930793124435e+00 -1.006947466222205989e+01 1.451902034036509193e+01 -6.998657405376774499e+00 -6.291605122911220427e+00 1.439488281436593731e+01 -1.063059453061108073e+01 -1.897869437980247875e+00 1.286167386345408126e+01 -1.322193499548495410e+01 2.681642930774405187e+00 1.006947466223905785e+01 -1.451902034036632827e+01 6.998657405361234041e+00 6.291605122930707950e+00 -1.439488281437333228e+01 1.063059453060024850e+01 1.897869438000410192e+00 -1.286167386346688346e+01
1.223466207230354108e+01 -2.069324964497750052e+00 -9.802024679639727012e+00 1.359229606309418870e+01 -6.176677661716818868e+00 -6.331175987653052672e+00 1.361942141213734914e+01 -9.679414113965382427e+00 -2.240587678098945545e+00 1.231338290127506774e+01 -1.223466207229819602e+01 2.069324964479916762e+00 9.802024679655371386e+00 -1.359229606309471805e+01 6.176677661701804212e+00 6.331175987671217698e+00 -1.361942141214371382e+01 9.679414113954660337e+00 2.240587678117941905e+00 -1.231338290128661939e+01
-6.150200921691510558e+00 1.452161007429908501e+00 4.443083273449143888e+00 -6.675318653110695166e+00 3.404224443852013060e+00 2.673412805932164904e+00 -6.547009685085222408e+00 5.023058673084628722e+00 6.420500662086192634e-01 -5.777833793386442984e+00 6.150200921689510380e+00 -1.452161007421455707e+00 -4.443083273457093973e+00 6.675318653111576239e+00 -3.404224443845100367e+00 -2.673412805941163040e+00 6.547009685088898578e+00 -5.023058673079936476e+00 -6.420500662178286744e-01 5.777833793392543882e+00
-4.280056222357823792e+00 5.803440796609335983e-01 3.597820839798266945e+00 -4.809836139708171920e+00 2.056480657928287492e+00 2.392298134998871451e+00 -4.868795783606195471e+00 3.331314581055082158e+00 9.526006206249639785e-01 -4.451163773311103355e+00 4.280056222355713480e+00 -5.803440796545165092e-01 -3.597820839803710147e+00 4.809836139708143499e+00 -2.056480657922813204e+00 -2.392298135005272997e+00 4.868795783608255157e+00 -3.331314581051088908e+00 -9.526006206317281233e-01 4.451163773315040650e+00
-6.538640444466654600e+00 1.042661233637581786e+00 5.312918651928700164e+00 -7.288371694103232379e+00 3.255076138109229689e+00 3.461800195964740201e+00 -7.324666341251286461e+00 5.148861510734848324e+00 1.271816617040061326e+00 -6.643971612968189611e+00 6.538640444463691637e+00 -1.042661233627972583e+00 -5.312918651937046377e+00 7.288371694103420673e+00 -3.255076138101107741e+00 -3.461800195974468419e+00 7.324666341254612689e+00 -5.148861510729012103e+00 -1.271816617050265830e+00 6.643971612974316265e+00
-2.538745487301726111e+00 5.449901409353216097e-01 1.898071152328804523e+00 -2.776306603216296853e+00 1.365673002096074784e+00 1.170861703044577595e+00 -2.742103485143230213e+00 2.052674274608812244e+00 3.290401523933386141e-01 -2.439484172586605215e+00 2.538745487300809067e+00 -5.449901409317647882e-01 -1.898071152332074796e+00 2.776306603216578850e+00 -1.365673002093137134e+00 -1.170861703048309499e+00 2.742103485144684605e+00 -2.052674274606783200e+00 -3.290401523971851483e-01 2.439484172589085009e+00
-2.018594651892685388e+00 1.586817102913752331e-01 1.832053113657187149e+00 -2.312389313539440661e+00 8.863235584566804270e-01 1.270453480699283544e+00 -2.379831197813846000e+00 1.527205881341223259e+00 5.844930092808581223e-01 -2.214318623187867097e+00 2.018594651891497893e+00 -1.586817102882058794e-01 -1.832053113659730226e+00 2.312389313539255919e+00 -8.863235584539215228e-01 -1.270453480702339544e+00 2.379831197814683996e+00 -1.527205881339145588e+00 -5.844930092841432723e-01 2.214318623189641677e+00
5.771574836941554487e+00 -9.418366147885499640e-01 -4.664379492458480492e+00 6.425143568312814857e+00 -2.888829774172286147e+00 -3.029120493029962891e+00 6.449774480611703886e+00 -4.553044147600476599e+00 -1.097350074620667248e+00 5.843056528528660643e+00 -5.771574836938974329e+00 9.418366147800946164e-01 4.664379492465852373e+00 -6.425143568313013809e+00 2.888829774165150077e+00 3.029120493038543138e+00 -6.449774480614665961e+00 4.553044147595361579e+00 1.097350074629656946e+00 -5.843056528534084748e+00
9.231021089935151025e+00 -1.733890560237738576e+00 -7.192710489142206676e+00 1.018942885929081932e+01 -4.785681536404423397e+00 -4.563522800758442521e+00 1.015042433797632704e+01 -7.369016659985559770e+00 -1.487625704704140350e+00 9.117825560298257415e+00 -9.231021089931404688e+00 1.733890560224497834e+00 7.192710489154045206e+00 -1.018942885929147657e+01 4.785681536393360247e+00 4.563522800772091159e+00 -1.015042433798132748e+01 7.369016659977764228e+00 1.487625704718330777e+00 -9.117825560307094790e+00
-1.699838941859299979e+01 3.564692760275991468e+00 1.280784175170660610e+01 -1.862121375097165199e+01 9.082707893503107144e+00 7.943850249611209335e+00 -1.842126393978479371e+01 1.371164429517019734e+01 2.302259337025802211e+00 -1.641811246568332550e+01 1.699838941858671859e+01 -3.564692760252071047e+00 -1.280784175172848371e+01 1.862121375097341414e+01 -9.082707893483307870e+00 -7.943850249636223104e+00 1.842126393979443577e+01 -1.371164429515646788e+01 -2.302259337051625998e+00 1.641811246569986338e+01
5.894789966157440553e+00 -1.137505188403262091e+00 -4.557572417858746228e+00 6.495252895347105593e+00 -3.078055305729824997e+00 -2.876781866450842440e+00 6.459915216053886411e+00 -4.717303923660232101e+00 -9.143918622373036209e-01 5.792236026538988725e+00 -5.894789966155098426e+00 1.137505188394844380e+00 4.557572417866311731e+00 -6.495252895347569222e+00 3.078055305722806612e+00 2.876781866459548809e+00 -6.459915216057115828e+00 4.717303923655304487e+00 9.143918622463405033e-01 -5.792236026544654415e+00
-1.170335984641372207e+01 1.908807883312195530e+00 9.459421599873651942e+00 -1.302902490655572976e+01 5.857115783772954387e+00 6.143572349215085993e+00 -1.307931823029301199e+01 9.232088382394776360e+00 2.226347432230781465e+00 -1.184931675668379114e+01 1.170335984640848892e+01 -1.908807883295049024e+00 -9.459421599888603538e+00 1.302902490655613121e+01 -5.857115783758482408e+00 -6.143572349232485408e+00 1.307931823029901608e+01 -9.232088382384402436e+00 -2.226347432249011771e+00 1.184931675669478857e+01
-1.112669931909547927e+01 1.850240580617924735e+00 8.951611066135853889e+00 -1.237349051848185510e+01 5.594299426150115551e+00 5.796997119284986510e+00 -1.240907825474465298e+01 8.790749266076632651e+00 2.074932704345498369e+00 -1.122997895230395748e+01 1.112669931909056231e+01 -1.850240580601667073e+00 -8.951611066150073626e+00 1.237349051848228854e+01 -5.594299426136410958e+00 -5.796997119301516399e+00 1.240907825475040305e+01 -8.790749266066828937e+00 -2.074932704362800973e+00 1.122997895231443799e+01
-1.178830973864642573e+01 1.431752351305934923e+00 1.010518390458191362e+01 -1.331110849293714971e+01 5.542962623042145154e+00 6.794965125273735751e+00 -1.353092320399631987e+01 9.111589093145473939e+00 2.819607816199017236e+00 -1.242623687636617014e+01 1.178830973864033638e+01 -1.431752351288053893e+00 -1.010518390459687055e+01 1.331110849293682286e+01 -5.542962623026811642e+00 -6.794965125291420271e+00 1.353092320400179815e+01 -9.111589093134195849e+00 -2.819607816217784890e+00 1.242623687637689400e+01
-5.095739783434112269e+00 7.821013740163544892e-01 4.176324476545540954e+00 -5.691665246218714280e+00 2.514629308879107406e+00 2.735541200736377299e+00 -5.730450858541298764e+00 4.001007806537035805e+00 1.026984092563297812e+00 -5.208300014432405867e+00 5.095739783431752379e+00 -7.821013740088279542e-01 -4.176324476552039755e+00 5.691665246218815533e+00 -2.514629308872730729e+00 -2.735541200743969004e+00 5.730450858543856718e+00 -4.001007806532435929e+00 -1.026984092571275875e+00 5.208300014437158509e+00
-5.284063804381633034e+00 6.808042339473981963e-01 4.483730427556928078e+00 -5.951745475092566906e+00 2.512966003757458378e+00 2.997576762051378907e+00 -6.036828830453876193e+00 4.099141152256944309e+00 1.217999397731348132e+00 -5.530985318832136066e+00 5.284063804378967610e+00 -6.808042339394316800e-01 -4.483730427563640042e+00 5.951745475092478088e+00 -2.512966003750645161e+00 -2.997576762059293465e+00 6.036828830456378192e+00 -4.099141152251953635e+00 -1.217999397739728318e+00 5.530985318836971310e+00
-1.568112771736117850e+00 8.594317610434123456e-01 5.577901427502282017e-01 -1.515153400608747702e+00 1.223379504926680905e+00 7.698453870351706918e-02 -1.313880257935663209e+00 1.467574339081858970e+00 -4.113568483743724746e-01 -9.839953612740810485e-01 1.568112771736424715e+00 -8.594317610418648057e-01 -5.577901427523568323e-01 1.515153400609700940e+00 -1.223379504925671935e+00 -7.698453870565280521e-02 1.313880257937168672e+00 -1.467574339081489043e+00 4.113568483724281410e-01 9.839953612759873014e-01
