1.129999999999043503e+01 1.054999999999301430e+01 -1.129999999999195737e+01 -1.054999999999437676e+01 1.129999999999347970e+01 1.054999999999573035e+01 -1.129999999999499671e+01 -1.054999999999709281e+01 1.129999999999652260e+01 1.054999999999844462e+01 -1.129999999999805027e+01 -1.054999999999981952e+01 1.129999999999955840e+01 1.055000000000117133e+01 -1.130000000000108606e+01 -1.055000000000252314e+01 1.130000000000261018e+01 1.055000000000387850e+01 -1.130000000000413785e+01 -1.055000000000522675e+01
8.499999999995349054e-01 -9.999999999993650635e-01 -8.499999999996439293e-01 9.999999999994995115e-01 8.499999999997532862e-01 -9.999999999996342925e-01 -8.499999999998626432e-01 9.999999999997684075e-01 8.499999999999712230e-01 -9.999999999999032996e-01 -8.500000000000801359e-01 1.000000000000036415e+00 8.500000000001906031e-01 -1.000000000000171196e+00 -8.500000000002990719e-01 1.000000000000305977e+00 8.500000000004078737e-01 -1.000000000000440981e+00 -8.500000000005165646e-01 1.000000000000575762e+00
-6.999999999994094502e+00 -7.349999999995256772e+00 6.999999999995039524e+00 7.349999999996208011e+00 -6.999999999995984545e+00 -7.349999999997153033e+00 6.999999999996926903e+00 7.349999999998104272e+00 -6.999999999997875477e+00 -7.349999999999050182e+00 6.999999999998824052e+00 7.350000000000008527e+00 -6.999999999999759304e+00 -7.350000000000953548e+00 7.000000000000708766e+00 7.350000000001897682e+00 -7.000000000001656453e+00 -7.350000000002845368e+00 7.000000000002605027e+00 7.350000000003789502e+00
-6.749999999994103383e+00 -7.949999999994933120e+00 6.749999999995017319e+00 7.949999999995965183e+00 -6.749999999995931255e+00 -7.949999999996990141e+00 6.749999999996841638e+00 7.949999999998021316e+00 -6.749999999997760014e+00 -7.949999999999046274e+00 6.749999999998677502e+00 7.950000000000085443e+00 -6.749999999999579892e+00 -7.950000000001110401e+00 6.750000000000498268e+00 7.950000000002134470e+00 -6.750000000001414868e+00 -7.950000000003161205e+00 6.750000000002333245e+00 7.950000000004186163e+00
-9.099999999992226307e+00 -8.949999999994371791e+00 9.099999999993451993e+00 8.949999999995529976e+00 -9.099999999994679456e+00 -8.949999999996677502e+00 9.099999999995901590e+00 8.949999999997835687e+00 -9.099999999997132605e+00 -8.949999999998984990e+00 9.099999999998363620e+00 8.950000000000150280e+00 -9.099999999999578648e+00 -8.950000000001301359e+00 9.100000000000809663e+00 8.950000000002448886e+00 -9.100000000002040679e+00 -8.950000000003598188e+00 9.100000000003271694e+00 8.950000000004747491e+00
-8.149999999993038813e+00 -7.849999999995000088e+00 8.149999999994138378e+00 7.849999999996013500e+00 -8.149999999995236166e+00 -7.849999999997021582e+00 8.149999999996330402e+00 7.849999999998034994e+00 -8.149999999997433520e+00 -7.849999999999043077e+00 8.149999999998534861e+00 7.850000000000066258e+00 -8.149999999999623768e+00 -7.850000000001072564e+00 8.150000000000725109e+00 7.850000000002078870e+00 -8.150000000001826450e+00 -7.850000000003086953e+00 8.150000000002927791e+00 7.850000000004094147e+00
1.719999999998505658e+01 1.704999999998898375e+01 -1.719999999998737650e+01 -1.704999999999118998e+01 1.719999999998969642e+01 1.704999999999338200e+01 -1.719999999999200568e+01 -1.704999999999558113e+01 1.719999999999433626e+01 1.704999999999777316e+01 -1.719999999999666329e+01 -1.704999999999999716e+01 1.719999999999895834e+01 1.705000000000218563e+01 -1.720000000000128892e+01 -1.705000000000437055e+01 1.720000000000361240e+01 1.705000000000656613e+01 -1.720000000000593943e+01 -1.705000000000875460e+01
-4.149999999996453859e+00 -3.349999999997901323e+00 4.149999999997010747e+00 3.349999999998332090e+00 -4.149999999997568523e+00 -3.349999999998759748e+00 4.149999999998123634e+00 3.349999999999190958e+00 -4.149999999998682298e+00 -3.349999999999618616e+00 4.149999999999241851e+00 3.350000000000053824e+00 -4.149999999999795186e+00 -3.350000000000481482e+00 4.150000000000353850e+00 3.350000000000908695e+00 -4.150000000000912515e+00 -3.350000000001336797e+00 4.150000000001471179e+00 3.350000000001764011e+00
1.789999999998463309e+01 1.794999999998823981e+01 -1.789999999998704894e+01 -1.794999999999055973e+01 1.789999999998946478e+01 1.794999999999286544e+01 -1.789999999999186997e+01 -1.794999999999518536e+01 1.789999999999429292e+01 1.794999999999749463e+01 -1.789999999999671587e+01 -1.794999999999983231e+01 1.789999999999910685e+01 1.795000000000213802e+01 -1.790000000000152980e+01 -1.795000000000444018e+01 1.790000000000394920e+01 1.795000000000675300e+01 -1.790000000000637570e+01 -1.795000000000905516e+01
-5.149999999995419131e+00 -5.049999999996789946e+00 5.149999999996113687e+00 5.049999999997442757e+00 -5.149999999996807354e+00 -5.049999999998091127e+00 5.149999999997499245e+00 5.049999999998743938e+00 -5.149999999998196465e+00 -5.049999999999392308e+00 5.149999999998892797e+00 5.050000000000050449e+00 -5.149999999999580247e+00 -5.050000000000698819e+00 5.150000000000277467e+00 5.050000000001346301e+00 -5.150000000000972911e+00 -5.050000000001995559e+00 5.150000000001670131e+00 5.050000000002643041e+00
3.099999999997626432e+00 -2.999999999998397282e-01 -3.099999999998034550e+00 2.999999999998879119e-01 3.099999999998442668e+00 -2.999999999999380940e-01 -3.099999999998850786e+00 2.999999999999858336e-01 3.099999999999258904e+00 -3.000000000000360156e-01 -3.099999999999666578e+00 3.000000000000806466e-01 3.100000000000075140e+00 -3.000000000001306066e-01 -3.100000000000482814e+00 3.000000000001810108e-01 3.100000000000890488e+00 -3.000000000002311928e-01 -3.100000000001298606e+00 3.000000000002815970e-01
-6.049999999994948752e+00 -5.599999999996348343e+00 6.049999999995763211e+00 5.599999999997072209e+00 -6.049999999996577671e+00 -5.599999999997789857e+00 6.049999999997389466e+00 5.599999999998512834e+00 -6.049999999998207478e+00 -5.599999999999230482e+00 6.049999999999024602e+00 5.599999999999959677e+00 -6.049999999999831957e+00 -5.600000000000678213e+00 6.050000000000649081e+00 5.600000000001394085e+00 -6.050000000001465317e+00 -5.600000000002113509e+00 6.050000000002283329e+00 5.600000000002830269e+00
-1.214999999998963887e+01 -1.174999999999240430e+01 1.214999999999127667e+01 1.174999999999392486e+01 -1.214999999999291269e+01 -1.174999999999543121e+01 1.214999999999454516e+01 1.174999999999695000e+01 -1.214999999999618829e+01 -1.174999999999845990e+01 1.214999999999783142e+01 1.174999999999998934e+01 -1.214999999999945324e+01 -1.175000000000149569e+01 1.215000000000109637e+01 1.175000000000300382e+01 -1.215000000000273772e+01 -1.175000000000451372e+01 1.215000000000438263e+01 1.175000000000602007e+01
-2.399999999998043254e+00 -1.649999999999015809e+00 2.399999999998364775e+00 1.649999999999227196e+00 -2.399999999998686739e+00 -1.649999999999436584e+00 2.399999999999006928e+00 1.649999999999647970e+00 -2.399999999999329336e+00 -1.649999999999857359e+00 2.399999999999651745e+00 1.650000000000071410e+00 -2.399999999999971045e+00 -1.650000000000280798e+00 2.400000000000293010e+00 1.650000000000489742e+00 -2.400000000000614975e+00 -1.650000000000699574e+00 2.400000000000937384e+00 1.650000000000908518e+00
-1.344999999998842810e+01 -1.444999999999070184e+01 1.344999999999024531e+01 1.444999999999257412e+01 -1.344999999999206253e+01 -1.444999999999443219e+01 1.344999999999387263e+01 1.444999999999630269e+01 -1.344999999999569695e+01 -1.444999999999816431e+01 1.344999999999752127e+01 1.445000000000004903e+01 -1.344999999999931894e+01 -1.445000000000190710e+01 1.345000000000114326e+01 1.445000000000376517e+01 -1.345000000000296403e+01 -1.445000000000562856e+01 1.345000000000478835e+01 1.445000000000748486e+01
-8.499999999992360333e-01 -1.599999999999008216e+00 8.499999999993528288e-01 1.599999999999217160e+00 -8.499999999994696243e-01 -1.599999999999425215e+00 8.499999999995857536e-01 1.599999999999634159e+00 -8.499999999997035482e-01 -1.599999999999841993e+00 8.499999999998208988e-01 1.600000000000052047e+00 -8.499999999999359179e-01 -1.600000000000259881e+00 8.500000000000536016e-01 1.600000000000467937e+00 -8.500000000001710632e-01 -1.600000000000676437e+00 8.500000000002885248e-01 1.600000000000884270e+00
-2.099999999998504396e+00 -2.049999999998888267e+00 2.099999999998787281e+00 2.049999999999153388e+00 -2.099999999999070610e+00 -2.049999999999416733e+00 2.099999999999352163e+00 2.049999999999681854e+00 -2.099999999999636380e+00 -2.049999999999944755e+00 2.099999999999920597e+00 2.050000000000211653e+00 -2.100000000000200817e+00 -2.050000000000475442e+00 2.100000000000485034e+00 2.050000000000737899e+00 -2.100000000000768807e+00 -2.050000000001001688e+00 2.100000000001053024e+00 2.050000000001264144e+00
-1.804999999998465654e+01 -1.894999999998774598e+01 1.804999999998709015e+01 1.894999999999019735e+01 -1.804999999998952731e+01 -1.894999999999263451e+01 1.804999999999195381e+01 1.894999999999508589e+01 -1.804999999999440519e+01 -1.894999999999752305e+01 1.804999999999684945e+01 1.894999999999999574e+01 -1.804999999999926175e+01 -1.895000000000243290e+01 1.805000000000170601e+01 1.895000000000486651e+01 -1.805000000000415028e+01 -1.895000000000730722e+01 1.805000000000659810e+01 1.895000000000974438e+01
-7.199999999994159516e+00 -7.449999999995051247e+00 7.199999999995132072e+00 7.449999999996015809e+00 -7.199999999996103739e+00 -7.449999999996973266e+00 7.199999999997070965e+00 7.449999999997937827e+00 -7.199999999998047073e+00 -7.449999999998895284e+00 7.199999999999023181e+00 7.449999999999866951e+00 -7.199999999999985079e+00 -7.450000000000824407e+00 7.200000000000960299e+00 7.450000000001781864e+00 -7.200000000001934630e+00 -7.450000000002741096e+00 7.200000000002909850e+00 7.450000000003697664e+00
1.799999999998507461e+00 2.599999999998178435e+00 -1.799999999998752820e+00 -2.599999999998517275e+00 1.799999999998997513e+00 2.599999999998853895e+00 -1.799999999999241762e+00 -2.599999999999192291e+00 1.799999999999488232e+00 2.599999999999528910e+00 -1.799999999999734257e+00 -2.599999999999869083e+00 1.799999999999976064e+00 2.600000000000205702e+00 -1.800000000000222311e+00 -2.600000000000541878e+00 1.800000000000468781e+00 2.600000000000879385e+00 -1.800000000000715028e+00 -2.600000000001215561e+00
