1.210874994137609306e+01 2.577890077904339350e+01 1.819616545508958083e+01 -4.388025373492371095e+00 -2.335459865753770714e+01 -2.306695195472849846e+01 -3.762229691119470143e+00 1.864418569837476980e+01 2.567978448013364812e+01 1.154421150056894874e+01 -1.210874994137437710e+01 -2.577890077904361732e+01 -1.819616545509157746e+01 4.388025373490246572e+00 2.335459865753722752e+01 2.306695195473002613e+01 3.762229691121761643e+00 -1.864418569837362583e+01 -2.567978448013456827e+01 -1.154421150057119405e+01
3.618913560912486727e+00 3.168673289840696405e+00 1.060852972904184899e-01 -3.043962543375966057e+00 -3.684477880344630307e+00 -1.287400977552890957e+00 2.171047263559619189e+00 3.839620104653481469e+00 2.342696880282431948e+00 -1.085614751010263612e+00 -3.618913560912453864e+00 -3.168673289840950869e+00 -1.060852972907531111e-01 3.043962543375829277e+00 3.684477880344802614e+00 1.287400977553228243e+00 -2.171047263559393592e+00 -3.839620104653554300e+00 -2.342696880282739702e+00 1.085614751009971624e+00
-5.455569558545487752e+00 -1.404088830560585421e+01 -1.105048459169666231e+01 1.050264558236709611e+00 1.228514462837074461e+01 1.339178911143632078e+01 3.457847654655811453e+00 -9.326845399274724002e+00 -1.442221200686714688e+01 -7.627481646869350485e+00 5.455569558544458353e+00 1.404088830560585599e+01 1.105048459169770503e+01 -1.050264558235485923e+00 -1.228514462837035914e+01 -1.339178911143707573e+01 -3.457847654657089542e+00 9.326845399273986814e+00 1.442221200686754301e+01 7.627481646870563736e+00
-6.104853739611005636e+00 -1.466063487016040412e+01 -1.112975619223933066e+01 1.576821767342059921e+00 1.298342135291423993e+01 1.368610542374249839e+01 3.105560505877673627e+00 -1.003530009282881785e+01 -1.490276329966597757e+01 -7.483948879069731497e+00 6.104853739609964691e+00 1.466063487016044853e+01 1.112975619224043555e+01 -1.576821767340806479e+00 -1.298342135291388111e+01 -1.368610542374331551e+01 -3.105560505878997013e+00 1.003530009282808777e+01 1.490276329966642876e+01 7.483948879071002480e+00
-8.943696490380682818e+00 -1.803982017334396559e+01 -1.226338401341923401e+01 3.623347640769627009e+00 1.652288462776557765e+01 1.580046817829184924e+01 2.051679721267557266e+00 -1.338857401311469175e+01 -1.779089242953791583e+01 -7.525874377293924944e+00 8.943696490379521080e+00 1.803982017334417520e+01 1.226338401342065332e+01 -3.623347640768168176e+00 -1.652288462776528988e+01 -1.580046817829295414e+01 -2.051679721269148438e+00 1.338857401311393858e+01 1.779089242953860150e+01 7.525874377295499684e+00
-9.084988253598062613e+00 -1.711831830987513925e+01 -1.103880183958781558e+01 4.141428461297541830e+00 1.590734298553794446e+01 1.455877475881734284e+01 1.207523203823714253e+00 -1.313924609680032063e+01 -1.665363336770526814e+01 -6.438274084445869683e+00 9.084988253597011010e+00 1.711831830987539860e+01 1.103880183958919048e+01 -4.141428461296192687e+00 -1.590734298553774018e+01 -1.455877475881843175e+01 -1.207523203825208169e+00 1.313924609679966515e+01 1.665363336770597158e+01 6.438274084447368040e+00
2.039758285889991640e+01 4.042842169882980130e+01 2.712887723716699639e+01 -8.536513796310051916e+00 -3.716415106809182589e+01 -3.515256602727838242e+01 -4.160168714051893701e+00 3.026199439294199678e+01 3.973527673231003376e+01 1.644962492508269136e+01 -2.039758285889734424e+01 -4.042842169883030579e+01 -2.712887723717019028e+01 8.536513796306802959e+00 3.716415106809122193e+01 3.515256602728087643e+01 4.160168714055449968e+00 -3.026199439294034477e+01 -3.973527673231160406e+01 -1.644962492508622276e+01
-4.509111142796603744e+00 -7.268487534109044468e+00 -4.035508415245455893e+00 2.524462870142108795e+00 7.003192505304437709e+00 5.708283677024244440e+00 -2.927025827909679467e-01 -6.052376199969173420e+00 -6.822292360544808254e+00 -1.967709472742594334e+00 4.509111142796211169e+00 7.268487534109223880e+00 4.035508415246066072e+00 -2.524462870141574111e+00 -7.003192505304420834e+00 -5.708283677024752478e+00 2.927025827903508848e-01 6.052376199968961146e+00 6.822292360545167078e+00 1.967709472743235599e+00
1.839926160932171229e+01 4.180114852505532497e+01 3.074093565450845844e+01 -5.663011286271110833e+00 -3.739820468978066970e+01 -3.830121507146603221e+01 -7.627574037999681700e+00 2.933446401085577548e+01 4.211230469697085255e+01 2.017151927099780195e+01 -1.839926160931882748e+01 -4.180114852505556655e+01 -3.074093565451165588e+01 5.663011286267594535e+00 3.739820468977976020e+01 3.830121507146842674e+01 7.627574038003429813e+00 -2.933446401085379662e+01 -4.211230469697223100e+01 -2.017151927100143283e+01
-6.726536209857832738e+00 -1.105756524599720692e+01 -6.272411345860221310e+00 3.683903475179906017e+00 1.060309961301978987e+01 8.780787687062371560e+00 -2.806646010864926044e-01 -9.110728713780801513e+00 -1.042963935010950749e+01 -3.150047679666571732e+00 6.726536209857224335e+00 1.105756524599746804e+01 6.272411345861144127e+00 -3.683903475179085341e+00 -1.060309961301975079e+01 -8.780787687063135394e+00 2.806646010855498030e-01 9.110728713780464005e+00 1.042963935011004217e+01 3.150047679667545619e+00
4.590123102462142946e+00 1.612990137613671271e+00 -2.693939472497091536e+00 -4.779905922618431724e+00 -2.925176944824098513e+00 1.341154185591287407e+00 4.501798247505894857e+00 3.951027051768912557e+00 1.429126173709042158e-01 -3.783023194054660365e+00 -4.590123102462356108e+00 -1.612990137614093156e+00 2.693939472496807319e+00 4.779905922618523206e+00 2.925176944824484426e+00 -1.341154185590923031e+00 -4.501798247505852224e+00 -3.951027051769224752e+00 -1.429126173713122228e-01 3.783023194054490723e+00
-6.388215380572706437e+00 -1.171784100999696321e+01 -7.386932888195762992e+00 3.033980587285460828e+00 1.095359097809194893e+01 9.842737885847368418e+00 6.172413648711285727e-01 -9.117127143095155262e+00 -1.133506712084475687e+01 -4.208043431660693834e+00 6.388215380572001223e+00 1.171784100999716038e+01 7.386932888196710678e+00 -3.033980587284546893e+00 -1.095359097809182636e+01 -9.842737885848126922e+00 -6.172413648721468693e-01 9.117127143094723607e+00 1.133506712084525425e+01 4.208043431661720568e+00
-1.182477662345524294e+01 -2.482983759441671268e+01 -1.736444808617583035e+01 4.416704595911697950e+00 2.255659573659455219e+01 2.210016403587574985e+01 3.423705250470260086e+00 -1.807535712703035102e+01 -2.467256194884673448e+01 -1.092897897257907225e+01 1.182477662345360514e+01 2.482983759441694716e+01 1.736444808617777014e+01 -4.416704595909662245e+00 -2.255659573659410810e+01 -2.210016403587723488e+01 -3.423705250472462325e+00 1.807535712702926389e+01 2.467256194884763687e+01 1.092897897258123407e+01
-1.765494154955858486e+00 -3.531156641286282483e+00 -2.385629439609589841e+00 7.266810372117085137e-01 3.239894233196893403e+00 3.082043061309469589e+00 3.832646835392503060e-01 -2.631488403891653061e+00 -3.476764834311638630e+00 -1.455693786703322168e+00 1.765494154955632444e+00 3.531156641286324671e+00 2.385629439609868729e+00 -7.266810372114240746e-01 -3.239894233196839224e+00 -3.082043061309686749e+00 -3.832646835395612794e-01 2.631488403891506511e+00 3.476764834311774521e+00 1.455693786703630588e+00
-1.257315790785208165e+01 -2.930052011218973007e+01 -2.187166930503658335e+01 3.588830791152544997e+00 2.609059292906193761e+01 2.708250070338563020e+01 5.746796088239610967e+00 -2.032673672618703620e+01 -2.964230823800900794e+01 -1.451988652623211529e+01 1.257315790785003351e+01 2.930052011218985797e+01 2.187166930503881090e+01 -3.588830791150061650e+00 -2.609059292906126259e+01 -2.708250070338728221e+01 -5.746796088242246192e+00 2.032673672618561511e+01 2.964230823800994230e+01 1.451988652623465725e+01
-2.757603764735394591e+00 -4.210379677242536367e+00 -2.191994396934872746e+00 1.633535717990412639e+00 4.112330805190432592e+00 3.200799081687581094e+00 -3.495658136558936757e-01 -3.611738341632709126e+00 -3.896287251046123501e+00 -9.686220280875224020e-01 2.757603764735179652e+00 4.210379677242656271e+00 2.191994396935232015e+00 -1.633535717990111547e+00 -4.112330805190438809e+00 -3.200799081687885739e+00 3.495658136555399587e-01 3.611738341632600768e+00 3.896287251046345101e+00 9.686220280878948818e-01
1.059643753608360051e+00 7.075940836022978075e-01 -2.278170197066771152e-01 -9.754090524119214400e-01 -9.188450922139448362e-01 -1.047581362774378522e-01 7.956945170909006659e-01 1.040153141229476885e+00 4.270788359898659570e-01 -5.380918585073165561e-01 -1.059643753608373595e+00 -7.075940836023814073e-01 2.278170197065920721e-01 9.754090524119057859e-01 9.188450922140105614e-01 1.047581362775308333e-01 -7.956945170908569231e-01 -1.040153141229518408e+00 -4.270788359899576614e-01 5.380918585072493876e-01
-1.651349787887876630e+01 -3.834932210762775640e+01 -2.856883406167638029e+01 4.764643434338936778e+00 3.417000834794976782e+01 3.540461052093272087e+01 7.450607506777058298e+00 -2.664589609472648135e+01 -3.877473702397316657e+01 -1.893654107369476947e+01 1.651349787887608755e+01 3.834932210762792693e+01 2.856883406167929351e+01 -4.764643434335690486e+00 -3.417000834794888675e+01 -3.540461052093488803e+01 -7.450607506780505318e+00 2.664589609472463039e+01 3.877473702397440292e+01 1.893654107369809481e+01
-1.560755467193919444e+00 -1.184955619938910054e+01 -1.236923329322978837e+01 -2.691349624462116452e+00 9.205362057186366798e+00 1.351290174291596813e+01 6.680006663140346745e+00 -5.660082939297226723e+00 -1.333383322008274874e+01 -1.001477810728716022e+01 1.560755467192795898e+00 1.184955619938877724e+01 1.236923329323054332e+01 2.691349624463327039e+00 -9.205362057185711322e+00 -1.351290174291639268e+01 -6.680006663141504930e+00 5.660082939296300353e+00 1.333383322008280203e+01 1.001477810728816209e+01
3.444901014248115789e+00 7.688007748863582513e+00 5.592894134336533263e+00 -1.113166369271336942e+00 -6.901499684747874674e+00 -7.000033097520676151e+00 -1.327532755815918009e+00 5.439424745913125747e+00 7.721960049020946570e+00 3.638283725299325866e+00 -3.444901014247589988e+00 -7.688007748863632251e+00 -5.592894134337123013e+00 1.113166369270693679e+00 6.901499684747714802e+00 7.000033097521121128e+00 1.327532755816605903e+00 -5.439424745912768699e+00 -7.721960049021205919e+00 -3.638283725299994220e+00
