-2.692920701110034010e+00 -6.096427998570403517e+00 -4.473860237335339107e+00 8.370898619234741211e-01 5.457918388699715351e+00 5.579078012263874342e+00 1.100681165296236275e+00 -4.285149699389429578e+00 -6.138176759629640600e+00 -2.930709851160135937e+00 2.692920701109189796e+00 6.096427998570423945e+00 4.473860237336199752e+00 -8.370898619224749204e-01 -5.457918388699408929e+00 -5.579078012264511166e+00 -1.100681165297293429e+00 4.285149699388827393e+00 6.138176759629983437e+00 2.930709851161157342e+00
-4.052850167140557680e+00 -9.413278394275355510e+00 -7.013122264616559853e+00 1.168858714943993959e+00 8.387198093931862886e+00 8.690883980393643071e+00 1.829548772188922090e+00 -6.540120407108738654e+00 -9.517921419220261470e+00 -4.648867278284141591e+00 4.052850167139237847e+00 9.413278394275367944e+00 7.013122264617878798e+00 -1.168858714942440535e+00 -8.387198093931367282e+00 -8.690883980394611186e+00 -1.829548772190558559e+00 6.540120407107789191e+00 9.517921419220773060e+00 4.648867278285715443e+00
7.515642528059302663e+00 5.537076065313065953e+00 -1.006419224033873849e+00 -6.720192820334625061e+00 -6.893641240675234982e+00 -1.383768491393729150e+00 5.266923817018770215e+00 7.575408780577122414e+00 3.638503305601711091e+00 -3.298091613676865208e+00 -7.515642528059322203e+00 -5.537076065314129103e+00 1.006419224032648163e+00 6.720192820334240480e+00 6.893641240676013915e+00 1.383768491395031663e+00 -5.266923817018016152e+00 -7.575408780577539858e+00 -3.638503305602944771e+00 3.298091613675809608e+00
1.131824566958846745e+01 1.754878304280473955e+01 9.311586066893717373e+00 -6.602357111660168698e+00 -1.707312234809833384e+01 -1.346830194193480779e+01 1.240183838315336740e+00 1.492622548252137804e+01 1.630664658372145936e+01 4.243387269992847877e+00 -1.131824566958658806e+01 -1.754878304280553536e+01 -9.311586066896506253e+00 6.602357111657660482e+00 1.707312234809819529e+01 1.346830194193715080e+01 -1.240183838312439057e+00 -1.492622548252032466e+01 -1.630664658372309717e+01 -4.243387269995877453e+00
9.904153614608233624e+00 1.409410036244165632e+01 6.664455060138545051e+00 -6.259563564610776787e+00 -1.402301335826981621e+01 -1.022547732477231541e+01 2.002243819965093152e+00 1.257925610251088955e+01 1.278555862376727603e+01 2.451069500231925602e+00 -9.904153614606851619e+00 -1.409410036244246101e+01 -6.664455060140856979e+00 6.259563564608846775e+00 1.402301335826987483e+01 1.022547732477431204e+01 -2.002243819962798987e+00 -1.257925610251019677e+01 -1.278555862376873797e+01 -2.451069500234378751e+00
1.210874994137712690e+01 2.577890077904574540e+01 1.819616545509165917e+01 -4.388025373492087766e+00 -2.335459865753955100e+01 -2.306695195473130156e+01 -3.762229691121168340e+00 1.864418569837554429e+01 2.567978448013655068e+01 1.154421150057191525e+01 -1.210874994137367011e+01 -2.577890077904598343e+01 -1.819616545509536110e+01 4.388025373487937308e+00 2.335459865753840702e+01 2.306695195473409754e+01 3.762229691125608788e+00 -1.864418569837313555e+01 -2.567978448013813519e+01 -1.154421150057625312e+01
3.618913560912953464e+00 3.168673289840693297e+00 1.060852972899857249e-01 -3.043962543376478980e+00 -3.684477880344843470e+00 -1.287400977552678238e+00 2.171047263560077489e+00 3.839620104653838073e+00 2.342696880282444383e+00 -1.085614751010580026e+00 -3.618913560912858429e+00 -3.168673289841160923e+00 -1.060852972906269898e-01 3.043962543376188545e+00 3.684477880345147227e+00 1.287400977553326387e+00 -2.171047263559618301e+00 -3.839620104653947763e+00 -2.342696880283026584e+00 1.085614751009993606e+00
-5.455569558546036646e+00 -1.404088830560732681e+01 -1.105048459169803898e+01 1.050264558236445156e+00 1.228514462837184418e+01 1.339178911143806872e+01 3.457847654656912795e+00 -9.326845399275141446e+00 -1.442221200686888771e+01 -7.627481646871168586e+00 5.455569558543976072e+00 1.404088830560722023e+01 1.105048459169995390e+01 -1.050264558234067280e+00 -1.228514462837098442e+01 -1.339178911143942763e+01 -3.457847654659377490e+00 9.326845399273613779e+00 1.442221200686954319e+01 7.627481646873501830e+00
-6.104853739611430186e+00 -1.466063487016182165e+01 -1.112975619224077306e+01 1.576821767341662017e+00 1.298342135291525778e+01 1.368610542374429428e+01 3.105560505878913080e+00 -1.003530009282912339e+01 -1.490276329966773794e+01 -7.483948879071688154e+00 6.104853739609342966e+00 1.466063487016179678e+01 1.112975619224281054e+01 -1.576821767339221303e+00 -1.298342135291444421e+01 -1.368610542374577044e+01 -3.105560505881470146e+00 1.003530009282760460e+01 1.490276329966849644e+01 7.483948879074134197e+00
-8.943696490381517705e+00 -1.803982017334583787e+01 -1.226338401342083984e+01 3.623347640769481792e+00 1.652288462776708400e+01 1.580046817829401995e+01 2.051679721268763412e+00 -1.338857401311542716e+01 -1.779089242954019667e+01 -7.525874377296097428e+00 8.943696490379169362e+00 1.803982017334610077e+01 1.226338401342347062e+01 -3.623347640766626299e+00 -1.652288462776638411e+01 -1.580046817829604322e+01 -2.051679721271851609e+00 1.338857401311383200e+01 1.779089242954139038e+01 7.525874377299144768e+00
-9.084988253598854868e+00 -1.711831830987688363e+01 -1.103880183958930772e+01 4.141428461297426367e+00 1.590734298553937798e+01 1.455877475881938210e+01 1.207523203824827807e+00 -1.313924609680104538e+01 -1.665363336770743530e+01 -6.438274084447905388e+00 9.084988253596721464e+00 1.711831830987726022e+01 1.103880183959185679e+01 -4.141428461294778707e+00 -1.590734298553883619e+01 -1.455877475882138761e+01 -1.207523203827733926e+00 1.313924609679964561e+01 1.665363336770867875e+01 6.438274084450812396e+00
2.039758285890174605e+01 4.042842169883374481e+01 2.712887723717035016e+01 -8.536513796309774804e+00 -3.716415106809502333e+01 -3.515256602728297963e+01 -4.160168714054467642e+00 3.026199439294354221e+01 3.973527673231489388e+01 1.644962492508737029e+01 -2.039758285889653777e+01 -4.042842169883441272e+01 -2.712887723717627964e+01 8.536513796303410118e+00 3.716415106809352409e+01 3.515256602728756974e+01 4.160168714061375006e+00 -3.026199439294003213e+01 -3.973527673231762947e+01 -1.644962492509420571e+01
-4.509111142796953686e+00 -7.268487534109841164e+00 -4.035508415246138902e+00 2.524462870142065718e+00 7.003192505305111837e+00 5.708283677025183245e+00 -2.927025827904826683e-01 -6.052376199969550008e+00 -6.822292360545826995e+00 -1.967709472743501165e+00 4.509111142796148108e+00 7.268487534110134263e+00 4.035508415247278435e+00 -2.524462870141008786e+00 -7.003192505305017690e+00 -5.708283677026128267e+00 2.927025827892753007e-01 6.052376199969079273e+00 6.822292360546473589e+00 1.967709472744751054e+00
1.839926160932347088e+01 4.180114852505930401e+01 3.074093565451194010e+01 -5.663011286270668521e+00 -3.739820468978376766e+01 -3.830121507147069337e+01 -7.627574038002467915e+00 2.933446401085708288e+01 4.211230469697564160e+01 2.017151927100266917e+01 -1.839926160931767640e+01 -4.180114852505943190e+01 -3.074093565451783761e+01 5.663011286263810895e+00 3.739820468978165735e+01 3.830121507147504190e+01 7.627574038009719004e+00 -2.933446401085294042e+01 -4.211230469697798640e+01 -2.017151927100967157e+01
-6.726536209858313242e+00 -1.105756524599829760e+01 -6.272411345861168108e+00 3.683903475179824305e+00 1.060309961302070469e+01 8.780787687063684288e+00 -2.806646010857765106e-01 -9.110728713781282906e+00 -1.042963935011092680e+01 -3.150047679667888012e+00 6.726536209857068016e+00 1.105756524599871504e+01 6.272411345862890286e+00 -3.683903475178202491e+00 -1.060309961302053416e+01 -8.780787687065103597e+00 2.806646010839344285e-01 9.110728713780542165e+00 1.042963935011188426e+01 3.150047679669787826e+00
4.590123102462510651e+00 1.612990137614147557e+00 -2.693939472496886811e+00 -4.779905922618710612e+00 -2.925176944824693148e+00 1.341154185590834214e+00 4.501798247505986339e+00 3.951027051769533394e+00 1.429126173715894454e-01 -3.783023194054482730e+00 -4.590123102462888127e+00 -1.612990137614951358e+00 2.693939472496319709e+00 4.779905922618846503e+00 2.925176944825420566e+00 -1.341154185590110792e+00 -4.501798247505865547e+00 -3.951027051770112486e+00 -1.429126173723854754e-01 3.783023194054114136e+00
-6.388215380573120328e+00 -1.171784100999809830e+01 -7.386932888196838576e+00 3.033980587285256991e+00 1.095359097809284066e+01 9.842737885848785950e+00 6.172413648720016521e-01 -9.117127143095544284e+00 -1.133506712084622770e+01 -4.208043431662177092e+00 6.388215380571685920e+00 1.171784100999838785e+01 7.386932888198598057e+00 -3.033980587283461539e+00 -1.095359097809250493e+01 -9.842737885850182167e+00 -6.172413648739841774e-01 9.117127143094617026e+00 1.133506712084710877e+01 4.208043431664171052e+00
-1.182477662345631231e+01 -2.482983759441921023e+01 -1.736444808617803304e+01 4.416704595911426168e+00 2.255659573659653105e+01 2.210016403587869149e+01 3.423705250471969386e+00 -1.807535712703124986e+01 -2.467256194884978626e+01 -1.092897897258207429e+01 1.182477662345300828e+01 2.482983759441947313e+01 1.736444808618161773e+01 -4.416704595907446240e+00 -2.255659573659546169e+01 -2.210016403588140221e+01 -3.423705250476239748e+00 1.807535712702896191e+01 2.467256194885134235e+01 1.092897897258625584e+01
-1.765494154956026795e+00 -3.531156641286644859e+00 -2.385629439609895819e+00 7.266810372116876415e-01 3.239894233197189166e+00 3.082043061309887033e+00 3.832646835394774576e-01 -2.631488403891800054e+00 -3.476764834312080055e+00 -1.455693786703738057e+00 1.765494154955569828e+00 3.531156641286699482e+00 2.385629439610411850e+00 -7.266810372111301985e-01 -3.239894233197054607e+00 -3.082043061310285381e+00 -3.832646835400813634e-01 2.631488403891490524e+00 3.476764834312316754e+00 1.455693786704334913e+00
-1.257315790785303555e+01 -2.930052011219251185e+01 -2.187166930503930828e+01 3.588830791151898847e+00 2.609059292906398753e+01 2.708250070338908699e+01 5.746796088241915790e+00 -2.032673672618772542e+01 -2.964230823801245052e+01 -1.451988652623585274e+01 1.257315790784892151e+01 2.930052011219253671e+01 2.187166930504340812e+01 -3.588830791147059607e+00 -2.609059292906243854e+01 -2.708250070339209259e+01 -5.746796088247011269e+00 2.032673672618476246e+01 2.964230823801403147e+01 1.451988652624075193e+01
