7.265731755685015614e+00 1.249778406094474992e+00 -8.038137289057292634e+00 3.718063644780617683e+00 5.740247584247932799e+00 -7.265731755685297166e+00 -1.249778406095360728e+00 8.038137289058118640e+00 -3.718063644780238874e+00 -5.740247584248995061e+00 7.265731755685576054e+00 1.249778406096258898e+00 -8.038137289058946422e+00 3.718063644779851629e+00 5.740247584250051993e+00 -7.265731755685844284e+00 -1.249778406097143746e+00 8.038137289059777757e+00 -3.718063644779479482e+00 -5.740247584251112478e+00
5.688680772560793741e+00 1.762771741750878363e+00 -6.778133623370843353e+00 2.426345217780543795e+00 5.278569810342001567e+00 -5.688680772560934962e+00 -1.762771741751664845e+00 6.778133623371468630e+00 -2.426345217780139674e+00 -5.278569810342877311e+00 5.688680772561074406e+00 1.762771741752461541e+00 -6.778133623372093020e+00 2.426345217779729335e+00 5.278569810343749502e+00 -5.688680772561202303e+00 -1.762771741753247579e+00 6.778133623372720962e+00 -2.426345217779330987e+00 -5.278569810344621693e+00
1.093827424162125972e+01 3.435188602718993955e+00 -1.306133755586815326e+01 4.637161945342545444e+00 1.019541386230945434e+01 -1.093827424162152617e+01 -3.435188602720511408e+00 1.306133755586935230e+01 -4.637161945341760294e+00 -1.019541386231114366e+01 1.093827424162178907e+01 3.435188602722049289e+00 -1.306133755587055489e+01 4.637161945340965374e+00 1.019541386231282232e+01 -1.093827424162203066e+01 -3.435188602723565854e+00 1.306133755587176104e+01 -4.637161945340193547e+00 -1.019541386231450275e+01
-5.405764746871235538e-01 -9.435661446559577836e-01 1.123732422718199953e+00 2.490613131559077376e-01 -1.277660779531265112e+00 5.405764746870582727e-01 9.435661446561246501e-01 -1.123732422718237034e+00 -2.490613131560523996e-01 1.277660779531391677e+00 -5.405764746869929915e-01 -9.435661446562928489e-01 1.123732422718275004e+00 2.490613131561980054e-01 -1.277660779531518020e+00 5.405764746869237136e-01 9.435661446564598265e-01 -1.123732422718310531e+00 -2.490613131563412241e-01 1.277660779531644586e+00
-7.025657780872335501e+00 -2.801141952311920758e+00 8.756858714714514491e+00 -2.610894368062042670e+00 -7.143237254216868060e+00 7.025657780872446523e+00 2.801141952312966144e+00 -8.756858714715265890e+00 2.610894368061457804e+00 7.143237254217983612e+00 -7.025657780872554881e+00 -2.801141952314024852e+00 8.756858714716022618e+00 -2.610894368060865389e+00 -7.143237254219095611e+00 7.025657780872647251e+00 2.801141952315069794e+00 -8.756858714716777570e+00 2.610894368060288517e+00 7.143237254220209387e+00
-6.907091636215920261e+00 -3.548558813280779489e+00 9.100221593901583361e+00 -2.075687436905782945e+00 -7.817376207873030225e+00 6.907091636215948682e+00 3.548558813281901703e+00 -9.100221593902302786e+00 2.075687436905099048e+00 7.817376207874172422e+00 -6.907091636215975328e+00 -3.548558813283037239e+00 9.100221593903022210e+00 -2.075687436904407601e+00 -7.817376207875309291e+00 6.907091636215982433e+00 3.548558813284159008e+00 -9.100221593903741635e+00 2.075687436903733030e+00 7.817376207876449712e+00
-7.154711762653006346e+00 -3.577612795062627526e+00 9.365798068588381042e+00 -2.210768743092742739e+00 -7.999467844091566526e+00 7.154711762653046314e+00 3.577612795063778606e+00 -9.365798068589128889e+00 2.210768743092047739e+00 7.999467844092743363e+00 -7.154711762653083618e+00 -3.577612795064943008e+00 9.365798068589876735e+00 -2.210768743091344746e+00 -7.999467844093916646e+00 7.154711762653100493e+00 3.577612795066093199e+00 -9.365798068590622805e+00 2.210768743090659072e+00 7.999467844095091706e+00
-7.919098300559619830e+00 -3.350155280999818519e+00 9.989608131807655056e+00 -2.823762078749274984e+00 -8.244427190997967614e+00 7.919098300559725523e+00 3.350155281001020224e+00 -9.989608131808498825e+00 2.823762078748589310e+00 8.244427190999237709e+00 -7.919098300559828552e+00 -3.350155281002236141e+00 9.989608131809342595e+00 -2.823762078747895199e+00 -8.244427191000500699e+00 7.919098300559912040e+00 3.350155281003436958e+00 -9.989608131810189917e+00 2.823762078747219295e+00 8.244427191001767241e+00
1.806757947333711201e+01 5.901655779781445510e+00 -2.171500333514479308e+01 7.518954347154591211e+00 1.706803398874543376e+01 -1.806757947333753123e+01 -5.901655779783979483e+00 2.171500333514676484e+01 -7.518954347153265161e+00 -1.706803398874823330e+01 1.806757947333793979e+01 5.901655779786546319e+00 -2.171500333514874370e+01 7.518954347151919571e+00 1.706803398875101863e+01 -1.806757947333831282e+01 -5.901655779789078515e+00 2.171500333515072612e+01 -7.518954347150613948e+00 -1.706803398875380751e+01
-4.201722092685941767e+00 -1.425938686843689629e+00 5.083000667028845676e+00 -1.715528490218342528e+00 -4.022745751405341075e+00 4.201722092686034138e+00 1.425938686844285153e+00 -5.083000667029303088e+00 1.715528490218026780e+00 4.022745751405994774e+00 -4.201722092686123844e+00 -1.425938686844888448e+00 5.083000667029762276e+00 -1.715528490217706814e+00 -4.022745751406645809e+00 4.201722092686205556e+00 1.425938686845483749e+00 -5.083000667030221464e+00 1.715528490217395952e+00 4.022745751407297732e+00
1.823209163621184103e+01 6.542028988999284422e+00 -2.227528790680098325e+01 7.224856046592416092e+00 1.781008130618264218e+01 -1.823209163621220696e+01 -6.542028989001910766e+00 2.227528790680295856e+01 -7.224856046590998560e+00 -1.781008130618549856e+01 1.823209163621255868e+01 6.542028989004571748e+00 -2.227528790680494097e+01 7.224856046589560599e+00 1.781008130618834073e+01 -1.823209163621287487e+01 -6.542028989007197204e+00 2.227528790680692339e+01 -7.224856046588163494e+00 -1.781008130619119001e+01
-5.543237254216691667e+00 -1.962084304843573657e+00 6.755872043402873395e+00 -2.213274241624363814e+00 -5.387993335654663873e+00 5.543237254216804466e+00 1.962084304844369242e+00 -6.755872043403475580e+00 2.213274241623935712e+00 5.387993335655530736e+00 -5.543237254216915488e+00 -1.962084304845174820e+00 6.755872043404078653e+00 -2.213274241623502725e+00 -5.387993335656394045e+00 5.543237254217014076e+00 1.962084304845969740e+00 -6.755872043404682614e+00 2.213274241623081728e+00 5.387993335657259131e+00
1.592124957937403940e+00 -2.227937358740799123e-01 -1.454430856686717677e+00 1.121681439593068763e+00 7.611936024683690905e-01 -1.592124957937516072e+00 2.227937358739448537e-01 1.454430856686912854e+00 -1.121681439593053442e+00 -7.611936024685741486e-01 1.592124957937627538e+00 -2.227937358738072415e-01 -1.454430856687107809e+00 1.121681439593037011e+00 7.611936024687782076e-01 -1.592124957937738561e+00 2.227937358736724605e-01 1.454430856687305651e+00 -1.121681439593022800e+00 -7.611936024689822666e-01
-5.794630456466665969e+00 -2.097697766937473673e+00 7.091078974558929104e+00 -2.284830056249438357e+00 -5.678976341279749818e+00 5.794630456466778767e+00 2.097697766938310782e+00 -7.091078974559557935e+00 2.284830056248985386e+00 5.678976341280658424e+00 -5.794630456466889790e+00 -2.097697766939158548e+00 7.091078974560185877e+00 -2.284830056248525754e+00 -5.678976341281563478e+00 5.794630456466988377e+00 2.097697766939995212e+00 -7.091078974560815595e+00 2.284830056248079000e+00 5.678976341282470308e+00
-1.186352549155792957e+01 -4.227487170093391811e+00 1.447625624968006086e+01 -4.719331222061446951e+00 -1.155954915027813712e+01 1.186352549155816938e+01 4.227487170095098001e+00 -1.447625624968134872e+01 4.719331222060527686e+00 1.155954915027999519e+01 -1.186352549155840208e+01 -4.227487170096825508e+00 1.447625624968263658e+01 -4.719331222059596875e+00 -1.155954915028184438e+01 1.186352549155861169e+01 4.227487170098529923e+00 -1.447625624968392799e+01 4.719331222058691822e+00 1.155954915028369712e+01
-2.090779740155350730e+00 -4.651219592812854686e-01 2.378240919905191486e+00 -1.004711762655861262e+00 -1.757294901687161071e+00 2.090779740155421340e+00 4.651219592815528658e-01 -2.378240919905426409e+00 1.004711762655737584e+00 1.757294901687472599e+00 -2.090779740155490618e+00 -4.651219592818237603e-01 2.378240919905660888e+00 -1.004711762655611906e+00 -1.757294901687782795e+00 2.090779740155556787e+00 4.651219592820909909e-01 -2.378240919905897144e+00 1.004711762655490226e+00 1.757294901688093658e+00
-1.339336287918227342e+01 -6.302487170092966551e+00 1.728851416396017271e+01 -4.382402198217723921e+00 -1.458004065309008368e+01 1.339336287918238533e+01 6.302487170095074198e+00 -1.728851416396158314e+01 4.382402198216477807e+00 1.458004065309226682e+01 -1.339336287918249724e+01 -6.302487170097207603e+00 1.728851416396299712e+01 -4.382402198215215705e+00 -1.458004065309443931e+01 1.339336287918257007e+01 6.302487170099313474e+00 -1.728851416396440754e+01 4.382402198213985578e+00 1.458004065309661712e+01
-1.237006664343275997e+00 3.523798735621899159e-01 1.019223925530504893e+00 -9.822949016871194150e-01 -4.121322893121897590e-01 1.237006664343381246e+00 -3.523798735621062050e-01 -1.019223925530661656e+00 9.822949016871321826e-01 4.121322893123390840e-01 -1.237006664343486051e+00 3.523798735620207734e-01 1.019223925530817976e+00 -9.822949016871440620e-01 -4.121322893124874098e-01 1.237006664343590856e+00 -3.523798735619373401e-01 -1.019223925530977404e+00 9.822949016871573846e-01 4.121322893126359022e-01
-6.470879705309067198e-01 -7.344235253128820196e-01 1.100986671311790177e+00 5.397634128164102707e-02 -1.134345884812245631e+00 6.470879705308687502e-01 7.344235253130348973e-01 -1.100986671311846132e+00 -5.397634128176009849e-02 1.134345884812375083e+00 -6.470879705308304475e-01 -7.344235253131892183e-01 1.100986671311902310e+00 5.397634128188011360e-02 -1.134345884812504091e+00 6.470879705307890362e-01 7.344235253133419850e-01 -1.100986671311957155e+00 -5.397634128199790826e-02 1.134345884812633543e+00
-1.792008497186792937e+01 -7.631618792374423421e+00 2.263668477473818186e+01 -6.358621791030175885e+00 -1.870684038627675605e+01 1.792008497186816385e+01 7.631618792377148353e+00 -2.263668477474008967e+01 6.358621791028617132e+00 1.870684038627963020e+01 -1.792008497186839122e+01 -7.631618792379905258e+00 2.263668477474200103e+01 -6.358621791027038839e+00 -1.870684038628249368e+01 1.792008497186857596e+01 7.631618792382628413e+00 -2.263668477474391594e+01 6.358621791025503178e+00 1.870684038628536427e+01
