-1.435000000001379661e+01 1.435000000001063825e+01 -1.435000000000748344e+01 1.435000000000432330e+01 -1.435000000000116493e+01 1.434999999999800835e+01 -1.434999999999485176e+01 1.434999999999169162e+01 -1.434999999998853681e+01 1.434999999998537668e+01 -1.434999999998222187e+01 1.434999999997906173e+01 -1.434999999997590514e+01 1.434999999997274500e+01 -1.434999999996959019e+01 1.434999999996643005e+01 -1.434999999996327524e+01 1.434999999996011510e+01 -1.434999999995695852e+01 1.434999999995379838e+01
-1.395000000001345342e+01 1.395000000001038210e+01 -1.395000000000731433e+01 1.395000000000424301e+01 -1.395000000000117346e+01 1.394999999999810392e+01 -1.394999999999503437e+01 1.394999999999196305e+01 -1.394999999998889706e+01 1.394999999998582396e+01 -1.394999999998275797e+01 1.394999999997968665e+01 -1.394999999997661710e+01 1.394999999997354578e+01 -1.394999999997047802e+01 1.394999999996740669e+01 -1.394999999996433893e+01 1.394999999996126760e+01 -1.394999999995819806e+01 1.394999999995512674e+01
-1.670000000001566320e+01 1.670000000001198615e+01 -1.670000000000831619e+01 1.670000000000463913e+01 -1.670000000000096563e+01 1.669999999999728857e+01 -1.669999999999361506e+01 1.669999999998993800e+01 -1.669999999998626805e+01 1.669999999998259099e+01 -1.669999999997891749e+01 1.669999999997524043e+01 -1.669999999997156692e+01 1.669999999996788986e+01 -1.669999999996421636e+01 1.669999999996053930e+01 -1.669999999995686935e+01 1.669999999995319229e+01 -1.669999999994951878e+01 1.669999999994584172e+01
1.215000000001143299e+01 -1.215000000000875779e+01 1.215000000000608615e+01 -1.215000000000341096e+01 1.215000000000073932e+01 -1.214999999999806590e+01 1.214999999999539249e+01 -1.214999999999271729e+01 1.214999999999004565e+01 -1.214999999998737046e+01 1.214999999998469882e+01 -1.214999999998202362e+01 1.214999999997935021e+01 -1.214999999997667501e+01 1.214999999997400337e+01 -1.214999999997132818e+01 1.214999999996865654e+01 -1.214999999996598135e+01 1.214999999996330793e+01 -1.214999999996063273e+01
1.200000000001169198e+01 -1.200000000000905054e+01 1.200000000000641087e+01 -1.200000000000376943e+01 1.200000000000112976e+01 -1.199999999999848832e+01 1.199999999999584865e+01 -1.199999999999320721e+01 1.199999999999056755e+01 -1.199999999998792610e+01 1.199999999998528821e+01 -1.199999999998264499e+01 1.199999999998000533e+01 -1.199999999997736211e+01 1.199999999997472422e+01 -1.199999999997208278e+01 1.199999999996944311e+01 -1.199999999996680167e+01 1.199999999996416200e+01 -1.199999999996151878e+01
-5.250000000005750067e+00 5.250000000004593659e+00 -5.250000000003439915e+00 5.250000000002283507e+00 -5.250000000001128875e+00 5.249999999999973355e+00 -5.249999999998817835e+00 5.249999999997662314e+00 -5.249999999996507682e+00 5.249999999995352162e+00 -5.249999999994197530e+00 5.249999999993042010e+00 -5.249999999991886490e+00 5.249999999990730970e+00 -5.249999999989576338e+00 5.249999999988420818e+00 -5.249999999987266186e+00 5.249999999986110666e+00 -5.249999999984955146e+00 5.249999999983799626e+00
-4.950000000005059242e+00 4.950000000003969447e+00 -4.950000000002880540e+00 4.950000000001790745e+00 -4.950000000000701839e+00 4.949999999999612932e+00 -4.949999999998523137e+00 4.949999999997433342e+00 -4.949999999996345323e+00 4.949999999995255529e+00 -4.949999999994166622e+00 4.949999999993076827e+00 -4.949999999991987920e+00 4.949999999990898125e+00 -4.949999999989810107e+00 4.949999999988720312e+00 -4.949999999987631405e+00 4.949999999986541610e+00 -4.949999999985452703e+00 4.949999999984362908e+00
-7.800000000007734080e+00 7.800000000006016343e+00 -7.800000000004302159e+00 7.800000000002584422e+00 -7.800000000000868461e+00 7.799999999999151612e+00 -7.799999999997435651e+00 7.799999999995718802e+00 -7.799999999994003730e+00 7.799999999992285993e+00 -7.799999999990570920e+00 7.799999999988854071e+00 -7.799999999987137222e+00 7.799999999985420374e+00 -7.799999999983705301e+00 7.799999999981987564e+00 -7.799999999980272491e+00 7.799999999978555643e+00 -7.799999999976838794e+00 7.799999999975121945e+00
-2.250000000002425615e+00 2.250000000001930012e+00 -2.250000000001435296e+00 2.250000000000940137e+00 -2.250000000000444977e+00 2.249999999999949818e+00 -2.249999999999454658e+00 2.249999999998959499e+00 -2.249999999998464784e+00 2.249999999997969180e+00 -2.249999999997474465e+00 2.249999999996979305e+00 -2.249999999996484146e+00 2.249999999995988542e+00 -2.249999999995493827e+00 2.249999999994998667e+00 -2.249999999994503952e+00 2.249999999994008348e+00 -2.249999999993513633e+00 2.249999999993018029e+00
-2.200000000001924860e+00 2.200000000001440803e+00 -2.200000000000956746e+00 2.200000000000472689e+00 -2.199999999999988631e+00 2.199999999999504574e+00 -2.199999999999020517e+00 2.199999999998536016e+00 -2.199999999998052402e+00 2.199999999997567901e+00 -2.199999999997084288e+00 2.199999999996599787e+00 -2.199999999996115729e+00 2.199999999995631228e+00 -2.199999999995147615e+00 2.199999999994663114e+00 -2.199999999994179500e+00 2.199999999993694999e+00 -2.199999999993210942e+00 2.199999999992726440e+00
6.150000000006009770e+00 -6.150000000004656187e+00 6.150000000003303491e+00 -6.150000000001949907e+00 6.150000000000596323e+00 -6.149999999999243627e+00 6.149999999997890043e+00 -6.149999999996536459e+00 6.149999999995183764e+00 -6.149999999993830180e+00 6.149999999992477484e+00 -6.149999999991123900e+00 6.149999999989770316e+00 -6.149999999988416732e+00 6.149999999987064037e+00 -6.149999999985710453e+00 6.149999999984357757e+00 -6.149999999983004173e+00 6.149999999981650589e+00 -6.149999999980297005e+00
8.700000000008662582e+00 -8.700000000006745893e+00 8.700000000004832756e+00 -8.700000000002917844e+00 8.700000000001004707e+00 -8.699999999999089795e+00 8.699999999997174882e+00 -8.699999999995259969e+00 8.699999999993346833e+00 -8.699999999991431920e+00 8.699999999989518784e+00 -8.699999999987603871e+00 8.699999999985688959e+00 -8.699999999983774046e+00 8.699999999981860910e+00 -8.699999999979944221e+00 8.699999999978032861e+00 -8.699999999976116172e+00 8.699999999974203035e+00 -8.699999999972286346e+00
-1.730000000001775362e+01 1.730000000001394511e+01 -1.730000000001014016e+01 1.730000000000633165e+01 -1.730000000000252669e+01 1.729999999999871818e+01 -1.729999999999491322e+01 1.729999999999110472e+01 -1.729999999998729976e+01 1.729999999998349125e+01 -1.729999999997968629e+01 1.729999999997587778e+01 -1.729999999997207283e+01 1.729999999996826432e+01 -1.729999999996445936e+01 1.729999999996065085e+01 -1.729999999995684590e+01 1.729999999995303739e+01 -1.729999999994923243e+01 1.729999999994542037e+01
5.350000000004899725e+00 -5.350000000003722000e+00 5.350000000002546052e+00 -5.350000000001367439e+00 5.350000000000190603e+00 -5.349999999999013767e+00 5.349999999997836042e+00 -5.349999999996658318e+00 5.349999999995482369e+00 -5.349999999994303757e+00 5.349999999993127808e+00 -5.349999999991950084e+00 5.349999999990773247e+00 -5.349999999989594635e+00 5.349999999988418686e+00 -5.349999999987240962e+00 5.349999999986064125e+00 -5.349999999984886401e+00 5.349999999983709564e+00 -5.349999999982530952e+00
-1.205000000001188809e+01 1.205000000000923599e+01 -1.205000000000658567e+01 1.205000000000393356e+01 -1.205000000000128146e+01 1.204999999999863114e+01 -1.204999999999597904e+01 1.204999999999332516e+01 -1.204999999999067661e+01 1.204999999998802274e+01 -1.204999999998537419e+01 1.204999999998272031e+01 -1.204999999998006999e+01 1.204999999997741611e+01 -1.204999999997476756e+01 1.204999999997211368e+01 -1.204999999996946514e+01 1.204999999996681126e+01 -1.204999999996415916e+01 1.204999999996150706e+01
-1.075000000001074341e+01 1.075000000000837552e+01 -1.075000000000601297e+01 1.075000000000364508e+01 -1.075000000000128075e+01 1.074999999999891465e+01 -1.074999999999655032e+01 1.074999999999418243e+01 -1.074999999999181988e+01 1.074999999998945199e+01 -1.074999999998708944e+01 1.074999999998472155e+01 -1.074999999998235722e+01 1.074999999997998934e+01 -1.074999999997762501e+01 1.074999999997525890e+01 -1.074999999997289457e+01 1.074999999997052846e+01 -1.074999999996816236e+01 1.074999999996579625e+01
-1.180000000001159144e+01 1.180000000000899263e+01 -1.180000000000639737e+01 1.180000000000380034e+01 -1.180000000000120330e+01 1.179999999999860805e+01 -1.179999999999601101e+01 1.179999999999341220e+01 -1.179999999999081872e+01 1.179999999998821991e+01 -1.179999999998562643e+01 1.179999999998302762e+01 -1.179999999998043236e+01 1.179999999997783355e+01 -1.179999999997523830e+01 1.179999999997264126e+01 -1.179999999997004601e+01 1.179999999996744897e+01 -1.179999999996485194e+01 1.179999999996225313e+01
-5.450000000005461587e+00 5.450000000004261658e+00 -5.450000000003063505e+00 5.450000000001863576e+00 -5.450000000000664535e+00 5.449999999999464606e+00 -5.449999999998265565e+00 5.449999999997065636e+00 -5.449999999995867483e+00 5.449999999994667554e+00 -5.449999999993469402e+00 5.449999999992269473e+00 -5.449999999991070432e+00 5.449999999989870503e+00 -5.449999999988672350e+00 5.449999999987472421e+00 -5.449999999986273380e+00 5.449999999985073451e+00 -5.449999999983874410e+00 5.449999999982674481e+00
-5.300000000004528644e+00 5.300000000003361578e+00 -5.300000000002196288e+00 5.300000000001029221e+00 -5.299999999999863043e+00 5.299999999998696865e+00 -5.299999999997531575e+00 5.299999999996364508e+00 -5.299999999995199218e+00 5.299999999994032152e+00 -5.299999999992866861e+00 5.299999999991699795e+00 -5.299999999990533617e+00 5.299999999989366550e+00 -5.299999999988201260e+00 5.299999999987034194e+00 -5.299999999985868904e+00 5.299999999984701837e+00 -5.299999999983535659e+00 5.299999999982369481e+00
-1.300000000001091616e+00 1.300000000000805400e+00 -1.300000000000519629e+00 1.300000000000233413e+00 -1.299999999999947198e+00 1.299999999999661204e+00 -1.299999999999375211e+00 1.299999999999088995e+00 -1.299999999998803224e+00 1.299999999998517008e+00 -1.299999999998231015e+00 1.299999999997944800e+00 -1.299999999997658806e+00 1.299999999997372591e+00 -1.299999999997086819e+00 1.299999999996800604e+00 -1.299999999996514610e+00 1.299999999996228395e+00 -1.299999999995942401e+00 1.299999999995656186e+00
