-8.173452476434871494e-01 5.325284312941551690e-01 -1.955840217464167585e-01 -1.605055145635396752e-01 5.008836528001269217e-01 -7.922318092389514232e-01 1.006030796385962489e+00 -1.121352479754210929e+00 1.126908369482319872e+00 -1.022154616373627700e+00 8.173452476447723436e-01 -5.325284312977092149e-01 1.955840217518914348e-01 1.605055145566759989e-01 -5.008836527925477622e-01 7.922318092313990201e-01 -1.006030796379174364e+00 1.121352479748853881e+00 -1.126908369478918592e+00 1.022154616372515257e+00
-6.648614260233141060e+00 6.143897065454349438e+00 -5.037772418863642798e+00 3.438515507692934126e+00 -1.502672741085498531e+00 -5.802621031539592078e-01 2.606396849811561722e+00 -4.377399312974358914e+00 5.719911432249142003e+00 -6.502518767570178326e+00 6.648614260211037852e+00 -6.143897065445409922e+00 5.037772418868733837e+00 -3.438515507711571662e+00 1.502672741115852695e+00 5.802621031148609276e-01 -2.606396849767524504e+00 4.377399312929717290e+00 -5.719911432208263591e+00 6.502518767537067923e+00
-7.622309736146367420e+00 6.854507790793040733e+00 -5.415738864716061585e+00 3.446839684892365252e+00 -1.140539821169994417e+00 -1.277404026854508157e+00 3.570306668531962657e+00 -5.513722817703804679e+00 6.917417361113614938e+00 -7.643986896738418579e+00 7.622309736124425861e+00 -6.854507790786744437e+00 5.415738864726016288e+00 -3.446839684917615720e+00 1.140539821208061300e+00 1.277404026807352100e+00 -3.570306668480308865e+00 5.513722817652736197e+00 -6.917417361068129544e+00 7.643986896702970490e+00
-9.397960553016247331e+00 8.425036037502598774e+00 -6.627410293964390853e+00 4.181047454974111233e+00 -1.325414560023867594e+00 -1.659959146765082938e+00 4.482844486651607063e+00 -6.866917774370066674e+00 8.578809305704524490e+00 -9.450947210119473141e+00 9.397960552989667704e+00 -8.425036037495383212e+00 6.627410293977235689e+00 -4.181047455005782787e+00 1.325414560071255909e+00 1.659959146706618149e+00 -4.482844486587758581e+00 6.866917774307117028e+00 -8.578809305648633199e+00 9.450947210076115823e+00
-8.029971801772836315e+00 7.285400471468659767e+00 -5.827683382650605814e+00 3.799512040484345654e+00 -1.399417987041459588e+00 -1.137660849289129583e+00 3.563377515140597751e+00 -5.640285962298544398e+00 7.165083921284193913e+00 -7.988513543980949372e+00 8.029971801748567728e+00 -7.285400471460683036e+00 5.827683382659693656e+00 -3.799512040509626765e+00 1.399417987080451953e+00 1.137660849240244021e+00 -3.563377515086577851e+00 5.640285962244707463e+00 -7.165083921235806841e+00 7.988513543942751483e+00
1.792964551798316108e+01 -1.633061980604361452e+01 1.313303924537721556e+01 -8.649905300115779738e+00 3.320058356651711673e+00 2.334779030962875535e+00 -7.761071979661405607e+00 1.242765712842129666e+01 -1.587773660887375371e+01 1.777359260335711610e+01 -1.792964551792782757e+01 1.633061980602447605e+01 -1.313303924539612311e+01 8.649905300170924960e+00 -3.320058356737678462e+00 -2.334779030854504001e+00 7.761071979541179999e+00 -1.242765712830104796e+01 1.587773660876525028e+01 -1.777359260327098767e+01
-4.309935943386432378e+00 3.950557653250018397e+00 -3.204471254861582796e+00 2.144708883184998083e+00 -8.750074629584332353e-01 -4.803457842766807318e-01 1.788679439380084668e+00 -2.921924688494171196e+00 3.769151590852302558e+00 -4.247427674275271237e+00 4.309935943372683376e+00 -3.950557653244896272e+00 3.204471254865584040e+00 -2.144708883197740779e+00 8.750074629786663838e-01 4.803457842509385456e-01 -1.788679439351338996e+00 2.921924688465251219e+00 -3.769151590826038234e+00 4.247427674254234731e+00
1.873992303837329843e+01 -1.704110096544637543e+01 1.367417719769729523e+01 -8.968729692250608565e+00 3.385360435719261041e+00 2.529391487447856246e+00 -8.196548948513330046e+00 1.306137108978246353e+01 -1.664765522486142757e+01 1.860435087550018451e+01 -1.873992303831596118e+01 1.704110096542695274e+01 -1.367417719771765938e+01 8.968729692308812673e+00 -3.385360435809588786e+00 -2.529391487334248012e+00 8.196548948387501810e+00 -1.306137108965679694e+01 1.664765522474822390e+01 -1.860435087541052468e+01
-6.118115339900819016e+00 5.440418969562943907e+00 -4.230176484858970909e+00 2.605854852446885417e+00 -7.264539910211788021e-01 -1.224057248546550181e+00 3.054749236117204614e+00 -4.586421084767016154e+00 5.669142082165691932e+00 -6.196927953327830529e+00 6.118115339884310444e+00 -5.440418969559171813e+00 4.230176484868297671e+00 -2.605854852468413529e+00 7.264539910527941791e-01 1.224057248507943063e+00 -3.054749236075365193e+00 4.586421084726062247e+00 -5.669142082129631000e+00 6.196927953300193082e+00
1.041793661082385247e+00 -9.847866067759278863e-01 8.313817779869110414e-01 -5.965955081915094160e-01 3.034103133294033250e-01 1.947479698500370615e-02 -3.404535784813942922e-01 6.281063916363445188e-01 -8.542757749033886849e-01 9.968226932337272972e-01 -1.041793661078525224e+00 9.847866067740659313e-01 -8.313817779872282321e-01 5.965955081939766647e-01 -3.034103133337783254e-01 -1.947479697914941688e-02 3.404535784746302030e-01 -6.281063916293365690e-01 8.542757748968223819e-01 -9.968226932282461261e-01
-6.048686348787803091e+00 5.476238417375526524e+00 -4.367738114476423128e+00 2.831693173113993378e+00 -1.018462374402960169e+00 -8.944626175574842408e-01 2.719831376422793934e+00 -4.278964089983968933e+00 5.419241985122080330e+00 -6.029046716678500673e+00 6.048686348769729548e+00 -5.476238417369760469e+00 4.367738114483520562e+00 -2.831693173133274399e+00 1.018462374432531625e+00 8.944626175205176999e-01 -2.719831376382031429e+00 4.278964089943420923e+00 -5.419241985085715640e+00 6.029046716649881787e+00
-1.248759053515572504e+01 1.133542060400654883e+01 -9.073660725623010848e+00 5.923707715508968796e+00 -2.193900921307022411e+00 -1.750660180875321270e+00 5.523854466984578160e+00 -8.756335390907413085e+00 1.113168519779302734e+01 -1.241738809850974512e+01 1.248759053511788153e+01 -1.133542060399402374e+01 9.073660725637019198e+00 -5.923707715548165886e+00 2.193900921367560652e+00 1.750660180799368915e+00 -5.523854466900606219e+00 8.756335390823686282e+00 -1.113168519771773823e+01 1.241738809845026736e+01
-2.141344331027360326e+00 1.916839106859223874e+00 -1.504700315509233777e+00 9.452709734145217091e-01 -2.933119223526421404e-01 -3.873585432928361993e-01 1.030111655834778484e+00 -1.572030262293572012e+00 1.960067593700369981e+00 -2.156239852442275229e+00 2.141344331021354463e+00 -1.916839106857638697e+00 1.504700315512222053e+00 -9.452709734217960014e-01 2.933119223634884087e-01 3.873585432794800498e-01 -1.030111655820213024e+00 1.572030262279230373e+00 -1.960067593687655707e+00 2.156239852432433768e+00
-1.420837681498783489e+01 1.279173203656799629e+01 -1.012294340117704472e+01 6.463250534990783613e+00 -2.170889674330465091e+00 -2.333972993126980366e+00 6.610370122268604653e+00 -1.023969816668492250e+01 1.286669321037499891e+01 -1.423420667511348015e+01 1.420837681494667493e+01 -1.279173203655595259e+01 1.012294340119528258e+01 -6.463250535037552424e+00 2.170889674401171643e+00 2.333972993039258537e+00 -6.610370122172409602e+00 1.023969816658972043e+01 -1.286669321029010682e+01 1.423420667504720782e+01
-1.274385082910833189e+00 1.002435199565751223e+00 -6.323599745110359827e-01 2.003849492406859500e-01 2.512051510249725950e-01 -6.782055408588539835e-01 1.038818447017548552e+00 -1.297744565708564668e+00 1.429638404390257467e+00 -1.421589275174200084e+00 1.274385082909744504e+00 -1.002435199567697444e+00 6.323599745158253738e-01 -2.003849492478546046e-01 -2.512051510161282808e-01 6.782055408492001503e-01 -1.038818447008026613e+00 1.297744565700110764e+00 -1.429638404383699601e+00 1.421589275170179967e+00
-1.170102782717806988e+00 1.004575377805900560e+00 -7.407131356266358768e-01 4.043447308808372775e-01 -2.839624664143680643e-02 -3.503318600672141736e-01 6.947670434067372280e-01 -9.711935878109743125e-01 1.152552937136815281e+00 -1.221092374667499758e+00 1.170102782715294998e+00 -1.004575377805929204e+00 7.407131356292014912e-01 -4.043447308856916722e-01 2.839624664810364019e-02 3.503318600593877674e-01 -6.947670433985138061e-01 9.711935878031628944e-01 -1.152552937130180366e+00 1.221092374662690938e+00
-1.889021123259292523e+01 1.709080167333003430e+01 -1.361842536767222889e+01 8.812982701885571757e+00 -3.144863885584291197e+00 -2.831096119387579435e+00 8.529928710783840629e+00 -1.339379244845943617e+01 1.694657846124189149e+01 -1.884051530048670386e+01 1.889021123253669288e+01 -1.709080167331226718e+01 1.361842536769464829e+01 -8.812982701946024733e+00 3.144863885676845605e+00 2.831096119271989231e+00 -8.529928710656465185e+00 1.339379244833281213e+01 -1.694657846112841071e+01 1.884051530039748101e+01
-6.351721832819106517e+00 5.702633958654181434e+00 -4.495332540031728996e+00 2.847996651570084303e+00 -9.218790076956308033e-01 -1.094478576558985727e+00 3.003700972058267471e+00 -4.618900188396884765e+00 5.781969272525802062e+00 -6.379058918912455134e+00 6.351721832800990342e+00 -5.702633958649127699e+00 4.495332540040226199e+00 -2.847996651591315764e+00 9.218790077275123007e-01 1.094478576519575919e+00 -3.003700972015166837e+00 4.618900188354334801e+00 -5.781969272487966549e+00 6.379058918883039553e+00
1.391085282319954208e+00 -1.354844923765243792e+00 1.185982904313279462e+00 -9.010286149589272764e-01 5.278753669374512958e-01 -1.030500000766746971e-01 -3.318626187828180862e-01 7.342902122928118835e-01 -1.064840363722816097e+00 1.291156521172713179e+00 -1.391085282314083793e+00 1.354844923761924447e+00 -1.185982904312835151e+00 9.010286149614032958e-01 -5.278753669426042849e-01 1.030500000840002817e-01 3.318626187740322253e-01 -7.342902122834307210e-01 1.064840363713757787e+00 -1.291156521164864346e+00
-1.667381842443243656e+01 1.499109456359843406e+01 -1.184093791778883009e+01 7.531707767927328767e+00 -2.485221585253563070e+00 -2.804535401736990341e+00 7.819764923255477562e+00 -1.206954137057889298e+01 1.513786701511187616e+01 -1.672439276448776369e+01 1.667381842438449624e+01 -1.499109456358472414e+01 1.184093791781067573e+01 -7.531707767982628532e+00 2.485221585336888861e+00 2.804535401633797775e+00 -7.819764923142465740e+00 1.206954137046718323e+01 -1.513786701501239840e+01 1.672439276441026479e+01
