-5.399999999995709565e+00 5.399999999997397104e+00 -5.399999999999085531e+00 5.400000000000773959e+00 -5.400000000002462386e+00 5.400000000004150813e+00 -5.400000000005838352e+00 5.400000000007526779e+00 -5.400000000009215206e+00 5.400000000010903634e+00 -5.400000000012592061e+00 5.400000000014279600e+00 -5.400000000015968027e+00 5.400000000017656454e+00 -5.400000000019344881e+00 5.400000000021033308e+00 -5.400000000022720847e+00 5.400000000024409275e+00 -5.400000000026097702e+00 5.400000000027786129e+00
2.049999999997504485e+00 -2.049999999998145306e+00 2.049999999998786127e+00 -2.049999999999427391e+00 2.050000000000068212e+00 -2.050000000000709033e+00 2.050000000001349854e+00 -2.050000000001990674e+00 2.050000000002631495e+00 -2.050000000003272760e+00 2.050000000003913581e+00 -2.050000000004554401e+00 2.050000000005195222e+00 -2.050000000005836487e+00 2.050000000006477308e+00 -2.050000000007118128e+00 2.050000000007758949e+00 -2.050000000008399770e+00 2.050000000009040590e+00 -2.050000000009681855e+00
7.299999999992138555e+00 -7.299999999994421174e+00 7.299999999996702904e+00 -7.299999999998985523e+00 7.300000000001268141e+00 -7.300000000003549872e+00 7.300000000005831602e+00 -7.300000000008113332e+00 7.300000000010395951e+00 -7.300000000012678569e+00 7.300000000014961188e+00 -7.300000000017242918e+00 7.300000000019525537e+00 -7.300000000021808155e+00 7.300000000024090774e+00 -7.300000000026372504e+00 7.300000000028654235e+00 -7.300000000030935965e+00 7.300000000033218583e+00 -7.300000000035501202e+00
6.149999999993136512e+00 -6.149999999995059419e+00 6.149999999996982325e+00 -6.149999999998905231e+00 6.150000000000828138e+00 -6.150000000002751044e+00 6.150000000004673062e+00 -6.150000000006595968e+00 6.150000000008518874e+00 -6.150000000010441781e+00 6.150000000012363799e+00 -6.150000000014286705e+00 6.150000000016209611e+00 -6.150000000018132518e+00 6.150000000020055424e+00 -6.150000000021978330e+00 6.150000000023900348e+00 -6.150000000025823255e+00 6.150000000027746161e+00 -6.150000000029668179e+00
1.094999999998778328e+01 -1.094999999999120810e+01 1.094999999999463114e+01 -1.094999999999805418e+01 1.095000000000147899e+01 -1.095000000000490203e+01 1.095000000000832330e+01 -1.095000000001174634e+01 1.095000000001517115e+01 -1.095000000001859419e+01 1.095000000002201723e+01 -1.095000000002544205e+01 1.095000000002886509e+01 -1.095000000003228813e+01 1.095000000003571294e+01 -1.095000000003913598e+01 1.095000000004255725e+01 -1.095000000004598029e+01 1.095000000004940510e+01 -1.095000000005282814e+01
-1.500000000022128632e-01 1.500000000022597701e-01 -1.500000000023066493e-01 1.500000000023535562e-01 -1.500000000024004632e-01 1.500000000024473423e-01 -1.500000000024942215e-01 1.500000000025411284e-01 -1.500000000025880076e-01 1.500000000026349145e-01 -1.500000000026818214e-01 1.500000000027287006e-01 -1.500000000027756075e-01 1.500000000028225144e-01 -1.500000000028694214e-01 1.500000000029163005e-01 -1.500000000029631797e-01 1.500000000030100866e-01 -1.500000000030569658e-01 1.500000000031038727e-01
-7.249999999991237232e+00 7.249999999993503863e+00 -7.249999999995770494e+00 7.249999999998037126e+00 -7.250000000000303757e+00 7.250000000002571277e+00 -7.250000000004836131e+00 7.250000000007102763e+00 -7.250000000009369394e+00 7.250000000011636914e+00 -7.250000000013903545e+00 7.250000000016170176e+00 -7.250000000018436808e+00 7.250000000020703439e+00 -7.250000000022970070e+00 7.250000000025236702e+00 -7.250000000027502445e+00 7.250000000029769076e+00 -7.250000000032035707e+00 7.250000000034303227e+00
-7.599999999992897770e+00 7.599999999995273647e+00 -7.599999999997649525e+00 7.600000000000026290e+00 -7.600000000002402167e+00 7.600000000004778045e+00 -7.600000000007153034e+00 7.600000000009528911e+00 -7.600000000011905676e+00 7.600000000014281554e+00 -7.600000000016657431e+00 7.600000000019034196e+00 -7.600000000021410074e+00 7.600000000023785951e+00 -7.600000000026162716e+00 7.600000000028538594e+00 -7.600000000030913583e+00 7.600000000033289460e+00 -7.600000000035666226e+00 7.600000000038042103e+00
-9.349999999991668531e+00 9.349999999994592415e+00 -9.349999999997516298e+00 9.350000000000438405e+00 -9.350000000003362288e+00 9.350000000006286172e+00 -9.350000000009206502e+00 9.350000000012130386e+00 -9.350000000015054269e+00 9.350000000017978152e+00 -9.350000000020900259e+00 9.350000000023824143e+00 -9.350000000026748026e+00 9.350000000029670133e+00 -9.350000000032594016e+00 9.350000000035517900e+00 -9.350000000038438230e+00 9.350000000041362114e+00 -9.350000000044285997e+00 9.350000000047208104e+00
-8.099999999991890576e+00 8.099999999994423661e+00 -8.099999999996954969e+00 8.099999999999488054e+00 -8.100000000002021139e+00 8.100000000004552447e+00 -8.100000000007083756e+00 8.100000000009616841e+00 -8.100000000012148149e+00 8.100000000014681234e+00 -8.100000000017214319e+00 8.100000000019745627e+00 -8.100000000022278712e+00 8.100000000024811797e+00 -8.100000000027344882e+00 8.100000000029876190e+00 -8.100000000032407499e+00 8.100000000034940584e+00 -8.100000000037471892e+00 8.100000000040004977e+00
1.644999999998604068e+01 -1.644999999999118145e+01 1.644999999999632578e+01 -1.645000000000147011e+01 1.645000000000661089e+01 -1.645000000001175522e+01 1.645000000001689600e+01 -1.645000000002204033e+01 1.645000000002718110e+01 -1.645000000003232543e+01 1.645000000003746976e+01 -1.645000000004261054e+01 1.645000000004775487e+01 -1.645000000005289920e+01 1.645000000005803997e+01 -1.645000000006318430e+01 1.645000000006832508e+01 -1.645000000007346586e+01 1.645000000007861019e+01 -1.645000000008375451e+01
-4.099999999996112976e+00 4.099999999997394617e+00 -4.099999999998677147e+00 4.099999999999958789e+00 -4.100000000001240430e+00 4.100000000002522071e+00 -4.100000000003803713e+00 4.100000000005085354e+00 -4.100000000006366996e+00 4.100000000007649525e+00 -4.100000000008931167e+00 4.100000000010212808e+00 -4.100000000011494450e+00 4.100000000012776979e+00 -4.100000000014058621e+00 4.100000000015340262e+00 -4.100000000016621904e+00 4.100000000017903545e+00 -4.100000000019185187e+00 4.100000000020467716e+00
1.904999999998037197e+01 -1.904999999998632632e+01 1.904999999999228422e+01 -1.904999999999823856e+01 1.905000000000419647e+01 -1.905000000001015081e+01 1.905000000001610516e+01 -1.905000000002205951e+01 1.905000000002801741e+01 -1.905000000003397176e+01 1.905000000003992966e+01 -1.905000000004588401e+01 1.905000000005184191e+01 -1.905000000005779626e+01 1.905000000006375060e+01 -1.905000000006970851e+01 1.905000000007566285e+01 -1.905000000008161720e+01 1.905000000008757155e+01 -1.905000000009352945e+01
-5.899999999995215738e+00 5.899999999997060485e+00 -5.899999999998904343e+00 5.900000000000749090e+00 -5.900000000002593836e+00 5.900000000004438583e+00 -5.900000000006282441e+00 5.900000000008127188e+00 -5.900000000009971934e+00 5.900000000011816681e+00 -5.900000000013661428e+00 5.900000000015505286e+00 -5.900000000017350033e+00 5.900000000019194779e+00 -5.900000000021039526e+00 5.900000000022884272e+00 -5.900000000024728131e+00 5.900000000026572877e+00 -5.900000000028417624e+00 5.900000000030262370e+00
6.000000000002052580e-01 -6.000000000003928857e-01 6.000000000005805134e-01 -6.000000000007680301e-01 6.000000000009556578e-01 -6.000000000011432855e-01 6.000000000013306911e-01 -6.000000000015183188e-01 6.000000000017059465e-01 -6.000000000018934632e-01 6.000000000020810909e-01 -6.000000000022687185e-01 6.000000000024563462e-01 -6.000000000026438629e-01 6.000000000028314906e-01 -6.000000000030191183e-01 6.000000000032065239e-01 -6.000000000033941516e-01 6.000000000035817793e-01 -6.000000000037692960e-01
-5.749999999994885869e+00 5.749999999996683542e+00 -5.749999999998481215e+00 5.750000000000278888e+00 -5.750000000002077449e+00 5.750000000003875122e+00 -5.750000000005671907e+00 5.750000000007469581e+00 -5.750000000009267254e+00 5.750000000011064927e+00 -5.750000000012862600e+00 5.750000000014660273e+00 -5.750000000016457946e+00 5.750000000018255619e+00 -5.750000000020054181e+00 5.750000000021851854e+00 -5.750000000023648639e+00 5.750000000025446312e+00 -5.750000000027243985e+00 5.750000000029041658e+00
-1.189999999998980229e+01 1.189999999999352198e+01 -1.189999999999724345e+01 1.190000000000096314e+01 -1.190000000000468461e+01 1.190000000000840430e+01 -1.190000000001212221e+01 1.190000000001584368e+01 -1.190000000001956515e+01 1.190000000002328484e+01 -1.190000000002700631e+01 1.190000000003072600e+01 -1.190000000003444747e+01 1.190000000003816716e+01 -1.190000000004188863e+01 1.190000000004560832e+01 -1.190000000004932623e+01 1.190000000005304770e+01 -1.190000000005676739e+01 1.190000000006048886e+01
-2.049999999998409095e+00 2.049999999999049916e+00 -2.049999999999691180e+00 2.050000000000332001e+00 -2.050000000000972822e+00 2.050000000001614087e+00 -2.050000000002254463e+00 2.050000000002895284e+00 -2.050000000003536549e+00 2.050000000004177370e+00 -2.050000000004818190e+00 2.050000000005459011e+00 -2.050000000006100276e+00 2.050000000006741097e+00 -2.050000000007381917e+00 2.050000000008023182e+00 -2.050000000008663559e+00 2.050000000009304379e+00 -2.050000000009945644e+00 2.050000000010586465e+00
-1.419999999998681517e+01 1.419999999999125428e+01 -1.419999999999569518e+01 1.420000000000013429e+01 -1.420000000000457341e+01 1.420000000000901430e+01 -1.420000000001345164e+01 1.420000000001789076e+01 -1.420000000002232987e+01 1.420000000002677076e+01 -1.420000000003120988e+01 1.420000000003564899e+01 -1.420000000004008989e+01 1.420000000004452900e+01 -1.420000000004896812e+01 1.420000000005340901e+01 -1.420000000005784635e+01 1.420000000006228547e+01 -1.420000000006672458e+01 1.420000000007116547e+01
-8.500000000009416690e-01 8.500000000012074564e-01 -8.500000000014731327e-01 8.500000000017389201e-01 -8.500000000020047075e-01 8.500000000022704949e-01 -8.500000000025360603e-01 8.500000000028018476e-01 -8.500000000030675240e-01 8.500000000033333114e-01 -8.500000000035990988e-01 8.500000000038648862e-01 -8.500000000041305626e-01 8.500000000043963500e-01 -8.500000000046621373e-01 8.500000000049278137e-01 -8.500000000051934901e-01 8.500000000054592775e-01 -8.500000000057249538e-01 8.500000000059907412e-01
