-4.231114960980468798e-01 4.235293085976190586e-01 -7.477706691664698369e-02 -3.356235943109761033e-01 4.693262650314236617e-01 -2.161025198870514252e-01 -2.152825166856520978e-01 4.691822966555054819e-01 -3.362743525360381014e-01 -7.386808636566102870e-02 4.231114960976040118e-01 -4.235293085975239680e-01 7.477706691697835750e-02 3.356235943104915465e-01 -4.693262650311852413e-01 2.161025198872549291e-01 2.152825166851733418e-01 -4.691822966551467688e-01 3.362743525360948338e-01 7.386808636523442551e-02
-6.898532407700198377e+00 1.065965946101003148e+00 5.645414282570936138e+00 -7.702548462854162281e+00 3.409474500497680527e+00 3.694470803933431746e+00 -7.752585407651825911e+00 5.419239935578628931e+00 1.381886782115481660e+00 -7.043745277308778086e+00 6.898532407698791502e+00 -1.065965946106592233e+00 -5.645414282562973618e+00 7.702548462850382194e+00 -3.409474500501214145e+00 -3.694470803925526958e+00 7.752585407646037652e+00 -5.419239935579752476e+00 -1.381886782108398881e+00 7.043745277301546537e+00
-7.094739729445200815e+00 1.503023140292591986e-01 6.918048762300629484e+00 -8.282956388270642734e+00 2.819150458515134350e+00 4.968846261251917085e+00 -8.660379565059990625e+00 5.212040513943938969e+00 2.533258468164345079e+00 -8.190064449607460162e+00 7.094739729444696330e+00 -1.503023140361638976e-01 -6.918048762292025700e+00 8.282956388267422199e+00 -2.819150458519970037e+00 -4.968846261243045070e+00 8.660379565054364903e+00 -5.212040513946223363e+00 -2.533258468156063259e+00 8.190064449599978147e+00
-1.009556442255192010e+01 2.089413642400210325e+00 7.639311372667434874e+00 -1.106996276744854768e+01 5.374210343600210216e+00 4.752199602075109830e+00 -1.096075602769960256e+01 8.132941892041435139e+00 1.399909423910564721e+00 -9.778634119880241116e+00 1.009556442254933373e+01 -2.089413642407742078e+00 -7.639311372656013788e+00 1.106996276744264129e+01 -5.374210343604708839e+00 -4.752199602063956974e+00 1.096075602769095170e+01 -8.132941892042447662e+00 -1.399909423900757677e+00 9.778634119869682451e+00
-7.942469260460508274e+00 2.937010079495559367e+00 4.489806839335667377e+00 -8.215094571102211418e+00 5.167616030829040419e+00 2.140197586237931660e+00 -7.683569187193706185e+00 6.892379720165431323e+00 -4.189091182335782371e-01 -6.399922516667448491e+00 7.942469260457186486e+00 -2.937010079499903892e+00 -4.489806839327249222e+00 8.215094571096653198e+00 -5.167616030830935792e+00 -2.140197586230172977e+00 7.683569187186451543e+00 -6.892379720164683476e+00 4.189091182399300450e-01 6.399922516659202643e+00
1.730429451477804648e+01 -3.835561319503076216e+00 -1.279532175904090252e+01 1.887736417610576467e+01 -9.396350770700216515e+00 -7.831291359333647506e+00 1.860258590554303382e+01 -1.403735994023244515e+01 -2.100679597560329626e+00 1.650685691470607352e+01 -1.730429451477336400e+01 3.835561319515675471e+00 1.279532175902143898e+01 -1.887736417609545825e+01 9.396350770707602607e+00 7.831291359314732858e+00 -1.860258590552811242e+01 1.403735994023387690e+01 2.100679597543788191e+00 -1.650685691468798666e+01
-3.682936174637814641e+00 6.764402166680000272e-01 2.887733007807357311e+00 -4.071173965762776348e+00 1.898219025378079738e+00 1.839683668285700735e+00 -4.060896883581245120e+00 2.934186930213805500e+00 6.115532734825699368e-01 -3.653110920501945191e+00 3.682936174636956661e+00 -6.764402166708527453e-01 -2.887733007803153562e+00 4.071173965760682023e+00 -1.898219025379829672e+00 -1.839683668281564932e+00 4.060896883578117844e+00 -2.934186930214277123e+00 -6.115532734789017599e-01 3.653110920498089609e+00
1.867475171935602418e+01 -3.226477415478862021e+00 -1.488180003600705170e+01 2.072108259294036969e+01 -9.477293483325249568e+00 -9.579855910644930361e+00 2.073908953005251021e+01 -1.480040603283367773e+01 -3.340168741968689847e+00 1.872700988622696983e+01 -1.867475171935187461e+01 3.226477415493575140e+00 1.488180003598564660e+01 -2.072108259292989629e+01 9.477293483334381818e+00 9.579855910623798820e+00 -2.073908953003672195e+01 1.480040603283631206e+01 3.340168741949876008e+00 -1.872700988620740858e+01
-5.113789014887538009e+00 8.182982461734922275e-02 5.017592286671368917e+00 -5.980363320861414422e+00 2.012746440035961371e+00 3.614237972745915961e+00 -6.261537997346894535e+00 3.746641410273803707e+00 1.857096864171463801e+00 -5.929789707950596345e+00 5.113789014887199613e+00 -8.182982462235843801e-02 -5.017592286665155221e+00 5.980363320859112264e+00 -2.012746440039480333e+00 -3.614237972739500204e+00 6.261537997342848882e+00 -3.746641410275481920e+00 -1.857096864165466155e+00 5.929789707945202437e+00
2.160845240413304502e+00 -1.257513297549075482e+00 -6.825496986909134201e-01 2.059898591243333854e+00 -1.739006327611034575e+00 -1.557404521685845644e-02 1.757314715804823457e+00 -2.050273301956472061e+00 6.529261043135277109e-01 1.282712632051638435e+00 -2.160845240411943813e+00 1.257513297549696984e+00 6.825496986888240913e-01 -2.059898591241498433e+00 1.739006327610967517e+00 1.557404521510774575e-02 -1.757314715802691385e+00 2.050273301955721550e+00 -6.529261043147721599e-01 -1.282712632049417101e+00
-5.734327105360991439e+00 9.525934257424801821e-01 4.614486371195820169e+00 -6.377247497529645592e+00 2.882417687339133394e+00 2.988762282398838899e+00 -6.395918471742989553e+00 4.530090822712990573e+00 1.070477317469582301e+00 -5.788512382956928271e+00 5.734327105359755983e+00 -9.525934257470446420e-01 -4.614486371189229885e+00 6.377247497526456144e+00 -2.882417687341985779e+00 -2.988762282392320113e+00 6.395918471738154309e+00 -4.530090822713845000e+00 -1.070477317463764955e+00 5.788512382950919744e+00
-1.215374520241330103e+01 2.098529364033072664e+00 9.686775979048952934e+00 -1.348601748952526336e+01 6.166988405955654784e+00 6.236287817364409847e+00 -1.349818442215124392e+01 9.631779654766152277e+00 2.175348353344531915e+00 -1.218905501615430786e+01 1.215374520241060274e+01 -2.098529364042649892e+00 -9.686775979035020967e+00 1.348601748951844748e+01 -6.166988405961599362e+00 -6.236287817350657292e+00 1.349818442214097125e+01 -9.631779654767870014e+00 -2.175348353332286599e+00 1.218905501614157849e+01
-2.859834735481168178e+00 1.422139646910127286e+00 1.188009313172329939e+00 -2.818728354647624723e+00 2.125604600988981741e+00 3.199302813144490054e-01 -2.501705203225557561e+00 2.621000566764389639e+00 -5.794657555635491786e-01 -1.939797716106485881e+00 2.859834735479609424e+00 -1.422139646911245947e+00 -1.188009313169458903e+00 2.818728354645366085e+00 -2.125604600989200677e+00 -3.199302813119418998e-01 2.501705203222819751e+00 -2.621000566763684869e+00 5.794657555654516568e-01 1.939797716103534020e+00
-1.379988707795029867e+01 1.998953300492696261e+00 1.144997653784649216e+01 -1.545920799657508127e+01 6.723412407173229077e+00 7.555362680539428055e+00 -1.560527392585679607e+01 1.078973706266820187e+01 2.921177282754463977e+00 -1.422378691493673486e+01 1.379988707794761815e+01 -1.998953300504039632e+00 -1.144997653783050495e+01 1.545920799656761346e+01 -6.723412407180467731e+00 -7.555362680523510122e+00 1.560527392584526396e+01 -1.078973706267060884e+01 -2.921177282740154535e+00 1.422378691492226288e+01
-1.488952049890446938e+00 8.544003373048552064e-01 4.845442142471931279e-01 -1.424016223741062959e+00 1.189487256433379159e+00 2.569008949806583786e-02 -1.219687767907301712e+00 1.408138875256880862e+00 -4.356787602043415975e-01 -8.959677752863159927e-01 1.488952049889521678e+00 -8.544003373052981853e-01 -4.845442142457482837e-01 1.424016223739806630e+00 -1.189487256433348294e+00 -2.569008949685014365e-02 1.219687767905836662e+00 -1.408138875256377931e+00 4.356787602052120123e-01 8.959677752847845511e-01
-1.655541787357749817e+00 5.488877562087897122e-01 1.010285530830643097e+00 -1.736549627462225853e+00 1.031150990962151459e+00 5.243589367133048018e-01 -1.647571890777734138e+00 1.412477982268411036e+00 -1.289556355295606860e-02 -1.397318338115374647e+00 1.655541787357120542e+00 -5.488877562097725926e-01 -1.010285530828860523e+00 1.736549627461111855e+00 -1.031150990962627079e+00 -5.243589367116379130e-01 1.647571890776243997e+00 -1.412477982268330878e+00 1.289556355434673396e-02 1.397318338113653136e+00
-1.872028619398416183e+01 3.244968891426558866e+00 1.490559647692482770e+01 -2.076754846294509704e+01 9.508120948654921634e+00 9.590081921676979704e+00 -2.078193839233101059e+01 1.484055188045126350e+01 3.335823329906388857e+00 -1.876204739559384294e+01 1.872028619397999449e+01 -3.244968891441295522e+00 -1.490559647690337286e+01 2.076754846293459167e+01 -9.508120948664060990e+00 -9.590081921655803754e+00 2.078193839231518325e+01 -1.484055188045389251e+01 -3.335823329887539934e+00 1.876204739557423551e+01
-7.647699715239237861e+00 1.480361929884464578e+00 5.907429894355558986e+00 -8.424962271592368879e+00 3.996707254370636786e+00 3.726551107892274395e+00 -8.377530820636843956e+00 6.121827026100671532e+00 1.180891534580514435e+00 -7.510048283266862690e+00 7.647699715237381568e+00 -1.480361929890295469e+00 -5.907429894346862831e+00 8.424962271587967066e+00 -3.996707254374174401e+00 -3.726551107883745662e+00 8.377530820630324726e+00 -6.121827026101560598e+00 -1.180891534572977575e+00 7.510048283258860202e+00
2.537974027813636901e+00 -8.853766253620533044e-01 -1.497151381588678998e+00 2.645383630456277668e+00 -1.612683587687901987e+00 -7.495603715417245017e-01 2.493844651877922036e+00 -2.182129844223111625e+00 7.140283016574949793e-02 2.098190783136086868e+00 -2.537974027812627931e+00 8.853766253635064754e-01 1.497151381585965613e+00 -2.645383630454538615e+00 1.612683587688575226e+00 7.495603715392036293e-01 -2.493844651875622542e+00 2.182129844222936654e+00 -7.140283016783516290e-02 -2.098190783133449422e+00
-1.540711381621236598e+01 1.872287612775943799e+00 1.320610772253114185e+01 -1.739699833175553678e+01 7.245290384596830613e+00 8.879648658467974798e+00 -1.768394343856863316e+01 1.190907365266394535e+01 3.683987715564291499e+00 -1.623986095033328425e+01 1.540711381620972986e+01 -1.872287612789047984e+00 -1.320610772251313669e+01 1.739699833174745436e+01 -7.245290384605368672e+00 -8.879648658449921683e+00 1.768394343855588602e+01 -1.190907365266706286e+01 -3.683987715547936581e+00 1.623986095031711230e+01
