6.549999999996749978e+00 4.699999999993956123e+00 -6.549999999997031530e+00 -4.699999999994593836e+00 6.549999999997312194e+00 4.699999999995236877e+00 -6.549999999997596412e+00 -4.699999999995878142e+00 6.549999999997874411e+00 4.699999999996508748e+00 -6.549999999998155076e+00 -4.699999999997164224e+00 6.549999999998442846e+00 4.699999999997793054e+00 -6.549999999998713740e+00 -4.699999999998424549e+00 6.549999999999002398e+00 4.699999999999078248e+00 -6.549999999999289280e+00 -4.699999999999708855e+00
1.129999999999580318e+01 1.054999999998789129e+01 -1.129999999999617977e+01 -1.054999999998917382e+01 1.129999999999655813e+01 1.054999999999046523e+01 -1.129999999999694182e+01 -1.054999999999175486e+01 1.129999999999731308e+01 1.054999999999302496e+01 -1.129999999999768789e+01 -1.054999999999433591e+01 1.129999999999807869e+01 1.054999999999560423e+01 -1.129999999999843219e+01 -1.054999999999687432e+01 1.129999999999882832e+01 1.054999999999818527e+01 -1.129999999999921911e+01 -1.054999999999945537e+01
8.499999999993631539e-01 -9.999999999993406385e-01 -8.499999999994707345e-01 9.999999999993778310e-01 8.499999999995782041e-01 -9.999999999994148014e-01 -8.499999999996852296e-01 9.999999999994513278e-01 8.499999999997933653e-01 -9.999999999994895195e-01 -8.499999999999012790e-01 9.999999999995249356e-01 8.500000000000074163e-01 -9.999999999995631272e-01 -8.500000000001169953e-01 9.999999999996014299e-01 8.500000000002231326e-01 -9.999999999996367350e-01 -8.500000000003296030e-01 9.999999999996748157e-01
-6.999999999997826627e+00 -7.349999999991944755e+00 6.999999999998023803e+00 7.349999999992800959e+00 -6.999999999998222755e+00 -7.349999999993661604e+00 6.999999999998424371e+00 7.349999999994520472e+00 -6.999999999998617994e+00 -7.349999999995368682e+00 6.999999999998814282e+00 7.349999999996241762e+00 -6.999999999999022116e+00 -7.349999999997087308e+00 6.999999999999203304e+00 7.349999999997936406e+00 -6.999999999999412914e+00 -7.349999999998808597e+00 6.999999999999619860e+00 7.349999999999655920e+00
-6.749999999998080646e+00 -7.949999999991663735e+00 6.749999999998234301e+00 7.949999999992552802e+00 -6.749999999998387956e+00 -7.949999999993447197e+00 6.749999999998545164e+00 7.949999999994339817e+00 -6.749999999998692601e+00 -7.949999999995221778e+00 6.749999999998843592e+00 7.949999999996128608e+00 -6.749999999999007905e+00 -7.949999999997007905e+00 6.749999999999142020e+00 7.949999999997891642e+00 -6.749999999999307221e+00 -7.949999999998796696e+00 6.749999999999470646e+00 7.949999999999677769e+00
-9.099999999996553512e+00 -8.949999999990415844e+00 9.099999999996837730e+00 8.949999999991483435e+00 -9.099999999997123723e+00 -8.949999999992556354e+00 9.099999999997413269e+00 8.949999999993629274e+00 -9.099999999997690381e+00 -8.949999999994686206e+00 9.099999999997972822e+00 8.949999999995776889e+00 -9.099999999998269473e+00 -8.949999999996830269e+00 9.099999999998532374e+00 8.949999999997888978e+00 -9.099999999998829026e+00 -8.949999999998977884e+00 9.099999999999125677e+00 8.950000000000034817e+00
-8.149999999996978772e+00 -7.849999999991193356e+00 8.149999999997239897e+00 7.849999999992135713e+00 -8.149999999997502798e+00 -7.849999999993085176e+00 8.149999999997767475e+00 7.849999999994033750e+00 -8.149999999998025046e+00 -7.849999999994967226e+00 8.149999999998284395e+00 7.849999999995931788e+00 -8.149999999998556177e+00 -7.849999999996863487e+00 8.149999999998801314e+00 7.849999999997798739e+00 -8.149999999999074873e+00 -7.849999999998760636e+00 8.149999999999346656e+00 7.849999999999695888e+00
1.719999999999309992e+01 1.704999999998074500e+01 -1.719999999999363638e+01 -1.704999999998277005e+01 1.719999999999416573e+01 1.704999999998480931e+01 -1.719999999999470575e+01 -1.704999999998684501e+01 1.719999999999522799e+01 1.704999999998885230e+01 -1.719999999999575380e+01 -1.704999999999092353e+01 1.719999999999630802e+01 1.704999999999292726e+01 -1.719999999999679829e+01 -1.704999999999493809e+01 1.719999999999735607e+01 1.704999999999700577e+01 -1.719999999999791029e+01 -1.704999999999901306e+01
-4.149999999998213340e+00 -3.349999999995823874e+00 4.149999999998374989e+00 3.349999999996255973e+00 -4.149999999998537525e+00 -3.349999999996691180e+00 4.149999999998700950e+00 3.349999999997125499e+00 -4.149999999998860822e+00 -3.349999999997552713e+00 4.149999999999021583e+00 3.349999999997995026e+00 -4.149999999999188560e+00 -3.349999999998421796e+00 4.149999999999342215e+00 3.349999999998849454e+00 -4.149999999999509193e+00 -3.349999999999291322e+00 4.149999999999675282e+00 3.349999999999718980e+00
1.789999999999357527e+01 1.794999999997950013e+01 -1.789999999999411884e+01 -1.794999999998162821e+01 1.789999999999465885e+01 1.794999999998376694e+01 -1.789999999999521307e+01 -1.794999999998589857e+01 1.789999999999574598e+01 1.794999999998800178e+01 -1.789999999999628599e+01 -1.794999999999017248e+01 1.789999999999685443e+01 1.794999999999227569e+01 -1.789999999999735891e+01 -1.794999999999438245e+01 1.789999999999792735e+01 1.794999999999654960e+01 -1.789999999999849578e+01 -1.794999999999865281e+01
-5.149999999998039257e+00 -5.049999999994006394e+00 5.149999999998200906e+00 5.049999999994609468e+00 -5.149999999998362554e+00 -5.049999999995216093e+00 5.149999999998526867e+00 5.049999999995821831e+00 -5.149999999998685851e+00 -5.049999999996418687e+00 5.149999999998845723e+00 5.049999999997034195e+00 -5.149999999999013589e+00 -5.049999999997630162e+00 5.149999999999163691e+00 5.049999999998227906e+00 -5.149999999999332445e+00 -5.049999999998842526e+00 5.149999999999501199e+00 5.049999999999439382e+00
3.099999999998014566e+00 -3.000000000013134382e-01 -3.099999999998258815e+00 3.000000000011997514e-01 3.099999999998503508e+00 -3.000000000010842882e-01 -3.099999999998747757e+00 3.000000000009683809e-01 3.099999999998992450e+00 -3.000000000008582468e-01 -3.099999999999237144e+00 3.000000000007372325e-01 3.099999999999481393e+00 -3.000000000006270984e-01 -3.099999999999726086e+00 3.000000000005169642e-01 3.099999999999970335e+00 -3.000000000003957279e-01 -3.100000000000214584e+00 3.000000000002855938e-01
-6.049999999997893951e+00 -5.599999999993601207e+00 6.049999999998098232e+00 5.599999999994284217e+00 -6.049999999998302513e+00 -5.599999999994971667e+00 6.049999999998509459e+00 5.599999999995659117e+00 -6.049999999998710187e+00 -5.599999999996335021e+00 6.049999999998913580e+00 5.599999999997033129e+00 -6.049999999999125855e+00 -5.599999999997709033e+00 6.049999999999317701e+00 5.599999999998385825e+00 -6.049999999999529976e+00 -5.599999999999083933e+00 6.049999999999742251e+00 5.599999999999760725e+00
-1.214999999999564118e+01 -1.174999999998664713e+01 1.214999999999603020e+01 1.174999999998805755e+01 -1.214999999999641922e+01 -1.174999999998947686e+01 1.214999999999681357e+01 1.174999999999089262e+01 -1.214999999999719549e+01 -1.174999999999228883e+01 1.214999999999757918e+01 1.174999999999372768e+01 -1.214999999999798419e+01 -1.174999999999512390e+01 1.214999999999834657e+01 1.174999999999652189e+01 -1.214999999999875158e+01 -1.174999999999796074e+01 1.214999999999915481e+01 1.174999999999935696e+01
-2.399999999998929656e+00 -1.649999999997910249e+00 2.399999999999035794e+00 1.649999999998138289e+00 -2.399999999999142375e+00 -1.649999999998368549e+00 2.399999999999249400e+00 1.649999999998598366e+00 -2.399999999999354650e+00 -1.649999999998823963e+00 2.399999999999460343e+00 1.649999999999058442e+00 -2.399999999999569145e+00 -1.649999999999283817e+00 2.399999999999671285e+00 1.649999999999509859e+00 -2.399999999999780087e+00 -1.649999999999743672e+00 2.399999999999888445e+00 1.649999999999969713e+00
-1.344999999999591545e+01 -1.444999999998432649e+01 1.344999999999628315e+01 1.444999999998599627e+01 -1.344999999999665086e+01 -1.444999999998767315e+01 1.344999999999702389e+01 1.444999999998935003e+01 -1.344999999999738094e+01 -1.444999999999100204e+01 1.344999999999774332e+01 1.444999999999270557e+01 -1.344999999999812701e+01 -1.444999999999435580e+01 1.344999999999846096e+01 1.444999999999601137e+01 -1.344999999999884999e+01 -1.444999999999770957e+01 1.344999999999923546e+01 1.444999999999936513e+01
-8.499999999998353317e-01 -1.599999999998959588e+00 8.499999999998283373e-01 1.599999999999116351e+00 -8.499999999998213429e-01 -1.599999999999273559e+00 8.499999999998149036e-01 1.599999999999430766e+00 -8.499999999998066880e-01 -1.599999999999586420e+00 8.499999999997991385e-01 1.599999999999745404e+00 -8.499999999997941424e-01 -1.599999999999900613e+00 8.499999999997833733e-01 1.600000000000056710e+00 -8.499999999997787103e-01 -1.600000000000215472e+00 8.499999999997736033e-01 1.600000000000371125e+00
-2.099999999999460076e+00 -2.049999999998640021e+00 2.099999999999526246e+00 2.049999999998885158e+00 -2.099999999999593303e+00 -2.049999999999132072e+00 2.099999999999660361e+00 2.049999999999378097e+00 -2.099999999999725198e+00 -2.049999999999621014e+00 2.099999999999790923e+00 2.049999999999871036e+00 -2.099999999999859757e+00 -2.050000000000113509e+00 2.099999999999921485e+00 2.050000000000356426e+00 -2.099999999999990763e+00 -2.050000000000606892e+00 2.100000000000059597e+00 2.050000000000849365e+00
-1.804999999999395754e+01 -1.894999999997931184e+01 1.804999999999446914e+01 1.894999999998151807e+01 -1.804999999999498428e+01 -1.894999999998373852e+01 1.804999999999549942e+01 1.894999999998595186e+01 -1.804999999999600035e+01 -1.894999999998814033e+01 1.804999999999650839e+01 1.894999999999038920e+01 -1.804999999999704485e+01 -1.894999999999257057e+01 1.804999999999751026e+01 1.894999999999475904e+01 -1.804999999999805027e+01 -1.894999999999700790e+01 1.804999999999858673e+01 1.894999999999919638e+01
-7.199999999998114575e+00 -7.449999999991621102e+00 7.199999999998323297e+00 7.449999999992493294e+00 -7.199999999998532907e+00 -7.449999999993370814e+00 7.199999999998745182e+00 7.449999999994245670e+00 -7.199999999998948574e+00 -7.449999999995109867e+00 7.199999999999154632e+00 7.449999999995998934e+00 -7.199999999999374012e+00 -7.449999999996861355e+00 7.199999999999564970e+00 7.449999999997726441e+00 -7.199999999999784350e+00 -7.449999999998615507e+00 7.200000000000003730e+00 7.449999999999478817e+00
