1.163476821880934153e+01 -2.456764824037981132e+00 -8.746667954968314618e+00 1.273908968529692665e+01 -6.229030134329068602e+00 -5.416425587208749448e+00 1.259642029493070403e+01 -9.391554574866951555e+00 -1.555985744517225378e+00 1.122072552167588277e+01 -1.163476821880836631e+01 2.456764824037597883e+00 8.746667954967758618e+00 -1.273908968529592833e+01 6.229030134328437995e+00 5.416425587208488324e+00 -1.259642029492977500e+01 9.391554574866095351e+00 1.555985744517297542e+00 -1.122072552167511361e+01
-4.231114960980696393e-01 4.235293085969168425e-01 -7.477706691572291731e-02 -3.356235943114122544e-01 4.693262650309983908e-01 -2.161025198860462293e-01 -2.152825166864752449e-01 4.691822966554779484e-01 -3.362743525351264418e-01 -7.386808636678002249e-02 4.231114960980404405e-01 -4.235293085968809823e-01 7.477706691571142650e-02 3.356235943113909381e-01 -4.693262650309613648e-01 2.161025198860239693e-01 2.152825166864651973e-01 -4.691822966554430319e-01 3.362743525350955776e-01 7.386808636678135476e-02
-6.898532407702466784e+00 1.065965946101775197e+00 5.645414282573138820e+00 -7.702548462857262024e+00 3.409474500497974958e+00 3.694470803937274006e+00 -7.752585407656767735e+00 5.419239935579660994e+00 1.381886782120442136e+00 -7.043745277316156184e+00 6.898532407701880587e+00 -1.065965946101573358e+00 -5.645414282572772002e+00 7.702548462856652733e+00 -3.409474500497617910e+00 -3.694470803937081715e+00 7.752585407656190419e+00 -5.419239935579159173e+00 -1.381886782120451906e+00 7.043745277315665909e+00
-7.094739729448997778e+00 1.503023140309944772e-01 6.918048762303189214e+00 -8.282956388274936188e+00 2.819150458516295643e+00 4.968846261255960961e+00 -8.660379565065884577e+00 5.212040513945684239e+00 2.533258468169504951e+00 -8.190064449615686470e+00 7.094739729448377830e+00 -1.503023140308492600e-01 -6.918048762302722032e+00 8.282956388274268278e+00 -2.819150458515968793e+00 -4.968846261255673191e+00 8.660379565065223773e+00 -5.212040513945178866e+00 -2.533258468169435229e+00 8.190064449615098496e+00
-1.009556442255422759e+01 2.089413642400725024e+00 7.639311372670405831e+00 -1.106996276745227448e+01 5.374210343600024586e+00 4.752199602080651175e+00 -1.096075602770621060e+01 8.132941892042390819e+00 1.399909423917821805e+00 -9.778634119890543985e+00 1.009556442255338027e+01 -2.089413642400395510e+00 -7.639311372669919109e+00 1.106996276745140584e+01 -5.374210343599481021e+00 -4.752199602080420249e+00 1.096075602770540236e+01 -8.132941892041651855e+00 -1.399909423917880424e+00 9.778634119889870746e+00
-7.942469260462379665e+00 2.937010079495013581e+00 4.489806839339264499e+00 -8.215094571105918675e+00 5.167616030828749984e+00 2.140197586243244743e+00 -7.683569187200093964e+00 6.892379720166870172e+00 -4.189091182275579417e-01 -6.399922516676762818e+00 7.942469260461736624e+00 -2.937010079494669412e+00 -4.489806839339005151e+00 8.215094571105293397e+00 -5.167616030828266815e+00 -2.140197586243186123e+00 7.683569187199549511e+00 -6.892379720166273316e+00 4.189091182274027325e-01 6.399922516676348927e+00
1.730429451478386227e+01 -3.835561319506533007e+00 -1.279532175904484248e+01 1.887736417611341366e+01 -9.396350770702579069e+00 -7.831291359341262748e+00 1.860258590555486791e+01 -1.403735994023661426e+01 -2.100679597570288770e+00 1.650685691472337524e+01 -1.730429451478241631e+01 3.835561319505951250e+00 1.279532175904403246e+01 -1.887736417611193929e+01 9.396350770701634048e+00 7.831291359340890601e+00 -1.860258590555350011e+01 1.403735994023534062e+01 2.100679597570410895e+00 -1.650685691472224903e+01
-3.682936174639856119e+00 6.764402166689998941e-01 2.887733007808680696e+00 -4.071173965765211733e+00 1.898219025379024982e+00 1.839683668287607654e+00 -4.060896883584518946e+00 2.934186930215268330e+00 6.115532734847759500e-01 -3.653110920506288828e+00 3.682936174639545701e+00 -6.764402166688852081e-01 -2.887733007808495067e+00 4.071173965764891101e+00 -1.898219025378830027e+00 -1.839683668287515284e+00 4.060896883584218742e+00 -2.934186930214999212e+00 -6.115532734847902718e-01 3.653110920506037029e+00
1.867475171936172273e+01 -3.226477415481893374e+00 -1.488180003601149082e+01 2.072108259294797605e+01 -9.477293483326700851e+00 -9.579855910653778395e+00 2.073908953006477418e+01 -1.480040603283677747e+01 -3.340168741980625633e+00 1.872700988624553275e+01 -1.867475171936014178e+01 3.226477415481324940e+00 1.488180003601053158e+01 -2.072108259294634180e+01 9.477293483325722079e+00 9.579855910653291673e+00 -2.073908953006323230e+01 1.480040603283541500e+01 3.340168741980680256e+00 -1.872700988624423957e+01
-5.113789014890535611e+00 8.182982461872700952e-02 5.017592286673322910e+00 -5.980363320864761079e+00 2.012746440036979667e+00 3.614237972748869154e+00 -6.261537997351364737e+00 3.746641410275279416e+00 1.857096864175150408e+00 -5.929789707956700795e+00 5.113789014890087969e+00 -8.182982461862398083e-02 -5.017592286672984514e+00 5.980363320864277910e+00 -2.012746440036745188e+00 -3.614237972748659100e+00 6.261537997350886897e+00 -3.746641410274915707e+00 -1.857096864175097783e+00 5.929789707956276246e+00
2.160845240413562962e+00 -1.257513297549864406e+00 -6.825496986905702501e-01 2.059898591243813470e+00 -1.739006327611727354e+00 -1.557404521687033583e-02 1.757314715805722960e+00 -2.050273301957397987e+00 6.529261043133811615e-01 1.282712632053009338e+00 -2.160845240413396873e+00 1.257513297549740727e+00 6.825496986905430497e-01 -2.059898591243664256e+00 1.739006327611576586e+00 1.557404521689786936e-02 -1.757314715805607497e+00 2.050273301957230121e+00 -6.529261043133001152e-01 -1.282712632052936952e+00
-5.734327105363129284e+00 9.525934257439254704e-01 4.614486371196963255e+00 -6.377247497532229303e+00 2.882417687340085077e+00 2.988762282401209003e+00 -6.395918471746846912e+00 4.530090822714390342e+00 1.070477317472814383e+00 -5.788512382962562874e+00 5.734327105362643451e+00 -9.525934257437536079e-01 -4.614486371196663939e+00 6.377247497531725706e+00 -2.882417687339785761e+00 -2.988762282401055792e+00 6.395918471746371736e+00 -4.530090822713972898e+00 -1.070477317472828149e+00 5.788512382962161418e+00
-1.215374520241657841e+01 2.098529364034250388e+00 9.686775979052343999e+00 -1.348601748953000978e+01 6.166988405955856400e+00 6.236287817370840258e+00 -1.349818442215927128e+01 9.631779654767553822e+00 2.175348353353070419e+00 -1.218905501616667841e+01 1.215374520241554990e+01 -2.098529364033880462e+00 -9.686775979051720498e+00 1.348601748952894575e+01 -6.166988405955218688e+00 -6.236287817370521402e+00 1.349818442215826764e+01 -9.631779654766667420e+00 -2.175348353353105946e+00 1.218905501616583287e+01
-2.859834735481010526e+00 1.422139646910010713e+00 1.188009313172724291e+00 -2.818728354648049717e+00 2.125604600988765913e+00 3.199302813155854297e-01 -2.501705203226892937e+00 2.621000566764619233e+00 -5.794657555620263967e-01 -1.939797716108836667e+00 2.859834735480786261e+00 -1.422139646909862831e+00 -1.188009313172665449e+00 2.818728354647840995e+00 -2.125604600988576287e+00 -3.199302813155989744e-01 2.501705203226722851e+00 -2.621000566764399853e+00 5.794657555619395772e-01 1.939797716108719428e+00
-1.379988707795540570e+01 1.998953300494112906e+00 1.144997653785160630e+01 -1.545920799658196287e+01 6.723412407173888106e+00 7.555362680547712984e+00 -1.560527392586743289e+01 1.078973706267052712e+01 2.921177282764839234e+00 -1.422378691495226910e+01 1.379988707795423153e+01 -1.998953300493718555e+00 -1.144997653785086023e+01 1.545920799658073719e+01 -6.723412407173180227e+00 -7.555362680547315080e+00 1.560527392586626760e+01 -1.078973706266952526e+01 -2.921177282764847227e+00 1.422378691495127612e+01
-1.488952049889397111e+00 8.544003373042001748e-01 4.845442142471370062e-01 -1.424016223740404374e+00 1.189487256432511630e+00 2.569008949866591340e-02 -1.219687767907270404e+00 1.408138875256159439e+00 -4.356787602032929363e-01 -8.959677752870137679e-01 1.488952049889282314e+00 -8.544003373041157978e-01 -4.845442142471170777e-01 1.424016223740300902e+00 -1.189487256432408158e+00 -2.569008949868378799e-02 1.219687767907189802e+00 -1.408138875256043754e+00 4.356787602032381468e-01 8.959677752869629197e-01
-1.655541787358169481e+00 5.488877562086347250e-01 1.010285530831466438e+00 -1.736549627463031875e+00 1.031150990962046654e+00 5.243589367144975144e-01 -1.647571890779111037e+00 1.412477982268667276e+00 -1.289556355160104140e-02 -1.397318338117382597e+00 1.655541787358034256e+00 -5.488877562085672235e-01 -1.010285530831406264e+00 1.736549627462898870e+00 -1.031150990961948732e+00 -5.243589367144791957e-01 1.647571890778992909e+00 -1.412477982268543597e+00 1.289556355157395195e-02 1.397318338117290892e+00
-1.872028619399056737e+01 3.244968891429870883e+00 1.490559647692965228e+01 -2.076754846295343881e+01 9.508120948656843652e+00 9.590081921686014255e+00 -2.078193839234397089e+01 1.484055188045499030e+01 3.335823329918290447e+00 -1.876204739561299562e+01 1.872028619398898641e+01 -3.244968891429300673e+00 -1.490559647692868950e+01 2.076754846295179746e+01 -9.508120948655861326e+00 -9.590081921685523980e+00 2.078193839234242546e+01 -1.484055188045362428e+01 -3.335823329918346847e+00 1.876204739561169887e+01
-7.647699715241186524e+00 1.480361929885731787e+00 5.907429894356970301e+00 -8.424962271595061836e+00 3.996707254371167473e+00 3.726551107895553550e+00 -8.377530820641423404e+00 6.121827026101795077e+00 1.180891534585122082e+00 -7.510048283274008085e+00 7.647699715240541707e+00 -1.480361929885488870e+00 -5.907429894356592825e+00 8.424962271594399255e+00 -3.996707254370759355e+00 -3.726551107895368364e+00 8.377530820640803455e+00 -6.121827026101234637e+00 -1.180891534585158054e+00 7.510048283273491165e+00
2.537974027813998390e+00 -8.853766253632283645e-01 -1.497151381588002428e+00 2.645383630456654700e+00 -1.612683587688677811e+00 -7.495603715415934953e-01 2.493844651878672547e+00 -2.182129844223874127e+00 7.140283016546838946e-02 2.098190783137428017e+00 -2.537974027813792333e+00 8.853766253631218941e-01 1.497151381587914276e+00 -2.645383630456452639e+00 1.612683587688525710e+00 7.495603715415696255e-01 -2.493844651878495355e+00 2.182129844223683612e+00 -7.140283016542314787e-02 -2.098190783137291238e+00
