-7.250000000008634871e+00 7.250000000008389733e+00 -7.250000000008143708e+00 7.250000000007898571e+00 -7.250000000007652545e+00 7.250000000007408296e+00 -7.250000000007161383e+00 7.250000000006916245e+00 -7.250000000006671996e+00 7.250000000006426859e+00 -7.250000000006179945e+00 7.250000000005934808e+00 -7.250000000005688783e+00 7.250000000005444534e+00 -7.250000000005197620e+00 7.250000000004952483e+00 -7.250000000004706457e+00 7.250000000004462208e+00 -7.250000000004215295e+00 7.250000000003970158e+00
-7.600000000009988099e+00 7.600000000009730527e+00 -7.600000000009472956e+00 7.600000000009216272e+00 -7.600000000008957812e+00 7.600000000008702017e+00 -7.600000000008442669e+00 7.600000000008185985e+00 -7.600000000007929302e+00 7.600000000007672618e+00 -7.600000000007414158e+00 7.600000000007157475e+00 -7.600000000006899903e+00 7.600000000006643219e+00 -7.600000000006384759e+00 7.600000000006128076e+00 -7.600000000005870504e+00 7.600000000005613821e+00 -7.600000000005354472e+00 7.600000000005097789e+00
-9.350000000012599344e+00 9.350000000012281376e+00 -9.350000000011965184e+00 9.350000000011648993e+00 -9.350000000011332801e+00 9.350000000011016610e+00 -9.350000000010698642e+00 9.350000000010382450e+00 -9.350000000010066259e+00 9.350000000009750067e+00 -9.350000000009432100e+00 9.350000000009115908e+00 -9.350000000008799717e+00 9.350000000008483525e+00 -9.350000000008165557e+00 9.350000000007849366e+00 -9.350000000007533174e+00 9.350000000007216983e+00 -9.350000000006899015e+00 9.350000000006582823e+00
-8.100000000010094681e+00 8.100000000009819345e+00 -8.100000000009545786e+00 8.100000000009272227e+00 -8.100000000008996892e+00 8.100000000008723333e+00 -8.100000000008447998e+00 8.100000000008174439e+00 -8.100000000007900880e+00 8.100000000007627321e+00 -8.100000000007351986e+00 8.100000000007078427e+00 -8.100000000006803091e+00 8.100000000006529532e+00 -8.100000000006254197e+00 8.100000000005980638e+00 -8.100000000005705303e+00 8.100000000005431744e+00 -8.100000000005156409e+00 8.100000000004882850e+00
1.645000000002268692e+01 -1.645000000002212914e+01 1.645000000002157137e+01 -1.645000000002101714e+01 1.645000000002045937e+01 -1.645000000001990159e+01 1.645000000001934382e+01 -1.645000000001878604e+01 1.645000000001823182e+01 -1.645000000001767759e+01 1.645000000001711626e+01 -1.645000000001656204e+01 1.645000000001600426e+01 -1.645000000001544649e+01 1.645000000001488871e+01 -1.645000000001433094e+01 1.645000000001377316e+01 -1.645000000001321894e+01 1.645000000001265761e+01 -1.645000000001210338e+01
-4.100000000005501022e+00 4.100000000005361578e+00 -4.100000000005223022e+00 4.100000000005084466e+00 -4.100000000004945022e+00 4.100000000004806466e+00 -4.100000000004667022e+00 4.100000000004528466e+00 -4.100000000004390799e+00 4.100000000004252243e+00 -4.100000000004111911e+00 4.100000000003974243e+00 -4.100000000003834799e+00 4.100000000003696243e+00 -4.100000000003556799e+00 4.100000000003418243e+00 -4.100000000003279688e+00 4.100000000003141132e+00 -4.100000000003000800e+00 4.100000000002863132e+00
1.905000000002462102e+01 -1.905000000002397442e+01 1.905000000002333138e+01 -1.905000000002268834e+01 1.905000000002204175e+01 -1.905000000002139871e+01 1.905000000002074856e+01 -1.905000000002010552e+01 1.905000000001946248e+01 -1.905000000001881943e+01 1.905000000001816929e+01 -1.905000000001752625e+01 1.905000000001687965e+01 -1.905000000001623661e+01 1.905000000001559002e+01 -1.905000000001494698e+01 1.905000000001430038e+01 -1.905000000001365734e+01 1.905000000001300720e+01 -1.905000000001236415e+01
-5.900000000008156498e+00 5.900000000007956658e+00 -5.900000000007755929e+00 5.900000000007556977e+00 -5.900000000007357137e+00 5.900000000007157297e+00 -5.900000000006956569e+00 5.900000000006757617e+00 -5.900000000006558665e+00 5.900000000006358825e+00 -5.900000000006158096e+00 5.900000000005959144e+00 -5.900000000005759304e+00 5.900000000005559464e+00 -5.900000000005358736e+00 5.900000000005159784e+00 -5.900000000004959944e+00 5.900000000004760103e+00 -5.900000000004559375e+00 5.900000000004360423e+00
6.000000000015036639e-01 -6.000000000014833468e-01 6.000000000014629187e-01 -6.000000000014427126e-01 6.000000000014223955e-01 -6.000000000014020785e-01 6.000000000013816503e-01 -6.000000000013614443e-01 6.000000000013411272e-01 -6.000000000013209212e-01 6.000000000013004930e-01 -6.000000000012801760e-01 6.000000000012598589e-01 -6.000000000012396528e-01 6.000000000012191137e-01 -6.000000000011989076e-01 6.000000000011785906e-01 -6.000000000011582735e-01 6.000000000011378454e-01 -6.000000000011176393e-01
-5.750000000007909229e+00 5.750000000007713830e+00 -5.750000000007518430e+00 5.750000000007324807e+00 -5.750000000007129408e+00 5.750000000006935785e+00 -5.750000000006739498e+00 5.750000000006545875e+00 -5.750000000006351364e+00 5.750000000006157741e+00 -5.750000000005961454e+00 5.750000000005766942e+00 -5.750000000005572431e+00 5.750000000005377920e+00 -5.750000000005182521e+00 5.750000000004988010e+00 -5.750000000004793499e+00 5.750000000004598988e+00 -5.750000000004403589e+00 5.750000000004209078e+00
-1.190000000001665370e+01 1.190000000001625047e+01 -1.190000000001584723e+01 1.190000000001544578e+01 -1.190000000001504254e+01 1.190000000001463931e+01 -1.190000000001423430e+01 1.190000000001383285e+01 -1.190000000001343139e+01 1.190000000001302993e+01 -1.190000000001262492e+01 1.190000000001222169e+01 -1.190000000001181846e+01 1.190000000001141700e+01 -1.190000000001101199e+01 1.190000000001061053e+01 -1.190000000001020730e+01 1.190000000000980407e+01 -1.190000000000939906e+01 1.190000000000899760e+01
-2.050000000002730971e+00 2.050000000002661249e+00 -2.050000000002591527e+00 2.050000000002522693e+00 -2.050000000002452971e+00 2.050000000002383693e+00 -2.050000000002313971e+00 2.050000000002244693e+00 -2.050000000002175415e+00 2.050000000002106137e+00 -2.050000000002036415e+00 2.050000000001967138e+00 -2.050000000001897860e+00 2.050000000001828582e+00 -2.050000000001758860e+00 2.050000000001689582e+00 -2.050000000001619860e+00 2.050000000001551026e+00 -2.050000000001480860e+00 2.050000000001411582e+00
-1.420000000001862084e+01 1.420000000001813945e+01 -1.420000000001765805e+01 1.420000000001717844e+01 -1.420000000001669704e+01 1.420000000001621743e+01 -1.420000000001573426e+01 1.420000000001525464e+01 -1.420000000001477503e+01 1.420000000001429541e+01 -1.420000000001381224e+01 1.420000000001333262e+01 -1.420000000001285123e+01 1.420000000001237161e+01 -1.420000000001188845e+01 1.420000000001140883e+01 -1.420000000001092744e+01 1.420000000001044782e+01 -1.420000000000996465e+01 1.420000000000948503e+01
-8.500000000014675816e-01 8.500000000014387158e-01 -8.500000000014098500e-01 8.500000000013812063e-01 -8.500000000013523405e-01 8.500000000013236967e-01 -8.500000000012947199e-01 8.500000000012659651e-01 -8.500000000012373214e-01 8.500000000012086776e-01 -8.500000000011797008e-01 8.500000000011509460e-01 -8.500000000011221912e-01 8.500000000010934365e-01 -8.500000000010644596e-01 8.500000000010358159e-01 -8.500000000010069501e-01 8.500000000009783063e-01 -8.500000000009493295e-01 8.500000000009206857e-01
-1.250000000001432632e+00 1.250000000001390221e+00 -1.250000000001347811e+00 1.250000000001305622e+00 -1.250000000001263212e+00 1.250000000001221023e+00 -1.250000000001178391e+00 1.250000000001136202e+00 -1.250000000001094014e+00 1.250000000001051825e+00 -1.250000000001009193e+00 1.250000000000967004e+00 -1.250000000000924594e+00 1.250000000000882405e+00 -1.250000000000839995e+00 1.250000000000797806e+00 -1.250000000000755396e+00 1.250000000000713207e+00 -1.250000000000670575e+00 1.250000000000628386e+00
-1.850000000002473399e+01 1.850000000002410872e+01 -1.850000000002347988e+01 1.850000000002285461e+01 -1.850000000002222933e+01 1.850000000002160405e+01 -1.850000000002097167e+01 1.850000000002034994e+01 -1.850000000001972467e+01 1.850000000001909939e+01 -1.850000000001847056e+01 1.850000000001784528e+01 -1.850000000001721645e+01 1.850000000001659117e+01 -1.850000000001596234e+01 1.850000000001533706e+01 -1.850000000001471179e+01 1.850000000001408651e+01 -1.850000000001345413e+01 1.850000000001283240e+01
-6.550000000008378898e+00 6.550000000008156853e+00 -6.550000000007934808e+00 6.550000000007713652e+00 -6.550000000007491607e+00 6.550000000007270451e+00 -6.550000000007047518e+00 6.550000000006826362e+00 -6.550000000006605205e+00 6.550000000006384049e+00 -6.550000000006161116e+00 6.550000000005939960e+00 -6.550000000005717915e+00 6.550000000005496759e+00 -6.550000000005272938e+00 6.550000000005051781e+00 -6.550000000004829737e+00 6.550000000004608580e+00 -6.550000000004385647e+00 6.550000000004164491e+00
1.800000000001464429e+00 -1.800000000001403366e+00 1.800000000001342304e+00 -1.800000000001281686e+00 1.800000000001220624e+00 -1.800000000001159783e+00 1.800000000001098499e+00 -1.800000000001037659e+00 1.800000000000977041e+00 -1.800000000000916200e+00 1.800000000000854916e+00 -1.800000000000794076e+00 1.800000000000733014e+00 -1.800000000000672173e+00 1.800000000000610889e+00 -1.800000000000550271e+00 1.800000000000489209e+00 -1.800000000000428368e+00 1.800000000000367084e+00 -1.800000000000306244e+00
-1.605000000002199201e+01 1.605000000002144844e+01 -1.605000000002090488e+01 1.605000000002036131e+01 -1.605000000001981775e+01 1.605000000001927773e+01 -1.605000000001873062e+01 1.605000000001818705e+01 -1.605000000001764704e+01 1.605000000001710347e+01 -1.605000000001655636e+01 1.605000000001601634e+01 -1.605000000001547278e+01 1.605000000001492921e+01 -1.605000000001438210e+01 1.605000000001384208e+01 -1.605000000001329497e+01 1.605000000001275495e+01 -1.605000000001220783e+01 1.605000000001166782e+01
-1.565000000002036273e+01 1.565000000001983160e+01 -1.565000000001930047e+01 1.565000000001877289e+01 -1.565000000001824176e+01 1.565000000001771241e+01 -1.565000000001717950e+01 1.565000000001665192e+01 -1.565000000001612257e+01 1.565000000001559499e+01 -1.565000000001506208e+01 1.565000000001453273e+01 -1.565000000001400338e+01 1.565000000001347402e+01 -1.565000000001294111e+01 1.565000000001241354e+01 -1.565000000001188241e+01 1.565000000001135483e+01 -1.565000000001082014e+01 1.565000000001029257e+01
