-6.648614260206485049e+00 6.143897065436289218e+00 -5.037772418853867507e+00 3.438515507690262485e+00 -1.502672741088201480e+00 -5.802621031477901425e-01 2.606396849803655158e+00 -4.377399312966018918e+00 5.719911432241032934e+00 -6.502518767562288637e+00 6.648614260202760029e+00 -6.143897065435745652e+00 5.037772418856541812e+00 -3.438515507695926399e+00 1.502672741096259479e+00 5.802621031380831296e-01 -2.606396849793282566e+00 4.377399312956003818e+00 -5.719911432232319015e+00 6.502518767555756085e+00
-7.622309736117382606e+00 6.854507790774349907e+00 -5.415738864707046574e+00 3.446839684891453537e+00 -1.140539821175051260e+00 -1.277404026845749829e+00 3.570306668521491922e+00 -5.513722817693069267e+00 6.917417361103294304e+00 -7.643986896728409697e+00 7.622309736113969336e+00 -6.854507790774670539e+00 5.415738864711049594e+00 -3.446839684898789447e+00 1.140539821184950453e+00 1.277404026834203510e+00 -3.570306668509467762e+00 5.513722817681751209e+00 -6.917417361093751715e+00 7.643986896721603586e+00
-9.397960552981400539e+00 8.425036037480467144e+00 -6.627410293954113740e+00 4.181047454973667143e+00 -1.325414560030566458e+00 -1.659959146754066417e+00 4.482844486638724923e+00 -6.866917774357074400e+00 8.578809305692207232e+00 -9.450947210107642604e+00 9.397960552977307813e+00 -8.425036037480991169e+00 6.627410293959178134e+00 -4.181047454982828704e+00 1.325414560042863732e+00 1.659959146739772295e+00 -4.482844486623880798e+00 6.866917774343142433e+00 -8.578809305680502817e+00 9.450947210099347018e+00
-8.029971801742009418e+00 7.285400471448621573e+00 -5.827683382640763021e+00 3.799512040483075115e+00 -1.399417987046523093e+00 -1.137660849280132558e+00 3.563377515129793061e+00 -5.640285962287499011e+00 7.165083921273665446e+00 -7.988513543970857000e+00 8.029971801738122750e+00 -7.285400471448638449e+00 5.827683382644660348e+00 -3.799512040490516718e+00 1.399417987056727153e+00 1.137660849268110619e+00 -3.563377515117171157e+00 5.640285962275520149e+00 -7.165083921263459388e+00 7.988513543963455810e+00
1.792964551791621730e+01 -1.633061980600133367e+01 1.313303924535806111e+01 -8.649905300115850793e+00 3.320058356665705812e+00 2.334779030940618672e+00 -7.761071979635898899e+00 1.242765712839623227e+01 -1.587773660885093641e+01 1.777359260333636115e+01 -1.792964551790724670e+01 1.633061980600105656e+01 -1.313303924536645084e+01 8.649905300132184394e+00 -3.320058356688267764e+00 -2.334779030913916031e+00 7.761071979607761406e+00 -1.242765712836943237e+01 1.587773660882799831e+01 -1.777359260331960300e+01
-4.309935943369697320e+00 3.950557653239084921e+00 -3.204471254856163132e+00 2.144708883184236026e+00 -8.750074629611228616e-01 -4.803457842718490411e-01 1.788679439374285973e+00 -2.921924688488285238e+00 3.769151590846773647e+00 -4.247427674270086939e+00 4.309935943367428024e+00 -3.950557653238893074e+00 3.204471254858056284e+00 -2.144708883188051196e+00 8.750074629664590375e-01 4.803457842654853538e-01 -1.788679439367539370e+00 2.921924688481821519e+00 -3.769151590841201216e+00 4.247427674265968456e+00
1.873992303830276285e+01 -1.704110096540056674e+01 1.367417719767474438e+01 -8.968729692247489282e+00 3.385360435730352613e+00 2.529391487428107599e+00 -8.196548948489796871e+00 1.306137108975867278e+01 -1.664765522483899218e+01 1.860435087547875455e+01 -1.873992303829351158e+01 1.704110096540041042e+01 -1.367417719768364925e+01 8.968729692264682640e+00 -3.385360435754030561e+00 -2.529391487400137528e+00 8.196548948460367967e+00 -1.306137108973068273e+01 1.664765522481508597e+01 -1.860435087546133914e+01
-6.118115339878321457e+00 5.440418969548776573e+00 -4.230176484852536056e+00 2.605854852446841452e+00 -7.264539910257622468e-01 -1.224057248539172749e+00 3.054749236108613264e+00 -4.586421084758330657e+00 5.669142082157401674e+00 -6.196927953319789850e+00 6.118115339875859426e+00 -5.440418969549339678e+00 4.230176484856052355e+00 -2.605854852453002302e+00 7.264539910339229412e-01 1.224057248529769382e+00 -3.054749236098918797e+00 4.586421084749299659e+00 -5.669142082149886797e+00 6.196927953314549598e+00
1.041793661078546762e+00 -9.847866067736680273e-01 8.313817779861329971e-01 -5.965955081919543934e-01 3.034103133307094469e-01 1.947479698323517638e-02 -3.404535784795309494e-01 6.281063916346737441e-01 -8.542757749020729596e-01 9.968226932327912682e-01 -1.041793661077863087e+00 9.847866067734726281e-01 -8.313817779864425273e-01 5.965955081927436510e-01 -3.034103133318948320e-01 -1.947479698176290963e-02 3.404535784779211260e-01 -6.281063916330852370e-01 8.542757749006553158e-01 -9.968226932316879285e-01
-6.048686348765553333e+00 5.476238417361407151e+00 -4.367738114469886135e+00 2.831693173113731365e+00 -1.018462374407221871e+00 -8.944626175505435706e-01 2.719831376414782564e+00 -4.278964089976041940e+00 5.419241985114758187e+00 -6.029046716671653705e+00 6.048686348762677412e+00 -5.476238417361477318e+00 4.367738114472880184e+00 -2.831693173119388174e+00 1.018462374414948801e+00 8.944626175414623903e-01 -2.719831376405266621e+00 4.278964089967028706e+00 -5.419241985107097648e+00 6.029046716666120354e+00
-1.248759053510974404e+01 1.133542060397769369e+01 -9.073660725610137590e+00 5.923707715509313410e+00 -2.193900921316876751e+00 -1.750660180859886950e+00 5.523854466967016208e+00 -8.756335390890239267e+00 1.113168519777742738e+01 -1.241738809849552538e+01 1.248759053510367067e+01 -1.133542060397769013e+01 9.073660725616170097e+00 -5.923707715520859729e+00 2.193900921332725407e+00 1.750660180841204117e+00 -5.523854466947391906e+00 8.756335390871607061e+00 -1.113168519776154142e+01 1.241738809848399150e+01
-2.141344331019233493e+00 1.916839106854054897e+00 -1.504700315506838137e+00 9.452709734144436604e-01 -2.933119223542672849e-01 -3.873585432901593406e-01 1.030111655831622786e+00 -1.572030262290356140e+00 1.960067593697295552e+00 -2.156239852439321592e+00 2.141344331018314229e+00 -1.916839106854188790e+00 1.504700315508005870e+00 -9.452709734165436473e-01 2.933119223570791467e-01 3.873585432868961731e-01 -1.030111655828238604e+00 1.572030262287184232e+00 -1.960067593694635457e+00 2.156239852437441318e+00
-1.420837681493407700e+01 1.279173203653351010e+01 -1.012294340116065250e+01 6.463250534989511742e+00 -2.170889674340287012e+00 -2.333972993110336347e+00 6.610370122248890645e+00 -1.023969816666486743e+01 1.286669321035589419e+01 -1.423420667509513216e+01 1.420837681492764837e+01 -1.279173203653403412e+01 1.012294340116803859e+01 -6.463250535003120412e+00 2.170889674358688737e+00 2.333972993088845538e+00 -6.610370122226487233e+00 1.023969816664376076e+01 -1.286669321033807201e+01 1.423420667508239212e+01
-1.274385082906925204e+00 1.002435199563986856e+00 -6.323599745111303516e-01 2.003849492422172807e-01 2.512051510224828643e-01 -6.782055408558601561e-01 1.038818447014413504e+00 -1.297744565705524877e+00 1.429638404387399309e+00 -1.421589275171474043e+00 1.274385082907004030e+00 -1.002435199564756463e+00 6.323599745125106919e-01 -2.003849492440826774e-01 -2.512051510203257565e-01 6.782055408536126206e-01 -1.038818447012302304e+00 1.297744565703756958e+00 -1.429638404386143202e+00 1.421589275170854760e+00
-1.170102782712959533e+00 1.004575377802690461e+00 -7.407131356249859744e-01 4.043447308805312446e-01 -2.839624664217751948e-02 -3.503318600657427395e-01 6.947670434048133226e-01 -9.711935878088040486e-01 1.152552937134504907e+00 -1.221092374665056823e+00 1.170102782712651113e+00 -1.004575377802977343e+00 7.407131356258364052e-01 -4.043447308818693409e-01 2.839624664386383723e-02 3.503318600638649638e-01 -6.947670434029340480e-01 9.711935878071080719e-01 -1.152552937133152655e+00 1.221092374664184410e+00
-1.889021123252308598e+01 1.709080167328554367e+01 -1.361842536765141709e+01 8.812982701884392256e+00 -3.144863885597314113e+00 -2.831096119366081965e+00 8.529928710758861499e+00 -1.339379244843456895e+01 1.694657846121875977e+01 -1.884051530046491862e+01 1.889021123251415801e+01 -1.709080167328582078e+01 1.361842536766082290e+01 -8.812982701902109639e+00 3.144863885621485888e+00 2.831096119337694894e+00 -8.529928710729132391e+00 1.339379244840643324e+01 -1.694657846119486777e+01 1.884051530044768086e+01
-6.351721832795559131e+00 5.702633958639092171e+00 -4.495332540024534751e+00 2.847996651569442150e+00 -9.218790076997530614e-01 -1.094478576551973337e+00 3.003700972049986540e+00 -4.618900188388488814e+00 5.781969272517794245e+00 -6.379058918904684461e+00 6.351721832792755151e+00 -5.702633958639405698e+00 4.495332540027915158e+00 -2.847996651575596339e+00 9.218790077080347700e-01 1.094478576542331272e+00 -3.003700972039960337e+00 4.618900188379066130e+00 -5.781969272509864588e+00 6.379058918899046304e+00
1.391085282313786475e+00 -1.354844923760573971e+00 1.185982904310153740e+00 -9.010286149572052095e-01 5.278753669368638768e-01 -1.030500000768943825e-01 -3.318626187821057671e-01 7.342902122918559815e-01 -1.064840363721750727e+00 1.291156521171542337e+00 -1.391085282312692906e+00 1.354844923760114117e+00 -1.185982904310369790e+00 9.010286149580816195e-01 -5.278753669383073888e-01 1.030500000787721582e-01 3.318626187799842975e-01 -7.342902122897003725e-01 1.064840363719763427e+00 -1.291156521169925186e+00
-1.667381842437206174e+01 1.499109456356071135e+01 -1.184093791777209681e+01 7.531707767927850128e+00 -2.485221585266423894e+00 -2.804535401716921950e+00 7.819764923232640719e+00 -1.206954137055644338e+01 1.513786701509119581e+01 -1.672439276446844048e+01 1.667381842436460815e+01 -1.499109456356142722e+01 1.184093791778086846e+01 -7.531707767943910170e+00 2.485221585288090118e+00 2.804535401691657270e+00 -7.819764923206335538e+00 1.206954137053168807e+01 -1.513786701507032717e+01 1.672439276445356526e+01
-1.553239705148576810e+01 1.398683814255509184e+01 -1.107215006420099357e+01 7.073642793358639658e+00 -2.382718080936200078e+00 -2.541443678620465718e+00 7.216831223634029513e+00 -1.118578504585848599e+01 1.405979629184766644e+01 -1.555753671643074654e+01 1.553239705147872307e+01 -1.398683814255564783e+01 1.107215006420905290e+01 -7.073642793373503324e+00 2.382718080956306217e+00 2.541443678596979172e+00 -7.216831223609540658e+00 1.118578504583540578e+01 -1.405979629182817447e+01 1.555753671641680747e+01
