-1.594999999996869455e+01 -1.695000000002098162e+01 1.594999999997552997e+01 1.695000000001642704e+01 -1.594999999998236184e+01 -1.695000000001186891e+01 1.594999999998919904e+01 1.695000000000731077e+01 -1.594999999999603091e+01 -1.695000000000275264e+01 1.595000000000286455e+01 1.694999999999816609e+01 -1.595000000000969997e+01 -1.694999999999366480e+01 1.595000000001653717e+01 1.694999999998905338e+01 -1.595000000002336549e+01 -1.694999999998455209e+01 1.595000000003020268e+01 1.694999999997993712e+01
-1.574999999996748556e+01 -1.760000000002052545e+01 1.574999999997453592e+01 1.760000000001607745e+01 -1.574999999998157918e+01 -1.760000000001162590e+01 1.574999999998862954e+01 1.760000000000717790e+01 -1.574999999999567812e+01 -1.760000000000272635e+01 1.575000000000272848e+01 1.759999999999824638e+01 -1.575000000000977529e+01 -1.759999999999385523e+01 1.575000000001682743e+01 1.759999999998935039e+01 -1.575000000002387068e+01 -1.759999999998495568e+01 1.575000000003092104e+01 1.759999999998045084e+01
-1.839999999996280877e+01 -2.015000000002425651e+01 1.839999999997090185e+01 2.015000000001903402e+01 -1.839999999997899138e+01 -2.015000000001381508e+01 1.839999999998708446e+01 2.015000000000859259e+01 -1.839999999999517399e+01 -2.015000000000336655e+01 1.840000000000326708e+01 2.014999999999811209e+01 -1.840000000001135660e+01 -2.014999999999295355e+01 1.840000000001944969e+01 2.014999999998766711e+01 -1.840000000002753922e+01 -2.014999999998250857e+01 1.840000000003563230e+01 2.014999999997722213e+01
1.089999999997947633e+01 1.045000000001501128e+01 -1.089999999998375380e+01 -1.045000000001183160e+01 1.089999999998802949e+01 1.045000000000865015e+01 -1.089999999999230695e+01 -1.045000000000547047e+01 1.089999999999658087e+01 1.045000000000228724e+01 -1.090000000000085656e+01 -1.044999999999908624e+01 1.090000000000513225e+01 1.044999999999594564e+01 -1.090000000000940972e+01 -1.044999999999272688e+01 1.090000000001368363e+01 1.044999999998958273e+01 -1.090000000001796110e+01 -1.044999999998636220e+01
1.079999999998192628e+01 9.400000000014781421e+00 -1.079999999998583071e+01 -9.400000000011575096e+00 1.079999999998973337e+01 9.400000000008365220e+00 -1.079999999999363958e+01 -9.400000000005158896e+00 1.079999999999754401e+01 9.400000000001950795e+00 -1.080000000000145022e+01 -9.399999999998721378e+00 1.080000000000535465e+01 9.399999999995554134e+00 -1.080000000000926086e+01 -9.399999999992308730e+00 1.080000000001316351e+01 9.399999999989137933e+00 -1.080000000001706795e+01 -9.399999999985892529e+00
-4.999999999992439825e+00 -4.050000000006900081e+00 4.999999999994142463e+00 4.050000000005397283e+00 -4.999999999995844213e+00 -4.050000000003894485e+00 4.999999999997547739e+00 4.050000000002391687e+00 -4.999999999999250377e+00 -4.050000000000888889e+00 5.000000000000952127e+00 4.049999999999376321e+00 -5.000000000002655653e+00 -4.049999999997893063e+00 5.000000000004358292e+00 4.049999999996371614e+00 -5.000000000006060930e+00 -4.049999999994886579e+00 5.000000000007763568e+00 4.049999999993366906e+00
-4.099999999993631405e+00 -3.300000000006050982e+00 4.099999999995020517e+00 3.300000000004817302e+00 -4.099999999996408739e+00 -3.300000000003583622e+00 4.099999999997797850e+00 3.300000000002350387e+00 -4.099999999999186073e+00 -3.300000000001116263e+00 4.100000000000575184e+00 3.299999999999875921e+00 -4.100000000001964295e+00 -3.299999999998656897e+00 4.100000000003353406e+00 3.299999999997409450e+00 -4.100000000004741629e+00 -3.299999999996189537e+00 4.100000000006130740e+00 3.299999999994942090e+00
-8.999999999981508125e+00 -9.950000000011936407e+00 8.999999999985499599e+00 9.950000000009385559e+00 -8.999999999989487520e+00 -9.950000000006838263e+00 8.999999999993478994e+00 9.950000000004289191e+00 -8.999999999997468692e+00 -9.950000000001738343e+00 9.000000000001460165e+00 9.949999999999173284e+00 -9.000000000005449863e+00 -9.949999999996656186e+00 9.000000000009441337e+00 9.949999999994076916e+00 -9.000000000013431034e+00 -9.949999999991559818e+00 9.000000000017422508e+00 9.949999999988978772e+00
-2.399999999996171862e+00 -2.000000000003316902e+00 2.399999999997008970e+00 2.000000000002598810e+00 -2.399999999997845190e+00 -2.000000000001881162e+00 2.399999999998682298e+00 2.000000000001163070e+00 -2.399999999999518963e+00 -2.000000000000444533e+00 2.400000000000356071e+00 1.999999999999722444e+00 -2.400000000001192291e+00 -1.999999999999013234e+00 2.400000000002029399e+00 1.999999999998286704e+00 -2.400000000002865619e+00 -1.999999999997577049e+00 2.400000000003702727e+00 1.999999999996850519e+00
-2.249999999997277289e+00 -1.450000000003130118e+00 2.249999999997914113e+00 1.450000000002432010e+00 -2.249999999998550049e+00 -1.450000000001733902e+00 2.249999999999186873e+00 1.450000000001036016e+00 -2.249999999999823252e+00 -1.450000000000337463e+00 2.250000000000460076e+00 1.449999999999635358e+00 -2.250000000001096456e+00 -1.449999999998945688e+00 2.250000000001732836e+00 1.449999999998239808e+00 -2.250000000002369216e+00 -1.449999999997549249e+00 2.250000000003006040e+00 1.449999999996843369e+00
6.699999999986526511e+00 7.200000000008942358e+00 -6.699999999989426414e+00 -7.200000000007032774e+00 6.699999999992323652e+00 7.200000000005123191e+00 -6.699999999995222666e+00 -7.200000000003213607e+00 6.699999999998121680e+00 7.200000000001303135e+00 -6.700000000001019806e+00 -7.199999999999380229e+00 6.700000000003918821e+00 7.199999999997496403e+00 -6.700000000006817835e+00 -7.199999999995562838e+00 6.700000000009715073e+00 7.199999999993675459e+00 -6.700000000012614976e+00 -7.199999999991741895e+00
9.449999999981121945e+00 1.005000000001236948e+01 -9.449999999985173815e+00 -1.005000000000966942e+01 9.449999999989223909e+00 1.005000000000697113e+01 -9.449999999993277555e+00 -1.005000000000427107e+01 9.449999999997329425e+00 1.005000000000156923e+01 -9.450000000001381295e+00 -1.004999999999885318e+01 9.450000000005433165e+00 1.004999999999618687e+01 -9.450000000009483259e+00 -1.004999999999345484e+01 9.450000000013533352e+00 1.004999999999078675e+01 -9.450000000017586999e+00 -1.004999999998805471e+01
-1.779999999996618243e+01 -1.815000000002352820e+01 1.779999999997354720e+01 1.815000000001839808e+01 -1.779999999998090132e+01 -1.815000000001326796e+01 1.779999999998826254e+01 1.815000000000813785e+01 -1.779999999999562732e+01 -1.815000000000300417e+01 1.780000000000298499e+01 1.814999999999784208e+01 -1.780000000001034266e+01 -1.814999999999277591e+01 1.780000000001770388e+01 1.814999999998758184e+01 -1.780000000002506511e+01 -1.814999999998250857e+01 1.780000000003242633e+01 1.814999999997731805e+01
3.599999999994589306e+00 2.600000000004363265e+00 -3.599999999995705302e+00 -2.600000000003262812e+00 3.599999999996820854e+00 2.600000000002162359e+00 -3.599999999997936850e+00 -2.600000000001061906e+00 3.599999999999052847e+00 2.599999999999961009e+00 -3.600000000000168399e+00 -2.599999999998853895e+00 3.600000000001284395e+00 2.599999999997766764e+00 -3.600000000002400835e+00 -2.599999999996653433e+00 3.600000000003515943e+00 2.599999999995564970e+00 -3.600000000004632383e+00 -2.599999999994452526e+00
-1.199999999997608491e+01 -1.275000000001570655e+01 1.199999999998122746e+01 1.275000000001227818e+01 -1.199999999998636646e+01 -1.275000000000884981e+01 1.199999999999150901e+01 1.275000000000542144e+01 -1.199999999999664979e+01 -1.275000000000198952e+01 1.200000000000178879e+01 1.274999999999853983e+01 -1.200000000000692957e+01 -1.274999999999515410e+01 1.200000000001207390e+01 1.274999999999168487e+01 -1.200000000001721112e+01 -1.274999999998829558e+01 1.200000000002235367e+01 1.274999999998482636e+01
-1.034999999997941167e+01 -1.085000000001384990e+01 1.034999999998379572e+01 1.085000000001088516e+01 -1.034999999998817799e+01 -1.085000000000791687e+01 1.034999999999256026e+01 1.085000000000495213e+01 -1.034999999999694431e+01 -1.085000000000198384e+01 1.035000000000132658e+01 1.084999999999899956e+01 -1.035000000000571063e+01 -1.084999999999607212e+01 1.035000000001009290e+01 1.084999999999306830e+01 -1.035000000001447340e+01 -1.084999999999013909e+01 1.035000000001885923e+01 1.084999999998713704e+01
-1.309999999997720721e+01 -1.245000000001738805e+01 1.309999999998230891e+01 1.245000000001355822e+01 -1.309999999998740883e+01 -1.245000000000973017e+01 1.309999999999251052e+01 1.245000000000590035e+01 -1.309999999999761044e+01 -1.245000000000207052e+01 1.310000000000271214e+01 1.244999999999821760e+01 -1.310000000000781206e+01 -1.244999999999443574e+01 1.310000000001291554e+01 1.244999999999056151e+01 -1.310000000001801368e+01 -1.244999999998677609e+01 1.310000000002311715e+01 1.244999999998290185e+01
-5.699999999988346389e+00 -6.200000000007666934e+00 5.699999999990839505e+00 6.200000000006046008e+00 -5.699999999993329958e+00 -6.200000000004425971e+00 5.699999999995823075e+00 6.200000000002805933e+00 -5.699999999998314415e+00 -6.200000000001185008e+00 5.700000000000805755e+00 6.199999999999554312e+00 -5.700000000003297984e+00 -6.199999999997954703e+00 5.700000000005790213e+00 6.199999999996314237e+00 -5.700000000008281553e+00 -6.199999999994713740e+00 5.700000000010773782e+00 6.199999999993073274e+00
-5.949999999987930721e+00 -6.700000000007876544e+00 5.949999999990612132e+00 6.700000000006198775e+00 -5.949999999993291766e+00 -6.700000000004521006e+00 5.949999999995973177e+00 6.700000000002843237e+00 -5.949999999998653699e+00 -6.700000000001164580e+00 5.950000000001334222e+00 6.699999999999475264e+00 -5.950000000004014744e+00 -6.699999999997818811e+00 5.950000000006696155e+00 6.699999999996120614e+00 -5.950000000009375789e+00 -6.699999999994462385e+00 5.950000000012057200e+00 6.699999999992764188e+00
-1.699999999997565459e+00 -1.450000000002314771e+00 1.699999999998169864e+00 1.450000000001808287e+00 -1.699999999998773825e+00 -1.450000000001301803e+00 1.699999999999378453e+00 1.450000000000794875e+00 -1.699999999999982636e+00 -1.450000000000288169e+00 1.700000000000586819e+00 1.449999999999778577e+00 -1.700000000001191225e+00 -1.449999999999278089e+00 1.700000000001795630e+00 1.449999999998765388e+00 -1.700000000002399592e+00 -1.449999999998264455e+00 1.700000000003004219e+00 1.449999999997751754e+00
