9.855901699436273589e+00 -6.223906032147575651e+00 2.145898033650460723e-01 5.876692436663158325e+00 -9.723277907315509339e+00 9.855901699434985730e+00 -6.223906032149209011e+00 2.145898033689835893e-01 5.876692436658415453e+00 -9.723277907311786095e+00 9.855901699433696095e+00 -6.223906032150866352e+00 2.145898033729110588e-01 5.876692436653688567e+00 -9.723277907308064627e+00 9.855901699432404683e+00 -6.223906032152493495e+00 2.145898033768757485e-01 5.876692436648932372e+00 -9.723277907304332501e+00
-6.499999999995993427e-01 3.775831390304935087e-01 3.905764746931517789e-02 -4.407797401564200190e-01 6.741389536561274154e-01 -6.499999999995361710e-01 3.775831390306269020e-01 3.905764746903558904e-02 -4.407797401561007189e-01 6.741389536558912710e-01 -6.499999999994728883e-01 3.775831390307620161e-01 3.905764746875670101e-02 -4.407797401557824735e-01 6.741389536556552375e-01 -6.499999999994092725e-01 3.775831390308950208e-01 3.905764746847528723e-02 -4.407797401554623407e-01 6.741389536554185380e-01
-7.410410196624646062e+00 4.655746418431762734e+00 -1.227457513993219923e-01 -4.457139620692554871e+00 7.334549150283718788e+00 -7.410410196623693935e+00 4.655746418433009737e+00 -1.227457514022969459e-01 -4.457139620688983506e+00 7.334549150280926355e+00 -7.410410196622740919e+00 4.655746418434273615e+00 -1.227457514052643639e-01 -4.457139620685424575e+00 7.334549150278134810e+00 -7.410410196621784351e+00 4.655746418435516176e+00 -1.227457514082597456e-01 -4.457139620681844328e+00 7.334549150275336160e+00
-7.792172942405814595e+00 5.224312563087782024e+00 -6.609423525241249209e-01 -4.154885372098910068e+00 7.383688103939888947e+00 -7.792172942404596903e+00 5.224312563088836292e+00 -6.609423525270541333e-01 -4.154885372095220575e+00 7.383688103936856706e+00 -7.792172942403376545e+00 5.224312563089907435e+00 -6.609423525299757962e-01 -4.154885372091543516e+00 7.383688103933829794e+00 -7.792172942402156188e+00 5.224312563090957262e+00 -6.609423525329261029e-01 -4.154885372087841588e+00 7.383688103930790447e+00
-9.775861046343019112e+00 6.238699100992357138e+00 -3.185661446470662850e-01 -5.723248251287770039e+00 9.578976341284098694e+00 -9.775861046341701055e+00 6.238699100993926550e+00 -3.185661446509321926e-01 -5.723248251283078680e+00 9.578976341280387885e+00 -9.775861046340377669e+00 6.238699100995519053e+00 -3.185661446547883857e-01 -5.723248251278403309e+00 9.578976341276678852e+00 -9.775861046339054283e+00 6.238699100997082247e+00 -3.185661446586812162e-01 -5.723248251273698628e+00 9.578976341272957384e+00
-8.599999999999685230e+00 5.679682106618448856e+00 -5.899186938044839179e-01 -4.725173609443285017e+00 8.235410196627725554e+00 -8.599999999998397371e+00 5.679682106619678983e+00 -5.899186938077689568e-01 -4.725173609439195843e+00 8.235410196624405543e+00 -8.599999999997109512e+00 5.679682106620929538e+00 -5.899186938110456691e-01 -4.725173609435119992e+00 8.235410196621085532e+00 -8.599999999995816324e+00 5.679682106622155224e+00 -5.899186938143542447e-01 -4.725173609431018384e+00 8.235410196617760192e+00
1.689151516152882593e+01 -1.019112695901594812e+01 -4.019253581738791437e-01 1.084145584948075935e+01 -1.713991869381749567e+01 1.689151516152693588e+01 -1.019112695901911891e+01 -4.019253581668428277e-01 1.084145584947253660e+01 -1.713991869381125355e+01 1.689151516152504229e+01 -1.019112695902233234e+01 -4.019253581598243863e-01 1.084145584946434226e+01 -1.713991869380501143e+01 1.689151516152313803e+01 -1.019112695902549426e+01 -4.019253581527409414e-01 1.084145584945609819e+01 -1.713991869379875155e+01
-4.076393202249889214e+00 2.762586804715526867e+00 -3.935661446522362161e-01 -2.125783405846674690e+00 3.833155948032648030e+00 -4.076393202249232850e+00 2.762586804716055777e+00 -3.935661446537507269e-01 -2.125783405844750007e+00 3.833155948031054194e+00 -4.076393202248575598e+00 2.762586804716593125e+00 -3.935661446552612963e-01 -2.125783405842831986e+00 3.833155948029461246e+00 -4.076393202247916570e+00 2.762586804717118927e+00 -3.935661446567867983e-01 -2.125783405840901974e+00 3.833155948027863413e+00
1.808454915027883914e+01 -1.088051349692173631e+01 -4.795084972055833616e-01 1.165637454329368516e+01 -1.838090169944279495e+01 1.808454915027683896e+01 -1.088051349692515402e+01 -4.795084971980316801e-01 1.165637454328487621e+01 -1.838090169943611585e+01 1.808454915027482812e+01 -1.088051349692861969e+01 -4.795084971904991500e-01 1.165637454327609746e+01 -1.838090169942944030e+01 1.808454915027281018e+01 -1.088051349693202674e+01 -4.795084971828970088e-01 1.165637454326726541e+01 -1.838090169942275054e+01
-5.727254248593379948e+00 3.869146285026731746e+00 -5.331559480258709627e-01 -3.006481839816312451e+00 5.397745751407956760e+00 -5.727254248592465125e+00 3.869146285027483589e+00 -5.331559480280062546e-01 -3.006481839813606172e+00 5.397745751405719439e+00 -5.727254248591548524e+00 3.869146285028248311e+00 -5.331559480301359955e-01 -3.006481839810909218e+00 5.397745751403485670e+00 -5.727254248590631036e+00 3.869146285028997045e+00 -5.331559480322867195e-01 -3.006481839808194945e+00 5.397745751401243908e+00
1.111474508437869213e+00 -9.079526825617769692e-01 3.576237921238500372e-01 3.293052317196671908e-01 -8.904508497193984740e-01 1.111474508437587883e+00 -9.079526825618002839e-01 3.576237921241693374e-01 3.293052317191729750e-01 -8.904508497189194127e-01 1.111474508437306330e+00 -9.079526825618253749e-01 3.576237921244877493e-01 3.293052317186806466e-01 -8.904508497184412397e-01 1.111474508437024999e+00 -9.079526825618480235e-01 3.576237921248098250e-01 3.293052317181845434e-01 -8.904508497179608462e-01
-5.309549150280342467e+00 3.193285238682566529e+00 1.427050983180675192e-01 -3.424186938128781943e+00 5.397745751407781789e+00 -5.309549150279754492e+00 3.193285238683571503e+00 1.427050983158496544e-01 -3.424186938126195567e+00 5.397745751405822467e+00 -5.309549150279165630e+00 3.193285238684588911e+00 1.427050983136374240e-01 -3.424186938123617630e+00 5.397745751403862258e+00 -5.309549150278574103e+00 3.193285238685590777e+00 1.427050983114047378e-01 -3.424186938121024149e+00 5.397745751401898495e+00
-1.266631189606061625e+01 7.215546818645042215e+00 9.913118960754290221e-01 -8.819523159946490054e+00 1.327897634128505011e+01 -1.266631189605948116e+01 7.215546818647752936e+00 9.913118960698945603e-01 -8.819523159940240831e+00 1.327897634128049020e+01 -1.266631189605834074e+01 7.215546818650497407e+00 9.913118960643740873e-01 -8.819523159934011147e+00 1.327897634127592852e+01 -1.266631189605719676e+01 7.215546818653200134e+00 9.913118960588037654e-01 -8.819523159927744160e+00 1.327897634127135973e+01
-2.240450849718797155e+00 1.551518827217176488e+00 -2.699593469042092519e-01 -1.114715428345286252e+00 2.073606797750763509e+00 -2.240450849718414350e+00 1.551518827217441165e+00 -2.699593469050216021e-01 -1.114715428344235093e+00 2.073606797749877995e+00 -2.240450849718031101e+00 1.551518827217710284e+00 -2.699593469058317874e-01 -1.114715428343187709e+00 2.073606797748993369e+00 -2.240450849717647408e+00 1.551518827217973850e+00 -2.699593469066501328e-01 -1.114715428342133219e+00 2.073606797748105635e+00
-1.504164078649902336e+01 9.740140287707102829e+00 -7.182372542048456321e-01 -8.578007998416294910e+00 1.459774575141087460e+01 -1.504164078649690062e+01 9.740140287709406763e+00 -7.182372542107087199e-01 -8.578007998409104218e+00 1.459774575140512276e+01 -1.504164078649477254e+01 9.740140287711746225e+00 -7.182372542165567086e-01 -8.578007998401938394e+00 1.459774575139937625e+01 -1.504164078649264269e+01 9.740140287714041278e+00 -7.182372542224609857e-01 -8.578007998394728162e+00 1.459774575139361019e+01
-1.174467844093323832e+00 6.854101966239707355e-01 6.545084971986679656e-02 -7.913118960632098409e-01 1.214918693812544914e+00 -1.174467844093207702e+00 6.854101966242092114e-01 6.545084971936351859e-02 -7.913118960626336351e-01 1.214918693812117478e+00 -1.174467844093091351e+00 6.854101966244509070e-01 6.545084971886153125e-02 -7.913118960620590947e-01 1.214918693811690042e+00 -1.174467844092974333e+00 6.854101966246887168e-01 6.545084971835495036e-02 -7.913118960614814457e-01 1.214918693811261718e+00
-1.658155948031729610e+00 1.481230589874457992e+00 -7.385254915613801430e-01 -2.862712429697671368e-01 1.201722092688070731e+00 -1.658155948031226234e+00 1.481230589874393822e+00 -7.385254915617797122e-01 -2.862712429690548177e-01 1.201722092687319776e+00 -1.658155948030722193e+00 1.481230589874331649e+00 -7.385254915621782823e-01 -2.862712429683454962e-01 1.201722092686570598e+00 -1.658155948030219262e+00 1.481230589874266812e+00 -7.385254915625819594e-01 -2.862712429676302905e-01 1.201722092685816978e+00
-1.801319660112249110e+01 1.091731689579663644e+01 3.486067977681314711e-01 -1.148137454329366136e+01 1.822864745084896043e+01 -1.801319660112044119e+01 1.091731689579997955e+01 3.486067977606578383e-01 -1.148137454328490392e+01 1.822864745084228844e+01 -1.801319660111838772e+01 1.091731689580336706e+01 3.486067977532031348e-01 -1.148137454327617313e+01 1.822864745083561289e+01 -1.801319660111632714e+01 1.091731689580669951e+01 3.486067977456793754e-01 -1.148137454326739082e+01 1.822864745082892313e+01
-6.616311896061897180e+00 4.186648117869617103e+00 -1.578270575876212778e-01 -3.931278574348044508e+00 6.518769410127009500e+00 -6.616311896061027653e+00 4.186648117870706898e+00 -1.578270575902593897e-01 -3.931278574344861720e+00 6.518769410124507502e+00 -6.616311896060157238e+00 4.186648117871812680e+00 -1.578270575928907848e-01 -3.931278574341690479e+00 6.518769410122006391e+00 -6.616311896059283271e+00 4.186648117872898922e+00 -1.578270575955471045e-01 -3.931278574338499254e+00 6.518769410119498176e+00
1.170491502812232021e+00 -7.383222260924934277e-01 2.413895365503118326e-02 6.992645786257214446e-01 -1.155572809000325885e+00 1.170491502812079698e+00 -7.383222260926880498e-01 2.413895365549930880e-02 6.992645786251580065e-01 -1.155572808999884016e+00 1.170491502811927154e+00 -7.383222260928854475e-01 2.413895365596624085e-02 6.992645786245964556e-01 -1.155572808999442147e+00 1.170491502811773943e+00 -7.383222260930795144e-01 2.413895365643759297e-02 6.992645786240314631e-01 -1.155572808998999168e+00
