1.238453735548822721e+01 2.234270827127581782e+01 1.388089148077063939e+01 -6.024741669137758215e+00 -2.096340008475421257e+01 -1.861921314631404911e+01 -9.247977086329470797e-01 1.753204823733854312e+01 2.153495650141001505e+01 7.783811443239422978e+00 -1.238453735548775825e+01 -2.234270827128270653e+01 -1.388089148077921919e+01 6.024741669134580313e+00 2.096340008475904426e+01 1.861921314632291669e+01 9.247977086385268386e-01 -1.753204823734081330e+01 -2.153495650141828932e+01 -7.783811443246855255e+00
-2.692920701107796688e+00 -6.096427998567509832e+00 -4.473860237334293721e+00 8.370898619219532266e-01 5.457918388697177825e+00 5.579078012262601582e+00 1.100681165297226372e+00 -4.285149699387270417e+00 -6.138176759628342083e+00 -2.930709851160806068e+00 2.692920701107333059e+00 6.096427998569188489e+00 4.473860237336735324e+00 -8.370898619207673974e-01 -5.457918388698221435e+00 -5.579078012265016540e+00 -1.100681165299018494e+00 4.285149699387567068e+00 6.138176759630492363e+00 2.930709851163028734e+00
-4.052850167137030724e+00 -9.413278394270962579e+00 -7.013122264615111234e+00 1.168858714941520160e+00 8.387198093927963782e+00 8.690883980391831187e+00 1.829548772190617623e+00 -6.540120407105360911e+00 -9.517921419218376755e+00 -4.648867278285365501e+00 4.052850167136263337e+00 9.413278394273524086e+00 7.013122264618894874e+00 -1.168858714939640553e+00 -8.387198093929532305e+00 -8.690883980395561537e+00 -1.829548772193426043e+00 6.540120407105769473e+00 9.517921419221680779e+00 4.648867278288826732e+00
7.515642528055273885e+00 5.537076065311000050e+00 -1.006419224032452320e+00 -6.720192820331247319e+00 -6.893641240672931048e+00 -1.383768491394317568e+00 5.266923817016095910e+00 7.575408780574889533e+00 3.638503305601796800e+00 -3.298091613674792644e+00 -7.515642528057336236e+00 -5.537076065314005646e+00 1.006419224030975723e+00 6.720192820332524519e+00 6.893641240675904669e+00 1.383768491396543343e+00 -5.266923817016459175e+00 -7.575408780577538082e+00 -3.638503305604549709e+00 3.298091613674211775e+00
1.131824566958074207e+01 1.754878304279651857e+01 9.311586066891914371e+00 -6.602357111654640676e+00 -1.707312234809086604e+01 -1.346830194193192654e+01 1.240183838311597508e+00 1.492622548251494941e+01 1.630664658371822640e+01 4.243387269995373856e+00 -1.131824566958115241e+01 -1.754878304280239121e+01 -9.311586066898421166e+00 6.602357111652882082e+00 1.707312234809529272e+01 1.346830194193890229e+01 -1.240183838307839848e+00 -1.492622548251747716e+01 -1.630664658372497655e+01 -4.243387270000761546e+00
9.904153614601618472e+00 1.409410036243522235e+01 6.664455060137665754e+00 -6.259563564605876707e+00 -1.402301335826384232e+01 -1.022547732477044846e+01 2.002243819961631921e+00 1.257925610250564574e+01 1.278555862376501295e+01 2.451069500234379195e+00 -9.904153614602346778e+00 -1.409410036244017661e+01 -6.664455060142771003e+00 6.259563564604842867e+00 1.402301335826772544e+01 1.022547732477605464e+01 -2.002243819958933635e+00 -1.257925610250805626e+01 -1.278555862377056407e+01 -2.451069500238475030e+00
1.210874994136797156e+01 2.577890077903340682e+01 1.819616545508677419e+01 -4.388025373486135194e+00 -2.335459865752891417e+01 -2.306695195472551774e+01 -3.762229691124746367e+00 1.864418569836673356e+01 2.567978448013080239e+01 1.154421150057408241e+01 -1.210874994136636218e+01 -2.577890077904071475e+01 -1.819616545509698824e+01 4.388025373481456270e+00 2.335459865753361441e+01 2.306695195473573179e+01 3.762229691132040976e+00 -1.864418569836832162e+01 -2.567978448014000747e+01 -1.154421150058327505e+01
3.618913560912236704e+00 3.168673289839747831e+00 1.060852972895263147e-01 -3.043962543376248497e+00 -3.684477880344256384e+00 -1.287400977552207060e+00 2.171047263560191620e+00 3.839620104653675536e+00 2.342696880282186367e+00 -1.085614751010831602e+00 -3.618913560913083138e+00 -3.168673289841268392e+00 -1.060852972904706704e-01 3.043962543376662389e+00 3.684477880345685463e+00 1.287400977553476045e+00 -2.171047263560131668e+00 -3.839620104654871469e+00 -2.342696880283653638e+00 1.085614751010305357e+00
-5.455569558541217390e+00 -1.404088830560063172e+01 -1.105048459169530162e+01 1.050264558233263479e+00 1.228514462836605325e+01 1.339178911143491568e+01 3.457847654658920078e+00 -9.326845399270256465e+00 -1.442221200686575777e+01 -7.627481646872501742e+00 5.455569558539783870e+00 1.404088830560428036e+01 1.105048459170103214e+01 -1.050264558230185941e+00 -1.228514462836815824e+01 -1.339178911144047390e+01 -3.457847654663340542e+00 9.326845399270588644e+00 1.442221200687059302e+01 7.627481646877831700e+00
-6.104853739606033614e+00 -1.466063487015456346e+01 -1.112975619223794332e+01 1.576821767338058677e+00 1.298342135290890553e+01 1.368610542374090322e+01 3.105560505881177047e+00 -1.003530009282373392e+01 -1.490276329966428293e+01 -7.483948879073123450e+00 6.104853739604735985e+00 1.466063487015849276e+01 1.112975619224386747e+01 -1.576821767335034652e+00 -1.298342135291126631e+01 -1.368610542374671013e+01 -3.105560505885632594e+00 1.003530009282427216e+01 1.490276329966939350e+01 7.483948879078574201e+00
-8.943696490374410502e+00 -1.803982017333745702e+01 -1.226338401341839202e+01 3.623347640764447597e+00 1.652288462775959133e+01 1.580046817829075678e+01 2.051679721272216206e+00 -1.338857401310893813e+01 -1.779089242953672567e+01 -7.525874377298556794e+00 8.943696490373513441e+00 1.803982017334270793e+01 1.226338401342547257e+01 -3.623347640761391375e+00 -1.652288462776306943e+01 -1.580046817829791017e+01 -2.051679721277136270e+00 1.338857401311027218e+01 1.779089242954324135e+01 7.525874377304857532e+00
-9.084988253591930629e+00 -1.711831830986889003e+01 -1.103880183958707661e+01 4.141428461292521845e+00 1.590734298553220682e+01 1.455877475881631078e+01 1.207523203828163583e+00 -1.313924609679485300e+01 -1.665363336770413838e+01 -6.438274084450233303e+00 9.084988253591374630e+00 1.711831830987404501e+01 1.103880183959370775e+01 -4.141428461289899943e+00 -1.590734298553574355e+01 -1.455877475882310179e+01 -1.207523203832597147e+00 1.313924609679640199e+01 1.665363336771041247e+01 6.438274084456043767e+00
2.039758285888601108e+01 4.042842169881470937e+01 2.712887723716433896e+01 -8.536513796298864420e+00 -3.716415106807814084e+01 -3.515256602727517077e+01 -4.160168714061692974e+00 3.026199439292910753e+01 3.973527673230671553e+01 1.644962492509228014e+01 -2.039758285888418143e+01 -4.042842169882657544e+01 -2.712887723718015209e+01 8.536513796292179990e+00 3.716415106808607050e+01 3.515256602729120061e+01 4.160168714072580265e+00 -3.026199439293226590e+01 -3.973527673232136692e+01 -1.644962492510629914e+01
-4.509111142793607918e+00 -7.268487534106445658e+00 -4.035508415245561586e+00 2.524462870139579707e+00 7.003192505301958803e+00 5.708283677024123648e+00 -2.927025827887065335e-01 -6.052376199966751358e+00 -6.822292360544563117e+00 -1.967709472744780808e+00 4.509111142793690519e+00 7.268487534108826864e+00 4.035508415248282077e+00 -2.524462870138768800e+00 -7.003192505303720949e+00 -5.708283677027012004e+00 2.927025827870798347e-01 6.052376199967714143e+00 6.822292360547330681e+00 1.967709472747062982e+00
1.839926160930886212e+01 4.180114852503943013e+01 3.074093565450401400e+01 -5.663011286261101063e+00 -3.739820468976662227e+01 -3.830121507146139948e+01 -7.627574038008348545e+00 2.933446401084277966e+01 4.211230469696642587e+01 2.017151927100639242e+01 -1.839926160930565047e+01 -4.180114852505092671e+01 -3.074093565452076149e+01 5.663011286252940479e+00 3.739820468977375612e+01 3.830121507147796223e+01 7.627574038020661362e+00 -2.933446401084478339e+01 -4.211230469698116252e+01 -2.017151927102165132e+01
-6.726536209853426485e+00 -1.105756524599300050e+01 -6.272411345859939757e+00 3.683903475176315556e+00 1.060309961301587833e+01 8.780787687061774704e+00 -2.806646010833913074e-01 -9.110728713777096033e+00 -1.042963935010877385e+01 -3.150047679669504497e+00 6.726536209853486881e+00 1.105756524599658519e+01 6.272411345864098209e+00 -3.683903475175020148e+00 -1.060309961301850734e+01 -8.780787687066165859e+00 2.806646010808644398e-01 9.110728713778497578e+00 1.042963935011296428e+01 3.150047679673013690e+00
4.590123102460096582e+00 1.612990137613717012e+00 -2.693939472495167298e+00 -4.779905922616471514e+00 -2.925176944823841829e+00 1.341154185589739534e+00 4.501798247504072314e+00 3.951027051768504439e+00 1.429126173722150561e-01 -3.783023194052934635e+00 -4.590123102461872939e+00 -1.612990137615293529e+00 2.693939472495088250e+00 4.779905922617958325e+00 2.925176944825666592e+00 -1.341154185589076064e+00 -4.501798247505121253e+00 -3.951027051770403364e+00 -1.429126173733954452e-01 3.783023194053444893e+00
-6.388215380568166957e+00 -1.171784100999256317e+01 -7.386932888195445024e+00 3.033980587281691399e+00 1.095359097808781712e+01 9.842737885846750245e+00 6.172413648744681236e-01 -9.117127143091160235e+00 -1.133506712084397527e+01 -4.208043431663912592e+00 6.388215380567869417e+00 1.171784100999614431e+01 7.386932888199959635e+00 -3.033980587279974994e+00 -1.095359097809030757e+01 -9.842737885851402524e+00 -6.172413648774363049e-01 9.117127143092297104e+00 1.133506712084829893e+01 4.208043431667841894e+00
-1.182477662344698111e+01 -2.482983759440764260e+01 -1.736444808617420321e+01 4.416704595904986874e+00 2.255659573658632766e+01 2.210016403587386691e+01 3.423705250476244188e+00 -1.807535712702254216e+01 -2.467256194884481246e+01 -1.092897897258503193e+01 1.182477662344551206e+01 2.482983759441473381e+01 1.736444808618401936e+01 -4.416704595900554864e+00 -2.255659573659092132e+01 -2.210016403588370792e+01 -3.423705250483207063e+00 1.807535712702415154e+01 2.467256194885370135e+01 1.092897897259384266e+01
-1.765494154954704964e+00 -3.531156641285093656e+00 -2.385629439609450841e+00 7.266810372107517235e-01 3.239894233195814266e+00 3.082043061309306609e+00 3.832646835401288254e-01 -2.631488403890617445e+00 -3.476764834311478758e+00 -1.455693786704222559e+00 1.765494154954537320e+00 3.531156641286126163e+00 2.385629439610834623e+00 -7.266810372101604187e-01 -3.239894233196501272e+00 -3.082043061310706822e+00 -3.832646835410860042e-01 2.631488403890885230e+00 3.476764834312756403e+00 1.455693786705452020e+00
