-3.084345884808100458e+00 -1.223481172782555637e+00 3.840498834183629473e+00 -1.150077640497501941e+00 -3.129711762655077223e+00 3.084345884809025939e+00 1.223481172782205029e+00 -3.840498834184338239e+00 1.150077640498293974e+00 3.129711762655299712e+00 -3.084345884809951865e+00 -1.223481172781854420e+00 3.840498834185048338e+00 -1.150077640499082232e+00 -3.129711762655519092e+00 3.084345884810881344e+00 1.223481172781497595e+00 -3.840498834185757104e+00 1.150077640499864051e+00 3.129711762655744689e+00
-4.905040653087047176e+00 -1.749748750064502589e+00 5.986444852400058636e+00 -1.950077640495948339e+00 -4.781230589872640380e+00 4.905040653088486913e+00 1.749748750063918834e+00 -5.986444852401137773e+00 1.950077640497203335e+00 4.781230589872950354e+00 -4.905040653089926650e+00 -1.749748750063335523e+00 5.986444852402217798e+00 -1.950077640498453002e+00 -4.781230589873251446e+00 4.905040653091371716e+00 1.749748750062742442e+00 -5.986444852403296935e+00 1.950077640499692233e+00 4.781230589873565862e+00
3.062287570310272322e+00 -7.015668116846934810e-01 -2.628695435310400619e+00 2.326189936778491063e+00 1.191030990093324249e+00 -3.062287570310873619e+00 7.015668116852947778e-01 2.628695435310630213e+00 -2.326189936779235801e+00 -1.191030990093097763e+00 3.062287570311474916e+00 -7.015668116858949643e-01 -2.628695435310860695e+00 2.326189936779977430e+00 1.191030990092864172e+00 -3.062287570312076213e+00 7.015668116865005910e-01 2.628695435311093842e+00 -2.326189936780716394e+00 -1.191030990092640351e+00
7.265731755678498160e+00 1.249778406098357220e+00 -8.038137289053588930e+00 3.718063644775271293e+00 5.740247584247434531e+00 -7.265731755680408632e+00 -1.249778406097315608e+00 8.038137289054851919e+00 -3.718063644777101828e+00 -5.740247584247578416e+00 7.265731755682318216e+00 1.249778406096274885e+00 -8.038137289056122015e+00 3.718063644778924370e+00 5.740247584247709867e+00 -7.265731755684234905e+00 -1.249778406095220395e+00 8.038137289057390333e+00 -3.718063644780733590e+00 -5.740247584247860857e+00
5.688680772555267495e+00 1.762771741753839105e+00 -6.778133623367553540e+00 2.426345217776219698e+00 5.278569810341380730e+00 -5.688680772556891974e+00 -1.762771741753127230e+00 6.778133623368740146e+00 -2.426345217777669649e+00 -5.278569810341676494e+00 5.688680772558518228e+00 1.762771741752415799e+00 -6.778133623369926752e+00 2.426345217779112939e+00 5.278569810341964264e+00 -5.688680772560149812e+00 -1.762771741751692822e+00 6.778133623371113359e+00 -2.426345217780545127e+00 -5.278569810342265356e+00
1.093827424161077744e+01 3.435188602724168039e+00 -1.306133755586165712e+01 4.637161945334643320e+00 1.019541386230783964e+01 -1.093827424161390915e+01 -3.435188602722805129e+00 1.306133755586394685e+01 -4.637161945337432201e+00 -1.019541386230841873e+01 1.093827424161704265e+01 3.435188602721442663e+00 -1.306133755586624190e+01 4.637161945340208646e+00 1.019541386230898183e+01 -1.093827424162018680e+01 -3.435188602720058881e+00 1.306133755586853340e+01 -4.637161945342963776e+00 -1.019541386230957158e+01
-5.405764746863412906e-01 -9.435661446558941678e-01 1.123732422717501844e+00 2.490613131561899563e-01 -1.277660779530811475e+00 5.405764746866245085e-01 9.435661446559290289e-01 -1.123732422717806489e+00 -2.490613131560353577e-01 1.277660779531021085e+00 -5.405764746869077264e-01 -9.435661446559634458e-01 1.123732422718111579e+00 2.490613131558817028e-01 -1.277660779531230695e+00 5.405764746871928317e-01 9.435661446559966414e-01 -1.123732422718414892e+00 -2.490613131557303794e-01 1.277660779531440749e+00
-7.025657780865321556e+00 -2.801141952315145289e+00 8.756858714710064717e+00 -2.610894368056912995e+00 -7.143237254215640597e+00 7.025657780867431867e+00 2.801141952314348593e+00 -8.756858714711682978e+00 2.610894368058717330e+00 7.143237254216151300e+00 -7.025657780869543956e+00 -2.801141952313551453e+00 8.756858714713303016e+00 -2.610894368060513226e+00 -7.143237254216653120e+00 7.025657780871663149e+00 2.801141952312740990e+00 -8.756858714714921277e+00 2.610894368062294024e+00 7.143237254217170928e+00
-6.907091636208533281e+00 -3.548558813283728242e+00 9.100221593896668182e+00 -2.075687436900648386e+00 -7.817376207871410188e+00 6.907091636210740404e+00 3.548558813283049673e+00 -9.100221593898456973e+00 2.075687436902439398e+00 7.817376207872098526e+00 -6.907091636212947527e+00 -3.548558813282371105e+00 9.100221593900247541e+00 -2.075687436904222416e+00 -7.817376207872778870e+00 6.907091636215164421e+00 3.548558813281677882e+00 -9.100221593902032780e+00 2.075687436905989003e+00 7.817376207873473426e+00
-7.154711762644740958e+00 -3.577612795066031914e+00 9.365798068582879665e+00 -2.210768743086820365e+00 -7.999467844089845237e+00 7.154711762647011142e+00 3.577612795065316043e+00 -9.365798068584709313e+00 2.210768743088673549e+00 7.999467844090536239e+00 -7.154711762649281326e+00 -3.577612795064599283e+00 9.365798068586538960e+00 -2.210768743090517852e+00 -7.999467844091216584e+00 7.154711762651562168e+00 3.577612795063869200e+00 -9.365798068588365055e+00 2.210768743092346167e+00 7.999467844091913804e+00
-7.919098300551529412e+00 -3.350155281003651009e+00 9.989608131802599544e+00 -2.823762078743275339e+00 -8.244427190996695742e+00 7.919098300553940817e+00 3.350155281002778374e+00 -9.989608131804471824e+00 2.823762078745313708e+00 8.244427190997317467e+00 -7.919098300556354886e+00 -3.350155281001905738e+00 9.989608131806345881e+00 -2.823762078747341864e+00 -8.244427190997928534e+00 7.919098300558775172e+00 3.350155281001017116e+00 -9.989608131808216385e+00 2.823762078749353144e+00 8.244427190998557364e+00
1.806757947331997372e+01 5.901655779790003109e+00 -2.171500333513426995e+01 7.518954347141664663e+00 1.706803398874291133e+01 -1.806757947332518555e+01 -5.901655779787781775e+00 2.171500333513811043e+01 -7.518954347146276973e+00 -1.706803398874392386e+01 1.806757947333040093e+01 5.901655779785562217e+00 -2.171500333514195802e+01 7.518954347150867079e+00 1.706803398874491151e+01 -1.806757947333563408e+01 -5.901655779783306244e+00 2.171500333514579850e+01 -7.518954347155421658e+00 -1.706803398874593469e+01
-4.201722092681970722e+00 -1.425938686845801051e+00 5.083000667026493780e+00 -1.715528490215274982e+00 -4.022745751404892545e+00 4.201722092683191967e+00 1.425938686845291681e+00 -5.083000667027399722e+00 1.715528490216348789e+00 4.022745751405140346e+00 -4.201722092684412324e+00 -1.425938686844782310e+00 5.083000667028307440e+00 -1.715528490217417712e+00 -4.022745751405381931e+00 4.201722092685638899e+00 1.425938686844264724e+00 -5.083000667029214270e+00 1.715528490218477753e+00 4.022745751405633285e+00
1.823209163619400286e+01 6.542028989007675932e+00 -2.227528790678973536e+01 7.224856046579244406e+00 1.781008130617960106e+01 -1.823209163619936390e+01 -6.542028989005511441e+00 2.227528790679375703e+01 -7.224856046583911784e+00 -1.781008130618076279e+01 1.823209163620472140e+01 6.542028989003348727e+00 -2.227528790679778226e+01 7.224856046588556957e+00 1.781008130618188900e+01 -1.823209163621009665e+01 -6.542028989001148709e+00 2.227528790680180393e+01 -7.224856046593164827e+00 -1.781008130618306495e+01
-5.543237254211350162e+00 -1.962084304846095417e+00 6.755872043399515192e+00 -2.213274241620424743e+00 -5.387993335653757043e+00 5.543237254212974641e+00 1.962084304845433946e+00 -6.755872043400731108e+00 2.213274241621843164e+00 5.387993335654102545e+00 -5.543237254214598231e+00 -1.962084304844772475e+00 6.755872043401947913e+00 -2.213274241623254479e+00 -5.387993335654440052e+00 5.543237254216229815e+00 1.962084304844100346e+00 -6.755872043403163829e+00 2.213274241624655136e+00 5.387993335654790883e+00
1.592124957936290608e+00 -2.227937358729628614e-01 -1.454430856686330875e+00 1.121681439591879492e+00 7.611936024686511981e-01 -1.592124957936626783e+00 2.227937358732565709e-01 1.454430856686485196e+00 -1.121681439592269625e+00 -7.611936024685665991e-01 1.592124957936962959e+00 -2.227937358735500029e-01 -1.454430856686640405e+00 1.121681439592658425e+00 7.611936024684784474e-01 -1.592124957937299579e+00 2.227937358738462659e-01 1.454430856686796281e+00 -1.121681439593045226e+00 -7.611936024683954027e-01
-5.794630456461061563e+00 -2.097697766940171515e+00 7.091078974555441228e+00 -2.284830056245274577e+00 -5.678976341278857198e+00 5.794630456462767754e+00 2.097697766939486286e+00 -7.091078974556722869e+00 2.284830056246758723e+00 5.678976341279229345e+00 -5.794630456464473944e+00 -2.097697766938801056e+00 7.091078974558007175e+00 -2.284830056248235319e+00 -5.678976341279593498e+00 5.794630456466186352e+00 2.097697766938104280e+00 -7.091078974559289705e+00 2.284830056249699926e+00 5.678976341279970974e+00
-1.186352549154628022e+01 -4.227487170098894076e+00 1.447625624967272273e+01 -4.719331222052820962e+00 -1.155954915027617247e+01 1.186352549154976188e+01 4.227487170097481872e+00 -1.447625624967533042e+01 4.719331222055856756e+00 1.155954915027691854e+01 -1.186352549155324354e+01 -4.227487170096070557e+00 1.447625624967794522e+01 -4.719331222058878339e+00 -1.155954915027764685e+01 1.186352549155673763e+01 4.227487170094635260e+00 -1.447625624968055469e+01 4.719331222061875941e+00 1.155954915027840535e+01
-2.090779740153397182e+00 -4.651219592824110127e-01 2.378240919904063500e+00 -1.004711762654279195e+00 -1.757294901686992539e+00 2.090779740153964283e+00 4.651219592821252413e-01 -2.378240919904453854e+00 1.004711762654808105e+00 1.757294901687058708e+00 -2.090779740154531385e+00 -4.651219592818396364e-01 2.378240919904844652e+00 -1.004711762655334795e+00 -1.757294901687121325e+00 2.090779740155100264e+00 4.651219592815500348e-01 -2.378240919905235895e+00 1.004711762655857710e+00 1.757294901687189270e+00
-1.339336287916829349e+01 -6.302487170098896030e+00 1.728851416395105289e+01 -4.382402198207794974e+00 -1.458004065308728592e+01 1.339336287917247681e+01 6.302487170097503366e+00 -1.728851416395437823e+01 4.382402198211256206e+00 1.458004065308848674e+01 -1.339336287917666191e+01 -6.302487170096111591e+00 1.728851416395770713e+01 -4.382402198214700562e+00 -1.458004065308966979e+01 1.339336287918086299e+01 6.302487170094692281e+00 -1.728851416396102891e+01 4.382402198218114719e+00 1.458004065309088126e+01
