5.719032051736956390e-01 -1.264417523464742033e+01 -2.462255370535213927e+01 -3.419070506395763687e+01 -4.041203199025309800e+01 -4.267754765815918461e+01 -4.076548760932546855e+01 -3.486301760343750544e+01 -2.554791252959833159e+01 -1.373199977458872567e+01 -5.719032051740748912e-01 1.264417523464692295e+01 2.462255370535157084e+01 3.419070506395705422e+01 4.041203199025255088e+01 4.267754765815874407e+01 4.076548760932517013e+01 3.486301760343736333e+01 2.554791252959837422e+01 1.373199977458895127e+01
-1.221277853408861347e+01 -3.052462950653975682e+01 -4.584851706529127569e+01 -5.668443232828988698e+01 -6.197168041133225813e+01 -6.119270863362665835e+01 -5.442376818019047846e+01 -4.232745010458736346e+01 -2.608782630006114900e+01 -7.294544292711175437e+00 1.221277853408793490e+01 3.052462950653895035e+01 4.584851706529041593e+01 5.668443232828906275e+01 6.197168041133154048e+01 6.119270863362614676e+01 5.442376818019020135e+01 4.232745010458733503e+01 2.608782630006138703e+01 7.294544292711660383e+00
-1.179257068420172416e+01 -2.750409224107099604e+01 -4.052332161710535274e+01 -4.957584593067362277e+01 -5.377554102931809865e+01 -5.271131149578712183e+01 -4.648733153174591592e+01 -3.571284766109315711e+01 -2.144254143533168389e+01 -5.073289854908960450e+00 1.179257068420112908e+01 2.750409224107029615e+01 4.052332161710460667e+01 4.957584593067291223e+01 5.377554102931748048e+01 5.271131149578668840e+01 4.648733153174568855e+01 3.571284766109315001e+01 2.144254143533191126e+01 5.073289854909393881e+00
3.441847710841078367e+01 6.868775942668192158e+01 9.623340527650859144e+01 1.143590549203099158e+02 1.212904434821236350e+02 1.163490783556955535e+02 1.000186547881158106e+02 7.389770841893056286e+01 4.054313947409056595e+01 3.219925556863728389e+00 -3.441847710840938390e+01 -6.868775942668031576e+01 -9.623340527650692877e+01 -1.143590549203083668e+02 -1.212904434821223276e+02 -1.163490783556946724e+02 -1.000186547881153984e+02 -7.389770841893066233e+01 -4.054313947409116992e+01 -3.219925556864790650e+00
-7.348016739196422620e+00 -1.400851033579982996e+01 -1.929775333770444945e+01 -2.269799778756090447e+01 -2.387640406772111490e+01 -2.271762156104365360e+01 -1.933507997299460257e+01 -1.405988604176524426e+01 -7.408412503781633518e+00 -3.175193248280727687e-02 7.348016739196142844e+00 1.400851033579951022e+01 1.929775333770411905e+01 2.269799778756060249e+01 2.387640406772086266e+01 2.271762156104349017e+01 1.933507997299453507e+01 1.405988604176527090e+01 7.408412503781761416e+00 3.175193248302310423e-02
2.403606363302564120e+01 5.751642985583134760e+01 8.536668718381737619e+01 1.048606583855676462e+02 1.140901377373709380e+02 1.121516794947088442e+02 9.923503345640598639e+01 7.660457093225623737e+01 4.647551926982729498e+01 1.179711996728431878e+01 -2.403606363302437998e+01 -5.751642985582986256e+01 -8.536668718381579879e+01 -1.048606583855661398e+02 -1.140901377373696164e+02 -1.121516794947079347e+02 -9.923503345640550322e+01 -7.660457093225620895e+01 -4.647551926982775683e+01 -1.179711996728523182e+01
-1.064155943537610227e+01 -2.066468354817214248e+01 -2.866500445595663393e+01 -3.385939500676219893e+01 -3.573939206202893359e+01 -3.412096841127760882e+01 -2.916254663766443400e+01 -2.134949161174658272e+01 -1.144659959621620615e+01 -4.232346590592426239e-01 1.064155943537568305e+01 2.066468354817166642e+01 2.866500445595614366e+01 3.385939500676174418e+01 3.573939206202854990e+01 3.412096841127736013e+01 2.916254663766432387e+01 2.134949161174661825e+01 1.144659959621639445e+01 4.232346590595623681e-01
3.410723799604702577e+01 2.917930976670960419e+01 2.139510739320097343e+01 1.151660283956723774e+01 5.107729591064273933e-01 -1.054505493735615573e+01 -2.056865938483232270e+01 -2.857886014144433418e+01 -3.379156294678460881e+01 -3.569651213123040634e+01 -3.410723799604676998e+01 -2.917930976670948695e+01 -2.139510739320101251e+01 -1.151660283956741893e+01 -5.107729591067444730e-01 1.054505493735574007e+01 2.056865938483185374e+01 2.857886014144384035e+01 3.379156294678415406e+01 3.569651213123003686e+01
-3.278771165302292623e+00 -1.311099083310967472e+01 -2.165981536852765998e+01 -2.808842626286660860e+01 -3.176754629102277860e+01 -3.233703755070369823e+01 -2.974115426953289543e+01 -2.423399958965370971e+01 -1.635465218173560231e+01 -6.874397468707108771e+00 3.278771165301967550e+00 1.311099083310927149e+01 2.165981536852721234e+01 2.808842626286616806e+01 3.176754629102237715e+01 3.233703755070339270e+01 2.974115426953271069e+01 2.423399958965364931e+01 1.635465218173568758e+01 6.874397468707327263e+00
-1.663388763902622713e+01 -4.010411237359746650e+01 -5.964866716725969553e+01 -7.335439482188874649e+01 -7.987968322122986820e+01 -7.858579167239787466e+01 -6.959937529526504818e+01 -5.380008713686968491e+01 -3.273447160226898944e+01 -8.464577912763539658e+00 1.663388763902534606e+01 4.010411237359642911e+01 5.964866716725858709e+01 7.335439482188770910e+01 7.987968322122895870e+01 7.858579167239722096e+01 6.959937529526469291e+01 5.380008713686966360e+01 3.273447160226930919e+01 8.464577912764175593e+00
-5.833267785449618437e-01 -2.907822112478571697e+00 -4.947679558054805860e+00 -6.503223655978123574e+00 -7.422186911830769063e+00 -7.614614799336387740e+00 -7.061671136142007477e+00 -5.817481900586130905e+00 -4.003837003821108631e+00 -1.798268644749333234e+00 5.833267785448872367e-01 2.907822112478478438e+00 4.947679558054701054e+00 6.503223655978020545e+00 7.422186911830674028e+00 7.614614799336315798e+00 7.061671136141961291e+00 5.817481900586115806e+00 4.003837003821125506e+00 1.798268644749382084e+00
1.053142180073443690e+01 -2.254016522484210583e+01 -5.340536383164538847e+01 -7.904287332955757961e+01 -9.694311566189088580e+01 -1.053538903908345929e+02 -1.034518922846064015e+02 -9.142330216984397850e+01 -7.044556225509558089e+01 -4.257211988372526434e+01 -1.053142180073527889e+01 2.254016522484094054e+01 5.340536383164399581e+01 7.904287332955613010e+01 9.694311566188947893e+01 1.053538903908334277e+02 1.034518922846055489e+02 9.142330216984349534e+01 7.044556225509556668e+01 4.257211988372571199e+01
-5.879059102467928177e+00 -1.229645585962671106e+01 -1.751018984279948398e+01 -2.100990444349260855e+01 -2.245302321264481904e+01 -2.169828363033179386e+01 -1.881956486545023211e+01 -1.409865596791975939e+01 -7.997672393137071012e+00 -1.113820921453992696e+00 5.879059102467672382e+00 1.229645585962641441e+01 1.751018984279917134e+01 2.100990444349231723e+01 2.245302321264457035e+01 2.169828363033162688e+01 1.881956486545015039e+01 1.409865596791977183e+01 7.997672393137177593e+00 1.113820921454183654e+00
-6.133999183537186539e+00 -1.171105721761472296e+01 -1.614175537549855832e+01 -1.899238605100573452e+01 -1.998390965210581172e+01 -1.901926894037196547e+01 -1.619288966971576471e+01 -1.178143753569136543e+01 -6.216736209571426919e+00 -4.349742871052786342e-02 6.133999183536950284e+00 1.171105721761445828e+01 1.614175537549828476e+01 1.899238605100548227e+01 1.998390965210559855e+01 1.901926894037182691e+01 1.619288966971570787e+01 1.178143753569138852e+01 6.216736209571532612e+00 4.349742871070816363e-02
8.923995305381676957e+00 -3.553644845709195010e+01 -7.651833704758993804e+01 -1.100100776732665366e+02 -1.327332654110023498e+02 -1.424635963232692291e+02 -1.382485978251727374e+02 -1.205008633373279565e+02 -9.095766476714237569e+01 -5.251089623023389663e+01 -8.923995305382863563e+00 3.553644845709033717e+01 7.651833704758803378e+01 1.100100776732645613e+02 1.327332654110004455e+02 1.424635963232676943e+02 1.382485978251716574e+02 1.205008633373273881e+02 9.095766476714241833e+01 5.251089623023457165e+01
2.051017701522708947e+01 9.866560310861748562e+00 -1.742864061098657658e+00 -1.318168475551075325e+01 -2.333019030385531067e+01 -3.119497427426443181e+01 -3.600617681454243524e+01 -3.729284389842770508e+01 -3.492902758701283261e+01 -2.914611469053580706e+01 -2.051017701522716052e+01 -9.866560310861970606e+00 1.742864061098298833e+00 1.318168475551030205e+01 2.333019030385479908e+01 3.119497427426392733e+01 3.600617681454198049e+01 3.729284389842733560e+01 3.492902758701259103e+01 2.914611469053572534e+01
-6.923960324374359487e+00 -7.047786199739232593e+00 -6.481725657059753232e+00 -5.281188646229102446e+00 -3.563692094500588325e+00 -1.497356530859520696e+00 7.155507227184778607e-01 2.858414886021747314e+00 4.721477484533621372e+00 6.122368970391353749e+00 6.923960324374274222e+00 7.047786199739165980e+00 6.481725657059712375e+00 5.281188646229090011e+00 3.563692094500606089e+00 1.497356530859568213e+00 -7.155507227184072505e-01 -2.858414886021658052e+00 -4.721477484533524560e+00 -6.122368970391258713e+00
-2.556807361207832940e+01 -5.812847810280487693e+01 -8.499886215190710459e+01 -1.035489653516846005e+02 -1.119629743547743885e+02 -1.094172673361061072e+02 -9.616103583565087831e+01 -7.349189215426906685e+01 -4.362885002070574814e+01 -9.495112067043320891e+00 2.556807361207707885e+01 5.812847810280340610e+01 8.499886215190552718e+01 1.035489653516831368e+02 1.119629743547731096e+02 1.094172673361052261e+02 9.616103583565040935e+01 7.349189215426906685e+01 4.362885002070622420e+01 9.495112067044237492e+00
-2.251268792040133349e+01 -5.407700808629992650e+01 -8.034789392404115915e+01 -9.875376808780231386e+01 -1.074929353731684358e+02 -1.057099451968889952e+02 -9.357932906024137765e+01 -7.228851618965309456e+01 -4.392159969071325065e+01 -1.125533099426707473e+01 2.251268792040014688e+01 5.407700808629851963e+01 8.034789392403966701e+01 9.875376808780089277e+01 1.074929353731671853e+02 1.057099451968881141e+02 9.357932906024092290e+01 7.228851618965306614e+01 4.392159969071368408e+01 1.125533099426793271e+01
-7.221680663379492771e+00 -4.475176524922444088e+01 -7.790123524859228610e+01 -1.034251895720063459e+02 -1.188251657344441554e+02 -1.225937067711830650e+02 -1.143619216285778464e+02 -9.493559479060627382e+01 -6.621631047934691594e+01 -3.101531234220572131e+01 7.221680663378313270e+00 4.475176524922294874e+01 7.790123524859062343e+01 1.034251895720046974e+02 1.188251657344426064e+02 1.225937067711818713e+02 1.143619216285770790e+02 9.493559479060598960e+01 6.621631047934715752e+01 3.101531234220648159e+01
