1.003446497613011346e+01 -2.479936529528822931e+00 -7.119124738771310135e+00 1.084896959088971791e+01 -5.634603917420007768e+00 -4.225095420549537906e+00 1.060150147287445321e+01 -8.237717015277384647e+00 -9.174843245941568526e-01 9.316284525688015350e+00 -1.003446497612695509e+01 2.479936529540183177e+00 7.119124738754813997e+00 -1.084896959088167456e+01 5.634603917427067898e+00 4.225095420533198087e+00 -1.060150147286231004e+01 8.237717015279420352e+00 9.174843245796285851e-01 -9.316284525672967831e+00
-3.085194593827285114e+00 5.283940098184667367e-01 2.464030181084747806e+00 -3.425035213108971188e+00 1.562340192611754164e+00 1.588394164546285570e+00 -3.429609522107114561e+00 2.443353631887148047e+00 5.572750601892411115e-01 -3.098469755586064522e+00 3.085194593826680709e+00 -5.283940098223741666e-01 -2.464030181079555959e+00 3.425035213106771170e+00 -1.562340192614366741e+00 -1.588394164541016451e+00 3.429609522103533870e+00 -2.443353631888198318e+00 -5.572750601844274065e-01 3.098469755581454876e+00
-4.284688653109161471e+00 1.358208802101291690e-01 4.125021632426626894e+00 -4.985074642066130934e+00 1.735285079941901287e+00 2.945124685039075541e+00 -5.197486791998880307e+00 3.164887485605698103e+00 1.476938413589595545e+00 -4.901132721709725359e+00 4.284688653109259171e+00 -1.358208802166153140e-01 -4.125021632419109352e+00 4.985074642063773709e+00 -1.735285079946658371e+00 -2.945124685031130340e+00 5.197486791994297306e+00 -3.164887485608240958e+00 -1.476938413582024490e+00 4.901132721703367778e+00
2.362125548005323150e+00 -1.035701191497959250e+00 -1.144585775716326692e+00 2.381242469397499395e+00 -1.654732635572840449e+00 -4.359875900433803908e-01 2.167266786792674260e+00 -2.111787320076984997e+00 3.152880986469078772e-01 1.741143930860620026e+00 -2.362125548003871867e+00 1.035701191499832863e+00 1.144585775712675169e+00 -2.381242469395078221e+00 1.654732635573649357e+00 4.359875900400080884e-01 -2.167266786789520783e+00 2.111787320076643937e+00 -3.152880986496583993e-01 -1.741143930857045108e+00
7.191237167790390572e+00 -1.932818365612048339e+00 -4.919072906455359551e+00 7.715535384344105907e+00 -4.151082918462697613e+00 -2.835644743311219518e+00 7.484583240180305630e+00 -5.963010552956856003e+00 -4.746439155935588960e-01 6.520987940308389241e+00 -7.191237167787883244e+00 1.932818365619914047e+00 4.919072906443616944e+00 -7.715535384338160441e+00 4.151082918467463578e+00 2.835644743299673198e+00 -7.484583240171502005e+00 5.963010552958031951e+00 4.746439155833775958e-01 -6.520987940297594321e+00
7.089926357519149569e+00 -1.673375938123283113e+00 -5.122754961577873800e+00 7.695535573170678489e+00 -3.923889675227466789e+00 -3.082726607726150370e+00 7.547852148969188768e+00 -5.790305751571461990e+00 -7.409394948913221590e-01 6.661332367446862968e+00 -7.089926357517041033e+00 1.673375938131449470e+00 5.122754961566177379e+00 -7.695535573165087406e+00 3.923889675232604457e+00 3.082726607714522782e+00 -7.547852148960661367e+00 5.790305751573042059e+00 7.409394948809402415e-01 -6.661332367436236801e+00
1.163476821881056189e+01 -2.456764824037356298e+00 -8.746667954968184944e+00 1.273908968529679520e+01 -6.229030134331881463e+00 -5.416425587202620129e+00 1.259642029492598070e+01 -9.391554574869839911e+00 -1.555985744506060309e+00 1.122072552166438264e+01 -1.163476821880755452e+01 2.456764824051270502e+00 8.746667954948842194e+00 -1.273908968528795604e+01 6.229030134340857394e+00 5.416425587183235635e+00 -1.259642029491217308e+01 9.391554574872959193e+00 1.555985744488594946e+00 -1.122072552164696546e+01
-4.231114960994513674e-01 4.235293085983698469e-01 -7.477706691616417545e-02 -3.356235943122727328e-01 4.693262650324785956e-01 -2.161025198870325792e-01 -2.152825166866984274e-01 4.691822966567181785e-01 -3.362743525364497721e-01 -7.386808636635308623e-02 4.231114960988185403e-01 -4.235293085982838046e-01 7.477706691669622208e-02 3.356235943115613019e-01 -4.693262650321742280e-01 2.161025198873869624e-01 2.152825166859781425e-01 -4.691822966562252950e-01 3.362743525365898267e-01 7.386808636569550113e-02
-6.898532407704004221e+00 1.065965946103585305e+00 5.645414282571359799e+00 -7.702548462857476963e+00 3.409474500501779026e+00 3.694470803931432457e+00 -7.752585407653609373e+00 5.419239935583268775e+00 1.381886782111211520e+00 -7.043745277308238073e+00 6.898532407702833602e+00 -1.065965946112527263e+00 -5.645414282559690911e+00 7.702548462852693234e+00 -3.409474500507838179e+00 -3.694470803919529089e+00 7.752585407645677051e+00 -5.419239935585825840e+00 -1.381886782100276712e+00 7.043745277297939644e+00
-7.094739729449293542e+00 1.503023140319805773e-01 6.918048762301213905e+00 -8.282956388274387294e+00 2.819150458519660951e+00 4.968846261249849405e+00 -8.660379565062207519e+00 5.212040513949258269e+00 2.533258468159682586e+00 -8.190064449607204367e+00 7.094739729449572430e+00 -1.503023140428525473e-01 -6.918048762288727005e+00 8.282956388270571679e+00 -2.819150458527677650e+00 -4.968846261236615547e+00 8.660379565054670437e+00 -5.212040513953605014e+00 -2.533258468147035813e+00 8.190064449596683005e+00
-1.009556442255780340e+01 2.089413642402467186e+00 7.639311372670129607e+00 -1.106996276745426400e+01 5.374210343605112961e+00 4.752199602074327345e+00 -1.096075602770358870e+01 8.132941892047652388e+00 1.399909423906371408e+00 -9.778634119881253639e+00 1.009556442255525965e+01 -2.089413642414615246e+00 -7.639311372653324383e+00 1.106996276744664520e+01 -5.374210343612981333e+00 -4.752199602057462613e+00 1.096075602769163737e+01 -8.132941892050434163e+00 -1.399909423891153804e+00 9.778634119866143948e+00
-7.942469260466272551e+00 2.937010079499469573e+00 4.489806839336349498e+00 -8.215094571107021792e+00 5.167616030834613738e+00 2.140197586235584204e+00 -7.683569187196404471e+00 6.892379720171423862e+00 -4.189091182385942247e-01 -6.399922516667230887e+00 7.942469260462246439e+00 -2.937010079506735760e+00 -4.489806839323791543e+00 8.215094571099516685e+00 -5.167616030838363628e+00 -2.140197586223673731e+00 7.683569187186156668e+00 -6.892379720171266655e+00 4.189091182486508469e-01 6.399922516655250249e+00
1.730429451478763880e+01 -3.835561319508788536e+00 -1.279532175904284763e+01 1.887736417611423079e+01 -9.396350770709714695e+00 -7.831291359329683566e+00 1.860258590554785485e+01 -1.403735994024333777e+01 -2.100679597550855870e+00 1.650685691470533811e+01 -1.730429451478288172e+01 3.835561319529160240e+00 1.279532175901417368e+01 -1.887736417610087614e+01 9.396350770722721180e+00 7.831291359301045141e+00 -1.860258590552720293e+01 1.403735994024764544e+01 2.100679597525148878e+00 -1.650685691467942107e+01
-3.682936174640249138e+00 6.764402166698162411e-01 2.887733007807466112e+00 -4.071173965764834257e+00 1.898219025380717184e+00 1.839683668284392226e+00 -4.060896883582353567e+00 2.934186930216697409e+00 6.115532734799594694e-01 -3.653110920501674741e+00 3.682936174639456439e+00 -6.764402166743999079e-01 -2.887733007801291940e+00 4.071173965762155511e+00 -1.898219025383749425e+00 -1.839683668278150108e+00 4.060896883578048566e+00 -2.934186930217868028e+00 -6.115532734742807897e-01 3.653110920496168923e+00
1.867475171936543532e+01 -3.226477415483246070e+00 -1.488180003601035395e+01 2.072108259294923371e+01 -9.477293483334040758e+00 -9.579855910642113059e+00 2.073908953005805600e+01 -1.480040603284445311e+01 -3.340168741959948839e+00 1.872700988622701246e+01 -1.867475171936173339e+01 3.226477415506848967e+00 1.488180003597894085e+01 -2.072108259293588972e+01 9.477293483349800596e+00 9.579855910610250547e+00 -2.073908953003636313e+01 1.480040603285075740e+01 3.340168741930853002e+00 -1.872700988619911300e+01
-5.113789014890528506e+00 8.182982461899568349e-02 5.017592286672201141e+00 -5.980363320864286791e+00 2.012746440039015816e+00 3.614237972744843930e+00 -6.261537997348779250e+00 3.746641410277558037e+00 1.857096864168481964e+00 -5.929789707950780198e+00 5.113789014890770090e+00 -8.182982462687893310e-02 -5.017592286663188794e+00 5.980363320861567189e+00 -2.012746440044844931e+00 -3.614237972735276916e+00 6.261537997343362250e+00 -3.746641410280739937e+00 -1.857096864159326621e+00 5.929789707943196930e+00
2.160845240414078994e+00 -1.257513297549326836e+00 -6.825496986912373831e-01 2.059898591243947141e+00 -1.739006327611562597e+00 -1.557404521667671293e-02 1.757314715805064154e+00 -2.050273301957024508e+00 6.529261043141132426e-01 1.282712632051383084e+00 -2.160845240412265333e+00 1.257513297550491682e+00 6.825496986880562611e-01 -2.059898591241370536e+00 1.739006327611717140e+00 1.557404521391714258e-02 -1.757314715801976845e+00 2.050273301956150540e+00 -6.529261043161700417e-01 -1.282712632048090606e+00
-5.734327105363584032e+00 9.525934257437342900e-01 4.614486371196646175e+00 -6.377247497532059661e+00 2.882417687341659374e+00 2.988762282397869452e+00 -6.395918471744399092e+00 4.530090822716064558e+00 1.070477317466882017e+00 -5.788512382956689351e+00 5.734327105362507560e+00 -9.525934257510493275e-01 -4.614486371186981017e+00 6.377247497528006015e+00 -2.882417687346571000e+00 -2.988762282388044866e+00 6.395918471737763511e+00 -4.530090822718069177e+00 -1.070477317457891431e+00 5.788512382948124646e+00
-1.215374520242024303e+01 2.098529364036120448e+00 9.686775979051690300e+00 -1.348601748953192114e+01 6.166988405961828512e+00 6.236287817362931918e+00 -1.349818442215572212e+01 9.631779654773835020e+00 2.175348353338926621e+00 -1.218905501615510190e+01 1.215374520241783607e+01 -2.098529364051483714e+00 -9.686775979031246209e+00 1.348601748952323653e+01 -6.166988405972088749e+00 -6.236287817342192064e+00 1.349818442214160541e+01 -9.631779654777941957e+00 -2.175348353319988881e+00 1.218905501613694398e+01
-2.859834735482604362e+00 1.422139646910784538e+00 1.188009313172800674e+00 -2.818728354648833534e+00 2.125604600990123494e+00 3.199302813140906254e-01 -2.501705203226202379e+00 2.621000566765644191e+00 -5.794657555646156588e-01 -1.939797716106346437e+00 2.859834735480583756e+00 -1.422139646912754962e+00 -1.188009313168465919e+00 2.818728354645706258e+00 -2.125604600990785187e+00 -3.199302813101843057e-01 2.501705203222274854e+00 -2.621000566764926099e+00 5.794657555676966387e-01 1.939797716102006131e+00
