-6.104853739611082020e+00 -1.466063487016054800e+01 -1.112975619223958290e+01 1.576821767341934466e+00 1.298342135291451882e+01 1.368610542374315031e+01 3.105560505878196764e+00 -1.003530009282897595e+01 -1.490276329966690305e+01 -7.483948879070768001e+00 6.104853739609758634e+00 1.466063487016144684e+01 1.112975619224195967e+01 -1.576821767340034208e+00 -1.298342135291466093e+01 -1.368610542374522154e+01 -3.105560505880487376e+00 1.003530009282835778e+01 1.490276329966846980e+01 7.483948879073246019e+00
-8.943696490380794728e+00 -1.803982017334410060e+01 -1.226338401341945250e+01 3.623347640769557731e+00 1.652288462776593292e+01 1.580046817829257044e+01 2.051679721268064860e+00 -1.338857401311497952e+01 -1.779089242953902072e+01 -7.525874377295044937e+00 8.943696490379437591e+00 1.803982017334544707e+01 1.226338401342238882e+01 -3.623347640767446531e+00 -1.652288462776638767e+01 -1.580046817829522077e+01 -2.051679721270723178e+00 1.338857401311450879e+01 1.779089242954112748e+01 7.525874377298019446e+00
-9.084988253598146102e+00 -1.711831830987529912e+01 -1.103880183958808203e+01 4.141428461297455677e+00 1.590734298553832282e+01 1.455877475881808358e+01 1.207523203824216518e+00 -1.313924609680063327e+01 -1.665363336770638014e+01 -6.438274084446957701e+00 9.084988253596971930e+00 1.711831830987667757e+01 1.103880183959087269e+01 -4.141428461295546981e+00 -1.590734298553887172e+01 -1.455877475882063798e+01 -1.207523203826671887e+00 1.313924609680030997e+01 1.665363336770845493e+01 6.438274084449748358e+00
2.039758285890012601e+01 4.042842169883015657e+01 2.712887723716759325e+01 -8.536513796309836977e+00 -3.716415106809266433e+01 -3.515256602728010193e+01 -4.160168714053106953e+00 3.026199439294265758e+01 3.973527673231259882e+01 1.644962492508528484e+01 -2.039758285889715239e+01 -4.042842169883324033e+01 -2.712887723717417643e+01 8.536513796305161605e+00 3.716415106809375857e+01 3.515256602728606339e+01 4.160168714059023998e+00 -3.026199439294167703e+01 -3.973527673231736657e+01 -1.644962492509193197e+01
-4.509111142796599303e+00 -7.268487534109099535e+00 -4.035508415245582903e+00 2.524462870142052395e+00 7.003192505304592252e+00 5.708283677024565961e+00 -2.927025827907527855e-01 -6.052376199969317305e+00 -6.822292360545291423e+00 -1.967709472743047971e+00 4.509111142796225380e+00 7.268487534109796755e+00 4.035508415246773950e+00 -2.524462870141345405e+00 -7.003192505304953741e+00 -5.708283677025696612e+00 2.927025827897831167e-01 6.052376199969311976e+00 6.822292360546255097e+00 1.967709472744198385e+00
1.839926160932191834e+01 4.180114852505558787e+01 3.074093565450900556e+01 -5.663011286270832834e+00 -3.739820468978138734e+01 -3.830121507146770199e+01 -7.627574038001018408e+00 2.933446401085623023e+01 4.211230469697333234e+01 2.017151927100055531e+01 -1.839926160931833721e+01 -4.180114852505832346e+01 -3.074093565451578414e+01 5.663011286265572153e+00 3.739820468978199131e+01 3.830121507147367765e+01 7.627574038007437274e+00 -2.933446401085467059e+01 -4.211230469697792245e+01 -2.017151927100756836e+01
-6.726536209857866488e+00 -1.105756524599727442e+01 -6.272411345860357201e+00 3.683903475179869158e+00 1.060309961302002613e+01 8.780787687062813873e+00 -2.806646010862183793e-01 -9.110728713781035992e+00 -1.042963935011020737e+01 -3.150047679667206779e+00 6.726536209857272297e+00 1.105756524599831536e+01 6.272411345862168197e+00 -3.683903475178773146e+00 -1.060309961302055015e+01 -8.780787687064524505e+00 2.806646010847282380e-01 9.110728713780998689e+00 1.042963935011165511e+01 3.150047679668963596e+00
4.590123102462137616e+00 1.612990137613625752e+00 -2.693939472497176801e+00 -4.779905922618552516e+00 -2.925176944824196656e+00 1.341154185591310277e+00 4.501798247506083150e+00 3.951027051769167020e+00 1.429126173710154601e-01 -3.783023194054834004e+00 -4.590123102462738025e+00 -1.612990137614391362e+00 2.693939472496881482e+00 4.779905922618965519e+00 2.925176944824981362e+00 -1.341154185590806458e+00 -4.501798247506270556e+00 -3.951027051769893994e+00 -1.429126173716795956e-01 3.783023194054769167e+00
-6.388215380572757951e+00 -1.171784100999706091e+01 -7.386932888195935298e+00 3.033980587285404873e+00 1.095359097809220117e+01 9.842737885847864021e+00 6.172413648714611956e-01 -9.117127143095371977e+00 -1.133506712084550827e+01 -4.208043431661422140e+00 6.388215380571987012e+00 1.171784100999803613e+01 7.386932888197845770e+00 -3.033980587284125896e+00 -1.095359097809261151e+01 -9.842737885849624391e+00 -6.172413648731229774e-01 9.117127143095183683e+00 1.133506712084695067e+01 4.208043431663322842e+00
-1.182477662345539038e+01 -2.482983759441691873e+01 -1.736444808617617852e+01 4.416704595911570053e+00 2.255659573659504957e+01 2.210016403587678369e+01 3.423705250471012818e+00 -1.807535712703072051e+01 -2.467256194884827991e+01 -1.092897897258067630e+01 1.182477662345343283e+01 2.482983759441869509e+01 1.736444808618021440e+01 -4.416704595908586661e+00 -2.255659573659558603e+01 -2.210016403588039324e+01 -3.423705250474725403e+00 1.807535712702997444e+01 2.467256194885112208e+01 1.092897897258479567e+01
-1.765494154955852046e+00 -3.531156641286289588e+00 -2.385629439609640023e+00 7.266810372116691008e-01 3.239894233196940476e+00 3.082043061309609033e+00 3.832646835393707097e-01 -2.631488403891682815e+00 -3.476764834311844687e+00 -1.455693786703555537e+00 1.765494154955589146e+00 3.531156641286556486e+00 2.385629439610214675e+00 -7.266810372112583183e-01 -3.239894233197032403e+00 -3.082043061310128618e+00 -3.832646835398894058e-01 2.631488403891593553e+00 3.476764834312259467e+00 1.455693786704137072e+00
-1.257315790785223797e+01 -2.930052011218998587e+01 -2.187166930503704876e+01 3.588830791152323396e+00 2.609059292906248473e+01 2.708250070338688786e+01 5.746796088240607503e+00 -2.032673672618736660e+01 -2.964230823801082693e+01 -1.451988652623412790e+01 1.257315790784966225e+01 2.930052011219184394e+01 2.187166930504179874e+01 -3.588830791148584165e+00 -2.609059292906284000e+01 -2.708250070339105164e+01 -5.746796088245144318e+00 2.032673672618620486e+01 2.964230823801400305e+01 1.451988652623906262e+01
-2.757603764735497620e+00 -4.210379677242632290e+00 -2.191994396934914935e+00 1.633535717990484137e+00 4.112330805190613781e+00 3.200799081687769387e+00 -3.495658136558604800e-01 -3.611738341632904525e+00 -3.896287251046442357e+00 -9.686220280877170241e-01 2.757603764735308882e+00 4.210379677243061280e+00 2.191994396935605494e+00 -1.633535717990098002e+00 -4.112330805190851812e+00 -3.200799081688435077e+00 3.495658136553151385e-01 3.611738341632930727e+00 3.896287251047019229e+00 9.686220280883754974e-01
1.059643753608202177e+00 7.075940836021670233e-01 -2.278170197066761715e-01 -9.754090524118030903e-01 -9.188450922138193810e-01 -1.047581362774105962e-01 7.956945170908187315e-01 1.040153141229367417e+00 4.270788359898251008e-01 -5.380918585072620441e-01 -1.059643753608283667e+00 -7.075940836023404401e-01 2.278170197065549352e-01 9.754090524118329553e-01 9.188450922139763666e-01 1.047581362775644731e-01 -7.956945170907937515e-01 -1.040153141229492650e+00 -4.270788359899967412e-01 5.380918585071831073e-01
-1.651349787887895104e+01 -3.834932210762816140e+01 -2.856883406167708728e+01 4.764643434338599270e+00 3.417000834795053521e+01 3.540461052093446881e+01 7.450607506778434086e+00 -2.664589609472693255e+01 -3.877473702397563926e+01 -1.893654107369749084e+01 1.651349787887559373e+01 3.834932210763060567e+01 2.856883406168330453e+01 -4.764643434333714289e+00 -3.417000834795101127e+01 -3.540461052093992578e+01 -7.450607506784364453e+00 2.664589609472542620e+01 3.877473702397981015e+01 1.893654107370394613e+01
-1.560755467194003820e+00 -1.184955619938923554e+01 -1.236923329323004062e+01 -2.691349624462305634e+00 9.205362057186512459e+00 1.351290174291652590e+01 6.680006663140940937e+00 -5.660082939297145899e+00 -1.333383322008344507e+01 -1.001477810728819762e+01 1.560755467192293189e+00 1.184955619938938831e+01 1.236923329323193066e+01 2.691349624464378198e+00 -9.205362057185967117e+00 -1.351290174291796298e+01 -6.680006663143169376e+00 5.660082939295962845e+00 1.333383322008428529e+01 1.001477810729038254e+01
3.444901014248054061e+00 7.688007748863581625e+00 5.592894134336673595e+00 -1.113166369271189060e+00 -6.901499684747934182e+00 -7.000033097520995007e+00 -1.327532755816248189e+00 5.439424745913123083e+00 7.721960049021385331e+00 3.638283725299896521e+00 -3.444901014247406579e+00 -7.688007748864094104e+00 -5.592894134337921486e+00 1.113166369270231382e+00 6.901499684748056751e+00 7.000033097522098124e+00 1.327532755817421917e+00 -5.439424745912848635e+00 -7.721960049022237982e+00 -3.638283725301183491e+00
-1.420099414734078991e+01 -3.293490407353908012e+01 -2.451630765284718194e+01 4.114255915521545681e+00 2.935290555544901991e+01 3.039215407933281909e+01 6.375214351016155412e+00 -2.289764012787189174e+01 -3.329300470994390082e+01 -1.624063421814652486e+01 1.420099414733791043e+01 3.293490407354118332e+01 2.451630765285252522e+01 -4.114255915517352591e+00 -2.935290555544943558e+01 -3.039215407933750512e+01 -6.375214351021245562e+00 2.289764012787060210e+01 3.329300470994748196e+01 1.624063421815206709e+01
-1.621584518075541936e+01 -3.233341354264892686e+01 -2.179436209253088919e+01 6.712604300425246251e+00 2.968550171706148788e+01 2.818479593195886679e+01 3.447713058295520661e+00 -2.413176615235467892e+01 -3.181630557054590014e+01 -1.327054424124139587e+01 1.621584518075302483e+01 3.233341354265137824e+01 2.179436209253615075e+01 -6.712604300421491921e+00 -2.968550171706234053e+01 -2.818479593196363098e+01 -3.447713058300263089e+00 2.413176615235387246e+01 3.181630557054969444e+01 1.327054424124671783e+01
-1.575633122707953149e+01 -3.497911515623304268e+01 -2.536408482706915635e+01 5.161845157739785250e+00 3.143219774374329845e+01 3.178891940408727734e+01 5.937918280330231724e+00 -2.480847781509564953e+01 -3.510203306340760321e+01 -1.645643690521258407e+01 1.575633122707659695e+01 3.497911515623538747e+01 2.536408482707483358e+01 -5.161845157735440281e+00 -3.143219774374387399e+01 -3.178891940409230088e+01 -5.937918280335563459e+00 2.480847781509441674e+01 3.510203306341148277e+01 1.645643690521843538e+01
