-3.038196601127134411e+00 -4.482749417092321664e+00 2.677050983148206997e-01 4.648200266812454906e+00 2.605040653092050462e+00 -3.038196601126012197e+00 -4.482749417092571242e+00 2.677050983135469409e-01 4.648200266811914005e+00 2.605040653092995928e+00 -3.038196601124889984e+00 -4.482749417092819932e+00 2.677050983122631900e-01 4.648200266811372217e+00 2.605040653093930736e+00 -3.038196601123767771e+00 -4.482749417093067734e+00 2.677050983109874327e-01 4.648200266810831316e+00 2.605040653094872205e+00
-5.659549150284808761e+00 -7.813776741497476586e+00 8.303695435351248211e-01 8.326973342624850005e+00 4.315983005622157975e+00 -5.659549150282867203e+00 -7.813776741498011269e+00 8.303695435328566354e-01 8.326973342623979590e+00 4.315983005623898805e+00 -5.659549150280923868e+00 -7.813776741498545064e+00 8.303695435305706862e-01 8.326973342623105623e+00 4.315983005625619207e+00 -5.659549150278982310e+00 -7.813776741499077971e+00 8.303695435282987258e-01 8.326973342622233432e+00 4.315983005627352931e+00
3.607623792125322915e+00 2.238854381998144127e+00 -2.223935688188550142e+00 -3.613322226092725131e+00 -9.220259842568356845e-03 3.607623792124844186e+00 2.238854381998848453e+00 -2.223935688187637982e+00 -3.613322226092862799e+00 -9.220259843570222102e-03 3.607623792124364570e+00 2.238854381999551002e+00 -2.223935688186719606e+00 -3.613322226093002687e+00 -9.220259844562095353e-03 3.607623792123884954e+00 2.238854382000253551e+00 -2.223935688185806114e+00 -3.613322226093139911e+00 -9.220259845560407896e-03
9.973935688192106852e+00 1.144029556871380038e+01 -2.903444185380905207e+00 -1.323472275971750989e+01 -5.276064311807627583e+00 9.973935688189330406e+00 1.144029556871505093e+01 -2.903444185377361375e+00 -1.323472275971656487e+01 -5.276064311810603868e+00 9.973935688186550408e+00 1.144029556871629971e+01 -2.903444185373790898e+00 -1.323472275971561629e+01 -5.276064311813546404e+00 9.973935688183775738e+00 1.144029556871754849e+01 -2.903444185370241293e+00 -1.323472275971466949e+01 -5.276064311816510255e+00
7.014918693815683781e+00 8.032875042058796211e+00 -2.050328890441718066e+00 -9.300047984467679996e+00 -3.697416860965178742e+00 7.014918693813734230e+00 8.032875042059679060e+00 -2.050328890439228058e+00 -9.300047984467017415e+00 -3.697416860967271290e+00 7.014918693811782902e+00 8.032875042060556581e+00 -2.050328890436719398e+00 -9.300047984466354833e+00 -3.697416860969340746e+00 7.014918693809833350e+00 8.032875042061437654e+00 -2.050328890434225393e+00 -9.300047984465692252e+00 -3.697416860971424857e+00
9.744098300570303905e+00 1.719890603215150193e+01 8.854101966167220450e-01 -1.665169243665623355e+01 -1.117672209268138772e+01 9.744098300565925186e+00 1.719890603215192826e+01 8.854101966213564490e-01 -1.665169243665378929e+01 -1.117672209268453187e+01 9.744098300561541137e+00 1.719890603215235103e+01 8.854101966260282675e-01 -1.665169243665133081e+01 -1.117672209268763517e+01 9.744098300557164194e+00 1.719890603215277736e+01 8.854101966306702209e-01 -1.665169243664888654e+01 -1.117672209269076689e+01
-6.500000000009948931e-01 -1.802583139031483928e+00 -4.640576474681217256e-01 1.515779740156790512e+00 1.400861046343636618e+00 -6.500000000005214940e-01 -1.802583139031425530e+00 -4.640576474685584318e-01 1.515779740156461886e+00 1.400861046343872207e+00 -6.500000000000476508e-01 -1.802583139031367132e+00 -4.640576474689988018e-01 1.515779740156131261e+00 1.400861046344104244e+00 -6.499999999995744737e-01 -1.802583139031308956e+00 -4.640576474694362297e-01 1.515779740155802413e+00 1.400861046344338501e+00
-6.739589803380658495e+00 -1.155574641843456440e+01 -4.022542485879824770e-01 1.130713962068788625e+01 7.390450849714750525e+00 -6.739589803377724841e+00 -1.155574641843490369e+01 -4.022542485911217991e-01 1.130713962068628042e+01 7.390450849716912352e+00 -6.739589803374786747e+00 -1.155574641843523942e+01 -4.022542485942861568e-01 1.130713962068466749e+01 7.390450849719046644e+00 -6.739589803371853094e+00 -1.155574641843558048e+01 -4.022542485974306414e-01 1.130713962068306166e+01 7.390450849721198701e+00
-6.282827057599606135e+00 -1.204931256309108001e+01 -1.164057647463048184e+00 1.132988537209433844e+01 8.166311896058648045e+00 -6.282827057596517051e+00 -1.204931256309122922e+01 -1.164057647466223200e+00 1.132988537209251945e+01 8.166311896060712172e+00 -6.282827057593426190e+00 -1.204931256309137311e+01 -1.164057647469423973e+00 1.132988537209069158e+01 8.166311896062751430e+00 -6.282827057590337105e+00 -1.204931256309152232e+01 -1.164057647472604318e+00 1.132988537208887081e+01 8.166311896064806675e+00
-9.049138953662556162e+00 -1.343869910099590825e+01 7.435661446629915350e-01 1.389824825128117602e+01 7.846023658713891180e+00 -9.049138953659189966e+00 -1.343869910099663834e+01 7.435661446591806945e-01 1.389824825127954533e+01 7.846023658716712035e+00 -9.049138953655821993e+00 -1.343869910099736487e+01 7.435661446553400999e-01 1.389824825127790753e+01 7.846023658719498250e+00 -9.049138953652455797e+00 -1.343869910099809495e+01 7.435661446515231532e-01 1.389824825127627506e+01 7.846023658722305782e+00
-8.600000000005932677e+00 -1.287968210662119262e+01 6.399186938188134999e-01 1.327517360943747526e+01 7.564589803370433962e+00 -8.600000000002705036e+00 -1.287968210662187296e+01 6.399186938151708581e-01 1.327517360943589786e+01 7.564589803373118926e+00 -8.599999999999473843e+00 -1.287968210662254975e+01 6.399186938114995726e-01 1.327517360943431513e+01 7.564589803375771027e+00 -8.599999999996246203e+00 -1.287968210662322832e+01 6.399186938078511577e-01 1.327517360943273594e+01 7.564589803378444444e+00
1.918348483848101083e+01 2.776612695902247907e+01 -2.023074641857382616e+00 -2.901645584946803424e+01 -1.591008130617734118e+01 1.918348483847407948e+01 2.776612695902412398e+01 -2.023074641849444966e+00 -2.901645584946475864e+01 -1.591008130618329197e+01 1.918348483846713393e+01 2.776612695902576178e+01 -2.023074641841445143e+00 -2.901645584946146883e+01 -1.591008130618917349e+01 1.918348483846020258e+01 2.776612695902739958e+01 -2.023074641833494614e+00 -2.901645584945818968e+01 -1.591008130619509942e+01
-4.523606797752742104e+00 -6.237586804716729993e+00 6.685661446592768842e-01 6.650783405843587737e+00 3.441844051966487239e+00 -4.523606797751192232e+00 -6.237586804717158984e+00 6.685661446574654443e-01 6.650783405842894069e+00 3.441844051967878126e+00 -4.523606797749640585e+00 -6.237586804717586197e+00 6.685661446556399046e-01 6.650783405842197737e+00 3.441844051969252583e+00 -4.523606797748092490e+00 -6.237586804718013411e+00 6.685661446538254671e-01 6.650783405841503182e+00 3.441844051970637697e+00
1.814045084973242794e+01 2.948051349692913448e+01 7.950849717291796903e-02 -2.943137454328128655e+01 -1.826909830055194206e+01 1.814045084972497790e+01 2.948051349693026069e+01 7.950849718105168495e-02 -2.943137454327737146e+01 -1.826909830055769746e+01 1.814045084971752075e+01 2.948051349693138334e+01 7.950849718925001586e-02 -2.943137454327344571e+01 -1.826909830056338180e+01 1.814045084971007071e+01 2.948051349693251311e+01 7.950849719739716548e-02 -2.943137454326953062e+01 -1.826909830056910877e+01
-5.447745751410332460e+00 -9.044146285028890730e+00 -1.418440519645708942e-01 8.956481839812594714e+00 5.677254248590789310e+00 -5.447745751408042736e+00 -9.044146285029203369e+00 -1.418440519670507438e-01 8.956481839811372581e+00 5.677254248592524810e+00 -5.447745751405750347e+00 -9.044146285029514232e+00 -1.418440519695502722e-01 8.956481839810145118e+00 5.677254248594238994e+00 -5.447745751403460623e+00 -9.044146285029828647e+00 -1.418440519720341186e-01 8.956481839808921208e+00 5.677254248595966502e+00
2.788525491563320635e+00 2.557952682561139834e+00 -1.207623792126272466e+00 -3.304305231718279945e+00 -8.345491502800560513e-01 2.788525491562721559e+00 2.557952682561574598e+00 -1.207623792125406492e+00 -3.304305231718177360e+00 -8.345491502808630724e-01 2.788525491562121594e+00 2.557952682562008029e+00 -1.207623792124534079e+00 -3.304305231718075220e+00 -8.345491502816614338e-01 2.788525491561522962e+00 2.557952682562441460e+00 -1.207623792123666773e+00 -3.304305231717972635e+00 -8.345491502824650132e-01
-5.365450849722960491e+00 -8.993285238685087890e+00 -1.927050983080831337e-01 8.874186938125115276e+00 5.677254248590599239e+00 -5.365450849720681425e+00 -8.993285238685384542e+00 -1.927050983105421667e-01 8.874186938123889590e+00 5.677254248592311647e+00 -5.365450849718400583e+00 -8.993285238685681193e+00 -1.927050983130208228e-01 8.874186938122658574e+00 5.677254248594002739e+00 -5.365450849716120629e+00 -8.993285238685976068e+00 -1.927050983154838526e-01 8.874186938121429336e+00 5.677254248595708042e+00
-1.188368810394638153e+01 -1.889054681865085783e+01 2.086881039469518362e-01 1.901952315993750986e+01 1.154602365871203240e+01 -1.188368810394161912e+01 -1.889054681865165364e+01 2.086881039417056161e-01 1.901952315993505493e+01 1.154602365871578584e+01 -1.188368810393685138e+01 -1.889054681865244234e+01 2.086881039364177626e-01 1.901952315993258580e+01 1.154602365871949132e+01 -1.188368810393208719e+01 -1.889054681865323460e+01 2.086881039311630215e-01 1.901952315993012732e+01 1.154602365872322700e+01
-2.184549150282571794e+00 -2.976518827217711216e+00 3.449593469077287256e-01 3.189715428343630421e+00 1.626393202248872294e+00 -2.184549150281833274e+00 -2.976518827217923491e+00 3.449593469068608642e-01 3.189715428343304904e+00 1.626393202249542869e+00 -2.184549150281094310e+00 -2.976518827218134433e+00 3.449593469059863415e-01 3.189715428342977166e+00 1.626393202250205228e+00 -2.184549150280355789e+00 -2.976518827218345820e+00 3.449593469051170924e-01 3.189715428342650760e+00 1.626393202250872694e+00
-1.235835921351086242e+01 -2.251514028771331866e+01 -1.556762745770409850e+00 2.155300799840702553e+01 1.487725424858629530e+01 -1.235835921350511413e+01 -2.251514028771376275e+01 -1.556762745776423928e+00 2.155300799840374282e+01 1.487725424859031165e+01 -1.235835921349936406e+01 -2.251514028771420683e+01 -1.556762745782487301e+00 2.155300799840044945e+01 1.487725424859427648e+01 -1.235835921349361577e+01 -2.251514028771465448e+01 -1.556762745788511371e+00 2.155300799839717030e+01 1.487725424859827328e+01
