2.499999999997304823e+00 9.499999999981857401e-01 -2.499999999997553513e+00 -9.499999999984669596e-01 2.499999999997802203e+00 9.499999999987499555e-01 -2.499999999998051337e+00 -9.499999999990321742e-01 2.499999999998299582e+00 9.499999999993106181e-01 -2.499999999998547828e+00 -9.499999999995977218e-01 2.499999999998798295e+00 9.499999999998762767e-01 -2.499999999999044320e+00 -9.500000000001543876e-01 2.499999999999294786e+00 9.500000000004418244e-01 -2.499999999999544364e+00 -9.500000000007199352e-01
7.799999999993448618e+00 5.799999999991186428e+00 -7.799999999994039257e+00 -5.799999999992416555e+00 7.799999999994630784e+00 5.799999999993652011e+00 -7.799999999995222311e+00 -5.799999999994885691e+00 7.799999999995811173e+00 5.799999999996106936e+00 -7.799999999996398259e+00 -5.799999999997355715e+00 7.799999999996996891e+00 5.799999999998576961e+00 -7.799999999997574207e+00 -5.799999999999797318e+00 7.799999999998173728e+00 5.800000000001047873e+00 -7.799999999998771472e+00 -5.800000000002267342e+00
6.549999999994693844e+00 4.699999999993123012e+00 -6.549999999995200994e+00 -4.699999999994134647e+00 6.549999999995708144e+00 4.699999999995150723e+00 -6.549999999996217959e+00 -4.699999999996165023e+00 6.549999999996722444e+00 4.699999999997169553e+00 -6.549999999997227818e+00 -4.699999999998197175e+00 6.549999999997741185e+00 4.699999999999201705e+00 -6.549999999998236788e+00 -4.700000000000205347e+00 6.549999999998751044e+00 4.700000000001233857e+00 -6.549999999999263522e+00 -4.700000000002237499e+00
1.129999999999220428e+01 1.054999999998584137e+01 -1.129999999999292015e+01 -1.054999999998789129e+01 1.129999999999363425e+01 1.054999999998995008e+01 -1.129999999999435367e+01 -1.054999999999200355e+01 1.129999999999506421e+01 1.054999999999403926e+01 -1.129999999999577476e+01 -1.054999999999611582e+01 1.129999999999650484e+01 1.054999999999815152e+01 -1.129999999999719407e+01 -1.055000000000018723e+01 1.129999999999792593e+01 1.055000000000226379e+01 -1.129999999999865423e+01 -1.055000000000429949e+01
8.499999999991498800e-01 -9.999999999992101873e-01 -8.499999999993208544e-01 9.999999999992790212e-01 8.499999999994920508e-01 -9.999999999993474109e-01 -8.499999999996625810e-01 9.999999999994159117e-01 8.499999999998339995e-01 -9.999999999994856337e-01 -8.500000000000058620e-01 9.999999999995525801e-01 8.500000000001753930e-01 -9.999999999996224131e-01 -8.500000000003488099e-01 9.999999999996923572e-01 8.500000000005185630e-01 -9.999999999997591926e-01 -8.500000000006882050e-01 9.999999999998290257e-01
-6.999999999995558220e+00 -7.349999999990513899e+00 6.999999999995947242e+00 7.349999999991884359e+00 -6.999999999996337152e+00 -7.349999999993259259e+00 6.999999999996729727e+00 7.349999999994633271e+00 -6.999999999997116973e+00 -7.349999999995996625e+00 6.999999999997502442e+00 7.349999999997383959e+00 -6.999999999997903011e+00 -7.349999999998746425e+00 6.999999999998275158e+00 7.350000000000108002e+00 -6.999999999998674838e+00 -7.350000000001496225e+00 6.999999999999074518e+00 7.350000000002858691e+00
-6.749999999995830890e+00 -7.949999999990128075e+00 6.749999999996150635e+00 7.949999999991557154e+00 -6.749999999996469491e+00 -7.949999999992991562e+00 6.749999999996791900e+00 7.949999999994422417e+00 -6.749999999997108979e+00 -7.949999999995844391e+00 6.749999999997423394e+00 7.949999999997288569e+00 -6.749999999997754685e+00 -7.949999999998710543e+00 6.749999999998054889e+00 7.950000000000130740e+00 -6.749999999998386180e+00 -7.950000000001577583e+00 6.749999999998714806e+00 7.950000000002997780e+00
-9.099999999993663380e+00 -8.949999999988655475e+00 9.099999999994208721e+00 8.949999999990362554e+00 -9.099999999994755839e+00 -8.949999999992074962e+00 9.099999999995304734e+00 8.949999999993785593e+00 -9.099999999995846522e+00 -8.949999999995482014e+00 9.099999999996388311e+00 8.949999999997210409e+00 -9.099999999996947864e+00 -8.949999999998908606e+00 9.099999999997473665e+00 8.950000000000601474e+00 -9.099999999998031441e+00 -8.950000000002333422e+00 9.099999999998589217e+00 8.950000000004026290e+00
-8.149999999994335553e+00 -7.849999999989714539e+00 8.149999999994834710e+00 7.849999999991222666e+00 -8.149999999995333866e+00 -7.849999999992736122e+00 8.149999999995836575e+00 7.849999999994246913e+00 -8.149999999996335731e+00 -7.849999999995746158e+00 8.149999999996831335e+00 7.849999999997272937e+00 -8.149999999997342925e+00 -7.849999999998771294e+00 8.149999999997824318e+00 7.850000000000269651e+00 -8.149999999998335909e+00 -7.850000000001798206e+00 8.149999999998845723e+00 7.850000000003295675e+00
1.719999999998751861e+01 1.704999999997753690e+01 -1.719999999998854179e+01 -1.704999999998078053e+01 1.719999999998956497e+01 1.704999999998403482e+01 -1.719999999999059881e+01 -1.704999999998728555e+01 1.719999999999161133e+01 1.704999999999050431e+01 -1.719999999999262741e+01 -1.704999999999379057e+01 1.719999999999367546e+01 1.704999999999701643e+01 -1.719999999999465601e+01 -1.705000000000023519e+01 1.719999999999570761e+01 1.705000000000352145e+01 -1.719999999999675211e+01 -1.705000000000674021e+01
-4.149999999996873967e+00 -3.349999999995256328e+00 4.149999999997170619e+00 3.349999999995943778e+00 -4.149999999997468159e+00 -3.349999999996633893e+00 4.149999999997765698e+00 3.349999999997323119e+00 -4.149999999998061462e+00 -3.349999999998005684e+00 4.149999999998357225e+00 3.349999999998702904e+00 -4.149999999998659206e+00 -3.349999999999385469e+00 4.149999999998947864e+00 3.350000000000068034e+00 -4.149999999999249845e+00 -3.350000000000765699e+00 4.149999999999550937e+00 3.350000000001447820e+00
1.789999999998774172e+01 1.794999999997606821e+01 -1.789999999998879332e+01 -1.794999999997946816e+01 1.789999999998984848e+01 1.794999999998287876e+01 -1.789999999999090718e+01 -1.794999999998628937e+01 1.789999999999195168e+01 1.794999999998966800e+01 -1.789999999999299263e+01 -1.794999999999311058e+01 1.789999999999406910e+01 1.794999999999648921e+01 -1.789999999999507807e+01 -1.794999999999986784e+01 1.789999999999615810e+01 1.795000000000331042e+01 -1.789999999999723101e+01 -1.795000000000668905e+01
-5.149999999996336619e+00 -5.049999999993104893e+00 5.149999999996646594e+00 5.049999999994069455e+00 -5.149999999996956568e+00 -5.049999999995036681e+00 5.149999999997269207e+00 5.049999999996003019e+00 -5.149999999997577405e+00 -5.049999999996961364e+00 5.149999999997884714e+00 5.049999999997937472e+00 -5.149999999998201794e+00 -5.049999999998895817e+00 5.149999999998499334e+00 5.049999999999853273e+00 -5.149999999998818190e+00 -5.050000000000830269e+00 5.149999999999134381e+00 5.050000000001787726e+00
3.099999999997181011e+00 -3.000000000010791812e-01 -3.099999999997586464e+00 3.000000000009142020e-01 3.099999999997991473e+00 -3.000000000007474465e-01 -3.099999999998396483e+00 3.000000000005811351e-01 3.099999999998801492e+00 -3.000000000004192646e-01 -3.099999999999206501e+00 3.000000000002471801e-01 3.099999999999611511e+00 -3.000000000000855316e-01 -3.100000000000016520e+00 2.999999999999245492e-01 3.100000000000421529e+00 -2.999999999997520206e-01 -3.100000000000826539e+00 2.999999999995905942e-01
-6.049999999995953281e+00 -5.599999999992576249e+00 6.049999999996339639e+00 5.599999999993666933e+00 -6.049999999996725997e+00 -5.599999999994762945e+00 6.049999999997114131e+00 5.599999999995857181e+00 -6.049999999997497824e+00 -5.599999999996940758e+00 6.049999999997881517e+00 5.599999999998046540e+00 -6.049999999998274980e+00 -5.599999999999131006e+00 6.049999999998648015e+00 5.600000000000213696e+00 -6.049999999999042366e+00 -5.600000000001320366e+00 6.049999999999434941e+00 5.600000000002403944e+00
-1.214999999999167812e+01 -1.174999999998442313e+01 1.214999999999242242e+01 1.174999999998667732e+01 -1.214999999999316316e+01 -1.174999999998894040e+01 1.214999999999391100e+01 1.174999999999119815e+01 -1.214999999999464819e+01 -1.174999999999343814e+01 1.214999999999538360e+01 1.174999999999572076e+01 -1.214999999999614566e+01 -1.174999999999796074e+01 1.214999999999685798e+01 1.175000000000020073e+01 -1.214999999999761826e+01 -1.175000000000248512e+01 1.214999999999837499e+01 1.175000000000472333e+01
-2.399999999998170708e+00 -1.649999999997615596e+00 2.399999999998360778e+00 1.649999999997976863e+00 -2.399999999998551736e+00 -1.649999999998340794e+00 2.399999999998742695e+00 1.649999999998703171e+00 -2.399999999998932321e+00 -1.649999999999062661e+00 2.399999999999122391e+00 1.649999999999429701e+00 -2.399999999999315570e+00 -1.649999999999788969e+00 2.399999999999501643e+00 1.650000000000147793e+00 -2.399999999999694822e+00 -1.650000000000515499e+00 2.399999999999887557e+00 1.650000000000874323e+00
-1.344999999999144435e+01 -1.444999999998154649e+01 1.344999999999217088e+01 1.444999999998422346e+01 -1.344999999999289741e+01 -1.444999999998690754e+01 1.344999999999363105e+01 1.444999999998958629e+01 -1.344999999999435403e+01 -1.444999999999224549e+01 1.344999999999507168e+01 1.444999999999495266e+01 -1.344999999999582130e+01 -1.444999999999761187e+01 1.344999999999651408e+01 1.445000000000026752e+01 -1.344999999999726370e+01 -1.445000000000297824e+01 1.344999999999800799e+01 1.445000000000563389e+01
-8.499999999995053734e-01 -1.599999999998619860e+00 8.499999999995064837e-01 1.599999999998874101e+00 -8.499999999995075939e-01 -1.599999999999129230e+00 8.499999999995091482e-01 1.599999999999383693e+00 -8.499999999995097033e-01 -1.599999999999637268e+00 8.499999999995099254e-01 1.599999999999893729e+00 -8.499999999995131450e-01 -1.600000000000147304e+00 8.499999999995104805e-01 1.600000000000400657e+00 -8.499999999995139222e-01 -1.600000000000657341e+00 8.499999999995169198e-01 1.600000000000910472e+00
-2.099999999998892974e+00 -2.049999999998166178e+00 2.099999999999019984e+00 2.049999999998557865e+00 -2.099999999999147438e+00 -2.049999999998951328e+00 2.099999999999275335e+00 2.049999999999343903e+00 -2.099999999999401457e+00 -2.049999999999733813e+00 2.099999999999527134e+00 2.050000000000130829e+00 -2.099999999999657252e+00 -2.050000000000520295e+00 2.099999999999779376e+00 2.050000000000909761e+00 -2.099999999999909939e+00 -2.050000000001306777e+00 2.100000000000039169e+00 2.050000000001696243e+00
