1.022573542137117464e+01 3.013100632171617832e+00 -1.208793402357609459e+01 4.457653448162384180e+00 9.332952682544068068e+00 -1.022573542136711922e+01 -3.013100632177173832e+00 1.208793402357548175e+01 -4.457653448156433384e+00 -9.332952682547130507e+00 1.022573542136306202e+01 3.013100632182766248e+00 -1.208793402357486535e+01 4.457653448150504794e+00 9.332952682550182288e+00 -1.022573542135901548e+01 -3.013100632188317807e+00 1.208793402357425428e+01 -4.457653448144531794e+00 -9.332952682553232293e+00
-3.084345884811249938e+00 -1.223481172775829240e+00 3.840498834181950816e+00 -1.150077640502241483e+00 -3.129711762650386309e+00 3.084345884809862604e+00 1.223481172777530102e+00 -3.840498834181617305e+00 1.150077640500329679e+00 3.129711762651234519e+00 -3.084345884808474825e+00 -1.223481172779241843e+00 3.840498834181283350e+00 -1.150077640498425202e+00 -3.129711762652078288e+00 3.084345884807091043e+00 1.223481172780941151e+00 -3.840498834180950283e+00 1.150077640496506293e+00 3.129711762652921614e+00
-4.905040653093151626e+00 -1.749748750053044200e+00 5.986444852398069116e+00 -1.950077640504680687e+00 -4.781230589865170799e+00 4.905040653091047531e+00 1.749748750055733382e+00 -5.986444852397631244e+00 1.950077640501713061e+00 4.781230589866566127e+00 -4.905040653088943436e+00 -1.749748750058439883e+00 5.986444852397192484e+00 -1.950077640498756759e+00 -4.781230589867957015e+00 4.905040653086843783e+00 1.749748750061127067e+00 -5.986444852396755500e+00 1.950077640495778253e+00 4.781230589869346126e+00
3.062287570311251095e+00 -7.015668116897809670e-01 -2.628695435308108230e+00 2.326189936781347889e+00 1.191030990089642749e+00 -3.062287570310873175e+00 7.015668116882438632e-01 2.628695435308681549e+00 -2.326189936780161283e+00 -1.191030990090950148e+00 3.062287570310494367e+00 -7.015668116866967674e-01 -2.628695435309252204e+00 2.326189936778979117e+00 1.191030990092252217e+00 -3.062287570310116447e+00 7.015668116851607738e-01 2.628695435309824191e+00 -2.326189936777788958e+00 -1.191030990093554953e+00
7.265731755683926707e+00 1.249778406083200233e+00 -8.038137289048526313e+00 3.718063644785174482e+00 5.740247584236450429e+00 -7.265731755681510862e+00 -1.249778406087077576e+00 8.038137289048512102e+00 -3.718063644781277155e+00 -5.740247584238844070e+00 7.265731755679092352e+00 1.249778406090980232e+00 -8.038137289048492562e+00 3.718063644777394039e+00 5.740247584241227941e+00 -7.265731755676680947e+00 -1.249778406094854466e+00 8.038137289048478351e+00 -3.718063644773483389e+00 -5.740247584243611811e+00
5.688680772559355781e+00 1.762771741742685361e+00 -6.778133623363649995e+00 2.426345217783242969e+00 5.278569810333102019e+00 -5.688680772557054510e+00 -1.762771741745783105e+00 6.778133623363268967e+00 -2.426345217779900310e+00 -5.278569810334786006e+00 5.688680772554752352e+00 1.762771741748900833e+00 -6.778133623362885274e+00 2.426345217776570085e+00 5.278569810336461998e+00 -5.688680772552456411e+00 -1.762771741751996357e+00 6.778133623362503357e+00 -2.426345217773215435e+00 -5.278569810338137991e+00
1.093827424161991146e+01 3.435188602701832128e+00 -1.306133755585485900e+01 4.637161945349473235e+00 1.019541386229179913e+01 -1.093827424161546169e+01 -3.435188602707792249e+00 1.306133755585410405e+01 -4.637161945343028613e+00 -1.019541386229502677e+01 1.093827424161101192e+01 3.435188602713791006e+00 -1.306133755585334555e+01 4.637161945336607971e+00 1.019541386229824020e+01 -1.093827424160657280e+01 -3.435188602719746243e+00 1.306133755585258882e+01 -4.637161945330141144e+00 -1.019541386230145008e+01
-5.405764746893640948e-01 -9.435661446546405040e-01 1.123732422719426749e+00 2.490613131539619607e-01 -1.277660779531170743e+00 5.405764746887408156e-01 9.435661446549962195e-01 -1.123732422719024404e+00 -2.490613131545677539e-01 1.277660779531141877e+00 -5.405764746881174254e-01 -9.435661446553541554e-01 1.123732422718622281e+00 2.490613131551711046e-01 -1.277660779531113233e+00 5.405764746874959226e-01 9.435661446557097598e-01 -1.123732422718220825e+00 -2.490613131557795068e-01 1.277660779531084367e+00
-7.025657780873216574e+00 -2.801141952299493365e+00 8.756858714706753588e+00 -2.610894368068355398e+00 -7.143237254205065945e+00 7.025657780870049329e+00 2.801141952303368488e+00 -8.756858714705987978e+00 2.610894368063995330e+00 7.143237254206994180e+00 -7.025657780866881197e+00 -2.801141952307268923e+00 8.756858714705220592e+00 -2.610894368059651249e+00 -7.143237254208913534e+00 7.025657780863721058e+00 2.801141952311140937e+00 -8.756858714704454982e+00 2.610894368055275638e+00 7.143237254210831999e+00
-6.907091636217510100e+00 -3.548558813267575829e+00 9.100221593893932592e+00 -2.075687436912929229e+00 -7.817376207860705861e+00 6.907091636213982255e+00 3.548558813271448287e+00 -9.100221593892802829e+00 2.075687436908347561e+00 7.817376207862408499e+00 -6.907091636210452634e+00 -3.548558813275346502e+00 9.100221593891674843e+00 -2.075687436903783212e+00 -7.817376207864102255e+00 6.907091636206932783e+00 3.548558813279215851e+00 -9.100221593890548633e+00 2.075687436899184668e+00 7.817376207865795124e+00
-7.154711762652333995e+00 -3.577612795048935368e+00 9.365798068578143898e+00 -2.210768743098736167e+00 -7.999467844077375211e+00 7.154711762648730655e+00 3.577612795052939276e+00 -9.365798068577021240e+00 2.210768743094027045e+00 7.999467844079161338e+00 -7.154711762645126427e+00 -3.577612795056968942e+00 9.365798068575896806e+00 -2.210768743089335686e+00 -7.999467844080941248e+00 7.154711762641531081e+00 3.577612795060969297e+00 -9.365798068574777702e+00 2.210768743084608356e+00 7.999467844082717605e+00
-7.919098300560732717e+00 -3.350155280986744089e+00 9.989608131799569080e+00 -2.823762078755858607e+00 -8.244427190985627263e+00 7.919098300557060988e+00 3.350155280991127249e+00 -9.989608131798615176e+00 2.823762078750872817e+00 8.244427190987755338e+00 -7.919098300553389258e+00 -3.350155280995538831e+00 9.989608131797659496e+00 -2.823762078745905235e+00 -8.244427190989870979e+00 7.919098300549727298e+00 3.350155280999918883e+00 -9.989608131796707369e+00 2.823762078740900794e+00 8.244427190991986620e+00
1.806757947333809966e+01 5.901655779752687181e+00 -2.171500333512575764e+01 7.518954347168242514e+00 1.706803398871779365e+01 -1.806757947333063186e+01 -5.901655779762549514e+00 2.171500333512440051e+01 -7.518954347157513318e+00 -1.706803398872306587e+01 1.806757947332316405e+01 5.901655779772476684e+00 -2.171500333512303982e+01 7.518954347146824979e+00 1.706803398872832034e+01 -1.806757947331571046e+01 -5.901655779782331024e+00 2.171500333512168623e+01 -7.518954347136056704e+00 -1.706803398873356770e+01
-4.201722092686247301e+00 -1.425938686837161073e+00 5.083000667024584196e+00 -1.715528490221457369e+00 -4.022745751399106950e+00 4.201722092684482490e+00 1.425938686839458791e+00 -5.083000667024242247e+00 1.715528490218942492e+00 4.022745751400320202e+00 -4.201722092682716792e+00 -1.425938686841771608e+00 5.083000667023901187e+00 -1.715528490216436941e+00 -4.022745751401529013e+00 4.201722092680957310e+00 1.425938686844067771e+00 -5.083000667023561903e+00 1.715528490213912738e+00 4.022745751402736047e+00
1.823209163621261197e+01 6.542028988969359915e+00 -2.227528790678088910e+01 7.224856046606528359e+00 1.781008130615357032e+01 -1.823209163620477113e+01 -6.542028988979358139e+00 2.227528790677924064e+01 -7.224856046595482972e+00 -1.781008130615875018e+01 1.823209163619692674e+01 6.542028988989422089e+00 -2.227528790677759574e+01 7.224856046584479330e+00 1.781008130616390872e+01 -1.823209163618910367e+01 -6.542028988999413208e+00 2.227528790677595438e+01 -7.224856046573395751e+00 -1.781008130616906016e+01
-5.543237254217572740e+00 -1.962084304834103232e+00 6.755872043397186388e+00 -2.213274241629287431e+00 -5.387993335645859361e+00 5.543237254215202192e+00 1.962084304837141024e+00 -6.755872043396697890e+00 2.213274241625939442e+00 5.387993335647440318e+00 -5.543237254212832532e+00 -1.962084304840198579e+00 6.755872043396210280e+00 -2.213274241622604332e+00 -5.387993335649015059e+00 5.543237254210467313e+00 1.962084304843233928e+00 -6.755872043395722670e+00 2.213274241619243909e+00 5.387993335650588023e+00
1.592124957935334262e+00 -2.227937358748750540e-01 -1.454430856684086892e+00 1.121681439591972307e+00 7.611936024665115763e-01 -1.592124957935063811e+00 2.227937358740647023e-01 1.454430856684317819e+00 -1.121681439591302620e+00 -7.611936024671568379e-01 1.592124957934793139e+00 -2.227937358732490769e-01 -1.454430856684547857e+00 1.121681439590635376e+00 7.611936024677994350e-01 -1.592124957934522689e+00 2.227937358724392802e-01 1.454430856684778339e+00 -1.121681439589963691e+00 -7.611936024684421431e-01
-5.794630456466525636e+00 -2.097697766928326324e+00 7.091078974552379677e+00 -2.284830056253458253e+00 -5.678976341270631778e+00 5.794630456464023638e+00 2.097697766931505114e+00 -7.091078974551847658e+00 2.284830056249941066e+00 5.678976341272273132e+00 -5.794630456461521639e+00 -2.097697766934705221e+00 7.091078974551314751e+00 -2.284830056246436758e+00 -5.678976341273907380e+00 5.794630456459024970e+00 2.097697766937882236e+00 -7.091078974550783620e+00 2.284830056242907137e+00 5.678976341275541628e+00
-1.186352549155864544e+01 -4.227487170073583655e+00 1.447625624966699931e+01 -4.719331222070974441e+00 -1.155954915025902707e+01 1.186352549155355796e+01 4.227487170080087786e+00 -1.447625624966594238e+01 4.719331222063798847e+00 1.155954915026240393e+01 -1.186352549154847047e+01 -4.227487170086633661e+00 1.447625624966488367e+01 -4.719331222056649899e+00 -1.155954915026576657e+01 1.186352549154339719e+01 4.227487170093131574e+00 -1.447625624966382851e+01 4.719331222049447661e+00 1.155954915026912566e+01
-2.090779740154667277e+00 -4.651219592783688572e-01 2.378240919902482986e+00 -1.004711762656725682e+00 -1.757294901683931210e+00 2.090779740153916766e+00 4.651219592794929580e-01 -2.378240919902428807e+00 1.004711762655564833e+00 1.757294901684594679e+00 -2.090779740153166255e+00 -4.651219592806242753e-01 2.378240919902373740e+00 -1.004711762654408425e+00 -1.757294901685255262e+00 2.090779740152417521e+00 4.651219592817475434e-01 -2.378240919902320005e+00 1.004711762653243801e+00 1.757294901685915178e+00
