-1.284360038722769914e+01 -3.402324506806252913e+01 -2.715312298505310196e+01 2.102834579465270082e+00 2.962515329269352193e+01 3.272362182523382756e+01 8.843771328244978136e+00 -2.232714510245435235e+01 -3.509090456227916377e+01 -1.892468728016776680e+01 1.284360038721904473e+01 3.402324506805842930e+01 2.715312298505697797e+01 -2.102834579456657860e+00 -2.962515329268724784e+01 -3.272362182523506391e+01 -8.843771328252703512e+00 2.232714510244652928e+01 3.509090456227767163e+01 1.892468728017385615e+01
-1.385518644017554557e+01 -3.453003722776661277e+01 -2.673730684700830906e+01 3.098447926385245133e+00 3.037975083925898900e+01 3.261509109688841335e+01 7.961588258595529766e+00 -2.325568277043307219e+01 -3.530028298750163174e+01 -1.824228871317703948e+01 1.385518644016686274e+01 3.453003722776270479e+01 2.673730684701243732e+01 -3.098447926376525441e+00 -3.037975083925283570e+01 -3.261509109688989838e+01 -7.961588258603429225e+00 2.325568277042529175e+01 3.530028298750035987e+01 1.824228871318334555e+01
-1.610447307046975496e+01 -4.098567568177004716e+01 -3.207707837150513797e+01 3.276808474967369822e+00 3.592919776385049602e+01 3.896049666961589253e+01 9.871612964931662404e+00 -2.735571963536313689e+01 -4.203019009996058486e+01 -2.205373214825043959e+01 1.610447307045940590e+01 4.098567568176530784e+01 3.207707837150995545e+01 -3.276808474957010109e+00 -3.592919776384310637e+01 -3.896049666961755520e+01 -9.871612964941014923e+00 2.735571963535383233e+01 4.203019009995897903e+01 2.205373214825787187e+01
1.473964438076166061e+01 2.469470320034647060e+01 1.429072032104609313e+01 -7.894953901651214245e+00 -2.357179526288519611e+01 -1.981535334951264105e+01 2.774503272686965616e-01 2.014151577073695876e+01 2.340032153044284868e+01 7.367212018256728889e+00 -1.473964438075602601e+01 -2.469470320034512056e+01 -1.429072032105017698e+01 7.894953901645100913e+00 2.357179526288206972e+01 1.981535334951507110e+01 -2.774503272627040218e-01 -2.014151577073235799e+01 -2.340032153044343133e+01 -7.367212018262010886e+00
1.338713968546958277e+01 2.402746757261608579e+01 1.485884249277007108e+01 -6.559850605841365478e+00 -2.257040937948091752e+01 -1.997325693708463135e+01 -9.095623562533545758e-01 1.890400225899215769e+01 2.313254983053232294e+01 8.289941017624119723e+00 -1.338713968546398547e+01 -2.402746757261448707e+01 -1.485884249277382096e+01 6.559850605835393367e+00 2.257040937947762060e+01 1.997325693708672389e+01 9.095623562591170774e-01 -1.890400225898749298e+01 -2.313254983053259650e+01 -8.289941017629105957e+00
-3.758748569459789302e+00 -7.501752122516192500e+00 -5.060089958478049432e+00 1.553259616782680430e+00 6.886056149930678494e+00 6.541784885991841492e+00 8.042732093812194893e-01 -5.596305023415310664e+00 -7.383124329568995670e+00 -3.083078170109813776e+00 3.758748569457991628e+00 7.501752122515568111e+00 5.060089958479120575e+00 -1.553259616780805041e+00 -6.886056149929538961e+00 -6.541784885992376175e+00 -8.042732093829888518e-01 5.596305023413769675e+00 7.383124329568950373e+00 3.083078170111303695e+00
-4.361452497050098742e+00 -8.098753136252065943e+00 -5.159202813842970414e+00 2.033746481126347483e+00 7.550015190858538006e+00 6.841828686415502681e+00 4.930368103150054582e-01 -6.262229154534448838e+00 -7.854728697337823640e+00 -2.971558223573164792e+00 4.361452497048193599e+00 8.098753136251481521e+00 5.159202813844199653e+00 -2.033746481124330430e+00 -7.550015190857387815e+00 -6.841828686416165262e+00 -4.930368103169371352e-01 6.262229154532845676e+00 7.854728697337868937e+00 2.971558223574821689e+00
-7.697784641241128156e+00 -2.012159912143035356e+01 -1.595657379099550610e+01 1.363521618502084198e+00 1.755948958807034899e+01 1.927889641680047461e+01 5.104212400469529065e+00 -1.327853486967139496e+01 -2.071406633735829672e+01 -1.107231054654378433e+01 7.697784641236022907e+00 2.012159912142796259e+01 1.595657379099782425e+01 -1.363521618496993382e+00 -1.755948958806666482e+01 -1.927889641680123134e+01 -5.104212400474105849e+00 1.327853486966678531e+01 2.071406633735744052e+01 1.107231054654739921e+01
-2.746545369293108774e+00 -4.905498037416495372e+00 -3.020213433793254243e+00 1.355024207097770494e+00 4.613139924656007196e+00 4.068047021851218581e+00 1.691361654971038631e-01 -3.869215534434175652e+00 -4.717671823659922659e+00 -1.676740311772102476e+00 2.746545369291967909e+00 4.905498037416173851e+00 3.020213433794022517e+00 -1.355024207096551692e+00 -4.613139924655337509e+00 -4.068047021851650236e+00 -1.691361654982813656e-01 3.869215534433225745e+00 4.717671823659982167e+00 1.676740311773122993e+00
-1.829477340133860430e+00 -3.021480547854719756e+00 -1.722486072101431454e+00 9.965767269338066114e-01 2.894032277840633771e+00 2.405562258212534221e+00 -6.612424014311002463e-02 -2.483295964562842517e+00 -2.853165249951872262e+00 -8.708009479874365688e-01 1.829477340133173868e+00 3.021480547854562548e+00 1.722486072101937271e+00 -9.965767269330592093e-01 -2.894032277840258072e+00 -2.405562258212838866e+00 6.612424014237494596e-02 2.483295964562284741e+00 2.853165249951950866e+00 8.708009479880869375e-01
5.573003582126416333e+00 1.340613466367662276e+01 1.018685290898614859e+01 -1.430770849326660432e+00 -1.186882491827445385e+01 -1.252186964868002583e+01 -2.851515702971794131e+00 9.169711894905347549e+00 1.363115854216451872e+01 6.854676030584948343e+00 -5.573003582123067901e+00 -1.340613466367516260e+01 -1.018685290898779705e+01 1.430770849323280025e+00 1.186882491827211616e+01 1.252186964868065644e+01 2.851515702974875222e+00 -9.169711894902365046e+00 -1.363115854216408529e+01 -6.854676030587428137e+00
8.968760518780936053e+00 2.154554546655261049e+01 1.635954723689301460e+01 -2.313744266496238211e+00 -1.907951675173841721e+01 -2.011557286858247551e+01 -4.567757395397215703e+00 1.474585200245338257e+01 2.190254607445670132e+01 1.100213513799160125e+01 -8.968760518775557244e+00 -2.154554546655026570e+01 -1.635954723689566848e+01 2.313744266490805668e+00 1.907951675173466199e+01 2.011557286858349158e+01 4.567757395402168186e+00 -1.474585200244859173e+01 -2.190254607445600499e+01 -1.100213513799558918e+01
-1.670229829626811835e+01 -3.887558826127126110e+01 -2.899869661207260307e+01 4.785575852709901490e+00 3.462447843197214326e+01 3.591793972855536765e+01 7.599592098378946226e+00 -2.698408341082361872e+01 -3.932128464940392121e+01 -1.924085902540605275e+01 1.670229829625847273e+01 3.887558826126718969e+01 2.899869661207750937e+01 -4.785575852700111987e+00 -3.462447843196550679e+01 -3.591793972855735007e+01 -7.599592098387919492e+00 2.698408341081508155e+01 3.932128464940283408e+01 1.924085902541333226e+01
6.793492406978785425e+00 1.072657517444105757e+01 5.816352983307671920e+00 -3.889042163009585718e+00 -1.038819624122904273e+01 -8.323014934019864697e+00 6.039053755748746699e-01 9.032948281105912969e+00 1.001496219313482250e+01 2.740345877677184738e+00 -6.793492406976383791e+00 -1.072657517444058861e+01 -5.816352983309537095e+00 3.889042163006939834e+00 1.038819624122778684e+01 8.323014934021031763e+00 -6.039053755722438854e-01 -9.032948281103990951e+00 -1.001496219313519553e+01 -2.740345877679541076e+00
-1.399464214649711380e+01 -2.922298110846054442e+01 -2.035903250065330639e+01 5.289502998805211575e+00 2.657721620996227685e+01 2.595388847160428369e+01 3.933409556544143815e+00 -2.132988821447802508e+01 -2.900819700757921282e+01 -1.277129257882259772e+01 1.399464214649003502e+01 2.922298110845791896e+01 2.035903250065733161e+01 -5.289502998797889433e+00 -2.657721620995766898e+01 -2.595388847160618084e+01 -3.933409556550990782e+00 2.132988821447189309e+01 2.900819700757883624e+01 1.277129257882829627e+01
-1.170055810846447564e+01 -2.324004462395508597e+01 -1.561975287669596035e+01 4.877923853204671367e+00 2.135409628213470157e+01 2.022532188814069798e+01 2.422195575300722936e+00 -1.737786021348070520e+01 -2.285109547506942818e+01 -9.485213624466393156e+00 1.170055810845891386e+01 2.324004462395316750e+01 1.561975287669929457e+01 -4.877923853198862680e+00 -2.135409628213118793e+01 -2.022532188814236775e+01 -2.422195575306208770e+00 1.737786021347594101e+01 2.285109547506930383e+01 9.485213624471018790e+00
-1.064599374961163569e+01 -2.705454537470158982e+01 -2.115853180784363374e+01 2.181199461077208746e+00 2.372268555890241615e+01 2.570648997151251791e+01 6.497105828017531337e+00 -1.806868399492766386e+01 -2.773811778912108750e+01 -1.453942913066720877e+01 1.064599374960480738e+01 2.705454537469846343e+01 2.115853180784681697e+01 -2.181199461070371548e+00 -2.372268555889753827e+01 -2.570648997151361925e+01 -6.497105828023706842e+00 1.806868399492152477e+01 2.773811778912002879e+01 1.453942913067211684e+01
-6.003421690243588849e+00 -1.257892788384020299e+01 -8.783994909300563592e+00 2.252722556041706348e+00 1.143222910119637703e+01 1.118666877698282391e+01 1.718488757586482674e+00 -9.166464081103146810e+00 -1.249431356266896920e+01 -5.521482418206666409e+00 6.003421690240538844e+00 1.257892788383906435e+01 8.783994909302291987e+00 -2.252722556038553758e+00 -1.143222910119438573e+01 -1.118666877698363571e+01 -1.718488757589428095e+00 9.166464081100505368e+00 1.249431356266880222e+01 5.521482418209116894e+00
-4.616012360754369936e+00 -1.260118635707805268e+01 -1.019757064340527819e+01 6.132230902689947971e-01 1.091845762105584505e+01 1.222219364460534052e+01 3.449592728868303038e+00 -8.166954179716821471e+00 -1.305042317484036651e+01 -7.174738376977864540e+00 4.616012360751148513e+00 1.260118635707649482e+01 1.019757064340668151e+01 -6.132230902658015737e-01 -1.091845762105348427e+01 -1.222219364460575797e+01 -3.449592728871154979e+00 8.166954179713895812e+00 1.305042317483976611e+01 7.174738376980096533e+00
-2.421817097824830456e-01 -1.423336283380982170e+00 -1.431050443065809086e+00 -2.589644080604651677e-01 1.126619523212601726e+00 1.583385089438788640e+00 7.347612853313000292e-01 -7.196213944923470773e-01 -1.580726971164805761e+00 -1.138634608610957333e+00 2.421817097820861409e-01 1.423336283380722378e+00 1.431050443065902122e+00 2.589644080608329291e-01 -1.126619523212261109e+00 -1.583385089438756443e+00 -7.347612853316023429e-01 7.196213944919609418e-01 1.580726971164651884e+00 1.138634608611164722e+00
