1.093827424161899664e+01 3.435188602724905227e+00 -1.306133755586954415e+01 4.637161945337993529e+00 1.019541386231335167e+01 -1.093827424161970541e+01 -3.435188602725042450e+00 1.306133755587033107e+01 -4.637161945338355906e+00 -1.019541386231392543e+01 1.093827424162041417e+01 3.435188602725165019e+00 -1.306133755587111267e+01 4.637161945338717395e+00 1.019541386231448676e+01 -1.093827424162112294e+01 -3.435188602725287588e+00 1.306133755587189604e+01 -4.637161945339037139e+00 -1.019541386231504632e+01
-5.405764746867804948e-01 -9.435661446561491861e-01 1.123732422718002999e+00 2.490613131561711380e-01 -1.277660779531227364e+00 5.405764746868210180e-01 9.435661446562013666e-01 -1.123732422718074719e+00 -2.490613131561775773e-01 1.277660779531303969e+00 -5.405764746868617632e-01 -9.435661446562522148e-01 1.123732422718145330e+00 2.490613131561841831e-01 -1.277660779531379909e+00 5.405764746869021753e-01 9.435661446563035071e-01 -1.123732422718219714e+00 -2.490613131561950078e-01 1.277660779531456070e+00
-7.025657780870583125e+00 -2.801141952316009043e+00 8.756858714715310299e+00 -2.610894368058787496e+00 -7.143237254219486410e+00 7.025657780871042313e+00 2.801141952316132500e+00 -8.756858714715839653e+00 2.610894368059001547e+00 7.143237254219892307e+00 -7.025657780871503277e+00 -2.801141952316245742e+00 8.756858714716367231e+00 -2.610894368059215154e+00 -7.143237254220291099e+00 7.025657780871961577e+00 2.801141952316358985e+00 -8.756858714716898362e+00 2.610894368059399895e+00 7.143237254220687227e+00
-6.907091636213981367e+00 -3.548558813284965918e+00 9.100221593902283246e+00 -2.075687436902388772e+00 -7.817376207875652128e+00 6.907091636214437891e+00 3.548558813285133340e+00 -9.100221593902837469e+00 2.075687436902574401e+00 7.817376207876101546e+00 -6.907091636214897079e+00 -3.548558813285290992e+00 9.100221593903389916e+00 -2.075687436902758698e+00 -7.817376207876542082e+00 6.907091636215353603e+00 3.548558813285449087e+00 -9.100221593903947692e+00 2.075687436902913241e+00 7.817376207876981731e+00
-7.154711762651030149e+00 -3.577612795067309115e+00 9.365798068589347380e+00 -2.210768743089028376e+00 -7.999467844094645841e+00 7.154711762651502660e+00 3.577612795067476981e+00 -9.365798068589919367e+00 2.210768743089223776e+00 7.999467844095104141e+00 -7.154711762651976947e+00 -3.577612795067634188e+00 9.365798068590484249e+00 -2.210768743089418287e+00 -7.999467844095555336e+00 7.154711762652449458e+00 3.577612795067792284e+00 -9.365798068591058012e+00 2.210768743089581712e+00 7.999467844096004754e+00
-7.919098300557704917e+00 -3.350155281004336238e+00 9.989608131808562774e+00 -2.823762078745709392e+00 -8.244427191000870181e+00 7.919098300558223613e+00 3.350155281004486785e+00 -9.989608131809170288e+00 2.823762078745944315e+00 8.244427191001340915e+00 -7.919098300558744974e+00 -3.350155281004625341e+00 9.989608131809770697e+00 -2.823762078746179238e+00 -8.244427191001800992e+00 7.919098300559262782e+00 3.350155281004764340e+00 -9.989608131810376435e+00 2.823762078746381299e+00 8.244427191002259292e+00
1.806757947333343495e+01 5.901655779791042278e+00 -2.171500333514705616e+01 7.518954347147227324e+00 1.706803398875174338e+01 -1.806757947333460379e+01 -5.901655779791282974e+00 2.171500333514836356e+01 -7.518954347147817963e+00 -1.706803398875270616e+01 1.806757947333578329e+01 5.901655779791498802e+00 -2.171500333514966741e+01 7.518954347148408601e+00 1.706803398875365119e+01 -1.806757947333695213e+01 -5.901655779791714629e+00 2.171500333515097125e+01 -7.518954347148929074e+00 -1.706803398875458555e+01
-4.201722092685137078e+00 -1.425938686845956038e+00 5.083000667029445196e+00 -1.715528490216642110e+00 -4.022745751406874959e+00 4.201722092685409748e+00 1.425938686846015324e+00 -5.083000667029752506e+00 1.715528490216778001e+00 4.022745751407101444e+00 -4.201722092685683307e+00 -1.425938686846068615e+00 5.083000667030057151e+00 -1.715528490216913449e+00 -4.022745751407324377e+00 4.201722092685955978e+00 1.425938686846121906e+00 -5.083000667030362685e+00 1.715528490217032687e+00 4.022745751407546422e+00
1.823209163620773055e+01 6.542028989009454065e+00 -2.227528790680318593e+01 7.224856046584470448e+00 1.781008130618925733e+01 -1.823209163620891715e+01 -6.542028989009732065e+00 2.227528790680453596e+01 -7.224856046585048652e+00 -1.781008130619026630e+01 1.823209163621010731e+01 6.542028989009984308e+00 -2.227528790680587534e+01 7.224856046585626856e+00 1.781008130619125396e+01 -1.823209163621129392e+01 -6.542028989010235662e+00 2.227528790680721826e+01 -7.224856046586131342e+00 -1.781008130619223806e+01
-5.543237254215480192e+00 -1.962084304846669847e+00 6.755872043403584826e+00 -2.213274241621967064e+00 -5.387993335656702243e+00 5.543237254215839904e+00 1.962084304846752669e+00 -6.755872043403993388e+00 2.213274241622144256e+00 5.387993335657007776e+00 -5.543237254216201393e+00 -1.962084304846827720e+00 6.755872043404399285e+00 -2.213274241622320559e+00 -5.387993335657306204e+00 5.543237254216561993e+00 1.962084304846902549e+00 -6.755872043404805183e+00 2.213274241622474658e+00 5.387993335657603744e+00
1.592124957937622431e+00 -2.227937358734180529e-01 -1.454430856687319418e+00 1.121681439592828511e+00 7.611936024690636460e-01 -1.592124957937720575e+00 2.227937358734403683e-01 1.454430856687403573e+00 -1.121681439592904006e+00 -7.611936024691026148e-01 1.592124957937818719e+00 -2.227937358734644602e-01 -1.454430856687487505e+00 1.121681439592979501e+00 7.611936024691390301e-01 -1.592124957937916641e+00 2.227937358734888851e-01 1.454430856687568108e+00 -1.121681439593050778e+00 -7.611936024691754454e-01
-5.794630456465442059e+00 -2.097697766940640030e+00 7.091078974559673398e+00 -2.284830056247006080e+00 -5.678976341281837037e+00 5.794630456465819535e+00 2.097697766940729291e+00 -7.091078974560102388e+00 2.284830056247189045e+00 5.678976341282159446e+00 -5.794630456466197899e+00 -2.097697766940810560e+00 7.091078974560527826e+00 -2.284830056247372010e+00 -5.678976341282473861e+00 5.794630456466575374e+00 2.097697766940891384e+00 -7.091078974560955928e+00 2.284830056247531882e+00 5.678976341282788276e+00
-1.186352549155522418e+01 -4.227487170100079794e+00 1.447625624968150682e+01 -4.719331222056212916e+00 -1.155954915028249275e+01 1.186352549155599512e+01 4.227487170100258318e+00 -1.447625624968238256e+01 4.719331222056590391e+00 1.155954915028314645e+01 -1.186352549155676961e+01 -4.227487170100420855e+00 1.447625624968325120e+01 -4.719331222056966091e+00 -1.155954915028378771e+01 1.186352549155754055e+01 4.227487170100582503e+00 -1.447625624968412339e+01 4.719331222057295605e+00 1.155954915028442720e+01
-2.090779740155059407e+00 -4.651219592823879756e-01 2.378240919905574291e+00 -1.004711762655084994e+00 -1.757294901687962208e+00 2.090779740155193522e+00 4.651219592824030746e-01 -2.378240919905716844e+00 1.004711762655160268e+00 1.757294901688060129e+00 -2.090779740155327637e+00 -4.651219592824155091e-01 2.378240919905858952e+00 -1.004711762655235541e+00 -1.757294901688155386e+00 2.090779740155461752e+00 4.651219592824276661e-01 -2.378240919905999284e+00 1.004711762655303264e+00 1.757294901688250643e+00
-1.339336287917872248e+01 -6.302487170100851799e+00 1.728851416396157248e+01 -4.382402198211384103e+00 -1.458004065309505570e+01 1.339336287917960355e+01 6.302487170101144009e+00 -1.728851416396262763e+01 4.382402198211761579e+00 1.458004065309589059e+01 -1.339336287918048818e+01 -6.302487170101415792e+00 1.728851416396367213e+01 -4.382402198212138167e+00 -1.458004065309670949e+01 1.339336287918137103e+01 6.302487170101688463e+00 -1.728851416396472374e+01 4.382402198212457911e+00 1.458004065309752662e+01
-1.237006664343149431e+00 3.523798735617715838e-01 1.019223925530610364e+00 -9.822949016867990046e-01 -4.121322893124470532e-01 1.237006664343224260e+00 -3.523798735617994504e-01 -1.019223925530668096e+00 9.822949016868633976e-01 4.121322893124662046e-01 -1.237006664343299089e+00 3.523798735618285938e-01 1.019223925530725827e+00 -9.822949016869275685e-01 -4.121322893124833020e-01 1.237006664343374140e+00 -3.523798735618579592e-01 -1.019223925530780228e+00 9.822949016869892969e-01 4.121322893125002329e-01
-6.470879705306282759e-01 -7.344235253135622532e-01 1.100986671311951381e+00 5.397634128217498883e-02 -1.134345884812726579e+00 6.470879705306739060e-01 7.344235253136015551e-01 -1.100986671312020437e+00 -5.397634128217027039e-02 1.134345884812793415e+00 -6.470879705307197582e-01 -7.344235253136396357e-01 1.100986671312088605e+00 5.397634128216566296e-02 -1.134345884812860028e+00 6.470879705307653884e-01 7.344235253136779384e-01 -1.100986671312159437e+00 -5.397634128216505234e-02 1.134345884812926197e+00
-1.792008497186364480e+01 -7.631618792384594840e+00 2.263668477474025664e+01 -6.358621791022172509e+00 -1.870684038628330370e+01 1.792008497186481719e+01 7.631618792384938565e+00 -2.263668477474163154e+01 6.358621791022702752e+00 1.870684038628437307e+01 -1.792008497186599669e+01 -7.631618792385255645e+00 2.263668477474299578e+01 -6.358621791023232106e+00 -1.870684038628541757e+01 1.792008497186716909e+01 7.631618792385572725e+00 -2.263668477474437069e+01 6.358621791023686853e+00 1.870684038628646206e+01
-7.074922359495528390e+00 -2.826470842753300960e+00 8.821777408527825770e+00 -2.625687436902877536e+00 -7.199013328688439017e+00 7.074922359495990243e+00 2.826470842753425305e+00 -8.821777408528360453e+00 2.625687436903092919e+00 7.199013328688848468e+00 -7.074922359496454760e+00 -2.826470842753539880e+00 8.821777408528891584e+00 -2.625687436903307859e+00 -7.199013328689249036e+00 7.074922359496916613e+00 2.826470842753654455e+00 -8.821777408529424491e+00 2.625687436903493488e+00 7.199013328689649605e+00
2.825657780873516600e+00 1.057498167157163271e+00 -3.479227591217440185e+00 1.092782738811647336e+00 2.803850716312715985e+00 -2.825657780873700897e+00 -1.057498167157208790e+00 3.479227591217650239e+00 -1.092782738811735488e+00 -2.803850716312874969e+00 2.825657780873885638e+00 1.057498167157250535e+00 -3.479227591217859850e+00 1.092782738811823640e+00 2.803850716313030844e+00 -2.825657780874069935e+00 -1.057498167157292057e+00 3.479227591218069460e+00 -1.092782738811900467e+00 -2.803850716313186275e+00
