-9.204382872211963829e+00 -3.571395035093575387e+01 -4.858200266812805523e+01 -4.289338120763299145e+01 -2.082094601822758762e+01 9.204382872214363687e+00 3.571395035093787840e+01 4.858200266812907842e+01 4.289338120763252959e+01 2.082094601822580060e+01 -9.204382872216761768e+00 -3.571395035094001003e+01 -4.858200266813012291e+01 -4.289338120763207485e+01 -2.082094601822407398e+01 9.204382872219202483e+00 3.571395035094212744e+01 4.858200266813113899e+01 4.289338120763161299e+01 2.082094601822227631e+01
-8.245365877837272706e+00 -3.405997400965485156e+01 -4.686482972572206762e+01 -4.176891336353936168e+01 -2.071869176963377868e+01 8.245365877839585522e+00 3.405997400965692634e+01 4.686482972572308370e+01 4.176891336353894957e+01 2.071869176963207337e+01 -8.245365877841901892e+00 -3.405997400965900113e+01 -4.686482972572412820e+01 -4.176891336353854456e+01 -2.071869176963043202e+01 8.245365877844253788e+00 3.405997400966105459e+01 4.686482972572513006e+01 4.176891336353812534e+01 2.071869176962871606e+01
-1.233389136939883457e+01 -4.069550983124896959e+01 -5.351282672706717847e+01 -4.589006264722893036e+01 -2.073885438201061149e+01 1.233389136940147601e+01 4.069550983125124333e+01 5.351282672706819454e+01 4.589006264722831219e+01 2.073885438200857578e+01 -1.233389136940412101e+01 -4.069550983125352417e+01 -5.351282672706923904e+01 -4.589006264722770112e+01 -2.073885438200661113e+01 1.233389136940680686e+01 4.069550983125577659e+01 5.351282672707024091e+01 4.589006264722708295e+01 2.073885438200455766e+01
1.711975608143277583e+01 3.780141153068809245e+01 4.404421259794240484e+01 3.346362146050852004e+01 1.010106431182031628e+01 -1.711975608143495364e+01 -3.780141153068974091e+01 -4.404421259794289512e+01 -3.346362146050766739e+01 -1.010106431181842623e+01 1.711975608143713146e+01 3.780141153069141069e+01 4.404421259794340671e+01 3.346362146050682895e+01 1.010106431181660014e+01 -1.711975608143933769e+01 -3.780141153069305915e+01 -4.404421259794389698e+01 -3.346362146050596920e+01 -1.010106431181469766e+01
2.008586471202656298e+01 3.825227257703177486e+01 4.180761246453602809e+01 2.939386537907077468e+01 5.752660779538873115e+00 -2.008586471202863066e+01 -3.825227257703322437e+01 -4.180761246453630520e+01 -2.939386537906977281e+01 -5.752660779536961755e+00 2.008586471203069834e+01 3.825227257703469519e+01 4.180761246453659652e+01 2.939386537906878871e+01 5.752660779535110791e+00 -2.008586471203279089e+01 -3.825227257703613759e+01 -4.180761246453687363e+01 -2.939386537906777974e+01 -5.752660779533186997e+00
-7.698403532279813888e+00 -1.354553948728170454e+01 -1.421873975409567592e+01 -9.460864712034251056e+00 -1.089260912940086978e+00 7.698403532280517325e+00 1.354553948728216994e+01 1.421873975409572921e+01 9.460864712033869139e+00 1.089260912939410630e+00 -7.698403532281218986e+00 -1.354553948728264245e+01 -1.421873975409578428e+01 -9.460864712033488999e+00 -1.089260912938754711e+00 7.698403532281931305e+00 1.354553948728310608e+01 1.421873975409583757e+01 9.460864712033103530e+00 1.089260912938073034e+00
-1.033553582159166950e+01 -1.715263112350017138e+01 -1.741800433272074144e+01 -1.103029190303469953e+01 -4.293828722219963367e-01 1.033553582159252926e+01 1.715263112350071850e+01 1.741800433272075921e+01 1.103029190303418972e+01 4.293828722211401328e-01 -1.033553582159339257e+01 -1.715263112350126917e+01 -1.741800433272078052e+01 -1.103029190303367812e+01 -4.293828722203096859e-01 1.033553582159426298e+01 1.715263112350180918e+01 1.741800433272080539e+01 1.103029190303315943e+01 4.293828722194463765e-01
2.645121628789954826e-01 -1.709726157996658102e+01 -2.792846251381255485e+01 -2.809194002090918119e+01 -1.752525124994159000e+01 -2.645121628776161415e-01 1.709726157996797369e+01 2.792846251381341460e+01 2.809194002090918829e+01 1.752525124994073735e+01 2.645121628762385768e-01 -1.709726157996936990e+01 -2.792846251381429568e+01 -2.809194002090920250e+01 -1.752525124993991312e+01 -2.645121628748317022e-01 1.709726157997075546e+01 2.792846251381514833e+01 2.809194002090921671e+01 1.752525124993904981e+01
-4.019427190999099508e+00 -6.880495168500032399e+00 -7.113447851063320115e+00 -4.629305231720234559e+00 -3.769253581576554879e-01 4.019427190999451227e+00 6.880495168500260661e+00 7.113447851063338767e+00 4.629305231720033831e+00 3.769253581573117629e-01 -4.019427190999802946e+00 -6.880495168500491587e+00 -7.113447851063357419e+00 -4.629305231719836655e+00 -3.769253581569791400e-01 4.019427191000158217e+00 6.880495168500718961e+00 7.113447851063376959e+00 4.629305231719634151e+00 3.769253581566327505e-01
-3.642172942405642821e+00 -6.142830723281512029e+00 -6.297135955000884522e+00 -4.046149283688869502e+00 -2.496711095636858779e-01 3.642172942405954128e+00 6.142830723281711869e+00 6.297135955000896068e+00 4.046149283688689202e+00 2.496711095633790123e-01 -3.642172942406265435e+00 -6.142830723281914374e+00 -6.297135955000909391e+00 -4.046149283688508902e+00 -2.496711095630816946e-01 3.642172942406580738e+00 6.142830723282113325e+00 6.297135955000921825e+00 4.046149283688326825e+00 2.496711095627728305e-01
3.135613462091762393e+00 1.201934955050016285e+01 1.631210263328318177e+01 1.437418693812851167e+01 6.945820393253345770e+00 -3.135613462092567971e+00 -1.201934955050087517e+01 -1.631210263328352283e+01 -1.437418693812835357e+01 -6.945820393252744474e+00 3.135613462093373549e+00 1.201934955050158926e+01 1.631210263328387100e+01 1.437418693812819903e+01 6.945820393252164493e+00 -3.135613462094192894e+00 -1.201934955050229803e+01 -1.631210263328421206e+01 -1.437418693812804094e+01 -6.945820393251558755e+00
6.526064311808415397e+00 2.293644485240542963e+01 3.058588304047095718e+01 2.655255348300522655e+01 1.237705098313055352e+01 -6.526064311809927077e+00 -2.293644485240674413e+01 -3.058588304047156825e+01 -2.655255348300489970e+01 -1.237705098312940777e+01 6.526064311811436092e+00 2.293644485240806574e+01 3.058588304047218998e+01 2.655255348300457641e+01 1.237705098312830110e+01 -6.526064311812971752e+00 -2.293644485240937314e+01 -3.058588304047279038e+01 -2.655255348300424956e+01 -1.237705098312714469e+01
-1.110352182586815317e+01 -4.072050983124893264e+01 -5.478364712031654449e+01 -4.792129323710295097e+01 -2.275463412216588210e+01 1.110352182587086034e+01 4.072050983125129875e+01 5.478364712031766004e+01 4.792129323710238964e+01 2.275463412216384640e+01 -1.110352182587356396e+01 -4.072050983125368617e+01 -5.478364712031880401e+01 -4.792129323710184963e+01 -2.275463412216187820e+01 1.110352182587631731e+01 4.072050983125603807e+01 5.478364712031991246e+01 4.792129323710128830e+01 2.275463412215982828e+01
8.864386537904822561e+00 1.506549883418835023e+01 1.551210263328370154e+01 1.003361046344123331e+01 7.226201264406455493e-01 -8.864386537905588170e+00 -1.506549883418884583e+01 -1.551210263328373529e+01 -1.003361046344079099e+01 -7.226201264398932622e-01 8.864386537906355557e+00 1.506549883418934854e+01 1.551210263328377259e+01 1.003361046344035579e+01 7.226201264391640677e-01 -8.864386537907131824e+00 -1.506549883418984059e+01 -1.551210263328380634e+01 -1.003361046343990992e+01 -7.226201264384064515e-01
-7.864793068838617174e+00 -2.986833322315533223e+01 -4.046318527353418659e+01 -3.560247584250674890e+01 -1.714283072328832702e+01 7.864793068840617352e+00 2.986833322315709793e+01 4.046318527353503214e+01 3.560247584250635811e+01 1.714283072328683488e+01 -7.864793068842615753e+00 -2.986833322315887074e+01 -4.046318527353589189e+01 -3.560247584250596731e+01 -1.714283072328539248e+01 7.864793068844647905e+00 2.986833322316062578e+01 4.046318527353671612e+01 3.560247584250557651e+01 1.714283072328388613e+01
-1.270032889043313595e+01 -2.852702132709404736e+01 -3.345736121459791690e+01 -2.560812629200745860e+01 -7.977457514069612898e+00 1.270032889043478974e+01 2.852702132709531568e+01 3.345736121459830770e+01 2.560812629200682977e+01 7.977457514068186484e+00 -1.270032889043644175e+01 -2.852702132709659111e+01 -3.345736121459871271e+01 -2.560812629200620094e+01 -7.977457514066808031e+00 1.270032889043812041e+01 2.852702132709784877e+01 3.345736121459908929e+01 2.560812629200556145e+01 7.977457514065373623e+00
-1.156319660111992498e+01 -3.133689936781216900e+01 -3.914097167803499389e+01 -3.199452315994502882e+01 -1.262725424860131618e+01 1.156319660112185943e+01 3.133689936781375351e+01 3.914097167803561916e+01 3.199452315994445328e+01 1.262725424859974943e+01 -1.156319660112379211e+01 -3.133689936781534513e+01 -3.914097167803625155e+01 -3.199452315994388130e+01 -1.262725424859823598e+01 1.156319660112575498e+01 3.133689936781691898e+01 3.914097167803686261e+01 3.199452315994329865e+01 1.262725424859665679e+01
-4.343237254216601784e+00 -1.348062079346852649e+01 -1.746886537906394565e+01 -1.478459713475305826e+01 -6.453115294940618085e+00 4.343237254217464205e+00 1.348062079346925834e+01 1.746886537906425829e+01 1.478459713475283976e+01 6.453115294939944846e+00 -4.343237254218327514e+00 -1.348062079346999376e+01 -1.746886537906458514e+01 -1.478459713475262660e+01 -6.453115294939293811e+00 4.343237254219205035e+00 1.348062079347072029e+01 1.746886537906489778e+01 1.478459713475240811e+01 6.453115294938614355e+00
-5.919959346904058783e+00 -1.480144118671853448e+01 -1.802927557568898465e+01 -1.437053948728436481e+01 -5.222745751409410886e+00 5.919959346904949626e+00 1.480144118671924680e+01 1.802927557568924044e+01 1.437053948728406993e+01 5.222745751408671033e+00 -5.919959346905840469e+00 -1.480144118671996267e+01 -1.802927557568950334e+01 -1.437053948728377861e+01 -5.222745751407956050e+00 5.919959346906744635e+00 1.480144118672066789e+01 1.802927557568975558e+01 1.437053948728348018e+01 5.222745751407210868e+00
-2.401722092687289312e+00 -4.390247584250221990e+00 -4.701847717656645997e+00 -3.217501832844293475e+00 -5.041796067504569212e-01 2.401722092687522014e+00 4.390247584250380974e+00 4.701847717656670866e+00 3.217501832844174459e+00 5.041796067502375411e-01 -2.401722092687754273e+00 -4.390247584250540847e+00 -4.701847717656695735e+00 -3.217501832844055887e+00 -5.041796067500250444e-01 2.401722092687989196e+00 4.390247584250698942e+00 4.701847717656720604e+00 3.217501832843935095e+00 5.041796067498043321e-01
