-6.844320123124322919e+00 -1.695159536832077052e+01 -2.539953035015608762e+01 -3.136118233238416764e+01 -3.425298328171272999e+01 -3.379186357285951914e+01 -3.002296081573702224e+01 -2.331520147170200730e+01 -1.432518776105607827e+01 -3.932924862905924357e+00 6.844320123124260746e+00 1.695159536832065328e+01 2.539953035015594551e+01 3.136118233238400776e+01 3.425298328171258078e+01 3.379186357285937703e+01 3.002296081573691566e+01 2.331520147170193624e+01 1.432518776105604275e+01 3.932924862905943009e+00
4.266143278727498256e+01 4.121682912487216299e+01 3.573763505319209344e+01 2.676019226376073590e+01 1.516327540632951987e+01 2.082071503374738342e+00 -1.120294006497551464e+01 -2.339132980429275932e+01 -3.329001320538782949e+01 -3.993003816877884304e+01 -4.266143278727479071e+01 -4.121682912487199246e+01 -3.573763505319197264e+01 -2.676019226376066840e+01 -1.516327540632951276e+01 -2.082071503374789856e+00 1.120294006497541872e+01 2.339132980429263142e+01 3.329001320538765185e+01 3.993003816877865120e+01
5.851366231443194010e+01 5.744666098818703404e+01 5.075638022999579846e+01 3.909771133439699753e+01 2.361188604361451127e+01 5.814764833199358662e+00 -1.255154607293817648e+01 -2.968922419769273802e+01 -4.392071420098869794e+01 -5.385293868468202305e+01 -5.851366231443168431e+01 -5.744666098818679956e+01 -5.075638022999561372e+01 -3.909771133439689095e+01 -2.361188604361448640e+01 -5.814764833199417282e+00 1.255154607293805213e+01 2.968922419769257104e+01 4.392071420098846346e+01 5.385293868468176726e+01
4.510539656007992448e+01 4.280457998615995763e+01 3.631375288614916030e+01 2.626828264084825548e+01 1.365148986877404269e+01 -3.016058471785996176e-01 -1.422517828139787177e+01 -2.675629115278886871e+01 -3.666831182410258094e+01 -4.299098265092189308e+01 -4.510539656007972553e+01 -4.280457998615978710e+01 -3.631375288614903951e+01 -2.626828264084819153e+01 -1.365148986877404447e+01 3.016058471785321160e-01 1.422517828139775986e+01 2.675629115278872661e+01 3.666831182410239620e+01 4.299098265092169413e+01
2.493557530425023216e+01 2.429017238651033139e+01 2.126707815599627338e+01 1.616221413912682792e+01 9.475279993552200963e+00 1.860839424051019542e+00 -5.935753073506904620e+00 -1.315131270340646452e+01 -1.907953021531300664e+01 -2.314011037484094047e+01 -2.493557530425012203e+01 -2.429017238651022836e+01 -2.126707815599620233e+01 -1.616221413912678884e+01 -9.475279993552193858e+00 -1.860839424051046187e+00 5.935753073506848665e+00 1.315131270340638991e+01 1.907953021531290361e+01 2.314011037484083388e+01
3.677154318282887857e+01 2.262526897026599926e+01 6.264275791375162328e+00 -1.070990834775131262e+01 -2.663573203748065765e+01 -3.995426469332380748e+01 -4.936179554325330798e+01 -5.393744992155646401e+01 -5.323333089722629552e+01 -4.731836254624992222e+01 -3.677154318282875778e+01 -2.262526897026595663e+01 -6.264275791375212066e+00 1.070990834775118117e+01 2.663573203748047291e+01 3.995426469332358010e+01 4.936179554325308061e+01 5.393744992155623663e+01 5.323333089722606104e+01 4.731836254624973748e+01
1.002716226449908987e+00 -1.106897470593365362e+01 -2.205715727201876675e+01 -3.088623160306729787e+01 -3.669194638777815953e+01 -3.890599781223037468e+01 -3.731165909679521064e+01 -3.206499522335050045e+01 -2.367958620748573395e+01 -1.297625430825379667e+01 -1.002716226449944514e+00 1.106897470593355770e+01 2.205715727201862819e+01 3.088623160306712379e+01 3.669194638777798190e+01 3.890599781223019704e+01 3.731165909679506854e+01 3.206499522335039387e+01 2.367958620748565579e+01 1.297625430825377890e+01
5.719032051736068212e-01 -1.264417523464722315e+01 -2.462255370535168453e+01 -3.419070506395695475e+01 -4.041203199025226667e+01 -4.267754765815827511e+01 -4.076548760932453064e+01 -3.486301760343661726e+01 -2.554791252959756065e+01 -1.373199977458810572e+01 -5.719032051736459010e-01 1.264417523464711124e+01 2.462255370535152821e+01 3.419070506395677000e+01 4.041203199025206771e+01 4.267754765815808327e+01 4.076548760932437432e+01 3.486301760343649647e+01 2.554791252959747538e+01 1.373199977458808618e+01
-1.221277853408838965e+01 -3.052462950653924167e+01 -4.584851706529052251e+01 -5.668443232828894907e+01 -6.197168041133122784e+01 -6.119270863362562096e+01 -5.442376818018946238e+01 -4.232745010458646107e+01 -2.608782630006040648e+01 -7.294544292710617661e+00 1.221277853408827418e+01 3.052462950653903562e+01 4.584851706529025961e+01 5.668443232828865774e+01 6.197168041133094363e+01 6.119270863362536517e+01 5.442376818018927764e+01 4.232745010458632606e+01 2.608782630006034609e+01 7.294544292710650524e+00
-1.179257068420150034e+01 -2.750409224107053419e+01 -4.052332161710469904e+01 -4.957584593067281986e+01 -5.377554102931723179e+01 -5.271131149578626207e+01 -4.648733153174507748e+01 -3.571284766109242526e+01 -2.144254143533108703e+01 -5.073289854908514585e+00 1.179257068420139554e+01 2.750409224107034944e+01 4.052332161710447167e+01 4.957584593067257117e+01 5.377554102931699020e+01 5.271131149578603470e+01 4.648733153174492827e+01 3.571284766109231157e+01 2.144254143533103729e+01 5.073289854908548335e+00
3.441847710841011576e+01 6.868775942668074208e+01 9.623340527650701404e+01 1.143590549203080542e+02 1.212904434821216597e+02 1.163490783556936066e+02 1.000186547881139631e+02 7.389770841892898545e+01 4.054313947408931540e+01 3.219925556862844651e+00 -3.441847710840984575e+01 -6.868775942668030154e+01 -9.623340527650648824e+01 -1.143590549203075000e+02 -1.212904434821211339e+02 -1.163490783556931376e+02 -1.000186547881136505e+02 -7.389770841892877229e+01 -4.054313947408923724e+01 -3.219925556862956562e+00
-7.348016739196271629e+00 -1.400851033579959193e+01 -1.929775333770414392e+01 -2.269799778756055630e+01 -2.387640406772075607e+01 -2.271762156104330899e+01 -1.933507997299428283e+01 -1.405988604176497425e+01 -7.408412503781423908e+00 -3.175193248266205970e-02 7.348016739196215674e+00 1.400851033579950311e+01 1.929775333770404089e+01 2.269799778756044617e+01 2.387640406772065305e+01 2.271762156104322017e+01 1.933507997299422243e+01 1.405988604176493695e+01 7.408412503781411473e+00 3.175193248268692869e-02
2.403606363302523619e+01 5.751642985583042389e+01 8.536668718381602616e+01 1.048606583855659551e+02 1.140901377373690764e+02 1.121516794947069826e+02 9.923503345640416740e+01 7.660457093225460312e+01 4.647551926982595205e+01 1.179711996728329737e+01 -2.403606363302501236e+01 -5.751642985583003309e+01 -8.536668718381554299e+01 -1.048606583855654151e+02 -1.140901377373685790e+02 -1.121516794947065137e+02 -9.923503345640382634e+01 -7.660457093225437575e+01 -4.647551926982584547e+01 -1.179711996728336310e+01
-1.064155943537586246e+01 -2.066468354817174813e+01 -2.866500445595612234e+01 -3.385939500676160918e+01 -3.573939206202831542e+01 -3.412096841127701907e+01 -2.916254663766388688e+01 -2.134949161174612442e+01 -1.144659959621585799e+01 -4.232346590590134738e-01 1.064155943537578075e+01 2.066468354817161668e+01 2.866500445595596602e+01 3.385939500676144576e+01 3.573939206202815910e+01 3.412096841127688407e+01 2.916254663766379096e+01 2.134949161174606402e+01 1.144659959621584022e+01 4.232346590590490010e-01
3.410723799604610917e+01 2.917930976670895404e+01 2.139510739320063237e+01 1.151660283956721464e+01 5.107729591067116104e-01 -1.054505493735561572e+01 -2.056865938483157308e+01 -2.857886014144344955e+01 -3.379156294678369221e+01 -3.569651213122951816e+01 -3.410723799604597417e+01 -2.917930976670885101e+01 -2.139510739320057908e+01 -1.151660283956721642e+01 -5.107729591067615704e-01 1.054505493735551980e+01 2.056865938483144873e+01 2.857886014144331099e+01 3.379156294678352168e+01 3.569651213122936184e+01
-3.278771165302252655e+00 -1.311099083310944202e+01 -2.165981536852726208e+01 -2.808842626286607924e+01 -3.176754629102216754e+01 -3.233703755070305874e+01 -2.974115426953225594e+01 -2.423399958965312706e+01 -1.635465218173511204e+01 -6.874397468706733072e+00 3.278771165302205581e+00 1.311099083310934610e+01 2.165981536852713418e+01 2.808842626286593003e+01 3.176754629102202188e+01 3.233703755070291663e+01 2.974115426953214936e+01 2.423399958965304890e+01 1.635465218173506585e+01 6.874397468706736625e+00
-1.663388763902592871e+01 -4.010411237359678438e+01 -5.964866716725870077e+01 -7.335439482188752436e+01 -7.987968322122851816e+01 -7.858579167239652463e+01 -6.959937529526371236e+01 -5.380008713686851252e+01 -3.273447160226803021e+01 -8.464577912762822010e+00 1.663388763902577239e+01 4.010411237359651437e+01 5.964866716725835971e+01 7.335439482188714067e+01 7.987968322122816289e+01 7.858579167239618357e+01 6.959937529526348499e+01 5.380008713686834909e+01 3.273447160226795205e+01 8.464577912762869971e+00
-5.833267785449547382e-01 -2.907822112478530840e+00 -4.947679558054735693e+00 -6.503223655978029427e+00 -7.422186911830661593e+00 -7.614614799336274942e+00 -7.061671136141892013e+00 -5.817481900586024324e+00 -4.003837003821014484e+00 -1.798268644749255074e+00 5.833267785449443021e-01 2.907822112478508636e+00 4.947679558054706384e+00 6.503223655977995676e+00 7.422186911830626066e+00 7.614614799336241191e+00 7.061671136141866256e+00 5.817481900586003896e+00 4.003837003821002050e+00 1.798268644749254852e+00
1.053142180073400525e+01 -2.254016522484183227e+01 -5.340536383164445056e+01 -7.904287332955605905e+01 -9.694311566188895313e+01 -1.053538903908324187e+02 -1.034518922846040994e+02 -9.142330216984173319e+01 -7.044556225509359138e+01 -4.257211988372360878e+01 -1.053142180073405854e+01 2.254016522484159424e+01 5.340536383164408107e+01 7.904287332955560430e+01 9.694311566188846996e+01 1.053538903908319355e+02 1.034518922846037015e+02 9.142330216984142055e+01 7.044556225509334979e+01 4.257211988372352351e+01
-5.879059102467823372e+00 -1.229645585962647836e+01 -1.751018984279914648e+01 -2.100990444349219644e+01 -2.245302321264436785e+01 -2.169828363033133911e+01 -1.881956486544979512e+01 -1.409865596791937925e+01 -7.997672393136769919e+00 -1.113820921453783530e+00 5.879059102467775411e+00 1.229645585962640020e+01 1.751018984279905055e+01 2.100990444349208985e+01 2.245302321264426837e+01 2.169828363033125029e+01 1.881956486544973473e+01 1.409865596791933839e+01 7.997672393136753932e+00 1.113820921453802182e+00
