1.447426457862691862e+01 2.928689936781110603e+01 3.291293402358963505e+01 2.396734655184020824e+01 5.867047317435768683e+00 -1.447426457862511384e+01 -2.928689936781004377e+01 -3.291293402358971321e+01 -2.396734655184139484e+01 -5.867047317437609877e+00 1.447426457862331617e+01 2.928689936780896375e+01 3.291293402358977005e+01 2.396734655184258145e+01 5.867047317439437748e+00 -1.447426457862150073e+01 -2.928689936780789793e+01 -3.291293402358983400e+01 -2.396734655184375384e+01 -5.867047317441268284e+00
-6.565411518860786444e-02 -5.751518827218865759e+00 -9.240498834186517740e+00 -9.199922359498819091e+00 -5.645288237342828808e+00 6.565411518805053248e-02 5.751518827218387031e+00 9.240498834186297472e+00 9.199922359498941660e+00 5.645288237343248028e+00 -6.565411518749408870e-02 -5.751518827217902086e+00 -9.240498834186075428e+00 -9.199922359499066005e+00 -5.645288237343664584e+00 6.565411518693231585e-02 5.751518827217424246e+00 9.240498834185855159e+00 9.199922359499186797e+00 5.645288237344079363e+00
-5.519959346906816222e+00 -1.170025124993684962e+01 -1.341144485240459794e+01 -9.999922359498786051e+00 -2.768769410124631847e+00 5.519959346906077258e+00 1.170025124993640020e+01 1.341144485240460149e+01 9.999922359499249680e+00 2.768769410125372588e+00 -5.519959346905340070e+00 -1.170025124993594190e+01 -1.341144485240460327e+01 -9.999922359499713309e+00 -2.768769410126108443e+00 5.519959346904594888e+00 1.170025124993549070e+01 1.341144485240460860e+01 9.999922359500171609e+00 2.768769410126845187e+00
1.703771242968637267e+01 1.685156681168517778e+01 1.022869543531018444e+01 -3.011899367822454820e-01 -1.071603099009326598e+01 -1.703771242968597477e+01 -1.685156681168541581e+01 -1.022869543531095893e+01 3.011899367812205242e-01 1.071603099009238846e+01 1.703771242968557686e+01 1.685156681168565029e+01 1.022869543531172987e+01 -3.011899367801902372e-01 -1.071603099009151805e+01 -1.703771242968517186e+01 -1.685156681168587767e+01 -1.022869543531250081e+01 3.011899367791723847e-01 1.071603099009064053e+01
1.833426824431423086e+01 3.227522159390397860e+01 3.388813728905738287e+01 2.255693635521405227e+01 2.609752415747467857e+00 -1.833426824431241542e+01 -3.227522159390303358e+01 -3.388813728905765998e+01 -2.255693635521545204e+01 -2.609752415749446719e+00 1.833426824431061064e+01 3.227522159390208145e+01 3.388813728905792289e+01 2.255693635521685536e+01 2.609752415751411370e+00 -1.833426824430878455e+01 -3.227522159390113643e+01 -3.388813728905820000e+01 -2.255693635521824092e+01 -2.609752415753380461e+00
2.011131922743790312e+01 2.993722825824705680e+01 2.832813362337005003e+01 1.589865478221479123e+01 -2.603569810345209845e+00 -2.011131922743645006e+01 -2.993722825824648837e+01 -2.832813362337056873e+01 -1.589865478221620876e+01 2.603569810343438817e+00 2.011131922743500056e+01 2.993722825824590927e+01 2.832813362337108032e+01 1.589865478221763695e+01 -2.603569810341679336e+00 -2.011131922743353684e+01 -2.993722825824533373e+01 -2.832813362337159901e+01 -1.589865478221904560e+01 2.603569810339916302e+00
1.921172575837605478e+01 3.378981139727849126e+01 3.546133755586955516e+01 2.358783805465206740e+01 2.704586137686039393e+00 -1.921172575837416119e+01 -3.378981139727751071e+01 -3.546133755586985359e+01 -2.358783805465353112e+01 -2.704586137688110625e+00 1.921172575837227114e+01 3.378981139727650884e+01 3.546133755587013070e+01 2.358783805465500194e+01 2.704586137690166758e+00 -1.921172575837035978e+01 -3.378981139727552119e+01 -3.546133755587042202e+01 -2.358783805465645145e+01 -2.704586137692229109e+00
4.490576474687301811e+00 1.185661446564845178e-01 -4.298732422718060775e+00 -7.074061313155537434e+00 -7.147339220468403198e+00 -4.490576474687618891e+00 -1.185661446569117317e-01 4.298732422717685964e+00 7.074061313155358022e+00 7.147339220468487575e+00 4.490576474687936859e+00 1.185661446573429423e-01 -4.298732422717311152e+00 -7.074061313155175945e+00 -7.147339220468571952e+00 -4.490576474688255715e+00 -1.185661446577679357e-01 4.298732422716938117e+00 7.074061313154996533e+00 7.147339220468654553e+00
-3.224342219126537845e+00 -1.319885804768731496e+01 -1.813185871471678112e+01 -1.613910563193565650e+01 -7.981762745780192958e+00 3.224342219125484466e+00 1.319885804768651560e+01 1.813185871471653243e+01 1.613910563193606151e+01 7.981762745781091795e+00 -3.224342219124432862e+00 -1.319885804768570381e+01 -1.813185871471628374e+01 -1.613910563193646652e+01 -7.981762745781984414e+00 3.224342219123370157e+00 1.319885804768490445e+01 1.813185871471603505e+01 1.613910563193686443e+01 7.981762745782876145e+00
-4.167908363782899528e+00 -1.612644118671824955e+01 -2.192522159390361836e+01 -1.934931256309123526e+01 -9.382623792123624185e+00 4.167908363781627656e+00 1.612644118671729387e+01 2.192522159390333414e+01 1.934931256309173619e+01 9.382623792124714868e+00 -4.167908363780359338e+00 -1.612644118671632754e+01 -2.192522159390304637e+01 -1.934931256309224068e+01 -9.382623792125801998e+00 4.167908363779078584e+00 1.612644118671536830e+01 2.192522159390276215e+01 1.934931256309273451e+01 9.382623792126885576e+00
-9.670288237345118887e+00 -2.247238720493636777e+01 -2.669079806859046045e+01 -2.071423125690339972e+01 -6.825532155905001730e+00 9.670288237343630300e+00 2.247238720493541209e+01 2.669079806859038939e+01 2.071423125690425238e+01 6.825532155906444132e+00 -9.670288237342145266e+00 -2.247238720493444220e+01 -2.669079806859031834e+01 -2.071423125690510858e+01 -6.825532155907876763e+00 9.670288237340647797e+00 2.247238720493348652e+01 2.669079806859024728e+01 2.071423125690595057e+01 6.825532155909311172e+00
-8.030901699438995678e+00 -1.944984471899926248e+01 -2.343960813180970248e+01 -1.847623792124757713e+01 -6.455572808998849332e+00 8.030901699437684726e+00 1.944984471899840273e+01 2.343960813180961722e+01 1.847623792124829833e+01 6.455572809000104328e+00 -8.030901699436375551e+00 -1.944984471899752876e+01 -2.343960813180952130e+01 -1.847623792124902664e+01 -6.455572809001351331e+00 8.030901699435052166e+00 1.944984471899666900e+01 2.343960813180942893e+01 1.847623792124974074e+01 6.455572809002599222e+00
2.270742052665954702e+01 5.157334422021597220e+01 6.074000333514849359e+01 4.670604565283706933e+01 1.483196601124685365e+01 -2.270742052665617194e+01 -5.157334422021382636e+01 -6.074000333514837280e+01 -4.670604565283904464e+01 -1.483196601125015235e+01 2.270742052665280042e+01 5.157334422021165210e+01 6.074000333514824490e+01 4.670604565284103415e+01 1.483196601125342795e+01 -2.270742052664939692e+01 -5.157334422020950626e+01 -6.074000333514812411e+01 -4.670604565284298815e+01 -1.483196601125670888e+01
-2.748277907313517510e+00 -8.749061313156055064e+00 -1.140800066702987436e+01 -9.709471509779907805e+00 -4.302254248592911168e+00 2.748277907312864254e+00 8.749061313155582553e+00 1.140800066702976245e+01 9.709471509780197351e+00 4.302254248593493813e+00 -2.748277907312211887e+00 -8.749061313155106490e+00 -1.140800066702964877e+01 -9.709471509780492227e+00 -4.302254248594072017e+00 2.748277907311551971e+00 8.749061313154635755e+00 1.140800066702953508e+01 9.709471509780778220e+00 4.302254248594650221e+00
1.549290836378532710e+01 4.410797101099866779e+01 5.587528790680614321e+01 4.630014395340037225e+01 1.903991869380925905e+01 -1.549290836378215275e+01 -4.410797101099645801e+01 -5.587528790680571689e+01 -4.630014395340190703e+01 -1.903991869381216162e+01 1.549290836377898195e+01 4.410797101099421269e+01 5.587528790680526924e+01 4.630014395340344180e+01 1.903991869381504642e+01 -1.549290836377577918e+01 -4.410797101099200290e+01 -5.587528790680484292e+01 -4.630014395340496236e+01 -1.903991869381793123e+01
-6.381762745782012303e+00 -1.286291569515563005e+01 -1.443087204340444352e+01 -1.048672575837360199e+01 -2.537006664343217643e+00 6.381762745781222712e+00 1.286291569515516642e+01 1.443087204340447371e+01 1.048672575837412069e+01 2.537006664344025886e+00 -6.381762745780434898e+00 -1.286291569515469391e+01 -1.443087204340450391e+01 -1.048672575837464649e+01 -2.537006664344828355e+00 6.381762745779639090e+00 1.286291569515422673e+01 1.443087204340453411e+01 1.048672575837516163e+01 2.537006664345632156e+00
1.310787504206154352e+01 1.252279373587310651e+01 7.154430856685594975e+00 -9.466814395946769878e-01 -8.686193602468454955e+00 -1.310787504206128062e+01 -1.252279373587332501e+01 -7.154430856686208706e+00 9.466814395938980553e-01 8.686193602467810138e+00 1.310787504206101772e+01 1.252279373587354350e+01 7.154430856686818885e+00 -9.466814395931137938e-01 -8.686193602467172425e+00 -1.310787504206075127e+01 -1.252279373587375844e+01 -7.154430856687429063e+00 9.466814395923410785e-01 8.686193602466529384e+00
-7.080369543532099463e+00 -1.540230223306149249e+01 -1.784107897455999847e+01 -1.346516994374794329e+01 -3.946023658717884075e+00 7.080369543531112697e+00 1.540230223306088142e+01 1.784107897455998781e+01 1.346516994374854370e+01 3.946023658718863292e+00 -7.080369543530128595e+00 -1.540230223306026147e+01 -1.784107897455997715e+01 -1.346516994374914766e+01 -3.946023658719835403e+00 7.080369543529133836e+00 1.540230223305965040e+01 1.784107897455996650e+01 1.346516994374974452e+01 3.946023658720808847e+00
-1.018647450843995550e+01 -2.809751282990527699e+01 -3.527625624968337803e+01 -2.898066877793379348e+01 -1.161545084971680097e+01 1.018647450843795710e+01 2.809751282990389853e+01 3.527625624968312934e+01 2.898066877793478469e+01 1.161545084971864483e+01 -1.018647450843596047e+01 -2.809751282990249877e+01 -3.527625624968288065e+01 -2.898066877793577945e+01 -1.161545084972047626e+01 1.018647450843394608e+01 2.809751282990111676e+01 3.527625624968263196e+01 2.898066877793675644e+01 1.161545084972230590e+01
-1.342202598441999406e-01 -2.309878040718849501e+00 -3.603240919905939865e+00 -3.520288237343445203e+00 -2.092705098312260592e+00 1.342202598439838912e-01 2.309878040718667869e+00 3.603240919905859929e+00 3.520288237343498938e+00 2.092705098312426681e+00 -1.342202598437682859e-01 -2.309878040718483572e+00 -3.603240919905779549e+00 -3.520288237343552673e+00 -2.092705098312591883e+00 1.342202598435509042e-01 2.309878040718301939e+00 3.603240919905700057e+00 3.520288237343605076e+00 2.092705098312756640e+00
