2.646043729686479651e+01 8.837356478398703530e-01 -2.477947220374406001e+01 -4.801709266729078252e+01 -6.655446554580623797e+01 -7.857702362446978839e+01 -8.290791515245410892e+01 -7.912320229190446241e+01 -6.759335910725644680e+01 -4.944700698256460214e+01 -2.646043729686345358e+01 -8.837356478378239899e-01 2.477947220374661086e+01 4.801709266729358205e+01 6.655446554580895224e+01 7.857702362447220423e+01 8.290791515245601317e+01 7.912320229190564191e+01 6.759335910725680208e+01 4.944700698256411897e+01
2.694710763502805406e+01 -1.001200820670383962e+00 -2.885150476426543875e+01 -5.387762240128030555e+01 -7.362982297018935185e+01 -8.617462345763395604e+01 -9.028405138713850420e+01 -8.555584732089504030e+01 -7.245284081624230055e+01 -5.225764544387020294e+01 -2.694710763502653350e+01 1.001200820672657699e+00 2.885150476426823474e+01 5.387762240128336089e+01 7.362982297019229350e+01 8.617462345763657083e+01 9.028405138714052214e+01 8.555584732089627664e+01 7.245284081624261319e+01 5.225764544386960608e+01
2.282731298255982111e+01 -1.381935888333473983e+01 -4.911329561659361786e+01 -7.959968078244845913e+01 -1.022942945897298159e+02 -1.149756301163086647e+02 -1.164023498847833764e+02 -1.064347966236744583e+02 -8.604866389420635642e+01 -5.723948840647824454e+01 -2.282731298255749408e+01 1.381935888333796214e+01 4.911329561659741216e+01 7.959968078245243817e+01 1.022942945897335250e+02 1.149756301163118337e+02 1.164023498847856786e+02 1.064347966236756378e+02 8.604866389420634221e+01 5.723948840647706504e+01
3.386367232311954467e+01 5.904159094911855732e+01 7.844010728606481564e+01 9.016035939748716999e+01 9.305508734692141104e+01 8.684093499392126603e+01 7.212618686734370499e+01 5.035122503749688860e+01 2.364753448336629305e+01 -5.370941508057338609e+00 -3.386367232312247211e+01 -5.904159094912172634e+01 -7.844010728606787097e+01 -9.016035939748982742e+01 -9.305508734692338635e+01 -8.684093499392240290e+01 -7.212618686734388973e+01 -5.035122503749607858e+01 -2.364753448336456998e+01 5.370941508059715375e+00
3.662187265045060514e+01 5.994335985181854909e+01 7.739717334094406453e+01 8.727481224564215267e+01 8.860938444836394012e+01 8.127025272339558626e+01 6.597582241871454301e+01 4.422321893510492430e+01 1.814173866084279751e+01 -9.715581394468571830e+00 -3.662187265045344731e+01 -5.994335985182158311e+01 -7.739717334094694934e+01 -8.727481224564462536e+01 -8.860938444836570227e+01 -8.127025272339652417e+01 -6.597582241871455722e+01 -4.422321893510400059e+01 -1.814173866084102471e+01 9.715581394470948595e+00
-1.010968251378406890e+01 -1.803168867290435884e+01 -2.418862751055834437e+01 -2.797781495540108310e+01 -2.902833893951003219e+01 -2.723736685588959361e+01 -2.278021153052078063e+01 -1.609317038147792545e+01 -7.830817587784633105e+00 1.198070191915432403e+00 1.010968251378497307e+01 1.803168867290534294e+01 2.418862751055930005e+01 2.797781495540192154e+01 2.902833893951065392e+01 2.723736685588995599e+01 2.278021153052085168e+01 1.609317038147768386e+01 7.830817587784109968e+00 -1.198070191916166038e+00
-5.853196093890868923e+00 -1.337725580226138078e+01 -1.959185650788482747e+01 -2.388866979402555657e+01 -2.584709363857758291e+01 -2.527542387049483708e+01 -2.222961950973474288e+01 -1.700782510849532514e+01 -1.012118628515081120e+01 -2.243815229764258845e+00 5.853196093891627427e+00 1.337725580226224764e+01 1.959185650788570143e+01 2.388866979402636304e+01 2.584709363857821884e+01 2.527542387049526340e+01 2.222961950973491696e+01 1.700782510849522566e+01 1.012118628515044350e+01 2.243815229763682417e+00
1.905561672151095820e+01 1.488749175018386950e+01 9.262075359094419369e+00 2.730022499183132112e+00 -4.069263984133458578e+00 -1.047022255645376276e+01 -1.584628279461826139e+01 -1.967119846530117400e+01 -2.157056017290153704e+01 -2.135844515984824454e+01 -1.905561672151113228e+01 -1.488749175018381798e+01 -9.262075359094140481e+00 -2.730022499182650719e+00 4.069263984134074086e+00 1.047022255645446975e+01 1.584628279461898970e+01 1.967119846530185612e+01 2.157056017290210548e+01 2.135844515984863179e+01
-2.220033037924618036e+00 -3.964856839674540279e+00 -5.321572829175146069e+00 -6.157376192577971530e+00 -6.390452673288694818e+00 -5.997987121436009872e+00 -5.018396799703548794e+00 -3.547570833989587058e+00 -1.729483917665295856e+00 2.578969345430974780e-01 2.220033037924816988e+00 3.964856839674757438e+00 5.321572829175356567e+00 6.157376192578157159e+00 6.390452673288832486e+00 5.997987121436090696e+00 5.018396799703563893e+00 3.547570833989534655e+00 1.729483917665181059e+00 -2.578969345432586824e-01
3.484570904549963988e-01 -1.376479672051025505e+00 -2.966677013758890258e+00 -4.266475339305855208e+00 -5.148641332359927603e+00 -5.526822439109081664e+00 -5.363999657881996619e+00 -4.676111216958203975e+00 -3.530492429735912374e+00 -2.039284445103882959e+00 -3.484570904548675019e-01 1.376479672051190928e+00 2.966677013759074999e+00 4.266475339306040837e+00 5.148641332360093692e+00 5.526822439109214891e+00 5.363999657882084549e+00 4.676111216958236838e+00 3.530492429735886617e+00 2.039284445103804799e+00
1.627937168768067711e-01 1.347029537816883504e+01 2.545923067477915680e+01 3.495603908805152571e+01 4.103110684233983108e+01 4.308976397836833883e+01 4.093049479215488162e+01 3.476466359615908175e+01 2.519582490771702510e+01 1.316064332767285805e+01 -1.627937168778768595e-01 -1.347029537817016731e+01 -2.545923067478060986e+01 -3.495603908805296101e+01 -4.103110684234107453e+01 -4.308976397836930516e+01 -4.093049479215547137e+01 -3.476466359615923807e+01 -2.519582490771672667e+01 -1.316064332767216172e+01
-2.470973916305725382e+00 1.744864035110088807e+01 3.566026012911591181e+01 5.038120518605100528e+01 6.017048685287806364e+01 6.406986203411202041e+01 6.169763271846923658e+01 5.328600923965834824e+01 3.965837991101228965e+01 2.214871204049562792e+01 2.470973916304195939e+00 -1.744864035110283140e+01 -3.566026012911805765e+01 -5.038120518605315112e+01 -6.017048685287996079e+01 -6.406986203411352676e+01 -6.169763271847021002e+01 -5.328600923965867509e+01 -3.965837991101194149e+01 -2.214871204049467224e+01
-7.805877834520840608e+00 -3.499261995335946551e+01 -5.875404062324390253e+01 -7.676420643345308292e+01 -8.726015687027987155e+01 -8.921447517538075545e+01 -8.243585905651615064e+01 -6.758784668879614799e+01 -4.612386497495844395e+01 -2.014495799350773098e+01 7.805877834523226255e+00 3.499261995336232900e+01 5.875404062324692944e+01 7.676420643345599615e+01 8.726015687028233003e+01 8.921447517538258865e+01 8.243585905651714540e+01 6.758784668879623325e+01 4.612386497495757709e+01 2.014495799350607186e+01
2.296949457700244679e+01 2.850277609920313537e+01 3.124600730629533984e+01 3.093066161451313079e+01 2.758760725731079333e+01 2.154408568760059595e+01 1.339167890431653696e+01 3.928401284564527529e+00 -5.919415623701903328e+00 -1.518779888772663611e+01 -2.296949457700350195e+01 -2.850277609920413013e+01 -3.124600730629614986e+01 -3.093066161451369211e+01 -2.758760725731104202e+01 -2.154408568760051423e+01 -1.339167890431613550e+01 -3.928401284563834750e+00 5.919415623702818152e+00 1.518779888772765219e+01
-1.450081782479563941e+01 -3.930677904833768110e+01 -6.026511887219515984e+01 -7.532428896906877469e+01 -8.301019284646882568e+01 -8.257048068203413038e+01 -7.404819456607434347e+01 -5.827755524187847413e+01 -3.680230276700408609e+01 -1.172458448057416369e+01 1.450081782479801262e+01 3.930677904834043801e+01 6.026511887219799490e+01 7.532428896907141791e+01 8.301019284647097152e+01 8.257048068203562252e+01 7.404819456607503980e+01 5.827755524187828939e+01 3.680230276700304159e+01 1.172458448057241931e+01
9.092490382126733550e+00 -1.676089710236912467e+01 -4.097361119844826760e+01 -6.117554275048749446e+01 -7.538918594303949305e+01 -8.222321034814180507e+01 -8.100865404157515570e+01 -7.186440625693758477e+01 -5.568556967911007405e+01 -3.405584155691317250e+01 -9.092490382124907455e+00 1.676089710237153696e+01 4.097361119845100319e+01 6.117554275049030110e+01 7.538918594304203680e+01 8.222321034814389407e+01 8.100865404157657679e+01 7.186440625693821005e+01 5.568556967910983246e+01 3.405584155691212089e+01
3.846318012987884671e+00 -2.558984689539360602e+01 -5.252109929470677940e+01 -7.431122055903776413e+01 -8.882724179833169842e+01 -9.464823371461933732e+01 -9.120439706189887374e+01 -7.883283856635948439e+01 -5.874457257126108090e+01 -3.290597851538310437e+01 -3.846318012985630475e+00 2.558984689539646951e+01 5.252109929470994842e+01 7.431122055904093315e+01 8.882724179833451217e+01 9.464823371462156842e+01 9.120439706190030904e+01 7.883283856635996756e+01 5.874457257126056220e+01 3.290597851538169749e+01
-2.934448641606035579e-01 -7.647318734032299226e+00 -1.425261976421426624e+01 -1.946277506803384938e+01 -2.276777834306660964e+01 -2.384411284144047372e+01 -2.258641944319117556e+01 -1.911780994100452702e+01 -1.377781600017801367e+01 -7.089153433565282825e+00 2.934448641612003028e-01 7.647318734033039966e+00 1.425261976421507093e+01 1.946277506803464163e+01 2.276777834306729886e+01 2.384411284144100307e+01 2.258641944319149886e+01 1.911780994100460518e+01 1.377781600017784136e+01 7.089153433564892026e+00
-1.038417455078455287e+00 -8.382999528715691540e+00 -1.490699520069008699e+01 -1.997179031927808524e+01 -2.308160744976967749e+01 -2.393203602406231667e+01 -2.243983016801992747e+01 -1.875105738764149166e+01 -1.322680046386165742e+01 -6.407812154141238281e+00 1.038417455079071239e+00 8.382999528716444715e+00 1.490699520069089701e+01 1.997179031927887394e+01 2.308160744977035606e+01 2.393203602406283181e+01 2.243983016802023300e+01 1.875105738764154495e+01 1.322680046386145847e+01 6.407812154140824390e+00
-7.054310815625272291e+00 -5.211100937599423943e+00 -2.857792191926144199e+00 -2.247428350980995582e-01 2.430305916304767333e+00 4.847459391682733099e+00 6.790109767567245491e+00 8.068096889925660875e+00 8.556322474961671531e+00 8.206995600744274810e+00 7.054310815625312259e+00 5.211100937599375982e+00 2.857792191926007863e+00 2.247428350978899481e-01 -2.430305916305024017e+00 -4.847459391683017316e+00 -6.790109767567528820e+00 -8.068096889925916670e+00 -8.556322474961874036e+00 -8.206995600744402708e+00
