-1.643337464653513891e+01 1.481873138379406996e+01 -1.175352744503035751e+01 7.537806348302684256e+00 -2.584232247215984657e+00 -2.622304511633766655e+00 7.572151834214204236e+00 -1.178078417697551572e+01 1.483623128294130922e+01 -1.643940470082694816e+01 1.643337464652332258e+01 -1.481873138375955890e+01 1.175352744497650015e+01 -7.537806348234740383e+00 2.584232247140716421e+00 2.622304511709101948e+00 -7.572151834282227156e+00 1.178078417702958447e+01 -1.483623128297607430e+01 1.643940470083899186e+01
-1.673747976103931379e+01 1.497468636532294362e+01 -1.174606633338958694e+01 7.367659489084292801e+00 -2.268054800483191080e+00 -3.053562894456859578e+00 8.076276577862914863e+00 -1.230842803909773764e+01 1.533574480600141321e+01 -1.686189202087230754e+01 1.673747976102552570e+01 -1.497468636528612329e+01 1.174606633333330841e+01 -7.367659489014056540e+00 2.268054800405983507e+00 3.053562894533594196e+00 -8.076276577931658096e+00 1.230842803915177974e+01 -1.533574480603540557e+01 1.686189202088290529e+01
-1.923497518790232164e+01 1.746163396570099025e+01 -1.397902634857415016e+01 9.128054234841219028e+00 -3.383564573705878153e+00 -2.692131962585372573e+00 8.504303865191689127e+00 -1.348401525250144317e+01 1.714381727823402457e+01 -1.912546302076951221e+01 1.923497518789022109e+01 -1.746163396566224080e+01 1.397902634851251236e+01 -9.128054234762712937e+00 3.383564573618316196e+00 2.692131962673546486e+00 -8.504303865271841900e+00 1.348401525256574374e+01 -1.714381727827611357e+01 1.912546302078525073e+01
1.160868128586492887e+01 -1.041517521667115354e+01 8.202159230473897722e+00 -5.186258750991798117e+00 1.662691130171652043e+00 2.023632283120469832e+00 -5.511868469065013265e+00 8.460564565810107851e+00 -1.058108165463178096e+01 1.166584874836421193e+01 -1.160868128585579839e+01 1.041517521664602874e+01 -8.202159230435215775e+00 5.186258750943338214e+00 -1.662691130118237659e+00 -2.023632283173689927e+00 5.511868469112825686e+00 -8.460564565847842999e+00 1.058108165465570671e+01 -1.166584874837197283e+01
1.013783252604720708e+01 -9.163026292819120400e+00 7.291279203489091643e+00 -4.705810904390082428e+00 1.659705046655523653e+00 1.548864304891183652e+00 -4.605820026702541092e+00 7.211925993663846235e+00 -9.112078395920248042e+00 1.012027707719804859e+01 -1.013783252604023311e+01 9.163026292798129191e+00 -7.291279203456122460e+00 4.705810904348354029e+00 -1.659705046609188717e+00 -1.548864304937657810e+00 4.605820026744602558e+00 -7.211925993697386517e+00 9.112078395941951570e+00 -1.012027707720577929e+01
-3.478010027176990704e+00 3.212427359119484294e+00 -2.632389918852932276e+00 1.794675812389270986e+00 -7.812863331667864175e-01 -3.085808958882573227e-01 1.368242076844149002e+00 -2.293970190215037341e+00 2.995148518336899990e+00 -3.403140841056278454e+00 3.478010027175619800e+00 -3.212427359113255054e+00 2.632389918842449106e+00 -1.794675812375557733e+00 7.812863331512082121e-01 3.085808959041984600e-01 -1.368242076858891876e+00 2.293970190227142325e+00 -2.995148518345170263e+00 3.403140841059899557e+00
-3.658932213975182091e+00 3.274625241142578691e+00 -2.569775134050366727e+00 1.613377532160395811e+00 -4.990512963598501273e-01 -6.641255574233809744e-01 1.762293174410980656e+00 -2.687955256868186815e+00 3.350501550696873387e+00 -3.685077408425418533e+00 3.658932213972183156e+00 -3.274625241134544673e+00 2.569775134038076558e+00 -1.613377532145050752e+00 4.990512963429769577e-01 6.641255574401555561e-01 -1.762293174426013298e+00 2.687955256880009802e+00 -3.350501550704316767e+00 3.685077408427750445e+00
-8.742256753373725431e+00 7.875958814846655720e+00 -6.238707152488373708e+00 3.990767366414070594e+00 -1.352183465202790424e+00 -1.418761574799108915e+00 4.050828346766129684e+00 -6.286371816369840992e+00 7.906561412857590732e+00 -8.752801689999969881e+00 8.742256753367332323e+00 -7.875958814828192267e+00 6.238707152459633143e+00 -3.990767366377860892e+00 1.352183465162715370e+00 1.418761574839186634e+00 -4.050828346802283875e+00 6.286371816398541590e+00 -7.906561412875998229e+00 8.752801690006272395e+00
-2.067826706616882948e+00 1.877258430634789921e+00 -1.502931019833045667e+00 9.814862492734603983e-01 -3.639667662179026930e-01 -2.891803198207426040e-01 9.140204213174901726e-01 -1.449389835620678690e+00 1.842882874320121100e+00 -2.055981697160585764e+00 2.067826706615583099e+00 -1.877258430630625252e+00 1.502931019826420078e+00 -9.814862492650212600e-01 3.639667662084898336e-01 2.891803198302216327e-01 -9.140204213261069466e-01 1.449389835627591605e+00 -1.842882874324646814e+00 2.055981697162278632e+00
-1.700915405747427389e+00 1.555901593986455556e+00 -1.258585293601801158e+00 8.380698955996707111e-01 -3.355183770396921172e-01 -1.998760179590199915e-01 7.157051557017430898e-01 -1.161476086193136803e+00 1.493553644887881227e+00 -1.679431766620434141e+00 1.700915405746532327e+00 -1.555901593983195497e+00 1.258585293596492516e+00 -8.380698955928318483e-01 3.355183770320037118e-01 1.998760179668166159e-01 -7.157051557088843774e-01 1.161476086198925506e+00 -1.493553644891745025e+00 1.679431766621991784e+00
6.393469140576320875e+00 -5.926188699977415375e+00 4.878811619238451414e+00 -3.353862464527674447e+00 1.500613884054130764e+00 4.995252387827812113e-01 -2.450767350850508119e+00 4.162111279116093243e+00 -5.466038756246168084e+00 6.234912275781903546e+00 -6.393469140574111087e+00 5.926188699966259854e+00 -4.878811619219431961e+00 3.353862464502649576e+00 -1.500613884025590483e+00 -4.995252388120844933e-01 2.450767350877704587e+00 -4.162111279138527742e+00 5.466038756261622389e+00 -6.234912275788855318e+00
9.636074108323775533e+00 -8.662412388378969652e+00 6.840813389281134249e+00 -4.349587912889002261e+00 1.432594466221070784e+00 1.624631308273561059e+00 -4.522826850841999757e+00 6.978296588861097050e+00 -8.750682036109228790e+00 9.666489756073668005e+00 -9.636074108316448061e+00 8.662412388358351478e+00 -6.840813389249230880e+00 4.349587912848926763e+00 -1.432594466176811299e+00 -1.624631308317736611e+00 4.522826850881765282e+00 -6.978296588892567875e+00 8.750682036129292740e+00 -9.666489756080348883e+00
-1.775628458100543483e+01 1.599949224319373720e+01 -1.267655812959636386e+01 8.112754183496512894e+00 -2.754817333031576165e+00 -2.872780231932270389e+00 8.219170051956956158e+00 -1.276101024096866610e+01 1.605371383640435567e+01 -1.777496806872684232e+01 1.775628458099248519e+01 -1.599949224315627561e+01 1.267655812953802474e+01 -8.112754183422993037e+00 2.754817332950192377e+00 2.872780232013671498e+00 -8.219170052030397855e+00 1.276101024102698211e+01 -1.605371383644177641e+01 1.777496806873968538e+01
3.913196798781608976e+00 -3.569978567498570676e+00 2.877305960524485506e+00 -1.902982598764006994e+00 7.423820413765617188e-01 4.908880427008650016e-01 -1.676106584940488808e+00 2.697256136524393888e+00 -3.454379464575989100e+00 3.873364062556941878e+00 -3.913196798779407626e+00 3.569978567490935450e+00 -2.877305960512156702e+00 1.902982598748189202e+00 -7.423820413588292366e-01 -4.908880427188025974e-01 1.676106584956874368e+00 -2.697256136537627746e+00 3.454379464584762527e+00 -3.873364062560391119e+00
-1.253613367567336212e+01 1.126553376534953443e+01 -8.892184918480946720e+00 5.648407056293525130e+00 -1.851723756668409715e+00 -2.126219165977992986e+00 5.896032942417852141e+00 -9.088701934375102098e+00 1.139170545628322451e+01 -1.257960947744809665e+01 1.253613367566377335e+01 -1.126553376532265993e+01 8.892184918439394181e+00 -5.648407056241353530e+00 1.851723756610812011e+00 2.126219166035463903e+00 -5.896032942469566329e+00 9.088701934416009820e+00 -1.139170545630928011e+01 1.257960947745673685e+01
-1.083709121714146661e+01 9.717684651745349456e+00 -7.647043405543406891e+00 4.827856270720356058e+00 -1.536084926465245637e+00 -1.906049112925731315e+00 5.161605784917943751e+00 -7.911908519658741312e+00 9.887738522985022982e+00 -1.089568778775349678e+01 1.083709121713286372e+01 -9.717684651721819833e+00 7.647043405507233160e+00 -4.827856270675072281e+00 1.536084926415357321e+00 1.906049112975414239e+00 -5.161605784962552512e+00 7.911908519693922059e+00 -9.887738523007294944e+00 1.089568778776066793e+01
-1.329050841930477844e+01 1.216392192075557155e+01 -9.846645993571872424e+00 6.565511750917817579e+00 -2.641699473471846638e+00 -1.540700754240821757e+00 5.572286457434605822e+00 -9.058417937770428807e+00 1.165784835664581287e+01 -1.311612735336375835e+01 1.329050841929787907e+01 -1.216392192073019274e+01 9.846645993530469099e+00 -6.565511750864437168e+00 2.641699473411801780e+00 1.540700754301742359e+00 -5.572286457490434053e+00 9.058417937815715248e+00 -1.165784835667607844e+01 1.311612735337602231e+01
-5.601662135611771731e+00 5.044377958481308433e+00 -3.993314920525383283e+00 2.551358395086213537e+00 -8.596571335760663235e-01 -9.161933577521980121e-01 2.602360459728941144e+00 -4.033790388195183318e+00 5.070364808393505562e+00 -5.610616593835919375e+00 5.601662135607640813e+00 -5.044377958469447698e+00 3.993314920506941146e+00 -2.551358395062992557e+00 8.596571335503777611e-01 9.161933577778779147e-01 -2.602360459752096844e+00 4.033790388213554401e+00 -5.070364808405273926e+00 5.610616593839926836e+00
-6.139555427637672480e+00 5.591232772949129348e+00 -4.495601298033323090e+00 2.959909045368678271e+00 -1.134480272443531224e+00 -8.019993339375602881e-01 2.659973657654688406e+00 -4.257571226633573680e+00 5.438408059705343689e+00 -6.086895620274582086e+00 6.139555427634071805e+00 -5.591232772937011042e+00 4.495601298013862213e+00 -2.959909045343775080e+00 1.134480272415664404e+00 8.019993339657037756e-01 -2.659973657680351877e+00 4.257571226654251362e+00 -5.438408059718991439e+00 6.086895620279855201e+00
-1.616195205850771588e+00 1.456867659032561546e+00 -1.154931755153982609e+00 7.399430841978977824e-01 -2.525236286736950997e-01 -2.596145990607395260e-01 7.463399409977630183e-01 -1.160008329453573905e+00 1.460127020368866546e+00 -1.617318305226885577e+00 1.616195205849601635e+00 -1.456867659029159823e+00 1.154931755148679295e+00 -7.399430841912110202e-01 2.525236286662901342e-01 2.596145990681486548e-01 -7.463399410044505577e-01 1.160008329458886767e+00 -1.460127020372279594e+00 1.617318305228062414e+00
