2.011131922743933131e+01 2.993722825825032174e+01 2.832813362337369156e+01 1.589865478221719819e+01 -2.603569810345101487e+00 -2.011131922743870959e+01 -2.993722825825013345e+01 -2.832813362337401131e+01 -1.589865478221790340e+01 2.603569810344286140e+00 2.011131922743808786e+01 2.993722825824994871e+01 2.832813362337433105e+01 1.589865478221860506e+01 -2.603569810343461910e+00 -2.011131922743746614e+01 -2.993722825824976042e+01 -2.832813362337464724e+01 -1.589865478221931383e+01 2.603569810342644786e+00
1.921172575837745100e+01 3.378981139728231398e+01 3.546133755587413106e+01 2.358783805465536076e+01 2.704586137686606051e+00 -1.921172575837661611e+01 -3.378981139728194449e+01 -3.546133755587436553e+01 -2.358783805465611039e+01 -2.704586137687577718e+00 1.921172575837578833e+01 3.378981139728157501e+01 3.546133755587460001e+01 2.358783805465685646e+01 2.704586137688556491e+00 -1.921172575837495700e+01 -3.378981139728121263e+01 -3.546133755587482739e+01 -2.358783805465760253e+01 -2.704586137689528158e+00
4.490576474687247632e+00 1.185661446556891541e-01 -4.298732422719303337e+00 -7.074061313156731146e+00 -7.147339220469044463e+00 -4.490576474687406616e+00 -1.185661446558894383e-01 4.298732422719139912e+00 7.074061313156666309e+00 7.147339220469103083e+00 4.490576474687568265e+00 1.185661446560906107e-01 -4.298732422718976487e+00 -7.074061313156601472e+00 -7.147339220469161702e+00 -4.490576474687727249e+00 -1.185661446562891186e-01 4.298732422718812174e+00 7.074061313156537523e+00 7.147339220469222099e+00
-3.224342219126901998e+00 -1.319885804768899362e+01 -1.813185871471905841e+01 -1.613910563193753234e+01 -7.981762745780826229e+00 3.224342219126420162e+00 1.319885804768865611e+01 1.813185871471898736e+01 1.613910563193776326e+01 7.981762745781265878e+00 -3.224342219125937437e+00 -1.319885804768831505e+01 -1.813185871471892341e+01 -1.613910563193799419e+01 -7.981762745781708190e+00 3.224342219125454712e+00 1.319885804768797755e+01 1.813185871471885235e+01 1.613910563193822867e+01 7.981762745782148727e+00
-4.167908363783194403e+00 -1.612644118672023907e+01 -2.192522159390644632e+01 -1.934931256309366887e+01 -9.382623792124579865e+00 4.167908363782613534e+00 1.612644118671983406e+01 2.192522159390637171e+01 1.934931256309395664e+01 9.382623792125114548e+00 -4.167908363782030889e+00 -1.612644118671942906e+01 -2.192522159390630421e+01 -1.934931256309424086e+01 -9.382623792125652784e+00 4.167908363781451797e+00 1.612644118671903115e+01 2.192522159390622605e+01 1.934931256309452863e+01 9.382623792126187467e+00
-9.670288237346190030e+00 -2.247238720493920638e+01 -2.669079806859383197e+01 -2.071423125690583333e+01 -6.825532155905390752e+00 9.670288237345523896e+00 2.247238720493881914e+01 2.669079806859387460e+01 2.071423125690628453e+01 6.825532155906079090e+00 -9.670288237344854210e+00 -2.247238720493842834e+01 -2.669079806859391724e+01 -2.071423125690673572e+01 -6.825532155906774534e+00 9.670288237344188076e+00 2.247238720493804465e+01 2.669079806859395276e+01 2.071423125690719047e+01 6.825532155907464649e+00
-8.030901699439814578e+00 -1.944984471900163214e+01 -2.343960813181259795e+01 -1.847623792124972297e+01 -6.455572808999272993e+00 8.030901699439226604e+00 1.944984471900128398e+01 2.343960813181261926e+01 1.847623792125010667e+01 6.455572808999874290e+00 -8.030901699438635077e+00 -1.944984471900093226e+01 -2.343960813181264768e+01 -1.847623792125049746e+01 -6.455572809000480916e+00 8.030901699438045327e+00 1.944984471900058054e+01 2.343960813181266545e+01 1.847623792125088116e+01 6.455572809001082213e+00
2.270742052666162891e+01 5.157334422022211839e+01 6.074000333515603245e+01 4.670604565284268261e+01 1.483196601124800651e+01 -2.270742052666011546e+01 -5.157334422022125864e+01 -6.074000333515614614e+01 -4.670604565284373422e+01 -1.483196601124958036e+01 2.270742052665860200e+01 5.157334422022038467e+01 6.074000333515625272e+01 4.670604565284477872e+01 1.483196601125116842e+01 -2.270742052665709210e+01 -5.157334422021953202e+01 -6.074000333515635930e+01 -4.670604565284583032e+01 -1.483196601125274761e+01
-2.748277907313653401e+00 -8.749061313157032060e+00 -1.140800066703126525e+01 -9.709471509781097964e+00 -4.302254248593373021e+00 2.748277907313356305e+00 8.749061313156833108e+00 1.140800066703124216e+01 9.709471509781261389e+00 4.302254248593655461e+00 -2.748277907313058765e+00 -8.749061313156634156e+00 -1.140800066703122262e+01 -9.709471509781423038e+00 -4.302254248593939678e+00 2.748277907312762114e+00 8.749061313156440534e+00 1.140800066703119953e+01 9.709471509781584686e+00 4.302254248594223007e+00
1.549290836378663627e+01 4.410797101100375528e+01 5.587528790681278679e+01 4.630014395340564448e+01 1.903991869381077251e+01 -1.549290836378520098e+01 -4.410797101100284578e+01 -5.587528790681273705e+01 -4.630014395340648292e+01 -1.903991869381217228e+01 1.549290836378375857e+01 4.410797101100191497e+01 5.587528790681269442e+01 4.630014395340732136e+01 1.903991869381358271e+01 -1.549290836378232328e+01 -4.410797101100100548e+01 -5.587528790681263047e+01 -4.630014395340816691e+01 -1.903991869381498958e+01
-6.381762745782630475e+00 -1.286291569515716482e+01 -1.443087204340622343e+01 -1.048672575837484366e+01 -2.537006664343357976e+00 6.381762745782279644e+00 1.286291569515698185e+01 1.443087204340627849e+01 1.048672575837511545e+01 2.537006664343739892e+00 -6.381762745781928814e+00 -1.286291569515679711e+01 -1.443087204340633356e+01 -1.048672575837538368e+01 -2.537006664344125362e+00 6.381762745781578872e+00 1.286291569515661593e+01 1.443087204340638507e+01 1.048672575837565546e+01 2.537006664344509055e+00
1.310787504206270704e+01 1.252279373587450095e+01 7.154430856686587958e+00 -9.466814395945286620e-01 -8.686193602469220565e+00 -1.310787504206261644e+01 -1.252279373587463596e+01 -7.154430856686895268e+00 9.466814395941680615e-01 8.686193602468945230e+00 1.310787504206253118e+01 1.252279373587477274e+01 7.154430856687201690e+00 -9.466814395938065729e-01 -8.686193602468666342e+00 -1.310787504206244414e+01 -1.252279373587490774e+01 -7.154430856687507223e+00 9.466814395934459725e-01 8.686193602468389230e+00
-7.080369543532820664e+00 -1.540230223306347668e+01 -1.784107897456238589e+01 -1.346516994374969478e+01 -3.946023658718218030e+00 7.080369543532380128e+00 1.540230223306323154e+01 1.784107897456243208e+01 1.346516994375001275e+01 3.946023658718683436e+00 -7.080369543531939591e+00 -1.540230223306298640e+01 -1.784107897456247827e+01 -1.346516994375032894e+01 -3.946023658719153282e+00 7.080369543531499943e+00 1.540230223306274304e+01 1.784107897456251735e+01 1.346516994375064691e+01 3.946023658719620464e+00
-1.018647450844096625e+01 -2.809751282990865917e+01 -3.527625624968766971e+01 -2.898066877793710105e+01 -1.161545084971762876e+01 1.018647450844006386e+01 2.809751282990809074e+01 3.527625624968764839e+01 2.898066877793764107e+01 1.161545084971851516e+01 -1.018647450843915792e+01 -2.809751282990751875e+01 -3.527625624968762708e+01 -2.898066877793818108e+01 -1.161545084971941044e+01 1.018647450843825375e+01 2.809751282990695387e+01 3.527625624968760576e+01 2.898066877793872109e+01 1.161545084972030040e+01
-1.342202598442131523e-01 -2.309878040719119952e+00 -3.603240919906350648e+00 -3.520288237343815574e+00 -2.092705098312422685e+00 1.342202598441131212e-01 2.309878040719040904e+00 3.603240919906323558e+00 3.520288237343850213e+00 2.092705098312505285e+00 -1.342202598440125350e-01 -2.309878040718961412e+00 -3.603240919906296025e+00 -3.520288237343884408e+00 -2.092705098312588774e+00 1.342202598439126149e-01 2.309878040718883252e+00 3.603240919906268047e+00 3.520288237343919491e+00 2.092705098312671819e+00
-9.256637120816300524e+00 -3.017251282990925176e+01 -3.956351416396933018e+01 -3.384259780178125965e+01 -1.519495934690543137e+01 9.256637120815270237e+00 3.017251282990856254e+01 3.956351416396925202e+01 3.384259780178181387e+01 1.519495934690641192e+01 -9.256637120814234621e+00 -3.017251282990786976e+01 -3.956351416396917386e+01 -3.384259780178236099e+01 -1.519495934690739425e+01 9.256637120813202557e+00 3.017251282990718408e+01 3.956351416396908149e+01 3.384259780178292232e+01 1.519495934690837657e+01
-4.087993335656682881e+00 -4.902379873562637158e+00 -3.844223925531108588e+00 -1.317705098312263789e+00 1.712132289312834565e+00 4.087993335656610050e+00 4.902379873562644264e+00 3.844223925531190744e+00 1.317705098312390577e+00 -1.712132289312712219e+00 -4.087993335656538108e+00 -4.902379873562649593e+00 -3.844223925531272013e+00 -1.317705098312516920e+00 1.712132289312588318e+00 4.087993335656465277e+00 4.902379873562654922e+00 3.844223925531353281e+00 1.317705098312643708e+00 -1.712132289312465749e+00
-4.727912029469094612e+00 -5.765576474687636122e+00 -4.600986671312335297e+00 -1.678976341280991491e+00 1.884345884812736349e+00 4.727912029469005795e+00 5.765576474687639674e+00 4.600986671312429444e+00 1.678976341281139817e+00 -1.884345884812591354e+00 -4.727912029468917865e+00 -5.765576474687642339e+00 -4.600986671312521814e+00 -1.678976341281286810e+00 1.884345884812444805e+00 4.727912029468829047e+00 5.765576474687645003e+00 4.600986671312614185e+00 1.678976341281434692e+00 -1.884345884812299365e+00
-1.232991502813069218e+01 -4.586838120762920568e+01 -6.188668477475060570e+01 -5.426637820896827691e+01 -2.591815961371706933e+01 1.232991502812906148e+01 4.586838120762808302e+01 6.188668477475041385e+01 5.426637820896910824e+01 2.591815961371857924e+01 -1.232991502812742368e+01 -4.586838120762695326e+01 -6.188668477475023622e+01 -5.426637820896992537e+01 -2.591815961372010335e+01 1.232991502812578943e+01 4.586838120762583060e+01 6.188668477475003016e+01 5.426637820897074960e+01 2.591815961372161681e+01
9.749223594981861751e-01 -1.132352915725155640e+01 -1.929677740853172807e+01 -1.989931256309401419e+01 -1.290098667131229959e+01 -9.749223594987368458e-01 1.132352915725109455e+01 1.929677740853153267e+01 1.989931256309415986e+01 1.290098667131272947e+01 9.749223594992892927e-01 -1.132352915725063092e+01 -1.929677740853134082e+01 -1.989931256309430552e+01 -1.290098667131316290e+01 -9.749223594998399633e-01 1.132352915725017439e+01 1.929677740853114187e+01 1.989931256309445473e+01 1.290098667131359278e+01
