1.077090653557611510e+01 -9.912308341520263966e+00 8.083424343884246355e+00 -5.463278450940848074e+00 2.308348798321242956e+00 1.072538117888857334e+00 -4.348437530306767052e+00 7.198681579911990092e+00 -9.344268520311539206e+00 1.057517335259618108e+01 -1.077090653556396660e+01 9.912308341513028864e+00 -8.083424343882613883e+00 5.463278450944978992e+00 -2.308348798330794427e+00 -1.072538117874887398e+00 4.348437530289745112e+00 -7.198681579893592364e+00 9.344268520293530500e+00 -1.057517335258030755e+01
-8.173452476435588698e-01 5.325284312957933031e-01 -1.955840217491576216e-01 -1.605055145601941846e-01 5.008836527966411545e-01 -7.922318092356933628e-01 1.006030796383163395e+00 -1.121352479751958953e+00 1.126908369480563055e+00 -1.022154616372205949e+00 8.173452476434697189e-01 -5.325284312963107780e-01 1.955840217502275435e-01 1.605055145586765653e-01 -5.008836527948169470e-01 7.922318092337484741e-01 -1.006030796381287562e+00 1.121352479750334918e+00 -1.126908369479348027e+00 1.022154616371522273e+00
-6.648614260209719795e+00 6.143897065440735439e+00 -5.037772418859093548e+00 3.438515507695840689e+00 -1.502672741093731723e+00 -5.802621031426444809e-01 2.606396849799147653e+00 -4.377399312962341860e+00 5.719911432238326654e+00 -6.502518767560612645e+00 6.648614260202125870e+00 -6.143897065436147109e+00 5.037772418857949575e+00 -3.438515507698251650e+00 1.502672741099501108e+00 5.802621031341228530e-01 -2.606396849788707559e+00 4.377399312951011368e+00 -5.719911432227192449e+00 6.502518767550753864e+00
-7.622309736121166246e+00 6.854507790779400089e+00 -5.415738864712897893e+00 3.446839684897650358e+00 -1.140539821181173252e+00 -1.277404026840051721e+00 3.570306668516480375e+00 -5.513722817688948119e+00 6.917417361100219431e+00 -7.643986896726459257e+00 7.622309736113177081e+00 -6.854507790775058673e+00 5.415738864712613676e+00 -3.446839684901451761e+00 1.140539821188734315e+00 1.277404026829520145e+00 -3.570306668504008574e+00 5.513722817675762222e+00 -6.917417361087585981e+00 7.643986896715604829e+00
-9.397960552986095450e+00 8.425036037486677287e+00 -6.627410293961268906e+00 4.181047454981216660e+00 -1.325414560038001843e+00 -1.659959146747162162e+00 4.482844486632663106e+00 -6.866917774352094384e+00 8.578809305688492870e+00 -9.450947210105281826e+00 9.397960552976345028e+00 -8.425036037481451245e+00 6.627410293961061960e+00 -4.181047454986046574e+00 1.325414560047455836e+00 1.659959146734071744e+00 -4.482844486617215018e+00 6.866917774335809632e+00 -8.578809305672931984e+00 9.450947210091960926e+00
-8.029971801746402349e+00 7.285400471454304139e+00 -5.827683382647199650e+00 3.799512040489754661e+00 -1.399417987052979928e+00 -1.137660849274271690e+00 3.563377515124794392e+00 -5.640285962283550170e+00 7.165083921270889000e+00 -7.988513543969288477e+00 8.029971801737742609e+00 -7.285400471449417381e+00 5.827683382646552168e+00 -3.799512040493406850e+00 1.399417987060623814e+00 1.137660849263436136e+00 -3.563377515111826543e+00 5.640285962269726561e+00 -7.165083921257534350e+00 7.988513543957702190e+00
1.792964551792463013e+01 -1.633061980601252117e+01 1.313303924537095924e+01 -8.649905300129455910e+00 3.320058356679101763e+00 2.334779030928170851e+00 -7.761071979624933448e+00 1.242765712838715153e+01 -1.587773660884403526e+01 1.777359260333178170e+01 -1.792964551790505112e+01 1.633061980600130170e+01 -1.313303924536916689e+01 8.649905300137262998e+00 -3.320058356695851476e+00 -2.334779030904232222e+00 7.761071979596147585e+00 -1.242765712835634950e+01 1.587773660881417293e+01 -1.777359260330576163e+01
-4.309935943371645983e+00 3.950557653241766332e+00 -3.204471254859321494e+00 2.144708883187620430e+00 -8.750074629644999380e-01 -4.803457842686749135e-01 1.788679439371461788e+00 -2.921924688485926680e+00 3.769151590844968425e+00 -4.247427674268880793e+00 4.309935943366845379e+00 -3.950557653238948141e+00 3.204471254858754836e+00 -2.144708883189359927e+00 8.750074629684010397e-01 4.803457842630211028e-01 -1.788679439364608603e+00 2.921924688478548138e+00 -3.769151590837772847e+00 4.247427674262565844e+00
1.873992303831159134e+01 -1.704110096541260688e+01 1.367417719768885931e+01 -8.968729692262566999e+00 3.385360435745355723e+00 2.529391487414049067e+00 -8.196548948477342833e+00 1.306137108974833794e+01 -1.664765522483117621e+01 1.860435087547365995e+01 -1.873992303829123429e+01 1.704110096540101793e+01 -1.367417719768713624e+01 8.968729692270876797e+00 -3.385360435762999831e+00 -2.529391487388917614e+00 8.196548948447182070e+00 -1.306137108971611660e+01 1.664765522479998339e+01 -1.860435087544652433e+01
-6.118115339881364356e+00 5.440418969552813344e+00 -4.230176484857198993e+00 2.605854852451777504e+00 -7.264539910306443415e-01 -1.224057248534618170e+00 3.054749236104592036e+00 -4.586421084755006206e+00 5.669142082154900564e+00 -6.196927953318184024e+00 6.118115339875185299e+00 -5.440418969549625672e+00 4.230176484857305574e+00 -2.605854852455165460e+00 7.264539910370205744e-01 1.224057248525917574e+00 -3.054749236094417952e+00 4.586421084744358723e+00 -5.669142082144801975e+00 6.196927953309617543e+00
1.041793661078690869e+00 -9.847866067739479146e-01 8.313817779865193547e-01 -5.965955081924199099e-01 3.034103133312290312e-01 1.947479698268198001e-02 -3.404535784789601283e-01 6.281063916341023123e-01 -8.542757749015217339e-01 9.968226932322807876e-01 -1.041793661077417443e+00 9.847866067731217976e-01 -8.313817779862200386e-01 5.965955081926765935e-01 -3.034103133320225076e-01 -1.947479698143564364e-02 3.404535784773829454e-01 -6.281063916323497143e-01 8.542757748997618084e-01 -9.968226932306838428e-01
-6.048686348768289811e+00 5.476238417365139277e+00 -4.367738114474266631e+00 2.831693173118420948e+00 -1.018462374411905458e+00 -8.944626175461291018e-01 2.719831376410836832e+00 -4.278964089972723706e+00 5.419241985112194904e+00 -6.029046716669917316e+00 6.048686348761810549e+00 -5.476238417361515509e+00 4.367738114473841193e+00 -2.831693173121235141e+00 1.018462374417721250e+00 8.944626175379203348e-01 -2.719831376401037559e+00 4.278964089962298267e+00 -5.419241985102143389e+00 6.029046716661217609e+00
-1.248759053511555273e+01 1.133542060398546525e+01 -9.073660725619136613e+00 5.923707715518844452e+00 -2.193900921326300768e+00 -1.750660180851091985e+00 5.523854466959233100e+00 -8.756335390883760894e+00 1.113168519777247667e+01 -1.241738809849221781e+01 1.248759053510206485e+01 -1.133542060397783935e+01 9.073660725618097445e+00 -5.923707715524492379e+00 2.193900921338159282e+00 1.750660180834264334e+00 -5.523854466939082108e+00 8.756335390862270529e+00 -1.113168519775170573e+01 1.241738809847418601e+01
-2.141344331020479164e+00 1.916839106855603880e+00 -1.504700315508547881e+00 9.452709734161812705e-01 -2.933119223559159106e-01 -3.873585432886903490e-01 1.030111655830393769e+00 -1.572030262289406899e+00 1.960067593696649624e+00 -2.156239852438980087e+00 2.141344331018268043e+00 -1.916839106854426600e+00 1.504700315508515907e+00 -9.452709734172974887e-01 2.933119223580841761e-01 3.873585432856962996e-01 -1.030111655826866812e+00 1.572030262285693647e+00 -1.960067593693106458e+00 2.156239852435951843e+00
-1.420837681494137961e+01 1.279173203654310953e+01 -1.012294340117165703e+01 6.463250535001064279e+00 -2.170889674351602849e+00 -2.333972993099901139e+00 6.610370122239808133e+00 -1.023969816665749377e+01 1.286669321035048519e+01 -1.423420667509180326e+01 1.420837681492643334e+01 -1.279173203653494539e+01 1.012294340117104774e+01 -6.463250535008069342e+00 2.170889674365624078e+00 2.333972993080329239e+00 -6.610370122216599142e+00 1.023969816663293209e+01 -1.286669321032692537e+01 1.423420667507153681e+01
-1.274385082908141342e+00 1.002435199565237189e+00 -6.323599745123146265e-01 2.003849492432562274e-01 2.512051510216453121e-01 -6.782055408552529752e-01 1.038818447014040469e+00 -1.297744565705373443e+00 1.429638404387446382e+00 -1.421589275171686539e+00 1.274385082907349975e+00 -1.002435199565208546e+00 6.323599745130473737e-01 -2.003849492446788116e-01 -2.512051510196625093e-01 6.782055408529139573e-01 -1.038818447011573554e+00 1.297744565703020214e+00 -1.429638404385433104e+00 1.421589275170212385e+00
-1.170102782713916545e+00 1.004575377803815561e+00 -7.407131356261792421e-01 4.043447308816995323e-01 -2.839624664323991965e-02 -3.503318600648481773e-01 6.947670434041266496e-01 -9.711935878083485241e-01 1.152552937134287747e+00 -1.221092374665068148e+00 1.170102782712870715e+00 -1.004575377803380576e+00 7.407131356263947364e-01 -4.043447308825442454e-01 2.839624664463918924e-02 3.503318600630395130e-01 -6.947670434020853936e-01 9.711935878062748495e-01 -1.152552937132381050e+00 1.221092374663515168e+00
-1.889021123253205658e+01 1.709080167329760869e+01 -1.361842536766544853e+01 8.812982701899297666e+00 -3.144863885612086296e+00 -2.831096119352278340e+00 8.529928710746650822e+00 -1.339379244842444017e+01 1.694657846121108591e+01 -1.884051530045988798e+01 1.889021123251186651e+01 -1.709080167328634303e+01 1.361842536766418199e+01 -8.812982701908151029e+00 3.144863885630307276e+00 2.831096119326594884e+00 -8.529928710716017548e+00 1.339379244839186889e+01 -1.694657846117970124e+01 1.884051530043274525e+01
-6.351721832798844503e+00 5.702633958643407830e+00 -4.495332540029481905e+00 2.847996651574637106e+00 -9.218790077048428788e-01 -1.094478576547277981e+00 3.003700972045899142e+00 -4.618900188385171468e+00 5.781969272515363301e+00 -6.379058918903192321e+00 6.351721832792222244e+00 -5.702633958639835576e+00 4.495332540029296275e+00 -2.847996651577855420e+00 9.218790077111901349e-01 1.094478576538464809e+00 -3.003700972035481698e+00 4.618900188374173155e+00 -5.781969272504841051e+00 6.379058918894170205e+00
1.391085282314366012e+00 -1.354844923761467701e+00 1.185982904311266850e+00 -9.010286149584378901e-01 5.278753669381189839e-01 -1.030500000780863457e-01 -3.318626187810445050e-01 7.342902122909773510e-01 -1.064840363721093031e+00 1.291156521171123117e+00 -1.391085282312514382e+00 1.354844923760171183e+00 -1.185982904310650676e+00 9.010286149585621240e-01 -5.278753669389788516e-01 1.030500000795898929e-01 3.318626187790446047e-01 -7.342902122886787453e-01 1.064840363718715599e+00 -1.291156521168896010e+00
