-5.455569558546458531e+00 -1.404088830560464807e+01 -1.105048459169457509e+01 1.050264558238109602e+00 1.228514462837079080e+01 1.339178911143540063e+01 3.457847654654682579e+00 -9.326845399275535797e+00 -1.442221200686746840e+01 -7.627481646869076926e+00 5.455569558545395381e+00 1.404088830560720780e+01 1.105048459169865183e+01 -1.050264558235900925e+00 -1.228514462837225096e+01 -1.339178911143932993e+01 -3.457847654657845382e+00 9.326845399275743631e+00 1.442221200687088256e+01 7.627481646872869447e+00
-6.104853739612074115e+00 -1.466063487015932409e+01 -1.112975619223729140e+01 1.576821767343552727e+00 1.298342135291446553e+01 1.368610542374170436e+01 3.105560505876493238e+00 -1.003530009282983926e+01 -1.490276329966650692e+01 -7.483948879069481919e+00 6.104853739611106889e+00 1.466063487016208455e+01 1.112975619224150670e+01 -1.576821767341380243e+00 -1.298342135291610688e+01 -1.368610542374580774e+01 -3.105560505879682243e+00 1.003530009283019275e+01 1.490276329967011826e+01 7.483948879073359706e+00
-8.943696490381654485e+00 -1.803982017334224608e+01 -1.226338401341654638e+01 3.623347640771333200e+00 1.652288462776553146e+01 1.580046817829057026e+01 2.051679721266015388e+00 -1.338857401311577711e+01 -1.779089242953824268e+01 -7.525874377293346740e+00 8.943696490380965258e+00 1.803982017334594090e+01 1.226338401342158946e+01 -3.623347640769130962e+00 -1.652288462776795441e+01 -1.580046817829562933e+01 -2.051679721269542345e+00 1.338857401311668838e+01 1.779089242954285055e+01 7.525874377297832929e+00
-9.084988253598687891e+00 -1.711831830987344460e+01 -1.103880183958547434e+01 4.141428461298883867e+00 1.590734298553778459e+01 1.455877475881624683e+01 1.207523203822482794e+00 -1.313924609680120703e+01 -1.665363336770563052e+01 -6.438274084445496648e+00 9.084988253598240249e+00 1.711831830987707903e+01 1.103880183959019767e+01 -4.141428461296991159e+00 -1.590734298554025905e+01 -1.455877475882105365e+01 -1.207523203825663805e+00 1.313924609680227285e+01 1.665363336771006786e+01 6.438274084449633783e+00
2.039758285890171052e+01 4.042842169882595016e+01 2.712887723716134758e+01 -8.536513796313455416e+00 -3.716415106809159852e+01 -3.515256602727577473e+01 -4.160168714048857019e+00 3.026199439294420657e+01 3.973527673231091484e+01 1.644962492508177831e+01 -2.039758285890028944e+01 -4.042842169883430614e+01 -2.712887723717260968e+01 8.536513796308636159e+00 3.716415106809714075e+01 3.515256602728712210e+01 4.160168714056663219e+00 -3.026199439294637017e+01 -3.973527673232128166e+01 -1.644962492509175789e+01
-4.509111142796728089e+00 -7.268487534108262871e+00 -4.035508415244501990e+00 2.524462870142593296e+00 7.003192505304310700e+00 5.708283677023774594e+00 -2.927025827914664369e-01 -6.052376199969526915e+00 -6.822292360544943257e+00 -1.967709472742409815e+00 4.509111142796765392e+00 7.268487534109942416e+00 4.035508415246441771e+00 -2.524462870142003545e+00 -7.003192505305547044e+00 -5.708283677025818292e+00 2.927025827902967059e-01 6.052376199970196602e+00 6.822292360546903467e+00 1.967709472744036514e+00
1.839926160932375154e+01 4.180114852505133882e+01 3.074093565450254673e+01 -5.663011286274614697e+00 -3.739820468978034285e+01 -3.830121507146332505e+01 -7.627574037996742717e+00 2.933446401085776856e+01 4.211230469697168388e+01 2.017151927099716957e+01 -1.839926160932133925e+01 -4.180114852505941059e+01 -3.074093565451446608e+01 5.663011286268747391e+00 3.739820468978530243e+01 3.830121507147504190e+01 7.627574038005560553e+00 -2.933446401085910438e+01 -4.211230469698209333e+01 -2.017151927100802666e+01
-6.726536209858040571e+00 -1.105756524599596169e+01 -6.272411345858686538e+00 3.683903475180676068e+00 1.060309961301955362e+01 8.780787687061575753e+00 -2.806646010872950736e-01 -9.110728713781309551e+00 -1.042963935010963716e+01 -3.150047679666236000e+00 6.726536209858052118e+00 1.105756524599848589e+01 6.272411345861652165e+00 -3.683903475179734599e+00 -1.060309961302139925e+01 -8.780787687064687930e+00 2.806646010854785267e-01 9.110728713782284771e+00 1.042963935011260368e+01 3.150047679668737111e+00
4.590123102461975968e+00 1.612990137613033781e+00 -2.693939472497798526e+00 -4.779905922618793213e+00 -2.925176944823885350e+00 1.341154185591981962e+00 4.501798247506669348e+00 3.951027051769241183e+00 1.429126173704812208e-01 -3.783023194055639138e+00 -4.590123102463236293e+00 -1.612990137614160657e+00 2.693939472497730137e+00 4.779905922619841263e+00 2.925176944825186531e+00 -1.341154185591506343e+00 -4.501798247507405648e+00 -3.951027051770590326e+00 -1.429126173713258785e-01 3.783023194055994409e+00
-6.388215380573331714e+00 -1.171784100999587253e+01 -7.386932888194031932e+00 3.033980587286601249e+00 1.095359097809197024e+01 9.842737885846549517e+00 6.172413648700616484e-01 -9.117127143095958175e+00 -1.133506712084500556e+01 -4.208043431660237310e+00 6.388215380573084801e+00 1.171784100999839318e+01 7.386932888197248914e+00 -3.033980587285361352e+00 -1.095359097809371463e+01 -9.842737885849837554e+00 -6.172413648721919444e-01 9.117127143096743325e+00 1.133506712084806445e+01 4.208043431663035072e+00
-1.182477662345647218e+01 -2.482983759441438565e+01 -1.736444808617232027e+01 4.416704595913858888e+00 2.255659573659444916e+01 2.210016403587414402e+01 3.423705250468382033e+00 -1.807535712703170461e+01 -2.467256194884727805e+01 -1.092897897257854289e+01 1.182477662345535308e+01 2.482983759441937366e+01 1.736444808617930846e+01 -4.416704595910668552e+00 -2.255659573659765371e+01 -2.210016403588110734e+01 -3.423705250473371375e+00 1.807535712703279884e+01 2.467256194885356280e+01 1.092897897258481343e+01
-1.765494154955930872e+00 -3.531156641285851272e+00 -2.385629439609071589e+00 7.266810372119411054e-01 3.239894233196772166e+00 3.082043061309188481e+00 3.832646835390237650e-01 -2.631488403891745875e+00 -3.476764834311637742e+00 -1.455693786703250892e+00 1.765494154955800754e+00 3.531156641286578246e+00 2.385629439610057023e+00 -7.266810372115148908e-01 -3.239894233197251783e+00 -3.082043061310179244e+00 -3.832646835397099938e-01 2.631488403891929728e+00 3.476764834312541019e+00 1.455693786704125969e+00
-1.257315790785382426e+01 -2.930052011218716146e+01 -2.187166930503241247e+01 3.588830791155253941e+00 2.609059292906196958e+01 2.708250070338380056e+01 5.746796088237381639e+00 -2.032673672618869176e+01 -2.964230823800973980e+01 -1.451988652623159659e+01 1.257315790785202125e+01 2.930052011219275698e+01 2.187166930504079687e+01 -3.588830791151035982e+00 -2.609059292906535532e+01 -2.708250070339201088e+01 -5.746796088243652179e+00 2.032673672618952310e+01 2.964230823801699799e+01 1.451988652623927400e+01
-2.757603764735351071e+00 -4.210379677242177543e+00 -2.191994396934540568e+00 1.633535717990533875e+00 4.112330805190392624e+00 3.200799081687502934e+00 -3.495658136559941509e-01 -3.611738341632888982e+00 -3.896287251046357980e+00 -9.686220280876172151e-01 2.757603764735423901e+00 4.210379677243181185e+00 2.191994396935649903e+00 -1.633535717990240332e+00 -4.112330805191151128e+00 -3.200799081688688208e+00 3.495658136553567719e-01 3.611738341633326854e+00 3.896287251047510392e+00 9.686220280885305955e-01
1.059643753607584893e+00 7.075940836018799196e-01 -2.278170197064098290e-01 -9.754090524112266625e-01 -9.188450922134225873e-01 -1.047581362775141245e-01 7.956945170903226838e-01 1.040153141228907341e+00 4.270788359897810249e-01 -5.380918585068725779e-01 -1.059643753607804939e+00 -7.075940836021739067e-01 2.278170197062834856e-01 9.754090524113732119e-01 9.188450922137205712e-01 1.047581362777169067e-01 -7.956945170903810816e-01 -1.040153141229180012e+00 -4.270788359900427045e-01 5.380918585068381610e-01
-1.651349787888132425e+01 -3.834932210762472948e+01 -2.856883406167102635e+01 4.764643434342684003e+00 3.417000834795015862e+01 3.540461052093053951e+01 7.450607506774032274e+00 -2.664589609472898957e+01 -3.877473702397441002e+01 -1.893654107369408734e+01 1.651349787887898302e+01 3.834932210763206228e+01 2.856883406168199713e+01 -4.764643434337180850e+00 -3.417000834795460662e+01 -3.540461052094128291e+01 -7.450607506782223055e+00 2.664589609473009091e+01 3.877473702398392419e+01 1.893654107370412021e+01
-1.560755467195773072e+00 -1.184955619938861382e+01 -1.236923329322774379e+01 -2.691349624460180667e+00 9.205362057186995628e+00 1.351290174291523272e+01 6.680006663138982503e+00 -5.660082939298383131e+00 -1.333383322008323546e+01 -1.001477810728684403e+01 1.560755467193814638e+00 1.184955619939013616e+01 1.236923329323148835e+01 2.691349624463045043e+00 -9.205362057187358005e+00 -1.351290174291852964e+01 -6.680006663142496137e+00 5.660082939297540250e+00 1.333383322008577032e+01 1.001477810729065077e+01
3.444901014248256121e+00 7.688007748862940360e+00 5.592894134335785417e+00 -1.113166369271675560e+00 -6.901499684747794738e+00 -7.000033097520459435e+00 -1.327532755815724386e+00 5.439424745913366444e+00 7.721960049021297401e+00 3.638283725299564786e+00 -3.444901014247833793e+00 -7.688007748864438717e+00 -5.592894134337970335e+00 1.113166369270616851e+00 6.901499684748724661e+00 7.000033097522613268e+00 1.327532755817329102e+00 -5.439424745913632897e+00 -7.721960049023218531e+00 -3.638283725301549865e+00
-1.420099414734274035e+01 -3.293490407353610294e+01 -2.451630765284202695e+01 4.114255915524967833e+00 2.935290555544863977e+01 3.039215407932946533e+01 6.375214351012452596e+00 -2.289764012787358283e+01 -3.329300470994283501e+01 -1.624063421814366137e+01 1.420099414734074017e+01 3.293490407354239835e+01 2.451630765285144520e+01 -4.114255915520248053e+00 -2.935290555545246605e+01 -3.039215407933868462e+01 -6.375214351019482528e+00 2.289764012787453495e+01 3.329300470995100625e+01 1.624063421815227670e+01
-1.621584518075697190e+01 -3.233341354264575074e+01 -2.179436209252583723e+01 6.712604300428394843e+00 2.968550171706087326e+01 2.818479593195544552e+01 3.447713058291919097e+00 -2.413176615235617817e+01 -3.181630557054466024e+01 -1.327054424123846132e+01 1.621584518075579950e+01 3.233341354265241563e+01 2.179436209253485046e+01 -6.712604300424509063e+00 -2.968550171706527863e+01 -2.818479593196451560e+01 -3.447713058298189637e+00 2.413176615235787992e+01 3.181630557055293806e+01 1.327054424124646381e+01
