-6.500000000027881253e-01 -1.802583139032064352e+00 -4.640576474669788620e-01 1.515779740157786382e+00 1.400861046343221172e+00 -6.500000000014132251e-01 -1.802583139031450177e+00 -4.640576474679726782e-01 1.515779740156556699e+00 1.400861046343457428e+00 -6.500000000000383249e-01 -1.802583139030836223e+00 -4.640576474689697695e-01 1.515779740155326794e+00 1.400861046343689909e+00 -6.499999999986647570e-01 -1.802583139030221826e+00 -4.640576474699661391e-01 1.515779740154096444e+00 1.400861046343926164e+00
-6.739589803393564615e+00 -1.155574641843941208e+01 -4.022542485802823586e-01 1.130713962069592071e+01 7.390450849713254833e+00 -6.739589803384340883e+00 -1.155574641843728934e+01 -4.022542485881839269e-01 1.130713962068890410e+01 7.390450849716839521e+00 -6.739589803375117150e+00 -1.155574641843516304e+01 -4.022542485961073666e-01 1.130713962068189105e+01 7.390450849720391346e+00 -6.739589803365901410e+00 -1.155574641843304207e+01 -4.022542486040271426e-01 1.130713962067487621e+01 7.390450849723976923e+00
-6.282827057612640154e+00 -1.204931256309656185e+01 -1.164057647455607247e+00 1.132988537210269264e+01 8.166311896057509401e+00 -6.282827057603141085e+00 -1.204931256309382270e+01 -1.164057647463403233e+00 1.132988537209512536e+01 8.166311896060648223e+00 -6.282827057593641129e+00 -1.204931256309108356e+01 -1.164057647471221868e+00 1.132988537208755986e+01 8.166311896063756848e+00 -6.282827057584150943e+00 -1.204931256308834442e+01 -1.164057647479036506e+00 1.132988537207999435e+01 8.166311896066895670e+00
-9.049138953677889674e+00 -1.343869910100067777e+01 7.435661446726485879e-01 1.389824825129022301e+01 7.846023658711512638e+00 -9.049138953666972185e+00 -1.343869910099906306e+01 7.435661446627388482e-01 1.389824825128247454e+01 7.846023658716654303e+00 -9.049138953656051143e+00 -1.343869910099744480e+01 7.435661446528033514e-01 1.389824825127472785e+01 7.846023658721756888e+00 -9.049138953645142536e+00 -1.343869910099583542e+01 7.435661446428716292e-01 1.389824825126697938e+01 7.846023658726902106e+00
-8.600000000020960655e+00 -1.287968210662585022e+01 6.399186938283549786e-01 1.327517360944640146e+01 7.564589803368009235e+00 -8.600000000010506795e+00 -1.287968210662424973e+01 6.399186938189007634e-01 1.327517360943894786e+01 7.564589803372880006e+00 -8.600000000000051159e+00 -1.287968210662264745e+01 6.399186938094217902e-01 1.327517360943149960e+01 7.564589803377712585e+00 -8.599999999989606181e+00 -1.287968210662105228e+01 6.399186937999464808e-01 1.327517360942404778e+01 7.564589803382583355e+00
1.918348483851294262e+01 2.776612695903191153e+01 -2.023074641877780078e+00 -2.901645584948663625e+01 -1.591008130617202454e+01 1.918348483849030472e+01 2.776612695902892014e+01 -2.023074641857015799e+00 -2.901645584947078760e+01 -1.591008130618304328e+01 1.918348483846766328e+01 2.776612695902592165e+01 -2.023074641836197785e+00 -2.901645584945494605e+01 -1.591008130619397676e+01 1.918348483844504671e+01 2.776612695902293737e+01 -2.023074641815387764e+00 -2.901645584943910094e+01 -1.591008130620499372e+01
-4.523606797760201026e+00 -6.237586804718543654e+00 6.685661446643051953e-01 6.650783405847762175e+00 3.441844051964886297e+00 -4.523606797755081566e+00 -6.237586804718022293e+00 6.685661446595133617e-01 6.650783405844273410e+00 3.441844051967533513e+00 -4.523606797749961217e+00 -6.237586804717499156e+00 6.685661446547092046e-01 6.650783405840787310e+00 3.441844051970161189e+00 -4.523606797744845309e+00 -6.237586804716979572e+00 6.685661446499067129e-01 6.650783405837300322e+00 3.441844051972808849e+00
1.814045084976575239e+01 2.948051349694083001e+01 7.950849715258270778e-02 -2.943137454330164360e+01 -1.826909830054754380e+01 1.814045084974207356e+01 2.948051349693608003e+01 7.950849717330402133e-02 -2.943137454328406832e+01 -1.826909830055744877e+01 1.814045084971838762e+01 2.948051349693132650e+01 7.950849719408142890e-02 -2.943137454326649305e+01 -1.826909830056727202e+01 1.814045084969472654e+01 2.948051349692658363e+01 7.950849721484991306e-02 -2.943137454324891777e+01 -1.826909830057718054e+01
-5.447745751420817406e+00 -9.044146285032365284e+00 -1.418440519579867998e-01 8.956481839818929203e+00 5.677254248589124863e+00 -5.447745751413570758e+00 -9.044146285030825183e+00 -1.418440519642739095e-01 8.956481839813497103e+00 5.677254248592069175e+00 -5.447745751406323222e+00 -9.044146285029285082e+00 -1.418440519705781444e-01 8.956481839808066781e+00 5.677254248594987729e+00 -5.447745751399083680e+00 -9.044146285027746757e+00 -1.418440519768796315e-01 8.956481839802634681e+00 5.677254248597932929e+00
2.788525491566852033e+00 2.557952682561518198e+00 -1.207623792128909468e+00 -3.304305231720087388e+00 -8.345491502790735039e-01 2.788525491564604053e+00 2.557952682561962732e+00 -1.207623792126389040e+00 -3.304305231718971836e+00 -8.345491502809101458e-01 2.788525491562355185e+00 2.557952682562405489e+00 -1.207623792123863282e+00 -3.304305231717858504e+00 -8.345491502827356856e-01 2.788525491560108982e+00 2.557952682562851798e+00 -1.207623792121337969e+00 -3.304305231716744284e+00 -8.345491502845724385e-01
-5.365450849733020888e+00 -8.993285238688960348e+00 -1.927050983021509623e-01 8.874186938131442659e+00 5.677254248589566288e+00 -5.365450849725823090e+00 -8.993285238687391825e+00 -1.927050983083719859e-01 8.874186938126022994e+00 5.677254248592451980e+00 -5.365450849718626181e+00 -8.993285238685823302e+00 -1.927050983146100238e-01 8.874186938120605106e+00 5.677254248595313690e+00 -5.365450849711434600e+00 -8.993285238684256555e+00 -1.927050983208453416e-01 8.874186938115187218e+00 5.677254248598200270e+00
-1.188368810396802466e+01 -1.889054681865814089e+01 2.086881039603669385e-01 1.901952315995061227e+01 1.154602365870891489e+01 -1.188368810395281017e+01 -1.889054681865528096e+01 2.086881039469346555e-01 1.901952315993943543e+01 1.154602365871547143e+01 -1.188368810393759212e+01 -1.889054681865241747e+01 2.086881039334663734e-01 1.901952315992826570e+01 1.154602365872197289e+01 -1.188368810392239006e+01 -1.889054681864956109e+01 2.086881039200036980e-01 1.901952315991708886e+01 1.154602365872853298e+01
-2.184549150286137831e+00 -2.976518827218645136e+00 3.449593469100890042e-01 3.189715428345669235e+00 1.626393202248182179e+00 -2.184549150283690455e+00 -2.976518827218415097e+00 3.449593469077869012e-01 3.189715428344013226e+00 1.626393202249466041e+00 -2.184549150281243080e+00 -2.976518827218183727e+00 3.449593469054789696e-01 3.189715428342358994e+00 1.626393202250740799e+00 -2.184549150278797924e+00 -2.976518827217954133e+00 3.449593469031718151e-01 3.189715428340703429e+00 1.626393202252025105e+00
-1.235835921353596945e+01 -2.251514028772351494e+01 -1.556762745755809085e+00 2.155300799842309090e+01 1.487725424858388301e+01 -1.235835921351812061e+01 -2.251514028771883247e+01 -1.556762745770744472e+00 2.155300799840916426e+01 1.487725424859024415e+01 -1.235835921350027178e+01 -2.251514028771414999e+01 -1.556762745785722268e+00 2.155300799839523407e+01 1.487725424859654844e+01 -1.235835921348243893e+01 -2.251514028770947107e+01 -1.556762745800692960e+00 2.155300799838130388e+01 1.487725424860291135e+01
-5.321559062835684584e-04 1.458980337505877238e-02 9.549150281250782385e-03 -8.688103937560979345e-03 -1.491869381245563425e-02 -5.321559062937747039e-04 1.458980337504971539e-02 9.549150281255379402e-03 -8.688103937549070468e-03 -1.491869381245288645e-02 -5.321559063039809495e-04 1.458980337504066360e-02 9.549150281260000706e-03 -8.688103937537156388e-03 -1.491869381245012477e-02 -5.321559063141741847e-04 1.458980337503159967e-02 9.549150281264615070e-03 -8.688103937525237103e-03 -1.491869381244737870e-02
-1.266844051970047458e+00 -5.312305898740519172e-01 9.385254915639257289e-01 1.111271242968876027e+00 -2.517220926884442544e-01 -1.266844051969471030e+00 -5.312305898746291222e-01 9.385254915629932526e-01 1.111271242968876471e+00 -2.517220926875095577e-01 -1.266844051968894380e+00 -5.312305898752055500e-01 9.385254915620593330e-01 1.111271242968878026e+00 -2.517220926865793018e-01 -1.266844051968318396e+00 -5.312305898757839762e-01 9.385254915611253024e-01 1.111271242968879358e+00 -2.517220926856444940e-01
-1.823680339892216651e+01 -2.966731689581621012e+01 -9.860679771521202452e-02 2.960637454330192853e+01 1.839635254914161422e+01 -1.823680339889833846e+01 -2.966731689581141751e+01 -9.860679773605358911e-02 2.960637454328422891e+01 1.839635254915156537e+01 -1.823680339887450685e+01 -2.966731689580662135e+01 -9.860679775695156690e-02 2.960637454326653994e+01 1.839635254916143481e+01 -1.823680339885069657e+01 -2.966731689580183229e+01 -9.860679777784059352e-02 2.960637454324884388e+01 1.839635254917139306e+01
-5.833688103956413684e+00 -1.213664811787856834e+01 -1.667172942393392976e+00 1.110627857435310339e+01 8.531230589870403946e+00 -5.833688103946924386e+00 -1.213664811787545972e+01 -1.667172942400951152e+00 1.110627857434531407e+01 8.531230589873166181e+00 -5.833688103937435088e+00 -1.213664811787235109e+01 -1.667172942408531977e+00 1.110627857433752652e+01 8.531230589875899994e+00 -5.833688103927954671e+00 -1.213664811786924602e+01 -1.667172942416108805e+00 1.110627857432973720e+01 8.531230589878664006e+00
1.729508497193315453e+00 4.013322226095246137e+00 7.508610463400346990e-01 -3.549264578628032574e+00 -2.944427190998859967e+00 1.729508497190209271e+00 4.013322226094078182e+00 7.508610463424153503e-01 -3.549264578625389799e+00 -2.944427190999613142e+00 1.729508497187102645e+00 4.013322226092909339e+00 7.508610463448033290e-01 -3.549264578622747468e+00 -2.944427191000357436e+00 1.729508497184000237e+00 4.013322226091740497e+00 7.508610463471898644e-01 -3.549264578620103805e+00 -2.944427191001110611e+00
-1.519549150285262229e+01 -2.504637087759692449e+01 -2.840169943453229040e-01 2.487083872170508769e+01 1.565504065308120296e+01 -1.519549150283253880e+01 -2.504637087759273584e+01 -2.840169943627987581e-01 2.487083872169008103e+01 1.565504065308944348e+01 -1.519549150281244998e+01 -2.504637087758854364e+01 -2.840169943803221853e-01 2.487083872167507792e+01 1.565504065309761650e+01 -1.519549150279238425e+01 -2.504637087758436209e+01 -2.840169943978380074e-01 2.487083872166007126e+01 1.565504065310585879e+01
