-3.199999999997790834e+00 -3.099999999996575273e+00 3.199999999997895195e+00 3.099999999997092637e+00 -3.199999999997999112e+00 -3.099999999997611777e+00 3.199999999998104805e+00 3.099999999998128253e+00 -3.199999999998207389e+00 -3.099999999998647837e+00 3.199999999998310418e+00 3.099999999999161204e+00 -3.199999999998419220e+00 -3.099999999999680345e+00 3.199999999998522249e+00 3.100000000000199929e+00 -3.199999999998625722e+00 -3.100000000000719513e+00 3.199999999998728750e+00 3.100000000001238210e+00
-4.299999999996686029e+00 -4.899999999994594013e+00 4.299999999996777511e+00 4.899999999995361399e+00 -4.299999999996868993e+00 -4.899999999996130562e+00 4.299999999996961364e+00 4.899999999996897060e+00 -4.299999999997049294e+00 -4.899999999997666222e+00 4.299999999997138111e+00 4.899999999998428279e+00 -4.299999999997235811e+00 -4.899999999999197442e+00 4.299999999997324629e+00 4.899999999999967493e+00 -4.299999999997414335e+00 -4.900000000000736655e+00 4.299999999997502265e+00 4.900000000001506706e+00
2.499999999997444711e+00 9.499999999986019628e-01 -2.499999999997625455e+00 -9.499999999988623101e-01 2.499999999997806199e+00 9.499999999991237676e-01 -2.499999999997986944e+00 -9.499999999993835598e-01 2.499999999998166800e+00 9.499999999996459055e-01 -2.499999999998346212e+00 -9.499999999999031441e-01 2.499999999998528288e+00 9.500000000001649347e-01 -2.499999999998708144e+00 -9.500000000004268363e-01 2.499999999998888889e+00 9.500000000006888490e-01 -2.499999999999068745e+00 -9.500000000009506396e-01
7.799999999993563193e+00 5.799999999992555999e+00 -7.799999999993937116e+00 -5.799999999993644906e+00 7.799999999994308375e+00 5.799999999994738253e+00 -7.799999999994684075e+00 -5.799999999995825384e+00 7.799999999995051780e+00 5.799999999996920508e+00 -7.799999999995422151e+00 -5.799999999998000533e+00 7.799999999995802291e+00 5.799999999999094769e+00 -7.799999999996171773e+00 -5.800000000000189004e+00 7.799999999996543032e+00 5.800000000001284128e+00 -7.799999999996913402e+00 -5.800000000002376588e+00
6.549999999994850164e+00 4.699999999994124877e+00 -6.549999999995175237e+00 -4.699999999995022826e+00 6.549999999995499422e+00 4.699999999995924327e+00 -6.549999999995825384e+00 -4.699999999996820499e+00 6.549999999996146016e+00 4.699999999997723776e+00 -6.549999999996469313e+00 -4.699999999998614619e+00 6.549999999996799716e+00 4.699999999999516120e+00 -6.549999999997121236e+00 -4.700000000000418510e+00 6.549999999997444533e+00 4.700000000001321787e+00 -6.549999999997766054e+00 -4.700000000002223288e+00
1.129999999999203020e+01 1.054999999998779892e+01 -1.129999999999242632e+01 -1.054999999998958771e+01 1.129999999999281890e+01 1.054999999999138005e+01 -1.129999999999322036e+01 -1.054999999999316707e+01 1.129999999999360938e+01 1.054999999999496119e+01 -1.129999999999400018e+01 -1.054999999999673754e+01 1.129999999999441052e+01 1.054999999999852989e+01 -1.129999999999479954e+01 -1.055000000000032578e+01 1.129999999999519211e+01 1.055000000000212168e+01 -1.129999999999558113e+01 -1.055000000000391580e+01
8.499999999994843902e-01 -9.999999999993040012e-01 -8.499999999996346034e-01 9.999999999993447464e-01 8.499999999997847056e-01 -9.999999999993849364e-01 -8.499999999999345857e-01 9.999999999994260147e-01 8.500000000000853539e-01 -9.999999999994659827e-01 -8.500000000002360112e-01 9.999999999995078381e-01 8.500000000003846701e-01 -9.999999999995480282e-01 -8.500000000005354384e-01 9.999999999995882183e-01 8.500000000006862066e-01 -9.999999999996285194e-01 -8.500000000008367529e-01 9.999999999996687094e-01
-6.999999999995350386e+00 -7.349999999991817745e+00 6.999999999995540456e+00 7.349999999993004351e+00 -6.999999999995729638e+00 -7.349999999994195399e+00 6.999999999995923261e+00 7.349999999995381117e+00 -6.999999999996108890e+00 -7.349999999996573941e+00 6.999999999996296296e+00 7.349999999997752553e+00 -6.999999999996496136e+00 -7.349999999998943601e+00 6.999999999996682654e+00 7.350000000000135536e+00 -6.999999999996871836e+00 -7.350000000001328360e+00 6.999999999997058353e+00 7.350000000002518519e+00
-6.749999999995520028e+00 -7.949999999991424815e+00 6.749999999995646149e+00 7.949999999992654942e+00 -6.749999999995770494e+00 -7.949999999993885957e+00 6.749999999995900168e+00 7.949999999995114308e+00 -6.749999999996020073e+00 -7.949999999996347988e+00 6.749999999996142641e+00 7.949999999997569233e+00 -6.749999999996278532e+00 -7.949999999998802025e+00 6.749999999996400213e+00 7.950000000000035705e+00 -6.749999999996523670e+00 -7.950000000001268496e+00 6.749999999996646238e+00 7.950000000002501288e+00
-9.099999999993650945e+00 -8.949999999990289723e+00 9.099999999993940492e+00 8.949999999991774757e+00 -9.099999999994226485e+00 -8.949999999993261568e+00 9.099999999994519584e+00 8.949999999994744826e+00 -9.099999999994800248e+00 -8.949999999996235189e+00 9.099999999995084465e+00 8.949999999997709565e+00 -9.099999999995384670e+00 -8.949999999999198153e+00 9.099999999995668887e+00 8.950000000000688516e+00 -9.099999999995953104e+00 -8.950000000002178879e+00 9.099999999996237321e+00 8.950000000003667466e+00
-8.149999999994193445e+00 -7.849999999991180033e+00 8.149999999994463451e+00 7.849999999992492761e+00 -8.149999999994731681e+00 -7.849999999993809929e+00 8.149999999995003463e+00 7.849999999995121769e+00 -8.149999999995268141e+00 -7.849999999996439826e+00 8.149999999995534594e+00 7.849999999997744560e+00 -8.149999999995813482e+00 -7.849999999999060840e+00 8.149999999996078159e+00 7.850000000000379785e+00 -8.149999999996346389e+00 -7.850000000001697842e+00 8.149999999996611066e+00 7.850000000003015899e+00
1.719999999998715623e+01 1.704999999998081606e+01 -1.719999999998769269e+01 -1.704999999998363336e+01 1.719999999998822915e+01 1.704999999998645777e+01 -1.719999999998876916e+01 -1.704999999998927507e+01 1.719999999998929141e+01 1.704999999999210303e+01 -1.719999999998982432e+01 -1.704999999999490257e+01 1.719999999999037854e+01 1.704999999999773053e+01 -1.719999999999090790e+01 -1.705000000000056204e+01 1.719999999999144080e+01 1.705000000000339000e+01 -1.719999999999196660e+01 -1.705000000000622151e+01
-4.149999999996841993e+00 -3.349999999995948663e+00 4.149999999997023181e+00 3.349999999996554401e+00 -4.149999999997203481e+00 -3.349999999997161915e+00 4.149999999997385558e+00 3.349999999997766320e+00 -4.149999999997564082e+00 -3.349999999998374722e+00 4.149999999997742606e+00 3.349999999998975131e+00 -4.149999999997927347e+00 -3.349999999999583089e+00 4.149999999998106759e+00 3.350000000000191047e+00 -4.149999999998286171e+00 -3.350000000000799449e+00 4.149999999998464695e+00 3.350000000001406963e+00
1.789999999998729407e+01 1.794999999997941131e+01 -1.789999999998783764e+01 -1.794999999998236362e+01 1.789999999998837765e+01 1.794999999998532658e+01 -1.789999999998893188e+01 -1.794999999998827889e+01 1.789999999998946123e+01 1.794999999999124185e+01 -1.789999999998999414e+01 -1.794999999999417639e+01 1.789999999999056612e+01 1.794999999999713580e+01 -1.789999999999109903e+01 -1.795000000000010587e+01 1.789999999999163904e+01 1.795000000000306883e+01 -1.789999999999217195e+01 -1.795000000000603180e+01
-5.149999999996158984e+00 -5.049999999994081001e+00 5.149999999996323297e+00 5.049999999994919442e+00 -5.149999999996486721e+00 -5.049999999995760547e+00 5.149999999996652811e+00 5.049999999996598099e+00 -5.149999999996812683e+00 -5.049999999997440092e+00 5.149999999996974331e+00 5.049999999998273204e+00 -5.149999999997145750e+00 -5.049999999999113420e+00 5.149999999997307398e+00 5.049999999999956302e+00 -5.149999999997469935e+00 -5.050000000000798295e+00 5.149999999997631583e+00 5.050000000001639400e+00
3.099999999997439470e+00 -3.000000000008753442e-01 -3.099999999997762323e+00 3.000000000006972645e-01 3.099999999998085620e+00 -3.000000000005169642e-01 -3.099999999998408473e+00 3.000000000003393286e-01 3.099999999998731326e+00 -3.000000000001585843e-01 -3.099999999999054623e+00 2.999999999999838352e-01 3.099999999999377032e+00 -2.999999999998035349e-01 -3.099999999999700329e+00 2.999999999996234568e-01 3.100000000000023626e+00 -2.999999999994429345e-01 -3.100000000000346922e+00 2.999999999992626343e-01
-6.049999999995854694e+00 -5.599999999993600319e+00 6.049999999996070521e+00 5.599999999994552446e+00 -6.049999999996283684e+00 -5.599999999995508126e+00 6.049999999996502176e+00 5.599999999996459366e+00 -6.049999999996713562e+00 -5.599999999997415934e+00 6.049999999996925837e+00 5.599999999998361844e+00 -6.049999999997147881e+00 -5.599999999999317524e+00 6.049999999997361044e+00 5.600000000000274092e+00 -6.049999999997574207e+00 -5.600000000001231548e+00 6.049999999997785594e+00 5.600000000002186340e+00
-1.214999999999147384e+01 -1.174999999998661160e+01 1.214999999999187352e+01 1.174999999998857447e+01 -1.214999999999226965e+01 -1.174999999999054268e+01 1.214999999999267288e+01 1.174999999999250200e+01 -1.214999999999306368e+01 -1.174999999999447198e+01 1.214999999999345626e+01 1.174999999999642064e+01 -1.214999999999386837e+01 -1.174999999999838884e+01 1.214999999999426272e+01 1.175000000000036060e+01 -1.214999999999465707e+01 -1.175000000000233058e+01 1.214999999999504965e+01 1.175000000000430056e+01
-2.399999999998200462e+00 -1.649999999997988409e+00 2.399999999998324363e+00 1.649999999998310374e+00 -2.399999999998447375e+00 -1.649999999998633449e+00 2.399999999998572164e+00 1.649999999998954969e+00 -2.399999999998694733e+00 -1.649999999999278488e+00 2.399999999998817302e+00 1.649999999999598010e+00 -2.399999999998943423e+00 -1.649999999999921085e+00 2.399999999999066436e+00 1.650000000000245048e+00 -2.399999999999189448e+00 -1.650000000000568567e+00 2.399999999999312461e+00 1.650000000000891642e+00
-1.344999999999096474e+01 -1.444999999998402274e+01 1.344999999999131113e+01 1.444999999998633555e+01 -1.344999999999165219e+01 -1.444999999998865547e+01 1.344999999999200213e+01 1.444999999999096474e+01 -1.344999999999233609e+01 -1.444999999999328644e+01 1.344999999999267537e+01 1.444999999999558504e+01 -1.344999999999303775e+01 -1.444999999999790496e+01 1.344999999999337348e+01 1.445000000000022844e+01 -1.344999999999371276e+01 -1.445000000000255014e+01 1.344999999999405205e+01 1.445000000000487006e+01
