-5.405764746867186554e-01 -9.435661446540177799e-01 1.123732422716779755e+00 2.490613131549986314e-01 -1.277660779529560031e+00 5.405764746869341497e-01 9.435661446547634057e-01 -1.123732422717454771e+00 -2.490613131553256476e-01 1.277660779530437996e+00 -5.405764746871494220e-01 -9.435661446555063669e-01 1.123732422718128676e+00 2.490613131556547732e-01 -1.277660779531315738e+00 5.405764746873629178e-01 9.435661446562522148e-01 -1.123732422718805690e+00 -2.490613131559795690e-01 1.277660779532193258e+00
-7.025657780860355750e+00 -2.801141952302512728e+00 8.756858714698532609e+00 -2.610894368061444926e+00 -7.143237254203138598e+00 7.025657780864414725e+00 2.801141952305455263e+00 -8.756858714704401692e+00 2.610894368062140813e+00 7.143237254208579579e+00 -7.025657780868471036e+00 -2.801141952308371152e+00 8.756858714710268998e+00 -2.610894368062823823e+00 -7.143237254214025889e+00 7.025657780872521130e+00 2.801141952311316352e+00 -8.756858714716139858e+00 2.610894368063533477e+00 7.143237254219456212e+00
-6.907091636203991136e+00 -3.548558813269879320e+00 9.100221593884748827e+00 -2.075687436905994776e+00 -7.817376207858059978e+00 6.907091636207876029e+00 3.548558813273339219e+00 -9.100221593890763572e+00 2.075687436906263894e+00 7.817376207863908633e+00 -6.907091636211758257e+00 -3.548558813276772028e+00 9.100221593896772987e+00 -2.075687436906518357e+00 -7.817376207869764393e+00 6.907091636215632491e+00 3.548558813280234148e+00 -9.100221593902793060e+00 2.075687436906802574e+00 7.817376207875605942e+00
-7.154711762639386130e+00 -3.577612795050848948e+00 9.365798068569370471e+00 -2.210768743092498934e+00 -7.999467844074755973e+00 7.154711762643423789e+00 3.577612795054362582e+00 -9.365798068575571733e+00 2.210768743092828892e+00 7.999467844080753842e+00 -7.154711762647457007e+00 -3.577612795057848682e+00 9.365798068581767666e+00 -2.210768743093144195e+00 -7.999467844086757040e+00 7.154711762651484896e+00 3.577612795061364537e+00 -9.365798068587968928e+00 2.210768743093489253e+00 7.999467844092746915e+00
-7.919098300545764246e+00 -3.350155280989379314e+00 9.989608131789401213e+00 -2.823762078748250470e+00 -8.244427190982506204e+00 7.919098300550314384e+00 3.350155280992833884e+00 -9.989608131796076762e+00 2.823762078748934368e+00 8.244427190988760756e+00 -7.919098300554860081e+00 -3.350155280996258256e+00 9.989608131802748758e+00 -2.823762078749602722e+00 -8.244427190995020638e+00 7.919098300559399561e+00 3.350155280999715046e+00 -9.989608131809426084e+00 2.823762078750302162e+00 8.244427191001264532e+00
1.806757947330530101e+01 5.901655779760996978e+00 -2.171500333510492453e+01 7.518954347150324402e+00 1.706803398871280919e+01 -1.806757947331591296e+01 -5.901655779767636112e+00 2.171500333511961855e+01 -7.518954347152794426e+00 -1.706803398872597910e+01 1.806757947332651426e+01 5.901655779774207744e+00 -2.171500333513430547e+01 7.518954347155233364e+00 1.706803398873916677e+01 -1.806757947333710490e+01 -5.901655779780853095e+00 2.171500333514900660e+01 -7.518954347157737139e+00 -1.706803398875230826e+01
-4.201722092678321197e+00 -1.425938686838950753e+00 5.083000667019364371e+00 -1.715528490217193669e+00 -4.022745751397651226e+00 4.201722092680781451e+00 1.425938686840532821e+00 -5.083000667022798957e+00 1.715528490217740343e+00 4.022745751400746528e+00 -4.201722092683240817e+00 -1.425938686842099123e+00 5.083000667026229991e+00 -1.715528490218279467e+00 -4.022745751403848047e+00 4.201722092685696630e+00 1.425938686843682524e+00 -5.083000667029664577e+00 1.715528490218833912e+00 4.022745751406938020e+00
1.823209163618005135e+01 6.542028988976380965e+00 -2.227528790675969361e+01 7.224856046589612113e+00 1.781008130614784335e+01 -1.823209163619068107e+01 -6.542028988983498827e+00 2.227528790677470738e+01 -7.224856046591797920e+00 -1.781008130616150709e+01 1.823209163620130369e+01 6.542028988990548299e+00 -2.227528790678970694e+01 7.224856046593951753e+00 1.781008130617517793e+01 -1.823209163621191209e+01 -6.542028988997672379e+00 2.227528790680471715e+01 -7.224856046596173087e+00 -1.781008130618881324e+01
-5.543237254207042497e+00 -1.962084304836308579e+00 6.755872043390150239e+00 -2.213274241623711891e+00 -5.387993335643782800e+00 5.543237254210278131e+00 1.962084304838453308e+00 -6.755872043394704818e+00 2.213274241624390903e+00 5.387993335647919046e+00 -5.543237254213511100e+00 -1.962084304840577831e+00 6.755872043399258509e+00 -2.213274241625059702e+00 -5.387993335652060622e+00 5.543237254216740517e+00 1.962084304842724336e+00 -6.755872043403813976e+00 2.213274241625748928e+00 5.387993335656189764e+00
1.592124957933470863e+00 -2.227937358742168028e-01 -1.454430856683058604e+00 1.121681439591083684e+00 7.611936024662078193e-01 -1.592124957934505147e+00 2.227937358741614582e-01 1.454430856684125528e+00 -1.121681439591689644e+00 -7.611936024668999323e-01 1.592124957935538099e+00 -2.227937358741116092e-01 -1.454430856685192675e+00 1.121681439592294049e+00 7.611936024675939327e-01 -1.592124957936571716e+00 2.227937358740557650e-01 1.454430856686258267e+00 -1.121681439592901786e+00 -7.611936024682833812e-01
-5.794630456456484779e+00 -2.097697766930433971e+00 7.091078974545879099e+00 -2.284830056248348562e+00 -5.678976341268888284e+00 5.794630456459861634e+00 2.097697766932709040e+00 -7.091078974550656611e+00 2.284830056249033792e+00 5.678976341273241246e+00 -5.794630456463234935e+00 -2.097697766934963237e+00 7.091078974555428793e+00 -2.284830056249708807e+00 -5.678976341277599538e+00 5.794630456466604684e+00 2.097697766937240083e+00 -7.091078974560206305e+00 2.284830056250405139e+00 5.678976341281945395e+00
-1.186352549153734515e+01 -4.227487170078164880e+00 1.447625624965309399e+01 -4.719331222059889086e+00 -1.155954915025522389e+01 1.186352549154426583e+01 4.227487170082776302e+00 -1.447625624966285152e+01 4.719331222061327047e+00 1.155954915026409324e+01 -1.186352549155118119e+01 -4.227487170087342427e+00 1.447625624967260549e+01 -4.719331222062743691e+00 -1.155954915027297503e+01 1.186352549155808767e+01 4.227487170091956514e+00 -1.447625624968236480e+01 4.719331222064203857e+00 1.155954915028182839e+01
-2.090779740151387234e+00 -4.651219592793318647e-01 2.378240919900536987e+00 -1.004711762654972640e+00 -1.757294901683549959e+00 2.090779740152644450e+00 4.651219592799447633e-01 -2.378240919902171235e+00 1.004711762655372542e+00 1.757294901684936406e+00 -2.090779740153900335e+00 -4.651219592805501679e-01 2.378240919903804151e+00 -1.004711762655768892e+00 -1.757294901686325073e+00 2.090779740155155331e+00 4.651219592811636772e-01 -2.378240919905437512e+00 1.004711762656171903e+00 1.757294901687708855e+00
-1.339336287915940460e+01 -6.302487170073125533e+00 1.728851416392855356e+01 -4.382402198217589806e+00 -1.458004065306231567e+01 1.339336287916701451e+01 6.302487170079420942e+00 -1.728851416394004303e+01 4.382402198218414036e+00 1.458004065307329356e+01 -1.339336287917461910e+01 -6.302487170085666612e+00 1.728851416395151830e+01 -4.382402198219210732e+00 -1.458004065308428210e+01 1.339336287918220947e+01 6.302487170091967350e+00 -1.728851416396300777e+01 4.382402198220062495e+00 1.458004065309524400e+01
-1.237006664341733231e+00 3.523798735626079148e-01 1.019223925528971453e+00 -9.822949016867333905e-01 -4.121322893110729302e-01 1.237006664342560347e+00 -3.523798735626928469e-01 -1.019223925529745500e+00 9.822949016872978278e-01 4.121322893114975350e-01 -1.237006664343387019e+00 3.523798735627816647e-01 1.019223925530519548e+00 -9.822949016878614881e-01 -4.121322893119238606e-01 1.237006664344214135e+00 -3.523798735628662082e-01 -1.019223925531292041e+00 9.822949016884270357e-01 4.121322893123462450e-01
-6.470879705293391959e-01 -7.344235253108906125e-01 1.100986671309187814e+00 5.397634128136358234e-02 -1.134345884809731642e+00 6.470879705296497253e-01 7.344235253115013462e-01 -1.100986671309874820e+00 -5.397634128154848998e-02 1.134345884810533223e+00 -6.470879705299599216e-01 -7.344235253121093043e-01 1.100986671310560494e+00 5.397634128173539603e-02 -1.134345884811335026e+00 6.470879705302687857e-01 7.344235253127203711e-01 -1.100986671311248832e+00 -5.397634128191830527e-02 1.134345884812136163e+00
-1.792008497183650562e+01 -7.631618792350067793e+00 2.263668477469635576e+01 -6.358621791028258308e+00 -1.870684038624100864e+01 1.792008497184679428e+01 7.631618792357920178e+00 -2.263668477471147966e+01 6.358621791029780645e+00 1.870684038625519463e+01 -1.792008497185707583e+01 -7.631618792365705950e+00 2.263668477472659291e+01 -6.358621791031265680e+00 -1.870684038626939483e+01 1.792008497186733962e+01 7.631618792373564553e+00 -2.263668477474171681e+01 6.358621791032823545e+00 1.870684038628355594e+01
-7.074922359485015910e+00 -2.826470842739925882e+00 8.821777408510849128e+00 -2.625687436905287164e+00 -7.199013328672061895e+00 7.074922359489102419e+00 2.826470842742893286e+00 -8.821777408516762620e+00 2.625687436905984828e+00 7.199013328677543733e+00 -7.074922359493186264e+00 -2.826470842745834045e+00 8.821777408522672559e+00 -2.625687436906669614e+00 -7.199013328683031787e+00 7.074922359497263891e+00 2.826470842748803669e+00 -8.821777408528586051e+00 2.625687436907381489e+00 7.199013328688505631e+00
2.825657780869549995e+00 1.057498167153339441e+00 -3.479227591211828230e+00 1.092782738811830079e+00 2.803850716307813684e+00 -2.825657780871192237e+00 -1.057498167154473645e+00 3.479227591214168136e+00 -1.092782738812145826e+00 -2.803850716309958191e+00 2.825657780872832259e+00 1.057498167155597413e+00 -3.479227591216505822e+00 1.092782738812456911e+00 2.803850716312104918e+00 -2.825657780874470504e+00 -1.057498167156732505e+00 3.479227591218846172e+00 -1.092782738812778431e+00 -2.803850716314245428e+00
-1.588541019659204245e+01 -6.615432521258912679e+00 1.997397234501596230e+01 -5.729161278310298755e+00 -1.643315594799555868e+01 1.588541019660118359e+01 6.615432521265765864e+00 -1.997397234502932406e+01 5.729161278311725169e+00 1.643315594800803936e+01 -1.588541019661031406e+01 -6.615432521272561317e+00 1.997397234504266805e+01 -5.729161278313120498e+00 -1.643315594802053070e+01 1.588541019661943388e+01 6.615432521279420719e+00 -1.997397234505603336e+01 5.729161278314578887e+00 1.643315594803298652e+01
