-7.025657780870673719e+00 -2.801141952323258799e+00 8.756858714718429582e+00 -2.610894368053513048e+00 -7.143237254224384714e+00 7.025657780867927471e+00 2.801141952322012685e+00 -8.756858714714905290e+00 2.610894368052592007e+00 7.143237254221428856e+00 -7.025657780865179447e+00 -2.801141952320740369e+00 8.756858714711384550e+00 -2.610894368051656755e+00 -7.143237254218485432e+00 7.025657780862426094e+00 2.801141952319497808e+00 -8.756858714707858482e+00 2.610894368050752146e+00 7.143237254215521581e+00
-6.907091636213700703e+00 -3.548558813292543412e+00 9.100221593905216011e+00 -2.075687436896790583e+00 -7.817376207880472272e+00 6.907091636211013963e+00 3.548558813290994873e+00 -9.100221593901563821e+00 2.075687436896093807e+00 7.817376207877249072e+00 -6.907091636208325447e+00 -3.548558813289420133e+00 9.100221593897913408e+00 -2.075687436895381488e+00 -7.817376207874039196e+00 6.907091636205628937e+00 3.548558813287875147e+00 -9.100221593894261218e+00 2.075687436894701143e+00 7.817376207870809779e+00
-7.154711762649650808e+00 -3.577612795077132368e+00 9.365798068592521730e+00 -2.210768743081325649e+00 -7.999467844100966119e+00 7.154711762646866369e+00 3.577612795075568286e+00 -9.365798068588761183e+00 2.210768743080577803e+00 7.999467844097667424e+00 -7.154711762644080153e+00 -3.577612795073976670e+00 9.365798068585002412e+00 -2.210768743079814413e+00 -7.999467844094381164e+00 7.154711762641285944e+00 3.577612795072416585e+00 -9.365798068581243641e+00 2.210768743079083887e+00 7.999467844091075364e+00
-7.919098300558498060e+00 -3.350155281012990205e+00 9.989608131813058733e+00 -2.823762078739916248e+00 -8.244427191007249078e+00 7.919098300555406311e+00 3.350155281011506947e+00 -9.989608131809042391e+00 2.823762078738929038e+00 8.244427191003838473e+00 -7.919098300552311009e+00 -3.350155281009994823e+00 9.989608131805026048e+00 -2.823762078737924952e+00 -8.244427191000443855e+00 7.919098300549210379e+00 3.350155281008516006e+00 -9.989608131801006152e+00 2.823762078736955505e+00 8.244427190997027921e+00
1.806757947333520420e+01 5.901655779807892799e+00 -2.171500333515557557e+01 7.518954347135563765e+00 1.706803398876385103e+01 -1.806757947332811653e+01 -5.901655779805218494e+00 2.171500333514682168e+01 -7.518954347132854821e+00 -1.706803398875676692e+01 1.806757947332103242e+01 5.901655779802478463e+00 -2.171500333513807135e+01 7.518954347130111238e+00 1.706803398874971478e+01 -1.806757947331392700e+01 -5.901655779799813040e+00 2.171500333512931036e+01 -7.518954347127440485e+00 -1.706803398874260935e+01
-4.201722092685957755e+00 -1.425938686849880899e+00 5.083000667031837949e+00 -1.715528490214186075e+00 -4.022745751409935622e+00 4.201722092684311072e+00 1.425938686849237191e+00 -5.083000667029789810e+00 1.715528490213570345e+00 4.022745751408265846e+00 -4.201722092682664389e+00 -1.425938686848578163e+00 5.083000667027742558e+00 -1.715528490212945956e+00 -4.022745751406605841e+00 4.201722092681013265e+00 1.425938686847936676e+00 -5.083000667025691754e+00 1.715528490212338886e+00 4.022745751404931625e+00
1.823209163620833451e+01 6.542028989027736330e+00 -2.227528790681136428e+01 7.224856046571250801e+00 1.781008130620186236e+01 -1.823209163620119355e+01 -6.542028989024799124e+00 2.227528790680239013e+01 -7.224856046568671530e+00 -1.781008130619447982e+01 1.823209163619405260e+01 6.542028989021794416e+00 -2.227528790679341952e+01 7.224856046566054957e+00 1.781008130618712926e+01 -1.823209163618689033e+01 -6.542028989018866092e+00 2.227528790678444182e+01 -7.224856046563514766e+00 -1.781008130617972895e+01
-5.543237254216005994e+00 -1.962084304851759997e+00 6.755872043406125016e+00 -2.213274241618446325e+00 -5.387993335660286043e+00 5.543237254213835286e+00 1.962084304850877370e+00 -6.755872043403402749e+00 2.213274241617654958e+00 5.387993335658052274e+00 -5.543237254211663689e+00 -1.962084304849975203e+00 6.755872043400682259e+00 -2.213274241616852489e+00 -5.387993335655829163e+00 5.543237254209486764e+00 1.962084304849096128e+00 -6.755872043397959104e+00 2.213274241616072668e+00 5.387993335653588289e+00
1.592124957938596097e+00 -2.227937358717438365e-01 -1.454430856689045370e+00 1.121681439592100649e+00 7.611936024710298510e-01 -1.592124957937959717e+00 2.227937358716770011e-01 1.454430856688449181e+00 -1.121681439591667440e+00 -7.611936024707008919e-01 1.592124957937322893e+00 -2.227937358716152727e-01 -1.454430856687854323e+00 1.121681439591232010e+00 7.611936024703751524e-01 -1.592124957936686291e+00 2.227937358715475491e-01 1.454430856687256357e+00 -1.121681439590800800e+00 -7.611936024700438619e-01
-5.794630456465793777e+00 -2.097697766946423847e+00 7.091078974562413428e+00 -2.284830056242922236e+00 -5.678976341285911111e+00 5.794630456463524482e+00 2.097697766945482822e+00 -7.091078974559557935e+00 2.284830056242106444e+00 5.678976341283557439e+00 -5.794630456461255186e+00 -2.097697766944520481e+00 7.091078974556703329e+00 -2.284830056241279994e+00 -5.678976341281214424e+00 5.794630456458979673e+00 2.097697766943582121e+00 -7.091078974553845171e+00 2.284830056240477525e+00 5.678976341278854534e+00
-1.186352549155552438e+01 -4.227487170112219417e+00 1.447625624968688740e+01 -4.719331222047400409e+00 -1.155954915029089136e+01 1.186352549155087743e+01 4.227487170110319603e+00 -1.447625624968105740e+01 4.719331222045713758e+00 1.155954915028610053e+01 -1.186352549154623048e+01 -4.227487170108377157e+00 1.447625624967522739e+01 -4.719331222044004015e+00 -1.155954915028132923e+01 1.186352549154157288e+01 4.227487170106483561e+00 -1.447625624966939206e+01 4.719331222042343121e+00 1.155954915027652419e+01
-2.090779740155248145e+00 -4.651219592846589923e-01 2.378240919906755124e+00 -1.004711762653501372e+00 -1.757294901689734568e+00 2.090779740154424804e+00 4.651219592844381689e-01 -2.378240919905793671e+00 1.004711762653130780e+00 1.757294901689001376e+00 -2.090779740153601018e+00 -4.651219592842101291e-01 2.378240919904832662e+00 -1.004711762652756413e+00 -1.757294901688272182e+00 2.090779740152775901e+00 4.651219592839903605e-01 -2.378240919903869877e+00 1.004711762652390039e+00 1.757294901687536326e+00
-1.339336287917872426e+01 -6.302487170115552928e+00 1.728851416396784302e+01 -4.382402198200794352e+00 -1.458004065310490383e+01 1.339336287917350532e+01 6.302487170112786252e+00 -1.728851416396089746e+01 4.382402198199290666e+00 1.458004065309888553e+01 -1.339336287916828283e+01 -6.302487170109968062e+00 1.728851416395395546e+01 -4.382402198197759446e+00 -1.458004065309289210e+01 1.339336287916304613e+01 6.302487170107207604e+00 -1.728851416394700991e+01 4.382402198196286847e+00 1.458004065308686137e+01
-1.237006664342959583e+00 3.523798735612564959e-01 1.019223925530529096e+00 -9.822949016861132199e-01 -4.121322893126536102e-01 1.237006664342462203e+00 -3.523798735611315958e-01 -1.019223925530108543e+00 9.822949016857296378e-01 4.121322893124694242e-01 -1.237006664341964601e+00 3.523798735610103594e-01 1.019223925529688657e+00 -9.822949016853445015e-01 -4.121322893122875142e-01 1.237006664341467443e+00 -3.523798735608847932e-01 -1.019223925529265662e+00 9.822949016849622517e-01 4.121322893121013298e-01
-6.470879705298122619e-01 -7.344235253154198784e-01 1.100986671312124132e+00 5.397634128384892760e-02 -1.134345884813726890e+00 6.470879705295671247e-01 7.344235253151110143e-01 -1.100986671311686926e+00 -5.397634128380895957e-02 1.134345884813265259e+00 -6.470879705293219875e-01 -7.344235253147994857e-01 1.100986671311249498e+00 5.397634128377098994e-02 -1.134345884812804517e+00 6.470879705290752959e-01 7.344235253144910658e-01 -1.100986671310813403e+00 -5.397634128372869045e-02 1.134345884812342664e+00
-1.792008497186382243e+01 -7.631618792403617846e+00 2.263668477474846341e+01 -6.358621791008415514e+00 -1.870684038629616452e+01 1.792008497185682359e+01 7.631618792400240991e+00 -2.263668477473936136e+01 6.358621791006194179e+00 1.870684038628843027e+01 -1.792008497184982829e+01 -7.631618792396797524e+00 2.263668477473026286e+01 -6.358621791003936430e+00 -1.870684038628073154e+01 1.792008497184280813e+01 7.631618792393430439e+00 -2.263668477472115725e+01 6.358621791001755952e+00 1.870684038627297596e+01
-7.074922359495498192e+00 -2.826470842760652413e+00 8.821777408530877551e+00 -2.625687436897460092e+00 -7.199013328693346203e+00 7.074922359492732404e+00 2.826470842759395197e+00 -8.821777408527328390e+00 2.625687436896534166e+00 7.199013328690367253e+00 -7.074922359489965729e+00 -2.826470842758112223e+00 8.821777408523779229e+00 -2.625687436895594029e+00 -7.199013328687399849e+00 7.074922359487192836e+00 2.826470842756859003e+00 -8.821777408520228292e+00 2.625687436894684090e+00 7.199013328684412905e+00
2.825657780874009983e+00 1.057498167159407032e+00 -3.479227591218740034e+00 1.092782738810215371e+00 2.803850716314314706e+00 -2.825657780872904201e+00 -1.057498167158933855e+00 3.479227591217338933e+00 -1.092782738809827014e+00 -2.803850716313153413e+00 2.825657780871797975e+00 1.057498167158450464e+00 -3.479227591215938720e+00 1.092782738809432663e+00 2.803850716311997449e+00 -2.825657780870689084e+00 -1.057498167157978841e+00 3.479227591214537174e+00 -1.092782738809050525e+00 -2.803850716310832603e+00
-1.588541019661551346e+01 -6.615432521305404379e+00 1.997397234506081887e+01 -5.729161278292802528e+00 -1.643315594804310464e+01 1.588541019660930864e+01 6.615432521302472502e+00 -1.997397234505278618e+01 5.729161278290795245e+00 1.643315594803630475e+01 -1.588541019660310383e+01 -6.615432521299481117e+00 1.997397234504475705e+01 -5.729161278288754211e+00 -1.643315594802953683e+01 1.588541019659687947e+01 6.615432521296557233e+00 -1.997397234503671726e+01 5.729161278286781567e+00 1.643315594802272628e+01
-1.519967110955396095e+01 -5.865964677211672473e+00 1.882503665687437788e+01 -5.768547816199491862e+00 -1.525987804073132637e+01 1.519967110954801548e+01 5.865964677209055900e+00 -1.882503665686679994e+01 5.768547816197449940e+00 1.525987804072500786e+01 -1.519967110954206824e+01 -5.865964677206382483e+00 1.882503665685922201e+01 -5.768547816195375155e+00 -1.525987804071871778e+01 1.519967110953610856e+01 5.865964677203774791e+00 -1.882503665685164407e+01 5.768547816193366984e+00 1.525987804071238330e+01
