-6.739589803376870414e+00 -1.155574641843588957e+01 -4.022542485911864141e-01 1.130713962068785072e+01 7.390450849716913240e+00 -6.739589803377597832e+00 -1.155574641843674222e+01 -4.022542485909764154e-01 1.130713962068883127e+01 7.390450849717317361e+00 -6.739589803378323474e+00 -1.155574641843759132e+01 -4.022542485907785181e-01 1.130713962068981893e+01 7.390450849717703719e+00 -6.739589803379068655e+00 -1.155574641843844574e+01 -4.022542485905750143e-01 1.130713962069078171e+01 7.390450849718122051e+00
-6.282827057595770981e+00 -1.204931256309233945e+01 -1.164057647466233414e+00 1.132988537209434021e+01 8.166311896060850728e+00 -6.282827057596476195e+00 -1.204931256309324183e+01 -1.164057647466077983e+00 1.132988537209533675e+01 8.166311896061321463e+00 -6.282827057597177856e+00 -1.204931256309414245e+01 -1.164057647465935874e+00 1.132988537209634572e+01 8.166311896061772657e+00 -6.282827057597900833e+00 -1.204931256309505017e+01 -1.164057647465787326e+00 1.132988537209732449e+01 8.166311896062257603e+00
-9.049138953658513174e+00 -1.343869910099784093e+01 7.435661446594473700e-01 1.389824825128152597e+01 7.846023658716335447e+00 -9.049138953659447537e+00 -1.343869910099880727e+01 7.435661446597953139e-01 1.389824825128270369e+01 7.846023658716728022e+00 -9.049138953660380125e+00 -1.343869910099976828e+01 7.435661446601296021e-01 1.389824825128389207e+01 7.846023658717094840e+00 -9.049138953661334028e+00 -1.343869910100073639e+01 7.435661446604698854e-01 1.389824825128505381e+01 7.846023658717504290e+00
-8.600000000001797318e+00 -1.287968210662319990e+01 6.399186938150579484e-01 1.327517360943775060e+01 7.564589803373105603e+00 -8.600000000002690825e+00 -1.287968210662412893e+01 6.399186938153852422e-01 1.327517360943887681e+01 7.564589803373486632e+00 -8.600000000003577227e+00 -1.287968210662504909e+01 6.399186938156993243e-01 1.327517360944001368e+01 7.564589803373843679e+00 -8.600000000004486722e+00 -1.287968210662598167e+01 6.399186938160192906e-01 1.327517360944112390e+01 7.564589803374241583e+00
1.918348483847232089e+01 2.776612695902728944e+01 -2.023074641849242905e+00 -2.901645584946901835e+01 -1.591008130618332217e+01 1.918348483847428554e+01 2.776612695902927541e+01 -2.023074641850003630e+00 -2.901645584947146972e+01 -1.591008130618409844e+01 1.918348483847625019e+01 2.776612695903124717e+01 -2.023074641850735933e+00 -2.901645584947394241e+01 -1.591008130618482674e+01 1.918348483847825747e+01 2.776612695903324379e+01 -2.023074641851480671e+00 -2.901645584947635470e+01 -1.591008130618564209e+01
-4.523606797750679753e+00 -6.237586804717720312e+00 6.685661446574052702e-01 6.650783405843673002e+00 3.441844051967766660e+00 -4.523606797751137165e+00 -6.237586804718160849e+00 6.685661446575944522e-01 6.650783405844229890e+00 3.441844051967926976e+00 -4.523606797751593689e+00 -6.237586804718599609e+00 6.685661446577774170e-01 6.650783405844792107e+00 3.441844051968075746e+00 -4.523606797752059983e+00 -6.237586804719044586e+00 6.685661446579629352e-01 6.650783405845341889e+00 3.441844051968244944e+00
1.814045084972250521e+01 2.948051349693311352e+01 7.950849718166644320e-02 -2.943137454328134694e+01 -1.826909830055802786e+01 1.814045084972443078e+01 2.948051349693526646e+01 7.950849718104960329e-02 -2.943137454328387648e+01 -1.826909830055899775e+01 1.814045084972635280e+01 2.948051349693740875e+01 7.950849718046344716e-02 -2.943137454328642733e+01 -1.826909830055992146e+01 1.814045084972832456e+01 2.948051349693957235e+01 7.950849717986332998e-02 -2.943137454328891778e+01 -1.826909830056092687e+01
-5.447745751407219394e+00 -9.044146285030006283e+00 -1.418440519672665434e-01 8.956481839812513002e+00 5.677254248592618069e+00 -5.447745751407802040e+00 -9.044146285030670640e+00 -1.418440519670873534e-01 8.956481839813285717e+00 5.677254248592923602e+00 -5.447745751408382020e+00 -9.044146285031329668e+00 -1.418440519669176003e-01 8.956481839814063761e+00 5.677254248593214037e+00 -5.447745751408977988e+00 -9.044146285031995802e+00 -1.418440519667435451e-01 8.956481839814825818e+00 5.677254248593530228e+00
2.788525491562563019e+00 2.557952682560998614e+00 -1.207623792125978257e+00 -3.304305231717973967e+00 -8.345491502797965921e-01 2.788525491562818814e+00 2.557952682561160263e+00 -1.207623792126135909e+00 -3.304305231718232427e+00 -8.345491502798012551e-01 2.788525491563074166e+00 2.557952682561320135e+00 -1.207623792126290896e+00 -3.304305231718491775e+00 -8.345491502797999228e-01 2.788525491563333070e+00 2.557952682561483115e+00 -1.207623792126446771e+00 -3.304305231718749347e+00 -8.345491502798096928e-01
-5.365450849720282633e+00 -8.993285238686029359e+00 -1.927050983102435444e-01 8.874186938125191659e+00 5.677254248592000785e+00 -5.365450849720859061e+00 -8.993285238686690164e+00 -1.927050983100698223e-01 8.874186938125959045e+00 5.677254248592308095e+00 -5.365450849721431936e+00 -8.993285238687347416e+00 -1.927050983099054537e-01 8.874186938126731761e+00 5.677254248592600305e+00 -5.365450849722019910e+00 -8.993285238688009997e+00 -1.927050983097367831e-01 8.874186938127484936e+00 5.677254248592917385e+00
-1.188368810394025665e+01 -1.889054681865338026e+01 2.086881039416069727e-01 1.901952315993765907e+01 1.154602365871570946e+01 -1.188368810394150898e+01 -1.889054681865475160e+01 2.086881039420244999e-01 1.901952315993928622e+01 1.154602365871631342e+01 -1.188368810394275776e+01 -1.889054681865611940e+01 2.086881039424224038e-01 1.901952315994092757e+01 1.154602365871688541e+01 -1.188368810394404029e+01 -1.889054681865750140e+01 2.086881039428291340e-01 1.901952315994253340e+01 1.154602365871751424e+01
-2.184549150281603680e+00 -2.976518827218142871e+00 3.449593469068783502e-01 3.189715428343653958e+00 1.626393202249426739e+00 -2.184549150281823948e+00 -2.976518827218352925e+00 3.449593469069708873e-01 3.189715428343920856e+00 1.626393202249501346e+00 -2.184549150282043328e+00 -2.976518827218561647e+00 3.449593469070603713e-01 3.189715428344189529e+00 1.626393202249570846e+00 -2.184549150282268037e+00 -2.976518827218773033e+00 3.449593469071511320e-01 3.189715428344452874e+00 1.626393202249650116e+00
-1.235835921350346212e+01 -2.251514028771567411e+01 -1.556762745776568480e+00 2.155300799840684789e+01 1.487725424859044132e+01 -1.235835921350482458e+01 -2.251514028771735099e+01 -1.556762745776225643e+00 2.155300799840873083e+01 1.487725424859128331e+01 -1.235835921350618172e+01 -2.251514028771901366e+01 -1.556762745775906565e+00 2.155300799841063153e+01 1.487725424859208623e+01 -1.235835921350757616e+01 -2.251514028772069764e+01 -1.556762745775576162e+00 2.155300799841248249e+01 1.487725424859295131e+01
-5.321559067999808920e-04 1.458980337470957948e-02 9.549150281548469607e-03 -8.688103937032436858e-03 -1.491869381242661580e-02 -5.321559067997232856e-04 1.458980337471084236e-02 9.549150281548977881e-03 -8.688103937033380547e-03 -1.491869381242771908e-02 -5.321559067994665465e-04 1.458980337471210524e-02 9.549150281549505237e-03 -8.688103937034346788e-03 -1.491869381242881196e-02 -5.321559067991811845e-04 1.458980337471336985e-02 9.549150281550020450e-03 -8.688103937035254049e-03 -1.491869381242991871e-02
-1.266844051970102525e+00 -5.312305898746931820e-01 9.385254915639255069e-01 1.111271242969420481e+00 -2.517220926885079813e-01 -1.266844051970206220e+00 -5.312305898747124999e-01 9.385254915640171003e-01 1.111271242969496642e+00 -2.517220926885520571e-01 -1.266844051970309248e+00 -5.312305898747311517e-01 9.385254915641083606e-01 1.111271242969571915e+00 -2.517220926885983534e-01 -1.266844051970412721e+00 -5.312305898747511357e-01 9.385254915641996210e-01 1.111271242969648743e+00 -2.517220926886403198e-01
-1.823680339887969382e+01 -2.966731689580846876e+01 -9.860679774344920101e-02 2.960637454328216478e+01 1.839635254915154761e+01 -1.823680339888163360e+01 -2.966731689581063947e+01 -9.860679774283004351e-02 2.960637454328470852e+01 1.839635254915252816e+01 -1.823680339888356272e+01 -2.966731689581279241e+01 -9.860679774224176408e-02 2.960637454328727713e+01 1.839635254915345541e+01 -1.823680339888554514e+01 -2.966731689581497022e+01 -9.860679774163941258e-02 2.960637454328978180e+01 1.839635254915446794e+01
-5.833688103939842051e+00 -1.213664811787311848e+01 -1.667172942403027491e+00 1.110627857434425358e+01 8.531230589872583536e+00 -5.833688103940515290e+00 -1.213664811787403863e+01 -1.667172942402913582e+00 1.110627857434524302e+01 8.531230589873091574e+00 -5.833688103941185865e+00 -1.213664811787495523e+01 -1.667172942402812774e+00 1.110627857434624133e+01 8.531230589873580072e+00 -5.833688103941878644e+00 -1.213664811787587894e+01 -1.667172942402705305e+00 1.110627857434721122e+01 8.531230589874096992e+00
1.729508497187982830e+00 4.013322226093563927e+00 7.508610463431835136e-01 -3.549264578625291211e+00 -2.944427190999719723e+00 1.729508497188191551e+00 4.013322226093872125e+00 7.508610463431628634e-01 -3.549264578625611399e+00 -2.944427190999900468e+00 1.729508497188398497e+00 4.013322226094179435e+00 7.508610463431466542e-01 -3.549264578625936029e+00 -2.944427191000075439e+00 1.729508497188613436e+00 4.013322226094489409e+00 7.508610463431282245e-01 -3.549264578626250000e+00 -2.944427191000259292e+00
-1.519549150281666172e+01 -2.504637087759056868e+01 -2.840169943694163535e-01 2.487083872168847165e+01 1.565504065308994974e+01 -1.519549150281828354e+01 -2.504637087759240544e+01 -2.840169943689108689e-01 2.487083872169061394e+01 1.565504065309078818e+01 -1.519549150281989824e+01 -2.504637087759422798e+01 -2.840169943684314746e-01 2.487083872169277043e+01 1.565504065309158577e+01 -1.519549150282155559e+01 -2.504637087759607184e+01 -2.840169943679401454e-01 2.487083872169488075e+01 1.565504065309245618e+01
-1.472049150281626595e+01 -2.501042852505884539e+01 -7.368033988695877889e-01 2.455505898153177569e+01 1.591266444521468770e+01 -1.472049150281785401e+01 -2.501042852506068215e+01 -7.368033988691217173e-01 2.455505898153390021e+01 1.591266444521555634e+01 -1.472049150281943142e+01 -2.501042852506251535e+01 -7.368033988686819580e-01 2.455505898153604605e+01 1.591266444521638235e+01 -1.472049150282105501e+01 -2.501042852506436631e+01 -7.368033988682300972e-01 2.455505898153813504e+01 1.591266444521727941e+01
