1.921172575837822905e+01 3.378981139728256977e+01 3.546133755587368341e+01 2.358783805465451167e+01 2.704586137685907943e+00 -1.921172575837659835e+01 -3.378981139728098526e+01 -3.546133755587276681e+01 -2.358783805465459338e+01 -2.704586137686968428e+00 1.921172575837496765e+01 3.378981139727941496e+01 3.546133755587185732e+01 2.358783805465467864e+01 2.704586137688048453e+00 -1.921172575837335117e+01 -3.378981139727783045e+01 -3.546133755587094072e+01 -2.358783805465477101e+01 -2.704586137689123149e+00
4.490576474687366648e+00 1.185661446559551635e-01 -4.298732422718932966e+00 -7.074061313156352782e+00 -7.147339220468793108e+00 -4.490576474687403064e+00 -1.185661446561927512e-01 4.298732422718592794e+00 7.074061313156036590e+00 7.147339220468621690e+00 4.490576474687442143e+00 1.185661446564214572e-01 -4.298732422718252622e+00 -7.074061313155723951e+00 -7.147339220468452048e+00 -4.490576474687475894e+00 -1.185661446566572685e-01 4.298732422717910673e+00 7.074061313155406872e+00 7.147339220468281518e+00
-3.224342219126846487e+00 -1.319885804768865611e+01 -1.813185871471847932e+01 -1.613910563193693903e+01 -7.981762745780527801e+00 3.224342219126168807e+00 1.319885804768780169e+01 1.813185871471778654e+01 1.613910563193666547e+01 7.981762745780780932e+00 -3.224342219125488462e+00 -1.319885804768696325e+01 -1.813185871471709731e+01 -1.613910563193639547e+01 -7.981762745781041168e+00 3.224342219124818776e+00 1.319885804768611060e+01 1.813185871471640453e+01 1.613910563193612546e+01 7.981762745781299628e+00
-4.167908363783217496e+00 -1.612644118672000104e+01 -2.192522159390593117e+01 -1.934931256309308267e+01 -9.382623792124249462e+00 4.167908363782391490e+00 1.612644118671897076e+01 2.192522159390510339e+01 1.934931256309276648e+01 9.382623792124567430e+00 -4.167908363781561931e+00 -1.612644118671795468e+01 -2.192522159390428271e+01 -1.934931256309245384e+01 -9.382623792124894280e+00 4.167908363780745695e+00 1.612644118671692794e+01 2.192522159390345493e+01 1.934931256309213765e+01 9.382623792125217577e+00
-9.670288237346090554e+00 -2.247238720493881559e+01 -2.669079806859321380e+01 -2.071423125690526490e+01 -6.825532155905245091e+00 9.670288237344975002e+00 2.247238720493758990e+01 2.669079806859236115e+01 2.071423125690510147e+01 6.825532155905833065e+00 -9.670288237343859450e+00 -2.247238720493638198e+01 -2.669079806859151560e+01 -2.071423125690493450e+01 -6.825532155906433474e+00 9.670288237342756332e+00 2.247238720493515984e+01 2.669079806859066295e+01 2.071423125690477463e+01 6.825532155907031218e+00
-8.030901699439700892e+00 -1.944984471900124134e+01 -2.343960813181199754e+01 -1.847623792124917941e+01 -6.455572808999127332e+00 8.030901699438731001e+00 1.944984471900016487e+01 2.343960813181123726e+01 1.847623792124901243e+01 6.455572808999624712e+00 -8.030901699437762886e+00 -1.944984471899909906e+01 -2.343960813181047698e+01 -1.847623792124884545e+01 -6.455572809000130974e+00 8.030901699436803653e+00 1.944984471899802614e+01 2.343960813180971314e+01 1.847623792124868558e+01 6.455572809000635459e+00
2.270742052666156496e+01 5.157334422022152864e+01 6.074000333515493111e+01 4.670604565284160969e+01 1.483196601124772229e+01 -2.270742052665900701e+01 -5.157334422021874332e+01 -6.074000333515301264e+01 -4.670604565284126863e+01 -1.483196601124909364e+01 2.270742052665645261e+01 5.157334422021599352e+01 6.074000333515110839e+01 4.670604565284092757e+01 1.483196601125049163e+01 -2.270742052665392663e+01 -5.157334422021321529e+01 -6.074000333514919703e+01 -4.670604565284060072e+01 -1.483196601125188252e+01
-2.748277907313582347e+00 -8.749061313156856201e+00 -1.140800066703100768e+01 -9.709471509780865262e+00 -4.302254248593306407e+00 2.748277907313137813e+00 8.749061313156325070e+00 1.140800066703059557e+01 9.709471509780726706e+00 4.302254248593497366e+00 -2.748277907312693280e+00 -8.749061313155801045e+00 -1.140800066703018878e+01 -9.709471509780589926e+00 -4.302254248593692765e+00 2.748277907312254520e+00 8.749061313155268138e+00 1.140800066702977666e+01 9.709471509780456699e+00 4.302254248593887276e+00
1.549290836378644975e+01 4.410797101100302342e+01 5.587528790681155755e+01 4.630014395340445077e+01 1.903991869381035684e+01 -1.549290836378422753e+01 -4.410797101100042994e+01 -5.587528790680961066e+01 -4.630014395340387523e+01 -1.903991869381138002e+01 1.549290836378200176e+01 4.410797101099787199e+01 5.587528790680767798e+01 4.630014395340329969e+01 1.903991869381242807e+01 -1.549290836377980618e+01 -4.410797101099528561e+01 -5.587528790680573110e+01 -4.630014395340274547e+01 -1.903991869381346902e+01
-6.381762745782568302e+00 -1.286291569515692856e+01 -1.443087204340586283e+01 -1.048672575837453280e+01 -2.537006664343303797e+00 6.381762745781937696e+00 1.286291569515627486e+01 1.443087204340544183e+01 1.048672575837449905e+01 2.537006664343673279e+00 -6.381762745781307089e+00 -1.286291569515562827e+01 -1.443087204340502261e+01 -1.048672575837446352e+01 -2.537006664344048534e+00 6.381762745780683588e+00 1.286291569515497279e+01 1.443087204340460161e+01 1.048672575837443155e+01 2.537006664344422013e+00
1.310787504206299303e+01 1.252279373587472122e+01 7.154430856686712303e+00 -9.466814395944478377e-01 -8.686193602469110431e+00 -1.310787504206244591e+01 -1.252279373587446187e+01 -7.154430856686836648e+00 9.466814395939877613e-01 8.686193602468488706e+00 1.310787504206190235e+01 1.252279373587419720e+01 7.154430856686965434e+00 -9.466814395935347903e-01 -8.686193602467865205e+00 -1.310787504206135701e+01 -1.252279373587393607e+01 -7.154430856687091556e+00 9.466814395930702730e-01 8.686193602467239927e+00
-7.080369543532912147e+00 -1.540230223306333102e+01 -1.784107897456200220e+01 -1.346516994374925957e+01 -3.946023658717999982e+00 7.080369543532151866e+00 1.540230223306251744e+01 1.784107897456145508e+01 1.346516994374917786e+01 3.946023658718420535e+00 -7.080369543531391585e+00 -1.540230223306171098e+01 -1.784107897456090797e+01 -1.346516994374909792e+01 -3.946023658718849525e+00 7.080369543530638410e+00 1.540230223306089918e+01 1.784107897456036085e+01 1.346516994374901977e+01 3.946023658719275851e+00
-1.018647450844077795e+01 -2.809751282990813337e+01 -3.527625624968686679e+01 -2.898066877793636920e+01 -1.161545084971742980e+01 1.018647450843936397e+01 2.809751282990649557e+01 3.527625624968565177e+01 2.898066877793602458e+01 1.161545084971809416e+01 -1.018647450843794999e+01 -2.809751282990488619e+01 -3.527625624968444384e+01 -2.898066877793568352e+01 -1.161545084971877451e+01 1.018647450843655555e+01 2.809751282990325194e+01 3.527625624968322882e+01 2.898066877793534957e+01 1.161545084971944952e+01
-1.342202598441700756e-01 -2.309878040719010261e+00 -3.603240919906195661e+00 -3.520288237343670357e+00 -2.092705098312356959e+00 1.342202598440470629e-01 2.309878040718837067e+00 3.603240919906041118e+00 3.520288237343592197e+00 2.092705098312384493e+00 -1.342202598439238281e-01 -2.309878040718666981e+00 -3.603240919905887463e+00 -3.520288237343514481e+00 -2.092705098312414247e+00 1.342202598438027028e-01 2.309878040718494674e+00 3.603240919905732920e+00 3.520288237343436322e+00 2.092705098312443113e+00
-9.256637120816117559e+00 -3.017251282990848793e+01 -3.956351416396810805e+01 -3.384259780178006594e+01 -1.519495934690493044e+01 9.256637120814584563e+00 3.017251282990664052e+01 3.956351416396667986e+01 3.384259780177957566e+01 1.519495934690557881e+01 -9.256637120813048014e+00 -3.017251282990482153e+01 -3.956351416396525167e+01 -3.384259780177909960e+01 -1.519495934690624495e+01 9.256637120811534558e+00 3.017251282990297767e+01 3.956351416396381637e+01 3.384259780177860932e+01 1.519495934690690575e+01
-4.087993335656545213e+00 -4.902379873562546564e+00 -3.844223925531105035e+00 -1.317705098312379475e+00 1.712132289312606970e+00 4.087993335656321392e+00 4.902379873562388468e+00 3.844223925531073061e+00 1.317705098312484724e+00 -1.712132289312403577e+00 -4.087993335656097571e+00 -4.902379873562229484e+00 -3.844223925531042418e+00 -1.317705098312588197e+00 1.712132289312198186e+00 4.087993335655874638e+00 4.902379873562070500e+00 3.844223925531010444e+00 1.317705098312695444e+00 -1.712132289311992794e+00
-4.727912029469034216e+00 -5.765576474687533093e+00 -4.600986671312237597e+00 -1.678976341280968843e+00 1.884345884812630434e+00 4.727912029468769539e+00 5.765576474687343023e+00 4.600986671312192300e+00 1.678976341281086970e+00 -1.884345884812394400e+00 -4.727912029468505750e+00 -5.765576474687151176e+00 -4.600986671312150555e+00 -1.678976341281203322e+00 1.884345884812155703e+00 4.727912029468242849e+00 5.765576474686961106e+00 4.600986671312107035e+00 1.678976341281323670e+00 -1.884345884811917671e+00
-1.232991502813053053e+01 -4.586838120762838145e+01 -6.188668477474914198e+01 -5.426637820896677056e+01 -2.591815961371638011e+01 1.232991502812818041e+01 4.586838120762547533e+01 6.188668477474682561e+01 5.426637820896590370e+01 2.591815961371730026e+01 -1.232991502812583029e+01 -4.586838120762261894e+01 -6.188668477474452345e+01 -5.426637820896504394e+01 -2.591815961371824883e+01 1.232991502812351214e+01 4.586838120761971993e+01 6.188668477474221419e+01 5.426637820896419129e+01 2.591815961371919030e+01
9.749223594980440666e-01 -1.132352915725132547e+01 -1.929677740853108503e+01 -1.989931256309317220e+01 -1.290098667131164589e+01 -9.749223594986613506e-01 1.132352915725038756e+01 1.929677740853020396e+01 1.989931256309267127e+01 1.290098667131172050e+01 9.749223594992830755e-01 -1.132352915724946740e+01 -1.929677740852932288e+01 -1.989931256309217744e+01 -1.290098667131180399e+01 -9.749223594998914777e-01 1.132352915724853304e+01 1.929677740852843471e+01 1.989931256309167651e+01 1.290098667131188392e+01
-9.756577808740227731e-01 4.467501832844428478e+00 8.204227591218728577e+00 8.807217261187187063e+00 6.046149283686978571e+00 9.756577808742723512e-01 -4.467501832844027021e+00 -8.204227591218334226e+00 -8.807217261186947255e+00 -6.046149283686986564e+00 -9.756577808745232616e-01 4.467501832843631782e+00 8.204227591217941651e+00 8.807217261186709223e+00 6.046149283686996334e+00 9.756577808747683989e-01 -4.467501832843231213e+00 -8.204227591217545523e+00 -8.807217261186469415e+00 -6.046149283687006104e+00
