-1.578348483849788408e+01 -6.406415526904379654e+00 1.974286738017588760e+01 -5.795347549423595979e+00 -1.616114561801115812e+01 1.578348483848702166e+01 6.406415526907391467e+00 -1.974286738016689924e+01 5.795347549415029498e+00 1.616114561800747040e+01 -1.578348483847615924e+01 -6.406415526910387293e+00 1.974286738015791087e+01 -5.795347549406443477e+00 -1.616114561800374716e+01 1.578348483846534123e+01 6.406415526913416869e+00 -1.974286738014891895e+01 5.795347549397858344e+00 1.616114561800006300e+01
-1.620828157302905836e+01 -6.454490168748229451e+00 2.019737587736344864e+01 -6.028174607017226627e+00 -1.647175908010519052e+01 1.620828157301794192e+01 6.454490168751366497e+00 -2.019737587735428974e+01 6.028174607008427444e+00 1.647175908010147438e+01 -1.620828157300682903e+01 -6.454490168754484891e+00 2.019737587734512374e+01 -6.028174606999608720e+00 -1.647175908009771561e+01 1.620828157299575878e+01 6.454490168757638813e+00 -2.019737587733596129e+01 6.028174606990792661e+00 1.647175908009400302e+01
-1.883865111656552926e+01 -7.610595133653953681e+00 2.354225758377349109e+01 -6.939320225020273902e+00 -1.925352182588838090e+01 1.883865111655257962e+01 7.610595133657562350e+00 -2.354225758376278677e+01 6.939320225010049192e+00 1.925352182588399330e+01 -1.883865111653962643e+01 -7.610595133661149703e+00 2.354225758375207178e+01 -6.939320224999799613e+00 -1.925352182587957017e+01 1.883865111652672653e+01 7.610595133664777023e+00 -2.354225758374136390e+01 6.939320224989553587e+00 1.925352182587519323e+01
1.112679973320737226e+01 4.369737752999029112e+00 -1.382744618648159118e+01 4.176093967855068811e+00 1.124647817413199569e+01 -1.112679973319976234e+01 -4.369737753001204261e+00 1.382744618647533663e+01 -4.176093967849028310e+00 -1.124647817412947504e+01 1.112679973319215421e+01 4.369737753003366088e+00 -1.382744618646907853e+01 4.176093967842973598e+00 1.124647817412693129e+01 -1.112679973318457449e+01 -4.369737753005553671e+00 1.382744618646282042e+01 -4.176093967836919774e+00 -1.124647817412441242e+01
1.066413528798861954e+01 3.976829389216629984e+00 -1.312195101798135966e+01 4.132982338605544648e+00 1.056762745781847279e+01 -1.066413528798139687e+01 -3.976829389218787369e+00 1.312195101797548169e+01 -4.132982338599753724e+00 -1.056762745781617596e+01 1.066413528797417598e+01 3.976829389220933653e+00 -1.312195101796960017e+01 4.132982338593948590e+00 1.056762745781385426e+01 -1.066413528796698174e+01 -3.976829389223102140e+00 1.312195101796371688e+01 -4.132982338588145232e+00 -1.056762745781155743e+01
-4.693237254227981659e+00 -1.680118293591996714e+00 5.731607464787169093e+00 -1.862209929818385401e+00 -4.580698433971146954e+00 4.693237254224826849e+00 1.680118293592970824e+00 -5.731607464784620021e+00 1.862209929815836107e+00 4.580698433970173511e+00 -4.693237254221671151e+00 -1.680118293593939605e+00 5.731607464782069172e+00 -1.862209929813280818e+00 -4.580698433969190297e+00 4.693237254218528776e+00 1.680118293594918599e+00 -5.731607464779517436e+00 1.862209929810725972e+00 4.580698433968219518e+00
-4.153521825882000584e+00 -6.685181601866914125e-01 4.566688770973057032e+00 -2.153850716316460190e+00 -3.235535821595734163e+00 4.153521825879480822e+00 6.685181601878378288e-01 -4.566688770971247813e+00 2.153850716314195779e+00 3.235535821595326045e+00 -4.153521825876961060e+00 -6.685181601889799152e-01 4.566688770969438593e+00 -2.153850716311927371e+00 -3.235535821594907713e+00 4.153521825874449291e+00 6.685181601901305504e-01 -4.566688770967626709e+00 2.153850716309658964e+00 3.235535821594500483e+00
-9.262132289329100487e+00 -3.792405863905756291e+00 1.160596801235493025e+01 -3.380476840072294209e+00 -9.516718427006917835e+00 9.262132289322716261e+00 3.792405863907512664e+00 -1.160596801234963849e+01 3.380476840067267563e+00 9.516718427004732916e+00 -9.262132289316330258e+00 -3.792405863909258379e+00 1.160596801234434672e+01 -3.380476840062229371e+00 -9.516718427002530234e+00 9.262132289309970901e+00 3.792405863911024966e+00 -1.160596801233905140e+01 3.380476840057191623e+00 9.516718427000348868e+00
-2.105040653097945746e+00 -9.220879705307993834e-01 2.674922359502849289e+00 -7.311049649087232316e-01 -2.223074641845106836e+00 2.105040653096474479e+00 9.220879705311776364e-01 -2.674922359501614277e+00 7.311049649075812562e-01 2.223074641844577481e+00 -2.105040653095003211e+00 -9.220879705315535579e-01 2.674922359500378377e+00 -7.311049649064367273e-01 -2.223074641844043242e+00 2.105040653093538161e+00 9.220879705319341424e-01 -2.674922359499142033e+00 7.311049649052923094e-01 2.223074641843514776e+00
-1.575532155909463050e+00 -2.757354213744982463e-01 1.745946018220844831e+00 -8.033185604082700992e-01 -1.249467844094725555e+00 1.575532155908500043e+00 2.757354213749254046e-01 -1.745946018220146501e+00 8.033185604074113417e-01 1.249467844094558577e+00 -1.575532155907536591e+00 -2.757354213753508421e-01 1.745946018219448170e+00 -8.033185604065511409e-01 -1.249467844094387603e+00 1.575532155906576470e+00 2.757354213757796102e-01 -1.745946018218748730e+00 8.033185604056907181e-01 1.249467844094220847e+00
6.933281573012586740e+00 3.107043651748991664e+00 -8.853540154321260403e+00 2.364745084382540607e+00 7.392047317442434817e+00 -6.933281573007717746e+00 -3.107043651750213353e+00 8.853540154317153466e+00 -2.364745084378780060e+00 -7.392047317440652243e+00 6.933281573002848752e+00 3.107043651751426605e+00 -8.853540154313042976e+00 2.364745084375011075e+00 7.392047317438854570e+00 -6.933281572998000186e+00 -3.107043651752655844e+00 8.853540154308934262e+00 -2.364745084371242978e+00 -7.392047317437073772e+00
9.454508497204686890e+00 3.902816060530170272e+00 -1.186658147444890865e+01 3.431134620947715153e+00 9.746023658725199823e+00 -9.454508497198157002e+00 -3.902816060531952402e+00 1.186658147444348899e+01 -3.431134620942583702e+00 -9.746023658722956284e+00 9.454508497191628891e+00 3.902816060533723874e+00 -1.186658147443806932e+01 3.431134620937441593e+00 9.746023658720689653e+00 -9.454508497185127425e+00 -3.902816060535515330e+00 1.186658147443264788e+01 -3.431134620932299484e+00 -9.746023658718446114e+00
-1.783209163625034677e+01 -6.113584803622091890e+00 2.161049483798936421e+01 -7.242435519956792689e+00 -1.713442352532393187e+01 1.783209163623844873e+01 6.113584803625887076e+00 -2.161049483797982518e+01 7.242435519947102662e+00 1.713442352532038981e+01 -1.783209163622655424e+01 -6.113584803629660946e+00 2.161049483797028259e+01 -7.242435519937391319e+00 -1.713442352531680157e+01 1.783209163621470239e+01 6.113584803633474785e+00 -2.161049483796073645e+01 7.242435519927682641e+00 1.713442352531326307e+01
3.606966011255905435e+00 8.474945014673047616e-01 -4.130746418440548240e+00 1.705447184035276731e+00 3.076722092688506827e+00 -3.606966011253628590e+00 -8.474945014682075950e-01 4.130746418438831391e+00 -1.705447184033312968e+00 -3.076722092688005450e+00 3.606966011251351301e+00 8.474945014691064316e-01 -4.130746418437114542e+00 1.705447184031345209e+00 3.076722092687494303e+00 -3.606966011249081561e+00 -8.474945014700128176e-01 4.130746418435395029e+00 -1.705447184029377672e+00 -3.076722092686993371e+00
-1.227274575142813795e+01 -4.625639452435953203e+00 1.513154815273298404e+01 -4.726171608356891873e+00 -1.221061346210177767e+01 1.227274575141981039e+01 4.625639452438419674e+00 -1.513154815272619302e+01 4.726171608350226983e+00 1.221061346209910603e+01 -1.227274575141148283e+01 -4.625639452440871935e+00 1.513154815271939491e+01 -4.726171608343547881e+00 -1.221061346209640774e+01 1.227274575140318724e+01 4.625639452443350841e+00 -1.513154815271259857e+01 4.726171608336868779e+00 1.221061346209373966e+01
-1.076856614467532047e+01 -4.160972008561225621e+00 1.334018827220040393e+01 -4.083717759979763606e+00 -1.081631189606964405e+01 1.076856614466797879e+01 4.160972008563353697e+00 -1.334018827219438919e+01 4.083717759973917616e+00 1.081631189606724242e+01 -1.076856614466063711e+01 -4.160972008565470226e+00 1.334018827218836911e+01 -4.083717759968057415e+00 -1.081631189606481769e+01 1.076856614465332740e+01 4.160972008567610736e+00 -1.334018827218234904e+01 4.083717759962198102e+00 1.081631189606241961e+01
-1.286942719102341925e+01 -4.259985337246923187e+00 1.550224292101513335e+01 -5.320927689795924564e+00 -1.221372875703894145e+01 1.286942719101488386e+01 4.259985337249714732e+00 -1.550224292100833168e+01 5.320927689788930159e+00 1.221372875703646699e+01 -1.286942719100634669e+01 -4.259985337252492066e+00 1.550224292100152823e+01 -5.320927689781920655e+00 -1.221372875703396232e+01 1.286942719099784327e+01 4.259985337255296045e+00 -1.550224292099472301e+01 5.320927689774912039e+00 1.221372875703148964e+01
-5.784016994385316579e+00 -2.306714761312121720e+00 7.209645119225861265e+00 -2.149090969193397260e+00 -5.881433855347968809e+00 5.784016994381349974e+00 2.306714761313239936e+00 -7.209645119222590104e+00 2.149090969190257550e+00 5.881433855346640094e+00 -5.784016994377382481e+00 -2.306714761314351492e+00 7.209645119219318055e+00 -2.149090969187110289e+00 -5.881433855345298056e+00 5.784016994373430975e+00 2.306714761315476370e+00 -7.209645119216045117e+00 2.149090969183963917e+00 5.881433855343970230e+00
-6.209016994386469257e+00 -2.424419859624202811e+00 7.707390870632929492e+00 -2.339009663006673900e+00 -6.261803398879392191e+00 6.209016994382227317e+00 2.424419859625421836e+00 -7.707390870629446944e+00 2.339009663003302819e+00 6.261803398877994198e+00 -6.209016994377985377e+00 -2.424419859626633311e+00 7.707390870625962620e+00 -2.339009662999924188e+00 -6.261803398876582882e+00 6.209016994373762088e+00 2.424419859627858109e+00 -7.707390870622478296e+00 2.339009662996546446e+00 6.261803398875185778e+00
-1.825000000002627187e+00 5.795268256341079560e-02 1.789183272438887196e+00 -1.163728757033081429e+00 -1.069959346906657505e+00 1.825000000001637090e+00 -5.795268256278462982e-02 -1.789183272438284344e+00 1.163728757032083116e+00 1.069959346906673048e+00 -1.825000000000647216e+00 5.795268256216057345e-02 1.789183272437682160e+00 -1.163728757031083028e+00 -1.069959346906683040e+00 1.824999999999658895e+00 -5.795268256153296438e-02 -1.789183272437077310e+00 1.163728757030083161e+00 1.069959346906698805e+00
