-1.414205608920558710e+01 1.277628634624697135e+01 -1.015988467809687101e+01 6.548962709575773644e+00 -2.296982641734881980e+00 -2.179842091098774137e+00 6.443288692203720025e+00 -1.007602130308479182e+01 1.272244274505266937e+01 -1.412350284866511174e+01 1.414205608922063817e+01 -1.277628634626539750e+01 1.015988467811683549e+01 -6.548962709595357978e+00 2.296982641752156162e+00 2.179842091085497646e+00 -6.443288692195721090e+00 1.007602130308287691e+01 -1.272244274505702499e+01 1.412350284867531158e+01
-1.446970943299370127e+01 1.296122281475702565e+01 -1.018400140126294495e+01 6.409898974503252411e+00 -2.008350975726641785e+00 -2.589788409558821947e+00 6.934421261200800046e+00 -1.060026464484368880e+01 1.322848026866392068e+01 -1.456180007554692679e+01 1.446970943300949131e+01 -1.296122281477614990e+01 1.018400140128349740e+01 -6.409898974523255966e+00 2.008350975744129130e+00 2.589788409545560999e+00 -6.934421261193041808e+00 1.060026464484221975e+01 -1.322848026866888205e+01 1.456180007555783007e+01
-1.691065386758057798e+01 1.522978740835244515e+01 -1.205812324542695357e+01 7.706125965354409857e+00 -2.599799384055910600e+00 -2.761013674822176522e+00 7.851559478096378442e+00 -1.217353993462423389e+01 1.530388948431241580e+01 -1.693618770280962238e+01 1.691065386759874301e+01 -1.522978740837459810e+01 1.205812324545088110e+01 -7.706125965377813358e+00 2.599799384076486586e+00 2.761013674806439777e+00 -7.851559478086997501e+00 1.217353993462215556e+01 -1.530388948431784257e+01 1.693618770282202135e+01
1.262158259247208392e+01 -1.133379354752556267e+01 8.936573822964644975e+00 -5.664579987840953734e+00 1.838097596057627126e+00 2.168310595207408209e+00 -5.962469437906150027e+00 9.172980229056287627e+00 -1.148557580347614326e+01 1.267388319354065906e+01 -1.262158259248575831e+01 1.133379354754217339e+01 -8.936573822982541770e+00 5.664579987858410881e+00 -1.838097596072928441e+00 -2.168310595195759305e+00 5.962469437899275526e+00 -9.172980229054880752e+00 1.148557580348034435e+01 -1.267388319355005422e+01
1.188207403476731372e+01 -1.071859277329000903e+01 8.505900970336309541e+00 -5.460592316309311300e+00 1.880762840177904849e+00 1.883168806795892491e+00 -5.462762770152714609e+00 8.507623452261650954e+00 -1.071969867476615512e+01 1.188245510245312175e+01 -1.188207403478001822e+01 1.071859277330553084e+01 -8.505900970353101442e+00 5.460592316325761253e+00 -1.880762840192391705e+00 -1.883168806784784488e+00 5.462762770146055047e+00 -8.507623452260114405e+00 1.071969867476988902e+01 -1.188245510246175840e+01
-5.143761671578143790e+00 4.660210498767085596e+00 -3.720485452741088661e+00 2.416573368454431936e+00 -8.761102456066546251e-01 -7.501126523003454061e-01 2.302909297458366922e+00 -3.630281135269005865e+00 4.602295761903993920e+00 -5.123805613284161176e+00 5.143761671583573225e+00 -4.660210498773755816e+00 3.720485452748335753e+00 -2.416573368461559124e+00 8.761102456129600258e-01 7.501126522954781883e-01 -2.302909297455406623e+00 3.630281135268251358e+00 -4.602295761905518923e+00 5.123805613287816918e+00
-5.005820900471475987e+00 4.569960900561527595e+00 -3.686761286914929325e+00 2.442675791328823731e+00 -9.594841701643899157e-01 -6.176284466952528529e-01 2.134283287922265071e+00 -3.442019610501765303e+00 4.412827071644990440e+00 -4.951676273041925036e+00 5.005820900476638968e+00 -4.569960900567934914e+00 3.686761286921943714e+00 -2.442675791335770175e+00 9.594841701705845161e-01 6.176284466904151671e-01 -2.134283287919250593e+00 3.442019610500878457e+00 -4.412827071646317378e+00 4.951676273045333865e+00
-7.354456440743368795e+00 6.548265665294900728e+00 -5.101085022077937126e+00 3.154574635550787765e+00 -8.992725044818745683e-01 -1.444056684926041889e+00 3.646031544679369851e+00 -5.491107433444549990e+00 6.798675467829672137e+00 -7.440741778266904305e+00 7.354456440751532043e+00 -6.548265665304716876e+00 5.101085022088426513e+00 -3.154574635560943641e+00 8.992725044906966225e-01 1.444056684919416522e+00 -3.646031544675578662e+00 5.491107433443977115e+00 -6.798675467832372199e+00 7.440741778272613516e+00
-2.256360164319836326e+00 2.037399325606459755e+00 -1.619003645506992273e+00 1.042128608323625194e+00 -3.632427620205333496e-01 -3.511998166903702034e-01 1.031264510390765610e+00 -1.610381848571945218e+00 2.031863791224999272e+00 -2.254452749165671399e+00 2.256360164322241957e+00 -2.037399325609402290e+00 1.619003645510178835e+00 -1.042128608326749362e+00 3.632427620232877019e-01 3.511998166882550065e-01 -1.031264510389493294e+00 1.610381848571644348e+00 -2.031863791225699600e+00 2.254452749167303427e+00
-1.909602708449817943e+00 1.705252747857893603e+00 -1.333980767111177190e+00 8.321294544891010281e-01 -2.488235130747644130e-01 -3.588390074547772590e-01 9.313758657563995236e-01 -1.412743165040704296e+00 1.755821320170571687e+00 -1.927027450955822507e+00 1.909602708451919817e+00 -1.705252747860430240e+00 1.333980767113895238e+00 -8.321294544917393621e-01 2.488235130770633796e-01 3.588390074530425355e-01 -9.313758657553961040e-01 1.412743165040533544e+00 -1.755821320171250033e+00 1.927027450957283783e+00
5.906711114607838375e+00 -5.113658257340775393e+00 3.820044900893244666e+00 -2.152498933728397290e+00 2.742513735881110248e-01 1.630841821820980142e+00 -3.376296856967562654e+00 4.791256431711211405e+00 -5.737214444272996872e+00 6.121573933506316401e+00 -5.906711114614902947e+00 5.113658257349011471e+00 -3.820044900901830687e+00 2.152498933736509912e+00 -2.742513735949509979e-01 -1.630841821816081838e+00 3.376296856965077087e+00 -4.791256431711391706e+00 5.737214444275824832e+00 -6.121573933511515797e+00
8.666214169159399461e+00 -7.780857612266483869e+00 6.133856499862470280e+00 -3.886430776160740397e+00 1.258574129732765501e+00 1.492480521515442415e+00 -4.097440780595061227e+00 6.301314987522114386e+00 -7.888372579628143200e+00 8.703261302117342169e+00 -8.666214169168792836e+00 7.780857612277893409e+00 -6.133856499874759116e+00 3.886430776172726809e+00 -1.258574129743269765e+00 -1.492480521507447255e+00 4.097440780590345888e+00 -6.301314987521154265e+00 7.888372579631032444e+00 -8.703261302123799226e+00
-1.730911849974911121e+01 1.572721708806593277e+01 -1.260582608983870934e+01 8.250489003983346947e+00 -3.087536569880745763e+00 -2.377645455814754616e+00 7.610086978266259017e+00 -1.209760016469263633e+01 1.540091595806375935e+01 -1.719668279296996971e+01 1.730911849976722294e+01 -1.572721708808827046e+01 1.260582608986304720e+01 -8.250489004007341975e+00 3.087536569902039840e+00 2.377645455798244711e+00 -7.610086978256124013e+00 1.209760016468989896e+01 -1.540091595806868696e+01 1.719668279298207736e+01
5.523055240294817203e+00 -5.046294259377298808e+00 4.075566836752601674e+00 -2.705894536002736217e+00 1.071350424993020578e+00 6.680649301525795059e-01 -2.342085435253134840e+00 3.786846299682777417e+00 -4.860924263790335154e+00 5.459181092907740229e+00 -5.523055240300497992e+00 5.046294259384357161e+00 -4.075566836760335931e+00 2.705894536010402085e+00 -1.071350424999862438e+00 -6.680649301472300072e-01 2.342085435249793512e+00 -3.786846299681780437e+00 4.860924263791780220e+00 -5.459181092911484789e+00
-1.180885695042391959e+01 1.069431786855798627e+01 -8.532944442024041010e+00 5.536306960985068137e+00 -1.997737180885886810e+00 -1.736385033532323874e+00 5.300537782763266925e+00 -8.345836962799943137e+00 1.057418747205344189e+01 -1.176746283684708416e+01 1.180885695043639849e+01 -1.069431786857330913e+01 8.532944442040683697e+00 -5.536306961001429272e+00 1.997737180900355014e+00 1.736385033521162580e+00 -5.300537782756489236e+00 8.345836962798230729e+00 -1.057418747205696441e+01 1.176746283685549166e+01
-1.126387258728719232e+01 1.013434861909072104e+01 -8.012803997899238695e+00 5.106910292905212145e+00 -1.701116626505130069e+00 -1.871194187674259268e+00 5.260339477388339624e+00 -8.134566088116281790e+00 1.021252469328577916e+01 -1.129081022663389788e+01 1.126387258729932839e+01 -1.013434861910550033e+01 8.012803997915186827e+00 -5.106910292920797900e+00 1.701116626518818453e+00 1.871194187663806296e+00 -5.260339477382129481e+00 8.134566088114940641e+00 -1.021252469328943846e+01 1.129081022664219880e+01
-1.205270388383341285e+01 1.101927775205063931e+01 -8.907207938074986231e+00 5.923238550953755954e+00 -2.359461304835297035e+00 -1.435276453134509467e+00 5.089519351713222228e+00 -8.245564635380711493e+00 1.059447660231121979e+01 -1.190632738334957708e+01 1.205270388384578695e+01 -1.101927775206602789e+01 8.907207938091854516e+00 -5.923238550970485683e+00 2.359461304850239305e+00 1.435276453122815488e+00 -5.089519351705903638e+00 8.245564635378505258e+00 -1.059447660231434085e+01 1.190632738335771990e+01
-5.589585458888098657e+00 4.969454689017841709e+00 -3.862879069959928913e+00 2.378177933273284417e+00 -6.606841707377434370e-01 -1.121481961687173623e+00 2.793869625878253604e+00 -4.192773865054510551e+00 5.181260185546459951e+00 -5.662568659115163605e+00 5.589585458894328340e+00 -4.969454689025320171e+00 3.862879069967909196e+00 -2.378177933281000467e+00 6.606841707444357503e-01 1.121481961682159412e+00 -2.793869625875400775e+00 4.192773865054108207e+00 -5.181260185548546282e+00 5.662568659119533443e+00
-5.330023064594930027e+00 4.748904893826232154e+00 -3.702930824484005790e+00 2.294488086205189958e+00 -6.614448674099623338e-01 -1.036345183564987948e+00 2.632690547331493214e+00 -3.971329817291984199e+00 4.921227654854543943e+00 -5.389401441351136413e+00 5.330023064600835525e+00 -4.748904893833337582e+00 3.702930824491604156e+00 -2.294488086212550737e+00 6.614448674163611042e-01 1.036345183560176908e+00 -2.632690547328733643e+00 3.971329817291554765e+00 -4.921227654856487277e+00 5.389401441355260225e+00
-1.562658861308214187e+00 1.454870347720515600e+00 -1.204668987820235682e+00 8.365462339697526950e-01 -3.865365061779545419e-01 -1.013101079967999585e-01 5.792397829318951530e-01 -1.000469432112855106e+00 1.323766162598323914e+00 -1.517483437867611640e+00 1.562658861309726754e+00 -1.454870347722447388e+00 1.204668987822393955e+00 -8.365462339719296203e-01 3.865365061799360125e-01 1.013101079952076766e-01 -5.792397829308456592e-01 1.000469432112453649e+00 -1.323766162598609908e+00 1.517483437868556884e+00
