-6.648614260205908622e+00 6.143897065436117799e+00 -5.037772418854115308e+00 3.438515507690907747e+00 -1.502672741089179809e+00 -5.802621031465740042e-01 2.606396849802319782e+00 -4.377399312964694644e+00 5.719911432239851656e+00 -6.502518767561364044e+00 6.648614260202182713e+00 -6.143897065435573346e+00 5.037772418856789614e+00 -3.438515507696570772e+00 1.502672741097237363e+00 5.802621031368671023e-01 -2.606396849791947634e+00 4.377399312954679544e+00 -5.719911432231137738e+00 6.502518767554830603e+00
-7.622309736116828383e+00 6.854507790774272635e+00 -5.415738864707454248e+00 3.446839684892306188e+00 -1.140539821176264956e+00 -1.277404026844292995e+00 3.570306668519934945e+00 -5.513722817691563804e+00 6.917417361101989570e+00 -7.643986896727431812e+00 7.622309736113413337e+00 -6.854507790774592380e+00 5.415738864711456380e+00 -3.446839684899641210e+00 1.140539821186164371e+00 1.277404026832746897e+00 -3.570306668507910786e+00 5.513722817680245747e+00 -6.917417361092446093e+00 7.643986896720624813e+00
-9.397960552980730853e+00 8.425036037480387208e+00 -6.627410293954632436e+00 4.181047454974733846e+00 -1.325414560032075695e+00 -1.659959146752261638e+00 4.482844486636801129e+00 -6.866917774355218995e+00 8.578809305690604958e+00 -9.450947210106448892e+00 9.397960552976639903e+00 -8.425036037480913009e+00 6.627410293959696830e+00 -4.181047454983894518e+00 1.325414560044373191e+00 1.659959146737967517e+00 -4.482844486621957891e+00 6.866917774341287917e+00 -8.578809305678900543e+00 9.450947210098151530e+00
-8.029971801741389470e+00 7.285400471448499005e+00 -5.827683382641150267e+00 3.799512040483934872e+00 -1.399417987047770318e+00 -1.137660849278619102e+00 3.563377515128161921e+00 -5.640285962285909171e+00 7.165083921272271894e+00 -7.988513543969800068e+00 8.029971801737501025e+00 -7.285400471448514992e+00 5.827683382645047594e+00 -3.799512040491376030e+00 1.399417987057974377e+00 1.137660849266597385e+00 -3.563377515115540017e+00 5.640285962273930309e+00 -7.165083921262066724e+00 7.988513543962396213e+00
1.792964551791479266e+01 -1.633061980600102103e+01 1.313303924535888534e+01 -8.649905300117731954e+00 3.320058356668460053e+00 2.334779030937260469e+00 -7.761071979632265361e+00 1.242765712839267955e+01 -1.587773660884780824e+01 1.777359260333397017e+01 -1.792964551790582206e+01 1.633061980600074037e+01 -1.313303924536727330e+01 8.649905300134065556e+00 -3.320058356691021562e+00 -2.334779030910557829e+00 7.761071979604127868e+00 -1.242765712836587788e+01 1.587773660882487192e+01 -1.777359260331721202e+01
-4.309935943369341160e+00 3.950557653238993439e+00 -3.204471254856344764e+00 2.144708883184673454e+00 -8.750074629617727862e-01 -4.803457842710500136e-01 1.788679439373416002e+00 -2.921924688487429478e+00 3.769151590846016031e+00 -4.247427674269500741e+00 4.309935943367072753e+00 -3.950557653238801592e+00 3.204471254858237472e+00 -2.144708883188488180e+00 8.750074629671088511e-01 4.803457842646864373e-01 -1.788679439366669621e+00 2.921924688480965315e+00 -3.769151590840443600e+00 4.247427674265382258e+00
1.873992303830128847e+01 -1.704110096540025765e+01 1.367417719767562190e+01 -8.968729692249471697e+00 3.385360435733244522e+00 2.529391487424588192e+00 -8.196548948485993691e+00 1.306137108975495842e+01 -1.664765522483573434e+01 1.860435087547627120e+01 -1.873992303829203721e+01 1.704110096540010133e+01 -1.367417719768452500e+01 8.968729692266665054e+00 -3.385360435756922470e+00 -2.529391487396618121e+00 8.196548948456566563e+00 -1.306137108972697014e+01 1.664765522481182813e+01 -1.860435087545885224e+01
-6.118115339877910230e+00 5.440418969548753481e+00 -4.230176484852902874e+00 2.605854852447562209e+00 -7.264539910267666656e-01 -1.224057248537983478e+00 3.054749236107355159e+00 -4.586421084757126287e+00 5.669142082156368723e+00 -6.196927953319032234e+00 6.118115339875447312e+00 -5.440418969549316586e+00 4.230176484856419172e+00 -2.605854852453722614e+00 7.264539910349272489e-01 1.224057248528579889e+00 -3.054749236097660692e+00 4.586421084748095289e+00 -5.669142082148854733e+00 6.196927953313789317e+00
1.041793661078443733e+00 -9.847866067736268381e-01 8.313817779861574220e-01 -5.965955081920423231e-01 3.034103133308518885e-01 1.947479698305190632e-02 -3.404535784793248365e-01 6.281063916344649112e-01 -8.542757749018818902e-01 9.968226932326369472e-01 -1.041793661077760280e+00 9.847866067734314388e-01 -8.313817779864670632e-01 5.965955081928314696e-01 -3.034103133320373291e-01 -1.947479698157963957e-02 3.404535784777150687e-01 -6.281063916328764041e-01 8.542757749004643575e-01 -9.968226932315333855e-01
-6.048686348765093257e+00 5.476238417361322774e+00 -4.367738114470185451e+00 2.831693173114385953e+00 -1.018462374408167115e+00 -8.944626175493998188e-01 2.719831376413552437e+00 -4.278964089974844676e+00 5.419241985113712801e+00 -6.029046716670862338e+00 6.048686348762215559e+00 -5.476238417361392941e+00 4.367738114473178612e+00 -2.831693173120042761e+00 1.018462374415893823e+00 8.944626175403186386e-01 -2.719831376404036494e+00 4.278964089965831441e+00 -5.419241985106052262e+00 6.029046716665327210e+00
-1.248759053510877415e+01 1.133542060397749829e+01 -9.073660725610734445e+00 5.923707715510647454e+00 -2.193900921318813868e+00 -1.750660180857535275e+00 5.523854466964480459e+00 -8.756335390887766579e+00 1.113168519777526022e+01 -1.241738809849387692e+01 1.248759053510270078e+01 -1.133542060397749829e+01 9.073660725616766953e+00 -5.923707715522192885e+00 2.193900921334662080e+00 1.750660180838852442e+00 -5.523854466944856156e+00 8.756335390869132596e+00 -1.113168519775937604e+01 1.241738809848234304e+01
-2.141344331019082503e+00 1.916839106854038688e+00 -1.504700315506958264e+00 9.452709734146885756e-01 -2.933119223546126753e-01 -3.873585432897472258e-01 1.030111655831184247e+00 -1.572030262289933811e+00 1.960067593696930954e+00 -2.156239852439050697e+00 2.141344331018163238e+00 -1.916839106854172581e+00 1.504700315508126218e+00 -9.452709734167881184e-01 2.933119223574244261e-01 3.873585432864840583e-01 -1.030111655827800066e+00 1.572030262286761904e+00 -1.960067593694270860e+00 2.156239852437170423e+00
-1.420837681493303428e+01 1.279173203653335733e+01 -1.012294340116140035e+01 6.463250534991091811e+00 -2.170889674342542097e+00 -2.333972993107625626e+00 6.610370122245990743e+00 -1.023969816666206256e+01 1.286669321035345526e+01 -1.423420667509330251e+01 1.420837681492660387e+01 -1.279173203653388136e+01 1.012294340116878821e+01 -6.463250535004699593e+00 2.170889674360944266e+00 2.333972993086135261e+00 -6.610370122223586442e+00 1.023969816664095234e+01 -1.286669321033563307e+01 1.423420667508056248e+01
-1.274385082906913214e+00 1.002435199564065460e+00 -6.323599745112917780e-01 2.003849492424455980e-01 2.512051510222098605e-01 -6.782055408555691667e-01 1.038818447014133062e+00 -1.297744565705282405e+00 1.429638404387218564e+00 -1.421589275171372790e+00 1.274385082906992261e+00 -1.002435199564835289e+00 6.323599745126721183e-01 -2.003849492443108837e-01 -2.512051510200526971e-01 6.782055408533216312e-01 -1.038818447012022084e+00 1.297744565703514708e+00 -1.429638404385962236e+00 1.421589275170753286e+00
-1.170102782712901135e+00 1.004575377802709113e+00 -7.407131356250793441e-01 4.043447308806905616e-01 -2.839624664238712959e-02 -3.503318600655034309e-01 6.947670434045677412e-01 -9.711935878085761198e-01 1.152552937134316835e+00 -1.221092374664927593e+00 1.170102782712592715e+00 -1.004575377802995995e+00 7.407131356259298860e-01 -4.043447308820287134e-01 2.839624664407341958e-02 3.503318600636256552e-01 -6.947670434026883557e-01 9.711935878068800321e-01 -1.152552937132964583e+00 1.221092374664054736e+00
-1.889021123252165069e+01 1.709080167328528788e+01 -1.361842536765235856e+01 8.812982701886442172e+00 -3.144863885600271747e+00 -2.831096119362505714e+00 8.529928710755017462e+00 -1.339379244843083150e+01 1.694657846121549838e+01 -1.884051530046245304e+01 1.889021123251272272e+01 -1.709080167328556144e+01 1.361842536766176615e+01 -8.812982701904161331e+00 3.144863885624443522e+00 2.831096119334119088e+00 -8.529928710725290131e+00 1.339379244840269401e+01 -1.694657846119160283e+01 1.884051530044520817e+01
-6.351721832795101719e+00 5.702633958639034439e+00 -4.495332540024880252e+00 2.847996651570158022e+00 -9.218790077007690265e-01 -1.094478576550756310e+00 3.003700972048688023e+00 -4.618900188387235595e+00 5.781969272516709779e+00 -6.379058918903873554e+00 6.351721832792298628e+00 -5.702633958639347078e+00 4.495332540028260659e+00 -2.847996651576311766e+00 9.218790077090507351e-01 1.094478576541114245e+00 -3.003700972038661821e+00 4.618900188377812910e+00 -5.781969272508779234e+00 6.379058918898234509e+00
1.391085282313626603e+00 -1.354844923760493591e+00 1.185982904310160624e+00 -9.010286149572988013e-01 5.278753669370347401e-01 -1.030500000771258917e-01 -3.318626187818362050e-01 7.342902122915745400e-01 -1.064840363721485161e+00 1.291156521171318960e+00 -1.391085282312533034e+00 1.354844923760033737e+00 -1.185982904310376451e+00 9.010286149581751003e-01 -5.278753669384782521e-01 1.030500000790036952e-01 3.318626187797147908e-01 -7.342902122894190420e-01 1.064840363719497862e+00 -1.291156521169701366e+00
-1.667381842437084671e+01 1.499109456356054260e+01 -1.184093791777299032e+01 7.531707767929717079e+00 -2.485221585269081324e+00 -2.804535401713734721e+00 7.819764923229233666e+00 -1.206954137055315002e+01 1.513786701508834120e+01 -1.672439276446630174e+01 1.667381842436339312e+01 -1.499109456356125847e+01 1.184093791778175842e+01 -7.531707767945776233e+00 2.485221585290747104e+00 2.804535401688470042e+00 -7.819764923202928486e+00 1.206954137052839471e+01 -1.513786701506747079e+01 1.672439276445142298e+01
-1.553239705148462591e+01 1.398683814255492130e+01 -1.107215006420180892e+01 7.073642793360366277e+00 -2.382718080938664773e+00 -2.541443678617503199e+00 7.216831223630859604e+00 -1.118578504585541644e+01 1.405979629184500013e+01 -1.555753671642874458e+01 1.553239705147758087e+01 -1.398683814255547908e+01 1.107215006420987180e+01 -7.073642793375228166e+00 2.382718080958770468e+00 2.541443678594017097e+00 -7.216831223606370749e+00 1.118578504583233801e+01 -1.405979629182550816e+01 1.555753671641480551e+01
