7.799999999997612399e+00 5.799999999995785416e+00 -7.799999999997968558e+00 -5.799999999996280131e+00 7.799999999998322053e+00 5.799999999996765965e+00 -7.799999999998672884e+00 -5.799999999997265121e+00 7.799999999999033484e+00 5.799999999997748290e+00 -7.799999999999393197e+00 -5.799999999998233235e+00 7.799999999999733369e+00 5.799999999998746603e+00 -7.800000000000093081e+00 -5.799999999999230660e+00 7.800000000000453682e+00 5.799999999999714717e+00 -7.800000000000815170e+00 -5.800000000000199663e+00
6.549999999997986322e+00 4.699999999996835598e+00 -6.549999999998289191e+00 -4.699999999997239719e+00 6.549999999998590283e+00 4.699999999997638511e+00 -6.549999999998886935e+00 -4.699999999998047073e+00 6.549999999999192468e+00 4.699999999998443201e+00 -6.549999999999498890e+00 -4.699999999998839328e+00 6.549999999999787548e+00 4.699999999999260325e+00 -6.550000000000093081e+00 -4.699999999999656453e+00 6.550000000000398614e+00 4.700000000000052580e+00 -6.550000000000705036e+00 -4.700000000000451372e+00
1.129999999999737170e+01 1.054999999999371418e+01 -1.129999999999784599e+01 -1.054999999999455795e+01 1.129999999999831850e+01 1.054999999999539106e+01 -1.129999999999878391e+01 -1.054999999999624016e+01 1.129999999999926885e+01 1.054999999999706972e+01 -1.129999999999975202e+01 -1.054999999999789928e+01 1.130000000000019789e+01 1.054999999999876970e+01 -1.130000000000068283e+01 -1.054999999999959925e+01 1.130000000000116600e+01 1.055000000000042881e+01 -1.130000000000165095e+01 -1.055000000000126015e+01
8.499999999996440403e-01 -9.999999999997838396e-01 -8.499999999997135403e-01 9.999999999998270273e-01 8.499999999997828182e-01 -9.999999999998714362e-01 -8.499999999998529843e-01 9.999999999999141798e-01 8.499999999999217071e-01 -9.999999999999584777e-01 -8.499999999999898748e-01 1.000000000000002887e+00 8.500000000000619282e-01 -1.000000000000043965e+00 -8.500000000001304290e-01 1.000000000000088374e+00 8.500000000001988187e-01 -1.000000000000132561e+00 -8.500000000002674305e-01 1.000000000000176970e+00
-6.999999999998641975e+00 -7.349999999995790567e+00 6.999999999998920863e+00 7.349999999996361666e+00 -6.999999999999198863e+00 -7.349999999996925659e+00 6.999999999999470646e+00 7.349999999997501199e+00 -6.999999999999755751e+00 -7.349999999998063416e+00 7.000000000000040856e+00 7.349999999998625633e+00 -7.000000000000300204e+00 -7.349999999999213607e+00 7.000000000000585310e+00 7.349999999999775824e+00 -7.000000000000870415e+00 -7.350000000000338041e+00 7.000000000001156408e+00 7.350000000000902034e+00
-6.749999999998632205e+00 -7.949999999995720046e+00 6.749999999998884448e+00 7.949999999996323119e+00 -6.749999999999136691e+00 -7.949999999996918199e+00 6.749999999999381828e+00 7.949999999997523936e+00 -6.749999999999642064e+00 -7.949999999998117239e+00 6.749999999999901412e+00 7.949999999998710543e+00 -6.750000000000132339e+00 -7.949999999999329603e+00 6.750000000000391687e+00 7.949999999999922906e+00 -6.750000000000651035e+00 -7.950000000000516209e+00 6.750000000000910383e+00 7.950000000001111289e+00
-9.099999999997681499e+00 -8.949999999994991740e+00 9.099999999998054534e+00 8.949999999995698730e+00 -9.099999999998427569e+00 -8.949999999996396838e+00 9.099999999998791722e+00 8.949999999997109157e+00 -9.099999999999175415e+00 -8.949999999997801936e+00 9.099999999999557332e+00 8.949999999998498268e+00 -9.099999999999905498e+00 -8.949999999999226574e+00 9.100000000000285638e+00 8.949999999999921130e+00 -9.100000000000669331e+00 -8.950000000000617462e+00 9.100000000001051248e+00 8.950000000001312017e+00
-8.149999999998097877e+00 -7.849999999995474376e+00 8.149999999998437161e+00 7.849999999996097877e+00 -8.149999999998772893e+00 -7.849999999996713385e+00 8.149999999999103295e+00 7.849999999997340439e+00 -8.149999999999449685e+00 -7.849999999997953282e+00 8.149999999999792522e+00 7.849999999998564348e+00 -8.150000000000110489e+00 -7.849999999999208278e+00 8.150000000000455103e+00 7.849999999999819345e+00 -8.150000000000797939e+00 -7.850000000000432188e+00 8.150000000001144329e+00 7.850000000001046807e+00
1.719999999999567208e+01 1.704999999999003890e+01 -1.719999999999637907e+01 -1.704999999999138538e+01 1.719999999999707896e+01 1.704999999999271054e+01 -1.719999999999776819e+01 -1.704999999999406057e+01 1.719999999999848939e+01 1.704999999999538218e+01 -1.719999999999920703e+01 -1.704999999999670734e+01 1.719999999999986429e+01 1.704999999999808935e+01 -1.720000000000058193e+01 -1.704999999999941096e+01 1.720000000000130314e+01 1.705000000000073257e+01 -1.720000000000202078e+01 -1.705000000000205773e+01
-4.149999999998930100e+00 -3.349999999997912425e+00 4.149999999999113953e+00 3.349999999998191313e+00 -4.149999999999297806e+00 -3.349999999998464872e+00 4.149999999999478995e+00 3.349999999998746425e+00 -4.149999999999666400e+00 -3.349999999999019540e+00 4.149999999999852918e+00 3.349999999999293099e+00 -4.150000000000027889e+00 -3.349999999999581757e+00 4.150000000000215294e+00 3.349999999999855316e+00 -4.150000000000402700e+00 -3.350000000000128431e+00 4.150000000000589218e+00 3.350000000000402434e+00
1.789999999999597691e+01 1.794999999998935181e+01 -1.789999999999670521e+01 -1.794999999999076223e+01 1.789999999999743352e+01 1.794999999999215134e+01 -1.789999999999814406e+01 -1.794999999999357243e+01 1.789999999999888658e+01 1.794999999999495799e+01 -1.789999999999963620e+01 -1.794999999999634710e+01 1.790000000000031122e+01 1.794999999999780016e+01 -1.790000000000106084e+01 -1.794999999999918572e+01 1.790000000000180336e+01 1.795000000000057483e+01 -1.790000000000254587e+01 -1.795000000000196749e+01
-5.149999999998764899e+00 -5.049999999997004885e+00 5.149999999998976286e+00 5.049999999997404565e+00 -5.149999999999188560e+00 -5.049999999997798028e+00 5.149999999999394618e+00 5.049999999998200373e+00 -5.149999999999611333e+00 -5.049999999998592060e+00 5.149999999999827160e+00 5.049999999998984634e+00 -5.150000000000026112e+00 -5.049999999999395861e+00 5.150000000000241940e+00 5.049999999999787548e+00 -5.150000000000458655e+00 -5.050000000000181011e+00 5.150000000000674483e+00 5.050000000000574474e+00
3.099999999998819256e+00 -3.000000000004792167e-01 -3.099999999999009326e+00 3.000000000004374723e-01 3.099999999999199396e+00 -3.000000000003997247e-01 -3.099999999999389466e+00 3.000000000003566480e-01 3.099999999999579536e+00 -3.000000000003191225e-01 -3.099999999999769162e+00 3.000000000002815970e-01 3.099999999999960121e+00 -3.000000000002327472e-01 -3.100000000000149747e+00 3.000000000001952216e-01 3.100000000000339817e+00 -3.000000000001576961e-01 -3.100000000000529887e+00 3.000000000001199485e-01
-6.049999999998618705e+00 -5.599999999996746247e+00 6.049999999998873612e+00 5.599999999997194777e+00 -6.049999999999128519e+00 -5.599999999997637090e+00 6.049999999999378097e+00 5.599999999998090061e+00 -6.049999999999638334e+00 -5.599999999998530598e+00 6.049999999999897682e+00 5.599999999998972022e+00 -6.050000000000137490e+00 -5.599999999999435651e+00 6.050000000000397726e+00 5.599999999999877076e+00 -6.050000000000657074e+00 -5.600000000000318501e+00 6.050000000000917311e+00 5.600000000000760814e+00
-1.214999999999721858e+01 -1.174999999999311839e+01 1.214999999999772307e+01 1.174999999999405098e+01 -1.214999999999822400e+01 -1.174999999999496936e+01 1.214999999999871427e+01 1.174999999999590905e+01 -1.214999999999922764e+01 -1.174999999999682565e+01 1.214999999999974101e+01 1.174999999999774047e+01 -1.215000000000021174e+01 -1.174999999999869971e+01 1.215000000000072511e+01 1.174999999999961631e+01 -1.215000000000123848e+01 -1.175000000000053291e+01 1.215000000000175007e+01 1.175000000000144951e+01
-2.399999999999360867e+00 -1.649999999998959410e+00 2.399999999999473665e+00 1.649999999999103517e+00 -2.399999999999584688e+00 -1.649999999999244960e+00 2.399999999999695266e+00 1.649999999999390177e+00 -2.399999999999808953e+00 -1.649999999999531397e+00 2.399999999999922196e+00 1.649999999999672173e+00 -2.400000000000029221e+00 -1.649999999999822275e+00 2.400000000000142464e+00 1.649999999999963274e+00 -2.400000000000256151e+00 -1.650000000000104272e+00 2.400000000000369393e+00 1.650000000000245715e+00
-1.344999999999717843e+01 -1.444999999999198437e+01 1.344999999999770779e+01 1.444999999999310347e+01 -1.344999999999823714e+01 -1.444999999999420659e+01 1.344999999999875229e+01 1.444999999999532925e+01 -1.344999999999929408e+01 -1.444999999999643059e+01 1.344999999999983586e+01 1.444999999999753015e+01 -1.345000000000032614e+01 -1.444999999999867946e+01 1.345000000000086793e+01 1.444999999999977902e+01 -1.345000000000141149e+01 -1.445000000000087859e+01 1.345000000000195328e+01 1.445000000000198170e+01
-8.499999999997902567e-01 -1.599999999999417888e+00 8.499999999998106848e-01 1.599999999999529354e+00 -8.499999999998311129e-01 -1.599999999999639932e+00 8.499999999998502087e-01 1.599999999999752065e+00 -8.499999999998721911e-01 -1.599999999999862421e+00 8.499999999998942846e-01 1.599999999999972777e+00 -8.499999999999106048e-01 -1.600000000000086020e+00 8.499999999999325873e-01 1.600000000000196598e+00 -8.499999999999545697e-01 -1.600000000000306954e+00 8.499999999999763300e-01 1.600000000000417533e+00
-2.099999999999480060e+00 -2.049999999999242206e+00 2.099999999999566658e+00 2.049999999999404299e+00 -2.099999999999652811e+00 -2.049999999999564615e+00 2.099999999999737632e+00 2.049999999999728040e+00 -2.099999999999826006e+00 -2.049999999999887024e+00 2.099999999999914380e+00 2.050000000000046452e+00 -2.099999999999995204e+00 -2.050000000000213873e+00 2.100000000000083578e+00 2.050000000000373301e+00 -2.100000000000171951e+00 -2.050000000000532729e+00 2.100000000000259881e+00 2.050000000000693046e+00
-1.804999999999598259e+01 -1.894999999998931273e+01 1.804999999999670379e+01 1.894999999999079066e+01 -1.804999999999742144e+01 -1.894999999999224372e+01 1.804999999999812133e+01 1.894999999999372520e+01 -1.804999999999885674e+01 -1.894999999999517470e+01 1.804999999999959215e+01 1.894999999999662421e+01 -1.805000000000026006e+01 -1.894999999999814122e+01 1.805000000000099547e+01 1.894999999999959073e+01 -1.805000000000173088e+01 -1.895000000000104023e+01 1.805000000000246629e+01 1.895000000000249329e+01
