5.851366231443378041e+01 5.744666098818871092e+01 5.075638022999715560e+01 3.909771133439785018e+01 2.361188604361470667e+01 5.814764833198799110e+00 -1.255154607293955848e+01 -2.968922419769490517e+01 -4.392071420099148327e+01 -5.385293868468526313e+01 -5.851366231443511623e+01 -5.744666098819009648e+01 -5.075638022999842747e+01 -3.909771133439889468e+01 -2.361188604361541366e+01 -5.814764833199147276e+00 1.255154607293964730e+01 2.968922419769542387e+01 4.392071420099236434e+01 5.385293868468640710e+01
4.510539656008137399e+01 4.280457998616124371e+01 3.631375288615015506e+01 2.626828264084880971e+01 1.365148986877404624e+01 -3.016058471792044671e-01 -1.422517828139912766e+01 -2.675629115279071968e+01 -3.666831182410488310e+01 -4.299098265092449367e+01 -4.510539656008241849e+01 -4.280457998616228821e+01 -3.631375288615107877e+01 -2.626828264084953801e+01 -1.365148986877449744e+01 3.016058471790463713e-01 1.422517828139930529e+01 2.675629115279122061e+01 3.666831182410563628e+01 4.299098265092543159e+01
2.493557530425113811e+01 2.429017238651116983e+01 2.126707815599696616e+01 1.616221413912727201e+01 9.475279993552332414e+00 1.860839424050789503e+00 -5.935753073507524569e+00 -1.315131270340745573e+01 -1.907953021531428917e+01 -2.314011037484243616e+01 -2.493557530425171009e+01 -2.429017238651175603e+01 -2.126707815599749551e+01 -1.616221413912771254e+01 -9.475279993552621960e+00 -1.860839424050924062e+00 5.935753073507576083e+00 1.315131270340769021e+01 1.907953021531466931e+01 2.314011037484293354e+01
3.677154318282966017e+01 2.262526897026629058e+01 6.264275791374878111e+00 -1.070990834775225053e+01 -2.663573203748225282e+01 -3.995426469332596042e+01 -4.936179554325590857e+01 -5.393744992155927775e+01 -5.323333089722905243e+01 -4.731836254625238780e+01 -3.677154318283065493e+01 -2.262526897026698691e+01 -6.264275791375208513e+00 1.070990834775230738e+01 2.663573203748269336e+01 3.995426469332674202e+01 4.936179554325697438e+01 5.393744992156050699e+01 5.323333089723033140e+01 4.731836254625355309e+01
1.002716226449621217e+00 -1.106897470593426647e+01 -2.205715727201970822e+01 -3.088623160306853066e+01 -3.669194638777961615e+01 -3.890599781223191655e+01 -3.731165909679673121e+01 -3.206499522335180075e+01 -2.367958620748666476e+01 -1.297625430825423720e+01 -1.002716226449789083e+00 1.106897470593439259e+01 2.205715727202010257e+01 3.088623160306915594e+01 3.669194638778039774e+01 3.890599781223281184e+01 3.731165909679763359e+01 3.206499522335261076e+01 2.367958620748732912e+01 1.297625430825465287e+01
5.719032051732808597e-01 -1.264417523464789639e+01 -2.462255370535271481e+01 -3.419070506395830478e+01 -4.041203199025385118e+01 -4.267754765815995199e+01 -4.076548760932617199e+01 -3.486301760343800993e+01 -2.554791252959855541e+01 -1.373199977458856225e+01 -5.719032051734522781e-01 1.264417523464804916e+01 2.462255370535315890e+01 3.419070506395900111e+01 4.041203199025471804e+01 4.267754765816093254e+01 4.076548760932715965e+01 3.486301760343889811e+01 2.554791252959927306e+01 1.373199977458900634e+01
-1.221277853408921743e+01 -3.052462950654052420e+01 -4.584851706529224202e+01 -5.668443232829100964e+01 -6.197168041133348027e+01 -6.119270863362785207e+01 -5.442376818019147322e+01 -4.232745010458796742e+01 -2.608782630006121295e+01 -7.294544292710577693e+00 1.221277853408927250e+01 3.052462950654104645e+01 4.584851706529315152e+01 5.668443232829221756e+01 6.197168041133485872e+01 6.119270863362930157e+01 5.442376818019284457e+01 4.232745010458909718e+01 2.608782630006203362e+01 7.294544292710946287e+00
-1.179257068420224641e+01 -2.750409224107166395e+01 -4.052332161710619118e+01 -4.957584593067458911e+01 -5.377554102931915736e+01 -5.271131149578814501e+01 -4.648733153174676147e+01 -3.571284766109366160e+01 -2.144254143533171231e+01 -5.073289854908404450e+00 1.179257068420232635e+01 2.750409224107214357e+01 4.052332161710699410e+01 4.957584593067565493e+01 5.377554102932035107e+01 5.271131149578939556e+01 4.648733153174793387e+01 3.571284766109461373e+01 2.144254143533239443e+01 5.073289854908695773e+00
3.441847710841205554e+01 6.868775942668352741e+01 9.623340527651056675e+01 1.143590549203121753e+02 1.212904434821260224e+02 1.163490783556977703e+02 1.000186547881175443e+02 7.389770841893144393e+01 4.054313947409031016e+01 3.219925556862143878e+00 -3.441847710841241792e+01 -6.868775942668477796e+01 -9.623340527651252785e+01 -1.143590549203146338e+02 -1.212904434821287509e+02 -1.163490783557005699e+02 -1.000186547881201022e+02 -7.389770841893346187e+01 -4.054313947409168861e+01 -3.219925556862612837e+00
-7.348016739196662428e+00 -1.400851033580014615e+01 -1.929775333770484735e+01 -2.269799778756136277e+01 -2.387640406772160517e+01 -2.271762156104411190e+01 -1.933507997299496495e+01 -1.405988604176543255e+01 -7.408412503781592662e+00 -3.175193248249552624e-02 7.348016739196747693e+00 1.400851033580040372e+01 1.929775333770524171e+01 2.269799778756186015e+01 2.387640406772214163e+01 2.271762156104466257e+01 1.933507997299546233e+01 1.405988604176581980e+01 7.408412503781850234e+00 3.175193248257368595e-02
2.403606363302680649e+01 5.751642985583281842e+01 8.536668718381919518e+01 1.048606583855697352e+02 1.140901377373731975e+02 1.121516794947110185e+02 9.923503345640777695e+01 7.660457093225728897e+01 4.647551926982733050e+01 1.179711996728311618e+01 -2.403606363302694859e+01 -5.751642985583381318e+01 -8.536668718382090049e+01 -1.048606583855719663e+02 -1.140901377373757413e+02 -1.121516794947136901e+02 -9.923503345641029227e+01 -7.660457093225933534e+01 -4.647551926982880133e+01 -1.179711996728375922e+01
-1.064155943537643978e+01 -2.066468354817256525e+01 -2.866500445595715973e+01 -3.385939500676280289e+01 -3.573939206202958019e+01 -3.412096841127821278e+01 -2.916254663766490296e+01 -2.134949161174681365e+01 -1.144659959621612089e+01 -4.232346590587781066e-01 1.064155943537656057e+01 2.066468354817294539e+01 2.866500445595774238e+01 3.385939500676353475e+01 3.573939206203038310e+01 3.412096841127903701e+01 2.916254663766565258e+01 2.134949161174739984e+01 1.144659959621651524e+01 4.232346590589042279e-01
3.410723799604706841e+01 2.917930976670970367e+01 2.139510739320108001e+01 1.151660283956726083e+01 5.107729591062986074e-01 -1.054505493735649679e+01 -2.056865938483291956e+01 -2.857886014144516196e+01 -3.379156294678563199e+01 -3.569651213123153610e+01 -3.410723799604789974e+01 -2.917930976671045329e+01 -2.139510739320166621e+01 -1.151660283956764630e+01 -5.107729591064256169e-01 1.054505493735661403e+01 2.056865938483329259e+01 2.857886014144575881e+01 3.379156294678637096e+01 3.569651213123235323e+01
-3.278771165302611479e+00 -1.311099083311006375e+01 -2.165981536852813960e+01 -2.808842626286716992e+01 -3.176754629102340033e+01 -3.233703755070431640e+01 -2.974115426953343189e+01 -2.423399958965406853e+01 -1.635465218173570179e+01 -6.874397468706883174e+00 3.278771165302567958e+00 1.311099083311026625e+01 2.165981536852855527e+01 2.808842626286775612e+01 3.176754629102409311e+01 3.233703755070506958e+01 2.974115426953417085e+01 2.423399958965469736e+01 1.635465218173618851e+01 6.874397468707144299e+00
-1.663388763902703005e+01 -4.010411237359848258e+01 -5.964866716726096740e+01 -7.335439482189022442e+01 -7.987968322123147402e+01 -7.858579167239942365e+01 -6.959937529526632716e+01 -5.380008713687045230e+01 -3.273447160226904629e+01 -8.464577912762727863e+00 1.663388763902712242e+01 4.010411237359917891e+01 5.964866716726214690e+01 7.335439482189180183e+01 7.987968322123325038e+01 7.858579167240128527e+01 6.959937529526808930e+01 5.380008713687188759e+01 3.273447160227008368e+01 8.464577912763182610e+00
-5.833267785450274578e-01 -2.907822112478658294e+00 -4.947679558054917770e+00 -6.503223655978259465e+00 -7.422186911830923606e+00 -7.614614799336545836e+00 -7.061671136142150473e+00 -5.817481900586233934e+00 -4.003837003821151264e+00 -1.798268644749298373e+00 5.833267785450126919e-01 2.907822112478701371e+00 4.947679558055011029e+00 6.503223655978394468e+00 7.422186911831086142e+00 7.614614799336722584e+00 7.061671136142324556e+00 5.817481900586385812e+00 4.003837003821269391e+00 1.798268644749363432e+00
1.053142180073352385e+01 -2.254016522484320362e+01 -5.340536383164676693e+01 -7.904287332955925649e+01 -9.694311566189287532e+01 -1.053538903908366962e+02 -1.034518922846084337e+02 -9.142330216984558433e+01 -7.044556225509653302e+01 -4.257211988372529277e+01 -1.053142180073415979e+01 2.254016522484337415e+01 5.340536383164768353e+01 7.904287332956081968e+01 9.694311566189492169e+01 1.053538903908390836e+02 1.034518922846109064e+02 9.142330216984788649e+01 7.044556225509847991e+01 4.257211988372657885e+01
-5.879059102468112030e+00 -1.229645585962692067e+01 -1.751018984279973623e+01 -2.100990444349289277e+01 -2.245302321264512813e+01 -2.169828363033208873e+01 -1.881956486545045948e+01 -1.409865596791986597e+01 -7.997672393137008839e+00 -1.113820921453725354e+00 5.879059102468167097e+00 1.229645585962714271e+01 1.751018984280008794e+01 2.100990444349334751e+01 2.245302321264563261e+01 2.169828363033261098e+01 1.881956486545094265e+01 1.409865596792024789e+01 7.997672393137275293e+00 1.113820921453823942e+00
-6.133999183537373057e+00 -1.171105721761493967e+01 -1.614175537549881057e+01 -1.899238605100601163e+01 -1.998390965210610304e+01 -1.901926894037223192e+01 -1.619288966971596011e+01 -1.178143753569143648e+01 -6.216736209571335436e+00 -4.349742871024320223e-02 6.133999183537444111e+00 1.171105721761515639e+01 1.614175537549914097e+01 1.899238605100642374e+01 1.998390965210655423e+01 1.901926894037269022e+01 1.619288966971637933e+01 1.178143753569176155e+01 6.216736209571550376e+00 4.349742871030981561e-02
8.923995305380316267e+00 -3.553644845709359856e+01 -7.651833704759195598e+01 -1.100100776732689525e+02 -1.327332654110051067e+02 -1.424635963232720997e+02 -1.382485978251754375e+02 -1.205008633373300313e+02 -9.095766476714348414e+01 -5.251089623023368347e+01 -8.923995305381048126e+00 3.553644845709393962e+01 7.651833704759329180e+01 1.100100776732711552e+02 1.327332654110079488e+02 1.424635963232753681e+02 1.382485978251787628e+02 1.205008633373330582e+02 9.095766476714599946e+01 5.251089623023530351e+01
