3.677154318283174916e+01 2.262526897026798878e+01 6.264275791376153535e+00 -1.070990834775131617e+01 -2.663573203748148899e+01 -3.995426469332520725e+01 -4.936179554325495644e+01 -5.393744992155800588e+01 -5.323333089722741818e+01 -4.731836254625044091e+01 -3.677154318282856593e+01 -2.262526897026506134e+01 -6.264275791373769664e+00 1.070990834775295042e+01 2.663573203748218177e+01 3.995426469332491592e+01 4.936179554325370589e+01 5.393744992155590268e+01 5.323333089722467548e+01 4.731836254624733584e+01
1.002716226450476533e+00 -1.106897470593412791e+01 -2.205715727202012033e+01 -3.088623160306926962e+01 -3.669194638778041195e+01 -3.890599781223257736e+01 -3.731165909679705095e+01 -3.206499522335170838e+01 -2.367958620748617449e+01 -1.297625430825345028e+01 -1.002716226448900017e+00 1.106897470593511912e+01 2.205715727202041165e+01 3.088623160306885396e+01 3.669194638777931772e+01 3.890599781223091469e+01 3.731165909679498327e+01 3.206499522334945596e+01 2.367958620748392207e+01 1.297625430825145187e+01
5.719032051741770317e-01 -1.264417523464775961e+01 -2.462255370535315535e+01 -3.419070506395907216e+01 -4.041203199025465409e+01 -4.267754765816058438e+01 -4.076548760932643489e+01 -3.486301760343782519e+01 -2.554791252959795145e+01 -1.373199977458765986e+01 -5.719032051724708410e-01 1.264417523464882009e+01 2.462255370535343957e+01 3.419070506395858899e+01 4.041203199025343196e+01 4.267754765815875118e+01 4.076548760932415405e+01 3.486301760343535250e+01 2.554791252959548586e+01 1.373199977458548560e+01
-1.221277853408823688e+01 -3.052462950654053131e+01 -4.584851706529293125e+01 -5.668443232829202572e+01 -6.197168041133444660e+01 -6.119270863362851287e+01 -5.442376818019163665e+01 -4.232745010458759083e+01 -2.608782630006043135e+01 -7.294544292709595368e+00 1.221277853409011271e+01 3.052462950654135199e+01 4.584851706529259019e+01 5.668443232829058331e+01 6.197168041133203076e+01 6.119270863362536517e+01 5.442376818018806262e+01 4.232745010458396706e+01 2.608782630005705272e+01 7.294544292706858890e+00
-1.179257068420144172e+01 -2.750409224107176698e+01 -4.052332161710693015e+01 -4.957584593067564782e+01 -5.377554102932018054e+01 -5.271131149578891240e+01 -4.648733153174708832e+01 -3.571284766109350528e+01 -2.144254143533116519e+01 -5.073289854907648611e+00 1.179257068420300314e+01 2.750409224107240647e+01 4.052332161710656067e+01 4.957584593067432621e+01 5.377554102931803470e+01 5.271131149578614838e+01 4.648733153174397614e+01 3.571284766109037179e+01 2.144254143532826973e+01 5.073289854905331353e+00
3.441847710841074814e+01 6.868775942668420953e+01 9.623340527651259890e+01 1.143590549203147901e+02 1.212904434821284809e+02 1.163490783556995467e+02 1.000186547881182832e+02 7.389770841893106024e+01 4.054313947408907381e+01 3.219925556860481208e+00 -3.441847710841382479e+01 -6.868775942668517587e+01 -9.623340527651129150e+01 -1.143590549203113937e+02 -1.212904434821232940e+02 -1.163490783556931092e+02 -1.000186547881112062e+02 -7.389770841892411113e+01 -4.054313947408279262e+01 -3.219925556855610438e+00
-7.348016739196383540e+00 -1.400851033580030780e+01 -1.929775333770531986e+01 -2.269799778756199160e+01 -2.387640406772222690e+01 -2.271762156104461994e+01 -1.933507997299527048e+01 -1.405988604176551249e+01 -7.408412503781484304e+00 -3.175193248227348164e-02 7.348016739196959080e+00 1.400851033580046234e+01 1.929775333770502499e+01 2.269799778756128816e+01 2.387640406772118595e+01 2.271762156104333741e+01 1.933507997299387426e+01 1.405988604176415002e+01 7.408412503780264835e+00 3.175193248134089430e-02
2.403606363302517224e+01 5.751642985583318790e+01 8.536668718382097154e+01 1.048606583855722221e+02 1.140901377373756276e+02 1.121516794947128801e+02 9.923503345640867224e+01 7.660457093225707581e+01 4.647551926982620074e+01 1.179711996728144463e+01 -2.403606363302854376e+01 -5.751642985583460188e+01 -8.536668718382023258e+01 -1.048606583855694510e+02 -1.140901377373711227e+02 -1.121516794947070395e+02 -9.923503345640206419e+01 -7.660457093225041092e+01 -4.647551926982002612e+01 -1.179711996727647971e+01
-1.064155943537596549e+01 -2.066468354817263986e+01 -2.866500445595760027e+01 -3.385939500676340685e+01 -3.573939206203014152e+01 -3.412096841127859648e+01 -2.916254663766502375e+01 -2.134949161174665733e+01 -1.144659959621577272e+01 -4.232346590583642154e-01 1.064155943537684479e+01 2.066468354817289210e+01 2.866500445595718460e+01 3.385939500676238367e+01 3.573939206202859253e+01 3.412096841127669222e+01 2.916254663766293476e+01 2.134949161174461452e+01 1.144659959621393597e+01 4.232346590569511235e-01
3.410723799604851791e+01 2.917930976671114252e+01 2.139510739320236610e+01 1.151660283956834085e+01 5.107729591071725750e-01 -1.054505493735577915e+01 -2.056865938483224099e+01 -2.857886014144443010e+01 -3.379156294678475092e+01 -3.569651213123045608e+01 -3.410723799604661366e+01 -2.917930976670906063e+01 -2.139510739320031618e+01 -1.151660283956650055e+01 -5.107729591057497132e-01 1.054505493735667088e+01 2.056865938483249323e+01 2.857886014144401798e+01 3.379156294678372774e+01 3.569651213122892131e+01
-3.278771165302107882e+00 -1.311099083311010993e+01 -2.165981536852857303e+01 -2.808842626286779520e+01 -3.176754629102400429e+01 -3.233703755070474273e+01 -2.974115426953356334e+01 -2.423399958965385892e+01 -1.635465218173521151e+01 -6.874397468706209935e+00 3.278771165303238977e+00 1.311099083311071389e+01 2.165981536852857303e+01 2.808842626286720900e+01 3.176754629102288519e+01 3.233703755070320085e+01 2.974115426953174790e+01 2.423399958965196532e+01 1.635465218173338542e+01 6.874397468704671610e+00
-1.663388763902577239e+01 -4.010411237359858916e+01 -5.964866716726201190e+01 -7.335439482189177340e+01 -7.987968322123298037e+01 -7.858579167240056051e+01 -6.959937529526681033e+01 -5.380008713687021071e+01 -3.273447160226822916e+01 -8.464577912761590994e+00 1.663388763902814560e+01 4.010411237359959102e+01 5.964866716726151452e+01 7.335439482188984073e+01 7.987968322122982556e+01 7.858579167239646779e+01 6.959937529526219180e+01 5.380008713686555666e+01 3.273447160226390196e+01 8.464577912758109335e+00
-5.833267785448768006e-01 -2.907822112478688492e+00 -4.947679558055089188e+00 -6.503223655978519702e+00 -7.422186911831210487e+00 -7.614614799336807849e+00 -7.061671136142343208e+00 -5.817481900586330745e+00 -4.003837003821149487e+00 -1.798268644749210221e+00 5.833267785451513587e-01 2.907822112478840371e+00 4.947679558055100735e+00 6.503223655978393580e+00 7.422186911830957357e+00 7.614614799336452577e+00 7.061671136141919547e+00 5.817481900585885768e+00 4.003837003820716944e+00 1.798268644748842071e+00
1.053142180073618306e+01 -2.254016522484214136e+01 -5.340536383164693035e+01 -7.904287332956012335e+01 -9.694311566189379903e+01 -1.053538903908372362e+02 -1.034518922846081779e+02 -9.142330216984439062e+01 -7.044556225509450087e+01 -4.257211988372270639e+01 -1.053142180073157164e+01 2.254016522484524288e+01 5.340536383164815959e+01 7.904287332955944123e+01 9.694311566189122686e+01 1.053538903908330724e+02 1.034518922846027635e+02 9.142330216983833679e+01 7.044556225508830494e+01 4.257211988371706468e+01
-5.879059102467692810e+00 -1.229645585962665066e+01 -1.751018984279952662e+01 -2.100990444349267250e+01 -2.245302321264481549e+01 -2.169828363033165886e+01 -1.881956486544992657e+01 -1.409865596791927089e+01 -7.997672393136454616e+00 -1.113820921453319457e+00 5.879059102468291442e+00 1.229645585962685672e+01 1.751018984279931345e+01 2.100990444349206498e+01 2.245302321264387757e+01 2.169828363033048291e+01 1.881956486544861917e+01 1.409865596791797770e+01 7.997672393135275115e+00 1.113820921452394863e+00
-6.133999183537095945e+00 -1.171105721761487040e+01 -1.614175537549886386e+01 -1.899238605100608979e+01 -1.998390965210611370e+01 -1.901926894037213600e+01 -1.619288966971573629e+01 -1.178143753569110608e+01 -6.216736209570973948e+00 -4.349742870993855703e-02 6.133999183537577338e+00 1.171105721761500007e+01 1.614175537549861872e+01 1.899238605100550359e+01 1.998390965210524328e+01 1.901926894037106308e+01 1.619288966971456745e+01 1.178143753568996743e+01 6.216736209569951654e+00 4.349742870915696002e-02
8.923995305383602528e+00 -3.553644845709258959e+01 -7.651833704759269494e+01 -1.100100776732706720e+02 -1.327332654110069257e+02 -1.424635963232733218e+02 -1.382485978251755228e+02 -1.205008633373287239e+02 -9.095766476714094040e+01 -5.251089623023031550e+01 -8.923995305377601994e+00 3.553644845709649758e+01 7.651833704759405919e+01 1.100100776732694356e+02 1.327332654110031456e+02 1.424635963232674669e+02 1.382485978251681047e+02 1.205008633373205100e+02 9.095766476713262705e+01 5.251089623022284769e+01
2.051017701522791725e+01 9.866560310861862249e+00 -1.742864061099226092e+00 -1.318168475551185992e+01 -2.333019030385673176e+01 -3.119497427426592040e+01 -3.600617681454369290e+01 -3.729284389842847247e+01 -3.492902758701294630e+01 -2.914611469053517112e+01 -2.051017701522579273e+01 -9.866560310860014837e+00 1.742864061100604545e+00 1.318168475551266106e+01 2.333019030385685610e+01 3.119497427426537328e+01 3.600617681454251340e+01 3.729284389842678848e+01 3.492902758701090704e+01 2.914611469053298620e+01
-6.923960324374332842e+00 -7.047786199739081603e+00 -6.481725657059473455e+00 -5.281188646228707206e+00 -3.563692094500110041e+00 -1.497356530859008661e+00 7.155507227189628061e-01 2.858414886022142110e+00 4.721477484533865621e+00 6.122368970391399046e+00 6.923960324374089481e+00 7.047786199738747648e+00 6.481725657059079104e+00 5.281188646228288874e+00 3.563692094499714358e+00 1.497356530858668933e+00 -7.155507227192101638e-01 -2.858414886022269563e+00 -4.721477484533867397e+00 -6.122368970391271148e+00
-2.556807361207783558e+01 -5.812847810280649696e+01 -8.499886215191030203e+01 -1.035489653516886790e+02 -1.119629743547785097e+02 -1.094172673361095889e+02 -9.616103583565305257e+01 -7.349189215426953581e+01 -4.362885002070446205e+01 -9.495112067040462733e+00 2.556807361208102947e+01 5.812847810280776173e+01 8.499886215190946359e+01 1.035489653516858652e+02 1.119629743547740048e+02 1.094172673361038051e+02 9.616103583564655821e+01 7.349189215426304145e+01 4.362885002069847218e+01 9.495112067035682557e+00
