9.349999999985129762e+00 -9.349999999986964738e+00 9.349999999988801491e+00 -9.349999999990636468e+00 9.349999999992471444e+00 -9.349999999994306421e+00 9.349999999996141398e+00 -9.349999999997978151e+00 9.349999999999813127e+00 -9.350000000001648104e+00 9.350000000003483080e+00 -9.350000000005318057e+00 9.350000000007153034e+00 -9.350000000008989787e+00 9.350000000010824763e+00 -9.350000000012659740e+00 9.350000000014494717e+00 -9.350000000016329693e+00 9.350000000018164670e+00 -9.350000000019999646e+00
-3.199999999995554401e+00 3.199999999996182787e+00 -3.199999999996810729e+00 3.199999999997438671e+00 -3.199999999998066613e+00 3.199999999998694999e+00 -3.199999999999322942e+00 3.199999999999951772e+00 -3.200000000000579714e+00 3.200000000001207656e+00 -3.200000000001836042e+00 3.200000000002463985e+00 -3.200000000003091927e+00 3.200000000003719869e+00 -3.200000000004348255e+00 3.200000000004976197e+00 -3.200000000005604139e+00 3.200000000006232526e+00 -3.200000000006860468e+00 3.200000000007488410e+00
-5.399999999993068123e+00 5.399999999994127720e+00 -5.399999999995188205e+00 5.399999999996247801e+00 -5.399999999997307398e+00 5.399999999998367883e+00 -5.399999999999427480e+00 5.400000000000487965e+00 -5.400000000001548450e+00 5.400000000002608047e+00 -5.400000000003667644e+00 5.400000000004728129e+00 -5.400000000005787726e+00 5.400000000006847323e+00 -5.400000000007907808e+00 5.400000000008967405e+00 -5.400000000010027001e+00 5.400000000011087486e+00 -5.400000000012147083e+00 5.400000000013206680e+00
2.049999999996062527e+00 -2.049999999996464872e+00 2.049999999996867217e+00 -2.049999999997269562e+00 2.049999999997671907e+00 -2.049999999998074252e+00 2.049999999998476596e+00 -2.049999999998879385e+00 2.049999999999281730e+00 -2.049999999999684075e+00 2.050000000000086420e+00 -2.050000000000488765e+00 2.050000000000891109e+00 -2.050000000001293454e+00 2.050000000001695799e+00 -2.050000000002098144e+00 2.050000000002500489e+00 -2.050000000002902834e+00 2.050000000003305178e+00 -2.050000000003707523e+00
7.299999999986953370e+00 -7.299999999988386001e+00 7.299999999989819521e+00 -7.299999999991252153e+00 7.299999999992684785e+00 -7.299999999994117417e+00 7.299999999995550048e+00 -7.299999999996984457e+00 7.299999999998417088e+00 -7.299999999999849720e+00 7.300000000001283240e+00 -7.300000000002715872e+00 7.300000000004148504e+00 -7.300000000005581136e+00 7.300000000007013767e+00 -7.300000000008446399e+00 7.300000000009879919e+00 -7.300000000011312551e+00 7.300000000012745183e+00 -7.300000000014177814e+00
6.149999999989404387e+00 -6.149999999990611421e+00 6.149999999991818456e+00 -6.149999999993025490e+00 6.149999999994232525e+00 -6.149999999995439559e+00 6.149999999996646594e+00 -6.149999999997855404e+00 6.149999999999062439e+00 -6.150000000000269473e+00 6.150000000001476508e+00 -6.150000000002683542e+00 6.150000000003890577e+00 -6.150000000005097611e+00 6.150000000006304646e+00 -6.150000000007511680e+00 6.150000000008718715e+00 -6.150000000009925749e+00 6.150000000011132784e+00 -6.150000000012339818e+00
1.094999999998180940e+01 -1.094999999998395879e+01 1.094999999998610640e+01 -1.094999999998825579e+01 1.094999999999040519e+01 -1.094999999999255458e+01 1.094999999999470397e+01 -1.094999999999685514e+01 1.094999999999900453e+01 -1.095000000000115392e+01 1.095000000000330331e+01 -1.095000000000545270e+01 1.095000000000760032e+01 -1.095000000000974971e+01 1.095000000001189910e+01 -1.095000000001404850e+01 1.095000000001619789e+01 -1.095000000001834728e+01 1.095000000002049667e+01 -1.095000000002264606e+01
-1.500000000015590806e-01 1.500000000015885293e-01 -1.500000000016179502e-01 1.500000000016473989e-01 -1.500000000016768475e-01 1.500000000017062962e-01 -1.500000000017357171e-01 1.500000000017651935e-01 -1.500000000017946422e-01 1.500000000018240631e-01 -1.500000000018535118e-01 1.500000000018829605e-01 -1.500000000019124091e-01 1.500000000019418300e-01 -1.500000000019712787e-01 1.500000000020007274e-01 -1.500000000020301483e-01 1.500000000020595969e-01 -1.500000000020890456e-01 1.500000000021184943e-01
-7.249999999986942889e+00 7.249999999988365751e+00 -7.249999999989788613e+00 7.249999999991211475e+00 -7.249999999992635225e+00 7.249999999994058086e+00 -7.249999999995480948e+00 7.249999999996905586e+00 -7.249999999998328448e+00 7.249999999999751310e+00 -7.250000000001174172e+00 7.250000000002597034e+00 -7.250000000004019896e+00 7.250000000005442757e+00 -7.250000000006865619e+00 7.250000000008289369e+00 -7.250000000009712231e+00 7.250000000011135093e+00 -7.250000000012557955e+00 7.250000000013980817e+00
-7.599999999989379695e+00 7.599999999990870947e+00 -7.599999999992363087e+00 7.599999999993854338e+00 -7.599999999995346478e+00 7.599999999996837730e+00 -7.599999999998329869e+00 7.599999999999822897e+00 -7.600000000001314149e+00 7.600000000002806289e+00 -7.600000000004297540e+00 7.600000000005789680e+00 -7.600000000007280931e+00 7.600000000008773071e+00 -7.600000000010264323e+00 7.600000000011756462e+00 -7.600000000013247714e+00 7.600000000014739854e+00 -7.600000000016231105e+00 7.600000000017723245e+00
-9.349999999986488675e+00 9.349999999988323651e+00 -9.349999999990158628e+00 9.349999999991995381e+00 -9.349999999993830357e+00 9.349999999995665334e+00 -9.349999999997500311e+00 9.349999999999337064e+00 -9.350000000001172040e+00 9.350000000003007017e+00 -9.350000000004841993e+00 9.350000000006676970e+00 -9.350000000008511947e+00 9.350000000010348700e+00 -9.350000000012183676e+00 9.350000000014018653e+00 -9.350000000015853630e+00 9.350000000017688606e+00 -9.350000000019523583e+00 9.350000000021358559e+00
-8.099999999986732035e+00 8.099999999988321875e+00 -8.099999999989911714e+00 8.099999999991501554e+00 -8.099999999993091393e+00 8.099999999994681232e+00 -8.099999999996271072e+00 8.099999999997862687e+00 -8.099999999999452527e+00 8.100000000001042366e+00 -8.100000000002632206e+00 8.100000000004222045e+00 -8.100000000005811884e+00 8.100000000007401724e+00 -8.100000000008991563e+00 8.100000000010581402e+00 -8.100000000012171242e+00 8.100000000013761081e+00 -8.100000000015350921e+00 8.100000000016940760e+00
1.644999999997301643e+01 -1.644999999997624585e+01 1.644999999997947171e+01 -1.644999999998270113e+01 1.644999999998593054e+01 -1.644999999998915996e+01 1.644999999999238938e+01 -1.644999999999561879e+01 1.644999999999884821e+01 -1.645000000000207763e+01 1.645000000000530704e+01 -1.645000000000853646e+01 1.645000000001176232e+01 -1.645000000001499174e+01 1.645000000001822116e+01 -1.645000000002145057e+01 1.645000000002467644e+01 -1.645000000002790586e+01 1.645000000003113527e+01 -1.645000000003436469e+01
-4.099999999993844568e+00 4.099999999994649258e+00 -4.099999999995453948e+00 4.099999999996258637e+00 -4.099999999997063327e+00 4.099999999997868017e+00 -4.099999999998672706e+00 4.099999999999478284e+00 -4.100000000000282974e+00 4.100000000001087663e+00 -4.100000000001892353e+00 4.100000000002697043e+00 -4.100000000003501732e+00 4.100000000004306422e+00 -4.100000000005111112e+00 4.100000000005915801e+00 -4.100000000006720491e+00 4.100000000007525180e+00 -4.100000000008329870e+00 4.100000000009134560e+00
1.904999999996910987e+01 -1.904999999997284732e+01 1.904999999997658477e+01 -1.904999999998032578e+01 1.904999999998406324e+01 -1.904999999998780424e+01 1.904999999999154170e+01 -1.904999999999528626e+01 1.904999999999902371e+01 -1.905000000000276117e+01 1.905000000000650218e+01 -1.905000000001023963e+01 1.905000000001398064e+01 -1.905000000001771809e+01 1.905000000002145910e+01 -1.905000000002519656e+01 1.905000000002893401e+01 -1.905000000003267502e+01 1.905000000003641247e+01 -1.905000000004015348e+01
-5.899999999992944666e+00 5.899999999994102851e+00 -5.899999999995261035e+00 5.899999999996418332e+00 -5.899999999997576516e+00 5.899999999998734701e+00 -5.899999999999892886e+00 5.900000000001051959e+00 -5.900000000002210143e+00 5.900000000003368328e+00 -5.900000000004525624e+00 5.900000000005683809e+00 -5.900000000006841994e+00 5.900000000008000178e+00 -5.900000000009158363e+00 5.900000000010315659e+00 -5.900000000011473844e+00 5.900000000012632029e+00 -5.900000000013790213e+00 5.900000000014948398e+00
5.999999999990071053e-01 -5.999999999991247890e-01 5.999999999992425836e-01 -5.999999999993603783e-01 5.999999999994780620e-01 -5.999999999995958566e-01 5.999999999997136513e-01 -5.999999999998315570e-01 5.999999999999492406e-01 -6.000000000000670353e-01 6.000000000001848299e-01 -6.000000000003026246e-01 6.000000000004203082e-01 -6.000000000005381029e-01 6.000000000006558976e-01 -6.000000000007735812e-01 6.000000000008913759e-01 -6.000000000010091705e-01 6.000000000011269652e-01 -6.000000000012446488e-01
-5.749999999991175947e+00 5.749999999992304822e+00 -5.749999999993433697e+00 5.749999999994561684e+00 -5.749999999995690558e+00 5.749999999996819433e+00 -5.749999999997947420e+00 5.749999999999077183e+00 -5.750000000000206057e+00 5.750000000001334044e+00 -5.750000000002462919e+00 5.750000000003591794e+00 -5.750000000004719780e+00 5.750000000005848655e+00 -5.750000000006977530e+00 5.750000000008105516e+00 -5.750000000009234391e+00 5.750000000010363266e+00 -5.750000000011491252e+00 5.750000000012620127e+00
-1.189999999997993285e+01 1.189999999998226876e+01 -1.189999999998460467e+01 1.189999999998693880e+01 -1.189999999998927471e+01 1.189999999999161062e+01 -1.189999999999394653e+01 1.189999999999628422e+01 -1.189999999999862013e+01 1.190000000000095604e+01 -1.190000000000329194e+01 1.190000000000562785e+01 -1.190000000000796199e+01 1.190000000001029790e+01 -1.190000000001263381e+01 1.190000000001496971e+01 -1.190000000001730562e+01 1.190000000001964153e+01 -1.190000000002197567e+01 1.190000000002431157e+01
-2.049999999997055511e+00 2.049999999997457856e+00 -2.049999999997860201e+00 2.049999999998262545e+00 -2.049999999998664890e+00 2.049999999999067235e+00 -2.049999999999469580e+00 2.049999999999872369e+00 -2.050000000000274714e+00 2.050000000000677058e+00 -2.050000000001079403e+00 2.050000000001481748e+00 -2.050000000001884093e+00 2.050000000002286438e+00 -2.050000000002688783e+00 2.050000000003091127e+00 -2.050000000003493472e+00 2.050000000003895817e+00 -2.050000000004298162e+00 2.050000000004700507e+00
