-6.565411518834141091e-02 -5.751518827219401331e+00 -9.240498834187631516e+00 -9.199922359500035896e+00 -5.645288237343627280e+00 6.565411518802166668e-02 5.751518827219151753e+00 9.240498834187540922e+00 9.199922359500146030e+00 5.645288237343887516e+00 -6.565411518770236654e-02 -5.751518827218901286e+00 -9.240498834187453880e+00 -9.199922359500256164e+00 -5.645288237344160187e+00 6.565411518739061592e-02 5.751518827218648156e+00 9.240498834187366839e+00 9.199922359500362745e+00 5.645288237344418647e+00
-5.519959346907240771e+00 -1.170025124993823695e+01 -1.341144485240636008e+01 -9.999922359500171609e+00 -2.768769410125040409e+00 5.519959346906840203e+00 1.170025124993803090e+01 1.341144485240641693e+01 9.999922359500480695e+00 2.768769410125472064e+00 -5.519959346906440523e+00 -1.170025124993781951e+01 -1.341144485240647555e+01 -9.999922359500789781e+00 -2.768769410125922370e+00 5.519959346906051501e+00 1.170025124993760812e+01 1.341144485240654305e+01 9.999922359501088209e+00 2.768769410126346919e+00
1.703771242968816324e+01 1.685156681168740533e+01 1.022869543531188619e+01 -3.011899367818013928e-01 -1.071603099009427496e+01 -1.703771242968801047e+01 -1.685156681168761494e+01 -1.022869543531237824e+01 3.011899367812134187e-01 1.071603099009381843e+01 1.703771242968785415e+01 1.685156681168781745e+01 1.022869543531285608e+01 -3.011899367806272210e-01 -1.071603099009334592e+01 -1.703771242968770494e+01 -1.685156681168802706e+01 -1.022869543531336234e+01 3.011899367800534577e-01 1.071603099009290361e+01
1.833426824431509061e+01 3.227522159390732526e+01 3.388813728906176692e+01 2.255693635521759077e+01 2.609752415748643806e+00 -1.833426824431412783e+01 -3.227522159390692025e+01 -3.388813728906206535e+01 -2.255693635521849316e+01 -2.609752415749777121e+00 1.833426824431316859e+01 3.227522159390651524e+01 3.388813728906235667e+01 2.255693635521939200e+01 2.609752415750959287e+00 -1.833426824431223423e+01 -3.227522159390611023e+01 -3.388813728906268352e+01 -2.255693635522026597e+01 -2.609752415752072174e+00
2.011131922743932421e+01 2.993722825825048517e+01 2.832813362337400420e+01 1.589865478221757655e+01 -2.603569810344779967e+00 -2.011131922743857814e+01 -2.993722825825028622e+01 -2.832813362337441987e+01 -1.589865478221846473e+01 2.603569810343786095e+00 2.011131922743783207e+01 2.993722825825008726e+01 2.832813362337483198e+01 1.589865478221934936e+01 -2.603569810342748703e+00 -2.011131922743710732e+01 -2.993722825824988121e+01 -2.832813362337527252e+01 -1.589865478222020734e+01 2.603569810341774371e+00
1.921172575837721297e+01 3.378981139728223582e+01 3.546133755587428737e+01 2.358783805465574801e+01 2.704586137687100766e+00 -1.921172575837620755e+01 -3.378981139728181660e+01 -3.546133755587460001e+01 -2.358783805465669303e+01 -2.704586137688287373e+00 1.921172575837520569e+01 3.378981139728139738e+01 3.546133755587491265e+01 2.358783805465763805e+01 2.704586137689524605e+00 -1.921172575837422869e+01 -3.378981139728097105e+01 -3.546133755587524661e+01 -2.358783805465855110e+01 -2.704586137690689895e+00
4.490576474687737019e+00 1.185661446562376042e-01 -4.298732422718909874e+00 -7.074061313156649433e+00 -7.147339220469317134e+00 -4.490576474687938635e+00 -1.185661446564822974e-01 4.298732422718709145e+00 7.074061313156576603e+00 7.147339220469394405e+00 4.490576474688140252e+00 1.185661446567278787e-01 -4.298732422718517299e+00 -7.074061313156503772e+00 -7.147339220469475229e+00 -4.490576474688337427e+00 -1.185661446569761246e-01 4.298732422718315682e+00 7.074061313156430941e+00 7.147339220469553389e+00
-3.224342219126492548e+00 -1.319885804768870052e+01 -1.813185871471900867e+01 -1.613910563193777747e+01 -7.981762745781293411e+00 3.224342219125901465e+00 1.319885804768829729e+01 1.813185871471893762e+01 1.613910563193808301e+01 7.981762745781834312e+00 -3.224342219125311271e+00 -1.319885804768789228e+01 -1.813185871471887722e+01 -1.613910563193838144e+01 -7.981762745782400970e+00 3.224342219124736175e+00 1.319885804768748550e+01 1.813185871471881327e+01 1.613910563193867276e+01 7.981762745782935653e+00
-4.167908363782741432e+00 -1.612644118671989801e+01 -2.192522159390637526e+01 -1.934931256309392467e+01 -9.382623792125095008e+00 4.167908363782028225e+00 1.612644118671942195e+01 2.192522159390630065e+01 1.934931256309430125e+01 9.382623792125752260e+00 -4.167908363781318570e+00 -1.612644118671894233e+01 -2.192522159390623315e+01 -1.934931256309467074e+01 -9.382623792126439710e+00 4.167908363780625791e+00 1.612644118671845206e+01 2.192522159390616565e+01 1.934931256309502956e+01 9.382623792127088080e+00
-9.670288237345657123e+00 -2.247238720493892217e+01 -2.669079806859394566e+01 -2.071423125690632716e+01 -6.825532155906111953e+00 9.670288237344843552e+00 2.247238720493846742e+01 2.669079806859400961e+01 2.071423125690690625e+01 6.825532155906959275e+00 -9.670288237344033533e+00 -2.247238720493801623e+01 -2.669079806859408421e+01 -2.071423125690748535e+01 -6.825532155907842125e+00 9.670288237343243054e+00 2.247238720493755437e+01 2.669079806859416948e+01 2.071423125690804312e+01 6.825532155908673460e+00
-8.030901699439359831e+00 -1.944984471900139766e+01 -2.343960813181269742e+01 -1.847623792125015285e+01 -6.455572808999897383e+00 8.030901699438640406e+00 1.944984471900098555e+01 2.343960813181274006e+01 1.847623792125065023e+01 6.455572809000635459e+00 -8.030901699437924535e+00 -1.944984471900057343e+01 -2.343960813181278979e+01 -1.847623792125114051e+01 -6.455572809001406398e+00 8.030901699437224650e+00 1.944984471900015421e+01 2.343960813181284664e+01 1.847623792125162367e+01 6.455572809002132928e+00
2.270742052666053112e+01 5.157334422022157128e+01 6.074000333515631667e+01 4.670604565284378396e+01 1.483196601124956082e+01 -2.270742052665868727e+01 -5.157334422022056231e+01 -6.074000333515649430e+01 -4.670604565284512688e+01 -1.483196601125149350e+01 2.270742052665685051e+01 5.157334422021954623e+01 6.074000333515668615e+01 4.670604565284645560e+01 1.483196601125351144e+01 -2.270742052665505994e+01 -5.157334422021852305e+01 -6.074000333515690642e+01 -4.670604565284774878e+01 -1.483196601125541036e+01
-2.748277907313488200e+00 -8.749061313156932584e+00 -1.140800066703128479e+01 -9.709471509781245402e+00 -4.302254248593603947e+00 2.748277907313124047e+00 8.749061313156699882e+00 1.140800066703126525e+01 9.709471509781455012e+00 4.302254248593952113e+00 -2.748277907312761670e+00 -8.749061313156467179e+00 -1.140800066703124926e+01 -9.709471509781664622e+00 -4.302254248594315378e+00 2.748277907312408175e+00 8.749061313156230923e+00 1.140800066703123683e+01 9.709471509781867127e+00 4.302254248594659103e+00
1.549290836378552783e+01 4.410797101100313711e+01 5.587528790681295732e+01 4.630014395340661792e+01 1.903991869381224689e+01 -1.549290836378376923e+01 -4.410797101100205708e+01 -5.587528790681293600e+01 -4.630014395340770506e+01 -1.903991869381396995e+01 1.549290836378201774e+01 4.410797101100096995e+01 5.587528790681292890e+01 4.630014395340878508e+01 1.903991869381577118e+01 -1.549290836378030889e+01 -4.410797101099986861e+01 -5.587528790681293600e+01 -4.630014395340982958e+01 -1.903991869381746938e+01
-6.381762745782369350e+00 -1.286291569515706179e+01 -1.443087204340633889e+01 -1.048672575837514920e+01 -2.537006664343754991e+00 6.381762745781943025e+00 1.286291569515685040e+01 1.443087204340641527e+01 1.048672575837549559e+01 2.537006664344223950e+00 -6.381762745781518475e+00 -1.286291569515663724e+01 -1.443087204340649343e+01 -1.048672575837584020e+01 -2.537006664344712892e+00 6.381762745781104584e+00 1.286291569515642230e+01 1.443087204340658225e+01 1.048672575837617416e+01 2.537006664345173412e+00
1.310787504206295040e+01 1.252279373587482070e+01 7.154430856686878393e+00 -9.466814395943723426e-01 -8.686193602469261421e+00 -1.310787504206285448e+01 -1.252279373587500011e+01 -7.154430856687263862e+00 9.466814395939291416e-01 8.686193602468931019e+00 1.310787504206276033e+01 1.252279373587517597e+01 7.154430856687638673e+00 -9.466814395934850523e-01 -8.686193602468588182e+00 -1.310787504206266973e+01 -1.252279373587535716e+01 -7.154430856688035689e+00 9.466814395930525095e-01 8.686193602468268438e+00
-7.080369543532491150e+00 -1.540230223306328128e+01 -1.784107897456241787e+01 -1.346516994374997012e+01 -3.946023658718648797e+00 7.080369543531954690e+00 1.540230223306299528e+01 1.784107897456248537e+01 1.346516994375037690e+01 3.946023658719220784e+00 -7.080369543531420895e+00 -1.540230223306270929e+01 -1.784107897456255287e+01 -1.346516994375077836e+01 -3.946023658719817639e+00 7.080369543530900422e+00 1.540230223306241975e+01 1.784107897456263458e+01 1.346516994375116916e+01 3.946023658720379856e+00
-1.018647450844026103e+01 -2.809751282990826482e+01 -3.527625624968778340e+01 -2.898066877793772633e+01 -1.161545084971856845e+01 1.018647450843915436e+01 2.809751282990759336e+01 3.527625624968777629e+01 2.898066877793841911e+01 1.161545084971966091e+01 -1.018647450843805302e+01 -2.809751282990692189e+01 -3.527625624968778340e+01 -2.898066877793911544e+01 -1.161545084972080133e+01 1.018647450843697833e+01 2.809751282990623977e+01 3.527625624968780471e+01 2.898066877793978335e+01 1.161545084972187780e+01
-1.342202598441393224e-01 -2.309878040719056447e+00 -3.603240919906326667e+00 -3.520288237343844884e+00 -2.092705098312499068e+00 1.342202598440156436e-01 2.309878040718961856e+00 3.603240919906294693e+00 3.520288237343891513e+00 2.092705098312602097e+00 -1.342202598438924088e-01 -2.309878040718867265e+00 -3.603240919906264939e+00 -3.520288237343937254e+00 -2.092705098312709566e+00 1.342202598437722827e-01 2.309878040718771341e+00 3.603240919906234740e+00 3.520288237343981219e+00 2.092705098312810819e+00
-9.256637120815209840e+00 -3.017251282990849504e+01 -3.956351416396925202e+01 -3.384259780178193466e+01 -1.519495934690666061e+01 9.256637120813943298e+00 3.017251282990768502e+01 3.956351416396917386e+01 3.384259780178265231e+01 1.519495934690786498e+01 -9.256637120812683861e+00 -3.017251282990686434e+01 -3.956351416396910992e+01 -3.384259780178336996e+01 -1.519495934690912264e+01 9.256637120811451069e+00 3.017251282990603656e+01 3.956351416396906018e+01 3.384259780178406629e+01 1.519495934691030925e+01
