-4.284688653106524470e+00 1.358208802068023857e-01 4.125021632428516938e+00 -4.985074642064756922e+00 1.735285079937462616e+00 2.945124685043742918e+00 -5.197486791999970102e+00 3.164887485601528994e+00 1.476938413596541988e+00 -4.901132721714063223e+00 4.284688653106867307e+00 -1.358208802084653888e-01 -4.125021632426904006e+00 4.985074642064526884e+00 -1.735285079938805985e+00 -2.945124685041943913e+00 5.197486791999190281e+00 -3.164887485602418060e+00 -1.476938413594707677e+00 4.901132721712817109e+00
2.362125548004003761e+00 -1.035701191497133689e+00 -1.144585775716384646e+00 2.381242469396807504e+00 -1.654732635571641186e+00 -4.359875900445501218e-01 2.167266786793054401e+00 -2.111787320076048413e+00 3.152880986449722034e-01 1.741143930862275591e+00 -2.362125548003809694e+00 1.035701191497688578e+00 1.144585775715536213e+00 -2.381242469396369188e+00 1.654732635571971588e+00 4.359875900437267804e-01 -2.167266786792413580e+00 2.111787320076120356e+00 -3.152880986457037849e-01 -1.741143930861502209e+00
7.191237167785843987e+00 -1.932818365607999134e+00 -4.919072906456724681e+00 7.715535384341590586e+00 -4.151082918457139392e+00 -2.835644743316615646e+00 7.484583240181483355e+00 -5.963010552951916843e+00 -4.746439156020185735e-01 6.520987940314194375e+00 -7.191237167785740070e+00 1.932818365610148303e+00 4.919072906454090344e+00 -7.715535384340652669e+00 4.151082918458666171e+00 2.835644743313895155e+00 -7.484583240179799368e+00 5.963010552952667354e+00 4.746439155994361947e-01 -6.520987940311949949e+00
7.089926357515626165e+00 -1.673375938121703044e+00 -5.122754961577327570e+00 7.695535573168335475e+00 -3.923889675223994455e+00 -3.082726607729248780e+00 7.547852148969702135e+00 -5.790305751567998094e+00 -7.409394948973778705e-01 6.661332367451276326e+00 -7.089926357515616395e+00 1.673375938123909279e+00 5.122754961574720767e+00 -7.695535573167486376e+00 3.923889675225598950e+00 3.082726607726526069e+00 -7.547852148968092756e+00 5.790305751568838311e+00 7.409394948947641835e-01 -6.661332367449083414e+00
1.163476821880592205e+01 -2.456764824033980776e+00 -8.746667954969330694e+00 1.273908968529450192e+01 -6.229030134325910240e+00 -5.416425587209578119e+00 1.259642029492869675e+01 -9.391554574864422023e+00 -1.555985744517582869e+00 1.122072552167371562e+01 -1.163476821880602152e+01 2.456764824037710238e+00 8.746667954965040792e+00 -1.273908968529320163e+01 6.229030134328667145e+00 5.416425587205059067e+00 -1.259642029492611925e+01 9.391554574865928373e+00 1.555985744513209479e+00 -1.122072552167014337e+01
-4.231114960979017181e-01 4.235293085969290550e-01 -7.477706691593066779e-02 -3.356235943111713915e-01 4.693262650309377726e-01 -2.161025198862422114e-01 -2.152825166861679906e-01 4.691822966553200747e-01 -3.362743525352729912e-01 -7.386808636642716586e-02 4.231114960977722106e-01 -4.235293085969388249e-01 7.477706691607263756e-02 3.356235943110154607e-01 -4.693262650308952511e-01 2.161025198863480989e-01 2.152825166860009021e-01 -4.691822966552292584e-01 3.362743525353347751e-01 7.386808636626707170e-02
-6.898532407700117552e+00 1.065965946099439954e+00 5.645414282573396392e+00 -7.702548462855482114e+00 3.409474500496057825e+00 3.694470803937486725e+00 -7.752585407655232075e+00 5.419239935578054279e+00 1.381886782120438806e+00 -7.043745277314532593e+00 6.898532407700331603e+00 -1.065965946101798290e+00 -5.645414282570835773e+00 7.702548462854838185e+00 -3.409474500497859051e+00 -3.694470803934738701e+00 7.752585407653790561e+00 -5.419239935579116541e+00 -1.381886782117732082e+00 7.043745277312449815e+00
-7.094739729446072118e+00 1.503023140282864212e-01 6.918048762303348198e+00 -8.282956388272740611e+00 2.819150458514029900e+00 4.968846261256185670e+00 -8.660379565064083351e+00 5.212040513943811071e+00 2.533258468169546695e+00 -8.190064449613906561e+00 7.094739729446668974e+00 -1.503023140310681960e-01 -6.918048762300674781e+00 8.282956388272385340e+00 -2.819150458516286317e+00 -4.968846261253194285e+00 8.660379565062807927e+00 -5.212040513945315645e+00 -2.533258468166487809e+00 8.190064449611851316e+00
-1.009556442255117581e+01 2.089413642397645265e+00 7.639311372670744227e+00 -1.106996276744992613e+01 5.374210343597541240e+00 4.752199602080825258e+00 -1.096075602770408963e+01 8.132941892040298271e+00 1.399909423917633955e+00 -9.778634119888179654e+00 1.009556442255127884e+01 -2.089413642400897331e+00 -7.639311372667020095e+00 1.106996276744881236e+01 -5.374210343599951756e+00 -4.752199602076896845e+00 1.096075602770186208e+01 -8.132941892041623433e+00 -1.399909423913827222e+00 9.778634119885081688e+00
-7.942469260460029545e+00 2.937010079492627490e+00 4.489806839339477662e+00 -8.215094571103957577e+00 5.167616030826673423e+00 2.140197586243374417e+00 -7.683569187198204808e+00 6.892379720164909074e+00 -4.189091182275652692e-01 -6.399922516674674711e+00 7.942469260459593450e+00 -2.937010079494698722e+00 -4.489806839336601740e+00 8.215094571102660836e+00 -5.167616030828018125e+00 -2.140197586240510041e+00 7.683569187196169992e+00 -6.892379720165387802e+00 4.189091182301838412e-01 6.399922516672121198e+00
1.730429451477808200e+01 -3.835561319500358834e+00 -1.279532175904591540e+01 1.887736417610905804e+01 -9.396350770697431187e+00 -7.831291359342269054e+00 1.860258590555115177e+01 -1.403735994023221245e+01 -2.100679597570842105e+00 1.650685691471952410e+01 -1.730429451477815661e+01 3.835561319505837563e+00 1.279532175903954183e+01 -1.887736417610706496e+01 9.396350770701452859e+00 7.831291359335579294e+00 -1.860258590554728286e+01 1.403735994023437250e+01 2.100679597564390821e+00 -1.650685691471419503e+01
-3.682936174638413718e+00 6.764402166675085315e-01 2.887733007808912067e+00 -4.071173965764120162e+00 1.898219025377737568e+00 1.839683668287886764e+00 -4.060896883583623662e+00 2.934186930214149225e+00 6.115532734850034347e-01 -3.653110920505424630e+00 3.682936174638485660e+00 -6.764402166687272233e-01 -2.887733007807549601e+00 4.071173965763741798e+00 -1.898219025378653502e+00 -1.839683668286438589e+00 4.060896883582829631e+00 -2.934186930214670141e+00 -6.115532734835896767e-01 3.653110920504302861e+00
1.867475171935560851e+01 -3.226477415475568211e+00 -1.488180003601242163e+01 2.072108259294340371e+01 -9.477293483321558298e+00 -9.579855910654536899e+00 2.073908953006085554e+01 -1.480040603283250888e+01 -3.340168741980757527e+00 1.872700988624136542e+01 -1.867475171935605616e+01 3.226477415481824540e+00 1.488180003600550450e+01 -2.072108259294154919e+01 9.477293483326288737e+00 9.579855910647159689e+00 -2.073908953005688005e+01 1.480040603283523559e+01 3.340168741973529087e+00 -1.872700988623569884e+01
-5.113789014888361351e+00 8.182982461672239083e-02 5.017592286673435709e+00 -5.980363320863125942e+00 2.012746440035286799e+00 3.614237972749049010e+00 -6.261537997350029805e+00 3.746641410273868988e+00 1.857096864175214357e+00 -5.929789707955401390e+00 5.113789014888801887e+00 -8.182982461873733460e-02 -5.017592286671508361e+00 5.980363320862879029e+00 -2.012746440036924156e+00 -3.614237972746888516e+00 6.261537997349116758e+00 -3.746641410274965001e+00 -1.857096864173001904e+00 5.929789707953920797e+00
2.160845240413379109e+00 -1.257513297549234021e+00 -6.825496986910403185e-01 2.059898591243751742e+00 -1.739006327611290148e+00 -1.557404521721406088e-02 1.757314715805668559e+00 -2.050273301957072913e+00 6.529261043131728837e-01 1.282712632052868562e+00 -2.160845240413078017e+00 1.257513297549625042e+00 6.825496986902770402e-01 -2.059898591243249921e+00 1.739006327611460012e+00 1.557404521651506446e-02 -1.757314715805013972e+00 2.050273301957003635e+00 -6.529261043137518650e-01 -1.282712632052132706e+00
-5.734327105361169075e+00 9.525934257418267048e-01 4.614486371197351389e+00 -6.377247497530792231e+00 2.882417687338365564e+00 2.988762282401575376e+00 -6.395918471745662970e+00 4.530090822712971033e+00 1.070477317473002454e+00 -5.788512382961349623e+00 5.734327105361320065e+00 -9.525934257437620456e-01 -4.614486371195225090e+00 6.377247497530236231e+00 -2.882417687339834167e+00 -2.988762282399302528e+00 6.395918471744448830e+00 -4.530090822713824572e+00 -1.070477317470771794e+00 5.788512382959612346e+00
-1.215374520241255496e+01 2.098529364030169653e+00 9.686775979052864471e+00 -1.348601748952697044e+01 6.166988405952517738e+00 6.236287817371256814e+00 -1.349818442215664049e+01 9.631779654764756060e+00 2.175348353353097508e+00 -1.218905501616387710e+01 1.215374520241284628e+01 -2.098529364034241507e+00 -9.686775979048361407e+00 1.348601748952576251e+01 -6.166988405955597052e+00 -6.236287817366454433e+00 1.349818442215405057e+01 -9.631779654766532417e+00 -2.175348353348393271e+00 1.218905501616018938e+01
-2.859834735480552226e+00 1.422139646909324373e+00 1.188009313172968540e+00 -2.818728354647688672e+00 2.125604600988244552e+00 3.199302813157007819e-01 -2.501705203226495033e+00 2.621000566764157380e+00 -5.794657555620378320e-01 -1.939797716108296655e+00 2.859834735480250245e+00 -1.422139646909932997e+00 -1.188009313171948467e+00 2.818728354647103362e+00 -2.125604600988572734e+00 -3.199302813147332225e-01 2.501705203225682350e+00 -2.621000566764171147e+00 5.794657555628746071e-01 1.939797716107344527e+00
-1.379988707795045855e+01 1.998953300489374030e+00 1.144997653785195979e+01 -1.545920799657815259e+01 6.723412407169926830e+00 7.555362680548040721e+00 -1.560527392586413065e+01 1.078973706266714494e+01 2.921177282764800598e+00 -1.422378691494882474e+01 1.379988707795093994e+01 -1.998953300494141994e+00 -1.144997653784683145e+01 1.545920799657690736e+01 -6.723412407173587901e+00 -7.555362680542520692e+00 1.560527392586127604e+01 -1.078973706266932808e+01 -2.921177282759347626e+00 1.422378691494466985e+01
-1.488952049889339602e+00 8.544003373039995575e-01 4.845442142472558555e-01 -1.424016223740355525e+00 1.189487256432408380e+00 2.569008949866402602e-02 -1.219687767907150944e+00 1.408138875256078171e+00 -4.356787602033993512e-01 -8.959677752867668543e-01 1.488952049889136875e+00 -8.544003373042735605e-01 -4.845442142467294433e-01 1.424016223740013576e+00 -1.189487256432530504e+00 -2.569008949818030185e-02 1.219687767906702858e+00 -1.408138875256035760e+00 4.356787602038019180e-01 8.959677752862609257e-01
