-4.905040653087646696e+00 -1.749748750063463643e+00 5.986444852400027550e+00 -1.950077640496716835e+00 -4.781230589872302872e+00 4.905040653088901692e+00 1.749748750063584213e+00 -5.986444852401353600e+00 1.950077640497419829e+00 4.781230589873198156e+00 -4.905040653090155800e+00 -1.749748750063691016e+00 5.986444852402680539e+00 -1.950077640498122156e+00 -4.781230589874082781e+00 4.905040653091403691e+00 1.749748750063818026e+00 -5.986444852404009254e+00 1.950077640498816045e+00 4.781230589874981618e+00
3.062287570310277207e+00 -7.015668116852471492e-01 -2.628695435310138162e+00 2.326189936778795264e+00 1.191030990093002284e+00 -3.062287570310971319e+00 7.015668116855435787e-01 2.628695435310646200e+00 -2.326189936779408107e+00 -1.191030990093134623e+00 3.062287570311664098e+00 -7.015668116858473358e-01 -2.628695435311157791e+00 2.326189936780020062e+00 1.191030990093259412e+00 -3.062287570312357765e+00 7.015668116861403236e-01 2.628695435311670270e+00 -2.326189936780630241e+00 -1.191030990093394859e+00
7.265731755679179393e+00 1.249778406096966776e+00 -8.038137289053477019e+00 3.718063644776274046e+00 5.740247584246970902e+00 -7.265731755680971737e+00 -1.249778406096867078e+00 8.038137289055201862e+00 -3.718063644777445553e+00 -5.740247584247978985e+00 7.265731755682762305e+00 1.249778406096747840e+00 -8.038137289056930257e+00 3.718063644778615728e+00 5.740247584248968415e+00 -7.265731755684546656e+00 -1.249778406096657468e+00 8.038137289058662205e+00 -3.718063644779776133e+00 -5.740247584249981827e+00
5.688680772555981591e+00 1.762771741752732879e+00 -6.778133623367608607e+00 2.426345217777078567e+00 5.278569810341100954e+00 -5.688680772557423104e+00 -1.762771741752817478e+00 6.778133623369098970e+00 -2.426345217777919672e+00 -5.278569810342077062e+00 5.688680772558865506e+00 1.762771741752885868e+00 -6.778133623370590222e+00 2.426345217778760333e+00 5.278569810343038959e+00 -5.688680772560299026e+00 -1.762771741752978238e+00 6.778133623372084138e+00 -2.426345217779590779e+00 -5.278569810344018620e+00
1.093827424161215411e+01 3.435188602722047957e+00 -1.306133755586176903e+01 4.637161945336290891e+00 1.019541386230731028e+01 -1.093827424161493056e+01 -3.435188602722219819e+00 1.306133755586464318e+01 -4.637161945337904712e+00 -1.019541386230919855e+01 1.093827424161770523e+01 3.435188602722361928e+00 -1.306133755586751910e+01 4.637161945339514979e+00 1.019541386231105662e+01 -1.093827424162046569e+01 -3.435188602722548001e+00 1.306133755587039857e+01 -4.637161945341108371e+00 -1.019541386231295377e+01
-5.405764746865219239e-01 -9.435661446556463661e-01 1.123732422717502288e+00 2.490613131559986648e-01 -1.277660779530702229e+00 5.405764746866978943e-01 9.435661446558152310e-01 -1.123732422717782509e+00 -2.490613131559939464e-01 1.277660779530979340e+00 -5.405764746868737536e-01 -9.435661446559819865e-01 1.123732422718060953e+00 2.490613131559891724e-01 -1.277660779531255564e+00 5.405764746870473925e-01 9.435661446561518506e-01 -1.123732422718340063e+00 -2.490613131559867854e-01 1.277660779531533120e+00
-7.025657780866271018e+00 -2.801141952313738859e+00 8.756858714710149982e+00 -2.610894368058000570e+00 -7.143237254215289767e+00 7.025657780868082902e+00 2.801141952313972894e+00 -8.756858714712102199e+00 2.610894368058979342e+00 7.143237254216642462e+00 -7.025657780869893898e+00 -2.801141952314186501e+00 8.756858714714054415e+00 -2.610894368059956339e+00 -7.143237254217978283e+00 7.025657780871696012e+00 2.801141952314429417e+00 -8.756858714716008407e+00 2.610894368060921344e+00 7.143237254219337196e+00
-6.907091636209651497e+00 -3.548558813282292501e+00 9.100221593896876016e+00 -2.075687436901815897e+00 -7.817376207871116200e+00 6.907091636211473151e+00 3.548558813282687296e+00 -9.100221593898936590e+00 2.075687436902700966e+00 7.817376207872635874e+00 -6.907091636213293917e+00 -3.548558813283061664e+00 9.100221593900995387e+00 -2.075687436903584704e+00 -7.817376207874138672e+00 6.907091636215103136e+00 3.548558813283465341e+00 -9.100221593903057737e+00 2.075687436904454675e+00 7.817376207875662786e+00
-7.154711762645854733e+00 -3.577612795064607276e+00 9.365798068583092828e+00 -2.210768743087969224e+00 -7.999467844089577895e+00 7.154711762647737672e+00 3.577612795064995410e+00 -9.365798068585212022e+00 2.210768743088895594e+00 7.999467844091128654e+00 -7.154711762649617945e+00 -3.577612795065363116e+00 9.365798068587327663e+00 -2.210768743089820632e+00 -7.999467844092661650e+00 7.154711762651487561e+00 3.577612795065761020e+00 -9.365798068589445080e+00 2.210768743090731903e+00 7.999467844094216851e+00
-7.919098300552656511e+00 -3.350155281002002994e+00 9.989608131802706126e+00 -2.823762078744563642e+00 -8.244427190996269417e+00 7.919098300554709091e+00 3.350155281002306751e+00 -9.989608131804940783e+00 2.823762078745647663e+00 8.244427190997841493e+00 -7.919098300556760783e+00 -3.350155281002587415e+00 9.989608131807175440e+00 -2.823762078746730353e+00 -8.244427190999392252e+00 7.919098300558800929e+00 3.350155281002901386e+00 -9.989608131809411873e+00 2.823762078747798832e+00 8.244427191000969657e+00
1.806757947332210890e+01 5.901655779786352696e+00 -2.171500333513421310e+01 7.518954347144376271e+00 1.706803398874180644e+01 -1.806757947332670611e+01 -5.901655779786683098e+00 2.171500333513900216e+01 -7.518954347147018602e+00 -1.706803398874497901e+01 1.806757947333129977e+01 5.901655779786964651e+00 -2.171500333514379477e+01 7.518954347149658268e+00 1.706803398874810185e+01 -1.806757947333587211e+01 -5.901655779787319034e+00 2.171500333514859093e+01 -7.518954347152267736e+00 -1.706803398875128508e+01
-4.201722092682493859e+00 -1.425938686844935743e+00 5.083000667026495556e+00 -1.715528490215929125e+00 -4.022745751404634973e+00 4.201722092683565002e+00 1.425938686845023895e+00 -5.083000667027618213e+00 1.715528490216538415e+00 4.022745751405384596e+00 -4.201722092684636145e+00 -1.425938686845100278e+00 5.083000667028742647e+00 -1.715528490217147040e+00 -4.022745751406123560e+00 4.201722092685701959e+00 1.425938686845193981e+00 -5.083000667029867081e+00 1.715528490217748558e+00 4.022745751406877623e+00
1.823209163619633699e+01 6.542028989003995321e+00 -2.227528790678984194e+01 7.224856046582052826e+00 1.781008130617859209e+01 -1.823209163620100881e+01 -6.542028989004451844e+00 2.227528790679477666e+01 -7.224856046584663183e+00 -1.781008130618193164e+01 1.823209163620566997e+01 6.542028989004856854e+00 -2.227528790679971493e+01 7.224856046587269987e+00 1.781008130618522500e+01 -1.823209163621030982e+01 -6.542028989005336470e+00 2.227528790680465676e+01 -7.224856046589845704e+00 -1.781008130618857521e+01
-5.543237254212078469e+00 -1.962084304844930793e+00 6.755872043399537397e+00 -2.213274241621320471e+00 -5.387993335653415095e+00 5.543237254213496001e+00 1.962084304845063576e+00 -6.755872043401033977e+00 2.213274241622116723e+00 5.387993335654424065e+00 -5.543237254214913534e+00 -1.962084304845181038e+00 6.755872043402529670e+00 -2.213274241622911642e+00 -5.387993335655419713e+00 5.543237254216323073e+00 1.962084304845321370e+00 -6.755872043404028915e+00 2.213274241623697236e+00 5.387993335656432237e+00
1.592124957936462026e+00 -2.227937358732445805e-01 -1.454430856686361517e+00 1.121681439592129292e+00 7.611936024685921343e-01 -1.592124957936829510e+00 2.227937358733693141e-01 1.454430856686651063e+00 -1.121681439592434160e+00 -7.611936024686948299e-01 1.592124957937197216e+00 -2.227937358734979889e-01 -1.454430856686941942e+00 1.121681439592738805e+00 7.611936024687934177e-01 -1.592124957937564478e+00 2.227937358736208906e-01 1.454430856687233486e+00 -1.121681439593041896e+00 -7.611936024688975566e-01
-5.794630456461813850e+00 -2.097697766939028874e+00 7.091078974555499848e+00 -2.284830056246156538e+00 -5.678976341278569429e+00 5.794630456463298884e+00 2.097697766939177644e+00 -7.091078974557072812e+00 2.284830056246983876e+00 5.678976341279635243e+00 -5.794630456464782142e+00 -2.097697766939309982e+00 7.091078974558644887e+00 -2.284830056247810326e+00 -5.678976341280685958e+00 5.794630456466258295e+00 2.097697766939466746e+00 -7.091078974560219628e+00 2.284830056248627450e+00 5.678976341281756213e+00
-1.186352549154774749e+01 -4.227487170096553726e+00 1.447625624967277247e+01 -4.719331222054584885e+00 -1.155954915027553653e+01 1.186352549155078329e+01 4.227487170096844160e+00 -1.447625624967598057e+01 4.719331222056285746e+00 1.155954915027770191e+01 -1.186352549155381730e+01 -4.227487170097101732e+00 1.447625624967918867e+01 -4.719331222057984832e+00 -1.155954915027983887e+01 1.186352549155683533e+01 4.227487170097408153e+00 -1.447625624968240032e+01 4.719331222059663489e+00 1.155954915028201313e+01
-2.090779740153617006e+00 -4.651219592820043935e-01 2.378240919904047512e+00 -1.004711762654579843e+00 -1.757294901686865973e+00 2.090779740154137922e+00 4.651219592819975102e-01 -2.378240919904563100e+00 1.004711762654906915e+00 1.757294901687181277e+00 -2.090779740154658839e+00 -4.651219592819850757e-01 2.378240919905078687e+00 -1.004711762655233320e+00 -1.757294901687491029e+00 2.090779740155177091e+00 4.651219592819809678e-01 -2.378240919905595607e+00 1.004711762655556839e+00 1.757294901687807664e+00
-1.339336287917032564e+01 -6.302487170096132019e+00 1.728851416395135132e+01 -4.382402198210000321e+00 -1.458004065308666064e+01 1.339336287917383039e+01 6.302487170096776836e+00 -1.728851416395524865e+01 4.382402198211771349e+00 1.458004065308946906e+01 -1.339336287917733159e+01 -6.302487170097383462e+00 1.728851416395913887e+01 -4.382402198213541489e+00 -1.458004065309224373e+01 1.339336287918081148e+01 6.302487170098046931e+00 -1.728851416396303264e+01 4.382402198215285871e+00 1.458004065309506281e+01
-1.237006664342457096e+00 3.523798735618142164e-01 1.019223925529959329e+00 -9.822949016864985783e-01 -4.121322893120129560e-01 1.237006664342733764e+00 -3.523798735619482758e-01 -1.019223925530152286e+00 9.822949016867528194e-01 4.121322893120501485e-01 -1.237006664343010431e+00 3.523798735620852773e-01 1.019223925530346797e+00 -9.822949016870068384e-01 -4.121322893120840103e-01 1.237006664343287099e+00 -3.523798735622180045e-01 -1.019223925530541752e+00 9.822949016872599692e-01 4.121322893121224240e-01
