-1.178126543309705454e+01 -2.952825962612770638e+01 -2.293128563510691720e+01 2.570916601281472147e+00 2.595357936132050725e+01 2.793934578429275817e+01 6.891091460095985610e+00 -1.983838191940542117e+01 -3.021250810324091773e+01 -1.567855147630034196e+01 1.178126543308374963e+01 2.952825962611972344e+01 2.293128563511087137e+01 -2.570916601268882218e+00 -2.595357936130961818e+01 -2.793934578429256632e+01 -6.891091460106638422e+00 1.983838191939268825e+01 3.021250810323664382e+01 1.567855147630796253e+01
-1.260058157477391383e+01 -3.114931831789353112e+01 -2.401763827767112147e+01 2.914891168870799909e+00 2.744429835987006072e+01 2.934781650202277348e+01 7.056129093881542858e+00 -2.105283926271058803e+01 -3.180522596889267462e+01 -1.633644627798097915e+01 1.260058157475990015e+01 3.114931831788520000e+01 2.401763827767537407e+01 -2.914891168857509651e+00 -2.744429835985864585e+01 -2.934781650202266690e+01 -7.056129093892819171e+00 2.105283926269720851e+01 3.180522596888825504e+01 1.633644627798908289e+01
-1.419397583336986912e+01 -3.571150165805161691e+01 -2.778741219027409315e+01 3.045439488418707263e+00 3.136754102635655528e+01 3.382931654352577056e+01 8.401205692482514920e+00 -2.395310692849061596e+01 -3.655977169078615674e+01 -1.902548232555978558e+01 1.419397583335377355e+01 3.571150165804193222e+01 2.778741219027885023e+01 -3.045439488403483885e+00 -3.136754102634337116e+01 -3.382931654352550765e+01 -8.401205692495386401e+00 2.395310692847520784e+01 3.655977169078095557e+01 1.902548232556898711e+01
1.649281008888211275e+01 3.082384552924197152e+01 1.974279355317925777e+01 -7.614799750012636537e+00 -2.869452753761458297e+01 -2.611764046620911017e+01 -2.008600243817252107e+00 2.375638926407441787e+01 2.993591075810258673e+01 1.143538445104034729e+01 -1.649281008886871192e+01 -3.082384552923572585e+01 -1.974279355318535778e+01 7.614799749999267675e+00 2.869452753760492314e+01 2.611764046621113167e+01 2.008600243829286480e+00 -2.375638926406227824e+01 -2.993591075810039470e+01 -1.143538445104981349e+01
1.346139124244526997e+01 2.714455788600800545e+01 1.844895036834612512e+01 -5.456515992426941963e+00 -2.486346962683889217e+01 -2.377224554252983069e+01 -3.082481060712078502e+00 2.014857172661402274e+01 2.676854769203448114e+01 1.131974339071906854e+01 -1.346139124243334528e+01 -2.714455788600198005e+01 -1.844895036835099233e+01 5.456515992415226002e+00 2.486346962682994999e+01 2.377224554253104927e+01 3.082481060722445321e+00 -2.014857172660304130e+01 -2.676854769203197648e+01 -1.131974339072702307e+01
-6.196354892932831149e+00 -9.680682833306221369e+00 -5.183970310144440319e+00 3.586560240055768567e+00 9.400224741271083317e+00 7.464066702252718066e+00 -6.256880818474961359e-01 -8.199607156342732850e+00 -9.013528240333050334e+00 -2.396430785236947525e+00 6.196354892928738423e+00 9.680682833304766532e+00 5.183970310146832183e+00 -3.586560240051515525e+00 -9.400224741268463191e+00 -7.464066702253892238e+00 6.256880818434946701e-01 8.199607156339201453e+00 9.013528240332911778e+00 2.396430785240287076e+00
-5.460926783266263129e+00 -9.723049177976850643e+00 -5.969203044992854146e+00 2.705830142403993666e+00 9.150097150819785696e+00 8.050754182186999230e+00 3.141320054238352366e-01 -7.681469862064325582e+00 -9.344241407125178256e+00 -3.303344723874060307e+00 5.460926783262065598e+00 9.723049177975010338e+00 5.969203044994898733e+00 -2.705830142399762828e+00 -9.150097150816844049e+00 -8.050754182187775498e+00 -3.141320054276879326e-01 7.681469862060567699e+00 9.344241407124627585e+00 3.303344723877139621e+00
-5.462519836280144148e+00 -1.627841864914215719e+01 -1.367390898893781426e+01 2.037745593667128485e-01 1.391346035051364538e+01 1.615247904540987989e+01 5.074917591197827704e+00 -1.018655561199763504e+01 -1.704993191197677405e+01 -9.856841448905001357e+00 5.462519836272691443e+00 1.627841864913724024e+01 1.367390898893951068e+01 -2.037745593598276894e-01 -1.391346035050722385e+01 -1.615247904540922619e+01 -5.074917591203475631e+00 1.018655561199033421e+01 1.704993191197385372e+01 9.856841448908831183e+00
-2.384861310447909943e+00 -5.267532626874128709e+00 -3.807494677644494896e+00 7.915541874707365810e-01 4.738022433215697937e+00 4.778325235079673661e+00 8.792357744582761647e-01 -3.744721592050415104e+00 -5.281420025955259945e+00 -2.463960012787218989e+00 2.384861310445569149e+00 5.267532626872845292e+00 3.807494677645333780e+00 -7.915541874684753898e-01 -4.738022433213870954e+00 -4.778325235079789124e+00 -8.792357744602383729e-01 3.744721592048221748e+00 5.281420025954649766e+00 2.463960012788680487e+00
-3.120259730106810458e+00 -4.637454786104874493e+00 -2.331395332784687469e+00 1.896735198355923302e+00 4.561141286979990994e+00 3.465207965862644457e+00 -4.875450100587510605e-01 -4.038351499345183448e+00 -4.259821899718035709e+00 -9.693694807486863407e-01 3.120259730104868012e+00 4.637454786104253657e+00 2.331395332785904717e+00 -1.896735198353877605e+00 -4.561141286978797282e+00 -3.465207965863287498e+00 4.875450100568011758e-01 4.038351499343533213e+00 4.259821899718051696e+00 9.693694807503403510e-01
6.558920331556931771e+00 1.343519949397901314e+01 9.235103916780220246e+00 -2.578683722634390829e+00 -1.226652844176230950e+01 -1.184148530715435399e+01 -1.653972415805324392e+00 9.897124119736020020e+00 1.328873961118361535e+01 5.724726210282012673e+00 -6.558920331551017391e+00 -1.343519949397597912e+01 -9.235103916782581024e+00 2.578683722628597685e+00 1.226652844175784196e+01 1.184148530715490288e+01 1.653972415810432972e+00 -9.897124119730557723e+00 -1.328873961118231861e+01 -5.724726210285911776e+00
7.473738657185579726e+00 1.911610782143214138e+01 1.499859386015675256e+01 -1.484203269181647133e+00 -1.674337944621478869e+01 -1.819881975486308079e+01 -4.650616275861494842e+00 1.273169243281677687e+01 1.961761837332865355e+01 1.033020109707342904e+01 -7.473738657176951072e+00 -1.911610782142690113e+01 -1.499859386015924123e+01 1.484203269173504758e+00 1.674337944620767971e+01 1.819881975486287828e+01 4.650616275868358684e+00 -1.273169243280849372e+01 -1.961761837332579717e+01 -1.033020109707830692e+01
-1.493661424708703578e+01 -3.579928989503853387e+01 -2.714797503860830119e+01 3.884931180439775922e+00 3.171498554667489955e+01 3.339827038157064720e+01 7.547036018055185203e+00 -2.452619744170324623e+01 -3.637931032014910215e+01 -1.824024674780927313e+01 1.493661424707098284e+01 3.579928989502918313e+01 2.714797503861339933e+01 -3.884931180424477049e+00 -3.171498554666197123e+01 -3.339827038157076800e+01 -7.547036018068244090e+00 2.452619744168799443e+01 3.637931032014427046e+01 1.824024674781875177e+01
6.162660216528667689e+00 1.263102334859590314e+01 8.685998274805232455e+00 -2.420019973858309026e+00 -1.153090237657929684e+01 -1.113536875129736536e+01 -1.559508685123694116e+00 9.302056339421438835e+00 1.249473174973530831e+01 5.386381768269334458e+00 -6.162660216523107692e+00 -1.263102334859304676e+01 -8.685998274807451125e+00 2.420019973852863160e+00 1.153090237657509753e+01 1.113536875129788051e+01 1.559508685128496053e+00 -9.302056339416303388e+00 -1.249473174973408796e+01 -5.386381768272999970e+00
-9.686965378333718846e+00 -2.649634670357146859e+01 -2.146135828564299075e+01 1.267006914637929693e+00 2.295081424359582201e+01 2.571329336634244100e+01 7.276975013618068644e+00 -1.715869617773017808e+01 -2.744823213729262079e+01 -1.510863592587348414e+01 9.686965378321678699e+00 2.649634670356386579e+01 2.146135828564612424e+01 -1.267006914626680469e+00 -2.295081424358569322e+01 -2.571329336634180152e+01 -7.276975013627435374e+00 1.715869617771851097e+01 2.744823213728830069e+01 1.510863592588000515e+01
-1.195191847571298993e+01 -2.502369209737468125e+01 -1.746519586977762728e+01 4.492122976063613216e+00 2.274600314340594664e+01 2.224740741652205500e+01 3.407392818943554502e+00 -1.824177692103652859e+01 -2.485188771853317391e+01 -1.097336926412970648e+01 1.195191847570194277e+01 2.502369209736889744e+01 1.746519586978190475e+01 -4.492122976052836947e+00 -2.274600314339752316e+01 -2.224740741652293607e+01 -3.407392818953011826e+00 1.824177692102627901e+01 2.485188771853061951e+01 1.097336926413687408e+01
-1.050530439047454756e+01 -2.461118320800109771e+01 -1.842687667178931932e+01 2.949090501019457911e+00 2.189374048013892349e+01 2.278854504247038903e+01 4.895800914196558828e+00 -1.703318589141988681e+01 -2.491951184726279678e+01 -1.226145722487910916e+01 1.050530439046353770e+01 2.461118320799478454e+01 1.842687667179293953e+01 -2.949090501008927667e+00 -2.189374048013012697e+01 -2.278854504247059509e+01 -4.895800914205588050e+00 1.703318589140946315e+01 2.491951184725960644e+01 1.226145722488570833e+01
-5.371229893501904051e+00 -1.240423732901980536e+01 -9.210825642366074817e+00 1.576262380978707967e+00 1.106383320493123001e+01 1.143005360238652734e+01 2.373000675860181374e+00 -8.640424000484649980e+00 -1.253042827793809622e+01 -6.089977892877386445e+00 5.371229893496364483e+00 1.240423732901666298e+01 9.210825642367934663e+00 -1.576262380973396438e+00 -1.106383320492682998e+01 -1.143005360238667123e+01 -2.373000675864748832e+00 8.640424000479416833e+00 1.253042827793652947e+01 6.089977892880740207e+00
-4.997495675929465087e+00 -1.124670959907590095e+01 -8.223804402377226097e+00 1.579047708164639019e+00 1.008008631342781491e+01 1.027080444557200956e+01 1.993968451147395404e+00 -7.926753947329754801e+00 -1.131242658873082796e+01 -5.371801085665494746e+00 4.997495675924456648e+00 1.124670959907311385e+01 8.223804402378972256e+00 -1.579047708159816210e+00 -1.008008631342387673e+01 -1.027080444557220851e+01 -1.993968451151564514e+00 7.926753947325045679e+00 1.131242658872947615e+01 5.371801085668581166e+00
-2.464917551324824707e+00 -2.603201171169173822e+00 -5.953289630028464341e-01 1.903350001737766028e+00 2.832851084947534126e+00 1.426866177608211217e+00 -1.155469292561291272e+00 -2.785201796896901616e+00 -2.118731789187861647e+00 2.944831984009670389e-01 2.464917551323816625e+00 2.603201171169179595e+00 5.953289630038645086e-01 -1.903350001736578978e+00 -2.832851084947153986e+00 -1.426866177608950625e+00 1.155469292560041161e+00 2.785201796896171089e+00 2.118731789188257331e+00 -2.944831983997815428e-01
