-5.659549150285757335e+00 -7.813776741498864808e+00 8.303695435351797771e-01 8.326973342626077468e+00 4.315983005622774371e+00 -5.659549150283568864e+00 -7.813776741498885237e+00 8.303695435329800922e-01 8.326973342624736318e+00 4.315983005624145719e+00 -5.659549150281379504e+00 -7.813776741498902112e+00 8.303695435307785200e-01 8.326973342623395169e+00 4.315983005625517066e+00 -5.659549150279191032e+00 -7.813776741498920764e+00 8.303695435285787241e-01 8.326973342622055796e+00 4.315983005626889302e+00
3.607623792126009032e+00 2.238854381998595322e+00 -2.223935688188900528e+00 -3.613322226093309997e+00 -9.220259842587008592e-03 3.607623792125331796e+00 2.238854381999120680e+00 -2.223935688187898663e+00 -3.613322226093216294e+00 -9.220259843531142252e-03 3.607623792124654116e+00 2.238854381999646037e+00 -2.223935688186896353e+00 -3.613322226093122147e+00 -9.220259844474609778e-03 3.607623792123976436e+00 2.238854382000170951e+00 -2.223935688185894044e+00 -3.613322226093028444e+00 -9.220259845418965483e-03
9.973935688193758864e+00 1.144029556871587161e+01 -2.903444185381184095e+00 -1.323472275971944612e+01 -5.276064311808444707e+00 9.973935688190511684e+00 1.144029556871634412e+01 -2.903444185377647813e+00 -1.323472275971773016e+01 -5.276064311810921836e+00 9.973935688187264503e+00 1.144029556871681130e+01 -2.903444185374108422e+00 -1.323472275971601242e+01 -5.276064311813396301e+00 9.973935688184017323e+00 1.144029556871728026e+01 -2.903444185370571695e+00 -1.323472275971429823e+01 -5.276064311815874319e+00
7.014918693816908579e+00 8.032875042060265258e+00 -2.050328890441970309e+00 -9.300047984469088647e+00 -3.697416860965727636e+00 7.014918693814629513e+00 8.032875042060599213e+00 -2.050328890439485185e+00 -9.300047984467886053e+00 -3.697416860967469354e+00 7.014918693812348671e+00 8.032875042060929616e+00 -2.050328890436997842e+00 -9.300047984466681683e+00 -3.697416860969210184e+00 7.014918693810066941e+00 8.032875042061263571e+00 -2.050328890434512275e+00 -9.300047984465479090e+00 -3.697416860970953234e+00
9.744098300571906179e+00 1.719890603215436542e+01 8.854101966169021232e-01 -1.665169243665859256e+01 -1.117672209268278927e+01 9.744098300567157978e+00 1.719890603215370106e+01 8.854101966212363228e-01 -1.665169243665524590e+01 -1.117672209268505412e+01 9.744098300562409776e+00 1.719890603215302960e+01 8.854101966255745193e-01 -1.665169243665189569e+01 -1.117672209268731898e+01 9.744098300557659798e+00 1.719890603215236169e+01 8.854101966299083859e-01 -1.665169243664854903e+01 -1.117672209268958738e+01
-6.500000000010457413e-01 -1.802583139031853854e+00 -4.640576474682920893e-01 1.515779740157018551e+00 1.400861046343917504e+00 -6.500000000005576872e-01 -1.802583139031686876e+00 -4.640576474686768371e-01 1.515779740156613764e+00 1.400861046344051841e+00 -6.500000000000691891e-01 -1.802583139031519455e+00 -4.640576474690620290e-01 1.515779740156208311e+00 1.400861046344186178e+00 -6.499999999995806910e-01 -1.802583139031352255e+00 -4.640576474694467213e-01 1.515779740155803523e+00 1.400861046344320959e+00
-6.739589803381734079e+00 -1.155574641843650596e+01 -4.022542485881213103e-01 1.130713962068947431e+01 7.390450849715716863e+00 -6.739589803378539301e+00 -1.155574641843610983e+01 -4.022542485910694521e-01 1.130713962068725564e+01 7.390450849717292492e+00 -6.739589803375342747e+00 -1.155574641843571015e+01 -4.022542485940202583e-01 1.130713962068503342e+01 7.390450849718868120e+00 -6.739589803372147969e+00 -1.155574641843531225e+01 -4.022542485969682891e-01 1.130713962068281475e+01 7.390450849720445525e+00
-6.282827057600588461e+00 -1.204931256309311927e+01 -1.164057647463322853e+00 1.132988537209593716e+01 8.166311896059736952e+00 -6.282827057597275555e+00 -1.204931256309250998e+01 -1.164057647466257617e+00 1.132988537209351421e+01 8.166311896061174025e+00 -6.282827057593962650e+00 -1.204931256309190069e+01 -1.164057647469194823e+00 1.132988537209108770e+01 8.166311896062609321e+00 -6.282827057590648856e+00 -1.204931256309128784e+01 -1.164057647472129586e+00 1.132988537208866475e+01 8.166311896064048170e+00
-9.049138953664018103e+00 -1.343869910099818021e+01 7.435661446630041915e-01 1.389824825128312824e+01 7.846023658714925020e+00 -9.049138953660271767e+00 -1.343869910099803633e+01 7.435661446593491153e-01 1.389824825128072483e+01 7.846023658717093952e+00 -9.049138953656523654e+00 -1.343869910099788889e+01 7.435661446556908194e-01 1.389824825127831609e+01 7.846023658719261995e+00 -9.049138953652777317e+00 -1.343869910099774145e+01 7.435661446520356321e-01 1.389824825127591268e+01 7.846023658721432703e+00
-8.600000000007316459e+00 -1.287968210662338286e+01 6.399186938188001772e-01 1.327517360943934577e+01 7.564589803371448262e+00 -8.600000000003728218e+00 -1.287968210662322655e+01 6.399186938153107462e-01 1.327517360943703117e+01 7.564589803373507060e+00 -8.600000000000138201e+00 -1.287968210662306667e+01 6.399186938118182066e-01 1.327517360943471303e+01 7.564589803375564081e+00 -8.599999999996546407e+00 -1.287968210662290680e+01 6.399186938083286647e-01 1.327517360943239666e+01 7.564589803377624655e+00
1.918348483848416208e+01 2.776612695902727879e+01 -2.023074641857461664e+00 -2.901645584947220158e+01 -1.591008130617951544e+01 1.918348483847641006e+01 2.776612695902710826e+01 -2.023074641849818889e+00 -2.901645584946730594e+01 -1.591008130618413396e+01 1.918348483846865449e+01 2.776612695902693417e+01 -2.023074641842169008e+00 -2.901645584946239964e+01 -1.591008130618874716e+01 1.918348483846089891e+01 2.776612695902675654e+01 -2.023074641834525789e+00 -2.901645584945750400e+01 -1.591008130619336569e+01
-4.523606797753452646e+00 -6.237586804717802025e+00 6.685661446592970902e-01 6.650783405844515883e+00 3.441844051966971296e+00 -4.523606797751706488e+00 -6.237586804717818900e+00 6.685661446575399403e-01 6.650783405843447404e+00 3.441844051968068197e+00 -4.523606797749957664e+00 -6.237586804717835776e+00 6.685661446557814580e-01 6.650783405842377149e+00 3.441844051969163765e+00 -4.523606797748210617e+00 -6.237586804717851763e+00 6.685661446540243080e-01 6.650783405841308671e+00 3.441844051970261109e+00
1.814045084973533051e+01 2.948051349693410472e+01 7.950849717314389942e-02 -2.943137454328542191e+01 -1.826909830055434369e+01 1.814045084972715927e+01 2.948051349693334089e+01 7.950849718084218587e-02 -2.943137454327989744e+01 -1.826909830055863182e+01 1.814045084971897737e+01 2.948051349693256995e+01 7.950849718854724468e-02 -2.943137454327436942e+01 -1.826909830056290929e+01 1.814045084971080257e+01 2.948051349693179901e+01 7.950849719624542011e-02 -2.943137454326884495e+01 -1.826909830056719741e+01
-5.447745751411177118e+00 -9.044146285030411292e+00 -1.418440519646816111e-01 8.956481839813836388e+00 5.677254248591549590e+00 -5.447745751408672454e+00 -9.044146285030146615e+00 -1.418440519670213784e-01 8.956481839812125756e+00 5.677254248592830344e+00 -5.447745751406166903e+00 -9.044146285029878385e+00 -1.418440519693631718e-01 8.956481839810411572e+00 5.677254248594111097e+00 -5.447745751403660464e+00 -9.044146285029611931e+00 -1.418440519717028281e-01 8.956481839808699164e+00 5.677254248595394515e+00
2.788525491563750958e+00 2.557952682561580371e+00 -1.207623792126396589e+00 -3.304305231718721370e+00 -8.345491502801913875e-01 2.788525491563011105e+00 2.557952682561831725e+00 -1.207623792125501305e+00 -3.304305231718419389e+00 -8.345491502809001538e-01 2.788525491562270808e+00 2.557952682562083080e+00 -1.207623792124605577e+00 -3.304305231718116964e+00 -8.345491502816083651e-01 2.788525491561530067e+00 2.557952682562334434e+00 -1.207623792123710071e+00 -3.304305231717814983e+00 -8.345491502823173535e-01
-5.365450849723819360e+00 -8.993285238686592464e+00 -1.927050983081679547e-01 8.874186938126358726e+00 5.677254248591333763e+00 -5.365450849721329796e+00 -8.993285238686315353e+00 -1.927050983104848791e-01 8.874186938124648094e+00 5.677254248592593200e+00 -5.365450849718839343e+00 -8.993285238686036465e+00 -1.927050983128038575e-01 8.874186938122935686e+00 5.677254248593852637e+00 -5.365450849716348891e+00 -8.993285238685757577e+00 -1.927050983151206986e-01 8.874186938121225054e+00 5.677254248595113850e+00
-1.188368810394827868e+01 -1.889054681865403396e+01 2.086881039468413412e-01 1.901952315994017084e+01 1.154602365871354763e+01 -1.188368810394303310e+01 -1.889054681865361118e+01 2.086881039418598260e-01 1.901952315993666787e+01 1.154602365871636493e+01 -1.188368810393778574e+01 -1.889054681865318486e+01 2.086881039368740365e-01 1.901952315993315779e+01 1.154602365871918046e+01 -1.188368810393254016e+01 -1.889054681865276208e+01 2.086881039318925768e-01 1.901952315992965836e+01 1.154602365872199776e+01
-2.184549150282931507e+00 -2.976518827218200158e+00 3.449593469077720242e-01 3.189715428344071402e+00 1.626393202249068803e+00 -2.184549150282097063e+00 -2.976518827218215701e+00 3.449593469069287544e-01 3.189715428343565140e+00 1.626393202249599490e+00 -2.184549150281262619e+00 -2.976518827218229912e+00 3.449593469060847628e-01 3.189715428343058434e+00 1.626393202250129288e+00 -2.184549150280427732e+00 -2.976518827218244567e+00 3.449593469052413819e-01 3.189715428342552173e+00 1.626393202250660197e+00
-1.235835921351279509e+01 -2.251514028771706322e+01 -1.556762745770802425e+00 2.155300799841001336e+01 1.487725424858822443e+01 -1.235835921350658850e+01 -2.251514028771608977e+01 -1.556762745776402390e+00 2.155300799840557602e+01 1.487725424859108081e+01 -1.235835921350038014e+01 -2.251514028771510567e+01 -1.556762745782006574e+00 2.155300799840113513e+01 1.487725424859393542e+01 -1.235835921349417355e+01 -2.251514028771412868e+01 -1.556762745787605873e+00 2.155300799839669779e+01 1.487725424859679535e+01
-5.321559063439056103e-04 1.458980337529360710e-02 9.549150281454463207e-03 -8.688103937672728497e-03 -1.491869381272831023e-02 -5.321559063477124610e-04 1.458980337529074134e-02 9.549150281456494568e-03 -8.688103937668605059e-03 -1.491869381272779155e-02 -5.321559063515175769e-04 1.458980337528787037e-02 9.549150281458527664e-03 -8.688103937664478152e-03 -1.491869381272727287e-02 -5.321559063553218255e-04 1.458980337528499767e-02 9.549150281460555556e-03 -8.688103937660352979e-03 -1.491869381272675592e-02
