1.131824566958611200e+01 1.754878304280283885e+01 9.311586066893690727e+00 -6.602357111658267108e+00 -1.707312234809589313e+01 -1.346830194193364072e+01 1.240183838314281140e+00 1.492622548251883785e+01 1.630664658371932063e+01 4.243387269992774158e+00 -1.131824566958446887e+01 -1.754878304280274293e+01 -9.311586066895229052e+00 6.602357111656369071e+00 1.707312234809518259e+01 1.346830194193472430e+01 -1.240183838312307607e+00 -1.492622548251758730e+01 -1.630664658371983577e+01 -4.243387269994636668e+00
9.904153614606457268e+00 1.409410036244034536e+01 6.664455060138671172e+00 -6.259563564609280206e+00 -1.402301335826803452e+01 -1.022547732477155868e+01 2.002243819964196980e+00 1.257925610250896753e+01 1.278555862376574659e+01 2.451069500231979337e+00 -9.904153614605192502e+00 -1.409410036244038089e+01 -6.664455060139983900e+00 6.259563564607777408e+00 1.402301335826756734e+01 1.022547732477253035e+01 -2.002243819962598259e+00 -1.257925610250804560e+01 -1.278555862376626706e+01 -2.451069500233522103e+00
1.210874994137450678e+01 2.577890077904301691e+01 1.819616545509081362e+01 -4.388025373490369141e+00 -2.335459865753646369e+01 -2.306695195472907045e+01 -3.762229691121548925e+00 1.864418569837271633e+01 2.567978448013329995e+01 1.154421150057071799e+01 -1.210874994137179073e+01 -2.577890077904225308e+01 -1.819616545509265038e+01 4.388025373487462133e+00 2.335459865753484721e+01 2.306695195473011140e+01 3.762229691124371556e+00 -1.864418569837041773e+01 -2.567978448013344561e+01 -1.154421150057318712e+01
3.618913560912879746e+00 3.168673289840930440e+00 1.060852972903265634e-01 -3.043962543376286689e+00 -3.684477880344913636e+00 -1.287400977552924930e+00 2.171047263559836793e+00 3.839620104653762134e+00 2.342696880282559846e+00 -1.085614751010366641e+00 -3.618913560912687899e+00 -3.168673289841130725e+00 -1.060852972907533331e-01 3.043962543375985152e+00 3.684477880344986467e+00 1.287400977553313286e+00 -2.171047263559453544e+00 -3.839620104653697741e+00 -2.342696880282864935e+00 1.085614751009938317e+00
-5.455569558544365982e+00 -1.404088830560545809e+01 -1.105048459169735864e+01 1.050264558235399770e+00 1.228514462836982091e+01 1.339178911143655704e+01 3.457847654657095759e+00 -9.326845399273347326e+00 -1.442221200686679516e+01 -7.627481646870375442e+00 5.455569558542812558e+00 1.404088830560488432e+01 1.105048459169825037e+01 -1.050264558233785950e+00 -1.228514462836879773e+01 -1.339178911143698514e+01 -3.457847654658614545e+00 9.326845399271975978e+00 1.442221200686672056e+01 7.627481646871653531e+00
-6.104853739609719554e+00 -1.466063487015987477e+01 -1.112975619224003943e+01 1.576821767340597535e+00 1.298342135291314925e+01 1.368610542374269556e+01 3.105560505879082278e+00 -1.003530009282724933e+01 -1.490276329966553170e+01 -7.483948879070838167e+00 6.104853739608123497e+00 1.466063487015932942e+01 1.112975619224100754e+01 -1.576821767338923319e+00 -1.298342135291213140e+01 -1.368610542374319294e+01 -3.105560505880674782e+00 1.003530009282586377e+01 1.490276329966550684e+01 7.483948879072197080e+00
-8.943696490379180020e+00 -1.803982017334354992e+01 -1.226338401342031226e+01 3.623347640767820010e+00 1.652288462776444078e+01 1.580046817829235550e+01 2.051679721269396239e+00 -1.338857401311291184e+01 -1.779089242953765648e+01 -7.525874377295490802e+00 8.943696490377311292e+00 1.803982017334308097e+01 1.226338401342163920e+01 -3.623347640765798072e+00 -1.652288462776337141e+01 -1.580046817829314243e+01 -2.051679721271379542e+00 1.338857401311135042e+01 1.779089242953782346e+01 7.525874377297246731e+00
-9.084988253596701924e+00 -1.711831830987478043e+01 -1.103880183958882810e+01 4.141428461295882713e+00 1.590734298553692483e+01 1.455877475881783667e+01 1.207523203825422442e+00 -1.313924609679869349e+01 -1.665363336770506208e+01 -6.438274084447344059e+00 9.084988253594968199e+00 1.711831830987441805e+01 1.103880183959014261e+01 -4.141428461293980234e+00 -1.590734298553598514e+01 -1.455877475881865557e+01 -1.207523203827314262e+00 1.313924609679727240e+01 1.665363336770529656e+01 6.438274084449044921e+00
2.039758285889682554e+01 4.042842169882899839e+01 2.712887723716928789e+01 -8.536513796306277158e+00 -3.716415106808948821e+01 -3.515256602727947666e+01 -4.160168714055773265e+00 3.026199439293825222e+01 3.973527673230950086e+01 1.644962492508601315e+01 -2.039758285889266531e+01 -4.042842169882798942e+01 -2.712887723717229704e+01 8.536513796301754553e+00 3.716415106808712920e+01 3.515256602728128144e+01 4.160168714060223927e+00 -3.026199439293479543e+01 -3.973527673230992008e+01 -1.644962492508997087e+01
-4.509111142795957150e+00 -7.268487534108920123e+00 -4.035508415245989688e+00 2.524462870141308990e+00 7.003192505304001614e+00 5.708283677024550862e+00 -2.927025827901235111e-01 -6.052376199968442450e+00 -6.822292360544799372e+00 -1.967709472743355059e+00 4.509111142795264371e+00 7.268487534108856174e+00 4.035508415246610525e+00 -2.524462870140517623e+00 -7.003192505303685422e+00 -5.708283677024978076e+00 2.927025827893092735e-01 6.052376199967905990e+00 6.822292360544986778e+00 1.967709472744115784e+00
1.839926160931865695e+01 4.180114852505428047e+01 3.074093565451042309e+01 -5.663011286267475519e+00 -3.739820468977814016e+01 -3.830121507146674276e+01 -7.627574038003301027e+00 2.933446401085192790e+01 4.211230469696991463e+01 2.017151927100074715e+01 -1.839926160931417343e+01 -4.180114852505286649e+01 -3.074093565451328303e+01 5.663011286262728206e+00 3.739820468977536905e+01 3.830121507146827753e+01 7.627574038007858270e+00 -2.933446401084807320e+01 -4.211230469696998568e+01 -2.017151927100467645e+01
-6.726536209856919690e+00 -1.105756524599694579e+01 -6.272411345860875009e+00 3.683903475178801123e+00 1.060309961301910064e+01 8.780787687062693081e+00 -2.806646010853515172e-01 -9.110728713779712606e+00 -1.042963935010937604e+01 -3.150047679667566491e+00 6.726536209855857429e+00 1.105756524599683033e+01 6.272411345861805820e+00 -3.683903475177594089e+00 -1.060309961301860149e+01 -8.780787687063327240e+00 2.806646010841149508e-01 9.110728713778883048e+00 1.042963935010964427e+01 3.150047679668714906e+00
4.590123102461908466e+00 1.612990137613974362e+00 -2.693939472496467591e+00 -4.779905922617991187e+00 -2.925176944824221970e+00 1.341154185590668790e+00 4.501798247505269579e+00 3.951027051768808640e+00 1.429126173714369008e-01 -3.783023194053900529e+00 -4.590123102461994620e+00 -1.612990137614455755e+00 2.693939472495990639e+00 4.779905922617909475e+00 2.925176944824607439e+00 -1.341154185590134995e+00 -4.501798247505028883e+00 -3.951027051769057330e+00 -1.429126173719631465e-01 3.783023194053520388e+00
-6.388215380571709900e+00 -1.171784100999667544e+01 -7.386932888196470870e+00 3.033980587284263564e+00 1.095359097809119575e+01 9.842737885847704149e+00 6.172413648723507062e-01 -9.117127143093973984e+00 -1.133506712084459345e+01 -4.208043431661741884e+00 6.388215380570533952e+00 1.171784100999644984e+01 7.386932888197385694e+00 -3.033980587282965047e+00 -1.095359097809057403e+01 -9.842737885848285018e+00 -6.172413648736485570e-01 9.117127143093020081e+00 1.133506712084477819e+01 4.208043431662916944e+00
-1.182477662345324987e+01 -2.482983759441612293e+01 -1.736444808617721591e+01 4.416704595909311415e+00 2.255659573659300676e+01 2.210016403587635381e+01 3.423705250472671935e+00 -1.807535712702794584e+01 -2.467256194884631171e+01 -1.092897897258109552e+01 1.182477662345064751e+01 2.482983759441540528e+01 1.736444808617899582e+01 -4.416704595906514541e+00 -2.255659573659146844e+01 -2.210016403587737699e+01 -3.423705250475393314e+00 1.807535712702575026e+01 2.467256194884647158e+01 1.092897897258348294e+01
-1.765494154955592254e+00 -3.531156641286221198e+00 -2.385629439609797675e+00 7.266810372113797767e-01 3.239894233196697115e+00 3.082043061309573950e+00 3.832646835395909779e-01 -2.631488403891331984e+00 -3.476764834311601771e+00 -1.455693786703617043e+00 1.765494154955227435e+00 3.531156641286130604e+00 2.385629439610058800e+00 -7.266810372109843152e-01 -3.239894233196489726e+00 -3.082043061309729826e+00 -3.832646835399795004e-01 2.631488403891028227e+00 3.476764834311635965e+00 1.455693786703961434e+00
-1.257315790784964982e+01 -2.930052011218878150e+01 -2.187166930503799733e+01 3.588830791149741017e+00 2.609059292905989125e+01 2.708250070338606363e+01 5.746796088242343004e+00 -2.032673672618404481e+01 -2.964230823800820147e+01 -1.451988652623429132e+01 1.257315790784648435e+01 2.930052011218774410e+01 2.187166930503996909e+01 -3.588830791146405019e+00 -2.609059292905790528e+01 -2.708250070338710103e+01 -5.746796088245531564e+00 2.032673672618130922e+01 2.964230823800820147e+01 1.451988652623702869e+01
-2.757603764735247154e+00 -4.210379677242460872e+00 -2.191994396934952682e+00 1.633535717990216130e+00 4.112330805190264726e+00 3.200799081687592640e+00 -3.495658136556838436e-01 -3.611738341632449334e+00 -3.896287251046032463e+00 -9.686220280876994826e-01 2.757603764734855467e+00 4.210379677242443108e+00 2.191994396935325717e+00 -1.633535717989761604e+00 -4.112330805190099525e+00 -3.200799081687858205e+00 3.495658136552096673e-01 3.611738341632153571e+00 3.896287251046161249e+00 9.686220280881483458e-01
1.059643753608555894e+00 7.075940836022062141e-01 -2.278170197069732117e-01 -9.754090524121732386e-01 -9.188450922139460575e-01 -1.047581362771942692e-01 7.956945170911816634e-01 1.040153141229563261e+00 4.270788359896918185e-01 -5.380918585075999960e-01 -1.059643753608529915e+00 -7.075940836022855951e-01 2.278170197068543068e-01 9.754090524121125094e-01 9.188450922139941301e-01 1.047581362773117308e-01 -7.956945170910918463e-01 -1.040153141229574585e+00 -4.270788359897939035e-01 5.380918585074895288e-01
-1.651349787887535214e+01 -3.834932210762656979e+01 -2.856883406167852257e+01 4.764643434334969285e+00 3.417000834794703934e+01 3.540461052093353089e+01 7.450607506780962730e+00 -2.664589609472241705e+01 -3.877473702397227129e+01 -1.893654107369794559e+01 1.651349787887121323e+01 3.834932210762521976e+01 2.856883406168110895e+01 -4.764643434330605665e+00 -3.417000834794444586e+01 -3.540461052093489513e+01 -7.450607506785137168e+00 2.664589609471884302e+01 3.877473702397227839e+01 1.893654107370153028e+01
