1.094999999999490825e+01 -1.094999999999664553e+01 1.094999999999838636e+01 -1.095000000000012719e+01 1.095000000000186269e+01 -1.095000000000360174e+01 1.095000000000534079e+01 -1.095000000000707985e+01 1.095000000000881535e+01 -1.095000000001055618e+01 1.095000000001229346e+01 -1.095000000001403428e+01 1.095000000001576979e+01 -1.095000000001751062e+01 1.095000000001924612e+01 -1.095000000002098872e+01 1.095000000002272422e+01 -1.095000000002446505e+01 1.095000000002620055e+01 -1.095000000002794138e+01
-1.500000000010925372e-01 1.500000000011163515e-01 -1.500000000011401657e-01 1.500000000011640355e-01 -1.500000000011878221e-01 1.500000000012116363e-01 -1.500000000012354506e-01 1.500000000012592649e-01 -1.500000000012830514e-01 1.500000000013068935e-01 -1.500000000013306800e-01 1.500000000013545498e-01 -1.500000000013783086e-01 1.500000000014021784e-01 -1.500000000014259371e-01 1.500000000014498069e-01 -1.500000000014735657e-01 1.500000000014974355e-01 -1.500000000015212220e-01 1.500000000015450363e-01
-7.249999999996514788e+00 7.249999999997665867e+00 -7.249999999998817835e+00 7.249999999999970690e+00 -7.250000000001119993e+00 7.250000000002271072e+00 -7.250000000003422151e+00 7.250000000004573231e+00 -7.250000000005722534e+00 7.250000000006875389e+00 -7.250000000008024692e+00 7.250000000009178436e+00 -7.250000000010327739e+00 7.250000000011480594e+00 -7.250000000012629897e+00 7.250000000013782753e+00 -7.250000000014932056e+00 7.250000000016084911e+00 -7.250000000017234214e+00 7.250000000018385293e+00
-7.599999999997193889e+00 7.599999999998400035e+00 -7.599999999999607070e+00 7.600000000000815881e+00 -7.600000000002020251e+00 7.600000000003227285e+00 -7.600000000004433431e+00 7.600000000005641354e+00 -7.600000000006845724e+00 7.600000000008054535e+00 -7.600000000009258905e+00 7.600000000010467716e+00 -7.600000000011672086e+00 7.600000000012880896e+00 -7.600000000014086154e+00 7.600000000015294077e+00 -7.600000000016499335e+00 7.600000000017708146e+00 -7.600000000018912516e+00 7.600000000020119550e+00
-9.349999999996889244e+00 9.349999999998374278e+00 -9.349999999999859313e+00 9.350000000001346123e+00 -9.350000000002827605e+00 9.350000000004312639e+00 -9.350000000005797673e+00 9.350000000007282708e+00 -9.350000000008764189e+00 9.350000000010251000e+00 -9.350000000011734258e+00 9.350000000013221069e+00 -9.350000000014702550e+00 9.350000000016189361e+00 -9.350000000017672619e+00 9.350000000019159430e+00 -9.350000000020640911e+00 9.350000000022127722e+00 -9.350000000023609203e+00 9.350000000025096014e+00
-8.099999999996876809e+00 8.099999999998162892e+00 -8.099999999999448974e+00 8.100000000000736833e+00 -8.100000000002021139e+00 8.100000000003307221e+00 -8.100000000004593304e+00 8.100000000005879386e+00 -8.100000000007163692e+00 8.100000000008451551e+00 -8.100000000009735857e+00 8.100000000011023715e+00 -8.100000000012308021e+00 8.100000000013595880e+00 -8.100000000014880186e+00 8.100000000016168045e+00 -8.100000000017452351e+00 8.100000000018740209e+00 -8.100000000020024515e+00 8.100000000021312374e+00
1.644999999999475548e+01 -1.644999999999736318e+01 1.644999999999997797e+01 -1.645000000000259277e+01 1.645000000000520046e+01 -1.645000000000781526e+01 1.645000000001042650e+01 -1.645000000001303775e+01 1.645000000001564544e+01 -1.645000000001826024e+01 1.645000000002086793e+01 -1.645000000002348628e+01 1.645000000002609397e+01 -1.645000000002870877e+01 1.645000000003131646e+01 -1.645000000003393126e+01 1.645000000003653895e+01 -1.645000000003915730e+01 1.645000000004176499e+01 -1.645000000004437624e+01
-4.099999999998463096e+00 4.099999999999113243e+00 -4.099999999999764277e+00 4.100000000000417089e+00 -4.100000000001066347e+00 4.100000000001718270e+00 -4.100000000002368417e+00 4.100000000003019451e+00 -4.100000000003669598e+00 4.100000000004321521e+00 -4.100000000004971668e+00 4.100000000005623590e+00 -4.100000000006273737e+00 4.100000000006925660e+00 -4.100000000007575807e+00 4.100000000008227730e+00 -4.100000000008877876e+00 4.100000000009529799e+00 -4.100000000010179946e+00 4.100000000010830981e+00
1.904999999999234461e+01 -1.904999999999536797e+01 1.904999999999839488e+01 -1.905000000000142535e+01 1.905000000000444516e+01 -1.905000000000746851e+01 1.905000000001049187e+01 -1.905000000001351879e+01 1.905000000001653859e+01 -1.905000000001956906e+01 1.905000000002258886e+01 -1.905000000002561933e+01 1.905000000002863914e+01 -1.905000000003166605e+01 1.905000000003468585e+01 -1.905000000003771632e+01 1.905000000004073613e+01 -1.905000000004376659e+01 1.905000000004678640e+01 -1.905000000004981331e+01
-5.899999999998174260e+00 5.899999999999110400e+00 -5.900000000000047429e+00 5.900000000000985345e+00 -5.900000000001920597e+00 5.900000000002858513e+00 -5.900000000003794653e+00 5.900000000004731682e+00 -5.900000000005666934e+00 5.900000000006604850e+00 -5.900000000007540990e+00 5.900000000008478906e+00 -5.900000000009414158e+00 5.900000000010352075e+00 -5.900000000011287327e+00 5.900000000012226131e+00 -5.900000000013161383e+00 5.900000000014099300e+00 -5.900000000015034551e+00 5.900000000015971580e+00
6.000000000001368683e-01 -6.000000000002320144e-01 6.000000000003273826e-01 -6.000000000004227507e-01 6.000000000005178968e-01 -6.000000000006131540e-01 6.000000000007084111e-01 -6.000000000008037793e-01 6.000000000008988144e-01 -6.000000000009942935e-01 6.000000000010893286e-01 -6.000000000011848078e-01 6.000000000012798429e-01 -6.000000000013753221e-01 6.000000000014704682e-01 -6.000000000015658363e-01 6.000000000016609825e-01 -6.000000000017563506e-01 6.000000000018514967e-01 -6.000000000019467539e-01
-5.749999999998027356e+00 5.749999999998939515e+00 -5.749999999999853451e+00 5.750000000000767386e+00 -5.750000000001678657e+00 5.750000000002592593e+00 -5.750000000003504752e+00 5.750000000004418688e+00 -5.750000000005329959e+00 5.750000000006243894e+00 -5.750000000007156054e+00 5.750000000008069989e+00 -5.750000000008981260e+00 5.750000000009896084e+00 -5.750000000010807355e+00 5.750000000011722179e+00 -5.750000000012633450e+00 5.750000000013548274e+00 -5.750000000014459545e+00 5.750000000015372592e+00
-1.189999999999640323e+01 1.189999999999829150e+01 -1.190000000000018154e+01 1.190000000000207514e+01 -1.190000000000396163e+01 1.190000000000585167e+01 -1.190000000000773994e+01 1.190000000000962999e+01 -1.190000000001151648e+01 1.190000000001341007e+01 -1.190000000001529479e+01 1.190000000001718838e+01 -1.190000000001907488e+01 1.190000000002096670e+01 -1.190000000002285319e+01 1.190000000002474501e+01 -1.190000000002663150e+01 1.190000000002852509e+01 -1.190000000003041158e+01 1.190000000003230163e+01
-2.049999999999450040e+00 2.049999999999775113e+00 -2.050000000000100631e+00 2.050000000000426592e+00 -2.050000000000751665e+00 2.050000000001077627e+00 -2.050000000001402700e+00 2.050000000001728218e+00 -2.050000000002053291e+00 2.050000000002379252e+00 -2.050000000002704326e+00 2.050000000003030287e+00 -2.050000000003355360e+00 2.050000000003681322e+00 -2.050000000004006395e+00 2.050000000004332357e+00 -2.050000000004657430e+00 2.050000000004983391e+00 -2.050000000005308465e+00 2.050000000005633982e+00
-1.419999999999497575e+01 1.419999999999722817e+01 -1.419999999999948415e+01 1.420000000000174190e+01 -1.420000000000399432e+01 1.420000000000625029e+01 -1.420000000000850271e+01 1.420000000001075868e+01 -1.420000000001300933e+01 1.420000000001526708e+01 -1.420000000001751950e+01 1.420000000001977725e+01 -1.420000000002202789e+01 1.420000000002428564e+01 -1.420000000002653806e+01 1.420000000002879581e+01 -1.420000000003104645e+01 1.420000000003330420e+01 -1.420000000003555485e+01 1.420000000003781082e+01
-8.500000000004981349e-01 8.500000000006330270e-01 -8.500000000007680301e-01 8.500000000009032552e-01 -8.500000000010380363e-01 8.500000000011730394e-01 -8.500000000013079315e-01 8.500000000014429347e-01 -8.500000000015777157e-01 8.500000000017128299e-01 -8.500000000018476110e-01 8.500000000019827251e-01 -8.500000000021175062e-01 8.500000000022527313e-01 -8.500000000023874014e-01 8.500000000025226266e-01 -8.500000000026572966e-01 8.500000000027925218e-01 -8.500000000029273028e-01 8.500000000030623060e-01
-1.249999999999627853e+00 1.249999999999826361e+00 -1.250000000000024869e+00 1.250000000000223599e+00 -1.250000000000421885e+00 1.250000000000620393e+00 -1.250000000000818678e+00 1.250000000001017408e+00 -1.250000000001215472e+00 1.250000000001414202e+00 -1.250000000001612488e+00 1.250000000001811218e+00 -1.250000000002009282e+00 1.250000000002208234e+00 -1.250000000002406297e+00 1.250000000002605027e+00 -1.250000000002803313e+00 1.250000000003002043e+00 -1.250000000003200107e+00 1.250000000003398615e+00
-1.849999999999337419e+01 1.849999999999631228e+01 -1.849999999999925038e+01 1.850000000000219202e+01 -1.850000000000512657e+01 1.850000000000806466e+01 -1.850000000001099920e+01 1.850000000001393730e+01 -1.850000000001687184e+01 1.850000000001981348e+01 -1.850000000002274447e+01 1.850000000002568612e+01 -1.850000000002862066e+01 1.850000000003156231e+01 -1.850000000003449330e+01 1.850000000003743850e+01 -1.850000000004036949e+01 1.850000000004331113e+01 -1.850000000004624567e+01 1.850000000004918377e+01
-6.549999999997507594e+00 6.549999999998546762e+00 -6.549999999999587708e+00 6.550000000000628653e+00 -6.550000000001666933e+00 6.550000000002707878e+00 -6.550000000003747047e+00 6.550000000004787992e+00 -6.550000000005826273e+00 6.550000000006868106e+00 -6.550000000007906387e+00 6.550000000008947332e+00 -6.550000000009985612e+00 6.550000000011027446e+00 -6.550000000012065726e+00 6.550000000013107559e+00 -6.550000000014145840e+00 6.550000000015187673e+00 -6.550000000016225954e+00 6.550000000017266011e+00
1.799999999998430189e+00 -1.799999999998715738e+00 1.799999999999001732e+00 -1.799999999999287947e+00 1.799999999999573275e+00 -1.799999999999859268e+00 1.800000000000144817e+00 -1.800000000000430811e+00 1.800000000000716138e+00 -1.800000000001002354e+00 1.800000000001287681e+00 -1.800000000001573897e+00 1.800000000001859224e+00 -1.800000000002145661e+00 1.800000000002430989e+00 -1.800000000002717204e+00 1.800000000003002532e+00 -1.800000000003288747e+00 1.800000000003574074e+00 -1.800000000003860068e+00
