4.266143278727613364e+01 4.121682912487317907e+01 3.573763505319286082e+01 2.676019226376111249e+01 1.516327540632944881e+01 2.082071503374198329e+00 -1.120294006497650230e+01 -2.339132980429411646e+01 -3.329001320538943531e+01 -3.993003816878053414e+01 -4.266143278727638943e+01 -4.121682912487331407e+01 -3.573763505319287503e+01 -2.676019226376099525e+01 -1.516327540632921433e+01 -2.082071503373867927e+00 1.120294006497690908e+01 2.339132980429455344e+01 3.329001320538984743e+01 3.993003816878088941e+01
5.851366231443364541e+01 5.744666098818863986e+01 5.075638022999712007e+01 3.909771133439782886e+01 2.361188604361473153e+01 5.814764833198912797e+00 -1.255154607293928848e+01 -2.968922419769444332e+01 -4.392071420099083667e+01 -5.385293868468439626e+01 -5.851366231443401489e+01 -5.744666098818886724e+01 -5.075638022999716981e+01 -3.909771133439770097e+01 -2.361188604361443311e+01 -5.814764833198477589e+00 1.255154607293983915e+01 2.968922419769504373e+01 4.392071420099141221e+01 5.385293868468489364e+01
4.510539656008131004e+01 4.280457998616119397e+01 3.631375288615009822e+01 2.626828264084874931e+01 1.365148986877401960e+01 -3.016058471791662754e-01 -1.422517828139896068e+01 -2.675629115279039283e+01 -3.666831182410439993e+01 -4.299098265092382576e+01 -4.510539656008155873e+01 -4.280457998616131476e+01 -3.631375288615009822e+01 -2.626828264084860365e+01 -1.365148986877375137e+01 3.016058471795322049e-01 1.422517828139940299e+01 2.675629115279085823e+01 3.666831182410482626e+01 4.299098265092418103e+01
2.493557530425114166e+01 2.429017238651121602e+01 2.126707815599703366e+01 1.616221413912735372e+01 9.475279993552426561e+00 1.860839424050908519e+00 -5.935753073507359368e+00 -1.315131270340723546e+01 -1.907953021531401561e+01 -2.314011037484210220e+01 -2.493557530425129443e+01 -2.429017238651130484e+01 -2.126707815599704787e+01 -1.616221413912729332e+01 -9.475279993552295110e+00 -1.860839424050718449e+00 5.935753073507595623e+00 1.315131270340749303e+01 1.907953021531426074e+01 2.314011037484230826e+01
3.677154318282999412e+01 2.262526897026658190e+01 6.264275791375119695e+00 -1.070990834775203382e+01 -2.663573203748199703e+01 -3.995426469332564778e+01 -4.936179554325548224e+01 -5.393744992155873064e+01 -5.323333089722840583e+01 -4.731836254625164173e+01 -3.677154318282985912e+01 -2.262526897026629769e+01 -6.264275791374721791e+00 1.070990834775253120e+01 2.663573203748252993e+01 3.995426469332618069e+01 4.936179554325596541e+01 5.393744992155909301e+01 5.323333089722861189e+01 4.731836254625169147e+01
1.002716226449983594e+00 -1.106897470593400179e+01 -2.205715727201951637e+01 -3.088623160306838500e+01 -3.669194638777945983e+01 -3.890599781223176734e+01 -3.731165909679654646e+01 -3.206499522335160179e+01 -2.367958620748645870e+01 -1.297625430825404713e+01 -1.002716226449662074e+00 1.106897470593437838e+01 2.205715727201990006e+01 3.088623160306875448e+01 3.669194638777977957e+01 3.890599781223200893e+01 3.731165909679667436e+01 3.206499522335160179e+01 2.367958620748633081e+01 1.297625430825381443e+01
5.719032051736707700e-01 -1.264417523464761395e+01 -2.462255370535250876e+01 -3.419070506395814846e+01 -4.041203199025368775e+01 -4.267754765815978146e+01 -4.076548760932596593e+01 -3.486301760343778966e+01 -2.554791252959832093e+01 -1.373199977458835441e+01 -5.719032051733154987e-01 1.264417523464802784e+01 2.462255370535292798e+01 3.419070506395854636e+01 4.041203199025402881e+01 4.267754765816003726e+01 4.076548760932610804e+01 3.486301760343778255e+01 2.554791252959817882e+01 1.373199977458809506e+01
-1.221277853408860103e+01 -3.052462950654004814e+01 -4.584851706529185833e+01 -5.668443232829068279e+01 -6.197168041133316052e+01 -6.119270863362754653e+01 -5.442376818019117479e+01 -4.232745010458769741e+01 -2.608782630006101755e+01 -7.294544292710486211e+00 1.221277853408918190e+01 3.052462950654067697e+01 4.584851706529246229e+01 5.668443232829122280e+01 6.197168041133357974e+01 6.119270863362781654e+01 5.442376818019124585e+01 4.232745010458756241e+01 2.608782630006068359e+01 7.294544292710012812e+00
-1.179257068420171706e+01 -2.750409224107125894e+01 -4.052332161710587854e+01 -4.957584593067432621e+01 -5.377554102931888735e+01 -5.271131149578789632e+01 -4.648733153174651989e+01 -3.571284766109344844e+01 -2.144254143533156309e+01 -5.073289854908347607e+00 1.179257068420222510e+01 2.750409224107180606e+01 4.052332161710639014e+01 4.957584593067478806e+01 5.377554102931924263e+01 5.271131149578811659e+01 4.648733153174657673e+01 3.571284766109330633e+01 2.144254143533126111e+01 5.073289854907930163e+00
3.441847710841089025e+01 6.868775942668261791e+01 9.623340527650987042e+01 1.143590549203115643e+02 1.212904434821253972e+02 1.163490783556972161e+02 1.000186547881170185e+02 7.389770841893101760e+01 4.054313947409004726e+01 3.219925556862113680e+00 -3.441847710841205554e+01 -6.868775942668385426e+01 -9.623340527651100729e+01 -1.143590549203125448e+02 -1.212904434821261361e+02 -1.163490783556976282e+02 -1.000186547881170469e+02 -7.389770841893063391e+01 -4.054313947408930829e+01 -3.219925556861124250e+00
-7.348016739196431502e+00 -1.400851033579996496e+01 -1.929775333770470525e+01 -2.269799778756124198e+01 -2.387640406772148438e+01 -2.271762156104400532e+01 -1.933507997299486547e+01 -1.405988604176535617e+01 -7.408412503781548253e+00 -3.175193248250152145e-02 7.348016739196662428e+00 1.400851033580021010e+01 1.929775333770492907e+01 2.269799778756143738e+01 2.387640406772162294e+01 2.271762156104408348e+01 1.933507997299486547e+01 1.405988604176527446e+01 7.408412503781398151e+00 3.175193248230345766e-02
2.403606363302571225e+01 5.751642985583200129e+01 8.536668718381858412e+01 1.048606583855692236e+02 1.140901377373726859e+02 1.121516794947105353e+02 9.923503345640729378e+01 7.660457093225684844e+01 4.647551926982699655e+01 1.179711996728295986e+01 -2.403606363302678517e+01 -5.751642985583315948e+01 -8.536668718381969256e+01 -1.048606583855702041e+02 -1.140901377373734391e+02 -1.121516794947110185e+02 -9.923503345640740747e+01 -7.660457093225657843e+01 -4.647551926982637838e+01 -1.179711996728208057e+01
-1.064155943537607740e+01 -2.066468354817228104e+01 -2.866500445595692881e+01 -3.385939500676260394e+01 -3.573939206202937413e+01 -3.412096841127803515e+01 -2.916254663766474309e+01 -2.134949161174668930e+01 -1.144659959621605338e+01 -4.232346590587900970e-01 1.064155943537642379e+01 2.066468354817264341e+01 2.866500445595726276e+01 3.385939500676289526e+01 3.573939206202958729e+01 3.412096841127815594e+01 2.916254663766474309e+01 2.134949161174657206e+01 1.144659959621582956e+01 4.232346590584958879e-01
3.410723799604708262e+01 2.917930976670969301e+01 2.139510739320104094e+01 1.151660283956721109e+01 5.107729591062730723e-01 -1.054505493735646304e+01 -2.056865938483276679e+01 -2.857886014144487774e+01 -3.379156294678520567e+01 -3.569651213123096767e+01 -3.410723799604718920e+01 -2.917930976670968946e+01 -2.139510739320093791e+01 -1.151660283956700148e+01 -5.107729591059884111e-01 1.054505493735680233e+01 2.056865938483313272e+01 2.857886014144522235e+01 3.379156294678549699e+01 3.569651213123117373e+01
-3.278771165302307722e+00 -1.311099083310983104e+01 -2.165981536852795841e+01 -2.808842626286701361e+01 -3.176754629102323335e+01 -3.233703755070415298e+01 -2.974115426953326136e+01 -2.423399958965389445e+01 -1.635465218173555257e+01 -6.874397468706773040e+00 3.278771165302597268e+00 1.311099083311015612e+01 2.165981536852827460e+01 2.808842626286730848e+01 3.176754629102347494e+01 3.233703755070431640e+01 2.974115426953332531e+01 2.423399958965385181e+01 1.635465218173540336e+01 6.874397468706547443e+00
-1.663388763902623779e+01 -4.010411237359787151e+01 -5.964866716726048423e+01 -7.335439482188982652e+01 -7.987968322123104770e+01 -7.858579167239905416e+01 -6.959937529526595767e+01 -5.380008713687013255e+01 -3.273447160226880470e+01 -8.464577912762624834e+00 1.663388763902698742e+01 4.010411237359868863e+01 5.964866716726125873e+01 7.335439482189050864e+01 7.987968322123158771e+01 7.858579167239939522e+01 6.959937529526602873e+01 5.380008713686993360e+01 3.273447160226836417e+01 8.464577912762010214e+00
-5.833267785449556264e-01 -2.907822112478611665e+00 -4.947679558054891125e+00 -6.503223655978245255e+00 -7.422186911830912948e+00 -7.614614799336536066e+00 -7.061671136142136262e+00 -5.817481900586216170e+00 -4.003837003821130835e+00 -1.798268644749278611e+00 5.833267785450226839e-01 2.907822112478688048e+00 4.947679558054966620e+00 6.503223655978315421e+00 7.422186911830970679e+00 7.614614799336576922e+00 7.061671136142153138e+00 5.817481900586207288e+00 4.003837003821097973e+00 1.798268644749227096e+00
1.053142180073449552e+01 -2.254016522484245044e+01 -5.340536383164618428e+01 -7.904287332955875911e+01 -9.694311566189232110e+01 -1.053538903908361419e+02 -1.034518922846077658e+02 -9.142330216984488800e+01 -7.044556225509582248e+01 -4.257211988372463196e+01 -1.053142180073367129e+01 2.254016522484344875e+01 5.340536383164722167e+01 7.904287332955979650e+01 9.694311566189324481e+01 1.053538903908368667e+02 1.034518922846082063e+02 9.142330216984495905e+01 7.044556225509555247e+01 4.257211988372406353e+01
-5.879059102467881992e+00 -1.229645585962672882e+01 -1.751018984279956925e+01 -2.100990444349274355e+01 -2.245302321264497536e+01 -2.169828363033194663e+01 -1.881956486545032803e+01 -1.409865596791975761e+01 -7.997672393136940450e+00 -1.113820921453713364e+00 5.879059102468096043e+00 1.229645585962695797e+01 1.751018984279978241e+01 2.100990444349292829e+01 2.245302321264511392e+01 2.169828363033202834e+01 1.881956486545033869e+01 1.409865596791969189e+01 7.997672393136808999e+00 1.113820921453533064e+00
-6.133999183537152788e+00 -1.171105721761475671e+01 -1.614175537549865780e+01 -1.899238605100587662e+01 -1.998390965210597159e+01 -1.901926894037211468e+01 -1.619288966971586419e+01 -1.178143753569136543e+01 -6.216736209571303462e+00 -4.349742871026496260e-02 6.133999183537346411e+00 1.171105721761495921e+01 1.614175537549884254e+01 1.899238605100603650e+01 1.998390965210608883e+01 1.901926894037218219e+01 1.619288966971586063e+01 1.178143753569129792e+01 6.216736209571178229e+00 4.349742871009909528e-02
