4.490576474686622355e+00 1.185661446550412279e-01 -4.298732422719856672e+00 -7.074061313157146813e+00 -7.147339220469318022e+00 -4.490576474687505204e+00 -1.185661446557397802e-01 4.298732422719607094e+00 7.074061313157441688e+00 7.147339220470042775e+00 4.490576474688386277e+00 1.185661446564365562e-01 -4.298732422719354851e+00 -7.074061313157733011e+00 -7.147339220470766641e+00 -4.490576474689267350e+00 -1.185661446571368849e-01 4.298732422719109714e+00 7.074061313158027886e+00 7.147339220471494059e+00
-3.224342219127299458e+00 -1.319885804768888526e+01 -1.813185871471890565e+01 -1.613910563193772063e+01 -7.981762745781377788e+00 3.224342219125869047e+00 1.319885804768868276e+01 1.813185871471999988e+01 1.613910563193969594e+01 7.981762745783486324e+00 -3.224342219124438191e+00 -1.319885804768848026e+01 -1.813185871472109412e+01 -1.613910563194167125e+01 -7.981762745785577096e+00 3.224342219123007336e+00 1.319885804768827064e+01 1.813185871472219191e+01 1.613910563194365366e+01 7.981762745787685631e+00
-4.167908363783515924e+00 -1.612644118671977722e+01 -2.192522159390588499e+01 -1.934931256309361203e+01 -9.382623792125157181e+00 4.167908363781813286e+00 1.612644118671956406e+01 2.192522159390723857e+01 1.934931256309601011e+01 9.382623792127695594e+00 -4.167908363780110648e+00 -1.612644118671935445e+01 -2.192522159390858150e+01 -1.934931256309841174e+01 -9.382623792130210916e+00 4.167908363778408898e+00 1.612644118671913418e+01 2.192522159390993863e+01 1.934931256310081338e+01 9.382623792132749330e+00
-9.670288237346507998e+00 -2.247238720493875874e+01 -2.669079806859339143e+01 -2.071423125690594702e+01 -6.825532155906042675e+00 9.670288237344911053e+00 2.247238720493907138e+01 2.669079806859548043e+01 2.071423125690902367e+01 6.825532155908936360e+00 -9.670288237343312332e+00 -2.247238720493937691e+01 -2.669079806859756587e+01 -2.071423125691209322e+01 -6.825532155911799848e+00 9.670288237341715387e+00 2.247238720493967890e+01 2.669079806859965842e+01 2.071423125691517342e+01 6.825532155914689980e+00
-8.030901699440175179e+00 -1.944984471900135858e+01 -2.343960813181232083e+01 -1.847623792124989350e+01 -6.455572808999860079e+00 8.030901699438725672e+00 1.944984471900157530e+01 2.343960813181410785e+01 1.847623792125257580e+01 6.455572809002420698e+00 -8.030901699437274388e+00 -1.944984471900178846e+01 -2.343960813181589486e+01 -1.847623792125526165e+01 -6.455572809004955559e+00 8.030901699435823105e+00 1.944984471900199807e+01 2.343960813181768899e+01 1.847623792125794751e+01 6.455572809007513513e+00
2.270742052666202682e+01 5.157334422022052678e+01 6.074000333515440531e+01 4.670604565284251919e+01 1.483196601124939207e+01 -2.270742052665846700e+01 -5.157334422022131548e+01 -6.074000333515922989e+01 -4.670604565284953225e+01 -1.483196601125594860e+01 2.270742052665490007e+01 5.157334422022211129e+01 6.074000333516404027e+01 4.670604565285655951e+01 1.483196601126243408e+01 -2.270742052665133670e+01 -5.157334422022288578e+01 -6.074000333516887196e+01 -4.670604565286358678e+01 -1.483196601126898351e+01
-2.748277907313986912e+00 -8.749061313156973441e+00 -1.140800066703110183e+01 -9.709471509781081977e+00 -4.302254248593550656e+00 2.748277907313161350e+00 8.749061313156934361e+00 1.140800066703186033e+01 9.709471509782348519e+00 4.302254248594847397e+00 -2.748277907312334900e+00 -8.749061313156895281e+00 -1.140800066703261706e+01 -9.709471509783616838e+00 -4.302254248596130815e+00 2.748277907311509338e+00 8.749061313156854425e+00 1.140800066703337912e+01 9.709471509784885157e+00 4.302254248597426667e+00
1.549290836378761149e+01 4.410797101100282447e+01 5.587528790681156465e+01 4.630014395340550237e+01 1.903991869381192714e+01 -1.549290836378377989e+01 -4.410797101100288842e+01 -5.587528790681548685e+01 -4.630014395341178357e+01 -1.903991869381818702e+01 1.549290836377994118e+01 4.410797101100294526e+01 5.587528790681938773e+01 4.630014395341805766e+01 1.903991869382438651e+01 -1.549290836377610425e+01 -4.410797101100298789e+01 -5.587528790682330992e+01 -4.630014395342434597e+01 -1.903991869383064284e+01
-6.381762745782694424e+00 -1.286291569515688060e+01 -1.443087204340601915e+01 -1.048672575837498222e+01 -2.537006664343772311e+00 6.381762745781950130e+00 1.286291569515719146e+01 1.443087204340725904e+01 1.048672575837668219e+01 2.537006664345287099e+00 -6.381762745781204060e+00 -1.286291569515750055e+01 -1.443087204340849894e+01 -1.048672575837838394e+01 -2.537006664346785900e+00 6.381762745780459767e+00 1.286291569515780786e+01 1.443087204340974239e+01 1.048672575838008569e+01 2.537006664348298912e+00
1.310787504206150622e+01 1.252279373587332856e+01 7.154430856685996432e+00 -9.466814395943998761e-01 -8.686193602468669894e+00 -1.310787504206216525e+01 -1.252279373587471412e+01 -7.154430856687574725e+00 9.466814395932257042e-01 8.686193602468346597e+00 1.310787504206282073e+01 1.252279373587609435e+01 7.154430856689156570e+00 -9.466814395920479797e-01 -8.686193602468033959e+00 -1.310787504206347620e+01 -1.252279373587747813e+01 -7.154430856690730423e+00 9.466814395908720314e-01 8.686193602467714214e+00
-7.080369543532627929e+00 -1.540230223306283008e+01 -1.784107897456193115e+01 -1.346516994374984932e+01 -3.946023658718923688e+00 7.080369543531624288e+00 1.540230223306311252e+01 1.784107897456338421e+01 1.346516994375192411e+01 3.946023658720830607e+00 -7.080369543530618870e+00 -1.540230223306339674e+01 -1.784107897456483727e+01 -1.346516994375399889e+01 -3.946023658722718430e+00 7.080369543529613452e+00 1.540230223306367563e+01 1.784107897456629743e+01 1.346516994375607901e+01 3.946023658724624461e+00
-1.018647450844170343e+01 -2.809751282990827903e+01 -3.527625624968710838e+01 -2.898066877793714369e+01 -1.161545084971834285e+01 1.018647450843932667e+01 2.809751282990836785e+01 3.527625624968962370e+01 2.898066877794111917e+01 1.161545084972227926e+01 -1.018647450843694457e+01 -2.809751282990845667e+01 -3.527625624969212481e+01 -2.898066877794509466e+01 -1.161545084972617481e+01 1.018647450843456426e+01 2.809751282990853127e+01 3.527625624969464013e+01 2.898066877794907725e+01 1.161545084973010944e+01
-1.342202598443886785e-01 -2.309878040719215875e+00 -3.603240919906417705e+00 -3.520288237343900839e+00 -2.092705098312524825e+00 1.342202598440520589e-01 2.309878040719112846e+00 3.603240919906586459e+00 3.520288237344276538e+00 2.092705098312966250e+00 -1.342202598437155503e-01 -2.309878040719009817e+00 -3.603240919906753881e+00 -3.520288237344652682e+00 -2.092705098313403234e+00 1.342202598433789307e-01 2.309878040718905901e+00 3.603240919906923967e+00 3.520288237345029270e+00 2.092705098313844214e+00
-9.256637120817003961e+00 -3.017251282990888583e+01 -3.956351416396895360e+01 -3.384259780178167176e+01 -1.519495934690663930e+01 9.256637120814112052e+00 3.017251282990871886e+01 3.956351416397156129e+01 3.384259780178605581e+01 1.519495934691114591e+01 -9.256637120811216590e+00 -3.017251282990854833e+01 -3.956351416397415477e+01 -3.384259780179044697e+01 -1.519495934691560990e+01 9.256637120808324681e+00 3.017251282990837069e+01 3.956351416397676957e+01 3.384259780179483812e+01 1.519495934692011474e+01
-4.087993335656645577e+00 -4.902379873562480839e+00 -3.844223925530963371e+00 -1.317705098312192957e+00 1.712132289312866762e+00 4.087993335656694427e+00 4.902379873562859203e+00 3.844223925531524699e+00 1.317705098312725420e+00 -1.712132289312565669e+00 -4.087993335656741500e+00 -4.902379873563235790e+00 -3.844223925532086916e+00 -1.317705098313258771e+00 1.712132289312269906e+00 4.087993335656790350e+00 4.902379873563614154e+00 3.844223925532648245e+00 1.317705098313792345e+00 -1.712132289311970146e+00
-4.727912029469009347e+00 -5.765576474687541975e+00 -4.600986671312353948e+00 -1.678976341281128271e+00 1.884345884812605565e+00 4.727912029469050204e+00 5.765576474687973629e+00 4.600986671313010312e+00 1.678976341281759321e+00 -1.884345884812238081e+00 -4.727912029469090172e+00 -5.765576474688405284e+00 -4.600986671313667564e+00 -1.678976341282392593e+00 1.884345884811877037e+00 4.727912029469131028e+00 5.765576474688836939e+00 4.600986671314323040e+00 1.678976341283025420e+00 -1.884345884811511107e+00
-1.232991502813200668e+01 -4.586838120762845250e+01 -6.188668477474950436e+01 -5.426637820896833375e+01 -2.591815961371855082e+01 1.232991502812726026e+01 4.586838120762791959e+01 6.188668477475336971e+01 5.426637820897511943e+01 2.591815961372569532e+01 -1.232991502812251028e+01 -4.586838120762739379e+01 -6.188668477475722085e+01 -5.426637820898191222e+01 -2.591815961373277233e+01 1.232991502811776741e+01 4.586838120762683957e+01 6.188668477476110041e+01 5.426637820898871922e+01 2.591815961373990973e+01
9.749223594978024821e-01 -1.132352915725131126e+01 -1.929677740853142254e+01 -1.989931256309418472e+01 -1.290098667131309718e+01 -9.749223594997795672e-01 1.132352915725055098e+01 1.929677740853216150e+01 1.989931256309614582e+01 1.290098667131552901e+01 9.749223595017575406e-01 -1.132352915724979070e+01 -1.929677740853289336e+01 -1.989931256309809982e+01 -1.290098667131794485e+01 -9.749223595037355139e-01 1.132352915724902331e+01 1.929677740853363943e+01 1.989931256310006091e+01 1.290098667132038202e+01
-9.756577808742048497e-01 4.467501832843905341e+00 8.204227591218327120e+00 8.807217261187266999e+00 6.046149283687590525e+00 9.756577808751036862e-01 -4.467501832843511878e+00 -8.204227591218586468e+00 -8.807217261188080570e+00 -6.046149283688649234e+00 -9.756577808760020787e-01 4.467501832843119303e+00 8.204227591218842264e+00 8.807217261188892365e+00 6.046149283689700837e+00 9.756577808769009152e-01 -4.467501832842724063e+00 -8.204227591219106941e+00 -8.807217261189707713e+00 -6.046149283690759546e+00
-1.521458980338064748e+01 -4.065956747872115784e+01 -5.057397234506145622e+01 -4.117083872168660008e+01 -1.604184405196812335e+01 1.521458980337730083e+01 4.065956747872135679e+01 5.057397234506511552e+01 4.117083872169231995e+01 1.604184405197374019e+01 -1.521458980337395062e+01 -4.065956747872156285e+01 -5.057397234506876060e+01 -4.117083872169803982e+01 -1.604184405197930374e+01 1.521458980337060218e+01 4.065956747872174759e+01 5.057397234507242700e+01 4.117083872170378100e+01 1.604184405198491348e+01
