-1.315000000002686775e+01 -1.440000000000578240e+01 1.315000000002465264e+01 1.440000000000178915e+01 -1.315000000002243929e+01 -1.439999999999777991e+01 1.315000000002021885e+01 1.439999999999377600e+01 -1.315000000001801261e+01 -1.439999999998978986e+01 1.315000000001580283e+01 1.439999999998578772e+01 -1.315000000001357172e+01 -1.439999999998180158e+01 1.315000000001138680e+01 1.439999999997777280e+01 -1.315000000000915570e+01 -1.439999999997379021e+01 1.315000000000692104e+01 1.439999999996976143e+01
-1.335000000002737153e+01 -1.450000000000574651e+01 1.335000000002511555e+01 1.450000000000171951e+01 -1.335000000002286313e+01 -1.449999999999767653e+01 1.335000000002060183e+01 1.449999999999363887e+01 -1.335000000001835652e+01 -1.449999999998961897e+01 1.335000000001610587e+01 1.449999999998558309e+01 -1.335000000001383569e+01 -1.449999999998156497e+01 1.335000000001160814e+01 1.449999999997750066e+01 -1.335000000000933795e+01 -1.449999999997348432e+01 1.335000000000706422e+01 1.449999999996942179e+01
-1.605000000003231975e+01 -1.705000000000675442e+01 1.605000000002958416e+01 1.705000000000200089e+01 -1.605000000002685567e+01 -1.704999999999722604e+01 1.605000000002411653e+01 1.704999999999246185e+01 -1.605000000002139871e+01 -1.704999999998771187e+01 1.605000000001867022e+01 1.704999999998294768e+01 -1.605000000001592042e+01 -1.704999999997820481e+01 1.605000000001322036e+01 1.704999999997340510e+01 -1.605000000001047056e+01 -1.704999999996866578e+01 1.605000000000771365e+01 1.704999999996386606e+01
1.430000000002572946e+01 1.265000000000322267e+01 -1.430000000002315552e+01 -1.264999999999956515e+01 1.430000000002058513e+01 1.264999999999589164e+01 -1.430000000001800942e+01 -1.264999999999222524e+01 1.430000000001544258e+01 1.264999999998857660e+01 -1.430000000001287752e+01 -1.264999999998490843e+01 1.430000000001028937e+01 1.264999999998126157e+01 -1.430000000000774385e+01 -1.264999999997756674e+01 1.430000000000515570e+01 1.264999999997391988e+01 -1.430000000000256577e+01 -1.264999999997022684e+01
1.305000000002390870e+01 1.195000000000312923e+01 -1.305000000002158345e+01 -1.194999999999969731e+01 1.305000000001925820e+01 1.194999999999625295e+01 -1.305000000001692939e+01 -1.194999999999281393e+01 1.305000000001461125e+01 1.194999999998939266e+01 -1.305000000001228955e+01 -1.194999999998595364e+01 1.305000000000995009e+01 1.194999999998253237e+01 -1.305000000000764970e+01 -1.194999999997906848e+01 1.305000000000531024e+01 1.194999999997564899e+01 -1.305000000000296900e+01 -1.194999999997218509e+01
-4.150000000007924683e+00 -4.400000000001073275e+00 4.150000000007217693e+00 4.399999999999845812e+00 -4.150000000006511591e+00 -4.399999999998613021e+00 4.150000000005802825e+00 4.399999999997383782e+00 -4.150000000005098499e+00 -4.399999999996158095e+00 4.150000000004394174e+00 4.399999999994927968e+00 -4.150000000003681855e+00 -4.399999999993703170e+00 4.150000000002983747e+00 4.399999999992465050e+00 -4.150000000002272316e+00 -4.399999999991240252e+00 4.150000000001559108e+00 4.399999999990002131e+00
-4.900000000009298695e+00 -4.550000000001453770e+00 4.900000000008428280e+00 4.550000000000151701e+00 -4.900000000007559642e+00 -4.549999999998843414e+00 4.900000000006688339e+00 4.549999999997537792e+00 -4.900000000005820588e+00 -4.549999999996238387e+00 4.900000000004952838e+00 4.549999999994933653e+00 -4.900000000004077982e+00 -4.549999999993634248e+00 4.900000000003217338e+00 4.549999999992318855e+00 -4.900000000002341594e+00 -4.549999999991020339e+00 4.900000000001466738e+00 4.549999999989704946e+00
-6.950000000013949908e+00 -7.950000000003251799e+00 6.950000000012797940e+00 7.950000000001064215e+00 -6.950000000011645973e+00 -7.949999999998867750e+00 6.950000000010491341e+00 7.949999999996673949e+00 -6.950000000009342926e+00 -7.949999999994490807e+00 6.950000000008194512e+00 7.949999999992297006e+00 -6.950000000007033663e+00 -7.949999999990113864e+00 6.950000000005896794e+00 7.949999999987907628e+00 -6.950000000004735945e+00 -7.949999999985723598e+00 6.950000000003573319e+00 7.949999999983517363e+00
-2.100000000004000889e+00 -2.350000000000459721e+00 2.100000000003649614e+00 2.349999999999810019e+00 -2.100000000003298783e+00 -2.349999999999158540e+00 2.100000000002947065e+00 2.349999999998507949e+00 -2.100000000002597567e+00 -2.349999999997859579e+00 2.100000000002248068e+00 2.349999999997209432e+00 -2.100000000001893685e+00 -2.349999999996561062e+00 2.100000000001547740e+00 2.349999999995906030e+00 -2.100000000001194245e+00 -2.349999999995258992e+00 2.100000000000840306e+00 2.349999999994603961e+00
-1.800000000003809664e+00 -2.100000000000595612e+00 1.800000000003513456e+00 2.100000000000019629e+00 -1.800000000003217471e+00 -2.099999999999440981e+00 1.800000000002920597e+00 2.099999999998863665e+00 -1.800000000002625722e+00 -2.099999999998288569e+00 1.800000000002330403e+00 2.099999999997711697e+00 -1.800000000002031975e+00 -2.099999999997136602e+00 1.800000000001739764e+00 2.099999999996555733e+00 -1.800000000001441336e+00 -2.099999999995981081e+00 1.800000000001142464e+00 2.099999999995400213e+00
5.600000000010960655e+00 6.150000000001906386e+00 -5.600000000010018297e+00 -6.150000000000201972e+00 5.600000000009076828e+00 6.149999999998490452e+00 -5.600000000008131806e+00 -6.149999999996781597e+00 5.600000000007193002e+00 6.149999999995079847e+00 -5.600000000006254197e+00 -6.149999999993370992e+00 5.600000000005303846e+00 6.149999999991670130e+00 -5.600000000004374812e+00 -6.149999999989949728e+00 5.600000000003425349e+00 6.149999999988249755e+00 -5.600000000002474998e+00 -6.149999999986530241e+00
8.600000000017212543e+00 9.200000000003209166e+00 -8.600000000015752377e+00 -9.200000000000644107e+00 8.600000000014293988e+00 9.199999999998071942e+00 -8.600000000012830270e+00 -9.199999999995505107e+00 8.600000000011375434e+00 9.199999999992948929e+00 -8.600000000009918821e+00 -9.199999999990380317e+00 8.600000000008447998e+00 9.199999999987822363e+00 -8.600000000007005596e+00 -9.199999999985237764e+00 8.600000000005534773e+00 9.199999999982681587e+00 -8.600000000004062173e+00 -9.199999999980096987e+00
-1.620000000003233609e+01 -1.700000000000646239e+01 1.620000000002956497e+01 1.700000000000171241e+01 -1.620000000002679741e+01 -1.699999999999694467e+01 1.620000000002402274e+01 1.699999999999218048e+01 -1.620000000002126228e+01 -1.699999999998743760e+01 1.620000000001850538e+01 1.699999999998267697e+01 -1.620000000001571649e+01 -1.699999999997793410e+01 1.620000000001298091e+01 1.699999999997314148e+01 -1.620000000001019203e+01 -1.699999999996840216e+01 1.620000000000739959e+01 1.699999999996360600e+01
7.200000000012924950e+00 5.550000000001491962e+00 -7.200000000011583801e+00 -5.549999999999837286e+00 7.200000000010244428e+00 5.549999999998174616e+00 -7.200000000008903278e+00 -5.549999999996514610e+00 7.200000000007566570e+00 5.549999999994864375e+00 -7.200000000006228973e+00 -5.549999999993205257e+00 7.200000000004883383e+00 5.549999999991555022e+00 -7.200000000003553779e+00 -5.549999999989882582e+00 7.200000000002209077e+00 5.549999999988233235e+00 -7.200000000000861711e+00 -5.549999999986559907e+00
-1.155000000002294769e+01 -1.180000000000409344e+01 1.155000000002095639e+01 1.180000000000077698e+01 -1.155000000001896687e+01 -1.179999999999744986e+01 1.155000000001697025e+01 1.179999999999412630e+01 -1.155000000001498606e+01 -1.179999999999082050e+01 1.155000000001299831e+01 1.179999999998749871e+01 -1.155000000001099458e+01 -1.179999999998418936e+01 1.155000000000902638e+01 1.179999999998084625e+01 -1.155000000000702087e+01 -1.179999999997753868e+01 1.155000000000501359e+01 1.179999999997419557e+01
-1.125000000002141221e+01 -1.070000000000361773e+01 1.125000000001942801e+01 1.070000000000056950e+01 -1.125000000001744738e+01 -1.069999999999750884e+01 1.125000000001546141e+01 1.069999999999445350e+01 -1.125000000001348432e+01 -1.069999999999141416e+01 1.125000000001150546e+01 1.069999999998835882e+01 -1.125000000000951061e+01 -1.069999999998531592e+01 1.125000000000754952e+01 1.069999999998224105e+01 -1.125000000000555289e+01 -1.069999999997920170e+01 1.125000000000355627e+01 1.069999999997612328e+01
-1.150000000002273381e+01 -1.300000000000488320e+01 1.150000000002081713e+01 1.300000000000129852e+01 -1.150000000001890399e+01 -1.299999999999769962e+01 1.150000000001698552e+01 1.299999999999410605e+01 -1.150000000001507949e+01 -1.299999999999052669e+01 1.150000000001316991e+01 1.299999999998693490e+01 -1.150000000001124079e+01 -1.299999999998335554e+01 1.150000000000935074e+01 1.299999999997974065e+01 -1.150000000000742162e+01 -1.299999999997616307e+01 1.150000000000549072e+01 1.299999999997254641e+01
-5.150000000010313883e+00 -5.200000000001689493e+00 5.150000000009422152e+00 5.200000000000225775e+00 -5.150000000008531309e+00 -5.199999999998755840e+00 5.150000000007637802e+00 5.199999999997287681e+00 -5.150000000006750511e+00 -5.199999999995827515e+00 5.150000000005860556e+00 5.199999999994360245e+00 -5.150000000004962608e+00 -5.199999999992899191e+00 5.150000000004082423e+00 5.199999999991422150e+00 -5.150000000003184475e+00 -5.199999999989961985e+00 5.150000000002287415e+00 5.199999999988484056e+00
-5.100000000010355805e+00 -5.300000000001935163e+00 5.100000000009481838e+00 5.300000000000451017e+00 -5.100000000008607870e+00 -5.299999999998960654e+00 5.100000000007732126e+00 5.299999999997472955e+00 -5.100000000006859935e+00 -5.299999999995992361e+00 5.100000000005987744e+00 5.299999999994504662e+00 -5.100000000005107559e+00 -5.299999999993024069e+00 5.100000000004243361e+00 5.299999999991526600e+00 -5.100000000003362288e+00 -5.299999999990046895e+00 5.100000000002481215e+00 5.299999999988549426e+00
-1.100000000002558487e+00 -1.500000000001268541e+00 1.100000000002389289e+00 1.500000000000867084e+00 -1.100000000002220091e+00 -1.500000000000464295e+00 1.100000000002050227e+00 1.500000000000062172e+00 -1.100000000001882139e+00 -1.499999999999661160e+00 1.100000000001713607e+00 1.499999999999259259e+00 -1.100000000001542411e+00 -1.499999999998858247e+00 1.100000000001376543e+00 1.499999999998453903e+00 -1.100000000001205569e+00 -1.499999999998053113e+00 1.100000000001034373e+00 1.499999999997648992e+00
