5.688680772554851828e+00 1.762771741751105292e+00 -6.778133623365664384e+00 2.426345217777465813e+00 5.278569810339133639e+00 -5.688680772556685916e+00 -1.762771741751459009e+00 6.778133623367715188e+00 -2.426345217778374863e+00 -5.278569810340622226e+00 5.688680772558518228e+00 1.762771741751822496e+00 -6.778133623369765104e+00 2.426345217779279917e+00 5.278569810342107260e+00 -5.688680772560339882e+00 -1.762771741752175103e+00 6.778133623371816796e+00 -2.426345217780194741e+00 -5.278569810343605617e+00
1.093827424161021966e+01 3.435188602719049911e+00 -1.306133755585834777e+01 4.637161945337100022e+00 1.019541386230380908e+01 -1.093827424161374751e+01 -3.435188602719742690e+00 1.306133755586230194e+01 -4.637161945338839963e+00 -1.019541386230668323e+01 1.093827424161727357e+01 3.435188602720456785e+00 -1.306133755586625256e+01 4.637161945340572800e+00 1.019541386230955204e+01 -1.093827424162077477e+01 -3.435188602721147788e+00 1.306133755587020850e+01 -4.637161945342324287e+00 -1.019541386231244928e+01
-5.405764746865442394e-01 -9.435661446553018639e-01 1.123732422717331980e+00 2.490613131557870563e-01 -1.277660779530438662e+00 5.405764746867414150e-01 9.435661446555644316e-01 -1.123732422717691026e+00 -2.490613131558284121e-01 1.277660779530822577e+00 -5.405764746869383686e-01 -9.435661446558282206e-01 1.123732422718049850e+00 2.490613131558708226e-01 -1.277660779531206714e+00 5.405764746871315474e-01 9.435661446560907883e-01 -1.123732422718409119e+00 -2.490613131559112348e-01 1.277660779531591073e+00
-7.025657780865182112e+00 -2.801141952311592576e+00 8.756858714707973945e+00 -2.610894368058735537e+00 -7.143237254212939646e+00 7.025657780867466506e+00 2.801141952312213412e+00 -8.756858714710640257e+00 2.610894368059755166e+00 7.143237254214971799e+00 -7.025657780869747349e+00 -2.801141952312847128e+00 8.756858714713303016e+00 -2.610894368060769022e+00 -7.143237254217002175e+00 7.025657780872013980e+00 2.801141952313467076e+00 -8.756858714715967551e+00 2.610894368061796644e+00 7.143237254219046761e+00
-6.907091636208689600e+00 -3.548558813279860669e+00 9.100221593894646688e+00 -2.075687436902780458e+00 -7.817376207868584892e+00 6.907091636210958008e+00 3.548558813280705326e+00 -9.100221593897433792e+00 2.075687436903652205e+00 7.817376207870831095e+00 -6.907091636213223751e+00 -3.548558813281563307e+00 9.100221593900220896e+00 -2.075687436904517735e+00 -7.817376207873076410e+00 6.907091636215471731e+00 3.548558813282407076e+00 -9.100221593903009776e+00 2.075687436905397476e+00 7.817376207875335048e+00
-7.154711762644883066e+00 -3.577612795061844597e+00 9.365798068580657443e+00 -2.210768743089136734e+00 -7.999467844086722401e+00 7.154711762647229634e+00 3.577612795062690587e+00 -9.365798068583524483e+00 2.210768743090055999e+00 7.999467844089018342e+00 -7.154711762649574425e+00 -3.577612795063549900e+00 9.365798068586389746e+00 -2.210768743090968602e+00 -7.999467844091313395e+00 7.154711762651900564e+00 3.577612795064395002e+00 -9.365798068589258563e+00 2.210768743091895860e+00 7.999467844093621771e+00
-7.919098300551345559e+00 -3.350155280999532970e+00 9.989608131800133961e+00 -2.823762078745363890e+00 -8.244427190993526722e+00 7.919098300553923053e+00 3.350155281000290142e+00 -9.989608131803182189e+00 2.823762078746481663e+00 8.244427190995875065e+00 -7.919098300556501435e+00 -3.350155281001060636e+00 9.989608131806223312e+00 -2.823762078747592774e+00 -8.244427190998225186e+00 7.919098300559059389e+00 3.350155281001816476e+00 -9.989608131809267988e+00 2.823762078748718984e+00 8.244427191000591293e+00
1.806757947331904290e+01 5.901655779781395772e+00 -2.171500333512869219e+01 7.518954347145789363e+00 1.706803398873610433e+01 -1.806757947332487646e+01 -5.901655779782608136e+00 2.171500333513527181e+01 -7.518954347148625317e+00 -1.706803398874092537e+01 1.806757947333070646e+01 5.901655779783853362e+00 -2.171500333514184433e+01 7.518954347151449724e+00 1.706803398874573574e+01 -1.806757947333650094e+01 -5.901655779785062172e+00 2.171500333514842396e+01 -7.518954347154306106e+00 -1.706803398875058875e+01
-4.201722092681715814e+00 -1.425938686843756908e+00 5.083000667025130426e+00 -1.715528490216232216e+00 -4.022745751403244086e+00 4.201722092683073839e+00 1.425938686844054448e+00 -5.083000667026671415e+00 1.715528490216882807e+00 4.022745751404381842e+00 -4.201722092684430976e+00 -1.425938686844359760e+00 5.083000667028211517e+00 -1.715528490217530733e+00 -4.022745751405517822e+00 4.201722092685780119e+00 1.425938686844656855e+00 -5.083000667029753394e+00 1.715528490218186208e+00 4.022745751406663572e+00
1.823209163619337048e+01 6.542028988998696448e+00 -2.227528790678420734e+01 7.224856046583721714e+00 1.781008130617264129e+01 -1.823209163619927509e+01 -6.542028989000093553e+00 2.227528790679097170e+01 -7.224856046586488389e+00 -1.781008130617768970e+01 1.823209163620517259e+01 6.542028989001522632e+00 -2.227528790679772897e+01 7.224856046589240854e+00 1.781008130618273100e+01 -1.823209163621103457e+01 -6.542028989002916184e+00 2.227528790680449333e+01 -7.224856046592026182e+00 -1.781008130618781138e+01
-5.543237254211157428e+00 -1.962084304843315419e+00 6.755872043397805449e+00 -2.213274241621820071e+00 -5.387993335651590776e+00 5.543237254212951548e+00 1.962084304843731974e+00 -6.755872043399855364e+00 2.213274241622665173e+00 5.387993335653116667e+00 -5.543237254214744780e+00 -1.962084304844158966e+00 6.755872043401904392e+00 -2.213274241623506722e+00 -5.387993335654640781e+00 5.543237254216525578e+00 1.962084304844574412e+00 -6.755872043403955196e+00 2.213274241624358041e+00 5.387993335656177329e+00
1.592124957935876939e+00 -2.227937358735609941e-01 -1.454430856685632767e+00 1.121681439592006502e+00 7.611936024679839541e-01 -1.592124957936369212e+00 2.227937358736731821e-01 1.454430856686055318e+00 -1.121681439592378648e+00 -7.611936024681766888e-01 1.592124957936861041e+00 -2.227937358737829276e-01 -1.454430856686477425e+00 1.121681439592750573e+00 7.611936024683678692e-01 -1.592124957937352203e+00 2.227937358738956708e-01 1.454430856686899975e+00 -1.121681439593124052e+00 -7.611936024685640456e-01
-5.794630456460840406e+00 -2.097697766937292929e+00 7.091078974553648884e+00 -2.284830056246699659e+00 -5.678976341276608331e+00 5.794630456462718016e+00 2.097697766937741903e+00 -7.091078974555801828e+00 2.284830056247575847e+00 5.678976341278218598e+00 -5.794630456464592960e+00 -2.097697766938201980e+00 7.091078974557953885e+00 -2.284830056248447150e+00 -5.678976341279826201e+00 5.794630456466456359e+00 2.097697766938650066e+00 -7.091078974560107717e+00 2.284830056249329555e+00 5.678976341281447127e+00
-1.186352549154588765e+01 -4.227487170092996571e+00 1.447625624966911495e+01 -4.719331222055783925e+00 -1.155954915027160190e+01 1.186352549154972813e+01 4.227487170093897184e+00 -1.447625624967350966e+01 4.719331222057587816e+00 1.155954915027487573e+01 -1.186352549155356506e+01 -4.227487170094819113e+00 1.447625624967790081e+01 -4.719331222059383713e+00 -1.155954915027814778e+01 1.186352549155737890e+01 4.227487170095716174e+00 -1.447625624968229552e+01 4.719331222061201814e+00 1.155954915028144292e+01
-2.090779740153217325e+00 -4.651219592814550552e-01 2.378240919903378270e+00 -1.004711762654707075e+00 -1.757294901686193622e+00 2.090779740153886124e+00 4.651219592815311055e-01 -2.378240919904093698e+00 1.004711762655071228e+00 1.757294901686683009e+00 -2.090779740154554478e+00 -4.651219592816107640e-01 2.378240919904807793e+00 -1.004711762655434049e+00 -1.757294901687171951e+00 2.090779740155218835e+00 4.651219592816864812e-01 -2.378240919905523221e+00 1.004711762655800200e+00 1.757294901687665556e+00
-1.339336287916839652e+01 -6.302487170091629842e+00 1.728851416394709517e+01 -4.382402198211714506e+00 -1.458004065308190000e+01 1.339336287917277879e+01 6.302487170093097113e+00 -1.728851416395238161e+01 4.382402198213500633e+00 1.458004065308607444e+01 -1.339336287917715573e+01 -6.302487170094589253e+00 1.728851416395766094e+01 -4.382402198215274325e+00 -1.458004065309024533e+01 1.339336287918150070e+01 6.302487170096053859e+00 -1.728851416396294738e+01 4.382402198217074663e+00 1.458004065309444641e+01
-1.237006664342325646e+00 3.523798735619401712e-01 1.019223925529789909e+00 -9.822949016865341054e-01 -4.121322893118524733e-01 1.237006664342702678e+00 -3.523798735620802258e-01 -1.019223925530080344e+00 9.822949016868527394e-01 4.121322893119460651e-01 -1.237006664343079487e+00 3.523798735622184486e-01 1.019223925530370556e+00 -9.822949016871712624e-01 -4.121322893120385467e-01 1.237006664343456741e+00 -3.523798735623588918e-01 -1.019223925530660768e+00 9.822949016874908956e-01 4.121322893121350250e-01
-6.470879705299268370e-01 -7.344235253126528695e-01 1.100986671310779208e+00 5.397634128201889148e-02 -1.134345884811567728e+00 6.470879705301513241e-01 7.344235253128506002e-01 -1.100986671311125598e+00 -5.397634128200334835e-02 1.134345884811903904e+00 -6.470879705303755891e-01 -7.344235253130497743e-01 1.100986671311471543e+00 5.397634128198880443e-02 -1.134345884812240079e+00 6.470879705305964125e-01 7.344235253132473940e-01 -1.100986671311818155e+00 -5.397634128197237313e-02 1.134345884812576921e+00
-1.792008497184948013e+01 -7.631618792373164872e+00 2.263668477472107199e+01 -6.358621791021876746e+00 -1.870684038626627554e+01 1.792008497185532079e+01 7.631618792374892379e+00 -2.263668477472797491e+01 6.358621791024397396e+00 1.870684038627161172e+01 -1.792008497186115434e+01 -7.631618792376652749e+00 2.263668477473487073e+01 -6.358621791026903836e+00 -1.870684038627694079e+01 1.792008497186694527e+01 7.631618792378376703e+00 -2.263668477474177365e+01 6.358621791029444026e+00 1.870684038628230894e+01
-7.074922359490084744e+00 -2.826470842748778356e+00 8.821777408520386388e+00 -2.625687436902867322e+00 -7.199013328681767909e+00 7.074922359492383350e+00 2.826470842749405410e+00 -8.821777408523072239e+00 2.625687436903893168e+00 7.199013328683816049e+00 -7.074922359494681068e+00 -2.826470842750044898e+00 8.821777408525754538e+00 -2.625687436904913685e+00 -7.199013328685861524e+00 7.074922359496962798e+00 2.826470842750670620e+00 -8.821777408528438613e+00 2.625687436905947525e+00 7.199013328687923874e+00
