-1.594999999996507256e+01 -1.695000000002192309e+01 1.594999999997190798e+01 1.695000000001736495e+01 -1.594999999997874163e+01 -1.695000000001280682e+01 1.594999999998557705e+01 1.695000000000825224e+01 -1.594999999999240892e+01 -1.695000000000369056e+01 1.594999999999924256e+01 1.694999999999910401e+01 -1.595000000000607798e+01 -1.694999999999460627e+01 1.595000000001291518e+01 1.694999999998999485e+01 -1.595000000001974350e+01 -1.694999999998549001e+01 1.595000000002658069e+01 1.694999999998087858e+01
-1.574999999996378364e+01 -1.760000000002138876e+01 1.574999999997083577e+01 1.760000000001693721e+01 -1.574999999997788258e+01 -1.760000000001248921e+01 1.574999999998493294e+01 1.760000000000803766e+01 -1.574999999999198153e+01 -1.760000000000358966e+01 1.574999999999902833e+01 1.759999999999910969e+01 -1.575000000000607869e+01 -1.759999999999471854e+01 1.575000000001312728e+01 1.759999999999021369e+01 -1.575000000002017408e+01 -1.759999999998581544e+01 1.575000000002722444e+01 1.759999999998131059e+01
-1.839999999995854552e+01 -2.015000000002529390e+01 1.839999999996663860e+01 2.015000000002007496e+01 -1.839999999997472813e+01 -2.015000000001485247e+01 1.839999999998282121e+01 2.015000000000962643e+01 -1.839999999999091074e+01 -2.015000000000440394e+01 1.839999999999900382e+01 2.014999999999914593e+01 -1.840000000000709335e+01 -2.014999999999399449e+01 1.840000000001518998e+01 2.014999999998870805e+01 -1.840000000002327596e+01 -2.014999999998354596e+01 1.840000000003137259e+01 2.014999999997825952e+01
1.089999999997716174e+01 1.045000000001574136e+01 -1.089999999998143920e+01 -1.045000000001255991e+01 1.089999999998571312e+01 1.045000000000938023e+01 -1.089999999998999058e+01 -1.045000000000619877e+01 1.089999999999426450e+01 1.045000000000301554e+01 -1.089999999999854197e+01 -1.044999999999981632e+01 1.090000000000281766e+01 1.044999999999667573e+01 -1.090000000000709512e+01 -1.044999999999345519e+01 1.090000000001136904e+01 1.044999999999031104e+01 -1.090000000001564651e+01 -1.044999999998709406e+01
1.079999999997976623e+01 9.400000000015579005e+00 -1.079999999998367244e+01 -9.400000000012369128e+00 1.079999999998757509e+01 9.400000000009162804e+00 -1.079999999999148130e+01 -9.400000000005956480e+00 1.079999999999538574e+01 9.400000000002744827e+00 -1.079999999999929017e+01 -9.399999999999518963e+00 1.080000000000319460e+01 9.399999999996351718e+00 -1.080000000000709903e+01 -9.399999999993106314e+00 1.080000000001100169e+01 9.399999999989933741e+00 -1.080000000001490790e+01 -9.399999999986688337e+00
-4.999999999991482369e+00 -4.050000000007291767e+00 4.999999999993185895e+00 4.050000000005789857e+00 -4.999999999994887645e+00 -4.050000000004287060e+00 4.999999999996590283e+00 4.050000000002784262e+00 -4.999999999998292921e+00 -4.050000000001281464e+00 4.999999999999995559e+00 4.049999999999769784e+00 -5.000000000001698197e+00 -4.049999999998284750e+00 5.000000000003401723e+00 4.049999999996765077e+00 -5.000000000005103473e+00 -4.049999999995278266e+00 5.000000000006806111e+00 4.049999999993758593e+00
-4.099999999992848920e+00 -3.300000000006374279e+00 4.099999999994238031e+00 3.300000000005140599e+00 -4.099999999995627142e+00 -3.300000000003907363e+00 4.099999999997015365e+00 3.300000000002674128e+00 -4.099999999998404476e+00 -3.300000000001440004e+00 4.099999999999793587e+00 3.300000000000198774e+00 -4.100000000001182698e+00 -3.299999999998980638e+00 4.100000000002571809e+00 3.299999999997733191e+00 -4.100000000003960032e+00 -3.299999999996513278e+00 4.100000000005349143e+00 3.299999999995265387e+00
-8.999999999979408472e+00 -9.950000000012435564e+00 8.999999999983401722e+00 9.950000000009886492e+00 -8.999999999987389643e+00 -9.950000000007339196e+00 8.999999999991382893e+00 9.950000000004790124e+00 -8.999999999995372590e+00 -9.950000000002239275e+00 8.999999999999362288e+00 9.949999999999674216e+00 -9.000000000003351985e+00 -9.949999999997158895e+00 9.000000000007343459e+00 9.949999999994577848e+00 -9.000000000011333157e+00 -9.949999999992058974e+00 9.000000000015324630e+00 9.949999999989477928e+00
-2.399999999995704236e+00 -2.000000000003501199e+00 2.399999999996541344e+00 2.000000000002783107e+00 -2.399999999997378008e+00 -2.000000000002065015e+00 2.399999999998215117e+00 2.000000000001347367e+00 -2.399999999999051781e+00 -2.000000000000628386e+00 2.399999999999888445e+00 1.999999999999906519e+00 -2.400000000000725109e+00 -1.999999999999197087e+00 2.400000000001562217e+00 1.999999999998470557e+00 -2.400000000002398437e+00 -1.999999999997760902e+00 2.400000000003235101e+00 1.999999999997034372e+00
-2.249999999996898925e+00 -1.450000000003335288e+00 2.249999999997535749e+00 1.450000000002637179e+00 -2.249999999998172129e+00 -1.450000000001939071e+00 2.249999999998808509e+00 1.450000000001241407e+00 -2.249999999999445333e+00 -1.450000000000542855e+00 2.250000000000081712e+00 1.449999999999840750e+00 -2.250000000000718092e+00 -1.449999999999150857e+00 2.250000000001354916e+00 1.449999999998444977e+00 -2.250000000001991296e+00 -1.449999999997754419e+00 2.250000000002628120e+00 1.449999999997048539e+00
6.699999999984994403e+00 7.200000000009330492e+00 -6.699999999987894306e+00 -7.200000000007420908e+00 6.699999999990790656e+00 7.200000000005511325e+00 -6.699999999993690558e+00 -7.200000000003601741e+00 6.699999999996588684e+00 7.200000000001691269e+00 -6.699999999999487699e+00 -7.199999999999769251e+00 6.700000000002385825e+00 7.199999999997884537e+00 -6.700000000005284839e+00 -7.199999999995950972e+00 6.700000000008182965e+00 7.199999999994064481e+00 -6.700000000011081980e+00 -7.199999999992130917e+00
9.449999999978974330e+00 1.005000000001292726e+01 -9.449999999983026200e+00 -1.005000000001022720e+01 9.449999999987078070e+00 1.005000000000752536e+01 -9.449999999991129940e+00 -1.005000000000482707e+01 9.449999999995181810e+00 1.005000000000212523e+01 -9.449999999999233680e+00 -1.004999999999940918e+01 9.450000000003283773e+00 1.004999999999674465e+01 -9.450000000007337420e+00 -1.004999999999401084e+01 9.450000000011387513e+00 1.004999999999134452e+01 -9.450000000015441159e+00 -1.004999999998861071e+01
-1.779999999996224957e+01 -1.815000000002463665e+01 1.779999999996961080e+01 1.815000000001950298e+01 -1.779999999997696847e+01 -1.815000000001437286e+01 1.779999999998432969e+01 1.815000000000924274e+01 -1.779999999999169091e+01 -1.815000000000411262e+01 1.779999999999904858e+01 1.814999999999895053e+01 -1.780000000000640981e+01 -1.814999999999388436e+01 1.780000000001377458e+01 1.814999999998868674e+01 -1.780000000002112870e+01 -1.814999999998362057e+01 1.780000000002848992e+01 1.814999999997842650e+01
3.599999999993944044e+00 2.600000000004670131e+00 -3.599999999995060929e+00 -2.600000000003569678e+00 3.599999999996176037e+00 2.600000000002469225e+00 -3.599999999997292477e+00 -2.600000000001368772e+00 3.599999999998408029e+00 2.600000000000267875e+00 -3.599999999999524025e+00 -2.599999999999160760e+00 3.600000000000639577e+00 2.599999999998074074e+00 -3.600000000001756018e+00 -2.599999999996960298e+00 3.600000000002871570e+00 2.599999999995872280e+00 -3.600000000003987566e+00 -2.599999999994758948e+00
-1.199999999997336175e+01 -1.275000000001641531e+01 1.199999999997850253e+01 1.275000000001298517e+01 -1.199999999998364153e+01 -1.275000000000955680e+01 1.199999999998878586e+01 1.275000000000612843e+01 -1.199999999999392486e+01 -1.275000000000269829e+01 1.199999999999906564e+01 1.274999999999924682e+01 -1.200000000000420464e+01 -1.274999999999586286e+01 1.200000000000934897e+01 1.274999999999239186e+01 -1.200000000001448797e+01 -1.274999999998900257e+01 1.200000000001962874e+01 1.274999999998553335e+01
-1.034999999997708287e+01 -1.085000000001446985e+01 1.034999999998146691e+01 1.085000000001150511e+01 -1.034999999998584919e+01 -1.085000000000853859e+01 1.034999999999023146e+01 1.085000000000557385e+01 -1.034999999999461551e+01 -1.085000000000260734e+01 1.034999999999899778e+01 1.084999999999962128e+01 -1.035000000000338005e+01 -1.084999999999669384e+01 1.035000000000776410e+01 1.084999999999369180e+01 -1.035000000001214460e+01 -1.084999999999076081e+01 1.035000000001653042e+01 1.084999999998775877e+01
-1.309999999997443965e+01 -1.245000000001827445e+01 1.309999999997954312e+01 1.245000000001444640e+01 -1.309999999998464126e+01 -1.245000000001061480e+01 1.309999999998974474e+01 1.245000000000678675e+01 -1.309999999999484466e+01 -1.245000000000295515e+01 1.309999999999994458e+01 1.244999999999910223e+01 -1.310000000000504627e+01 -1.244999999999532214e+01 1.310000000001014797e+01 1.244999999999144613e+01 -1.310000000001524789e+01 -1.244999999998766249e+01 1.310000000002034959e+01 1.244999999998378648e+01
-5.699999999987031885e+00 -6.200000000007991119e+00 5.699999999989524113e+00 6.200000000006371970e+00 -5.699999999992014565e+00 -6.200000000004751044e+00 5.699999999994508570e+00 6.200000000003131007e+00 -5.699999999996999911e+00 -6.200000000001510081e+00 5.699999999999492140e+00 6.199999999999878497e+00 -5.700000000001983480e+00 -6.199999999998279776e+00 5.700000000004476597e+00 6.199999999996639310e+00 -5.700000000006967049e+00 -6.199999999995038813e+00 5.700000000009460166e+00 6.199999999993398347e+00
-5.949999999986527399e+00 -6.700000000008198953e+00 5.949999999989208810e+00 6.700000000006520295e+00 -5.949999999991888444e+00 -6.700000000004842526e+00 5.949999999994569855e+00 6.700000000003164757e+00 -5.949999999997250377e+00 -6.700000000001485212e+00 5.949999999999930900e+00 6.699999999999796785e+00 -5.950000000002611422e+00 -6.699999999998141220e+00 5.950000000005292833e+00 6.699999999996442135e+00 -5.950000000007972467e+00 -6.699999999994783906e+00 5.950000000010653878e+00 6.699999999993084820e+00
-1.699999999997229505e+00 -1.450000000002442668e+00 1.699999999997834133e+00 1.450000000001935963e+00 -1.699999999998438316e+00 -1.450000000001429479e+00 1.699999999999042721e+00 1.450000000000922773e+00 -1.699999999999646905e+00 -1.450000000000415845e+00 1.700000000000251088e+00 1.449999999999906253e+00 -1.700000000000855493e+00 -1.449999999999405764e+00 1.700000000001459899e+00 1.449999999998893063e+00 -1.700000000002063860e+00 -1.449999999998392353e+00 1.700000000002668488e+00 1.449999999997879652e+00
