1.921172575837787022e+01 3.378981139728234950e+01 3.546133755587368341e+01 2.358783805465473193e+01 2.704586137686268543e+00 -1.921172575837623953e+01 -3.378981139728076499e+01 -3.546133755587276681e+01 -2.358783805465481720e+01 -2.704586137687330805e+00 1.921172575837460528e+01 3.378981139727919469e+01 3.546133755587184311e+01 2.358783805465489891e+01 2.704586137688405501e+00 -1.921172575837299235e+01 -3.378981139727761018e+01 -3.546133755587092651e+01 -2.358783805465499128e+01 -2.704586137689481973e+00
4.490576474687415498e+00 1.185661446560302146e-01 -4.298732422718860136e+00 -7.074061313156310149e+00 -7.147339220468797549e+00 -4.490576474687451913e+00 -1.185661446562664700e-01 4.298732422718519963e+00 7.074061313155993957e+00 7.147339220468626131e+00 4.490576474687490993e+00 1.185661446564960642e-01 -4.298732422718179791e+00 -7.074061313155681319e+00 -7.147339220468455601e+00 -4.490576474687523856e+00 -1.185661446567323196e-01 4.298732422717838730e+00 7.074061313155364239e+00 7.147339220468285959e+00
-3.224342219126657305e+00 -1.319885804768849802e+01 -1.813185871471840827e+01 -1.613910563193698522e+01 -7.981762745780674351e+00 3.224342219125978737e+00 1.319885804768764537e+01 1.813185871471771549e+01 1.613910563193671166e+01 7.981762745780927482e+00 -3.224342219125299280e+00 -1.319885804768680337e+01 -1.813185871471702271e+01 -1.613910563193644521e+01 -7.981762745781185941e+00 3.224342219124628706e+00 1.319885804768595250e+01 1.813185871471632993e+01 1.613910563193617165e+01 7.981762745781445290e+00
-4.167908363782989234e+00 -1.612644118671980920e+01 -2.192522159390584946e+01 -1.934931256309314307e+01 -9.382623792124427098e+00 4.167908363782162340e+00 1.612644118671878246e+01 2.192522159390502523e+01 1.934931256309282332e+01 9.382623792124745066e+00 -4.167908363781334558e+00 -1.612644118671776283e+01 -2.192522159390419745e+01 -1.934931256309251069e+01 -9.382623792125070139e+00 4.167908363780517433e+00 1.612644118671673610e+01 2.192522159390336611e+01 1.934931256309219449e+01 9.382623792125395212e+00
-9.670288237345815219e+00 -2.247238720493861663e+01 -2.669079806859316406e+01 -2.071423125690538569e+01 -6.825532155905488452e+00 9.670288237344699667e+00 2.247238720493739450e+01 2.669079806859231141e+01 2.071423125690521871e+01 6.825532155906078202e+00 -9.670288237343584115e+00 -2.247238720493618302e+01 -2.669079806859145876e+01 -2.071423125690505174e+01 -6.825532155906675946e+00 9.670288237342480997e+00 2.247238720493496089e+01 2.669079806859060611e+01 2.071423125690488831e+01 6.825532155907275467e+00
-8.030901699439457531e+00 -1.944984471900106371e+01 -2.343960813181194780e+01 -1.847623792124927888e+01 -6.455572808999338719e+00 8.030901699438489416e+00 1.944984471899998724e+01 2.343960813181118752e+01 1.847623792124911191e+01 6.455572808999836099e+00 -8.030901699437519525e+00 -1.944984471899892142e+01 -2.343960813181042013e+01 -1.847623792124894493e+01 -6.455572809000340584e+00 8.030901699436562069e+00 1.944984471899784495e+01 2.343960813180965985e+01 1.847623792124878150e+01 6.455572809000845957e+00
2.270742052666093969e+01 5.157334422022107390e+01 6.074000333515482453e+01 4.670604565284189391e+01 1.483196601124828184e+01 -2.270742052665838528e+01 -5.157334422021829567e+01 -6.074000333515290606e+01 -4.670604565284154575e+01 -1.483196601124965497e+01 2.270742052665582733e+01 5.157334422021553877e+01 6.074000333515098760e+01 4.670604565284120469e+01 1.483196601125104408e+01 -2.270742052665330135e+01 -5.157334422021276055e+01 -6.074000333514907624e+01 -4.670604565284086362e+01 -1.483196601125243674e+01
-2.748277907313463331e+00 -8.749061313156763831e+00 -1.140800066703097038e+01 -9.709471509780900789e+00 -4.302254248593402330e+00 2.748277907313019242e+00 8.749061313156230923e+00 1.140800066703056004e+01 9.709471509780762233e+00 4.302254248593593289e+00 -2.748277907312574708e+00 -8.749061313155705122e+00 -1.140800066703014970e+01 -9.709471509780627230e+00 -4.302254248593787800e+00 2.748277907312136392e+00 8.749061313155173991e+00 1.140800066702973936e+01 9.709471509780492227e+00 4.302254248593983199e+00
1.549290836378587066e+01 4.410797101100256867e+01 5.587528790681140123e+01 4.630014395340464972e+01 1.903991869381084001e+01 -1.549290836378364844e+01 -4.410797101099998230e+01 -5.587528790680945434e+01 -4.630014395340406708e+01 -1.903991869381186319e+01 1.549290836378142266e+01 4.410797101099741724e+01 5.587528790680750745e+01 4.630014395340350575e+01 1.903991869381290769e+01 -1.549290836377922531e+01 -4.410797101099482376e+01 -5.587528790680556767e+01 -4.630014395340293731e+01 -1.903991869381394864e+01
-6.381762745782420865e+00 -1.286291569515682909e+01 -1.443087204340584861e+01 -1.048672575837460919e+01 -2.537006664343442797e+00 6.381762745781790258e+00 1.286291569515617361e+01 1.443087204340542762e+01 1.048672575837457366e+01 2.537006664343811391e+00 -6.381762745781159651e+00 -1.286291569515552702e+01 -1.443087204340500485e+01 -1.048672575837453991e+01 -2.537006664344185758e+00 6.381762745780536150e+00 1.286291569515487332e+01 1.443087204340458385e+01 1.048672575837450793e+01 2.537006664344560125e+00
1.310787504206292731e+01 1.252279373587474076e+01 7.154430856686810003e+00 -9.466814395943075056e-01 -8.686193602468984309e+00 -1.310787504206238019e+01 -1.252279373587448319e+01 -7.154430856686934348e+00 9.466814395938492055e-01 8.686193602468362585e+00 1.310787504206183662e+01 1.252279373587421674e+01 7.154430856687060469e+00 -9.466814395933953463e-01 -8.686193602467739083e+00 -1.310787504206129128e+01 -1.252279373587395739e+01 -7.154430856687186591e+00 9.466814395929334935e-01 8.686193602467113806e+00
-7.080369543532727405e+00 -1.540230223306320134e+01 -1.784107897456197378e+01 -1.346516994374934484e+01 -3.946023658718166516e+00 7.080369543531968013e+00 1.540230223306238955e+01 1.784107897456142666e+01 1.346516994374926313e+01 3.946023658718587512e+00 -7.080369543531207732e+00 -1.540230223306158130e+01 -1.784107897456087954e+01 -1.346516994374918141e+01 -3.946023658719014282e+00 7.080369543530455445e+00 1.540230223306076951e+01 1.784107897456033243e+01 1.346516994374910325e+01 3.946023658719441496e+00
-1.018647450844041202e+01 -2.809751282990785270e+01 -3.527625624968676732e+01 -2.898066877793649709e+01 -1.161545084971773889e+01 1.018647450843899982e+01 2.809751282990621846e+01 3.527625624968555940e+01 2.898066877793615248e+01 1.161545084971840325e+01 -1.018647450843758584e+01 -2.809751282990460197e+01 -3.527625624968433726e+01 -2.898066877793581497e+01 -1.161545084971907826e+01 1.018647450843618962e+01 2.809751282990296772e+01 3.527625624968312223e+01 2.898066877793547391e+01 1.161545084971975506e+01
-1.342202598441319950e-01 -2.309878040718974734e+00 -3.603240919906176121e+00 -3.520288237343674353e+00 -2.092705098312382717e+00 1.342202598440090933e-01 2.309878040718801984e+00 3.603240919906021578e+00 3.520288237343596194e+00 2.092705098312410694e+00 -1.342202598438856365e-01 -2.309878040718631897e+00 -3.603240919905867479e+00 -3.520288237343518922e+00 -2.092705098312439560e+00 1.342202598437646222e-01 2.309878040718459147e+00 3.603240919905712936e+00 3.520288237343440318e+00 2.092705098312468870e+00
-9.256637120815705444e+00 -3.017251282990815753e+01 -3.956351416396798015e+01 -3.384259780178018673e+01 -1.519495934690526262e+01 9.256637120814172448e+00 3.017251282990631367e+01 3.956351416396655196e+01 3.384259780177970356e+01 1.519495934690591099e+01 -9.256637120812637676e+00 -3.017251282990448757e+01 -3.956351416396511667e+01 -3.384259780177922039e+01 -1.519495934690657357e+01 9.256637120811120667e+00 3.017251282990264372e+01 3.956351416396368137e+01 3.384259780177873012e+01 1.519495934690723793e+01
-4.087993335656507909e+00 -4.902379873562536794e+00 -3.844223925531126351e+00 -1.317705098312424106e+00 1.712132289312556122e+00 4.087993335656284088e+00 4.902379873562378698e+00 3.844223925531093933e+00 1.317705098312529133e+00 -1.712132289312352285e+00 -4.087993335656060268e+00 -4.902379873562218826e+00 -3.844223925531062402e+00 -1.317705098312632828e+00 1.712132289312147782e+00 4.087993335655837335e+00 4.902379873562060730e+00 3.844223925531030428e+00 1.317705098312739409e+00 -1.712132289311942612e+00
-4.727912029468988919e+00 -5.765576474687520658e+00 -4.600986671312260690e+00 -1.678976341281021245e+00 1.884345884812570260e+00 4.727912029468724242e+00 5.765576474687329700e+00 4.600986671312217169e+00 1.678976341281138929e+00 -1.884345884812334004e+00 -4.727912029468460453e+00 -5.765576474687138742e+00 -4.600986671312172760e+00 -1.678976341281255280e+00 1.884345884812096195e+00 4.727912029468197552e+00 5.765576474686947783e+00 4.600986671312129239e+00 1.678976341281374740e+00 -1.884345884811857719e+00
-1.232991502812988571e+01 -4.586838120762784854e+01 -6.188668477474892171e+01 -5.426637820896694109e+01 -2.591815961371688459e+01 1.232991502812753559e+01 4.586838120762494952e+01 6.188668477474659824e+01 5.426637820896608133e+01 2.591815961371780830e+01 -1.232991502812518547e+01 -4.586838120762207893e+01 -6.188668477474428897e+01 -5.426637820896522157e+01 -2.591815961371874977e+01 1.232991502812286910e+01 4.586838120761917992e+01 6.188668477474197260e+01 5.426637820896435471e+01 2.591815961371968768e+01
9.749223594982483476e-01 -1.132352915725112297e+01 -1.929677740853096424e+01 -1.989931256309317931e+01 -1.290098667131177734e+01 -9.749223594988674080e-01 1.132352915725018860e+01 1.929677740853007961e+01 1.989931256309267837e+01 1.290098667131185195e+01 9.749223594994873565e-01 -1.132352915724926845e+01 -1.929677740852919499e+01 -1.989931256309218099e+01 -1.290098667131193189e+01 -9.749223595000957587e-01 1.132352915724833053e+01 1.929677740852831036e+01 1.989931256309168006e+01 1.290098667131201360e+01
-9.756577808741098146e-01 4.467501832844338772e+00 8.204227591218673510e+00 8.807217261187183510e+00 6.046149283687030973e+00 9.756577808743593927e-01 -4.467501832843938203e+00 -8.204227591218277382e+00 -8.807217261186943702e+00 -6.046149283687038078e+00 -9.756577808746103031e-01 4.467501832843542964e+00 8.204227591217883031e+00 8.807217261186705670e+00 6.046149283687046960e+00 9.756577808748558844e-01 -4.467501832843142395e+00 -8.204227591217488680e+00 -8.807217261186465862e+00 -6.046149283687057618e+00
