-1.309463045648185542e+01 -2.312018094082248609e+01 -1.194427190995760668e+00 2.238198433969722956e+01 1.502725424859658254e+01 -1.309463045647542323e+01 -2.312018094081624398e+01 -1.194427190998314403e+00 2.238198433968939938e+01 1.502725424859431413e+01 -1.309463045646899104e+01 -2.312018094080999830e+01 -1.194427191000891009e+00 2.238198433968158696e+01 1.502725424859201730e+01 -1.309463045646259260e+01 -2.312018094080374908e+01 -1.194427191003467614e+00 2.238198433967373546e+01 1.502725424858978442e+01
-1.249463045648161064e+01 -2.337382839166615156e+01 -1.951189936777090406e+00 2.216792669222830270e+01 1.565172209269017678e+01 -1.249463045647530279e+01 -2.337382839165974602e+01 -1.951189936779416989e+00 2.216792669222044765e+01 1.565172209268766679e+01 -1.249463045646899673e+01 -2.337382839165333692e+01 -1.951189936781766887e+00 2.216792669221261036e+01 1.565172209268512837e+01 -1.249463045646272263e+01 -2.337382839164692427e+01 -1.951189936784116785e+00 2.216792669220473044e+01 1.565172209268265391e+01
-1.554602365873441983e+01 -2.741247950819925094e+01 -1.395820393244855850e+00 2.654981506298035043e+01 1.780450849719071726e+01 -1.554602365872678860e+01 -2.741247950819185775e+01 -1.395820393247890756e+00 2.654981506297106719e+01 1.780450849718803497e+01 -1.554602365871915559e+01 -2.741247950818445034e+01 -1.395820393250952751e+00 2.654981506296179816e+01 1.780450849718531714e+01 -1.554602365871156344e+01 -2.741247950817704648e+01 -1.395820393254014746e+00 2.654981506295248650e+01 1.780450849718267747e+01
1.438713228932516941e+01 2.103722825825830611e+01 -1.385410196629849544e+00 -2.189345884813368670e+01 -1.214549150281426115e+01 1.438713228931866439e+01 2.103722825825294507e+01 -1.385410196626677415e+00 -2.189345884812635745e+01 -1.214549150281291823e+01 1.438713228931216115e+01 2.103722825824757336e+01 -1.385410196623485080e+00 -2.189345884811903531e+01 -1.214549150281154688e+01 1.438713228930568633e+01 2.103722825824221232e+01 -1.385410196620292744e+00 -2.189345884811169540e+01 -1.214549150281024126e+01
1.349217294241843135e+01 1.901415361641382873e+01 -1.740779740161142675e+00 -2.009001466275833891e+01 -1.067553215590766236e+01 1.349217294241242193e+01 1.901415361640904678e+01 -1.740779740158108435e+00 -2.009001466275167047e+01 -1.067553215590659299e+01 1.349217294240641607e+01 1.901415361640426127e+01 -1.740779740155055322e+00 -2.009001466274501624e+01 -1.067553215590549520e+01 1.349217294240043508e+01 1.901415361639947577e+01 -1.740779740152002208e+00 -2.009001466273833358e+01 -1.067553215590445603e+01
-4.760942352535405320e+00 -7.114308897408936794e+00 3.640576474702514331e-01 7.339308897409019927e+00 4.171884705063149568e+00 -4.760942352533232835e+00 -7.114308897407110699e+00 3.640576474692145958e-01 7.339308897406549903e+00 4.171884705062664622e+00 -4.760942352531061239e+00 -7.114308897405281051e+00 3.640576474681708197e-01 7.339308897404083432e+00 4.171884705062170795e+00 -4.760942352528899413e+00 -7.114308897403454068e+00 3.640576474671270435e-01 7.339308897401607190e+00 4.171884705061698284e+00
-5.700861046348823180e+00 -7.447464845440705083e+00 1.098074641845725674e+00 8.126112296284837555e+00 3.924138953656968187e+00 -5.700861046346361150e+00 -7.447464845438886094e+00 1.098074641844394295e+00 8.126112296282192560e+00 3.924138953656670203e+00 -5.700861046343899119e+00 -7.447464845437063552e+00 1.098074641843055810e+00 8.126112296279549341e+00 3.924138953656362006e+00 -5.700861046341446858e+00 -7.447464845435243674e+00 1.098074641841717103e+00 8.126112296276900793e+00 3.924138953656076900e+00
-6.404179606756460252e+00 -1.192570576534868287e+01 -9.663118960604885066e-01 1.132849216984848972e+01 7.967705098313889067e+00 -6.404179606753234388e+00 -1.192570576534541971e+01 -9.663118960616857711e-01 1.132849216984448049e+01 7.967705098312617196e+00 -6.404179606750008524e+00 -1.192570576534214943e+01 -9.663118960628946930e-01 1.132849216984047835e+01 7.967705098311331113e+00 -6.404179606746801312e+00 -1.192570576533888449e+01 -9.663118960641036148e-01 1.132849216983645846e+01 7.967705098310077005e+00
-2.498606797752163988e+00 -3.316969676938597011e+00 4.486067977510199145e-01 3.594223925532579411e+00 1.772745751406272774e+00 -2.498606797751078190e+00 -3.316969676937781664e+00 4.486067977504408777e-01 3.594223925531403907e+00 1.772745751406127779e+00 -2.498606797749992392e+00 -3.316969676936964539e+00 4.486067977498585102e-01 3.594223925530230623e+00 1.772745751405978343e+00 -2.498606797748910591e+00 -3.316969676936148748e+00 4.486067977492762537e-01 3.594223925529053787e+00 1.772745751405840231e+00
-2.346352549158289946e+00 -3.151518827219941699e+00 3.986067977508453430e-01 3.397871376376340624e+00 1.701393202250199188e+00 -2.346352549157264988e+00 -3.151518827219163210e+00 3.986067977503046089e-01 3.397871376375226404e+00 1.701393202250053971e+00 -2.346352549156240475e+00 -3.151518827218383390e+00 3.986067977497608217e-01 3.397871376374113961e+00 1.701393202249903869e+00 -2.346352549155220402e+00 -3.151518827217604457e+00 3.986067977492170344e-01 3.397871376372997965e+00 1.701393202249764203e+00
5.940450849724126847e+00 1.032451582856652905e+01 4.404508497170840919e-01 -1.005230223306634230e+01 -6.653115294938589663e+00 5.940450849721230497e+00 1.032451582856375438e+01 4.404508497182564319e-01 -1.005230223306283754e+01 -6.653115294937603785e+00 5.940450849718332371e+00 1.032451582856097438e+01 4.404508497194389305e-01 -1.005230223305933812e+01 -6.653115294936605473e+00 5.940450849715452009e+00 1.032451582855819794e+01 4.404508497206214290e-01 -1.005230223305582626e+01 -6.653115294935634694e+00
8.529508497195871897e+00 1.483054315297495762e+01 6.362712429658526903e-01 -1.443730589875611336e+01 -9.559016994376534626e+00 8.529508497191711669e+00 1.483054315297097148e+01 6.362712429675354553e-01 -1.443730589875107917e+01 -9.559016994375117093e+00 8.529508497187549665e+00 1.483054315296697823e+01 6.362712429692327643e-01 -1.443730589874605563e+01 -9.559016994373681797e+00 8.529508497183412530e+00 1.483054315296299031e+01 6.362712429709300732e-01 -1.443730589874101078e+01 -9.559016994372287357e+00
-1.602049150282822865e+01 -2.722116761213645475e+01 -8.031152949321060941e-01 2.672481506298020904e+01 1.731995934690918659e+01 -1.602049150282049439e+01 -2.722116761212918234e+01 -8.031152949353199677e-01 2.672481506297094001e+01 1.731995934690669259e+01 -1.602049150281276368e+01 -2.722116761212190639e+01 -8.031152949385604867e-01 2.672481506296168519e+01 1.731995934690416306e+01 -1.602049150280507206e+01 -2.722116761211463043e+01 -8.031152949418010056e-01 2.672481506295239484e+01 1.731995934690171168e+01
5.864057647474644419e+00 9.534597134754019265e+00 2.864745084149855625e-02 -9.516892036441776170e+00 -5.910410196625803358e+00 5.864057647471870638e+00 9.534597134751505720e+00 2.864745084271090592e-02 -9.516892036438509450e+00 -5.910410196625002222e+00 5.864057647469095969e+00 9.534597134748988623e+00 2.864745084393260921e-02 -9.516892036435246283e+00 -5.910410196624190426e+00 5.864057647466333734e+00 9.534597134746473301e+00 2.864745084515429863e-02 -9.516892036431970681e+00 -5.910410196623406165e+00
-1.114323725422998557e+01 -1.907595701528903120e+01 -6.463525491521574518e-01 1.867648917119554142e+01 1.218905764747044884e+01 -1.114323725422458899e+01 -1.907595701528392240e+01 -6.463525491543810064e-01 1.867648917118905061e+01 1.218905764746867604e+01 -1.114323725421919242e+01 -1.907595701527881360e+01 -6.463525491566232128e-01 1.867648917118257756e+01 1.218905764746688014e+01 -1.114323725421382427e+01 -1.907595701527370480e+01 -6.463525491588654193e-01 1.867648917117607255e+01 1.218905764746513576e+01
-1.026319660113501619e+01 -1.767841452935103774e+01 -6.626644452153060971e-01 1.726886537906973729e+01 1.133541019662681748e+01 -1.026319660113003174e+01 -1.767841452934629842e+01 -6.626644452173449107e-01 1.726886537906372610e+01 1.133541019662515659e+01 -1.026319660112504728e+01 -1.767841452934155200e+01 -6.626644452194009327e-01 1.726886537905773267e+01 1.133541019662347438e+01 -1.026319660112008947e+01 -1.767841452933680912e+01 -6.626644452214570657e-01 1.726886537905170727e+01 1.133541019662184013e+01
-1.229860679776151144e+01 -1.924140786500811373e+01 4.067627457852829309e-01 1.949280106725832340e+01 1.164045084972081412e+01 -1.229860679775578980e+01 -1.924140786500309730e+01 4.067627457826769599e-01 1.949280106725169048e+01 1.164045084971933441e+01 -1.229860679775006815e+01 -1.924140786499808087e+01 4.067627457800521151e-01 1.949280106724506467e+01 1.164045084971782984e+01 -1.229860679774437315e+01 -1.924140786499306444e+01 4.067627457774273814e-01 1.949280106723841755e+01 1.164045084971638389e+01
-5.346352549161426992e+00 -8.591030990097159759e+00 3.680339887699501933e-02 8.613776741503619050e+00 5.286803398875642657e+00 -5.346352549158909895e+00 -8.591030990094902009e+00 3.680339887588118808e-02 8.613776741500670298e+00 5.286803398874940996e+00 -5.346352549156393685e+00 -8.591030990092642483e+00 3.680339887475889138e-02 8.613776741497726874e+00 5.286803398874226900e+00 -5.346352549153889910e+00 -8.591030990090382957e+00 3.680339887363662243e-02 8.613776741494771017e+00 5.286803398873538562e+00
-5.205040653098954806e+00 -8.341030990097253905e+00 5.000000000195738148e-02 8.371932689534945737e+00 5.124138953657043416e+00 -5.205040653096507874e+00 -8.341030990095065434e+00 5.000000000087102825e-02 8.371932689532082250e+00 5.124138953656366624e+00 -5.205040653094060055e+00 -8.341030990092871633e+00 4.999999999977650100e-02 8.371932689529222316e+00 5.124138953655677398e+00 -5.205040653091625558e+00 -8.341030990090681385e+00 4.999999999868201539e-02 8.371932689526351723e+00 5.124138953655013040e+00
-8.145898033759836343e-01 -1.616640786500860738e+00 -1.845491502810240880e-01 1.502583139032078074e+00 1.113196601125348684e+00 -8.145898033755605283e-01 -1.616640786500411542e+00 -1.845491502811680284e-01 1.502583139031539172e+00 1.113196601125160612e+00 -8.145898033751373113e-01 -1.616640786499961679e+00 -1.845491502813135232e-01 1.502583139031001158e+00 1.113196601124970542e+00 -8.145898033747165368e-01 -1.616640786499511817e+00 -1.845491502814590457e-01 1.502583139030460480e+00 1.113196601124784912e+00
