-1.315000000003365699e+01 -1.440000000000225810e+01 1.315000000003144365e+01 1.439999999999826485e+01 -1.315000000002922853e+01 -1.439999999999425562e+01 1.315000000002700808e+01 1.439999999999025171e+01 -1.315000000002480363e+01 -1.439999999998626556e+01 1.315000000002259384e+01 1.439999999998226166e+01 -1.315000000002036273e+01 -1.439999999997827729e+01 1.315000000001817604e+01 1.439999999997424851e+01 -1.315000000001594493e+01 -1.439999999997026592e+01 1.315000000001371205e+01 1.439999999996623714e+01
-1.335000000003421938e+01 -1.450000000000215650e+01 1.335000000003196519e+01 1.449999999999812950e+01 -1.335000000002971099e+01 -1.449999999999408651e+01 1.335000000002745146e+01 1.449999999999004885e+01 -1.335000000002520437e+01 -1.449999999998602895e+01 1.335000000002295550e+01 1.449999999998199307e+01 -1.335000000002068354e+01 -1.449999999997797495e+01 1.335000000001845777e+01 1.449999999997391065e+01 -1.335000000001618581e+01 -1.449999999996989430e+01 1.335000000001391207e+01 1.449999999996583178e+01
-1.605000000004040572e+01 -1.705000000000240234e+01 1.605000000003767369e+01 1.704999999999764526e+01 -1.605000000003494165e+01 -1.704999999999287041e+01 1.605000000003220606e+01 1.704999999998810267e+01 -1.605000000002948468e+01 -1.704999999998335980e+01 1.605000000002675975e+01 1.704999999997859561e+01 -1.605000000002400995e+01 -1.704999999997384919e+01 1.605000000002130989e+01 1.704999999996905302e+01 -1.605000000001855653e+01 -1.704999999996431015e+01 1.605000000001580318e+01 1.704999999995951399e+01
1.430000000003197336e+01 1.264999999999908553e+01 -1.430000000002940119e+01 -1.264999999999542624e+01 1.430000000002682903e+01 1.264999999999175451e+01 -1.430000000002425153e+01 -1.264999999998808633e+01 1.430000000002168825e+01 1.264999999998443769e+01 -1.430000000001911964e+01 -1.264999999998077129e+01 1.430000000001653504e+01 1.264999999997712443e+01 -1.430000000001398597e+01 -1.264999999997342783e+01 1.430000000001139782e+01 1.264999999996978453e+01 -1.430000000000881144e+01 -1.264999999996608970e+01
1.305000000002976002e+01 1.194999999999939355e+01 -1.305000000002743477e+01 -1.194999999999596518e+01 1.305000000002510951e+01 1.194999999999251905e+01 -1.305000000002278071e+01 -1.194999999998908002e+01 1.305000000002046256e+01 1.194999999998565698e+01 -1.305000000001814264e+01 -1.194999999998221973e+01 1.305000000001580318e+01 1.194999999997879847e+01 -1.305000000001350102e+01 -1.194999999997533280e+01 1.305000000001116156e+01 1.194999999997191331e+01 -1.305000000000882032e+01 -1.194999999996844942e+01
-4.150000000010012791e+00 -4.399999999999946176e+00 4.150000000009306689e+00 4.399999999998718714e+00 -4.150000000008599699e+00 -4.399999999997485922e+00 4.150000000007891821e+00 4.399999999996256683e+00 -4.150000000007187495e+00 -4.399999999995031885e+00 4.150000000006481393e+00 4.399999999993800870e+00 -4.150000000005769962e+00 -4.399999999992576072e+00 4.150000000005072742e+00 4.399999999991337951e+00 -4.150000000004359535e+00 -4.399999999990114041e+00 4.150000000003648104e+00 4.399999999988875032e+00
-4.900000000011519141e+00 -4.550000000000057554e+00 4.900000000010649615e+00 4.549999999998755484e+00 -4.900000000009780088e+00 -4.549999999997448086e+00 4.900000000008908785e+00 4.549999999996141575e+00 -4.900000000008041923e+00 -4.549999999994842170e+00 4.900000000007174172e+00 4.549999999993537436e+00 -4.900000000006299317e+00 -4.549999999992238031e+00 4.900000000005437784e+00 4.549999999990922639e+00 -4.900000000004563816e+00 -4.549999999989624122e+00 4.900000000003688072e+00 4.549999999988309618e+00
-6.950000000017666935e+00 -7.950000000001423928e+00 6.950000000016514079e+00 7.949999999999235456e+00 -6.950000000015363000e+00 -7.949999999997038991e+00 6.950000000014208368e+00 7.949999999994846078e+00 -6.950000000013060841e+00 -7.949999999992662048e+00 6.950000000011912427e+00 7.949999999990469135e+00 -6.950000000010751577e+00 -7.949999999988285104e+00 6.950000000009614709e+00 7.949999999986077981e+00 -6.950000000008453860e+00 -7.949999999983895727e+00 6.950000000007290346e+00 7.949999999981689491e+00
-2.100000000005104006e+00 -2.349999999999901945e+00 2.100000000004753620e+00 2.349999999999252687e+00 -2.100000000004402789e+00 -2.349999999998600764e+00 2.100000000004051071e+00 2.349999999997950173e+00 -2.100000000003701128e+00 -2.349999999997302247e+00 2.100000000003351186e+00 2.349999999996651656e+00 -2.100000000002997691e+00 -2.349999999996003286e+00 2.100000000002651301e+00 2.349999999995348698e+00 -2.100000000002297362e+00 -2.349999999994701216e+00 2.100000000001943423e+00 2.349999999994046185e+00
-1.800000000004787992e+00 -2.100000000000126210e+00 1.800000000004491785e+00 2.099999999999550226e+00 -1.800000000004195799e+00 -2.099999999998971578e+00 1.800000000003898926e+00 2.099999999998394262e+00 -1.800000000003604050e+00 -2.099999999997819611e+00 1.800000000003308731e+00 2.099999999997242295e+00 -1.800000000003010081e+00 -2.099999999996667199e+00 1.800000000002718092e+00 2.099999999996086331e+00 -1.800000000002419664e+00 -2.099999999995511679e+00 1.800000000002120792e+00 2.099999999994930810e+00
5.600000000013858781e+00 6.150000000000407141e+00 -5.600000000012916423e+00 -6.149999999998702727e+00 5.600000000011974954e+00 6.149999999996991207e+00 -5.600000000011029933e+00 -6.149999999995282352e+00 5.600000000010091128e+00 6.149999999993580602e+00 -5.600000000009152323e+00 -6.149999999991871746e+00 5.600000000008202861e+00 6.149999999990170885e+00 -5.600000000007272938e+00 -6.149999999988451371e+00 5.600000000006323475e+00 6.149999999986750510e+00 -5.600000000005373124e+00 -6.149999999985030996e+00
8.600000000021571722e+00 9.200000000000880362e+00 -8.600000000020111557e+00 -9.199999999998318856e+00 8.600000000018651392e+00 9.199999999995746691e+00 -8.600000000017187674e+00 -9.199999999993178079e+00 8.600000000015732837e+00 9.199999999990620125e+00 -8.600000000014276225e+00 -9.199999999988053290e+00 8.600000000012805401e+00 9.199999999985495336e+00 -8.600000000011364776e+00 -9.199999999982910737e+00 8.600000000009893952e+00 9.199999999980354559e+00 -8.600000000008419576e+00 -9.199999999977771736e+00
-1.620000000004041851e+01 -1.700000000000204636e+01 1.620000000003765095e+01 1.699999999999729638e+01 -1.620000000003488694e+01 -1.699999999999252509e+01 1.620000000003210872e+01 1.699999999998776445e+01 -1.620000000002935181e+01 -1.699999999998302158e+01 1.620000000002658780e+01 1.699999999997825739e+01 -1.620000000002379892e+01 -1.699999999997351807e+01 1.620000000002106333e+01 1.699999999996872546e+01 -1.620000000001827445e+01 -1.699999999996398259e+01 1.620000000001548557e+01 1.699999999995918998e+01
7.200000000015757351e+00 5.549999999999325695e+00 -7.200000000014417978e+00 -5.549999999997671019e+00 7.200000000013078605e+00 5.549999999996008349e+00 -7.200000000011736567e+00 -5.549999999994348343e+00 7.200000000010399859e+00 5.549999999992698108e+00 -7.200000000009062262e+00 -5.549999999991038990e+00 7.200000000007716672e+00 5.549999999989388755e+00 -7.200000000006387957e+00 -5.549999999987716315e+00 7.200000000005041478e+00 5.549999999986066967e+00 -7.200000000003694112e+00 -5.549999999984393639e+00
-1.155000000002859117e+01 -1.180000000000091198e+01 1.155000000002659810e+01 1.179999999999759730e+01 -1.155000000002460858e+01 -1.179999999999426841e+01 1.155000000002261196e+01 1.179999999999094662e+01 -1.155000000002062777e+01 -1.179999999998763727e+01 1.155000000001864180e+01 1.179999999998431548e+01 -1.155000000001663629e+01 -1.179999999998100968e+01 1.155000000001466809e+01 1.179999999997766302e+01 -1.155000000001266258e+01 -1.179999999997435900e+01 1.155000000001065530e+01 1.179999999997101234e+01
-1.125000000002660805e+01 -1.070000000000043983e+01 1.125000000002462386e+01 1.069999999999738982e+01 -1.125000000002264322e+01 -1.069999999999432916e+01 1.125000000002065548e+01 1.069999999999127382e+01 -1.125000000001867839e+01 -1.069999999998823448e+01 1.125000000001669953e+01 1.069999999998517914e+01 -1.125000000001470646e+01 -1.069999999998213802e+01 1.125000000001274536e+01 1.069999999997906137e+01 -1.125000000001074874e+01 -1.069999999997602202e+01 1.125000000000875211e+01 1.069999999997294537e+01
-1.150000000002882672e+01 -1.300000000000184208e+01 1.150000000002691003e+01 1.299999999999825739e+01 -1.150000000002499689e+01 -1.299999999999465849e+01 1.150000000002307843e+01 1.299999999999106493e+01 -1.150000000002117240e+01 -1.299999999998748557e+01 1.150000000001926281e+01 1.299999999998389200e+01 -1.150000000001733369e+01 -1.299999999998031441e+01 1.150000000001544187e+01 1.299999999997669953e+01 -1.150000000001351275e+01 -1.299999999997312194e+01 1.150000000001158185e+01 1.299999999996950706e+01
-5.150000000012806112e+00 -5.200000000000264855e+00 5.150000000011914381e+00 5.199999999998801137e+00 -5.150000000011024426e+00 -5.199999999997331201e+00 5.150000000010130918e+00 5.199999999995863043e+00 -5.150000000009241852e+00 -5.199999999994402877e+00 5.150000000008353673e+00 5.199999999992935606e+00 -5.150000000007455725e+00 -5.199999999991474553e+00 5.150000000006575540e+00 5.199999999989997512e+00 -5.150000000005677592e+00 -5.199999999988537347e+00 5.150000000004779643e+00 5.199999999987059418e+00
-5.100000000012881785e+00 -5.300000000000538947e+00 5.100000000012007817e+00 5.299999999999054801e+00 -5.100000000011132961e+00 -5.299999999997565325e+00 5.100000000010256329e+00 5.299999999996077626e+00 -5.100000000009385914e+00 -5.299999999994596145e+00 5.100000000008512835e+00 5.299999999993109334e+00 -5.100000000007632650e+00 -5.299999999991627853e+00 5.100000000006769341e+00 5.299999999990131272e+00 -5.100000000005888268e+00 -5.299999999988650679e+00 5.100000000005006306e+00 5.299999999987153210e+00
-1.100000000003238387e+00 -1.500000000001003642e+00 1.100000000003069189e+00 1.500000000000602185e+00 -1.100000000002899991e+00 -1.500000000000199396e+00 1.100000000002730349e+00 1.499999999999797051e+00 -1.100000000002562039e+00 -1.499999999999396261e+00 1.100000000002393508e+00 1.499999999998994138e+00 -1.100000000002222533e+00 -1.499999999998593347e+00 1.100000000002056444e+00 1.499999999998189226e+00 -1.100000000001885692e+00 -1.499999999997788436e+00 1.100000000001714273e+00 1.499999999997384093e+00
