-6.104853739611059815e+00 -1.466063487015989253e+01 -1.112975619223883861e+01 1.576821767342158065e+00 1.298342135291403387e+01 1.368610542374235983e+01 3.105560505877747346e+00 -1.003530009282871127e+01 -1.490276329966614455e+01 -7.483948879070140947e+00 6.104853739609736429e+00 1.466063487016079137e+01 1.112975619224121537e+01 -1.576821767340257585e+00 -1.298342135291417598e+01 -1.368610542374442929e+01 -3.105560505880037958e+00 1.003530009282809310e+01 1.490276329966770952e+01 7.483948879072617189e+00
-8.943696490380675712e+00 -1.803982017334325860e+01 -1.226338401341858386e+01 3.623347640769739364e+00 1.652288462776527567e+01 1.580046817829161654e+01 2.051679721267598566e+00 -1.338857401311457451e+01 -1.779089242953807926e+01 -7.525874377294345052e+00 8.943696490379320352e+00 1.803982017334460508e+01 1.226338401342152018e+01 -3.623347640767628608e+00 -1.652288462776573397e+01 -1.580046817829426864e+01 -2.051679721270256884e+00 1.338857401311410200e+01 1.779089242954018246e+01 7.525874377297316009e+00
-9.084988253597996888e+00 -1.711831830987448200e+01 -1.103880183958727912e+01 4.141428461297588903e+00 1.590734298553767445e+01 1.455877475881718830e+01 1.207523203823810620e+00 -1.313924609680021582e+01 -1.665363336770548131e+01 -6.438274084446323542e+00 9.084988253596822716e+00 1.711831830987586756e+01 1.103880183959006978e+01 -4.141428461295681096e+00 -1.590734298553822157e+01 -1.455877475881974448e+01 -1.207523203826265989e+00 1.313924609679989075e+01 1.665363336770755609e+01 6.438274084449110646e+00
2.039758285889983824e+01 4.042842169882825942e+01 2.712887723716566057e+01 -8.536513796310220670e+00 -3.716415106809117930e+01 -3.515256602727797031e+01 -4.160168714052083772e+00 3.026199439294173388e+01 3.973527673231048851e+01 1.644962492508373231e+01 -2.039758285889686462e+01 -4.042842169883134318e+01 -2.712887723717224020e+01 8.536513796305545299e+00 3.716415106809227353e+01 3.515256602728393176e+01 4.160168714058000816e+00 -3.026199439294074978e+01 -3.973527673231525625e+01 -1.644962492509037588e+01
-4.509111142796494498e+00 -7.268487534108738046e+00 -4.035508415245264935e+00 2.524462870142066606e+00 7.003192505304290272e+00 5.708283677024195590e+00 -2.927025827908857902e-01 -6.052376199969105031e+00 -6.822292360544908618e+00 -1.967709472742811494e+00 4.509111142796120575e+00 7.268487534109435266e+00 4.035508415246455094e+00 -2.524462870141360504e+00 -7.003192505304649984e+00 -5.708283677025327130e+00 2.927025827899161214e-01 6.052376199969097925e+00 6.822292360545870515e+00 1.967709472743960353e+00
1.839926160932179400e+01 4.180114852505369782e+01 3.074093565450691301e+01 -5.663011286271404821e+00 -3.739820468977996626e+01 -3.830121507146545667e+01 -7.627574037999798051e+00 2.933446401085542377e+01 4.211230469697116519e+01 2.017151927099881803e+01 -1.839926160931820931e+01 -4.180114852505642631e+01 -3.074093565451369514e+01 5.663011286266145028e+00 3.739820468978056311e+01 3.830121507147143234e+01 7.627574038006217805e+00 -2.933446401085386057e+01 -4.211230469697574819e+01 -2.017151927100582753e+01
-6.726536209857715498e+00 -1.105756524599672908e+01 -6.272411345859867815e+00 3.683903475179899800e+00 1.060309961301957316e+01 8.780787687062248992e+00 -2.806646010864286556e-01 -9.110728713780718024e+00 -1.042963935010962473e+01 -3.150047679666839961e+00 6.726536209857120419e+00 1.105756524599776647e+01 6.272411345861678811e+00 -3.683903475178803788e+00 -1.060309961302009363e+01 -8.780787687063961400e+00 2.806646010849385142e-01 9.110728713780680721e+00 1.042963935011107068e+01 3.150047679668595446e+00
4.590123102461886262e+00 1.612990137613456110e+00 -2.693939472497124399e+00 -4.779905922618321590e+00 -2.925176944823977720e+00 1.341154185591337367e+00 4.501798247505895745e+00 3.951027051768920106e+00 1.429126173709120984e-01 -3.783023194054707439e+00 -4.590123102462486671e+00 -1.612990137614221720e+00 2.693939472496829524e+00 4.779905922618735481e+00 2.925176944824761982e+00 -1.341154185590833769e+00 -4.501798247506082262e+00 -3.951027051769646192e+00 -1.429126173715762338e-01 3.783023194054643490e+00
-6.388215380572644264e+00 -1.171784100999649958e+01 -7.386932888195390845e+00 3.033980587285485697e+00 1.095359097809175175e+01 9.842737885847254731e+00 6.172413648711934098e-01 -9.117127143095077102e+00 -1.133506712084489543e+01 -4.208043431660995815e+00 6.388215380571873325e+00 1.171784100999747480e+01 7.386932888197302205e+00 -3.033980587284206276e+00 -1.095359097809215854e+01 -9.842737885849015100e+00 -6.172413648728551916e-01 9.117127143094887032e+00 1.133506712084633605e+01 4.208043431662895628e+00
-1.182477662345525893e+01 -2.482983759441577476e+01 -1.736444808617497060e+01 4.416704595911850717e+00 2.255659573659416850e+01 2.210016403587546563e+01 3.423705250470341799e+00 -1.807535712703019115e+01 -2.467256194884699028e+01 -1.092897897257968864e+01 1.182477662345329961e+01 2.482983759441755112e+01 1.736444808617900648e+01 -4.416704595908869102e+00 -2.255659573659469785e+01 -2.210016403587907874e+01 -3.423705250474054829e+00 1.807535712702944508e+01 2.467256194884982889e+01 1.092897897258380446e+01
-1.765494154955828066e+00 -3.531156641286124831e+00 -2.385629439609470825e+00 7.266810372117036287e-01 3.239894233196811690e+00 3.082043061309422516e+00 3.832646835392804485e-01 -2.631488403891602879e+00 -3.476764834311660834e+00 -1.455693786703419423e+00 1.765494154955565165e+00 3.531156641286391284e+00 2.385629439610045477e+00 -7.266810372112929572e-01 -3.239894233196903173e+00 -3.082043061309942544e+00 -3.832646835397990892e-01 2.631488403891513617e+00 3.476764834312075170e+00 1.455693786704000292e+00
-1.257315790785217047e+01 -2.930052011218866781e+01 -2.187166930503557438e+01 3.588830791152745725e+00 2.609059292906150063e+01 2.708250070338531046e+01 5.746796088239732647e+00 -2.032673672618681593e+01 -2.964230823800930992e+01 -1.451988652623289333e+01 1.257315790784959653e+01 2.930052011219052588e+01 2.187166930504032081e+01 -3.588830791149006494e+00 -2.609059292906185590e+01 -2.708250070338947424e+01 -5.746796088244268574e+00 2.032673672618565419e+01 2.964230823801248249e+01 1.451988652623782450e+01
-2.757603764735427898e+00 -4.210379677242419127e+00 -2.191994396934735523e+00 1.633535717990482805e+00 4.112330805190432592e+00 3.200799081687557557e+00 -3.495658136559287588e-01 -3.611738341632772631e+00 -3.896287251046219868e+00 -9.686220280875870170e-01 2.757603764735238716e+00 4.210379677242847229e+00 2.191994396935426082e+00 -1.633535717990096892e+00 -4.112330805190669736e+00 -3.200799081688223247e+00 3.495658136553833062e-01 3.611738341632798388e+00 3.896287251046795408e+00 9.686220280882449352e-01
1.059643753608152661e+00 7.075940836021162861e-01 -2.278170197066859970e-01 -9.754090524117640104e-01 -9.188450922137637589e-01 -1.047581362773841174e-01 7.956945170907940845e-01 1.040153141229312128e+00 4.270788359897846331e-01 -5.380918585072541616e-01 -1.059643753608234151e+00 -7.075940836022898139e-01 2.278170197065647606e-01 9.754090524117938754e-01 9.188450922139206334e-01 1.047581362775378278e-01 -7.956945170907692155e-01 -1.040153141229437361e+00 -4.270788359899561626e-01 5.380918585071754467e-01
-1.651349787887885867e+01 -3.834932210762644189e+01 -2.856883406167515815e+01 4.764643434339148165e+00 3.417000834794923492e+01 3.540461052093240824e+01 7.450607506777291889e+00 -2.664589609472621490e+01 -3.877473702397365685e+01 -1.893654107369587791e+01 1.651349787887550136e+01 3.834932210762887905e+01 2.856883406168137540e+01 -4.764643434334264072e+00 -3.417000834794971809e+01 -3.540461052093786520e+01 -7.450607506783222256e+00 2.664589609472470499e+01 3.877473702397782063e+01 1.893654107370232964e+01
-1.560755467194200996e+00 -1.184955619938879146e+01 -1.236923329322932119e+01 -2.691349624461905066e+00 9.205362057186265545e+00 1.351290174291583490e+01 6.680006663140374279e+00 -5.660082939297119253e+00 -1.333383322008284644e+01 -1.001477810728752260e+01 1.560755467192490364e+00 1.184955619938894245e+01 1.236923329323121479e+01 2.691349624463977186e+00 -9.205362057185716651e+00 -1.351290174291727020e+01 -6.680006663142601830e+00 5.660082939295936200e+00 1.333383322008368843e+01 1.001477810728970397e+01
3.444901014248027415e+00 7.688007748863231683e+00 5.592894134336291678e+00 -1.113166369271290534e+00 -6.901499684747671282e+00 -7.000033097520583780e+00 -1.327532755816027477e+00 5.439424745912971204e+00 7.721960049020986538e+00 3.638283725299579885e+00 -3.444901014247379489e+00 -7.688007748863745050e+00 -5.592894134337539569e+00 1.113166369270332856e+00 6.901499684747792962e+00 7.000033097521686898e+00 1.327532755817201204e+00 -5.439424745912694981e+00 -7.721960049021838302e+00 -3.638283725300865967e+00
-1.420099414734071175e+01 -3.293490407353760219e+01 -2.451630765284552638e+01 4.114255915522016416e+00 2.935290555544790791e+01 3.039215407933104984e+01 6.375214351015175751e+00 -2.289764012787127001e+01 -3.329300470994219552e+01 -1.624063421814513930e+01 1.420099414733783050e+01 3.293490407353970539e+01 2.451630765285086611e+01 -4.114255915517823325e+00 -2.935290555544832003e+01 -3.039215407933573587e+01 -6.375214351020266790e+00 2.289764012786997682e+01 3.329300470994576955e+01 1.624063421815067798e+01
-1.621584518075519910e+01 -3.233341354264742051e+01 -2.179436209252934020e+01 6.712604300425559778e+00 2.968550171706030483e+01 2.818479593195716149e+01 3.447713058294695987e+00 -2.413176615235394351e+01 -3.181630557054420905e+01 -1.327054424124015242e+01 1.621584518075280101e+01 3.233341354264986478e+01 2.179436209253460177e+01 -6.712604300421806336e+00 -2.968550171706115393e+01 -2.818479593196192567e+01 -3.447713058299439304e+00 2.413176615235312994e+01 3.181630557054800335e+01 1.327054424124546905e+01
-1.575633122707940181e+01 -3.497911515623145107e+01 -2.536408482706741907e+01 5.161845157740240886e+00 3.143219774374209408e+01 3.178891940408540151e+01 5.937918280329232523e+00 -2.480847781509495320e+01 -3.510203306340578422e+01 -1.645643690521114877e+01 1.575633122707647082e+01 3.497911515623379586e+01 2.536408482707309631e+01 -5.161845157735896805e+00 -3.143219774374266606e+01 -3.178891940409042860e+01 -5.937918280334564258e+00 2.480847781509371686e+01 3.510203306340966378e+01 1.645643690521699298e+01
