6.100523467809564337e+00 -5.675304410484281803e+00 4.694547015291244740e+00 -3.254254649410582623e+00 1.495413164721623556e+00 4.098097796852958052e-01 -2.274917687543167144e+00 3.917340801860317967e+00 -5.176307304773137830e+00 5.928580783241557128e+00 -6.100523467795963661e+00 5.675304410477361117e+00 -4.694547015291669290e+00 3.254254649418347967e+00 -1.495413164735924116e+00 -4.098097796658181080e-01 2.274917687520439546e+00 -3.917340801836582731e+00 5.176307304750686455e+00 -5.928580783222609618e+00
1.077090653558993161e+01 -9.912308341527362288e+00 8.083424343885386776e+00 -5.463278450937369080e+00 2.308348798314813877e+00 1.072538117896565835e+00 -4.348437530314368082e+00 7.198681579918488893e+00 -9.344268520316509452e+00 1.057517335259982261e+01 -1.077090653556697575e+01 9.912308341516409271e+00 -8.083424343887489982e+00 5.463278450952387288e+00 -2.308348798341196328e+00 -1.072538117861327578e+00 4.348437530273760565e+00 -7.198681579876517134e+00 9.344268520277227097e+00 -1.057517335256711100e+01
-8.173452476435468794e-01 5.325284312952135446e-01 -1.955840217482016086e-01 -1.605055145613292211e-01 5.008836527977775788e-01 -7.922318092367023334e-01 1.006030796383979631e+00 -1.121352479752576903e+00 1.126908369481036676e+00 -1.022154616372631608e+00 8.173452476439583281e-01 -5.325284312969629230e-01 1.955840217511168322e-01 1.605055145575247089e-01 -5.008836527934661387e-01 7.922318092322990779e-01 -1.006030796379918879e+00 1.121352479749257114e+00 -1.126908369478781369e+00 1.022154616371660607e+00
-6.648614260218406180e+00 6.143897065445272254e+00 -5.037772418859931989e+00 3.438515507693794770e+00 -1.502672741089825736e+00 -5.802621031473782498e-01 2.606396849803846560e+00 -4.377399312966380407e+00 5.719911432241427285e+00 -6.502518767562883717e+00 6.648614260203989268e+00 -6.143897065438214788e+00 5.037772418860914314e+00 -3.438515507702758267e+00 1.502672741105845367e+00 5.802621031258256012e-01 -2.606396849778892744e+00 4.377399312940486453e+00 -5.719911432217095637e+00 6.502518767542519562e+00
-7.622309736130356228e+00 6.854507790783788579e+00 -5.415738864713102174e+00 3.446839684894672295e+00 -1.140539821176220547e+00 -1.277404026845803120e+00 3.570306668522079008e+00 -5.513722817693737177e+00 6.917417361103949780e+00 -7.643986896729316527e+00 7.622309736115681744e+00 -6.854507790777919496e+00 5.415738864716600709e+00 -3.446839684907243573e+00 1.140539821196574710e+00 1.277404026819604743e+00 -3.570306668492627900e+00 5.513722817663936127e+00 -6.917417361076680038e+00 7.643986896707271050e+00
-9.397960552997222550e+00 8.425036037491892671e+00 -6.627410293961356835e+00 4.181047454977425915e+00 -1.325414560031829669e+00 -1.659959146754266701e+00 4.482844486639535830e+00 -6.866917774357938598e+00 8.578809305693020804e+00 -9.450947210108740393e+00 9.397960552979387927e+00 -8.425036037484964879e+00 6.627410293965999344e+00 -4.181047454993244372e+00 1.325414560057201596e+00 1.659959146721758927e+00 -4.482844486603107192e+00 6.866917774321179557e+00 -8.578809305659483186e+00 9.450947210081737992e+00
-8.029971801756230931e+00 7.285400471459091420e+00 -5.827683382647574462e+00 3.799512040486757058e+00 -1.399417987047878897e+00 -1.137660849280230924e+00 3.563377515130595530e+00 -5.640285962288483113e+00 7.165083921274672640e+00 -7.988513543972108444e+00 8.029971801740140691e+00 -7.285400471452153859e+00 5.827683382650453936e+00 -3.799512040499220422e+00 1.399417987068645619e+00 1.137660849253137707e+00 -3.563377515099855675e+00 5.640285962257127750e+00 -7.165083921245732235e+00 7.988513543948441153e+00
1.792964551794640116e+01 -1.633061980602288443e+01 1.313303924537133938e+01 -8.649905300122222584e+00 3.320058356667149546e+00 2.334779030941986910e+00 -7.761071979638271223e+00 1.242765712839836034e+01 -1.587773660885244098e+01 1.777359260333777513e+01 -1.792964551790985794e+01 1.633061980600664498e+01 -1.313303924537697043e+01 8.649905300149281828e+00 -3.320058356712851211e+00 -2.334779030881991790e+00 7.761071979569918788e+00 -1.242765712832838787e+01 1.587773660878761106e+01 -1.777359260328449508e+01
-4.309935943377093182e+00 3.950557653244488598e+00 -3.204471254859635909e+00 2.144708883186075443e+00 -8.750074629617766719e-01 -4.803457842718978354e-01 1.788679439374621927e+00 -2.921924688488620525e+00 3.769151590847024114e+00 -4.247427674270377373e+00 4.309935943368063072e+00 -3.950557653240291955e+00 3.204471254860676410e+00 -2.144708883192277149e+00 8.750074629724997610e-01 4.803457842576728254e-01 -1.788679439358302536e+00 2.921924688471816189e+00 -3.769151590831357090e+00 4.247427674257397534e+00
1.873992303833446726e+01 -1.704110096542376240e+01 1.367417719768975637e+01 -8.968729692255633879e+00 3.385360435733552720e+00 2.529391487427813168e+00 -8.196548948490697484e+00 1.306137108975962491e+01 -1.664765522483974891e+01 1.860435087547995536e+01 -1.873992303829654205e+01 1.704110096540711083e+01 -1.367417719769598783e+01 8.968729692284249211e+00 -3.385360435781609389e+00 -2.529391487364889723e+00 8.196548948419129843e+00 -1.306137108968647276e+01 1.664765522477207682e+01 -1.860435087542445132e+01
-6.118115339888455573e+00 5.440418969556050754e+00 -4.230176484857115504e+00 2.605854852449197345e+00 -7.264539910265457312e-01 -1.224057248539295539e+00 3.054749236109102206e+00 -4.586421084758844913e+00 5.669142082157896390e+00 -6.196927953320511939e+00 6.118115339877279624e+00 -5.440418969552061057e+00 4.230176484860693975e+00 -2.605854852460032234e+00 7.264539910435288128e-01 1.224057248517783858e+00 -3.054749236085188890e+00 4.586421084734888076e+00 -5.669142082136211513e+00 6.196927953303239534e+00
1.041793661080137046e+00 -9.847866067746869900e-01 8.313817779866166102e-01 -5.965955081920070180e-01 3.034103133304789091e-01 1.947479698358783873e-02 -3.404535784798622955e-01 6.281063916348771370e-01 -8.542757749021020475e-01 9.968226932326652578e-01 -1.041793661077661470e+00 9.847866067733217488e-01 -8.313817779864935975e-01 5.965955081931436643e-01 -3.034103133327569202e-01 -1.947479698038448448e-02 3.404535784760506778e-01 -6.281063916308334827e-01 8.542757748982163779e-01 -9.968226932293222653e-01
-6.048686348775485833e+00 5.476238417368533007e+00 -4.367738114474351896e+00 2.831693173116001550e+00 -1.018462374407951287e+00 -8.944626175506723564e-01 2.719831376415203117e+00 -4.278964089976383001e+00 5.419241985114946480e+00 -6.029046716671913941e+00 6.048686348763480325e+00 -5.476238417363441968e+00 4.367738114476665601e+00 -2.831693173125530816e+00 1.018462374423716010e+00 8.944626175301727544e-01 -2.719831376391995903e+00 4.278964089952757455e+00 -5.419241985093183445e+00 6.029046716654167248e+00
-1.248759053513055584e+01 1.133542060399252271e+01 -9.073660725619266287e+00 5.923707715513706340e+00 -2.193900921317915920e+00 -1.750660180860740711e+00 5.523854466968526111e+00 -8.756335390891562653e+00 1.113168519777834042e+01 -1.241738809849642600e+01 1.248759053510548078e+01 -1.133542060398166740e+01 9.073660725623671652e+00 -5.923707715533019780e+00 2.193900921350150579e+00 1.750660180818652378e+00 -5.523854466920748330e+00 8.756335390842805211e+00 -1.113168519773331511e+01 1.241738809845958080e+01
-2.141344331023073977e+00 1.916839106856845110e+00 -1.504700315508609165e+00 9.452709734153431631e-01 -2.933119223545161969e-01 -3.873585432903228210e-01 1.030111655831993378e+00 -1.572030262290790237e+00 1.960067593697746746e+00 -2.156239852439842508e+00 2.141344331019038094e+00 -1.916839106855299901e+00 1.504700315509702291e+00 -9.452709734189814750e-01 2.933119223603268821e-01 3.873585432828935415e-01 -1.030111655823680472e+00 1.572030262282412938e+00 -1.960067593690114629e+00 2.156239852433709636e+00
-1.420837681495849303e+01 1.279173203655125413e+01 -1.012294340117199098e+01 6.463250534995455432e+00 -2.170889674342311615e+00 -2.333972993110672967e+00 6.610370122250277092e+00 -1.023969816666642529e+01 1.286669321035740943e+01 -1.423420667509706128e+01 1.420837681493099680e+01 -1.279173203654014479e+01 1.012294340117832725e+01 -6.463250535018713272e+00 2.170889674380099610e+00 2.333972993061952383e+00 -6.610370122195443621e+00 1.023969816661088394e+01 -1.286669321030652746e+01 1.423420667505586756e+01
-1.274385082909172962e+00 1.002435199565419266e+00 -6.323599745118201332e-01 2.003849492423003253e-01 2.512051510228382467e-01 -6.782055408564908738e-01 1.038818447015190216e+00 -1.297744565706365538e+00 1.429638404388284822e+00 -1.421589275172440603e+00 1.274385082908127131e+00 -1.002435199566124702e+00 6.323599745142062245e-01 -2.003849492461440285e-01 -2.512051510179256764e-01 6.782055408509803929e-01 -1.038818447009626222e+00 1.297744565701295150e+00 -1.429638404384199868e+00 1.421589275169742539e+00
-1.170102782715316536e+00 1.004575377804479697e+00 -7.407131356262087740e-01 4.043447308812468943e-01 -2.839624664248258101e-02 -3.503318600657432946e-01 6.947670434050300381e-01 -9.711935878091750851e-01 1.152552937135011835e+00 -1.221092374665723401e+00 1.170102782713531075e+00 -1.004575377804139080e+00 7.407131356273437550e-01 -4.043447308837548881e-01 2.839624664610823634e-02 3.503318600613464229e-01 -6.947670434002966022e-01 9.711935878045711013e-01 -1.152552937130983057e+00 1.221092374662666957e+00
-1.889021123255462697e+01 1.709080167330829880e+01 -1.361842536766580025e+01 8.812982701891808546e+00 -3.144863885599777920e+00 -2.831096119366459440e+00 8.529928710760316335e+00 -1.339379244843593675e+01 1.694657846121979006e+01 -1.884051530046626866e+01 1.889021123251724532e+01 -1.709080167329253896e+01 1.361842536767317391e+01 -8.812982701921709960e+00 3.144863885649133994e+00 2.831096119302346725e+00 -8.529928710687789462e+00 1.339379244836214689e+01 -1.694657846115186217e+01 1.884051530041092093e+01
-6.351721832806385137e+00 5.702633958646976531e+00 -4.495332540029602697e+00 2.847996651572148430e+00 -9.218790077007511519e-01 -1.094478576551998872e+00 3.003700972050467044e+00 -4.618900188389051920e+00 5.781969272518365344e+00 -6.379058918905483822e+00 6.351721832794247291e+00 -5.702633958642194578e+00 4.495332540032634050e+00 -2.847996651582736849e+00 9.218790077178098397e-01 1.094478576530094616e+00 -3.003700972025884042e+00 4.618900188364212234e+00 -5.781969272495670609e+00 6.379058918887176688e+00
