-6.999999999984853893e+00 -7.349999999986198240e+00 6.999999999986711963e+00 7.349999999990104449e+00 -6.999999999988569144e+00 -7.349999999994013322e+00 6.999999999990430766e+00 7.349999999997924860e+00 -6.999999999992285282e+00 -7.350000000001821299e+00 6.999999999994141575e+00 7.350000000005732836e+00 -6.999999999996009414e+00 -7.350000000009630163e+00 6.999999999997850608e+00 7.350000000013553247e+00 -6.999999999999718447e+00 -7.350000000017451462e+00 7.000000000001586287e+00 7.350000000021373658e+00
-6.749999999985309529e+00 -7.949999999985109866e+00 6.749999999986986410e+00 7.949999999989225685e+00 -6.749999999988664179e+00 -7.949999999993345057e+00 6.749999999990344612e+00 7.949999999997466205e+00 -6.749999999992017941e+00 -7.950000000001573142e+00 6.749999999993692157e+00 7.950000000005693401e+00 -6.749999999995379696e+00 -7.950000000009802115e+00 6.749999999997038813e+00 7.950000000013933921e+00 -6.749999999998726352e+00 -7.950000000018041746e+00 6.750000000000415668e+00 7.950000000022173552e+00
-9.099999999980319387e+00 -8.949999999982825472e+00 9.099999999982813392e+00 8.949999999987657162e+00 -9.099999999985310950e+00 -8.949999999992495958e+00 9.099999999987810284e+00 8.949999999997334754e+00 -9.099999999990302513e+00 -8.950000000002155787e+00 9.099999999992794741e+00 8.950000000006994583e+00 -9.099999999995302957e+00 -8.950000000011817392e+00 9.099999999997779199e+00 8.950000000016672175e+00 -9.100000000000287415e+00 -8.950000000021493207e+00 9.100000000002795630e+00 8.950000000026347990e+00
-8.149999999982254550e+00 -7.849999999985486809e+00 8.149999999984512300e+00 7.849999999989748289e+00 -8.149999999986770050e+00 -7.849999999994014210e+00 8.149999999989029575e+00 7.849999999998281019e+00 -8.149999999991283772e+00 -7.850000000002530065e+00 8.149999999993539745e+00 7.850000000006796874e+00 -8.149999999995806377e+00 -7.850000000011049472e+00 8.149999999998046363e+00 7.850000000015329604e+00 -8.150000000000314770e+00 -7.850000000019582203e+00 8.150000000002583178e+00 7.850000000023862334e+00
1.719999999996250750e+01 1.704999999996834958e+01 -1.719999999996721129e+01 -1.704999999997753690e+01 1.719999999997190798e+01 1.704999999998673488e+01 -1.719999999997661888e+01 -1.704999999999593641e+01 1.719999999998130846e+01 1.705000000000510241e+01 -1.719999999998600515e+01 -1.705000000001430038e+01 1.719999999999072315e+01 1.705000000002346994e+01 -1.719999999999538787e+01 -1.705000000003269989e+01 1.720000000000010942e+01 1.705000000004186944e+01 -1.720000000000483453e+01 -1.705000000005109939e+01
-4.149999999990755306e+00 -3.349999999993808597e+00 4.149999999991990762e+00 3.349999999995716404e+00 -4.149999999993226218e+00 -3.349999999997626432e+00 4.149999999994463451e+00 3.349999999999536460e+00 -4.149999999995698019e+00 -3.350000000001439382e+00 4.149999999996932587e+00 3.350000000003349410e+00 -4.149999999998171596e+00 -3.350000000005252332e+00 4.149999999999399947e+00 3.350000000007170353e+00 -4.150000000000639844e+00 -3.350000000009073275e+00 4.150000000001879741e+00 3.350000000010990409e+00
1.789999999996062741e+01 1.794999999996643325e+01 -1.789999999996549107e+01 -1.794999999997607887e+01 1.789999999997035474e+01 1.794999999998573514e+01 -1.789999999997522906e+01 -1.794999999999539497e+01 1.789999999998008562e+01 1.795000000000501572e+01 -1.789999999998494218e+01 -1.795000000001467200e+01 1.789999999998982716e+01 1.795000000002429985e+01 -1.789999999999464819e+01 -1.795000000003398810e+01 1.789999999999954028e+01 1.795000000004361240e+01 -1.790000000000442881e+01 -1.795000000005330421e+01
-5.149999999988467358e+00 -5.049999999990705923e+00 5.149999999989881339e+00 5.049999999993435296e+00 -5.149999999991296207e+00 -5.049999999996166444e+00 5.149999999992712851e+00 5.049999999998899369e+00 -5.149999999994125943e+00 -5.050000000001621636e+00 5.149999999995539035e+00 5.050000000004353673e+00 -5.149999999996960121e+00 -5.050000000007076828e+00 5.149999999998362554e+00 5.050000000009817747e+00 -5.149999999999784528e+00 -5.050000000012540902e+00 5.150000000001205613e+00 5.050000000015281820e+00
3.099999999993021227e+00 -3.000000000000788702e-01 -3.099999999994317079e+00 2.999999999997886579e-01 3.099999999995612932e+00 -2.999999999994971134e-01 -3.099999999996907007e+00 2.999999999992053468e-01 3.099999999998202860e+00 -2.999999999989189092e-01 -3.099999999999498712e+00 2.999999999986266985e-01 3.100000000000793676e+00 -2.999999999983402610e-01 -3.100000000002089529e+00 2.999999999980431653e-01 3.100000000003384493e+00 -2.999999999977567278e-01 -3.100000000004679457e+00 2.999999999974591880e-01
-6.049999999986911625e+00 -5.599999999989242916e+00 6.049999999988617816e+00 5.599999999992314237e+00 -6.049999999990323118e+00 -5.599999999995389111e+00 6.049999999992031974e+00 5.599999999998463984e+00 -6.049999999993735500e+00 -5.600000000001528200e+00 6.049999999995439914e+00 5.600000000004603073e+00 -6.049999999997152322e+00 -5.600000000007667289e+00 6.049999999998846079e+00 5.600000000010751933e+00 -6.050000000000560263e+00 -5.600000000013817036e+00 6.050000000002273559e+00 5.600000000016902568e+00
-1.214999999997340829e+01 -1.174999999997788436e+01 1.214999999997676561e+01 1.174999999998425615e+01 -1.214999999998012647e+01 -1.174999999999063505e+01 1.214999999998349089e+01 1.174999999999701394e+01 -1.214999999998684288e+01 -1.175000000000337153e+01 1.214999999999020019e+01 1.175000000000975042e+01 -1.214999999999357172e+01 -1.175000000001610800e+01 1.214999999999690594e+01 1.175000000002250822e+01 -1.215000000000027924e+01 -1.175000000002886580e+01 1.215000000000365610e+01 1.175000000003526779e+01
-2.399999999994664179e+00 -1.649999999996958788e+00 2.399999999995416911e+00 1.649999999997945777e+00 -2.399999999996169642e+00 -1.649999999998934097e+00 2.399999999996923261e+00 1.649999999999922196e+00 -2.399999999997675104e+00 -1.650000000000906075e+00 2.399999999998427391e+00 1.650000000001894840e+00 -2.399999999999182343e+00 -1.650000000002878719e+00 2.399999999999931077e+00 1.650000000003871037e+00 -2.400000000000686029e+00 -1.650000000004855361e+00 2.400000000001440981e+00 1.650000000005847900e+00
-1.344999999997052598e+01 -1.444999999997291873e+01 1.344999999997405382e+01 1.444999999998055884e+01 -1.344999999997757989e+01 -1.444999999998820250e+01 1.344999999998111484e+01 1.444999999999585150e+01 -1.344999999998463558e+01 -1.445000000000347029e+01 1.344999999998815809e+01 1.445000000001111751e+01 -1.344999999999170015e+01 -1.445000000001873985e+01 1.344999999999519602e+01 1.445000000002641016e+01 -1.344999999999874163e+01 -1.445000000003403251e+01 1.345000000000228901e+01 1.445000000004170104e+01
-8.499999999985359267e-01 -1.599999999997156586e+00 8.499999999986674881e-01 1.599999999997917310e+00 -8.499999999987988275e-01 -1.599999999998678701e+00 8.499999999989313881e-01 1.599999999999440314e+00 -8.499999999990621724e-01 -1.600000000000199929e+00 8.499999999991931787e-01 1.600000000000961320e+00 -8.499999999993268496e-01 -1.600000000001721157e+00 8.499999999994548583e-01 1.600000000002483880e+00 -8.499999999995887512e-01 -1.600000000003243716e+00 8.499999999997224220e-01 1.600000000004006884e+00
-2.099999999996284394e+00 -2.049999999995527400e+00 2.099999999996862154e+00 2.049999999996636735e+00 -2.099999999997440359e+00 -2.049999999997746514e+00 2.099999999998019007e+00 2.049999999998857625e+00 -2.099999999998596323e+00 -2.049999999999963851e+00 2.099999999999173639e+00 2.050000000001074074e+00 -2.099999999999754063e+00 -2.050000000002180744e+00 2.100000000000327383e+00 2.050000000003294520e+00 -2.100000000000908695e+00 -2.050000000004401191e+00 2.100000000001489120e+00 2.050000000005515410e+00
-1.804999999996091731e+01 -1.894999999996435491e+01 1.804999999996570637e+01 1.894999999997443041e+01 -1.804999999997049542e+01 -1.894999999998451301e+01 1.804999999997529869e+01 1.894999999999459561e+01 -1.804999999998008064e+01 -1.895000000000463913e+01 1.804999999998486615e+01 1.895000000001472529e+01 -1.804999999998968363e+01 -1.895000000002477591e+01 1.804999999999443361e+01 1.895000000003489049e+01 -1.804999999999925109e+01 -1.895000000004493756e+01 1.805000000000406857e+01 1.895000000005505214e+01
-7.199999999984632026e+00 -7.449999999985680077e+00 7.199999999986558485e+00 7.449999999989653787e+00 -7.199999999988483168e+00 -7.449999999993630162e+00 7.199999999990413180e+00 7.449999999997608313e+00 -7.199999999992336086e+00 -7.450000000001572253e+00 7.199999999994258992e+00 7.450000000005550405e+00 -7.199999999996194333e+00 -7.450000000009515233e+00 7.199999999998103029e+00 7.450000000013505819e+00 -7.200000000000039257e+00 -7.450000000017469759e+00 7.200000000001975486e+00 7.450000000021459456e+00
1.799999999996095612e+00 2.599999999995421085e+00 -1.799999999996479083e+00 -2.599999999996713385e+00 1.799999999996862776e+00 2.599999999998006128e+00 -1.799999999997247357e+00 -2.599999999999299760e+00 1.799999999997629496e+00 2.600000000000589395e+00 -1.799999999998012523e+00 -2.600000000001882139e+00 1.799999999998398659e+00 2.600000000003172218e+00 -1.799999999998776579e+00 -2.600000000004468959e+00 1.799999999999163824e+00 2.600000000005758594e+00 -1.799999999999550404e+00 -2.600000000007054890e+00
-1.514999999996725144e+01 -1.679999999996849880e+01 1.514999999997115410e+01 1.679999999997731663e+01 -1.514999999997505675e+01 -1.679999999998613802e+01 1.514999999997896651e+01 1.679999999999496296e+01 -1.514999999998286206e+01 -1.680000000000375948e+01 1.514999999998676117e+01 1.680000000001258442e+01 -1.514999999999068336e+01 -1.680000000002138094e+01 1.514999999999454872e+01 1.680000000003023430e+01 -1.514999999999847446e+01 -1.680000000003903438e+01 1.515000000000240021e+01 1.680000000004788419e+01
-1.549999999996621547e+01 -1.524999999997131717e+01 1.549999999997046629e+01 1.524999999997955236e+01 -1.549999999997471711e+01 -1.524999999998779643e+01 1.549999999997897326e+01 1.524999999999603872e+01 -1.549999999998321876e+01 -1.525000000000425437e+01 1.549999999998746425e+01 1.525000000001249845e+01 -1.549999999999173461e+01 -1.525000000002071410e+01 1.549999999999595168e+01 1.525000000002898659e+01 -1.550000000000022204e+01 -1.525000000003720046e+01 1.550000000000449418e+01 1.525000000004547296e+01
