1.118262379213043545e+01 1.602443818808466247e+01 -1.278976341271793826e+00 -1.681488903779535349e+01 -9.113196601142888653e+00 1.118262379212730195e+01 1.602443818807887155e+01 -1.278976341272228812e+00 -1.681488903778983612e+01 -9.113196601139033959e+00 1.118262379212417557e+01 1.602443818807308062e+01 -1.278976341272679562e+00 -1.681488903778431876e+01 -9.113196601135198804e+00 1.118262379212102076e+01 1.602443818806728970e+01 -1.278976341273129425e+00 -1.681488903777880850e+01 -9.113196601131313912e+00
-3.038196601126282204e+00 -4.482749417100096778e+00 2.677050983095046188e-01 4.648200266816375326e+00 2.605040653099095493e+00 -3.038196601125438434e+00 -4.482749417098482070e+00 2.677050983096553871e-01 4.648200266814854764e+00 2.605040653098001702e+00 -3.038196601124595109e+00 -4.482749417096866473e+00 2.677050983098107073e-01 4.648200266813334203e+00 2.605040653096914571e+00 -3.038196601123745122e+00 -4.482749417095250877e+00 2.677050983099657500e-01 4.648200266811815418e+00 2.605040653095812786e+00
-5.659549150283698538e+00 -7.813776741510505275e+00 8.303695435265137093e-01 8.326973342631511343e+00 4.315983005633684755e+00 -5.659549150282098928e+00 -7.813776741507672874e+00 8.303695435266587044e-01 8.326973342628768648e+00 4.315983005631839120e+00 -5.659549150280499319e+00 -7.813776741504837808e+00 8.303695435268115821e-01 8.326973342626025953e+00 4.315983005630004143e+00 -5.659549150278887275e+00 -7.813776741502001855e+00 8.303695435269640157e-01 8.326973342623286811e+00 4.315983005628144298e+00
3.607623792128442197e+00 2.238854382005098120e+00 -2.223935688187296034e+00 -3.613322226098294010e+00 -9.220259846962397532e-03 3.607623792127274243e+00 2.238854382004180632e+00 -2.223935688186694293e+00 -3.613322226097004375e+00 -9.220259846764999878e-03 3.607623792126107176e+00 2.238854382003263144e+00 -2.223935688186095216e+00 -3.613322226095717404e+00 -9.220259846573819473e-03 3.607623792124936557e+00 2.238854382002343435e+00 -2.223935688185495252e+00 -3.613322226094424217e+00 -9.220259846369094348e-03
9.973935688193423132e+00 1.144029556873484665e+01 -2.903444185369823405e+00 -1.323472275972991063e+01 -5.276064311824649522e+00 9.973935688190476156e+00 1.144029556873060649e+01 -2.903444185369489006e+00 -1.323472275972546619e+01 -5.276064311822229236e+00 9.973935688187534510e+00 1.144029556872636633e+01 -2.903444185369166597e+00 -1.323472275972102530e+01 -5.276064311819828490e+00 9.973935688184571546e+00 1.144029556872212439e+01 -2.903444185368842856e+00 -1.323472275971658263e+01 -5.276064311817383334e+00
7.014918693816448503e+00 8.032875042074794081e+00 -2.050328890433021023e+00 -9.300047984477039620e+00 -3.697416860978452569e+00 7.014918693814375494e+00 8.032875042071818683e+00 -2.050328890432782103e+00 -9.300047984473918561e+00 -3.697416860976754371e+00 7.014918693812304262e+00 8.032875042068839733e+00 -2.050328890432552065e+00 -9.300047984470795726e+00 -3.697416860975070385e+00 7.014918693810221484e+00 8.032875042065862559e+00 -2.050328890432321138e+00 -9.300047984467674667e+00 -3.697416860973355313e+00
9.744098300564726145e+00 1.719890603217907454e+01 8.854101966378055133e-01 -1.665169243666889543e+01 -1.117672209270759431e+01 9.744098300562171744e+00 1.719890603217298519e+01 8.854101966366069165e-01 -1.665169243666354859e+01 -1.117672209270307881e+01 9.744098300559620895e+00 1.719890603216688518e+01 8.854101966353919995e-01 -1.665169243665819465e+01 -1.117672209269858286e+01 9.744098300557043402e+00 1.719890603216079228e+01 8.854101966341776375e-01 -1.665169243665285848e+01 -1.117672209269404071e+01
-6.499999999990749844e-01 -1.802583139032623016e+00 -4.640576474705413457e-01 1.515779740156294908e+00 1.400861046345458938e+00 -6.499999999989397592e-01 -1.802583139032004400e+00 -4.640576474702954313e-01 1.515779740155828614e+00 1.400861046344923810e+00 -6.499999999988050892e-01 -1.802583139031385118e+00 -4.640576474700479070e-01 1.515779740155361210e+00 1.400861046344390237e+00 -6.499999999986669774e-01 -1.802583139030766501e+00 -4.640576474698003828e-01 1.515779740154897137e+00 1.400861046343852667e+00
-6.739589803377250554e+00 -1.155574641845282002e+01 -4.022542486016665864e-01 1.130713962069639145e+01 7.390450849731879934e+00 -6.739589803375465316e+00 -1.155574641844871664e+01 -4.022542486009237916e-01 1.130713962069274814e+01 7.390450849728878779e+00 -6.739589803373682741e+00 -1.155574641844460970e+01 -4.022542486001698392e-01 1.130713962068910305e+01 7.390450849725890947e+00 -6.739589803371880627e+00 -1.155574641844050454e+01 -4.022542485994162753e-01 1.130713962068547040e+01 7.390450849722870252e+00
-6.282827057594749576e+00 -1.204931256310934629e+01 -1.164057647478054625e+00 1.132988537210209401e+01 8.166311896076543064e+00 -6.282827057593154407e+00 -1.204931256310510790e+01 -1.164057647477038770e+00 1.132988537209848623e+01 8.166311896073288779e+00 -6.282827057591561015e+00 -1.204931256310086418e+01 -1.164057647476011592e+00 1.132988537209487312e+01 8.166311896070048704e+00 -6.282827057589948083e+00 -1.204931256309662579e+01 -1.164057647474984414e+00 1.132988537209127600e+01 8.166311896066776654e+00
-9.049138953659932483e+00 -1.343869910101899556e+01 7.435661446471307778e-01 1.389824825129276675e+01 7.846023658734834427e+00 -9.049138953657424267e+00 -1.343869910101415854e+01 7.435661446476020675e-01 1.389824825128822283e+01 7.846023658731545503e+00 -9.049138953654919604e+00 -1.343869910100931797e+01 7.435661446480867909e-01 1.389824825128367713e+01 7.846023658728275230e+00 -9.049138953652391848e+00 -1.343869910100447918e+01 7.435661446485706261e-01 1.389824825127914210e+01 7.846023658724963212e+00
-8.600000000003618084e+00 -1.287968210664300095e+01 6.399186938040135608e-01 1.327517360944852420e+01 7.564589803390067146e+00 -8.600000000001239542e+00 -1.287968210663836999e+01 6.399186938044889583e-01 1.327517360944418812e+01 7.564589803386903455e+00 -8.599999999998862776e+00 -1.287968210663373547e+01 6.399186938049770124e-01 1.327517360943985203e+01 7.564589803383757527e+00 -8.599999999996466471e+00 -1.287968210662910096e+01 6.399186938054642892e-01 1.327517360943552305e+01 7.564589803380569855e+00
1.918348483847550767e+01 2.776612695906976924e+01 -2.023074641824718967e+00 -2.901645584949156031e+01 -1.591008130622025973e+01 1.918348483847015018e+01 2.776612695905975414e+01 -2.023074641825534759e+00 -2.901645584948205325e+01 -1.591008130621354510e+01 1.918348483846479979e+01 2.776612695904972483e+01 -2.023074641826378528e+00 -2.901645584947253909e+01 -1.591008130620687133e+01 1.918348483845940322e+01 2.776612695903970263e+01 -2.023074641827220521e+00 -2.901645584946304268e+01 -1.591008130620010697e+01
-4.523606797752548481e+00 -6.237586804727506262e+00 6.685661446528636809e-01 6.650783405849564289e+00 3.441844051975635033e+00 -4.523606797751269504e+00 -6.237586804725244072e+00 6.685661446529775898e-01 6.650783405847373153e+00 3.441844051974162433e+00 -4.523606797749991415e+00 -6.237586804722980105e+00 6.685661446530979379e-01 6.650783405845182017e+00 3.441844051972699159e+00 -4.523606797748702668e+00 -6.237586804720717026e+00 6.685661446532177310e-01 6.650783405842994433e+00 3.441844051971215013e+00
1.814045084972410393e+01 2.948051349697670176e+01 7.950849720817942945e-02 -2.943137454330360825e+01 -1.826909830059640427e+01 1.814045084971921185e+01 2.948051349696618573e+01 7.950849720659136644e-02 -2.943137454329407987e+01 -1.826909830058890449e+01 1.814045084971432686e+01 2.948051349695565548e+01 7.950849720497421558e-02 -2.943137454328453728e+01 -1.826909830058144379e+01 1.814045084970938859e+01 2.948051349694513590e+01 7.950849720335839699e-02 -2.943137454327502667e+01 -1.826909830057389428e+01
-5.447745751408340276e+00 -9.044146285043316524e+00 -1.418440519747115047e-01 8.956481839819716129e+00 5.677254248603917475e+00 -5.447745751406881887e+00 -9.044146285040095989e+00 -1.418440519741861472e-01 8.956481839816820667e+00 5.677254248601596665e+00 -5.447745751405425274e+00 -9.044146285036873678e+00 -1.418440519736521299e-01 8.956481839813925205e+00 5.677254248599288289e+00 -5.447745751403952674e+00 -9.044146285033651367e+00 -1.418440519731183347e-01 8.956481839811036849e+00 5.677254248596951491e+00
2.788525491566329784e+00 2.557952682566932978e+00 -1.207623792125771534e+00 -3.304305231723275060e+00 -8.345491502832710351e-01 2.788525491565471803e+00 2.557952682565955982e+00 -1.207623792125515738e+00 -3.304305231722139968e+00 -8.345491502828229491e-01 2.788525491564613823e+00 2.557952682564978097e+00 -1.207623792125263051e+00 -3.304305231721005764e+00 -8.345491502823800811e-01 2.788525491563752734e+00 2.557952682563999325e+00 -1.207623792125009476e+00 -3.304305231719869784e+00 -8.345491502819257779e-01
-5.365450849720628135e+00 -8.993285238700099882e+00 -1.927050983189242950e-01 8.874186938132401892e+00 5.677254248604537423e+00 -5.365450849719195503e+00 -8.993285238696900663e+00 -1.927050983183851707e-01 8.874186938129536628e+00 5.677254248602220166e+00 -5.365450849717764648e+00 -8.993285238693699668e+00 -1.927050983178373866e-01 8.874186938126667812e+00 5.677254248599916231e+00 -5.365450849716320469e+00 -8.993285238690496897e+00 -1.927050983172898801e-01 8.874186938123809654e+00 5.677254248597584763e+00
-1.188368810394215558e+01 -1.889054681868228514e+01 2.086881039248448255e-01 1.901952315995302456e+01 1.154602365874078629e+01 -1.188368810393892794e+01 -1.889054681867553498e+01 2.086881039257784121e-01 1.901952315994685350e+01 1.154602365873602388e+01 -1.188368810393570385e+01 -1.889054681866877416e+01 2.086881039267305393e-01 1.901952315994067177e+01 1.154602365873128633e+01 -1.188368810393244956e+01 -1.889054681866201690e+01 2.086881039276816674e-01 1.901952315993451137e+01 1.154602365872649195e+01
-2.184549150282660168e+00 -2.976518827223034513e+00 3.449593469047341765e-01 3.189715428346699078e+00 1.626393202253306747e+00 -2.184549150282039776e+00 -2.976518827221953600e+00 3.449593469047801397e-01 3.189715428345647030e+00 1.626393202252608194e+00 -2.184549150281420715e+00 -2.976518827220871799e+00 3.449593469048291561e-01 3.189715428344594983e+00 1.626393202251914527e+00 -2.184549150280796770e+00 -2.976518827219790442e+00 3.449593469048778949e-01 3.189715428343544712e+00 1.626393202251210646e+00
