-3.199999999997162003e+00 3.199999999998085709e+00 -3.199999999999009415e+00 3.199999999999933564e+00 -3.200000000000856826e+00 3.200000000001780531e+00 -3.200000000002704237e+00 3.200000000003627942e+00 -3.200000000004551648e+00 3.200000000005475798e+00 -3.200000000006399503e+00 3.200000000007322765e+00 -3.200000000008246470e+00 3.200000000009170176e+00 -3.200000000010093881e+00 3.200000000011017587e+00 -3.200000000011941736e+00 3.200000000012864554e+00 -3.200000000013788704e+00 3.200000000014712409e+00
-5.399999999994810729e+00 5.399999999996369482e+00 -5.399999999997928235e+00 5.399999999999487876e+00 -5.400000000001045741e+00 5.400000000002604494e+00 -5.400000000004163248e+00 5.400000000005722001e+00 -5.400000000007280754e+00 5.400000000008840395e+00 -5.400000000010399148e+00 5.400000000011957013e+00 -5.400000000013515766e+00 5.400000000015074519e+00 -5.400000000016633273e+00 5.400000000018192026e+00 -5.400000000019751667e+00 5.400000000021309532e+00 -5.400000000022868285e+00 5.400000000024427038e+00
2.049999999997205613e+00 -2.049999999997797140e+00 2.049999999998389111e+00 -2.049999999998981082e+00 2.049999999999572164e+00 -2.050000000000164135e+00 2.050000000000756106e+00 -2.050000000001347633e+00 2.050000000001939604e+00 -2.050000000002531575e+00 2.050000000003123102e+00 -2.050000000003714629e+00 2.050000000004306600e+00 -2.050000000004898126e+00 2.050000000005490097e+00 -2.050000000006081624e+00 2.050000000006673595e+00 -2.050000000007265122e+00 2.050000000007856649e+00 -2.050000000008448620e+00
7.299999999991063859e+00 -7.299999999993171507e+00 7.299999999995278266e+00 -7.299999999997385913e+00 7.299999999999491784e+00 -7.300000000001599432e+00 7.300000000003707079e+00 -7.300000000005813838e+00 7.300000000007921486e+00 -7.300000000010029133e+00 7.300000000012136780e+00 -7.300000000014242652e+00 7.300000000016350299e+00 -7.300000000018457058e+00 7.300000000020564705e+00 -7.300000000022672353e+00 7.300000000024779112e+00 -7.300000000026885871e+00 7.300000000028992631e+00 -7.300000000031100278e+00
6.149999999992246558e+00 -6.149999999994022026e+00 6.149999999995797495e+00 -6.149999999997572964e+00 6.149999999999347544e+00 -6.150000000001123013e+00 6.150000000002898481e+00 -6.150000000004673950e+00 6.150000000006449419e+00 -6.150000000008224887e+00 6.150000000010000356e+00 -6.150000000011774048e+00 6.150000000013549517e+00 -6.150000000015324986e+00 6.150000000017100454e+00 -6.150000000018875923e+00 6.150000000020651392e+00 -6.150000000022425972e+00 6.150000000024201441e+00 -6.150000000025976021e+00
1.094999999998616502e+01 -1.094999999998932516e+01 1.094999999999248708e+01 -1.094999999999564899e+01 1.094999999999880735e+01 -1.095000000000196749e+01 1.095000000000512941e+01 -1.095000000000829132e+01 1.095000000001145146e+01 -1.095000000001461338e+01 1.095000000001777352e+01 -1.095000000002093365e+01 1.095000000002409379e+01 -1.095000000002725571e+01 1.095000000003041585e+01 -1.095000000003357776e+01 1.095000000003673790e+01 -1.095000000003989804e+01 1.095000000004305818e+01 -1.095000000004622009e+01
-1.500000000019618140e-01 1.500000000020051127e-01 -1.500000000020484114e-01 1.500000000020917101e-01 -1.500000000021349811e-01 1.500000000021782798e-01 -1.500000000022216062e-01 1.500000000022649049e-01 -1.500000000023082036e-01 1.500000000023515023e-01 -1.500000000023948010e-01 1.500000000024380720e-01 -1.500000000024813707e-01 1.500000000025246971e-01 -1.500000000025679958e-01 1.500000000026112945e-01 -1.500000000026545932e-01 1.500000000026978642e-01 -1.500000000027411629e-01 1.500000000027844616e-01
-7.249999999990417443e+00 7.249999999992510880e+00 -7.249999999994603428e+00 7.249999999996696864e+00 -7.249999999998788525e+00 7.250000000000881073e+00 -7.250000000002974510e+00 7.250000000005067058e+00 -7.250000000007160494e+00 7.250000000009253043e+00 -7.250000000011345591e+00 7.250000000013438139e+00 -7.250000000015530688e+00 7.250000000017623236e+00 -7.250000000019716673e+00 7.250000000021809221e+00 -7.250000000023902658e+00 7.250000000025994318e+00 -7.250000000028086866e+00 7.250000000030180303e+00
-7.599999999991754684e+00 7.599999999993948485e+00 -7.599999999996142286e+00 7.599999999998336087e+00 -7.600000000000528999e+00 7.600000000002722800e+00 -7.600000000004917489e+00 7.600000000007111289e+00 -7.600000000009305090e+00 7.600000000011498891e+00 -7.600000000013692691e+00 7.600000000015885604e+00 -7.600000000018079405e+00 7.600000000020274094e+00 -7.600000000022467894e+00 7.600000000024661695e+00 -7.600000000026855496e+00 7.600000000029048408e+00 -7.600000000031242209e+00 7.600000000033436010e+00
-9.349999999990185273e+00 9.349999999992883559e+00 -9.349999999995583622e+00 9.349999999998281908e+00 -9.350000000000980194e+00 9.350000000003678480e+00 -9.350000000006378542e+00 9.350000000009078605e+00 -9.350000000011776891e+00 9.350000000014476953e+00 -9.350000000017175239e+00 9.350000000019873525e+00 -9.350000000022571811e+00 9.350000000025271873e+00 -9.350000000027970160e+00 9.350000000030670222e+00 -9.350000000033368508e+00 9.350000000036066794e+00 -9.350000000038765080e+00 9.350000000041465142e+00
-8.099999999990725286e+00 8.099999999993064748e+00 -8.099999999995402433e+00 8.099999999997740119e+00 -8.100000000000077804e+00 8.100000000002415490e+00 -8.100000000004754952e+00 8.100000000007092638e+00 -8.100000000009430323e+00 8.100000000011769785e+00 -8.100000000014107471e+00 8.100000000016445156e+00 -8.100000000018782842e+00 8.100000000021120528e+00 -8.100000000023459990e+00 8.100000000025797675e+00 -8.100000000028135361e+00 8.100000000030473046e+00 -8.100000000032810732e+00 8.100000000035150194e+00
1.644999999998320561e+01 -1.644999999998795559e+01 1.644999999999270202e+01 -1.644999999999745199e+01 1.645000000000219842e+01 -1.645000000000694840e+01 1.645000000001169482e+01 -1.645000000001644480e+01 1.645000000002119478e+01 -1.645000000002594120e+01 1.645000000003069118e+01 -1.645000000003543761e+01 1.645000000004018759e+01 -1.645000000004493401e+01 1.645000000004968399e+01 -1.645000000005443397e+01 1.645000000005918039e+01 -1.645000000006392682e+01 1.645000000006867680e+01 -1.645000000007342678e+01
-4.099999999995471711e+00 4.099999999996655653e+00 -4.099999999997839595e+00 4.099999999999022648e+00 -4.100000000000205702e+00 4.100000000001389644e+00 -4.100000000002572698e+00 4.100000000003756639e+00 -4.100000000004939693e+00 4.100000000006123635e+00 -4.100000000007307577e+00 4.100000000008490630e+00 -4.100000000009673684e+00 4.100000000010857626e+00 -4.100000000012040680e+00 4.100000000013224621e+00 -4.100000000014408563e+00 4.100000000015590729e+00 -4.100000000016774671e+00 4.100000000017958612e+00
1.904999999997757953e+01 -1.904999999998307914e+01 1.904999999998857874e+01 -1.904999999999407834e+01 1.904999999999957438e+01 -1.905000000000507399e+01 1.905000000001057359e+01 -1.905000000001607319e+01 1.905000000002157279e+01 -1.905000000002707239e+01 1.905000000003257199e+01 -1.905000000003806804e+01 1.905000000004356764e+01 -1.905000000004906724e+01 1.905000000005456684e+01 -1.905000000006006289e+01 1.905000000006556249e+01 -1.905000000007105854e+01 1.905000000007655814e+01 -1.905000000008205774e+01
-5.899999999994204103e+00 5.899999999995907629e+00 -5.899999999997610267e+00 5.899999999999313793e+00 -5.900000000001015543e+00 5.900000000002719069e+00 -5.900000000004422596e+00 5.900000000006125234e+00 -5.900000000007828760e+00 5.900000000009532286e+00 -5.900000000011235812e+00 5.900000000012937562e+00 -5.900000000014641088e+00 5.900000000016343726e+00 -5.900000000018047253e+00 5.900000000019750779e+00 -5.900000000021453417e+00 5.900000000023156055e+00 -5.900000000024859581e+00 5.900000000026562219e+00
5.999999999999653388e-01 -6.000000000001385336e-01 6.000000000003117284e-01 -6.000000000004850342e-01 6.000000000006581180e-01 -6.000000000008313128e-01 6.000000000010045076e-01 -6.000000000011777024e-01 6.000000000013508972e-01 -6.000000000015240920e-01 6.000000000016973978e-01 -6.000000000018704815e-01 6.000000000020436763e-01 -6.000000000022168711e-01 6.000000000023900659e-01 -6.000000000025632607e-01 6.000000000027365665e-01 -6.000000000029096503e-01 6.000000000030828451e-01 -6.000000000032560399e-01
-5.749999999993892885e+00 5.749999999995552891e+00 -5.749999999997212896e+00 5.749999999998872902e+00 -5.750000000000532019e+00 5.750000000002192024e+00 -5.750000000003851142e+00 5.750000000005511147e+00 -5.750000000007171153e+00 5.750000000008831158e+00 -5.750000000010491163e+00 5.750000000012150281e+00 -5.750000000013810286e+00 5.750000000015470292e+00 -5.750000000017130297e+00 5.750000000018790303e+00 -5.750000000020450308e+00 5.750000000022108537e+00 -5.750000000023768543e+00 5.750000000025428548e+00
-1.189999999998783942e+01 1.189999999999127489e+01 -1.189999999999471036e+01 1.189999999999814584e+01 -1.190000000000157954e+01 1.190000000000501501e+01 -1.190000000000845048e+01 1.190000000001188596e+01 -1.190000000001532143e+01 1.190000000001875513e+01 -1.190000000002219060e+01 1.190000000002562430e+01 -1.190000000002905978e+01 1.190000000003249525e+01 -1.190000000003593073e+01 1.190000000003936620e+01 -1.190000000004280167e+01 1.190000000004623537e+01 -1.190000000004966907e+01 1.190000000005310454e+01
-2.049999999998043165e+00 2.049999999998635136e+00 -2.049999999999227107e+00 2.049999999999818634e+00 -2.050000000000410161e+00 2.050000000001002132e+00 -2.050000000001593659e+00 2.050000000002185629e+00 -2.050000000002777600e+00 2.050000000003369127e+00 -2.050000000003961098e+00 2.050000000004552625e+00 -2.050000000005144152e+00 2.050000000005736123e+00 -2.050000000006328094e+00 2.050000000006919620e+00 -2.050000000007511591e+00 2.050000000008103118e+00 -2.050000000008694645e+00 2.050000000009286616e+00
-1.419999999998469242e+01 1.419999999998879048e+01 -1.419999999999289031e+01 1.419999999999699014e+01 -1.420000000000108642e+01 1.420000000000518625e+01 -1.420000000000928431e+01 1.420000000001338414e+01 -1.420000000001748397e+01 1.420000000002158203e+01 -1.420000000002568186e+01 1.420000000002977814e+01 -1.420000000003387797e+01 1.420000000003797780e+01 -1.420000000004207763e+01 1.420000000004617569e+01 -1.420000000005027552e+01 1.420000000005437180e+01 -1.420000000005847163e+01 1.420000000006257146e+01
