-1.324266649563117237e+00 -6.387588488857302238e+00 -1.082564866191618513e+01 -1.420401891721729370e+01 -1.619200083568208726e+01 -1.659499689604674799e+01 -1.537355903608412078e+01 -1.264725010378532843e+01 -8.682940212755063669e+00 -3.868683636098523948e+00 1.324266649563210052e+00 6.387588488857419478e+00 1.082564866191630770e+01 1.420401891721740917e+01 1.619200083568218673e+01 1.659499689604682260e+01 1.537355903608415986e+01 1.264725010378532488e+01 8.682940212755028142e+00 3.868683636098449785e+00
-6.844320123124391309e+00 -1.695159536832107605e+01 -2.539953035015661698e+01 -3.136118233238487107e+01 -3.425298328171351869e+01 -3.379186357286032205e+01 -3.002296081573774700e+01 -2.331520147170254020e+01 -1.432518776105635716e+01 -3.932924862905904817e+00 6.844320123124601807e+00 1.695159536832132829e+01 2.539953035015686922e+01 3.136118233238509845e+01 3.425298328171370343e+01 3.379186357286045705e+01 3.002296081573779674e+01 2.331520147170250468e+01 1.432518776105625768e+01 3.932924862905727625e+00
4.266143278727574994e+01 4.121682912487288064e+01 3.573763505319267608e+01 2.676019226376110538e+01 1.516327540632959980e+01 2.082071503374505639e+00 -1.120294006497608486e+01 -2.339132980429361908e+01 -3.329001320538889530e+01 -3.993003816878000833e+01 -4.266143278727596311e+01 -4.121682912487302275e+01 -3.573763505319272582e+01 -2.676019226376104854e+01 -1.516327540632945059e+01 -2.082071503374294252e+00 1.120294006497635486e+01 2.339132980429393172e+01 3.329001320538917241e+01 3.993003816878027834e+01
5.851366231443291355e+01 5.744666098818800748e+01 5.075638022999662979e+01 3.909771133439758728e+01 2.361188604361475285e+01 5.814764833199204119e+00 -1.255154607293877689e+01 -2.968922419769374343e+01 -4.392071420099001244e+01 -5.385293868468352940e+01 -5.851366231443323329e+01 -5.744666098818821354e+01 -5.075638022999671506e+01 -3.909771133439754465e+01 -2.361188604361456456e+01 -5.814764833198930560e+00 1.255154607293914282e+01 2.968922419769417331e+01 4.392071420099041035e+01 5.385293868468389888e+01
4.510539656008072029e+01 4.280457998616070370e+01 3.631375288614976427e+01 2.626828264084863562e+01 1.365148986877412440e+01 -3.016058471788394257e-01 -1.422517828139846507e+01 -2.675629115278976400e+01 -3.666831182410368939e+01 -4.299098265092310100e+01 -4.510539656008093345e+01 -4.280457998616083160e+01 -3.631375288614979979e+01 -2.626828264084856102e+01 -1.365148986877395032e+01 3.016058471790756812e-01 1.422517828139875817e+01 2.675629115279009085e+01 3.666831182410397361e+01 4.299098265092337812e+01
2.493557530425059809e+01 2.429017238651071509e+01 2.126707815599662155e+01 1.616221413912709437e+01 9.475279993552337743e+00 1.860839424051005331e+00 -5.935753073507095579e+00 -1.315131270340682512e+01 -1.907953021531349336e+01 -2.314011037484151601e+01 -2.493557530425072954e+01 -2.429017238651080035e+01 -2.126707815599665352e+01 -1.616221413912706950e+01 -9.475279993552254254e+00 -1.860839424050884539e+00 5.935753073507251010e+00 1.315131270340700631e+01 1.907953021531365678e+01 2.314011037484167232e+01
3.677154318282953227e+01 2.262526897026627637e+01 6.264275791375016667e+00 -1.070990834775190947e+01 -2.663573203748165241e+01 -3.995426469332513619e+01 -4.936179554325485697e+01 -5.393744992155805562e+01 -5.323333089722774503e+01 -4.731836254625108751e+01 -3.677154318282948964e+01 -2.262526897026611650e+01 -6.264275791374757318e+00 1.070990834775224698e+01 2.663573203748205032e+01 3.995426469332551989e+01 4.936179554325521224e+01 5.393744992155833984e+01 5.323333089722792266e+01 4.731836254625115146e+01
1.002716226450028003e+00 -1.106897470593382771e+01 -2.205715727201922505e+01 -3.088623160306801552e+01 -3.669194638777904771e+01 -3.890599781223136233e+01 -3.731165909679617698e+01 -3.206499522335132468e+01 -2.367958620748631660e+01 -1.297625430825405424e+01 -1.002716226449830828e+00 1.106897470593408883e+01 2.205715727201950926e+01 3.088623160306829263e+01 3.669194638777929640e+01 3.890599781223155418e+01 3.731165909679629777e+01 3.206499522335134600e+01 2.367958620748625620e+01 1.297625430825390680e+01
5.719032051737240607e-01 -1.264417523464743631e+01 -2.462255370535222454e+01 -3.419070506395778608e+01 -4.041203199025328274e+01 -4.267754765815939066e+01 -4.076548760932561777e+01 -3.486301760343754097e+01 -2.554791252959820014e+01 -1.373199977458838106e+01 -5.719032051735020161e-01 1.264417523464772586e+01 2.462255370535253007e+01 3.419070506395809161e+01 4.041203199025355275e+01 4.267754765815960383e+01 4.076548760932574567e+01 3.486301760343755518e+01 2.554791252959813619e+01 1.373199977458821408e+01
-1.221277853408847669e+01 -3.052462950653977103e+01 -4.584851706529146043e+01 -5.668443232829022094e+01 -6.197168041133266314e+01 -6.119270863362710600e+01 -5.442376818019080531e+01 -4.232745010458747004e+01 -2.608782630006096070e+01 -7.294544292710625655e+00 1.221277853408885505e+01 3.052462950654022222e+01 4.584851706529191517e+01 5.668443232829063305e+01 6.197168041133301131e+01 6.119270863362733337e+01 5.442376818019089768e+01 4.232745010458740609e+01 2.608782630006077952e+01 7.294544292710305911e+00
-1.179257068420158561e+01 -2.750409224107099604e+01 -4.052332161710550906e+01 -4.957584593067390699e+01 -5.377554102931845392e+01 -5.271131149578751263e+01 -4.648733153174620725e+01 -3.571284766109325659e+01 -2.144254143533152757e+01 -5.073289854908491492e+00 1.179257068420191779e+01 2.750409224107139039e+01 4.052332161710589276e+01 4.957584593067425516e+01 5.377554102931874525e+01 5.271131149578769737e+01 4.648733153174628541e+01 3.571284766109319264e+01 2.144254143533136769e+01 5.073289854908209051e+00
3.441847710841042840e+01 6.868775942668187895e+01 9.623340527650890408e+01 1.143590549203105127e+02 1.212904434821243740e+02 1.163490783556963493e+02 1.000186547881163648e+02 7.389770841893069075e+01 4.054313947409011121e+01 3.219925556862597738e+00 -3.441847710841120289e+01 -6.868775942668277423e+01 -9.623340527650975673e+01 -1.143590549203112801e+02 -1.212904434821249851e+02 -1.163490783556967187e+02 -1.000186547881164785e+02 -7.389770841893047759e+01 -4.054313947408969909e+01 -3.219925556861923610e+00
-7.348016739196353342e+00 -1.400851033579983707e+01 -1.929775333770453827e+01 -2.269799778756106079e+01 -2.387640406772130319e+01 -2.271762156104385255e+01 -1.933507997299475534e+01 -1.405988604176529932e+01 -7.408412503781564240e+00 -3.175193248259011725e-02 7.348016739196507885e+00 1.400851033580001470e+01 1.929775333770470525e+01 2.269799778756121000e+01 2.387640406772141688e+01 2.271762156104392716e+01 1.933507997299476955e+01 1.405988604176525314e+01 7.408412503781478087e+00 3.175193248245489208e-02
2.403606363302532500e+01 5.751642985583130496e+01 8.536668718381764620e+01 1.048606583855681862e+02 1.140901377373716201e+02 1.121516794947096116e+02 9.923503345640656903e+01 7.660457093225642211e+01 4.647551926982696102e+01 1.179711996728333290e+01 -2.403606363302602489e+01 -5.751642985583213630e+01 -8.536668718381847043e+01 -1.048606583855689394e+02 -1.140901377373722454e+02 -1.121516794947100237e+02 -9.923503345640672535e+01 -7.660457093225629421e+01 -4.647551926982661996e+01 -1.179711996728273959e+01
-1.064155943537596904e+01 -2.066468354817209274e+01 -2.866500445595667301e+01 -3.385939500676231972e+01 -3.573939206202909702e+01 -3.412096841127779356e+01 -2.916254663766456190e+01 -2.134949161174658983e+01 -1.144659959621606227e+01 -4.232346590589122215e-01 1.064155943537619997e+01 2.066468354817235209e+01 2.866500445595692881e+01 3.385939500676254710e+01 3.573939206202926755e+01 3.412096841127790015e+01 2.916254663766459032e+01 2.134949161174652588e+01 1.144659959621593792e+01 4.232346590587119373e-01
3.410723799604674156e+01 2.917930976670946208e+01 2.139510739320094501e+01 1.151660283956728215e+01 5.107729591065004460e-01 -1.054505493735609889e+01 -2.056865938483231560e+01 -2.857886014144437326e+01 -3.379156294678469408e+01 -3.569651213123051292e+01 -3.410723799604684814e+01 -2.917930976670949050e+01 -2.139510739320089527e+01 -1.151660283956715247e+01 -5.107729591063026042e-01 1.054505493735632626e+01 2.056865938483256429e+01 2.857886014144462550e+01 3.379156294678490013e+01 3.569651213123067635e+01
-3.278771165302242885e+00 -1.311099083310968183e+01 -2.165981536852773104e+01 -2.808842626286674715e+01 -3.176754629102294913e+01 -3.233703755070388297e+01 -2.974115426953303398e+01 -2.423399958965374168e+01 -1.635465218173549573e+01 -6.874397468706830772e+00 3.278771165302428514e+00 1.311099083310991098e+01 2.165981536852796552e+01 2.808842626286696742e+01 3.176754629102313743e+01 3.233703755070401797e+01 2.974115426953310504e+01 2.423399958965373457e+01 1.635465218173542468e+01 6.874397468706682446e+00
-1.663388763902602463e+01 -4.010411237359745229e+01 -5.964866716725988738e+01 -7.335439482188913018e+01 -7.987968322123033715e+01 -7.858579167239840046e+01 -6.959937529526543187e+01 -5.380008713686979149e+01 -3.273447160226872654e+01 -8.464577912762829115e+00 1.663388763902651846e+01 4.010411237359803494e+01 5.964866716726046292e+01 7.335439482188965599e+01 7.987968322123077769e+01 7.858579167239868468e+01 6.959937529526554556e+01 5.380008713686969912e+01 3.273447160226849206e+01 8.464577912762415224e+00
-5.833267785449409715e-01 -2.907822112478572585e+00 -4.947679558054830729e+00 -6.503223655978170648e+00 -7.422186911830831235e+00 -7.614614799336458795e+00 -7.061671136142068761e+00 -5.817481900586168209e+00 -4.003837003821109519e+00 -1.798268644749287049e+00 5.833267785449836040e-01 2.907822112478625876e+00 4.947679558054885796e+00 6.503223655978223938e+00 7.422186911830877420e+00 7.614614799336492545e+00 7.061671136142086525e+00 5.817481900586166432e+00 4.003837003821092644e+00 1.798268644749253298e+00
1.053142180073441025e+01 -2.254016522484220886e+01 -5.340536383164563006e+01 -7.904287332955797751e+01 -9.694311566189136897e+01 -1.053538903908351330e+02 -1.034518922846068136e+02 -9.142330216984409219e+01 -7.044556225509531089e+01 -4.257211988372446854e+01 -1.053142180073390932e+01 2.254016522484289453e+01 5.340536383164638323e+01 7.904287332955873069e+01 9.694311566189207952e+01 1.053538903908357014e+02 1.034518922846071831e+02 9.142330216984420588e+01 7.044556225509521141e+01 4.257211988372411327e+01
