7.626064311808785412e+00 -4.715295568712210894e+00 3.444185369597625723e-03 4.709722759720752272e+00 -7.623935688187156501e+00 7.626064311809979124e+00 -4.715295568714486407e+00 3.444185372071820184e-03 4.709722759719000784e+00 -7.623935688186809223e+00 7.626064311811171947e+00 -4.715295568716749486e+00 3.444185374574668806e-03 4.709722759717237750e+00 -7.623935688186476156e+00 7.626064311812357666e+00 -4.715295568719035657e+00 3.444185377077507021e-03 4.709722759715473828e+00 -7.623935688186124437e+00
5.785081306184519434e+00 -3.482875042057396620e+00 -1.496711095667432601e-01 3.725047984470387874e+00 -5.877583139030970294e+00 5.785081306185473338e+00 -3.482875042059157877e+00 -1.496711095648595446e-01 3.725047984469084028e+00 -5.877583139030752690e+00 5.785081306186429018e+00 -3.482875042060909365e+00 -1.496711095629539578e-01 3.725047984467770412e+00 -5.877583139030544856e+00 5.785081306187377592e+00 -3.482875042062678617e+00 -1.496711095610483155e-01 3.725047984466455908e+00 -5.877583139030322812e+00
9.855901699432397578e+00 -6.223906032147456635e+00 2.145898033680309624e-01 5.876692436658944807e+00 -9.723277907312182222e+00 9.855901699433870178e+00 -6.223906032150349432e+00 2.145898033712192454e-01 5.876692436656649754e+00 -9.723277907311670631e+00 9.855901699435344554e+00 -6.223906032153226242e+00 2.145898033744443323e-01 5.876692436654338714e+00 -9.723277907311178581e+00 9.855901699436810048e+00 -6.223906032156132362e+00 2.145898033776693359e-01 5.876692436652025009e+00 -9.723277907310659884e+00
-6.499999999992857047e-01 3.775831390303286406e-01 3.905764746931695425e-02 -4.407797401563067763e-01 6.741389536559735385e-01 -6.499999999994002797e-01 3.775831390305316448e-01 3.905764746910431878e-02 -4.407797401561637796e-01 6.741389536559556639e-01 -6.499999999995148547e-01 3.775831390307334834e-01 3.905764746888919225e-02 -4.407797401560196726e-01 6.741389536559390105e-01 -6.499999999996286526e-01 3.775831390309374314e-01 3.905764746867405185e-02 -4.407797401558754546e-01 6.741389536559206919e-01
-7.410410196621636025e+00 4.655746418431544242e+00 -1.227457514014513446e-01 -4.457139620689442694e+00 7.334549150281192809e+00 -7.410410196622756906e+00 4.655746418433727385e+00 -1.227457514038502728e-01 -4.457139620687724069e+00 7.334549150280818886e+00 -7.410410196623877788e+00 4.655746418435899869e+00 -1.227457514062768873e-01 -4.457139620685992121e+00 7.334549150280460061e+00 -7.410410196624990675e+00 4.655746418438092782e+00 -1.227457514087034463e-01 -4.457139620684258396e+00 7.334549150280082586e+00
-7.792172942402692648e+00 5.224312563087325501e+00 -6.609423525259832122e-01 -4.154885372096027041e+00 7.383688103937499747e+00 -7.792172942403697178e+00 5.224312563089499761e+00 -6.609423525284821022e-01 -4.154885372094134333e+00 7.383688103936948188e+00 -7.792172942404700819e+00 5.224312563091663364e+00 -6.609423525310095249e-01 -4.154885372092230078e+00 7.383688103936415281e+00 -7.792172942405700020e+00 5.224312563093845618e+00 -6.609423525335366145e-01 -4.154885372090324047e+00 7.383688103935857505e+00
-9.775861046339096916e+00 6.238699100991949464e+00 -3.185661446496422800e-01 -5.723248251283922450e+00 9.578976341280956319e+00 -9.775861046340523330e+00 6.238699100994794300e+00 -3.185661446527999763e-01 -5.723248251281629173e+00 9.578976341280416307e+00 -9.775861046341949745e+00 6.238699100997624036e+00 -3.185661446559940324e-01 -5.723248251279319909e+00 9.578976341279897611e+00 -9.775861046343367278e+00 6.238699101000481306e+00 -3.185661446591879775e-01 -5.723248251277008869e+00 9.578976341279350493e+00
-8.599999999995977973e+00 5.679682106617864434e+00 -5.899186938066572905e-01 -4.725173609439824673e+00 8.235410196624755486e+00 -8.599999999997132605e+00 5.679682106620296267e+00 -5.899186938094214128e-01 -4.725173609437757882e+00 8.235410196624188828e+00 -8.599999999998285460e+00 5.679682106622714777e+00 -5.899186938122171764e-01 -4.725173609435677768e+00 8.235410196623639933e+00 -8.599999999999434763e+00 5.679682106625157267e+00 -5.899186938150127180e-01 -4.725173609433596766e+00 8.235410196623067947e+00
1.689151516152178090e+01 -1.019112695901534238e+01 -4.019253581690486743e-01 1.084145584947360241e+01 -1.713991869381158040e+01 1.689151516152455912e+01 -1.019112695902047783e+01 -4.019253581635501837e-01 1.084145584946979035e+01 -1.713991869381093380e+01 1.689151516152733379e+01 -1.019112695902558308e+01 -4.019253581579877999e-01 1.084145584946594809e+01 -1.713991869381031918e+01 1.689151516153009425e+01 -1.019112695903073984e+01 -4.019253581524252494e-01 1.084145584946210406e+01 -1.713991869380965838e+01
-4.076393202248143943e+00 2.762586804715212008e+00 -3.935661446531983909e-01 -2.125783405845104390e+00 3.833155948031291782e+00 -4.076393202248653758e+00 2.762586804716338218e+00 -3.935661446545035136e-01 -2.125783405844107854e+00 3.833155948030988469e+00 -4.076393202249163572e+00 2.762586804717458655e+00 -3.935661446558235133e-01 -2.125783405843103768e+00 3.833155948030695814e+00 -4.076393202249670722e+00 2.762586804718589750e+00 -3.935661446571433464e-01 -2.125783405842099683e+00 3.833155948030389837e+00
1.808454915027158805e+01 -1.088051349692147518e+01 -4.795084972000749901e-01 1.165637454328586564e+01 -1.838090169943653862e+01 1.808454915027457588e+01 -1.088051349692698544e+01 -4.795084971941859231e-01 1.165637454328179246e+01 -1.838090169943586361e+01 1.808454915027756726e+01 -1.088051349693246195e+01 -4.795084971882284108e-01 1.165637454327768907e+01 -1.838090169943521701e+01 1.808454915028053378e+01 -1.088051349693799530e+01 -4.795084971822707320e-01 1.165637454327358036e+01 -1.838090169943452423e+01
-5.727254248591058250e+00 3.869146285026339172e+00 -5.331559480271718110e-01 -3.006481839814240331e+00 5.397745751406215042e+00 -5.727254248591781227e+00 3.869146285027925902e+00 -5.331559480290063435e-01 -3.006481839812842338e+00 5.397745751405794046e+00 -5.727254248592504204e+00 3.869146285029504639e+00 -5.331559480308617482e-01 -3.006481839811435020e+00 5.397745751405389036e+00 -5.727254248593221853e+00 3.869146285031098920e+00 -5.331559480327170419e-01 -3.006481839810026813e+00 5.397745751404964487e+00
1.111474508437233055e+00 -9.079526825615040764e-01 3.576237921239825424e-01 3.293052317192610712e-01 -8.904508497189449479e-01 1.111474508437290343e+00 -9.079526825617537655e-01 3.576237921243272666e-01 3.293052317189498757e-01 -8.904508497187870741e-01 1.111474508437347630e+00 -9.079526825620021224e-01 3.576237921246757656e-01 3.293052317186370148e-01 -8.904508497186335303e-01 1.111474508437404696e+00 -9.079526825622526998e-01 3.576237921250240981e-01 3.293052317183238209e-01 -8.904508497184751015e-01
-5.309549150278194851e+00 3.193285238682474603e+00 1.427050983164586118e-01 -3.424186938126483781e+00 5.397745751405933490e+00 -5.309549150279074148e+00 3.193285238684091976e+00 1.427050983147295504e-01 -3.424186938125287849e+00 5.397745751405735426e+00 -5.309549150279951668e+00 3.193285238685700911e+00 1.427050983129803385e-01 -3.424186938124083479e+00 5.397745751405546244e+00 -5.309549150280824747e+00 3.193285238687325833e+00 1.427050983112310989e-01 -3.424186938122877777e+00 5.397745751405344627e+00
-1.266631189605545238e+01 7.215546818644815730e+00 9.913118960715908701e-01 -8.819523159941004664e+00 1.327897634128060922e+01 -1.266631189605775987e+01 7.215546818648824079e+00 9.913118960674370816e-01 -8.819523159938253087e+00 1.327897634128033033e+01 -1.266631189606006735e+01 7.215546818652810224e+00 9.913118960632345544e-01 -8.819523159935480194e+00 1.327897634128007098e+01 -1.266631189606235885e+01 7.215546818656838113e+00 9.913118960590316942e-01 -8.819523159932707301e+00 1.327897634127978321e+01
-2.240450849717796622e+00 1.551518827216969765e+00 -2.699593469047277261e-01 -1.114715428344406956e+00 2.073606797749983244e+00 -2.240450849718059079e+00 1.551518827217576613e+00 -2.699593469054425987e-01 -1.114715428343850290e+00 2.073606797749800279e+00 -2.240450849718321980e+00 1.551518827218180352e+00 -2.699593469061656315e-01 -1.114715428343290071e+00 2.073606797749623532e+00 -2.240450849718583104e+00 1.551518827218789642e+00 -2.699593469068886087e-01 -1.114715428342729853e+00 2.073606797749439679e+00
-1.504164078649287717e+01 9.740140287706291033e+00 -7.182372542086361555e-01 -8.578007998410472013e+00 1.459774575140602870e+01 -1.504164078649499814e+01 9.740140287710616462e+00 -7.182372542134846105e-01 -8.578007998406906864e+00 1.459774575140512987e+01 -1.504164078649711733e+01 9.740140287714918799e+00 -7.182372542183886877e-01 -8.578007998403318624e+00 1.459774575140426478e+01 -1.504164078649922587e+01 9.740140287719261991e+00 -7.182372542232925428e-01 -8.578007998399726830e+00 1.459774575140335529e+01
-1.174467844092869528e+00 6.854101966238721477e-01 6.545084971965965670e-02 -7.913118960628641174e-01 1.214918693812249151e+00 -1.174467844093074698e+00 6.854101966242376331e-01 6.545084971927568607e-02 -7.913118960626048803e-01 1.214918693812215400e+00 -1.174467844093280089e+00 6.854101966246012312e-01 6.545084971888720515e-02 -7.913118960623436449e-01 1.214918693812183426e+00 -1.174467844093483926e+00 6.854101966249684930e-01 6.545084971849872424e-02 -7.913118960620824094e-01 1.214918693812149009e+00
-1.658155948030998861e+00 1.481230589874135806e+00 -7.385254915615067084e-01 -2.862712429693602401e-01 1.201722092687653065e+00 -1.658155948031017513e+00 1.481230589874461323e+00 -7.385254915620117488e-01 -2.862712429688638593e-01 1.201722092687356414e+00 -1.658155948031036164e+00 1.481230589874785064e+00 -7.385254915625223404e-01 -2.862712429683649251e-01 1.201722092687067089e+00 -1.658155948031054816e+00 1.481230589875111470e+00 -7.385254915630324879e-01 -2.862712429678654358e-01 1.201722092686769550e+00
-1.801319660111520093e+01 1.091731689579623499e+01 3.486067977628039549e-01 -1.148137454328598750e+01 1.822864745084275739e+01 -1.801319660111813192e+01 1.091731689580169196e+01 3.486067977569439202e-01 -1.148137454328190721e+01 1.822864745084204685e+01 -1.801319660112107002e+01 1.091731689580711873e+01 3.486067977510157734e-01 -1.148137454327779849e+01 1.822864745084136473e+01 -1.801319660112398680e+01 1.091731689581259879e+01 3.486067977450875155e-01 -1.148137454327368800e+01 1.822864745084063998e+01
