-3.224342219127123599e+00 -1.319885804768950521e+01 -1.813185871471922184e+01 -1.613910563193702075e+01 -7.981762745779814594e+00 3.224342219127288800e+00 1.319885804768861526e+01 1.813185871471762312e+01 1.613910563193531900e+01 7.981762745778659962e+00 -3.224342219127454445e+00 -1.319885804768772353e+01 -1.813185871471602084e+01 -1.613910563193361725e+01 -7.981762745777521317e+00 3.224342219127604547e+00 1.319885804768683357e+01 1.813185871471442212e+01 1.613910563193191194e+01 7.981762745776347145e+00
-4.167908363783441317e+00 -1.612644118672092830e+01 -2.192522159390678027e+01 -1.934931256309320702e+01 -9.382623792123480300e+00 4.167908363783614512e+00 1.612644118671983051e+01 2.192522159390484404e+01 1.934931256309115710e+01 9.382623792122107176e+00 -4.167908363783787706e+00 -1.612644118671873272e+01 -2.192522159390289715e+01 -1.934931256308911429e+01 -9.382623792120753592e+00 4.167908363783942249e+00 1.612644118671763493e+01 2.192522159390095382e+01 1.934931256308705727e+01 9.382623792119355599e+00
-9.670288237346515103e+00 -2.247238720493996667e+01 -2.669079806859414461e+01 -2.071423125690528977e+01 -6.825532155904303622e+00 9.670288237346264637e+00 2.247238720493826847e+01 2.669079806859166126e+01 2.071423125690295919e+01 6.825532155903015763e+00 -9.670288237346015947e+00 -2.247238720493657027e+01 -2.669079806858917081e+01 -2.071423125690063216e+01 -6.825532155901751885e+00 9.670288237345744164e+00 2.247238720493487207e+01 2.669079806858668036e+01 2.071423125689828737e+01 6.825532155900435605e+00
-8.030901699440098795e+00 -1.944984471900229650e+01 -2.343960813181286085e+01 -1.847623792124922204e+01 -6.455572808998280898e+00 8.030901699439924712e+00 1.944984471900084344e+01 2.343960813181069369e+01 1.847623792124715791e+01 6.455572808997112055e+00 -8.030901699439752406e+00 -1.944984471899938683e+01 -2.343960813180851588e+01 -1.847623792124510089e+01 -6.455572808995962752e+00 8.030901699439560559e+00 1.944984471899793377e+01 2.343960813180634162e+01 1.847623792124302611e+01 6.455572808994767264e+00
2.270742052666255972e+01 5.157334422022420739e+01 6.074000333515714090e+01 4.670604565284174470e+01 1.483196601124564040e+01 -2.270742052666192023e+01 -5.157334422022029230e+01 -6.074000333515147076e+01 -4.670604565283646536e+01 -1.483196601124276981e+01 2.270742052666128075e+01 5.157334422021637721e+01 6.074000333514577221e+01 4.670604565283120024e+01 1.483196601123995073e+01 -2.270742052666059152e+01 -5.157334422021245501e+01 -6.074000333514008787e+01 -4.670604565282589249e+01 -1.483196601123701086e+01
-2.748277907313635193e+00 -8.749061313157184827e+00 -1.140800066703126348e+01 -9.709471509780790655e+00 -4.302254248592880970e+00 2.748277907313666724e+00 8.749061313156568431e+00 1.140800066703023852e+01 9.709471509779744380e+00 4.302254248592214836e+00 -2.748277907313699586e+00 -8.749061313155950259e+00 -1.140800066702921001e+01 -9.709471509778699883e+00 -4.302254248591558472e+00 2.748277907313721791e+00 8.749061313155333863e+00 1.140800066702818505e+01 9.709471509777651832e+00 4.302254248590879904e+00
1.549290836378731129e+01 4.410797101100563111e+01 5.587528790681383839e+01 4.630014395340477051e+01 1.903991869380839930e+01 -1.549290836378726510e+01 -4.410797101100244078e+01 -5.587528790680876511e+01 -4.630014395339972566e+01 -1.903991869380530488e+01 1.549290836378721892e+01 4.410797101099926465e+01 5.587528790680367763e+01 4.630014395339468081e+01 1.903991869380226021e+01 -1.549290836378712477e+01 -4.410797101099608852e+01 -5.587528790679859014e+01 -4.630014395338961464e+01 -1.903991869379910895e+01
-6.381762745782895152e+00 -1.286291569515758937e+01 -1.443087204340633711e+01 -1.048672575837447241e+01 -2.537006664342730922e+00 6.381762745782644686e+00 1.286291569515658040e+01 1.443087204340496399e+01 1.048672575837325205e+01 2.537006664342131401e+00 -6.381762745782394219e+00 -1.286291569515557320e+01 -1.443087204340358376e+01 -1.048672575837203524e+01 -2.537006664341544315e+00 6.381762745782131319e+00 1.286291569515456423e+01 1.443087204340220886e+01 1.048672575837080956e+01 2.537006664340927919e+00
1.310787504206373200e+01 1.252279373587525058e+01 7.154430856686730067e+00 -9.466814395948874861e-01 -8.686193602469641561e+00 -1.310787504206261112e+01 -1.252279373587396982e+01 -7.154430856685785933e+00 9.466814395951423933e-01 8.686193602469110431e+00 1.310787504206149023e+01 1.252279373587269262e+01 7.154430856684833806e+00 -9.466814395953901951e-01 -8.686193602468566866e+00 -1.310787504206036402e+01 -1.252279373587141365e+01 -7.154430856683882567e+00 9.466814395956584249e-01 8.686193602468044617e+00
-7.080369543533317156e+00 -1.540230223306415169e+01 -1.784107897456258840e+01 -1.346516994374917431e+01 -3.946023658717255245e+00 7.080369543533088006e+00 1.540230223306296686e+01 1.784107897456091152e+01 1.346516994374763598e+01 3.946023658716446114e+00 -7.080369543532858856e+00 -1.540230223306178559e+01 -1.784107897455922753e+01 -1.346516994374610299e+01 -3.946023658715652083e+00 7.080369543532616383e+00 1.540230223306060076e+01 1.784107897455755065e+01 1.346516994374455933e+01 3.946023658714823412e+00
-1.018647450844121138e+01 -2.809751282990960775e+01 -3.527625624968814577e+01 -2.898066877793648644e+01 -1.161545084971622366e+01 1.018647450844114033e+01 2.809751282990756849e+01 3.527625624968492701e+01 2.898066877793331031e+01 1.161545084971430697e+01 -1.018647450844107105e+01 -2.809751282990552923e+01 -3.527625624968170115e+01 -2.898066877793014129e+01 -1.161545084971241870e+01 1.018647450844097158e+01 2.809751282990348997e+01 3.527625624967848950e+01 2.898066877792696161e+01 1.161545084971046116e+01
-1.342202598442256978e-01 -2.309878040719155479e+00 -3.603240919906303574e+00 -3.520288237343638382e+00 -2.092705098312166001e+00 1.342202598443091865e-01 2.309878040719018255e+00 3.603240919905999373e+00 3.520288237343282223e+00 2.092705098311894663e+00 -1.342202598443928974e-01 -2.309878040718880587e+00 -3.603240919905693840e+00 -3.520288237342926063e+00 -2.092705098311625989e+00 1.342202598444734996e-01 2.309878040718743364e+00 3.603240919905390083e+00 3.520288237342569904e+00 2.092705098311350209e+00
-9.256637120816526121e+00 -3.017251282991012218e+01 -3.956351416396958598e+01 -3.384259780178025068e+01 -1.519495934690357686e+01 9.256637120816664677e+00 3.017251282990800476e+01 3.956351416396604037e+01 3.384259780177661980e+01 1.519495934690124450e+01 -9.256637120816805009e+00 -3.017251282990588379e+01 -3.956351416396248055e+01 -3.384259780177298893e+01 -1.519495934689894412e+01 9.256637120816908038e+00 3.017251282990376993e+01 3.956351416395892073e+01 3.384259780176934385e+01 1.519495934689656735e+01
-4.087993335656749494e+00 -4.902379873562917822e+00 -3.844223925531436770e+00 -1.317705098312536460e+00 1.712132289312637834e+00 4.087993335656443961e+00 4.902379873562461299e+00 3.844223925531008224e+00 1.317705098312295320e+00 -1.712132289312598754e+00 -4.087993335656138427e+00 -4.902379873562006551e+00 -3.844223925530576125e+00 -1.317705098312056622e+00 1.712132289312555011e+00 4.087993335655829341e+00 4.902379873561550028e+00 3.844223925530145358e+00 1.317705098311811263e+00 -1.712132289312520150e+00
-4.727912029469127475e+00 -5.765576474687767572e+00 -4.600986671312444543e+00 -1.678976341281057216e+00 1.884345884812642202e+00 4.727912029468778421e+00 5.765576474687234665e+00 4.600986671311935616e+00 1.678976341280763229e+00 -1.884345884812608896e+00 -4.727912029468428479e+00 -5.765576474686703534e+00 -4.600986671311423137e+00 -1.678976341280471463e+00 1.884345884812570482e+00 4.727912029468074984e+00 5.765576474686170627e+00 4.600986671310911547e+00 1.678976341280172146e+00 -1.884345884812542282e+00
-1.232991502813068863e+01 -4.586838120763042781e+01 -6.188668477475108887e+01 -5.426637820896696951e+01 -2.591815961371442256e+01 1.232991502813111850e+01 4.586838120762728721e+01 6.188668477474560348e+01 5.426637820896120701e+01 2.591815961371059984e+01 -1.232991502813155549e+01 -4.586838120762413240e+01 -6.188668477474009677e+01 -5.426637820895545161e+01 -2.591815961370681975e+01 1.232991502813193208e+01 4.586838120762099180e+01 6.188668477473459717e+01 5.426637820894967490e+01 2.591815961370292598e+01
9.749223594979756768e-01 -1.132352915725212306e+01 -1.929677740853191992e+01 -1.989931256309337471e+01 -1.290098667131093713e+01 -9.749223594973583928e-01 1.132352915725152265e+01 1.929677740853033896e+01 1.989931256309140650e+01 1.290098667130934018e+01 9.749223594967402207e-01 -1.132352915725091691e+01 -1.929677740852875090e+01 -1.989931256308943830e+01 -1.290098667130775922e+01 -9.749223594961389239e-01 1.132352915725031650e+01 1.929677740852716639e+01 1.989931256308747365e+01 1.290098667130614274e+01
-9.756577808738517987e-01 4.467501832844890330e+00 8.204227591219138915e+00 8.807217261187229695e+00 6.046149283686541587e+00 9.756577808735324986e-01 -4.467501832844678944e+00 -8.204227591218479887e+00 -8.807217261186373491e+00 -6.046149283685815945e+00 -9.756577808732136425e-01 4.467501832844465781e+00 8.204227591217820859e+00 8.807217261185517287e+00 6.046149283685096520e+00 9.756577808729018919e-01 -4.467501832844254395e+00 -8.204227591217163607e+00 -8.807217261184661083e+00 -6.046149283684362885e+00
-1.521458980338008971e+01 -4.065956747872357369e+01 -5.057397234506362338e+01 -4.117083872168628744e+01 -1.604184405196544461e+01 1.521458980337992628e+01 4.065956747872060362e+01 5.057397234505899775e+01 4.117083872168176129e+01 1.604184405196274810e+01 -1.521458980337976641e+01 -4.065956747871763355e+01 -5.057397234505435790e+01 -4.117083872167724223e+01 -1.604184405196009067e+01 1.521458980337956213e+01 4.065956747871465637e+01 5.057397234504972516e+01 4.117083872167270187e+01 1.604184405195733731e+01
-1.710032889044260784e+01 -4.108403532281701587e+01 -4.937503665687572152e+01 -3.880645218377965477e+01 -1.341512195927775331e+01 1.710032889044222415e+01 4.108403532281393211e+01 4.937503665687115273e+01 3.880645218377531336e+01 1.341512195927530549e+01 -1.710032889044184401e+01 -4.108403532281085546e+01 -4.937503665686656262e+01 -3.880645218377097905e+01 -1.341512195927290207e+01 1.710032889044141768e+01 4.108403532280777881e+01 4.937503665686197962e+01 3.880645218376662342e+01 1.341512195927039741e+01
