-1.284360038722841679e+01 -3.402324506806360915e+01 -2.715312298505365618e+01 2.102834579465699072e+00 2.962515329269458420e+01 3.272362182523464469e+01 8.843771328244878660e+00 -2.232714510245529027e+01 -3.509090456228016564e+01 -1.892468728016801194e+01 1.284360038721976416e+01 3.402324506805951643e+01 2.715312298505753574e+01 -2.102834579457086850e+00 -2.962515329268831010e+01 -3.272362182523588103e+01 -8.843771328252605812e+00 2.232714510244746364e+01 3.509090456227867350e+01 1.892468728017409063e+01
-1.385518644017629164e+01 -3.453003722776769280e+01 -2.673730684700884197e+01 3.098447926385704765e+00 3.037975083926006548e+01 3.261509109688922337e+01 7.961588258595399203e+00 -2.325568277043402787e+01 -3.530028298750262650e+01 -1.824228871317725265e+01 1.385518644016760703e+01 3.453003722776379192e+01 2.673730684701297022e+01 -3.098447926376985073e+00 -3.037975083925390862e+01 -3.261509109689070129e+01 -7.961588258603299550e+00 2.325568277042625098e+01 3.530028298750135463e+01 1.824228871318355516e+01
-1.610447307047063248e+01 -4.098567568177134746e+01 -3.207707837150578456e+01 3.276808474967904949e+00 3.592919776385177499e+01 3.896049666961685887e+01 9.871612964931520295e+00 -2.735571963536427020e+01 -4.203019009996177857e+01 -2.205373214825070960e+01 1.610447307046028698e+01 4.098567568176660814e+01 3.207707837151060204e+01 -3.276808474957546569e+00 -3.592919776384437824e+01 -3.896049666961852154e+01 -9.871612964940872814e+00 2.735571963535496920e+01 4.203019009996016564e+01 2.205373214825813477e+01
1.473964438076230010e+01 2.469470320034718469e+01 1.429072032104629919e+01 -7.894953901651689421e+00 -2.357179526288596350e+01 -1.981535334951306737e+01 2.774503272689639033e-01 2.014151577073769417e+01 2.340032153044344554e+01 7.367212018256696915e+00 -1.473964438075666195e+01 -2.469470320034583821e+01 -1.429072032105038303e+01 7.894953901645576089e+00 2.357179526288283711e+01 1.981535334951549387e+01 -2.774503272629713635e-01 -2.014151577073309696e+01 -2.340032153044403529e+01 -7.367212018261975359e+00
1.338713968547018140e+01 2.402746757261679278e+01 1.485884249277030555e+01 -6.559850605841798910e+00 -2.257040937948166004e+01 -1.997325693708507188e+01 -9.095623562531289785e-01 1.890400225899286468e+01 2.313254983053292690e+01 8.289941017624125053e+00 -1.338713968546458588e+01 -2.402746757261519761e+01 -1.485884249277405544e+01 6.559850605835825910e+00 2.257040937947836667e+01 1.997325693708716443e+01 9.095623562588914801e-01 -1.890400225898819642e+01 -2.313254983053320046e+01 -8.289941017629107733e+00
-3.758748569459966937e+00 -7.501752122516418098e+00 -5.060089958478137362e+00 1.553259616782802777e+00 6.886056149930911197e+00 6.541784885991992482e+00 8.042732093811642002e-01 -5.596305023415527380e+00 -7.383124329569193733e+00 -3.083078170109831984e+00 3.758748569458169264e+00 7.501752122515795485e+00 5.060089958479210281e+00 -1.553259616780927388e+00 -6.886056149929771664e+00 -6.541784885992527165e+00 -8.042732093829336737e-01 5.596305023413986390e+00 7.383124329569150213e+00 3.083078170111320127e+00
-4.361452497050296806e+00 -8.098753136252305751e+00 -5.159202813843054791e+00 2.033746481126488703e+00 7.550015190858788472e+00 6.841828686415656335e+00 4.930368103149348480e-01 -6.262229154534686870e+00 -7.854728697338030585e+00 -2.971558223573172786e+00 4.361452497048392551e+00 8.098753136251723106e+00 5.159202813844284030e+00 -2.033746481124471650e+00 -7.550015190857638281e+00 -6.841828686416318916e+00 -4.930368103168664140e-01 6.262229154533083708e+00 7.854728697338077659e+00 2.971558223574827906e+00
-7.697784641241554482e+00 -2.012159912143099305e+01 -1.595657379099583295e+01 1.363521618502341104e+00 1.755948958807097782e+01 1.927889641680095423e+01 5.104212400469466004e+00 -1.327853486967194918e+01 -2.071406633735889002e+01 -1.107231054654392466e+01 7.697784641236449232e+00 2.012159912142860563e+01 1.595657379099814932e+01 -1.363521618497250065e+00 -1.755948958806729010e+01 -1.927889641680171451e+01 -5.104212400474043676e+00 1.327853486966733954e+01 2.071406633735803382e+01 1.107231054654753599e+01
-2.746545369293231786e+00 -4.905498037416639256e+00 -3.020213433793301760e+00 1.355024207097859534e+00 4.613139924656159074e+00 4.068047021851308287e+00 1.691361654970574557e-01 -3.869215534434320425e+00 -4.717671823660045227e+00 -1.676740311772103365e+00 2.746545369292090477e+00 4.905498037416317736e+00 3.020213433794070035e+00 -1.355024207096640509e+00 -4.613139924655490276e+00 -4.068047021851739053e+00 -1.691361654982349583e-01 3.869215534433370074e+00 4.717671823660105623e+00 1.676740311773122993e+00
-1.829477340133938590e+00 -3.021480547854806797e+00 -1.722486072101455878e+00 9.965767269338654533e-01 2.894032277840727030e+00 2.405562258212585292e+00 -6.612424014314355336e-02 -2.483295964562933111e+00 -2.853165249951944649e+00 -8.708009479874317949e-01 1.829477340133252028e+00 3.021480547854650034e+00 1.722486072101961474e+00 -9.965767269331180511e-01 -2.894032277840351330e+00 -2.405562258212889493e+00 6.612424014240858572e-02 2.483295964562375335e+00 2.853165249952024141e+00 8.708009479880817194e-01
5.573003582126709432e+00 1.340613466367704198e+01 1.018685290898634932e+01 -1.430770849326844729e+00 -1.186882491827487129e+01 -1.252186964868033314e+01 -2.851515702971736843e+00 9.169711894905722360e+00 1.363115854216490064e+01 6.854676030585025615e+00 -5.573003582123361888e+00 -1.340613466367558360e+01 -1.018685290898799778e+01 1.430770849323464322e+00 1.186882491827253361e+01 1.252186964868096375e+01 2.851515702974817934e+00 -9.169711894902739857e+00 -1.363115854216446721e+01 -6.854676030587501856e+00
8.968760518781408564e+00 2.154554546655328195e+01 1.635954723689333790e+01 -2.313744266496535307e+00 -1.907951675173908868e+01 -2.011557286858296578e+01 -4.567757395397123332e+00 1.474585200245398475e+01 2.190254607445731239e+01 1.100213513799172382e+01 -8.968760518776029755e+00 -2.154554546655094072e+01 -1.635954723689598822e+01 2.313744266491102319e+00 1.907951675173533346e+01 2.011557286858398186e+01 4.567757395402075815e+00 -1.474585200244919392e+01 -2.190254607445661961e+01 -1.100213513799570642e+01
-1.670229829626898166e+01 -3.887558826127246903e+01 -2.899869661207316440e+01 4.785575852710452160e+00 3.462447843197335828e+01 3.591793972855623451e+01 7.599592098378760596e+00 -2.698408341082471296e+01 -3.932128464940501544e+01 -1.924085902540625170e+01 1.670229829625933604e+01 3.887558826126840472e+01 2.899869661207806715e+01 -4.785575852700663546e+00 -3.462447843196671471e+01 -3.591793972855821693e+01 -7.599592098387732975e+00 2.698408341081617223e+01 3.932128464940392831e+01 1.924085902541352411e+01
6.793492406979071419e+00 1.072657517444136310e+01 5.816352983307746527e+00 -3.889042163009803765e+00 -1.038819624122937313e+01 -8.323014934020037003e+00 6.039053755750045660e-01 9.032948281106238042e+00 1.001496219313507119e+01 2.740345877677155872e+00 -6.793492406976668896e+00 -1.072657517444089592e+01 -5.816352983309611702e+00 3.889042163007158326e+00 1.038819624122811902e+01 8.323014934021202293e+00 -6.039053755723742256e-01 -9.032948281104316024e+00 -1.001496219313544778e+01 -2.740345877679511322e+00
-1.399464214649779592e+01 -2.922298110846143615e+01 -2.035903250065367587e+01 5.289502998805669876e+00 2.657721620996318634e+01 2.595388847160489121e+01 3.933409556543951968e+00 -2.132988821447886352e+01 -2.900819700758000153e+01 -1.277129257882269187e+01 1.399464214649071359e+01 2.922298110845881070e+01 2.035903250065770109e+01 -5.289502998798347733e+00 -2.657721620995857492e+01 -2.595388847160679191e+01 -3.933409556550798492e+00 2.132988821447273153e+01 2.900819700757963204e+01 1.277129257882838687e+01
-1.170055810846502808e+01 -2.324004462395578585e+01 -1.561975287669623391e+01 4.877923853205052396e+00 2.135409628213542632e+01 2.022532188814116694e+01 2.422195575300550185e+00 -1.737786021348137666e+01 -2.285109547507004280e+01 -9.485213624466448223e+00 1.170055810845946809e+01 2.324004462395387094e+01 1.561975287669956813e+01 -4.877923853199243709e+00 -2.135409628213190913e+01 -2.022532188814283671e+01 -2.422195575306035131e+00 1.737786021347661602e+01 2.285109547506992200e+01 9.485213624471068528e+00
-1.064599374961221656e+01 -2.705454537470244247e+01 -2.115853180784406007e+01 2.181199461077562685e+00 2.372268555890325814e+01 2.570648997151315740e+01 6.497105828017437190e+00 -1.806868399492840993e+01 -2.773811778912187265e+01 -1.453942913066738640e+01 1.064599374960538825e+01 2.705454537469931964e+01 2.115853180784724685e+01 -2.181199461070725043e+00 -2.372268555889838026e+01 -2.570648997151425519e+01 -6.497105828023611807e+00 1.806868399492227439e+01 2.773811778912081394e+01 1.453942913067228915e+01
-6.003421690243881947e+00 -1.257892788384058669e+01 -8.783994909300723464e+00 2.252722556041902635e+00 1.143222910119676783e+01 1.118666877698308681e+01 1.718488757586400517e+00 -9.166464081103507411e+00 -1.249431356266930848e+01 -5.521482418206708154e+00 6.003421690240831943e+00 1.257892788383945160e+01 8.783994909302451859e+00 -2.252722556038750046e+00 -1.143222910119477831e+01 -1.118666877698389683e+01 -1.718488757589346605e+00 9.166464081100865968e+00 1.249431356266914328e+01 5.521482418209156862e+00
-4.616012360754632837e+00 -1.260118635707845414e+01 -1.019757064340548958e+01 6.132230902691493402e-01 1.091845762105623763e+01 1.222219364460564783e+01 3.449592728868271507e+00 -8.166954179717169637e+00 -1.305042317484073955e+01 -7.174738376977960463e+00 4.616012360751411414e+00 1.260118635707689805e+01 1.019757064340689467e+01 -6.132230902659561167e-01 -1.091845762105387685e+01 -1.222219364460606528e+01 -3.449592728871123448e+00 8.166954179714240425e+00 1.305042317484014092e+01 7.174738376980189791e+00
-2.421817097825068044e-01 -1.423336283381031242e+00 -1.431050443065843059e+00 -2.589644080604561749e-01 1.126619523212646357e+00 1.583385089438832161e+00 7.347612853313064685e-01 -7.196213944923832706e-01 -1.580726971164854389e+00 -1.138634608610978649e+00 2.421817097821097886e-01 1.423336283380771672e+00 1.431050443065936317e+00 2.589644080608239363e-01 -1.126619523212305962e+00 -1.583385089438800186e+00 -7.347612853316087822e-01 7.196213944919969130e-01 1.580726971164700956e+00 1.138634608611186039e+00
