-6.907091636214499175e+00 -3.548558813284724778e+00 9.100221593901977712e+00 -2.075687436902121874e+00 -7.817376207875039285e+00 6.907091636213167796e+00 3.548558813285202618e+00 -9.100221593900947425e+00 2.075687436901001881e+00 7.817376207874696448e+00 -6.907091636211836416e+00 -3.548558813285700886e+00 9.100221593899915362e+00 -2.075687436899879224e+00 -7.817376207874366045e+00 6.907091636210515695e+00 3.548558813286169844e+00 -9.100221593898883299e+00 2.075687436898775218e+00 7.817376207874035643e+00
-7.154711762651176699e+00 -3.577612795067633300e+00 9.365798068589000991e+00 -2.210768743088157962e+00 -7.999467844094357183e+00 7.154711762649808904e+00 3.577612795068135121e+00 -9.365798068587947611e+00 2.210768743086999333e+00 7.999467844094015234e+00 -7.154711762648439333e+00 -3.577612795068658258e+00 9.365798068586894232e+00 -2.210768743085839372e+00 -7.999467844093685720e+00 7.154711762647083084e+00 3.577612795069151197e+00 -9.365798068585839076e+00 2.210768743084697618e+00 7.999467844093357982e+00
-7.919098300558517600e+00 -3.350155281004216334e+00 9.989608131808573432e+00 -2.823762078745448711e+00 -8.244427191000555766e+00 7.919098300557067205e+00 3.350155281004816743e+00 -9.989608131807498737e+00 2.823762078744179504e+00 8.244427191000260891e+00 -7.919098300555618586e+00 -3.350155281005438468e+00 9.989608131806424041e+00 -2.823762078742908965e+00 -8.244427190999980226e+00 7.919098300554178849e+00 3.350155281006028218e+00 -9.989608131805349345e+00 2.823762078741657078e+00 8.244427190999701338e+00
1.806757947333472814e+01 5.901655779790389467e+00 -2.171500333514639181e+01 7.518954347146536321e+00 1.706803398875053190e+01 -1.806757947333160885e+01 -5.901655779791884271e+00 2.171500333514420689e+01 -7.518954347143678163e+00 -1.706803398875010203e+01 1.806757947332848246e+01 5.901655779793427037e+00 -2.171500333514201486e+01 7.518954347140817340e+00 1.706803398874970412e+01 -1.806757947332538450e+01 -5.901655779794898748e+00 2.171500333513982639e+01 -7.518954347137996486e+00 -1.706803398874930622e+01
-4.201722092685564292e+00 -1.425938686845767966e+00 5.083000667029391906e+00 -1.715528490216581714e+00 -4.022745751406628045e+00 4.201722092684833321e+00 1.425938686846111692e+00 -5.083000667028874986e+00 1.715528490215916024e+00 4.022745751406520576e+00 -4.201722092684100573e+00 -1.425938686846466519e+00 5.083000667028358066e+00 -1.715528490215249224e+00 -4.022745751406420212e+00 4.201722092683374932e+00 1.425938686846805137e+00 -5.083000667027840258e+00 1.715528490214592194e+00 4.022745751406319847e+00
1.823209163620888162e+01 6.542028989008887407e+00 -2.227528790680238302e+01 7.224856046583615132e+00 1.781008130618795349e+01 -1.823209163620566642e+01 -6.542028989010352902e+00 2.227528790680008797e+01 -7.224856046580718782e+00 -1.781008130618743834e+01 1.823209163620245477e+01 6.542028989011867246e+00 -2.227528790679778936e+01 7.224856046577818880e+00 1.781008130618695162e+01 -1.823209163619926443e+01 -6.542028989013310536e+00 2.227528790679549076e+01 -7.224856046574960722e+00 -1.781008130618647201e+01
-5.543237254215899412e+00 -1.962084304846327010e+00 6.755872043403305049e+00 -2.213274241621856042e+00 -5.387993335656182659e+00 5.543237254214925080e+00 1.962084304846774430e+00 -6.755872043402612270e+00 2.213274241620975857e+00 5.387993335656029004e+00 -5.543237254213951637e+00 -1.962084304847237171e+00 6.755872043401917715e+00 -2.213274241620094784e+00 -5.387993335655886007e+00 5.543237254212984411e+00 1.962084304847677929e+00 -6.755872043401223159e+00 2.213274241619226146e+00 5.387993335655743010e+00
1.592124957937751883e+00 -2.227937358732191564e-01 -1.454430856687480622e+00 1.121681439592625340e+00 7.611936024693229941e-01 -1.592124957937556262e+00 2.227937358730340822e-01 1.454430856687400464e+00 -1.121681439592389529e+00 -7.611936024693870539e-01 1.592124957937360641e+00 -2.227937358728452333e-01 -1.454430856687318530e+00 1.121681439592153495e+00 7.611936024694548886e-01 -1.592124957937165686e+00 2.227937358726617134e-01 1.454430856687239260e+00 -1.121681439591919904e+00 -7.611936024695223901e-01
-5.794630456465843515e+00 -2.097697766940513020e+00 7.091078974559484216e+00 -2.284830056246723196e+00 -5.678976341281495976e+00 5.794630456464820334e+00 2.097697766940977537e+00 -7.091078974558752357e+00 2.284830056245802155e+00 5.678976341281328999e+00 -5.794630456463797152e+00 -2.097697766941457598e+00 7.091078974558019610e+00 -2.284830056244880225e+00 -5.678976341281173568e+00 5.794630456462781964e+00 2.097697766941915010e+00 -7.091078974557285974e+00 2.284830056243971175e+00 5.678976341281018136e+00
-1.186352549155597025e+01 -4.227487170099778702e+00 1.447625624968102542e+01 -4.719331222055613395e+00 -1.155954915028171470e+01 1.186352549155388481e+01 4.227487170100733493e+00 -1.447625624967953861e+01 4.719331222053729569e+00 1.155954915028138252e+01 -1.186352549155179403e+01 -4.227487170101722036e+00 1.447625624967804647e+01 -4.719331222051843078e+00 -1.155954915028107344e+01 1.186352549154972458e+01 4.227487170102662617e+00 -1.447625624967655611e+01 4.719331222049984120e+00 1.155954915028076435e+01
-2.090779740155137567e+00 -4.651219592824591409e-01 2.378240919905530326e+00 -1.004711762654872276e+00 -1.757294901687953992e+00 2.090779740154799615e+00 4.651219592826477123e-01 -2.378240919905310502e+00 1.004711762654546092e+00 1.757294901687933786e+00 -2.090779740154461663e+00 -4.651219592828417793e-01 2.378240919905089346e+00 -1.004711762654219687e+00 -1.757294901687918021e+00 2.090779740154125932e+00 4.651219592830277971e-01 -2.378240919904869521e+00 1.004711762653897722e+00 1.757294901687902033e+00
-1.339336287917981316e+01 -6.302487170100502745e+00 1.728851416396117457e+01 -4.382402198210854749e+00 -1.458004065309411779e+01 1.339336287917729607e+01 6.302487170101470859e+00 -1.728851416395926677e+01 4.382402198208693811e+00 1.458004065309353159e+01 -1.339336287917477364e+01 -6.302487170102478053e+00 1.728851416395735185e+01 -4.382402198206531097e+00 -1.458004065309297026e+01 1.339336287917227430e+01 6.302487170103429293e+00 -1.728851416395543694e+01 4.382402198204402133e+00 1.458004065309241071e+01
-1.237006664342993334e+00 3.523798735618263178e-01 1.019223925530360564e+00 -9.822949016866137084e-01 -4.121322893123047781e-01 1.237006664342860773e+00 -3.523798735616696098e-01 -1.019223925530325481e+00 9.822949016864344074e-01 4.121322893123791631e-01 -1.237006664342727769e+00 3.523798735615101818e-01 1.019223925530288621e+00 -9.822949016862549954e-01 -4.121322893124567122e-01 1.237006664342594986e+00 -3.523798735613546951e-01 -1.019223925530254649e+00 9.822949016860770266e-01 4.121322893125339837e-01
-6.470879705305203622e-01 -7.344235253138216013e-01 1.100986671311915854e+00 5.397634128247447149e-02 -1.134345884812800298e+00 6.470879705303527185e-01 7.344235253138373665e-01 -1.100986671311758425e+00 -5.397634128258804731e-02 1.134345884812712812e+00 -6.470879705301850748e-01 -7.344235253138553521e-01 1.100986671311601439e+00 5.397634128270201170e-02 -1.134345884812626215e+00 6.470879705300190965e-01 7.344235253138702291e-01 -1.100986671311443343e+00 -5.397634128281347810e-02 1.134345884812539618e+00
-1.792008497186487403e+01 -7.631618792384223582e+00 2.263668477473960294e+01 -6.358621791021265679e+00 -1.870684038628210999e+01 1.792008497186158422e+01 7.631618792385578054e+00 -2.263668477473716578e+01 6.358621791018393310e+00 1.870684038628143497e+01 -1.792008497185829796e+01 -7.631618792386981376e+00 2.263668477473472862e+01 -6.358621791015516500e+00 -1.870684038628079549e+01 1.792008497185504012e+01 7.631618792388312755e+00 -2.263668477473228435e+01 6.358621791012683211e+00 1.870684038628015244e+01
-7.074922359495945834e+00 -2.826470842753170398e+00 8.821777408527522013e+00 -2.625687436902470751e+00 -7.199013328687966506e+00 7.074922359494668633e+00 2.826470842753718404e+00 -8.821777408526587649e+00 2.625687436901340099e+00 7.199013328687725810e+00 -7.074922359493391433e+00 -2.826470842754285950e+00 8.821777408525653286e+00 -2.625687436900209004e+00 -7.199013328687499325e+00 7.074922359492124890e+00 2.826470842754824631e+00 -8.821777408524717146e+00 2.625687436899093452e+00 7.199013328687272839e+00
2.825657780873798597e+00 1.057498167157004509e+00 -3.479227591217372240e+00 1.092782738811622245e+00 2.803850716312501490e+00 -2.825657780873296332e+00 -1.057498167157228552e+00 3.479227591217010307e+00 -1.092782738811172383e+00 -2.803850716312415337e+00 2.825657780872793623e+00 1.057498167157460367e+00 -3.479227591216647042e+00 1.092782738810722076e+00 2.803850716312334512e+00 -2.825657780872294911e+00 -1.057498167157680857e+00 3.479227591216284665e+00 -1.092782738810278209e+00 -2.803850716312254132e+00
-1.588541019661633591e+01 -6.615432521288873602e+00 1.997397234505326580e+01 -5.729161278303738669e+00 -1.643315594803121726e+01 1.588541019661343867e+01 6.615432521290085077e+00 -1.997397234505113062e+01 5.729161278301195814e+00 1.643315594803064172e+01 -1.588541019661054321e+01 -6.615432521291340073e+00 1.997397234504898833e+01 -5.729161278298648519e+00 -1.643315594803009461e+01 1.588541019660766906e+01 6.615432521292531121e+00 -1.997397234504684604e+01 5.729161278296140303e+00 1.643315594802955104e+01
-1.519967110955448142e+01 -5.865964677195486310e+00 1.882503665686665428e+01 -5.768547816210078061e+00 -1.525987804071935372e+01 1.519967110955175826e+01 5.865964677196677357e+00 -1.882503665686468253e+01 5.768547816207654222e+00 1.525987804071886700e+01 -1.519967110954903511e+01 -5.865964677197911037e+00 1.882503665686270367e+01 -5.768547816205227718e+00 -1.525987804071840692e+01 1.519967110954633505e+01 5.865964677199085209e+00 -1.882503665686072480e+01 5.768547816202835854e+00 1.525987804071794862e+01
-1.653508130617836613e+01 -5.726578139289406622e+00 2.007430123549035983e+01 -6.680022324646851750e+00 -1.594582039325002576e+01 1.653508130617547778e+01 5.726578139290751324e+00 -2.007430123548830991e+01 6.680022324644228959e+00 1.594582039324958522e+01 -1.653508130617258232e+01 -5.726578139292140435e+00 2.007430123548625645e+01 -6.680022324641604392e+00 -1.594582039324917666e+01 1.653508130616971172e+01 5.726578139293463821e+00 -2.007430123548420653e+01 6.680022324639015352e+00 1.594582039324876810e+01
