-1.578348483849590522e+01 -6.406415526905561819e+00 1.974286738017464060e+01 -5.795347549421642874e+00 -1.616114561801111904e+01 1.578348483848504280e+01 6.406415526908573632e+00 -1.974286738016565579e+01 5.795347549413076393e+00 1.616114561800743488e+01 -1.578348483847418038e+01 -6.406415526911570346e+00 1.974286738015666387e+01 -5.795347549404490373e+00 -1.616114561800370808e+01 1.578348483846336414e+01 6.406415526914599035e+00 -1.974286738014767195e+01 5.795347549395905240e+00 1.616114561800002036e+01
-1.620828157302703687e+01 -6.454490168749447143e+00 2.019737587736218387e+01 -6.028174607015224673e+00 -1.647175908010515855e+01 1.620828157301592043e+01 6.454490168752584189e+00 -2.019737587735302498e+01 6.028174607006425489e+00 1.647175908010144241e+01 -1.620828157300481109e+01 -6.454490168755704360e+00 2.019737587734385897e+01 -6.028174606997607654e+00 -1.647175908009768719e+01 1.620828157299373729e+01 6.454490168758858282e+00 -2.019737587733469297e+01 6.028174606988790707e+00 1.647175908009397105e+01
-1.883865111656317382e+01 -7.610595133655365885e+00 2.354225758377200606e+01 -6.939320225017944210e+00 -1.925352182588832761e+01 1.883865111655022062e+01 7.610595133658973666e+00 -2.354225758376129818e+01 6.939320225007718612e+00 1.925352182588395422e+01 -1.883865111653726743e+01 -7.610595133662562795e+00 2.354225758375059030e+01 -6.939320224997469921e+00 -1.925352182587952754e+01 1.883865111652436752e+01 7.610595133666191003e+00 -2.354225758373987532e+01 6.939320224987223007e+00 1.925352182587514349e+01
1.112679973320599025e+01 4.369737752999868441e+00 -1.382744618648072610e+01 4.176093967853696576e+00 1.124647817413197792e+01 -1.112679973319838034e+01 -4.369737753002041813e+00 1.382744618647447332e+01 -4.176093967847656074e+00 -1.124647817412946083e+01 1.112679973319077220e+01 4.369737753004206304e+00 -1.382744618646821699e+01 4.176093967841602250e+00 1.124647817412691531e+01 -1.112679973318319249e+01 -4.369737753006392111e+00 1.382744618646195711e+01 -4.176093967835548426e+00 -1.124647817412439998e+01
1.066413528798731392e+01 3.976829389217440891e+00 -1.312195101798055497e+01 4.132982338604237249e+00 1.056762745781847457e+01 -1.066413528798009303e+01 -3.976829389219597388e+00 1.312195101797467700e+01 -4.132982338598445438e+00 -1.056762745781617951e+01 1.066413528797286858e+01 3.976829389221745448e+00 -1.312195101796879548e+01 4.132982338592641192e+00 1.056762745781385782e+01 -1.066413528796567611e+01 -3.976829389223913935e+00 1.312195101796291219e+01 -4.132982338586837834e+00 -1.056762745781156099e+01
-4.693237254227413224e+00 -1.680118293592356205e+00 5.731607464786822703e+00 -1.862209929817812304e+00 -4.580698433971154060e+00 4.693237254224257526e+00 1.680118293593329870e+00 -5.731607464784273631e+00 1.862209929815262566e+00 4.580698433970183281e+00 -4.693237254221102717e+00 -1.680118293594299095e+00 5.731607464781723671e+00 -1.862209929812707498e+00 -4.580698433969199179e+00 4.693237254217960341e+00 1.680118293595277867e+00 -5.731607464779171934e+00 1.862209929810152875e+00 4.580698433968227512e+00
-4.153521825881570706e+00 -6.685181601870375800e-01 4.566688770972840317e+00 -2.153850716315980574e+00 -3.235535821595813655e+00 4.153521825879050944e+00 6.685181601881836633e-01 -4.566688770971031985e+00 2.153850716313716163e+00 3.235535821595406869e+00 -4.153521825876531182e+00 -6.685181601893263048e-01 4.566688770969222766e+00 -2.153850716311447755e+00 -3.235535821594987649e+00 4.153521825874018525e+00 6.685181601904767179e-01 -4.566688770967410882e+00 2.153850716309179347e+00 3.235535821594580419e+00
-9.262132289327936974e+00 -3.792405863906449071e+00 1.160596801235419484e+01 -3.380476840071147127e+00 -9.516718427006887637e+00 9.262132289321550971e+00 3.792405863908204999e+00 -1.160596801234890307e+01 3.380476840066120481e+00 9.516718427004708047e+00 -9.262132289315166744e+00 -3.792405863909952046e+00 1.160596801234361131e+01 -3.380476840061082289e+00 -9.516718427002503589e+00 9.262132289308805611e+00 3.792405863911718189e+00 -1.160596801233831599e+01 3.380476840056044541e+00 9.516718427000322222e+00
-2.105040653097675740e+00 -9.220879705309548147e-01 2.674922359502675651e+00 -7.311049649084603308e-01 -2.223074641845095289e+00 2.105040653096204917e+00 9.220879705313329566e-01 -2.674922359501440194e+00 7.311049649073185774e-01 2.223074641844566379e+00 -2.105040653094733649e+00 -9.220879705317092112e-01 2.674922359500204294e+00 -7.311049649061740485e-01 -2.223074641844032140e+00 2.105040653093268155e+00 9.220879705320894626e-01 -2.674922359498967950e+00 7.311049649050296306e-01 2.223074641843502786e+00
-1.575532155909297849e+00 -2.757354213746287530e-01 1.745946018220760454e+00 -8.033185604080874676e-01 -1.249467844094753755e+00 1.575532155908334841e+00 2.757354213750558558e-01 -1.745946018220061902e+00 8.033185604072287100e-01 1.249467844094587221e+00 -1.575532155907371390e+00 -2.757354213754815708e-01 1.745946018219363793e+00 -8.033185604063682872e-01 -1.249467844094415803e+00 1.575532155906411269e+00 2.757354213759102279e-01 -1.745946018218664131e+00 8.033185604055079754e-01 1.249467844094249269e+00
6.933281573011691457e+00 3.107043651749501034e+00 -8.853540154320679534e+00 2.364745084381672857e+00 7.392047317442389520e+00 -6.933281573006822462e+00 -3.107043651750722280e+00 8.853540154316572597e+00 -2.364745084377912310e+00 -7.392047317440608722e+00 6.933281573001953468e+00 3.107043651751936864e+00 -8.853540154312463883e+00 2.364745084374143325e+00 7.392047317438811049e+00 -6.933281572997104902e+00 -3.107043651753165658e+00 8.853540154308353394e+00 -2.364745084370374784e+00 -7.392047317437029363e+00
9.454508497203493178e+00 3.902816060530876818e+00 -1.186658147444815370e+01 3.431134620946542757e+00 9.746023658725169625e+00 -9.454508497196966843e+00 -3.902816060532657616e+00 1.186658147444273403e+01 -3.431134620941412194e+00 -9.746023658722926086e+00 9.454508497190438732e+00 3.902816060534430420e+00 -1.186658147443731437e+01 3.431134620936269197e+00 9.746023658720659455e+00 -9.454508497183935489e+00 -3.902816060536221876e+00 1.186658147443189293e+01 -3.431134620931127532e+00 -9.746023658718414140e+00
-1.783209163624821159e+01 -6.113584803623466790e+00 2.161049483798807458e+01 -7.242435519954623757e+00 -1.713442352532398516e+01 1.783209163623631355e+01 6.113584803627260200e+00 -2.161049483797853910e+01 7.242435519944933731e+00 1.713442352532044666e+01 -1.783209163622441551e+01 -6.113584803631037623e+00 2.161049483796899651e+01 -7.242435519935222388e+00 -1.713442352531685842e+01 1.783209163621256366e+01 6.113584803634848797e+00 -2.161049483795945392e+01 7.242435519925513709e+00 1.713442352531331281e+01
3.606966011255507976e+00 8.474945014675960842e-01 -4.130746418440331524e+00 1.705447184034851071e+00 3.076722092688552568e+00 -3.606966011253230686e+00 -8.474945014684986955e-01 4.130746418438614675e+00 -1.705447184032887309e+00 -3.076722092688051191e+00 3.606966011250953841e+00 8.474945014693979761e-01 -4.130746418436897827e+00 1.705447184030919772e+00 3.076722092687540488e+00 -3.606966011248684545e+00 -8.474945014703043622e-01 4.130746418435178313e+00 -1.705447184028952012e+00 -3.076722092687039112e+00
-1.227274575142663160e+01 -4.625639452436884902e+00 1.513154815273205500e+01 -4.726171608355384635e+00 -1.221061346210177589e+01 1.227274575141830404e+01 4.625639452439350485e+00 -1.513154815272526044e+01 4.726171608348720632e+00 1.221061346209910781e+01 -1.227274575140997648e+01 -4.625639452441804522e+00 1.513154815271846587e+01 -4.726171608342041530e+00 -1.221061346209640774e+01 1.227274575140168089e+01 4.625639452444282540e+00 -1.513154815271166775e+01 4.726171608335361540e+00 1.221061346209373966e+01
-1.076856614467398821e+01 -4.160972008562040081e+00 1.334018827219957615e+01 -4.083717759978438444e+00 -1.081631189606963162e+01 1.076856614466664652e+01 4.160972008564168156e+00 -1.334018827219356140e+01 4.083717759972591566e+00 1.081631189606723531e+01 -1.076856614465930662e+01 -4.160972008566284686e+00 1.334018827218754133e+01 -4.083717759966731364e+00 -1.081631189606480881e+01 1.076856614465199513e+01 4.160972008568424307e+00 -1.334018827218152126e+01 4.083717759960872939e+00 1.081631189606241072e+01
-1.286942719102189159e+01 -4.259985337247919723e+00 1.550224292101422030e+01 -5.320927689794364923e+00 -1.221372875703899119e+01 1.286942719101335442e+01 4.259985337250710380e+00 -1.550224292100742041e+01 5.320927689787370518e+00 1.221372875703652205e+01 -1.286942719100481902e+01 -4.259985337253489490e+00 1.550224292100061696e+01 -5.320927689780360126e+00 -1.221372875703401562e+01 1.286942719099631560e+01 4.259985337256293469e+00 -1.550224292099381174e+01 5.320927689773352398e+00 1.221372875703154293e+01
-5.784016994384595378e+00 -2.306714761312556483e+00 7.209645119225408294e+00 -2.149090969192682721e+00 -5.881433855347957262e+00 5.784016994380627885e+00 2.306714761313674256e+00 -7.209645119222138021e+00 2.149090969189543010e+00 5.881433855346629436e+00 -5.784016994376660392e+00 -2.306714761314787143e+00 7.209645119218865084e+00 -2.149090969186396194e+00 -5.881433855345286510e+00 5.784016994372709775e+00 2.306714761315910689e+00 -7.209645119215592146e+00 2.149090969183249378e+00 5.881433855343958683e+00
-6.209016994385698318e+00 -2.424419859624671769e+00 7.707390870632448987e+00 -2.339009663005908735e+00 -6.261803398879383309e+00 6.209016994381457266e+00 2.424419859625889462e+00 -7.707390870628967328e+00 2.339009663002538097e+00 6.261803398877987981e+00 -6.209016994377216214e+00 -2.424419859627101825e+00 7.707390870625483004e+00 -2.339009662999159023e+00 -6.261803398876574889e+00 6.209016994372991149e+00 2.424419859628326623e+00 -7.707390870621996903e+00 2.339009662995781280e+00 6.261803398875176896e+00
-1.825000000002469536e+00 5.795268256324648259e-02 1.789183272438831018e+00 -1.163728757032882477e+00 -1.069959346906723896e+00 1.825000000001479439e+00 -5.795268256262064988e-02 -1.789183272438228167e+00 1.163728757031884165e+00 1.069959346906739883e+00 -1.825000000000489120e+00 5.795268256199637147e-02 1.789183272437625982e+00 -1.163728757030884076e+00 -1.069959346906749431e+00 1.824999999999501243e+00 -5.795268256136876239e-02 -1.789183272437021133e+00 1.163728757029884431e+00 1.069959346906765418e+00
