-7.025657780869837943e+00 -2.801141952325093332e+00 8.756858714718728010e+00 -2.610894368051863701e+00 -7.143237254225702770e+00 7.025657780867091695e+00 2.801141952323847217e+00 -8.756858714715205494e+00 2.610894368050942660e+00 7.143237254222746913e+00 -7.025657780864344559e+00 -2.801141952322574902e+00 8.756858714711682978e+00 -2.610894368050007408e+00 -7.143237254219802601e+00 7.025657780861590318e+00 2.801141952321332784e+00 -8.756858714708158686e+00 2.610894368049101910e+00 7.143237254216840526e+00
-6.907091636212705943e+00 -3.548558813294429903e+00 9.100221593905386541e+00 -2.075687436895009785e+00 -7.817376207881743255e+00 6.907091636210018315e+00 3.548558813292881808e+00 -9.100221593901736128e+00 2.075687436894313009e+00 7.817376207878520056e+00 -6.907091636207329799e+00 -3.548558813291306624e+00 9.100221593898083938e+00 -2.075687436893600690e+00 -7.817376207875309291e+00 6.907091636204634177e+00 3.548558813289761638e+00 -9.100221593894431749e+00 2.075687436892920346e+00 7.817376207872081650e+00
-7.154711762648640949e+00 -3.577612795079076591e+00 9.365798068592711800e+00 -2.210768743079500442e+00 -7.999467844102285952e+00 7.154711762645856510e+00 3.577612795077512065e+00 -9.365798068588954806e+00 2.210768743078753040e+00 7.999467844098987257e+00 -7.154711762643070294e+00 -3.577612795075920893e+00 9.365798068585196035e+00 -2.210768743077989207e+00 -7.999467844095700109e+00 7.154711762640276973e+00 3.577612795074360363e+00 -9.365798068581435487e+00 2.210768743077258680e+00 7.999467844092395197e+00
-7.919098300557514847e+00 -3.350155281015077868e+00 9.989608131813364267e+00 -2.823762078738018211e+00 -8.244427191008727007e+00 7.919098300554423098e+00 3.350155281013595054e+00 -9.989608131809347924e+00 2.823762078737031000e+00 8.244427191005318178e+00 -7.919098300551327796e+00 -3.350155281012082931e+00 9.989608131805333358e+00 -2.823762078736026915e+00 -8.244427191001923561e+00 7.919098300548227165e+00 3.350155281010604114e+00 -9.989608131801313462e+00 2.823762078735057468e+00 8.244427190998507626e+00
1.806757947333333547e+01 5.901655779812474911e+00 -2.171500333515654546e+01 7.518954347131582061e+00 1.706803398876728295e+01 -1.806757947332625136e+01 -5.901655779809800606e+00 2.171500333514779157e+01 -7.518954347128874005e+00 -1.706803398876019884e+01 1.806757947331916725e+01 5.901655779807060576e+00 -2.171500333513904124e+01 7.518954347126128646e+00 1.706803398875314315e+01 -1.806757947331206537e+01 -5.901655779804396040e+00 2.171500333513028025e+01 -7.518954347123458781e+00 -1.706803398874604127e+01
-4.201722092685513665e+00 -1.425938686850952042e+00 5.083000667032054665e+00 -1.715528490213249713e+00 -4.022745751410732318e+00 4.201722092683866983e+00 1.425938686850308112e+00 -5.083000667030006525e+00 1.715528490212633539e+00 4.022745751409063431e+00 -4.201722092682220300e+00 -1.425938686849649306e+00 5.083000667027960162e+00 -1.715528490212009149e+00 -4.022745751407401649e+00 4.201722092680569176e+00 1.425938686849007819e+00 -5.083000667025909358e+00 1.715528490211402302e+00 4.022745751405728321e+00
1.823209163620632722e+01 6.542028989032420583e+00 -2.227528790681224891e+01 7.224856046567116330e+00 1.781008130620530849e+01 -1.823209163619918627e+01 -6.542028989029483377e+00 2.227528790680327830e+01 -7.224856046564536172e+00 -1.781008130619792595e+01 1.823209163619204531e+01 6.542028989026479557e+00 -2.227528790679431125e+01 7.224856046561919598e+00 1.781008130619057184e+01 -1.823209163618488304e+01 -6.542028989023551233e+00 2.227528790678532999e+01 -7.224856046559379408e+00 -1.781008130618317509e+01
-5.543237254215401144e+00 -1.962084304853181305e+00 6.755872043406397687e+00 -2.213274241617194882e+00 -5.387993335661334093e+00 5.543237254213230436e+00 1.962084304852299121e+00 -6.755872043403677196e+00 2.213274241616403071e+00 5.387993335659100325e+00 -5.543237254211058840e+00 -1.962084304851396732e+00 6.755872043400957594e+00 -2.213274241615600602e+00 -5.387993335656875438e+00 5.543237254208881915e+00 1.962084304850517436e+00 -6.755872043398233551e+00 2.213274241614821225e+00 5.387993335654637228e+00
1.592124957938595209e+00 -2.227937358714174865e-01 -1.454430856689245877e+00 1.121681439591898588e+00 7.611936024713554794e-01 -1.592124957937958829e+00 2.227937358713507621e-01 1.454430856688649909e+00 -1.121681439591465379e+00 -7.611936024710264093e-01 1.592124957937322005e+00 -2.227937358712890337e-01 -1.454430856688054829e+00 1.121681439591029950e+00 7.611936024707006698e-01 -1.592124957936685181e+00 2.227937358712214211e-01 1.454430856687456863e+00 -1.121681439590598739e+00 -7.611936024703694903e-01
-5.794630456465150736e+00 -2.097697766947915099e+00 7.091078974562692316e+00 -2.284830056241603735e+00 -5.678976341287005347e+00 5.794630456462882329e+00 2.097697766946973630e+00 -7.091078974559837711e+00 2.284830056240788831e+00 5.678976341284651674e+00 -5.794630456460612145e+00 -2.097697766946011289e+00 7.091078974556983106e+00 -2.284830056239961937e+00 -5.678976341282307772e+00 5.794630456458338408e+00 2.097697766945073372e+00 -7.091078974554124947e+00 2.284830056239159468e+00 5.678976341279948770e+00
-1.186352549155422409e+01 -4.227487170115264981e+00 1.447625624968746827e+01 -4.719331222044715446e+00 -1.155954915029313312e+01 1.186352549154957714e+01 4.227487170113365167e+00 -1.447625624968164004e+01 4.719331222043028795e+00 1.155954915028834051e+01 -1.186352549154493019e+01 -4.227487170111422721e+00 1.447625624967581182e+01 -4.719331222041318163e+00 -1.155954915028357100e+01 1.186352549154027258e+01 4.227487170109529124e+00 -1.447625624966997648e+01 4.719331222039658158e+00 1.155954915027876773e+01
-2.090779740155080280e+00 -4.651219592851665863e-01 2.378240919906900785e+00 -1.004711762653084151e+00 -1.757294901690138689e+00 2.090779740154256938e+00 4.651219592849457074e-01 -2.378240919905939332e+00 1.004711762652713780e+00 1.757294901689405275e+00 -2.090779740153433153e+00 -4.651219592847176121e-01 2.378240919904978767e+00 -1.004711762652339413e+00 -1.757294901688675637e+00 2.090779740152608479e+00 4.651219592844978434e-01 -2.378240919904015538e+00 1.004711762651972817e+00 1.757294901687940447e+00
-1.339336287917691948e+01 -6.302487170119150939e+00 1.728851416396826224e+01 -4.382402198197457466e+00 -1.458004065310738895e+01 1.339336287917170054e+01 6.302487170116383375e+00 -1.728851416396132024e+01 4.382402198195953780e+00 1.458004065310137065e+01 -1.339336287916647805e+01 -6.302487170113566073e+00 1.728851416395437823e+01 -4.382402198194420784e+00 -1.458004065309537367e+01 1.339336287916124135e+01 6.302487170110804726e+00 -1.728851416394742913e+01 4.382402198192949960e+00 1.458004065308934294e+01
-1.237006664342998219e+00 3.523798735610215727e-01 1.019223925530712727e+00 -9.822949016859920945e-01 -4.121322893129122922e-01 1.237006664342500617e+00 -3.523798735608966726e-01 -1.019223925530292174e+00 9.822949016856084015e-01 4.121322893127279952e-01 -1.237006664342003015e+00 3.523798735607755472e-01 1.019223925529872288e+00 -9.822949016852231541e-01 -4.121322893125460851e-01 1.237006664341505857e+00 -3.523798735606500920e-01 -1.019223925529449515e+00 9.822949016848411263e-01 4.121322893123599562e-01
-6.470879705296308515e-01 -7.344235253156384813e-01 1.100986671312077503e+00 5.397634128409628529e-02 -1.134345884813833472e+00 6.470879705293857143e-01 7.344235253153297283e-01 -1.100986671311640519e+00 -5.397634128405626175e-02 1.134345884813371841e+00 -6.470879705291403550e-01 -7.344235253150180887e-01 1.100986671311203535e+00 5.397634128401818110e-02 -1.134345884812910876e+00 6.470879705288936634e-01 7.344235253147097797e-01 -1.100986671310767218e+00 -5.397634128397599262e-02 1.134345884812449023e+00
-1.792008497186158422e+01 -7.631618792408348284e+00 2.263668477474914908e+01 -6.358621791004110513e+00 -1.870684038629951473e+01 1.792008497185458893e+01 7.631618792404971430e+00 -2.263668477474005059e+01 6.358621791001890067e+00 1.870684038629178048e+01 -1.792008497184759008e+01 -7.631618792401527962e+00 2.263668477473094853e+01 -6.358621790999631429e+00 -1.870684038628407109e+01 1.792008497184056992e+01 7.631618792398160878e+00 -2.263668477472184293e+01 6.358621790997450951e+00 1.870684038627632617e+01
-7.074922359494656199e+00 -2.826470842762500713e+00 8.821777408531175979e+00 -2.625687436895797866e+00 -7.199013328694673142e+00 7.074922359491890411e+00 2.826470842761243496e+00 -8.821777408527626818e+00 2.625687436894871940e+00 7.199013328691694191e+00 -7.074922359489122847e+00 -2.826470842759960078e+00 8.821777408524081210e+00 -2.625687436893931803e+00 -7.199013328688726787e+00 7.074922359486350842e+00 2.826470842758706858e+00 -8.821777408520528496e+00 2.625687436893021420e+00 7.199013328685741619e+00
2.825657780873689351e+00 1.057498167160137559e+00 -3.479227591218870153e+00 1.092782738809565668e+00 2.803850716314847613e+00 -2.825657780872583569e+00 -1.057498167159664604e+00 3.479227591217469939e+00 -1.092782738809177312e+00 -2.803850716313686320e+00 2.825657780871477343e+00 1.057498167159181213e+00 -3.479227591216069726e+00 1.092782738808783183e+00 2.803850716312529023e+00 -2.825657780870368896e+00 -1.057498167158709590e+00 3.479227591214668180e+00 -1.092782738808401044e+00 -2.803850716311365510e+00
-1.588541019661356302e+01 -6.615432521309582370e+00 1.997397234506144770e+01 -5.729161278289017112e+00 -1.643315594804607471e+01 1.588541019660735820e+01 6.615432521306650493e+00 -1.997397234505341501e+01 5.729161278287008940e+00 1.643315594803928192e+01 -1.588541019660115161e+01 -6.615432521303658220e+00 1.997397234504538588e+01 -5.729161278284967018e+00 -1.643315594803251045e+01 1.588541019659492903e+01 6.615432521300734336e+00 -1.997397234503734964e+01 5.729161278282995262e+00 1.643315594802569990e+01
-1.519967110955219702e+01 -5.865964677215622203e+00 1.882503665687504935e+01 -5.768547816195963129e+00 -1.525987804073418452e+01 1.519967110954625156e+01 5.865964677213004741e+00 -1.882503665686747496e+01 5.768547816193919431e+00 1.525987804072786602e+01 -1.519967110954030609e+01 -5.865964677210332212e+00 1.882503665685990057e+01 -5.768547816191845534e+00 -1.525987804072157417e+01 1.519967110953434464e+01 5.865964677207722744e+00 -1.882503665685231908e+01 5.768547816189836475e+00 1.525987804071524145e+01
