-6.898532407705433300e+00 1.065965946097247707e+00 5.645414282580442311e+00 -7.702548462861195766e+00 3.409474500496134208e+00 3.694470803942255799e+00 -7.752585407660324002e+00 5.419239935579413192e+00 1.381886782123155299e+00 -7.043745277318330444e+00 6.898532407701964964e+00 -1.065965946100519091e+00 -5.645414282573112175e+00 7.702548462855864919e+00 -3.409474500497196914e+00 -3.694470803935687719e+00 7.752585407653649341e+00 -5.419239935578159084e+00 -1.381886782117940582e+00 7.043745277310978992e+00
-7.094739729451803534e+00 1.503023140256212198e-01 6.918048762311302724e+00 -8.282956388279112403e+00 2.819150458514113389e+00 4.968846261261506747e+00 -8.660379565069851182e+00 5.212040513945542131e+00 2.533258468172378208e+00 -8.190064449618189357e+00 7.094739729448859222e+00 -1.503023140300951965e-01 -6.918048762303079968e+00 8.282956388273941428e+00 -2.819150458516251234e+00 -4.968846261253830221e+00 8.660379565062948259e+00 -5.212040513945130016e+00 -2.533258468165945576e+00 8.190064449610247266e+00
-1.009556442255930264e+01 2.089413642394693404e+00 7.639311372681126144e+00 -1.106996276745858410e+01 5.374210343597860096e+00 4.752199602087900487e+00 -1.096075602771183810e+01 8.132941892042472531e+00 1.399909423921747553e+00 -9.778634119894084265e+00 1.009556442255387765e+01 -2.089413642398859849e+00 -7.639311372670781530e+00 1.106996276745061181e+01 -5.374210343598829986e+00 -4.752199602078803764e+00 1.096075602770209123e+01 -8.132941892040145504e+00 -1.399909423914714957e+00 9.778634119883538034e+00
-7.942469260467211356e+00 2.937010079491895187e+00 4.489806839346620393e+00 -8.215094571111052346e+00 5.167616030828104279e+00 2.140197586247937878e+00 -7.683569187204250639e+00 6.892379720167395085e+00 -4.189091182251496459e-01 -6.399922516679128925e+00 7.942469260462093672e+00 -2.937010079493656001e+00 -4.489806839339416378e+00 8.215094571104355481e+00 -5.167616030827439921e+00 -2.140197586242040373e+00 7.683569187196635397e+00 -6.892379720164361956e+00 4.189091182292201676e-01 6.399922516671354700e+00
1.730429451479225378e+01 -3.835561319497227117e+00 -1.279532175906169655e+01 1.887736417612343942e+01 -9.396350770699415378e+00 -7.831291359352266390e+00 1.860258590556335889e+01 -1.403735994023677414e+01 -2.100679597575865643e+00 1.650685691472809680e+01 -1.730429451478278935e+01 3.835561319504070532e+00 1.279532175904414792e+01 -1.887736417610969042e+01 9.396350770700799160e+00 7.831291359336920443e+00 -1.860258590554666114e+01 1.403735994023254818e+01 2.100679597564098611e+00 -1.650685691471012362e+01
-3.682936174641806559e+00 6.764402166669154504e-01 2.887733007812554931e+00 -4.071173965767599157e+00 1.898219025378386826e+00 1.839683668290155172e+00 -4.060896883586619488e+00 2.934186930215465949e+00 6.115532734860492647e-01 -3.653110920507566473e+00 3.682936174639884097e+00 -6.764402166685359319e-01 -2.887733007808718888e+00 4.071173965764718794e+00 -1.898219025378835800e+00 -1.839683668286753004e+00 4.060896883583059669e+00 -2.934186930214696343e+00 -6.115532734833866169e-01 3.653110920503685133e+00
1.867475171937012135e+01 -3.226477415470396348e+00 -1.488180003603073054e+01 2.072108259295870880e+01 -9.477293483322291934e+00 -9.579855910666694285e+00 2.073908953007426703e+01 -1.480040603283645950e+01 -3.340168741987457057e+00 1.872700988625114960e+01 -1.867475171936050415e+01 3.226477415478852251e+00 1.488180003601113555e+01 -2.072108259294416754e+01 9.477293483324791268e+00 9.579855910649245132e+00 -2.073908953005621214e+01 1.480040603283274692e+01 3.340168741973726263e+00 -1.872700988623138585e+01
-5.113789014892595297e+00 8.182982461488474968e-02 5.017592286679173341e+00 -5.980363320867809307e+00 2.012746440035452888e+00 3.614237972752847750e+00 -6.261537997354252205e+00 3.746641410275232786e+00 1.857096864177180784e+00 -5.929789707958516232e+00 5.113789014890490314e+00 -8.182982461814070074e-02 -5.017592286673226987e+00 5.980363320864088728e+00 -2.012746440037023188e+00 -3.614237972747289529e+00 6.261537997349274853e+00 -3.746641410274960116e+00 -1.857096864172514294e+00 5.929789707952781264e+00
2.160845240415627533e+00 -1.257513297549770703e+00 -6.825496986924318721e-01 2.059898591245733268e+00 -1.739006327612228286e+00 -1.557404521789795826e-02 1.757314715807187788e+00 -2.050273301958100092e+00 6.529261043130032416e-01 1.282712632053857993e+00 -2.160845240413933332e+00 1.257513297549711861e+00 6.825496986908033969e-01 -2.059898591243761512e+00 1.739006327611541280e+00 1.557404521673977360e-02 -1.757314715805134320e+00 2.050273301956849537e+00 -6.529261043135925480e-01 -1.282712632051928203e+00
-5.734327105365764510e+00 9.525934257404587990e-01 4.614486371202853654e+00 -6.377247497535574183e+00 2.882417687338812318e+00 2.988762282405126314e+00 -6.395918471749789447e+00 4.530090822714381460e+00 1.070477317474832324e+00 -5.788512382964284164e+00 5.734327105362837074e+00 -9.525934257431001306e-01 -4.614486371196808712e+00 6.377247497531121745e+00 -2.882417687339622336e+00 -2.988762282399731518e+00 6.395918471744244549e+00 -4.530090822713276566e+00 -1.070477317470572842e+00 5.788512382958200142e+00
-1.215374520242197853e+01 2.098529364026498811e+00 9.686775979065119557e+00 -1.348601748953702462e+01 6.166988405952767316e+00 6.236287817379531084e+00 -1.349818442216556669e+01 9.631779654767198551e+00 2.175348353357807962e+00 -1.218905501617052600e+01 1.215374520241572398e+01 -2.098529364032003741e+00 -9.686775979052363539e+00 1.348601748952756196e+01 -6.166988405954396235e+00 -6.236287817368173947e+00 1.349818442215381609e+01 -9.631779654764784482e+00 -2.175348353348870223e+00 1.218905501615766340e+01
-2.859834735483000934e+00 1.422139646909407640e+00 1.188009313175010240e+00 -2.818728354649937984e+00 2.125604600988880932e+00 3.199302813169252468e-01 -2.501705203228286489e+00 2.621000566764970507e+00 -5.794657555614175504e-01 -1.939797716109525227e+00 2.859834735480918599e+00 -1.422139646909613919e+00 -1.188009313172680104e+00 2.818728354647408008e+00 -2.125604600988239223e+00 -3.199302813151566616e-01 2.501705203225558893e+00 -2.621000566763540540e+00 5.794657555624709300e-01 1.939797716106873349e+00
-1.379988707796177927e+01 1.998953300485299511e+00 1.144997653786637137e+01 -1.545920799659027622e+01 6.723412407170596516e+00 7.555362680557656141e+00 -1.560527392587492734e+01 1.078973706267052535e+01 2.921177282770054617e+00 -1.422378691495686986e+01 1.379988707795492786e+01 -1.998953300491999929e+00 -1.144997653785161162e+01 1.545920799657965716e+01 -6.723412407172869365e+00 -7.555362680544387644e+00 1.560527392586156914e+01 -1.078973706266813970e+01 -2.921177282759472416e+00 1.422378691494211012e+01
-1.488952049890072571e+00 8.544003373039417149e-01 4.845442142479007286e-01 -1.424016223740924847e+00 1.189487256432434803e+00 2.569008949906737005e-02 -1.219687767907498444e+00 1.408138875256033540e+00 -4.356787602030985918e-01 -8.959677752869124046e-01 1.488952049888913498e+00 -8.544003373039154026e-01 -4.845442142467697999e-01 1.424016223739570375e+00 -1.189487256431974727e+00 -2.569008949825757337e-02 1.219687767906083131e+00 -1.408138875255183109e+00 4.356787602035181450e-01 8.959677752855774724e-01
-1.655541787359160910e+00 5.488877562078526839e-01 1.010285530833139545e+00 -1.736549627464143652e+00 1.031150990961831937e+00 5.243589367156086256e-01 -1.647571890780060055e+00 1.412477982268752541e+00 -1.289556355099430451e-02 -1.397318338117978787e+00 1.655541787358135730e+00 -5.488877562082938866e-01 -1.010285530831592338e+00 1.736549627462768530e+00 -1.031150990961763325e+00 -5.243589367143176583e-01 1.647571890778469994e+00 -1.412477982268179222e+00 1.289556355191440185e-02 1.397318338116332770e+00
-1.872028619399923599e+01 3.244968891418614554e+00 1.490559647694887602e+01 -2.076754846296439183e+01 9.508120948652710069e+00 9.590081921698814682e+00 -2.078193839235360230e+01 1.484055188045494944e+01 3.335823329924927361e+00 -1.876204739561865509e+01 1.872028619398959393e+01 -3.244968891427078894e+00 -1.490559647692923662e+01 2.076754846294981149e+01 -9.508120948655205851e+00 -9.590081921681333554e+00 2.078193839233550122e+01 -1.484055188045121731e+01 -3.335823329911175250e+00 1.876204739559884871e+01
-7.647699715244796081e+00 1.480361929881473415e+00 5.907429894364491396e+00 -8.424962271599463648e+00 3.996707254369698425e+00 3.726551107900459403e+00 -8.377530820645178622e+00 6.121827026101866132e+00 1.180891534587569014e+00 -7.510048283276086423e+00 7.647699715240753093e+00 -1.480361929884749683e+00 -5.907429894356581279e+00 8.424962271593456009e+00 -3.996707254370546636e+00 -3.726551107893468995e+00 8.377530820637792530e+00 -6.121827026100197244e+00 -1.180891534582125812e+00 7.510048283268057290e+00
2.537974027815415479e+00 -8.853766253625738880e-01 -1.497151381589823194e+00 2.645383630458022495e+00 -1.612683587688689579e+00 -7.495603715425618319e-01 2.493844651879600249e+00 -2.182129844224111270e+00 7.140283016518694792e-02 2.098190783137683368e+00 -2.537974027813814981e+00 8.853766253631989436e-01 1.497151381587483066e+00 -2.645383630455900192e+00 1.612683587688535924e+00 7.495603715406256029e-01 -2.493844651877164864e+00 2.182129844223192006e+00 -7.140283016654780379e-02 -2.098190783135177817e+00
-1.540711381622464415e+01 1.872287612768374077e+00 1.320610772255196785e+01 -1.739699833177156663e+01 7.245290384594163413e+00 8.879648658487047541e+00 -1.768394343858762596e+01 1.190907365266634343e+01 3.683987715580659739e+00 -1.623986095035433053e+01 1.540711381621723142e+01 -1.872287612776276422e+00 -1.320610772253522747e+01 1.739699833175982491e+01 -7.245290384597099731e+00 -8.879648658471884559e+00 1.768394343857270101e+01 -1.190907365266401285e+01 -3.683987715568438848e+00 1.623986095033770383e+01
-1.623906984737410042e+01 3.423583486380207486e+00 1.221440608079889500e+01 -1.778247900598978148e+01 8.690151737045530567e+00 7.566592943548672068e+00 -1.758521522168052087e+01 1.310606738783825520e+01 2.178108969432513753e+00 -1.566658804807293848e+01 1.623906984736533587e+01 -3.423583486386835517e+00 -1.221440608078230028e+01 1.778247900597693487e+01 -8.690151737047022706e+00 -7.566592943534099724e+00 1.758521522166484630e+01 -1.310606738783445202e+01 -2.178108969421272079e+00 1.566658804805600091e+01
