-3.085194593826248166e+00 5.283940098171059363e-01 2.464030181085760773e+00 -3.425035213108695853e+00 1.562340192609842360e+00 1.588394164548825982e+00 -3.429609522108285624e+00 2.443353631885525346e+00 5.572750601929531422e-01 -3.098469755589092323e+00 3.085194593826234843e+00 -5.283940098181765244e-01 -2.464030181084480908e+00 3.425035213108270860e+00 -1.562340192610621514e+00 -1.588394164547485277e+00 3.429609522107489816e+00 -2.443353631885924582e+00 -5.572750601916881541e-01 3.098469755588004748e+00
-4.284688653107350476e+00 1.358208802071986243e-01 4.125021632428843787e+00 -4.985074642065530526e+00 1.735285079938068575e+00 2.945124685043768675e+00 -5.197486792000587386e+00 3.164887485602244421e+00 1.476938413596284194e+00 -4.901132721714453133e+00 4.284688653107583178e+00 -1.358208802089405642e-01 -4.125021632427017693e+00 4.985074642065138839e+00 -1.735285079939433484e+00 -2.945124685041773827e+00 5.197486791999608613e+00 -3.164887485603078865e+00 -1.476938413594323540e+00 4.901132721712983198e+00
2.362125548004386122e+00 -1.035701191497469864e+00 -1.144585775716355114e+00 2.381242469397099715e+00 -1.654732635572018662e+00 -4.359875900443824781e-01 2.167266786793221378e+00 -2.111787320076412566e+00 3.152880986452462064e-01 1.741143930862305567e+00 -2.362125548004110343e+00 1.035701191498020313e+00 1.144585775715425413e+00 -2.381242469396563699e+00 1.654732635572317090e+00 4.359875900434962981e-01 -2.167266786792479749e+00 2.111787320076422780e+00 -3.152880986459996038e-01 -1.741143930861429823e+00
7.191237167786971085e+00 -1.932818365608720557e+00 -4.919072906456951166e+00 7.715535384342556036e+00 -4.151082918458072868e+00 -2.835644743316430905e+00 7.484583240182161923e+00 -5.963010552952911603e+00 -4.746439156014821137e-01 6.520987940314522113e+00 -7.191237167786644235e+00 1.932818365610916800e+00 4.919072906454022842e+00 -7.715535384341331238e+00 4.151082918459557902e+00 2.835644743313461724e+00 -7.484583240180160857e+00 5.963010552953513788e+00 4.746439155987726144e-01 -6.520987940311938402e+00
7.089926357516619149e+00 -1.673375938122277695e+00 -5.122754961577593136e+00 7.695535573169202337e+00 -3.923889675224773832e+00 -3.082726607729145307e+00 7.547852148970323860e+00 -5.790305751568846304e+00 -7.409394948969558747e-01 6.661332367451592518e+00 -7.089926357516396216e+00 1.673375938124542328e+00 5.122754961574688792e+00 -7.695535573168072574e+00 3.923889675226347684e+00 3.082726607726166357e+00 -7.547852148968399177e+00 5.790305751569547965e+00 7.409394948942054082e-01 -6.661332367449061209e+00
1.163476821880767886e+01 -2.456764824034998185e+00 -8.746667954969806758e+00 1.273908968529604557e+01 -6.229030134327296686e+00 -5.416425587209404924e+00 1.259642029492982118e+01 -9.391554574865942584e+00 -1.555985744516841907e+00 1.122072552167430359e+01 -1.163476821880743373e+01 2.456764824038837780e+00 8.746667954965017699e+00 -1.273908968529428876e+01 6.229030134330016288e+00 5.416425587204451553e+00 -1.259642029492672499e+01 9.391554574867230443e+00 1.555985744512229596e+00 -1.122072552167017001e+01
-4.231114960980726369e-01 4.235293085969156768e-01 -7.477706691574650955e-02 -3.356235943113713427e-01 4.693262650309875106e-01 -2.161025198861026286e-01 -2.152825166863786555e-01 4.691822966554261010e-01 -3.362743525351878371e-01 -7.386808636663105831e-02 4.231114960979232009e-01 -4.235293085969127347e-01 7.477706691589400267e-02 3.356235943111960385e-01 -4.693262650309285577e-01 2.161025198862085439e-01 2.152825166861958572e-01 -4.691822966553165219e-01 3.362743525352416829e-01 7.386808636645814108e-02
-6.898532407701309488e+00 1.065965946100089878e+00 5.645414282573772091e+00 -7.702548462856557698e+00 3.409474500496976201e+00 3.694470803937427661e+00 -7.752585407656049199e+00 5.419239935579089895e+00 1.381886782119987611e+00 -7.043745277315004216e+00 6.898532407701327251e+00 -1.065965946102532813e+00 -5.645414282570899722e+00 7.702548462855644651e+00 -3.409474500498773430e+00 -3.694470803934404302e+00 7.752585407654294158e+00 -5.419239935580037582e+00 -1.381886782117119905e+00 7.043745277312578601e+00
-7.094739729447294252e+00 1.503023140288572979e-01 6.918048762303845578e+00 -8.282956388273884585e+00 2.819150458514917190e+00 4.968846261256228303e+00 -8.660379565064989293e+00 5.212040513944860010e+00 2.533258468169163002e+00 -8.190064449614467890e+00 7.094739729447711696e+00 -1.503023140317736317e-01 -6.918048762300816890e+00 8.282956388273261084e+00 -2.819150458517212243e+00 -4.968846261252908292e+00 8.660379565063383467e+00 -5.212040513946276654e+00 -2.533258468165890953e+00 8.190064449612039610e+00
-1.009556442255262176e+01 2.089413642398344262e+00 7.639311372671294009e+00 -1.106996276745124241e+01 5.374210343598580408e+00 4.752199602080843022e+00 -1.096075602770510038e+01 8.132941892041490206e+00 1.399909423917175655e+00 -9.778634119888780063e+00 1.009556442255242459e+01 -2.089413642401693583e+00 -7.639311372667134670e+00 1.106996276744973251e+01 -5.374210343600960726e+00 -4.752199602076536245e+00 1.096075602770242163e+01 -8.132941892042627074e+00 -1.399909423913159090e+00 9.778634119885195375e+00
-7.942469260461421321e+00 2.937010079493388659e+00 4.489806839339918199e+00 -8.215094571105208132e+00 5.167616030827723250e+00 2.140197586243335337e+00 -7.683569187199165818e+00 6.892379720166082357e+00 -4.189091182280308967e-01 -6.399922516675259132e+00 7.942469260460722325e+00 -2.937010079495471881e+00 -4.489806839336750066e+00 8.215094571103588095e+00 -5.167616030828984464e+00 -2.140197586240233818e+00 7.683569187196786388e+00 -6.892379720166371015e+00 4.189091182307500549e-01 6.399922516672352124e+00
1.730429451478113378e+01 -3.835561319502052147e+00 -1.279532175904684976e+01 1.887736417611180073e+01 -9.396350770699786636e+00 -7.831291359342109182e+00 1.860258590555323721e+01 -1.403735994023485567e+01 -2.100679597569702572e+00 1.650685691472073913e+01 -1.730429451478068970e+01 3.835561319507684974e+00 1.279532175903974078e+01 -1.887736417610912554e+01 9.396350770703746136e+00 7.831291359334782598e+00 -1.860258590554859026e+01 1.403735994023668709e+01 2.100679597562904899e+00 -1.650685691471457872e+01
-3.682936174639111826e+00 6.764402166678924466e-01 2.887733007809131447e+00 -4.071173965764752545e+00 1.898219025378276914e+00 1.839683668287856566e+00 -4.060896883584108608e+00 2.934186930214759848e+00 6.115532734847466401e-01 -3.653110920505713732e+00 3.682936174639076743e+00 -6.764402166691508844e-01 -2.887733007807607333e+00 4.071173965764229408e+00 -1.898219025379185521e+00 -1.839683668286266283e+00 4.060896883583149375e+00 -2.934186930215215039e+00 -6.115532734832521689e-01 3.653110920504412107e+00
1.867475171935871003e+01 -3.226477415477227328e+00 -1.488180003601343060e+01 2.072108259294620325e+01 -9.477293483323920853e+00 -9.579855910654416107e+00 2.073908953006298361e+01 -1.480040603283517697e+01 -3.340168741979618883e+00 1.872700988624260177e+01 -1.867475171935862122e+01 3.226477415483695488e+00 1.488180003600568568e+01 -2.072108259294362043e+01 9.477293483328622870e+00 9.579855910646308814e+00 -2.073908953005816613e+01 1.480040603283758038e+01 3.340168741971971222e+00 -1.872700988623601503e+01
-5.113789014889258411e+00 8.182982461715082589e-02 5.017592286673790092e+00 -5.980363320863961718e+00 2.012746440035944939e+00 3.614237972749069439e+00 -6.261537997350688833e+00 3.746641410274643480e+00 1.857096864174922590e+00 -5.929789707955806399e+00 5.113789014889570161e+00 -8.182982461926424644e-02 -5.017592286671604285e+00 5.980363320863522070e+00 -2.012746440037611606e+00 -3.614237972746670913e+00 6.261537997349536866e+00 -3.746641410275676876e+00 -1.857096864172555151e+00 5.929789707954056688e+00
2.160845240413533208e+00 -1.257513297549382125e+00 -6.825496986910055686e-01 2.059898591243848553e+00 -1.739006327611440472e+00 -1.557404521712113521e-02 1.757314715805696093e+00 -2.050273301957195926e+00 6.529261043132996711e-01 1.282712632052831481e+00 -2.160845240413150403e+00 1.257513297549753384e+00 6.825496986901798957e-01 -2.059898591243255250e+00 1.739006327611567038e+00 1.557404521637928418e-02 -1.757314715804952687e+00 2.050273301957060035e+00 -6.529261043138830933e-01 -1.282712632052009250e+00
-5.734327105362139854e+00 9.525934257423529505e-01 4.614486371197659587e+00 -6.377247497531667975e+00 2.882417687339110302e+00 2.988762282401529635e+00 -6.395918471746326439e+00 4.530090822713809473e+00 1.070477317472638523e+00 -5.788512382961732428e+00 5.734327105362126531e+00 -9.525934257443554598e-01 -4.614486371195277492e+00 6.377247497530888154e+00 -2.882417687340572687e+00 -2.988762282399031189e+00 6.395918471744853839e+00 -4.530090822714566201e+00 -1.070477317470277301e+00 5.788512382959712710e+00
-1.215374520241463330e+01 2.098529364031310074e+00 9.686775979053509289e+00 -1.348601748952883916e+01 6.166988405954121788e+00 6.236287817371146680e+00 -1.349818442215805625e+01 9.631779654766560839e+00 2.175348353352307473e+00 -1.218905501616469067e+01 1.215374520241457290e+01 -2.098529364035520484e+00 -9.686775979048469765e+00 1.348601748952715873e+01 -6.166988405957183339e+00 -6.236287817365868236e+00 1.349818442215491920e+01 -9.631779654768125809e+00 -2.175348353347330121e+00 1.218905501616040432e+01
-2.859834735480911050e+00 1.422139646909543309e+00 1.188009313173050696e+00 -2.818728354647991541e+00 2.125604600988522552e+00 3.199302813156578162e-01 -2.501705203226705976e+00 2.621000566764446926e+00 -5.794657555621818279e-01 -1.939797716108401904e+00 2.859834735480506485e+00 -1.422139646910137945e+00 -1.188009313171938697e+00 2.818728354647286327e+00 -2.125604600988804549e+00 -3.199302813146222002e-01 2.501705203225772944e+00 -2.621000566764380757e+00 5.794657555630366996e-01 1.939797716107330539e+00
-1.379988707795283354e+01 1.998953300490560858e+00 1.144997653785283553e+01 -1.545920799658033395e+01 6.723412407171680094e+00 7.555362680548052268e+00 -1.560527392586583417e+01 1.078973706266917176e+01 2.921177282764022998e+00 -1.422378691494986569e+01 1.379988707795292413e+01 -1.998953300495505125e+00 -1.144997653784707836e+01 1.545920799657855582e+01 -6.723412407175337613e+00 -7.555362680541975351e+00 1.560527392586235251e+01 -1.078973706267112753e+01 -2.921177282758240068e+00 1.422378691494502334e+01
