-5.715450849714097892e+00 3.813776741491809563e+00 -4.553695435240058820e-01 -3.076973342628267272e+00 5.434016994374170295e+00 -5.715450849714269310e+00 3.813776741493673850e+00 -4.553695435268467762e-01 -3.076973342625525909e+00 5.434016994372578679e+00 -5.715450849714439840e+00 3.813776741495533695e+00 -4.553695435296982175e-01 -3.076973342622799201e+00 5.434016994370996834e+00 -5.715450849714606818e+00 3.813776741497401535e+00 -4.553695435325489926e-01 -3.076973342620036522e+00 5.434016994369397224e+00
2.042376207873555227e+00 -1.338854381996656517e+00 1.239356881839591973e-01 1.138322226095843215e+00 -1.965779740156570865e+00 2.042376207873636496e+00 -1.338854381997341081e+00 1.239356881849839886e-01 1.138322226094866219e+00 -1.965779740156016198e+00 2.042376207873717764e+00 -1.338854381998023868e+00 1.239356881860126242e-01 1.138322226093894551e+00 -1.965779740155465305e+00 2.042376207873797256e+00 -1.338854381998709986e+00 1.239356881870409821e-01 1.138322226092910450e+00 -1.965779740154907529e+00
7.626064311806226570e+00 -4.715295568707272622e+00 3.444185364583966097e-03 4.709722759723651286e+00 -7.623935688186816328e+00 7.626064311806770135e+00 -4.715295568710045515e+00 3.444185368524723539e-03 4.709722759720035512e+00 -7.623935688184912962e+00 7.626064311807311924e+00 -4.715295568712812191e+00 3.444185372480063068e-03 4.709722759716440166e+00 -7.623935688183021142e+00 7.626064311807844831e+00 -4.715295568715592189e+00 3.444185376434385180e-03 4.709722759712798634e+00 -7.623935688181108006e+00
5.785081306182354943e+00 -3.482875042053224846e+00 -1.496711095710096528e-01 3.725047984472916518e+00 -5.877583139030789994e+00 5.785081306182845218e+00 -3.482875042055401327e+00 -1.496711095679823522e-01 3.725047984470184481e+00 -5.877583139029402659e+00 5.785081306183335492e+00 -3.482875042057572035e+00 -1.496711095649438661e-01 3.725047984467467987e+00 -5.877583139028021542e+00 5.785081306183817773e+00 -3.482875042059752957e+00 -1.496711095619062126e-01 3.725047984464715967e+00 -5.877583139026627101e+00
9.855901699428406104e+00 -6.223906032140258837e+00 2.145898033609180133e-01 5.876692436662896313e+00 -9.723277907311427271e+00 9.855901699428999407e+00 -6.223906032143744049e+00 2.145898033659587867e-01 5.876692436658208507e+00 -9.723277907308890633e+00 9.855901699429590934e+00 -6.223906032147221268e+00 2.145898033710182395e-01 5.876692436653546459e+00 -9.723277907306368206e+00 9.855901699430170027e+00 -6.223906032150713585e+00 2.145898033760764434e-01 5.876692436648824014e+00 -9.723277907303820911e+00
-6.499999999988501642e-01 3.775831390300464774e-01 3.905764746930217440e-02 -4.407797401559785389e-01 6.741389536554578399e-01 -6.499999999989167776e-01 3.775831390303014956e-01 3.905764746895650646e-02 -4.407797401556731720e-01 6.741389536553099582e-01 -6.499999999989835020e-01 3.775831390305559587e-01 3.905764746860956177e-02 -4.407797401553694705e-01 6.741389536551629647e-01 -6.499999999990491162e-01 3.775831390308115321e-01 3.905764746826271422e-02 -4.407797401550618832e-01 6.741389536550144168e-01
-7.410410196619182877e+00 4.655746418426791600e+00 -1.227457513966236091e-01 -4.457139620692232462e+00 7.334549150280854413e+00 -7.410410196619647394e+00 4.655746418429430378e+00 -1.227457514004232503e-01 -4.457139620688710835e+00 7.334549150278960816e+00 -7.410410196620112799e+00 4.655746418432062939e+00 -1.227457514042369496e-01 -4.457139620685207859e+00 7.334549150277079654e+00 -7.410410196620568435e+00 4.655746418434707046e+00 -1.227457514080496914e-01 -4.457139620681660475e+00 7.334549150275177176e+00
-7.792172942399906432e+00 5.224312563082333050e+00 -6.609423525211188810e-01 -4.154885372098603646e+00 7.383688103936753677e+00 -7.792172942400120483e+00 5.224312563084856365e+00 -6.609423525249820131e-01 -4.154885372094863527e+00 7.383688103934569646e+00 -7.792172942400331870e+00 5.224312563087372574e+00 -6.609423525288595780e-01 -4.154885372091142948e+00 7.383688103932397162e+00 -7.792172942400538815e+00 5.224312563089900330e+00 -6.609423525327362547e-01 -4.154885372087374407e+00 7.383688103930201585e+00
-9.775861046335629467e+00 6.238699100985805046e+00 -3.185661446437043631e-01 -5.723248251287024857e+00 9.578976341279998863e+00 -9.775861046336162374e+00 6.238699100989212099e+00 -3.185661446486779402e-01 -5.723248251282369026e+00 9.578976341277444462e+00 -9.775861046336695281e+00 6.238699100992610269e+00 -3.185661446536699470e-01 -5.723248251277737175e+00 9.578976341274904271e+00 -9.775861046337215754e+00 6.238699100996024427e+00 -3.185661446586607326e-01 -5.723248251273045817e+00 9.578976341272337436e+00
-8.599999999993110933e+00 5.679682106612541581e+00 -5.899186938013828430e-01 -4.725173609442707701e+00 8.235410196624094681e+00 -8.599999999993420019e+00 5.679682106615391746e+00 -5.899186938056811824e-01 -4.725173609438588329e+00 8.235410196621735679e+00 -8.599999999993725552e+00 5.679682106618234805e+00 -5.899186938099956201e-01 -4.725173609434492050e+00 8.235410196619389112e+00 -8.599999999994025757e+00 5.679682106621091187e+00 -5.899186938143087255e-01 -4.725173609430343369e+00 8.235410196617017675e+00
1.689151516151482113e+01 -1.019112695900320809e+01 -4.019253581807912812e-01 1.084145584947987473e+01 -1.713991869380996746e+01 1.689151516151623866e+01 -1.019112695900954613e+01 -4.019253581719607893e-01 1.084145584947189533e+01 -1.713991869380590316e+01 1.689151516151764909e+01 -1.019112695901586818e+01 -4.019253581630976568e-01 1.084145584946396035e+01 -1.713991869380186017e+01 1.689151516151904175e+01 -1.019112695902222043e+01 -4.019253581542369114e-01 1.084145584945592233e+01 -1.713991869379777455e+01
-4.076393202246621605e+00 2.762586804712397814e+00 -3.935661446503897487e-01 -2.125783405846676466e+00 3.833155948030995130e+00 -4.076393202246709535e+00 2.762586804713694555e+00 -3.935661446523988083e-01 -2.125783405844715812e+00 3.833155948029835169e+00 -4.076393202246795688e+00 2.762586804714988631e+00 -3.935661446544153619e-01 -2.125783405842766260e+00 3.833155948028682314e+00 -4.076393202246878289e+00 2.762586804716288036e+00 -3.935661446564315269e-01 -2.125783405840790952e+00 3.833155948027515691e+00
1.808454915026433696e+01 -1.088051349690880087e+01 -4.795084972123352940e-01 1.165637454329239731e+01 -1.838090169943482977e+01 1.808454915026587884e+01 -1.088051349691561143e+01 -4.795084972028688663e-01 1.165637454328385836e+01 -1.838090169943049546e+01 1.808454915026741716e+01 -1.088051349692240422e+01 -4.795084971933675222e-01 1.165637454327536560e+01 -1.838090169942618246e+01 1.808454915026893062e+01 -1.088051349692922543e+01 -4.795084971838686205e-01 1.165637454326676448e+01 -1.838090169942182683e+01
-5.727254248588835139e+00 3.869146285022564413e+00 -5.331559480236014448e-01 -3.006481839816020241e+00 5.397745751405482295e+00 -5.727254248588967478e+00 3.869146285024396281e+00 -5.331559480264290718e-01 -3.006481839813267332e+00 5.397745751403859593e+00 -5.727254248589099817e+00 3.869146285026223264e+00 -5.331559480292672459e-01 -3.006481839810529522e+00 5.397745751402246661e+00 -5.727254248589225938e+00 3.869146285028059129e+00 -5.331559480321047539e-01 -3.006481839807756185e+00 5.397745751400615077e+00
1.111474508437161113e+00 -9.079526825609516294e-01 3.576237921232210959e-01 3.293052317198894574e-01 -8.904508497191782057e-01 1.111474508437054975e+00 -9.079526825611867746e-01 3.576237921237067074e-01 3.293052317193372880e-01 -8.904508497187706428e-01 1.111474508436948394e+00 -9.079526825614210317e-01 3.576237921241940954e-01 3.293052317187880607e-01 -8.904508497183658555e-01 1.111474508436842257e+00 -9.079526825616566210e-01 3.576237921246814833e-01 3.293052317182314503e-01 -8.904508497179557391e-01
-5.309549150275852725e+00 3.193285238678502669e+00 1.427050983202500511e-01 -3.424186938128460866e+00 5.397745751405336634e+00 -5.309549150276306584e+00 3.193285238680502847e+00 1.427050983174702470e-01 -3.424186938125953983e+00 5.397745751404064762e+00 -5.309549150276758667e+00 3.193285238682497695e+00 1.427050983146802010e-01 -3.424186938123460422e+00 5.397745751402799996e+00 -5.309549150277204532e+00 3.193285238684501870e+00 1.427050983118909322e-01 -3.424186938120935331e+00 5.397745751401521019e+00
-1.266631189605048213e+01 7.215546818636114246e+00 9.913118960799994772e-01 -8.819523159945484636e+00 1.327897634127947590e+01 -1.266631189605190144e+01 7.215546818641193738e+00 9.913118960732062446e-01 -8.819523159939549828e+00 1.327897634127667814e+01 -1.266631189605331542e+01 7.215546818646260796e+00 9.913118960663880319e-01 -8.819523159933648770e+00 1.327897634127389459e+01 -1.266631189605471519e+01 7.215546818651350947e+00 9.913118960595717066e-01 -8.819523159927673106e+00 1.327897634127108617e+01
-2.240450849717167792e+00 1.551518827215709662e+00 -2.699593469034401449e-01 -1.114715428345140813e+00 2.073606797749863784e+00 -2.240450849717187776e+00 1.551518827216397112e+00 -2.699593469045309946e-01 -1.114715428344059678e+00 2.073606797749206532e+00 -2.240450849717207316e+00 1.551518827217082785e+00 -2.699593469056259520e-01 -1.114715428342984538e+00 2.073606797748553277e+00 -2.240450849717225523e+00 1.551518827217771790e+00 -2.699593469067206875e-01 -1.114715428341894743e+00 2.073606797747892472e+00
-1.504164078648764225e+01 9.740140287696837262e+00 -7.182372541994004322e-01 -8.578007998415399626e+00 1.459774575140469288e+01 -1.504164078648834213e+01 9.740140287701970934e+00 -7.182372542069962451e-01 -8.578007998408217816e+00 1.459774575140068009e+01 -1.504164078648904379e+01 9.740140287707092170e+00 -7.182372542146203687e-01 -8.578007998401075085e+00 1.459774575139669039e+01 -1.504164078648972769e+01 9.740140287712236500e+00 -7.182372542222426048e-01 -8.578007998393839983e+00 1.459774575139265629e+01
-1.174467844092430768e+00 6.854101966233151488e-01 6.545084972005735247e-02 -7.913118960629105247e-01 1.214918693811927186e+00 -1.174467844092548674e+00 6.854101966237735599e-01 6.545084971943404550e-02 -7.913118960623584108e-01 1.214918693811658290e+00 -1.174467844092666358e+00 6.854101966242308608e-01 6.545084971880843483e-02 -7.913118960618092945e-01 1.214918693811390948e+00 -1.174467844092782265e+00 6.854101966246902711e-01 6.545084971818300457e-02 -7.913118960612531838e-01 1.214918693811120498e+00
