7.191237167789496176e+00 -1.932818365612505307e+00 -4.919072906455031813e+00 7.715535384343882086e+00 -4.151082918461313831e+00 -2.835644743314032823e+00 7.484583240182438146e+00 -5.963010552955381627e+00 -4.746439155990043179e-01 6.520987940314000753e+00 -7.191237167788280260e+00 1.932818365613162337e+00 4.919072906453041405e+00 -7.715535384342208758e+00 4.151082918461330706e+00 2.835644743312323968e+00 -7.484583240180468167e+00 5.963010552954737697e+00 4.746439155977523194e-01 -6.520987940311923303e+00
7.089926357518800515e+00 -1.673375938125698070e+00 -5.122754961575750166e+00 7.695535573170247723e+00 -3.923889675227611562e+00 -3.082726607726931967e+00 7.547852148970407349e+00 -5.790305751570905102e+00 -7.409394948947621851e-01 6.661332367450985004e+00 -7.089926357517643218e+00 1.673375938126423046e+00 5.122754961573738441e+00 -7.695535573168616139e+00 3.923889675227699936e+00 3.082726607725182255e+00 -7.547852148968459574e+00 5.790305751570328674e+00 7.409394948934526770e-01 -6.661332367448909331e+00
1.163476821881160994e+01 -2.456764824040827744e+00 -8.746667954966866887e+00 1.273908968529807062e+01 -6.229030134332227853e+00 -5.416425587205748293e+00 1.259642029493019422e+01 -9.391554574869617866e+00 -1.555985744513122881e+00 1.122072552167345272e+01 -1.163476821880976253e+01 2.456764824042112938e+00 8.746667954963507796e+00 -1.273908968529541852e+01 6.229030134332463220e+00 5.416425587202795988e+00 -1.259642029492699322e+01 9.391554574868745675e+00 1.555985744510880453e+00 -1.122072552167001191e+01
-4.231114960982114703e-01 4.235293085970709415e-01 -7.477706691577853948e-02 -3.356235943114876941e-01 4.693262650311433304e-01 -2.161025198861550589e-01 -2.152825166864764939e-01 4.691822966555834196e-01 -3.362743525352597240e-01 -7.386808636671141071e-02 4.231114960980845163e-01 -4.235293085970066040e-01 7.477706691583083098e-02 3.356235943113632381e-01 -4.693262650310480177e-01 2.161025198861689645e-01 2.152825166863664985e-01 -4.691822966554667351e-01 3.362743525352334117e-01 7.386808636662670069e-02
-6.898532407703986458e+00 1.065965946103930140e+00 5.645414282571910469e+00 -7.702548462857987666e+00 3.409474500500289551e+00 3.694470803935021141e+00 -7.752585407656362726e+00 5.419239935581611434e+00 1.381886782117465629e+00 -7.043745277314453546e+00 6.898532407702961500e+00 -1.065965946104822093e+00 -5.645414282569836573e+00 7.702548462856447564e+00 -3.409474500500549787e+00 -3.694470803933161740e+00 7.752585407654456695e+00 -5.419239935581193990e+00 -1.381886782116010126e+00 7.043745277312366326e+00
-7.094739729450417087e+00 1.503023140330190799e-01 6.918048762302015042e+00 -8.282956388275634296e+00 2.819150458518564939e+00 4.968846261253720087e+00 -8.660379565065476015e+00 5.212040513947664877e+00 2.533258468166464716e+00 -8.190064449613956299e+00 7.094739729449531573e+00 -1.503023140342509834e-01 -6.918048762299683574e+00 8.282956388274129722e+00 -2.819150458519126712e+00 -4.968846261251543162e+00 8.660379565063497154e+00 -5.212040513947476583e+00 -2.533258468164662602e+00 8.190064449611693220e+00
-1.009556442255638764e+01 2.089413642403446847e+00 7.639311372669046918e+00 -1.106996276745339713e+01 5.374210343603026629e+00 4.752199602077872953e+00 -1.096075602770582513e+01 8.132941892044946997e+00 1.399909423914032613e+00 -9.778634119888408804e+00 1.009556442255479070e+01 -2.089413642404576610e+00 -7.639311372666121258e+00 1.106996276745109853e+01 -5.374210343603243345e+00 -4.752199602075299900e+00 1.096075602770304691e+01 -8.132941892044202703e+00 -1.399909423912073070e+00 9.778634119885417419e+00
-7.942469260464169345e+00 2.937010079497695880e+00 4.489806839337639133e+00 -8.215094571106638099e+00 5.167616030831426066e+00 2.140197586240532246e+00 -7.683569187199443817e+00 6.892379720168946733e+00 -4.189091182309365724e-01 -6.399922516674651618e+00 7.942469260462682534e+00 -2.937010079498154624e+00 -4.489806839335607869e+00 8.215094571104723187e+00 -5.167616030831194252e+00 -2.140197586238869576e+00 7.683569187197282879e+00 -6.892379720168030133e+00 4.189091182320607842e-01 6.399922516672454265e+00
1.730429451478735103e+01 -3.835561319511255896e+00 -1.279532175904222946e+01 1.887736417611505857e+01 -9.396350770707661226e+00 -7.831291359336288060e+00 1.860258590555388736e+01 -1.403735994024082245e+01 -2.100679597563685164e+00 1.650685691471941041e+01 -1.730429451478456926e+01 3.835561319513107748e+00 1.279532175903726987e+01 -1.887736417611109729e+01 9.396350770707956102e+00 7.831291359331948421e+00 -1.860258590554913027e+01 1.403735994023947953e+01 2.100679597560408673e+00 -1.650685691471431582e+01
-3.682936174640550231e+00 6.764402166701172225e-01 2.887733007807945285e+00 -4.071173965765468417e+00 1.898219025380182279e+00 1.839683668286366869e+00 -4.060896883584176109e+00 2.934186930216194256e+00 6.115532734831978789e-01 -3.653110920505275416e+00 3.682936174639983573e+00 -6.764402166705578701e-01 -2.887733007806860375e+00 4.071173965764637082e+00 -1.898219025380287972e+00 -1.839683668285404305e+00 4.060896883583160921e+00 -2.934186930215944233e+00 -6.115532734824553618e-01 3.653110920504173631e+00
1.867475171936563783e+01 -3.226477415487034150e+00 -1.488180003600877654e+01 2.072108259294995136e+01 -9.477293483332356772e+00 -9.579855910648412021e+00 2.073908953006391798e+01 -1.480040603284159317e+01 -3.340168741973359445e+00 1.872700988624138319e+01 -1.867475171936280276e+01 3.226477415489335865e+00 1.488180003600323253e+01 -2.072108259294575561e+01 9.477293483332957180e+00 9.579855910643471972e+00 -2.073908953005876299e+01 1.480040603284037637e+01 3.340168741969529620e+00 -1.872700988623577345e+01
-5.113789014891509055e+00 8.182982462015386815e-02 5.017592286672465818e+00 -5.980363320865219379e+00 2.012746440038575280e+00 3.614237972747256222e+00 -6.261537997351034335e+00 3.746641410276662754e+00 1.857096864172973927e+00 -5.929789707955428035e+00 5.113789014890874896e+00 -8.182982462105070631e-02 -5.017592286670780055e+00 5.980363320864137577e+00 -2.012746440038988283e+00 -3.614237972745679706e+00 6.261537997349607920e+00 -3.746641410276533524e+00 -1.857096864171666528e+00 5.929789707953795563e+00
2.160845240413731716e+00 -1.257513297550127085e+00 -6.825496986903547558e-01 2.059898591243790822e+00 -1.739006327611953839e+00 -1.557404521650573859e-02 1.757314715805469163e+00 -2.050273301957478811e+00 6.529261043138001597e-01 1.282712632052528612e+00 -2.160845240413244994e+00 1.257513297550099551e+00 6.825496986898983431e-01 -2.059898591243231269e+00 1.739006327611748670e+00 1.557404521618155346e-02 -1.757314715804890071e+00 2.050273301957113325e+00 -6.529261043139582554e-01 -1.282712632051986601e+00
-5.734327105364241284e+00 9.525934257454047316e-01 4.614486371196156789e+00 -6.377247497532771092e+00 2.882417687341719326e+00 2.988762282399616499e+00 -6.395918471746547596e+00 4.530090822715773236e+00 1.070477317470659884e+00 -5.788512382961283009e+00 5.734327105363377974e+00 -9.525934257461242671e-01 -4.614486371194447045e+00 6.377247497531485898e+00 -2.882417687341915169e+00 -2.988762282398089276e+00 6.395918471744964862e+00 -4.530090822715409082e+00 -1.070477317469471501e+00 5.788512382959556390e+00
-1.215374520241928558e+01 2.098529364037754252e+00 9.686775979050551655e+00 -1.348601748953142376e+01 6.166988405959712871e+00 6.236287817367267117e+00 -1.349818442215879521e+01 9.631779654770863175e+00 2.175348353348217412e+00 -1.218905501616400677e+01 1.215374520241743816e+01 -2.098529364039252165e+00 -9.686775979046943874e+00 1.348601748952869173e+01 -6.166988405960103670e+00 -6.236287817364052799e+00 1.349818442215544145e+01 -9.631779654770070920e+00 -2.175348353345723851e+00 1.218905501616035636e+01
-2.859834735481545653e+00 1.422139646910701716e+00 1.188009313172349035e+00 -2.818728354648267320e+00 2.125604600989455584e+00 3.199302813148904301e-01 -2.501705203226705088e+00 2.621000566765122830e+00 -5.794657555629041390e-01 -1.939797716108222936e+00 2.859834735480944801e+00 -1.422139646910745903e+00 -1.188009313171694448e+00 2.818728354647546563e+00 -2.125604600989259296e+00 -3.199302813143936053e-01 2.501705203225934149e+00 -2.621000566764700501e+00 5.794657555631912427e-01 1.939797716107476422e+00
-1.379988707795836689e+01 1.998953300498254704e+00 1.144997653784927039e+01 -1.545920799658339284e+01 6.723412407178376959e+00 7.555362680543350251e+00 -1.560527392586665485e+01 1.078973706267432853e+01 2.921177282759032767e+00 -1.422378691494894021e+01 1.379988707795634006e+01 -1.998953300500083685e+00 -1.144997653784509417e+01 1.545920799658032330e+01 -6.723412407178940065e+00 -7.555362680539591480e+00 1.560527392586283923e+01 -1.078973706267352739e+01 -2.921177282756078242e+00 1.422378691494474801e+01
-1.488952049889779694e+00 8.544003373044912752e-01 4.845442142471256819e-01 -1.424016223740660614e+00 1.189487256432850693e+00 2.569008949847140233e-02 -1.219687767907345677e+00 1.408138875256452760e+00 -4.356787602036114038e-01 -8.959677752868857592e-01 1.488952049889446627e+00 -8.544003373044763983e-01 -4.845442142468086022e-01 1.424016223740276033e+00 -1.189487256432713025e+00 -2.569008949824458377e-02 1.219687767906946219e+00 -1.408138875256203848e+00 4.356787602037242024e-01 8.959677752865105038e-01
-1.655541787358445038e+00 5.488877562090945794e-01 1.010285530831147138e+00 -1.736549627463108481e+00 1.031150990962500513e+00 5.243589367139800395e-01 -1.647571890778930070e+00 1.412477982269001453e+00 -1.289556355223589468e-02 -1.397318338116926739e+00 1.655541787358146388e+00 -5.488877562092113749e-01 -1.010285530830710821e+00 1.736549627462714351e+00 -1.031150990962472092e+00 -5.243589367136156643e-01 1.647571890778478432e+00 -1.412477982268826704e+00 1.289556355249066311e-02 1.397318338116461334e+00
-1.872028619399438298e+01 3.244968891434941050e+00 1.490559647692691847e+01 -2.076754846295532531e+01 9.508120948662410754e+00 9.590081921680658539e+00 -2.078193839234303297e+01 1.484055188045970297e+01 3.335823329911065116e+00 -1.876204739560879275e+01 1.872028619399153726e+01 -3.244968891437244984e+00 -1.490559647692136558e+01 2.076754846295111534e+01 -9.508120948663009386e+00 -9.590081921675709609e+00 2.078193839233787088e+01 -1.484055188045848084e+01 -3.335823329907229073e+00 1.876204739560316881e+01
