-1.438036954352536689e+01 8.520180940819663817e+00 5.944271909811826848e-01 -9.481984339663206640e+00 1.474774575138517996e+01 -1.438036954351627728e+01 8.520180940805065717e+00 5.944271909957136169e-01 -9.481984339672118622e+00 1.474774575138507515e+01 -1.438036954350718766e+01 8.520180940790465840e+00 5.944271910102451040e-01 -9.481984339681030605e+00 1.474774575138496502e+01 -1.438036954349809449e+01 8.520180940775865963e+00 5.944271910247764801e-01 -9.481984339689944363e+00 1.474774575138485666e+01
-1.378036954352499066e+01 8.098828391662868498e+00 6.761899367628446678e-01 -9.192926692194678395e+00 1.419827790729145711e+01 -1.378036954351617283e+01 8.098828391648812186e+00 6.761899367767728597e-01 -9.192926692203156946e+00 1.419827790729124928e+01 -1.378036954350735321e+01 8.098828391634750545e+00 6.761899367907013847e-01 -9.192926692211633721e+00 1.419827790729103967e+01 -1.378036954349853538e+01 8.098828391620692457e+00 6.761899368046302428e-01 -9.192926692220112272e+00 1.419827790729083183e+01
-1.727897634127304727e+01 1.071247950819571315e+01 -5.417960677291580596e-02 -1.062481506293885580e+01 1.724549150278647147e+01 -1.727897634126290427e+01 1.071247950817866901e+01 -5.417960675548166849e-02 -1.062481506295001665e+01 1.724549150278710385e+01 -1.727897634125275772e+01 1.071247950816161776e+01 -5.417960673804680938e-02 -1.062481506296118283e+01 1.724549150278773624e+01 -1.727897634124260406e+01 1.071247950814457184e+01 -5.417960672061197802e-02 -1.062481506297234723e+01 1.724549150278836507e+01
1.226286771068230941e+01 -7.137228258255660762e+00 -7.145898033593263143e-01 8.293458848104135583e+00 -1.270450849716917396e+01 1.226286771067434955e+01 -7.137228258243079715e+00 -7.145898033717245079e-01 8.293458848111612269e+00 -1.270450849716887731e+01 1.226286771066638792e+01 -7.137228258230495115e+00 -7.145898033841230346e-01 8.293458848119090732e+00 -1.270450849716857888e+01 1.226286771065842629e+01 -7.137228258217911403e+00 -7.145898033965216722e-01 8.293458848126569194e+00 -1.270450849716828046e+01
1.198282705758759903e+01 -7.539153616411224945e+00 2.157797401714035279e-01 7.190014662729502071e+00 -1.184946784407555143e+01 1.198282705758074407e+01 -7.539153616399520530e+00 2.157797401593190556e-01 7.190014662737347351e+00 -1.184946784407616605e+01 1.198282705757388733e+01 -7.539153616387810786e+00 2.157797401472340837e-01 7.190014662745195295e+00 -1.184946784407677889e+01 1.198282705756702882e+01 -7.539153616376104594e+00 2.157797401351491395e-01 7.190014662753042352e+00 -1.184946784407739173e+01
-5.264057647466671597e+00 3.339308897408955978e+00 -1.390576474754870173e-01 -3.114308897397688902e+00 5.178115294930156765e+00 -5.264057647463704193e+00 3.339308897403842291e+00 -1.390576474701797627e-01 -3.114308897401162124e+00 5.178115294930470291e+00 -5.264057647460735900e+00 3.339308897398727272e+00 -1.390576474648723138e-01 -3.114308897404635790e+00 5.178115294930782930e+00 -5.264057647457768496e+00 3.339308897393612696e+00 -1.390576474595648926e-01 -3.114308897408109456e+00 5.178115294931095569e+00
-4.974138953653070239e+00 3.397464845439335246e+00 -5.230746418501632800e-01 -2.551112296272379787e+00 4.650861046335799998e+00 -4.974138953650661499e+00 3.397464845434755354e+00 -5.230746418451613922e-01 -2.551112296275892533e+00 4.650861046336483895e+00 -4.974138953648252759e+00 3.397464845430174130e+00 -5.230746418401593933e-01 -2.551112296279406166e+00 4.650861046337166904e+00 -4.974138953645843131e+00 3.397464845425594238e+00 -5.230746418351572835e-01 -2.551112296282919800e+00 4.650861046337849025e+00
-7.745820393246709124e+00 4.900705765347706411e+00 -1.836881039477625821e-01 -4.603492169830715852e+00 7.632294901676386800e+00 -7.745820393242321522e+00 4.900705765340168441e+00 -1.836881039399524962e-01 -4.603492169835813996e+00 7.632294901676828225e+00 -7.745820393237933921e+00 4.900705765332628694e+00 -1.836881039321421327e-01 -4.603492169840912140e+00 7.632294901677267873e+00 -7.745820393233545431e+00 4.900705765325088947e+00 -1.836881039243317693e-01 -4.603492169846010285e+00 7.632294901677707522e+00
-2.051393202248839920e+00 1.266969676938239919e+00 1.393202247465159110e-03 -1.269223925527700025e+00 2.052254248590517527e+00 -2.051393202247627556e+00 1.266969676936211542e+00 1.393202249535239329e-03 -1.269223925529020525e+00 2.052254248590585028e+00 -2.051393202246415193e+00 1.266969676934182276e+00 1.393202251605392405e-03 -1.269223925530341246e+00 2.052254248590651642e+00 -2.051393202245202385e+00 1.266969676932153455e+00 1.393202253675552421e-03 -1.269223925531662189e+00 2.052254248590718699e+00
-2.178647450842653210e+00 1.376518827219677332e+00 -4.860679775273677589e-02 -1.297871376371319219e+00 2.148606797746722918e+00 -2.178647450841415978e+00 1.376518827217555252e+00 -4.860679775053996371e-02 -1.297871376372751406e+00 2.148606797746843711e+00 -2.178647450840178745e+00 1.376518827215432506e+00 -4.860679774834306133e-02 -1.297871376374183594e+00 2.148606797746964503e+00 -2.178647450838941513e+00 1.376518827213309981e+00 -4.860679774614615201e-02 -1.297871376375616004e+00 2.148606797747084851e+00
5.884549150278107099e+00 -3.874515828565187725e+00 3.845491502892597890e-01 3.252302233051964198e+00 -5.646884705053448528e+00 5.884549150275021567e+00 -3.874515828559619290e+00 3.845491502833346398e-01 3.252302233055981873e+00 -5.646884705054024955e+00 5.884549150271934259e+00 -3.874515828554048635e+00 3.845491502774092130e-01 3.252302233059999548e+00 -5.646884705054601383e+00 5.884549150268847839e+00 -3.874515828548478868e+00 3.845491502714838417e-01 3.252302233064018111e+00 -5.646884705055176923e+00
7.970491502808861206e+00 -4.455543152972163412e+00 -7.612712429585475338e-01 5.687305898736235932e+00 -8.440983005612736179e+00 7.970491502803387363e+00 -4.455543152963794107e+00 -7.612712429666158576e-01 5.687305898740920185e+00 -8.440983005612251233e+00 7.970491502797913519e+00 -4.455543152955423913e+00 -7.612712429746845144e-01 5.687305898745607102e+00 -8.440983005611764511e+00 7.970491502792439675e+00 -4.455543152947052832e+00 -7.612712429827531713e-01 5.687305898750292243e+00 -8.440983005611277790e+00
-1.657950849717908781e+01 1.012116761213202132e+01 2.031152949162111920e-01 -1.044981506294021933e+01 1.670504065306840502e+01 -1.657950849716909403e+01 1.012116761211550120e+01 2.031152949329481094e-01 -1.044981506295077800e+01 1.670504065306875674e+01 -1.657950849715910024e+01 1.012116761209897930e+01 2.031152949496856652e-01 -1.044981506296134022e+01 1.670504065306910846e+01 -1.657950849714910291e+01 1.012116761208245741e+01 2.031152949664232488e-01 -1.044981506297190244e+01 1.670504065306946018e+01
5.360942352527489518e+00 -3.434597134751413705e+00 1.963525491628131947e-01 3.116892036427977075e+00 -5.239589803366147436e+00 5.360942352524523891e+00 -3.434597134746241398e+00 1.963525491574101278e-01 3.116892036431546220e+00 -5.239589803366521359e+00 5.360942352521556487e+00 -3.434597134741067315e+00 1.963525491520068111e-01 3.116892036435115809e+00 -5.239589803366893506e+00 5.360942352518588194e+00 -3.434597134735894119e+00 1.963525491466034945e-01 3.116892036438685398e+00 -5.239589803367266541e+00
-1.198176274577465605e+01 7.700957015286153506e+00 -4.786474508591866961e-01 -6.926489171166788417e+00 1.168594235251289426e+01 -1.198176274576806577e+01 7.700957015274617845e+00 -4.786474508471120215e-01 -6.926489171174788240e+00 1.168594235251376823e+01 -1.198176274576147549e+01 7.700957015263079519e+00 -4.786474508350369583e-01 -6.926489171182789839e+00 1.168594235251464220e+01 -1.198176274575488165e+01 7.700957015251543858e+00 -4.786474508229617841e-01 -6.926489171190792327e+00 1.168594235251551261e+01
-1.048680339886976398e+01 6.303414529348410511e+00 2.876644452049349487e-01 -6.768865379044084918e+00 1.066458980335872653e+01 -1.048680339886328206e+01 6.303414529337859840e+00 2.876644452155266429e-01 -6.768865379050669873e+00 1.066458980335879225e+01 -1.048680339885680013e+01 6.303414529327305615e+00 2.876644452261187812e-01 -6.768865379057255716e+00 1.066458980335885798e+01 -1.048680339885031820e+01 6.303414529316754056e+00 2.876644452367108640e-01 -6.768865379063842447e+00 1.066458980335892370e+01
-1.185139320224294224e+01 7.591407865004510036e+00 -4.317627457965533821e-01 -6.892801067228997880e+00 1.158454915026239185e+01 -1.185139320223638215e+01 7.591407864993074739e+00 -4.317627457846087147e-01 -6.892801067236886681e+00 1.158454915026321785e+01 -1.185139320222981851e+01 7.591407864981635001e+00 -4.317627457726636031e-01 -6.892801067244776370e+00 1.158454915026403853e+01 -1.185139320222325665e+01 7.591407864970197039e+00 -4.317627457607184915e-01 -6.892801067252667835e+00 1.158454915026486098e+01
-5.178647450840649036e+00 3.316030990095844011e+00 -1.868033988819223778e-01 -3.013776741490579614e+00 5.063196601116611184e+00 -5.178647450837781108e+00 3.316030990090845343e+00 -1.868033988767029141e-01 -3.013776741494025302e+00 5.063196601116969120e+00 -5.178647450834911403e+00 3.316030990085845342e+00 -1.868033988714832283e-01 -3.013776741497472322e+00 5.063196601117326168e+00 -5.178647450832041699e+00 3.316030990080846674e+00 -1.868033988662635980e-01 -3.013776741500918899e+00 5.063196601117684104e+00
-5.819959346903978314e+00 3.566030990096908049e+00 4.999999999221895614e-02 -3.646932689521400484e+00 5.850861046335326776e+00 -5.819959346900493102e+00 3.566030990091123787e+00 4.999999999809345841e-02 -3.646932689525119731e+00 5.850861046335471549e+00 -5.819959346897006114e+00 3.566030990085336860e+00 5.000000000396819660e-02 -3.646932689528839422e+00 5.850861046335617210e+00 -5.819959346893519125e+00 3.566030990079551266e+00 5.000000000984293480e-02 -3.646932689532560001e+00 5.850861046335761095e+00
-1.485410196623591084e+00 1.066640786500326232e+00 -2.404508497206855611e-01 -6.775831390284210443e-01 1.336803398872275173e+00 -1.485410196622956924e+00 1.066640786499012838e+00 -2.404508497191946426e-01 -6.775831390295198320e-01 1.336803398872562498e+00 -1.485410196622322543e+00 1.066640786497699223e+00 -2.404508497177036963e-01 -6.775831390306188418e-01 1.336803398872849824e+00 -1.485410196621688161e+00 1.066640786496385829e+00 -2.404508497162128056e-01 -6.775831390317177405e-01 1.336803398873136928e+00
