2.210799136667716880e+00 -2.168203998691862644e+00 1.913369946558935331e+00 -1.471241912825007603e+00 8.850984699191060123e-01 -2.123154219343239002e-01 -4.812505388375380999e-01 1.127708343798072388e+00 -1.663778198861506574e+00 2.036985851596086583e+00 -2.210799136661685704e+00 2.168203998687852518e+00 -1.913369946557341050e+00 1.471241912825975717e+00 -8.850984699225539210e-01 2.123154219399014386e-01 4.812505388303698894e-01 -1.127708343790008394e+00 1.663778198853349766e+00 -2.036985851588624552e+00
7.176854848210992621e+00 -6.612625665390479135e+00 5.401106609570954120e+00 -3.660889607085736408e+00 1.562319222942793351e+00 6.891818520585510921e-01 -2.873221005567090369e+00 4.776009268142345832e+00 -6.211288467138549763e+00 7.038563474380262974e+00 -7.176854848195218572e+00 6.612625665382131146e+00 -5.401106609570857309e+00 3.660889607093860576e+00 -1.562319222958392428e+00 -6.891818520370505130e-01 2.873221005541767070e+00 -4.776009268115659623e+00 6.211288467113152301e+00 -7.038563474358612737e+00
6.100523467811091116e+00 -5.675304410485838780e+00 4.694547015292586778e+00 -3.254254649411520539e+00 1.495413164722003252e+00 4.098097796855268427e-01 -2.274917687543927869e+00 3.917340801861526334e+00 -5.176307304774597107e+00 5.928580783243028840e+00 -6.100523467797197341e+00 5.675304410478146266e+00 -4.694547015291854919e+00 3.254254649417790635e+00 -1.495413164734700207e+00 -4.098097796676843374e-01 2.274917687522664878e+00 -3.917340801838908426e+00 5.176307304752871374e+00 -5.928580783224296269e+00
1.077090653559239364e+01 -9.912308341529843858e+00 8.083424343887489982e+00 -5.463278450938785724e+00 2.308348798315299710e+00 1.072538117897078536e+00 -4.348437530315720778e+00 7.198681579920530815e+00 -9.344268520318896876e+00 1.057517335260214963e+01 -1.077090653556882494e+01 9.912308341517444887e+00 -8.083424343887484653e+00 5.463278450951116305e+00 -2.308348798338832886e+00 -1.072538117864716645e+00 4.348437530277659668e+00 -7.198681579880467751e+00 9.344268520280811785e+00 -1.057517335256972579e+01
-8.173452476437366165e-01 5.325284312953033616e-01 -1.955840217481759624e-01 -1.605055145614667222e-01 5.008836527980127240e-01 -7.922318092370014275e-01 1.006030796384294490e+00 -1.121352479752863562e+00 1.126908369481246730e+00 -1.022154616372725089e+00 8.173452476439095893e-01 -5.325284312967706324e-01 1.955840217507945344e-01 1.605055145579617482e-01 -5.008836527939549699e-01 7.922318092327951256e-01 -1.006030796380347425e+00 1.121352479749561315e+00 -1.126908369478914373e+00 1.022154616371591773e+00
-6.648614260219983585e+00 6.143897065446903838e+00 -5.037772418861361068e+00 3.438515507694816176e+00 -1.502672741090275155e+00 -5.802621031475592162e-01 2.606396849804574423e+00 -4.377399312967573231e+00 5.719911432242881233e+00 -6.502518767564350988e+00 6.648614260205210513e+00 -6.143897065438973293e+00 5.037772418861055534e+00 -3.438515507702132545e+00 1.502672741104539966e+00 5.802621031277844788e-01 -2.606396849781201563e+00 4.377399312942873877e+00 -5.719911432219307201e+00 6.502518767544185785e+00
-7.622309736132086400e+00 6.854507790785483223e+00 -5.415738864714488621e+00 3.446839684895550260e+00 -1.140539821176435265e+00 -1.277404026846278295e+00 3.570306668523112847e+00 -5.513722817695207112e+00 6.917417361105602680e+00 -7.643986896730865510e+00 7.622309736116839041e+00 -6.854507790778464837e+00 5.415738864716395540e+00 -3.446839684906150669e+00 1.140539821194745729e+00 1.277404026822099858e+00 -3.570306668495406122e+00 5.513722817666664611e+00 -6.917417361079057692e+00 7.643986896708889311e+00
-9.397960552999427009e+00 8.425036037494036734e+00 -6.627410293963100330e+00 4.181047454978519262e+00 -1.325414560032082134e+00 -1.659959146754885317e+00 4.482844486640859216e+00 -6.866917774359809101e+00 8.578809305695118681e+00 -9.450947210110705043e+00 9.397960552980862303e+00 -8.425036037485671869e+00 6.627410293965763977e+00 -4.181047454991896117e+00 1.325414560054929636e+00 1.659959146724865553e+00 -4.482844486606570200e+00 6.866917774324585722e+00 -8.578809305662456808e+00 9.450947210083768368e+00
-8.029971801758080119e+00 7.285400471460933502e+00 -5.827683382649115451e+00 3.799512040487772691e+00 -1.399417987048196643e+00 -1.137660849280651476e+00 3.563377515131627593e+00 -5.640285962290005450e+00 7.165083921276426793e+00 -7.988513543973788877e+00 8.029971801741444537e+00 -7.285400471452835092e+00 5.827683382650356236e+00 -3.799512040498187915e+00 1.399417987066821301e+00 1.137660849255692552e+00 -3.563377515102748028e+00 5.640285962260012553e+00 -7.165083921248298182e+00 7.988513543950249485e+00
1.792964551795065020e+01 -1.633061980602704821e+01 1.313303924537476419e+01 -8.649905300124405727e+00 3.320058356667712651e+00 2.334779030943125555e+00 -7.761071979640811414e+00 1.242765712840201253e+01 -1.587773660885660121e+01 1.777359260334174351e+01 -1.792964551791293459e+01 1.633061980600827212e+01 -1.313303924537677858e+01 8.649905300146919274e+00 -3.320058356708642133e+00 -2.334779030887902174e+00 7.761071979576634305e+00 -1.242765712833511849e+01 1.587773660879363291e+01 -1.777359260328880097e+01
-4.309935943378096823e+00 3.950557653245485579e+00 -3.204471254860467244e+00 2.144708883186619897e+00 -8.750074629619390976e-01 -4.803457842721404747e-01 1.788679439375201463e+00 -2.921924688489472288e+00 3.769151590848005995e+00 -4.247427674271324172e+00 4.309935943368807365e+00 -3.950557653240697409e+00 3.204471254860653318e+00 -2.144708883191738913e+00 8.750074629715192120e-01 4.803457842590649896e-01 -1.788679439359895262e+00 2.921924688473422016e+00 -3.769151590832806598e+00 4.247427674258447361e+00
1.873992303833891881e+01 -1.704110096542817132e+01 1.367417719769343165e+01 -8.968729692258044395e+00 3.385360435734289464e+00 2.529391487428847007e+00 -8.196548948493200371e+00 1.306137108976331263e+01 -1.664765522484399796e+01 1.860435087548404454e+01 -1.873992303829974304e+01 1.704110096540884811e+01 -1.367417719769586704e+01 8.968729692281897314e+00 -3.385360435777354127e+00 -2.529391487370908465e+00 8.196548948425990133e+00 -1.306137108969336325e+01 1.664765522477825499e+01 -1.860435087542887800e+01
-6.118115339889816262e+00 5.440418969557347495e+00 -4.230176484858138686e+00 2.605854852449796422e+00 -7.264539910266099021e-01 -1.224057248539773823e+00 3.054749236110004151e+00 -4.586421084760063493e+00 5.669142082159221552e+00 -6.196927953321710980e+00 6.118115339878126058e+00 -5.440418969552387907e+00 4.230176484860399988e+00 -2.605854852459022819e+00 7.264539910419420821e-01 1.224057248519877295e+00 -3.054749236087468844e+00 4.586421084737080101e+00 -5.669142082138070471e+00 6.196927953304443015e+00
1.041793661080445910e+00 -9.847866067749918573e-01 8.313817779868719615e-01 -5.965955081921769931e-01 3.034103133305358080e-01 1.947479698365306433e-02 -3.404535784800340470e-01 6.281063916351382614e-01 -8.542757749024141312e-01 9.968226932329820045e-01 -1.041793661077933697e+00 9.847866067735070450e-01 -8.313817779865609880e-01 5.965955081930651716e-01 -3.034103133325427026e-01 -1.947479698073045773e-02 3.404535784764781137e-01 -6.281063916312942252e-01 8.542757748986641309e-01 -9.968226932296887499e-01
-6.048686348776957544e+00 5.476238417369956757e+00 -4.367738114475502975e+00 2.831693173116713869e+00 -1.018462374408099391e+00 -8.944626175511092292e-01 2.719831376416116608e+00 -4.278964089977669083e+00 5.419241985116394211e+00 -6.029046716673283512e+00 6.048686348764529264e+00 -5.476238417363982869e+00 4.367738114476576783e+00 -2.831693173124695040e+00 1.018462374422248518e+00 8.944626175322162309e-01 -2.719831376394306943e+00 4.278964089955062278e+00 -5.419241985095236025e+00 6.029046716655621196e+00
-1.248759053513363959e+01 1.133542060399555673e+01 -9.073660725621772727e+00 5.923707715515331707e+00 -2.193900921318384434e+00 -1.750660180861489668e+00 5.523854466970286481e+00 -8.756335390894133042e+00 1.113168519778129273e+01 -1.241738809849926994e+01 1.248759053510771544e+01 -1.133542060398289841e+01 9.073660725623636125e+00 -5.923707715531461915e+00 2.193900921347289312e+00 1.750660180822721124e+00 -5.523854466925403273e+00 8.756335390847496569e+00 -1.113168519773753573e+01 1.241738809846262903e+01
-2.141344331023522507e+00 1.916839106857280983e+00 -1.504700315508959996e+00 9.452709734155567700e-01 -2.933119223545530008e-01 -3.873585432904675385e-01 1.030111655832281370e+00 -1.572030262291186808e+00 1.960067593698181954e+00 -2.156239852440237748e+00 2.141344331019317426e+00 -1.916839106855405817e+00 1.504700315509600594e+00 -9.452709734186376389e-01 2.933119223597880909e-01 3.873585432836049725e-01 -1.030111655824455186e+00 1.572030262283157453e+00 -1.960067593690746790e+00 2.156239852434117754e+00
-1.420837681496177218e+01 1.279173203655447999e+01 -1.012294340117464486e+01 6.463250534997158958e+00 -2.170889674342768139e+00 -2.333972993111517624e+00 6.610370122252184011e+00 -1.023969816666916799e+01 1.286669321036051628e+01 -1.423420667509999760e+01 1.420837681493321902e+01 -1.279173203654123725e+01 1.012294340117802349e+01 -6.463250535016747733e+00 2.170889674376749401e+00 2.333972993066564250e+00 -6.610370122200606602e+00 1.023969816661598031e+01 -1.286669321031099855e+01 1.423420667505894421e+01
-1.274385082909370803e+00 1.002435199565550494e+00 -6.323599745118575477e-01 2.003849492422346557e-01 2.512051510230060014e-01 -6.782055408567373433e-01 1.038818447015469992e+00 -1.297744565706640207e+00 1.429638404388502870e+00 -1.421589275172555844e+00 1.274385082908103595e+00 -1.002435199565951285e+00 6.323599745138879236e-01 -2.003849492456862835e-01 -2.512051510184596381e-01 6.782055408515506034e-01 -1.038818447010145585e+00 1.297744565701696828e+00 -1.429638404384429462e+00 1.421589275169748978e+00
-1.170102782715518375e+00 1.004575377804670655e+00 -7.407131356263543243e-01 4.043447308813249985e-01 -2.839624664247702990e-02 -3.503318600658301696e-01 6.947670434051744781e-01 -9.711935878093569396e-01 1.152552937135194799e+00 -1.221092374665868396e+00 1.170102782713603240e+00 -1.004575377804115766e+00 7.407131356272151912e-01 -4.043447308835096954e-01 2.839624664578083157e-02 3.503318600617387202e-01 -6.947670434006913975e-01 9.711935878049186011e-01 -1.152552937131240851e+00 1.221092374662783087e+00
