-3.199999999997932942e+00 -3.099999999996133404e+00 3.199999999998037747e+00 3.099999999996650768e+00 -3.199999999998142108e+00 -3.099999999997169464e+00 3.199999999998247802e+00 3.099999999997685940e+00 -3.199999999998350386e+00 -3.099999999998205524e+00 3.199999999998453415e+00 3.099999999998719336e+00 -3.199999999998562217e+00 -3.099999999999238032e+00 3.199999999998664801e+00 3.099999999999757616e+00 -3.199999999998768718e+00 -3.100000000000277200e+00 3.199999999998871747e+00 3.100000000000796341e+00
-4.299999999996947153e+00 -4.899999999993966959e+00 4.299999999997038636e+00 4.899999999994733457e+00 -4.299999999997128342e+00 -4.899999999995502620e+00 4.299999999997221600e+00 4.899999999996269118e+00 -4.299999999997309530e+00 -4.899999999997039168e+00 4.299999999997398348e+00 4.899999999997801226e+00 -4.299999999997496047e+00 -4.899999999998569500e+00 4.299999999997584865e+00 4.899999999999339551e+00 -4.299999999997675459e+00 -4.900000000000108713e+00 4.299999999997763389e+00 4.900000000000878764e+00
2.499999999997418954e+00 9.499999999983242960e-01 -2.499999999997599698e+00 -9.499999999985846433e-01 2.499999999997779554e+00 9.499999999988462118e-01 -2.499999999997960742e+00 -9.499999999991061150e-01 2.499999999998140154e+00 9.499999999993682387e-01 -2.499999999998320455e+00 -9.499999999996256994e-01 2.499999999998502087e+00 9.499999999998872680e-01 -2.499999999998681943e+00 -9.500000000001492806e-01 2.499999999998862243e+00 9.500000000004114042e-01 -2.499999999999042544e+00 -9.500000000006729728e-01
7.799999999993747046e+00 5.799999999991559463e+00 -7.799999999994120081e+00 -5.799999999992648370e+00 7.799999999994491340e+00 5.799999999993741717e+00 -7.799999999994867039e+00 -5.799999999994828848e+00 7.799999999995235633e+00 5.799999999995923972e+00 -7.799999999995605116e+00 -5.799999999997003997e+00 7.799999999995986144e+00 5.799999999998098232e+00 -7.799999999996355626e+00 -5.799999999999192468e+00 7.799999999996726885e+00 5.800000000000287592e+00 -7.799999999997096367e+00 -5.800000000001380052e+00
6.549999999994988720e+00 4.699999999993295319e+00 -6.549999999995313793e+00 -4.699999999994194155e+00 6.549999999995637090e+00 4.699999999995094768e+00 -6.549999999995963940e+00 -4.699999999995991828e+00 6.549999999996284572e+00 4.699999999996894218e+00 -6.549999999996606093e+00 -4.699999999997785061e+00 6.549999999996937383e+00 4.699999999998686562e+00 -6.549999999997259792e+00 -4.699999999999588951e+00 6.549999999997582201e+00 4.700000000000492228e+00 -6.549999999997904609e+00 -4.700000000001393730e+00
1.129999999999249738e+01 1.054999999998625704e+01 -1.129999999999289173e+01 -1.054999999998804405e+01 1.129999999999328608e+01 1.054999999998983640e+01 -1.129999999999368754e+01 -1.054999999999162341e+01 1.129999999999407656e+01 1.054999999999341753e+01 -1.129999999999446736e+01 -1.054999999999519389e+01 1.129999999999487592e+01 1.054999999999698623e+01 -1.129999999999526672e+01 -1.054999999999878391e+01 1.129999999999565929e+01 1.055000000000057980e+01 -1.129999999999605009e+01 -1.055000000000237215e+01
8.499999999993517186e-01 -9.999999999993374189e-01 -8.499999999995019317e-01 9.999999999993782751e-01 8.499999999996521449e-01 -9.999999999994184652e-01 -8.499999999998020250e-01 9.999999999994595434e-01 8.499999999999526823e-01 -9.999999999994995115e-01 -8.500000000001032285e-01 9.999999999995413669e-01 8.500000000002521094e-01 -9.999999999995814459e-01 -8.500000000004027667e-01 9.999999999996217470e-01 8.500000000005535350e-01 -9.999999999996620481e-01 -8.500000000007040812e-01 9.999999999997021272e-01
-6.999999999995714539e+00 -7.349999999990824762e+00 6.999999999995905497e+00 7.349999999992012256e+00 -6.999999999996095568e+00 -7.349999999993202415e+00 6.999999999996289191e+00 7.349999999994388133e+00 -6.999999999996474820e+00 -7.349999999995580957e+00 6.999999999996661337e+00 7.349999999996759570e+00 -6.999999999996862066e+00 -7.349999999997950617e+00 6.999999999997048583e+00 7.349999999999142553e+00 -6.999999999997236877e+00 -7.350000000000334488e+00 6.999999999997424283e+00 7.350000000001525535e+00
-6.749999999995953459e+00 -7.949999999990427391e+00 6.749999999996079580e+00 7.949999999991657518e+00 -6.749999999996203925e+00 -7.949999999992888533e+00 6.749999999996332711e+00 7.949999999994116884e+00 -6.749999999996453504e+00 -7.949999999995350564e+00 6.749999999996575184e+00 7.949999999996571809e+00 -6.749999999996711963e+00 -7.949999999997804601e+00 6.749999999996832756e+00 7.949999999999038280e+00 -6.749999999996957101e+00 -7.950000000000271960e+00 6.749999999997077893e+00 7.950000000001503864e+00
-9.099999999994068389e+00 -8.949999999989026733e+00 9.099999999994356159e+00 8.949999999990509991e+00 -9.099999999994645705e+00 -8.949999999991998578e+00 9.099999999994937028e+00 8.949999999993481836e+00 -9.099999999995219468e+00 -8.949999999994970423e+00 9.099999999995503686e+00 8.949999999996446576e+00 -9.099999999995803890e+00 -8.949999999997935163e+00 9.099999999996088107e+00 8.949999999999425526e+00 -9.099999999996372324e+00 -8.950000000000915890e+00 9.099999999996656541e+00 8.950000000002404477e+00
-8.149999999994554045e+00 -7.849999999990055599e+00 8.149999999994824051e+00 7.849999999991368327e+00 -8.149999999995092281e+00 -7.849999999992686384e+00 8.149999999995364064e+00 7.849999999993997335e+00 -8.149999999995626965e+00 -7.849999999995316280e+00 8.149999999995893418e+00 7.849999999996619238e+00 -8.149999999996172306e+00 -7.849999999997937294e+00 8.149999999996436983e+00 7.849999999999256239e+00 -8.149999999996705213e+00 -7.850000000000574296e+00 8.149999999996969891e+00 7.850000000001892353e+00
1.719999999998796270e+01 1.704999999997842153e+01 -1.719999999998849916e+01 -1.704999999998123883e+01 1.719999999998902851e+01 1.704999999998406679e+01 -1.719999999998957207e+01 -1.704999999998688054e+01 1.719999999999009788e+01 1.704999999998971205e+01 -1.719999999999062368e+01 -1.704999999999251159e+01 1.719999999999118145e+01 1.704999999999533600e+01 -1.719999999999171081e+01 -1.704999999999816396e+01 1.719999999999224016e+01 1.705000000000099902e+01 -1.719999999999276952e+01 -1.705000000000382343e+01
-4.149999999996964561e+00 -3.349999999995406430e+00 4.149999999997145750e+00 3.349999999996011724e+00 -4.149999999997326050e+00 -3.349999999996619682e+00 4.149999999997508127e+00 3.349999999997224087e+00 -4.149999999997685762e+00 -3.349999999997832489e+00 4.149999999997865174e+00 3.349999999998432898e+00 -4.149999999998049915e+00 -3.349999999999040412e+00 4.149999999998229328e+00 3.349999999999648814e+00 -4.149999999998408740e+00 -3.350000000000257216e+00 4.149999999998587263e+00 3.350000000000864286e+00
1.789999999998815028e+01 1.794999999997691376e+01 -1.789999999998869384e+01 -1.794999999997986606e+01 1.789999999998923741e+01 1.794999999998282547e+01 -1.789999999998978453e+01 -1.794999999998577422e+01 1.789999999999032099e+01 1.794999999998874074e+01 -1.789999999999085389e+01 -1.794999999999167528e+01 1.789999999999141878e+01 1.794999999999463469e+01 -1.789999999999195524e+01 -1.794999999999760121e+01 1.789999999999249169e+01 1.795000000000056772e+01 -1.789999999999302815e+01 -1.795000000000353069e+01
-5.149999999996393463e+00 -5.049999999993366906e+00 5.149999999996557776e+00 5.049999999994205346e+00 -5.149999999996721201e+00 -5.049999999995046451e+00 5.149999999996887290e+00 5.049999999995883115e+00 -5.149999999997048938e+00 -5.049999999996725997e+00 5.149999999997210587e+00 5.049999999997558220e+00 -5.149999999997381117e+00 -5.049999999998400213e+00 5.149999999997542766e+00 5.049999999999242206e+00 -5.149999999997705302e+00 -5.050000000000083311e+00 5.149999999997866951e+00 5.050000000000925304e+00
3.099999999997268496e+00 -3.000000000011515677e-01 -3.099999999997591793e+00 3.000000000009734880e-01 3.099999999997915090e+00 -3.000000000007931877e-01 -3.099999999998237943e+00 3.000000000006155521e-01 3.099999999998560796e+00 -3.000000000004348077e-01 -3.099999999998884093e+00 3.000000000002600586e-01 3.099999999999206501e+00 -3.000000000000797584e-01 -3.099999999999529798e+00 2.999999999998994582e-01 3.099999999999853095e+00 -2.999999999997191580e-01 -3.100000000000176392e+00 2.999999999995388578e-01
-6.049999999996099831e+00 -5.599999999992776090e+00 6.049999999996314770e+00 5.599999999993728217e+00 -6.049999999996529709e+00 -5.599999999994684785e+00 6.049999999996746425e+00 5.599999999995636024e+00 -6.049999999996958699e+00 -5.599999999996591704e+00 6.049999999997170974e+00 5.599999999997538502e+00 -6.049999999997393019e+00 -5.599999999998494182e+00 6.049999999997606182e+00 5.599999999999449862e+00 -6.049999999997819344e+00 -5.600000000000407319e+00 6.049999999998031619e+00 5.600000000001362110e+00
-1.214999999999201385e+01 -1.174999999998493472e+01 1.214999999999241354e+01 1.174999999998689759e+01 -1.214999999999280966e+01 -1.174999999998886580e+01 1.214999999999321290e+01 1.174999999999082334e+01 -1.214999999999360369e+01 -1.174999999999279510e+01 1.214999999999399627e+01 1.174999999999474376e+01 -1.214999999999441016e+01 -1.174999999999671196e+01 1.214999999999480274e+01 1.174999999999868372e+01 -1.214999999999519709e+01 -1.175000000000065370e+01 1.214999999999558966e+01 1.175000000000262013e+01
-2.399999999998244427e+00 -1.649999999997687761e+00 2.399999999998368327e+00 1.649999999998009725e+00 -2.399999999998491340e+00 -1.649999999998332800e+00 2.399999999998616129e+00 1.649999999998654321e+00 -2.399999999998738698e+00 -1.649999999998978284e+00 2.399999999998861266e+00 1.649999999999297362e+00 -2.399999999998987388e+00 -1.649999999999620881e+00 2.399999999999110400e+00 1.649999999999944400e+00 -2.399999999999233413e+00 -1.650000000000267919e+00 2.399999999999356426e+00 1.650000000000591438e+00
-1.344999999999169837e+01 -1.444999999998209894e+01 1.344999999999204299e+01 1.444999999998441176e+01 -1.344999999999238582e+01 -1.444999999998672990e+01 1.344999999999273577e+01 1.444999999998904094e+01 -1.344999999999306972e+01 -1.444999999999136264e+01 1.344999999999340723e+01 1.444999999999366125e+01 -1.344999999999377138e+01 -1.444999999999598295e+01 1.344999999999410711e+01 1.444999999999830465e+01 -1.344999999999444640e+01 -1.445000000000062634e+01 1.344999999999478391e+01 1.445000000000294627e+01
