7.191237167789645390e+00 -1.932818365612457345e+00 -4.919072906455236982e+00 7.715535384344076597e+00 -4.151082918461336035e+00 -2.835644743314199800e+00 7.484583240182658415e+00 -5.963010552955472221e+00 -4.746439155991176717e-01 6.520987940314223685e+00 -7.191237167788429474e+00 1.932818365613114153e+00 4.919072906453246574e+00 -7.715535384342400604e+00 4.151082918461352023e+00 2.835644743312490945e+00 -7.484583240180685770e+00 5.963010552954827403e+00 4.746439155978656732e-01 -6.520987940312145348e+00
7.089926357518943512e+00 -1.673375938125642781e+00 -5.122754961575957999e+00 7.695535573170436905e+00 -3.923889675227625773e+00 -3.082726607727104273e+00 7.547852148970624953e+00 -5.790305751570987702e+00 -7.409394948948819781e-01 6.661332367451208825e+00 -7.089926357517786215e+00 1.673375938126367535e+00 5.122754961573946275e+00 -7.695535573168804433e+00 3.923889675227714591e+00 3.082726607725354562e+00 -7.547852148968676289e+00 5.790305751570412163e+00 7.409394948935729142e-01 -6.661332367449132263e+00
1.163476821881184087e+01 -2.456764824040726491e+00 -8.746667954967216829e+00 1.273908968529838148e+01 -6.229030134332242064e+00 -5.416425587206039616e+00 1.259642029493055304e+01 -9.391554574869745764e+00 -1.555985744513329827e+00 1.122072552167382575e+01 -1.163476821880999346e+01 2.456764824042012130e+00 8.746667954963855962e+00 -1.273908968529572583e+01 6.229030134332477431e+00 5.416425587203088199e+00 -1.259642029492734849e+01 9.391554574868873573e+00 1.555985744511088065e+00 -1.122072552167038140e+01
-4.231114960982251816e-01 4.235293085970790461e-01 -7.477706691577434839e-02 -3.356235943115007947e-01 4.693262650311544881e-01 -2.161025198861550867e-01 -2.152825166864876238e-01 4.691822966555965202e-01 -3.362743525352639429e-01 -7.386808636671940431e-02 4.231114960980982831e-01 -4.235293085970147087e-01 7.477706691582661214e-02 3.356235943113762832e-01 -4.693262650310591755e-01 2.161025198861689922e-01 2.152825166863776285e-01 -4.691822966554798358e-01 3.362743525352377416e-01 7.386808636663469430e-02
-6.898532407704116132e+00 1.065965946103856199e+00 5.645414282572127185e+00 -7.702548462858168854e+00 3.409474500500285110e+00 3.694470803935206771e+00 -7.752585407656577665e+00 5.419239935581678047e+00 1.381886782117602408e+00 -7.043745277314680031e+00 6.898532407703091174e+00 -1.065965946104748152e+00 -5.645414282570052400e+00 7.702548462856628753e+00 -3.409474500500546235e+00 -3.694470803933347369e+00 7.752585407654670746e+00 -5.419239935581260603e+00 -1.381886782116146906e+00 7.043745277312591035e+00
-7.094739729450535215e+00 1.503023140329096119e-01 6.918048762302261956e+00 -8.282956388275815485e+00 2.819150458518530300e+00 4.968846261253941243e+00 -8.660379565065701613e+00 5.212040513947709286e+00 2.533258468166638799e+00 -8.190064449614203212e+00 7.094739729449649701e+00 -1.503023140341415154e-01 -6.918048762299929599e+00 8.282956388274310910e+00 -2.819150458519092517e+00 -4.968846261251764318e+00 8.660379565063724527e+00 -5.212040513947520992e+00 -2.533258468164837129e+00 8.190064449611941910e+00
-1.009556442255658659e+01 2.089413642403357585e+00 7.639311372669349787e+00 -1.106996276745366536e+01 5.374210343603037288e+00 4.752199602078126972e+00 -1.096075602770613600e+01 8.132941892045058907e+00 1.399909423914213580e+00 -9.778634119888732101e+00 1.009556442255499142e+01 -2.089413642404487348e+00 -7.639311372666425015e+00 1.106996276745136676e+01 -5.374210343603254003e+00 -4.752199602075553919e+00 1.096075602770335777e+01 -8.132941892044312837e+00 -1.399909423912254702e+00 9.778634119885738940e+00
-7.942469260464346981e+00 2.937010079497671455e+00 4.489806839337845190e+00 -8.215094571106856591e+00 5.167616030831475804e+00 2.140197586240691230e+00 -7.683569187199681849e+00 6.892379720169065749e+00 -4.189091182308395389e-01 -6.399922516674884321e+00 7.942469260462860170e+00 -2.937010079498130199e+00 -4.489806839335814814e+00 8.215094571104939902e+00 -5.167616030831244878e+00 -2.140197586239028560e+00 7.683569187197520023e+00 -6.892379720168149149e+00 4.189091182319637507e-01 6.399922516672686079e+00
1.730429451478769920e+01 -3.835561319511111567e+00 -1.279532175904274460e+01 1.887736417611552042e+01 -9.396350770707689648e+00 -7.831291359336717051e+00 1.860258590555442382e+01 -1.403735994024101785e+01 -2.100679597563986700e+00 1.650685691471996108e+01 -1.730429451478491387e+01 3.835561319512962974e+00 1.279532175903778324e+01 -1.887736417611155559e+01 9.396350770707982747e+00 7.831291359332377411e+00 -1.860258590554966318e+01 1.403735994023967670e+01 2.100679597560711098e+00 -1.650685691471486294e+01
-3.682936174640621285e+00 6.764402166700816954e-01 2.887733007808058527e+00 -4.071173965765566116e+00 1.898219025380183611e+00 1.839683668286462570e+00 -4.060896883584290684e+00 2.934186930216232891e+00 6.115532734832670458e-01 -3.653110920505394876e+00 3.682936174640054627e+00 -6.764402166705222319e-01 -2.887733007806973617e+00 4.071173965764733893e+00 -1.898219025380289304e+00 -1.839683668285499785e+00 4.060896883583274608e+00 -2.934186930215982425e+00 -6.115532734825247507e-01 3.653110920504292203e+00
1.867475171936599310e+01 -3.226477415486846745e+00 -1.488180003600935386e+01 2.072108259295044519e+01 -9.477293483332356772e+00 -9.579855910648902295e+00 2.073908953006449707e+01 -1.480040603284178147e+01 -3.340168741973717381e+00 1.872700988624199070e+01 -1.867475171936315803e+01 3.226477415489148015e+00 1.488180003600380985e+01 -2.072108259294624233e+01 9.477293483332957180e+00 9.579855910643964023e+00 -2.073908953005933853e+01 1.480040603284056466e+01 3.340168741969887556e+00 -1.872700988623638096e+01
-5.113789014891594320e+00 8.182982462007415414e-02 5.017592286672643453e+00 -5.980363320865350829e+00 2.012746440038549522e+00 3.614237972747416539e+00 -6.261537997351197760e+00 3.746641410276693840e+00 1.857096864173100048e+00 -5.929789707955608336e+00 5.113789014890960161e+00 -8.182982462097099230e-02 -5.017592286670958579e+00 5.980363320864267251e+00 -2.012746440038962970e+00 -3.614237972745840022e+00 6.261537997349770457e+00 -3.746641410276565498e+00 -1.857096864171793094e+00 5.929789707953974087e+00
2.160845240413787227e+00 -1.257513297550136411e+00 -6.825496986903992758e-01 2.059898591243852994e+00 -1.739006327611982039e+00 -1.557404521653438234e-02 1.757314715805531335e+00 -2.050273301957523220e+00 6.529261043137900566e-01 1.282712632052584345e+00 -2.160845240413300949e+00 1.257513297550108877e+00 6.825496986899428631e-01 -2.059898591243292554e+00 1.739006327611776648e+00 1.557404521621008620e-02 -1.757314715804951799e+00 2.050273301957157290e+00 -6.529261043139480414e-01 -1.282712632052042112e+00
-5.734327105364351418e+00 9.525934257453456677e-01 4.614486371196335313e+00 -6.377247497532922971e+00 2.882417687341717993e+00 2.988762282399768822e+00 -6.395918471746726119e+00 4.530090822715829191e+00 1.070477317470771128e+00 -5.788512382961470415e+00 5.734327105363486332e+00 -9.525934257460652033e-01 -4.614486371194624681e+00 6.377247497531636000e+00 -2.882417687341914281e+00 -2.988762282398241599e+00 6.395918471745142497e+00 -4.530090822715465926e+00 -1.070477317469582967e+00 5.788512382959742908e+00
-1.215374520241951650e+01 2.098529364037631684e+00 9.686775979050928242e+00 -1.348601748953174351e+01 6.166988405959712871e+00 6.236287817367586861e+00 -1.349818442215917358e+01 9.631779654770985744e+00 2.175348353348449670e+00 -1.218905501616440290e+01 1.215374520241767264e+01 -2.098529364039130041e+00 -9.686775979047320462e+00 1.348601748952901147e+01 -6.166988405960104558e+00 -6.236287817364372543e+00 1.349818442215581804e+01 -9.631779654770195265e+00 -2.175348353345957442e+00 1.218905501616075071e+01
-2.859834735481614931e+00 1.422139646910705713e+00 1.188009313172414316e+00 -2.818728354648348144e+00 2.125604600989485338e+00 3.199302813149360603e-01 -2.501705203226788576e+00 2.621000566765175233e+00 -5.794657555628821566e-01 -1.939797716108301096e+00 2.859834735481014523e+00 -1.422139646910749899e+00 -1.188009313171759507e+00 2.818728354647626499e+00 -2.125604600989289050e+00 -3.199302813144391244e-01 2.501705203226016749e+00 -2.621000566764752904e+00 5.794657555631693713e-01 1.939797716107553693e+00
-1.379988707795862446e+01 1.998953300498102381e+00 1.144997653784970737e+01 -1.545920799658375522e+01 6.723412407178365413e+00 7.555362680543725062e+00 -1.560527392586708650e+01 1.078973706267445998e+01 2.921177282759310767e+00 -1.422378691494939495e+01 1.379988707795659586e+01 -1.998953300499930918e+00 -1.144997653784552938e+01 1.545920799658068390e+01 -6.723412407178928518e+00 -7.555362680539968068e+00 1.560527392586326911e+01 -1.078973706267365706e+01 -2.921177282756356686e+00 1.422378691494520098e+01
-1.488952049889817886e+00 8.544003373044974925e-01 4.845442142471566571e-01 -1.424016223740703246e+00 1.189487256432869788e+00 2.569008949849149737e-02 -1.219687767907388309e+00 1.408138875256482958e+00 -4.356787602036039653e-01 -8.959677752869245060e-01 1.488952049889484819e+00 -8.544003373044825045e-01 -4.845442142468395219e-01 1.424016223740318221e+00 -1.189487256432731899e+00 -2.569008949826478982e-02 1.219687767906988851e+00 -1.408138875256233824e+00 4.356787602037167639e-01 8.959677752865491396e-01
-1.655541787358480788e+00 5.488877562090872519e-01 1.010285530831191769e+00 -1.736549627463153778e+00 1.031150990962508951e+00 5.243589367140151225e-01 -1.647571890778980030e+00 1.412477982269024768e+00 -1.289556355221349593e-02 -1.397318338116976477e+00 1.655541787358182138e+00 -5.488877562092040474e-01 -1.010285530830755230e+00 1.736549627462759204e+00 -1.031150990962480529e+00 -5.243589367136508583e-01 1.647571890778528170e+00 -1.412477982268850019e+00 1.289556355246823660e-02 1.397318338116510628e+00
-1.872028619399474181e+01 3.244968891434753200e+00 1.490559647692749756e+01 -2.076754846295581913e+01 9.508120948662410754e+00 9.590081921681150590e+00 -2.078193839234361917e+01 1.484055188045989304e+01 3.335823329911423496e+00 -1.876204739560940027e+01 1.872028619399189608e+01 -3.244968891437056691e+00 -1.490559647692194289e+01 2.076754846295160561e+01 -9.508120948663009386e+00 -9.590081921676203436e+00 2.078193839233845353e+01 -1.484055188045867091e+01 -3.335823329907587897e+00 1.876204739560377632e+01
