-4.052850167140348958e+00 -9.413278394275135241e+00 -7.013122264616561630e+00 1.168858714943748156e+00 8.387198093931610643e+00 8.690883980393639519e+00 1.829548772189216077e+00 -6.540120407108414469e+00 -9.517921419220224166e+00 -4.648867278284463112e+00 4.052850167138831949e+00 9.413278394275238270e+00 7.013122264618209201e+00 -1.168858714941917398e+00 -8.387198093931102605e+00 -8.690883980394872310e+00 -1.829548772191163852e+00 6.540120407107350431e+00 9.517921419220918722e+00 4.648867278286346938e+00
7.515642528059245819e+00 5.537076065313075723e+00 -1.006419224033787696e+00 -6.720192820334558448e+00 -6.893641240675286497e+00 -1.383768491393875255e+00 5.266923817018650311e+00 7.575408780577179257e+00 3.638503305601928250e+00 -3.298091613676664036e+00 -7.515642528059343519e+00 -5.537076065314388451e+00 1.006419224032331972e+00 6.720192820334166761e+00 6.893641240676281257e+00 1.383768491395434896e+00 -5.266923817017816312e+00 -7.575408780577749468e+00 -3.638503305603433269e+00 3.298091613675464107e+00
1.131824566958807310e+01 1.754878304280445889e+01 9.311586066893864810e+00 -6.602357111659696187e+00 -1.707312234809800700e+01 -1.346830194193498009e+01 1.240183838314743880e+00 1.492622548252092685e+01 1.630664658372161568e+01 4.243387269993542432e+00 -1.131824566958596989e+01 -1.754878304280556733e+01 -9.311586066897293179e+00 6.602357111656786515e+00 1.707312234809801055e+01 1.346830194193788621e+01 -1.240183838311341713e+00 -1.492622548251982018e+01 -1.630664658372371534e+01 -4.243387269997121791e+00
9.904153614607993816e+00 1.409410036244150000e+01 6.664455060138669396e+00 -6.259563564610468589e+00 -1.402301335826964568e+01 -1.022547732477248772e+01 2.002243819964671268e+00 1.257925610251063198e+01 1.278555862376746965e+01 2.451069500232457177e+00 -9.904153614606462597e+00 -1.409410036244258713e+01 -6.664455060141499132e+00 6.259563564608240149e+00 1.402301335826985351e+01 1.022547732477495508e+01 -2.002243819961988081e+00 -1.257925610250993387e+01 -1.278555862376932950e+01 -2.451069500235346421e+00
1.210874994137674854e+01 2.577890077904522315e+01 1.819616545509156325e+01 -4.388025373491623249e+00 -2.335459865753901099e+01 -2.306695195473125537e+01 -3.762229691121776742e+00 1.864418569837485506e+01 2.567978448013648674e+01 1.154421150057263823e+01 -1.210874994137278904e+01 -2.577890077904574895e+01 -1.819616545509616756e+01 4.388025373486745373e+00 2.335459865753787057e+01 2.306695195473479032e+01 3.762229691127049858e+00 -1.864418569837217632e+01 -2.567978448013860415e+01 -1.154421150057781631e+01
3.618913560913031624e+00 3.168673289840733709e+00 1.060852972899659630e-01 -3.043962543376551366e+00 -3.684477880344930956e+00 -1.287400977552721093e+00 2.171047263560111240e+00 3.839620104653945099e+00 2.342696880282554517e+00 -1.085614751010554269e+00 -3.618913560912956129e+00 -3.168673289841318574e+00 -1.060852972907346814e-01 3.043962543376236507e+00 3.684477880345328416e+00 1.287400977553502690e+00 -2.171047263559592544e+00 -3.839620104654112964e+00 -2.342696880283269500e+00 1.085614751009879697e+00
-5.455569558545725783e+00 -1.404088830560693602e+01 -1.105048459169796971e+01 1.050264558236097212e+00 1.228514462837141430e+01 1.339178911143798345e+01 3.457847654657313363e+00 -9.326845399274617421e+00 -1.442221200686874738e+01 -7.627481646871590470e+00 5.455569558543349018e+00 1.404088830560694490e+01 1.105048459170036956e+01 -1.050264558233287904e+00 -1.228514462837050836e+01 -1.339178911143972250e+01 -3.457847654660254566e+00 9.326845399272892578e+00 1.442221200686965688e+01 7.627481646874390009e+00
-6.104853739611107777e+00 -1.466063487016142730e+01 -1.112975619224071266e+01 1.576821767341299863e+00 1.298342135291482435e+01 1.368610542374422145e+01 3.105560505879332744e+00 -1.003530009282859403e+01 -1.490276329966761182e+01 -7.483948879072135796e+00 6.104853739608705254e+00 1.466063487016153744e+01 1.112975619224325818e+01 -1.576821767338421276e+00 -1.298342135291398058e+01 -1.368610542374610262e+01 -3.105560505882379196e+00 1.003530009282688873e+01 1.490276329966865099e+01 7.483948879075065008e+00
-8.943696490381118025e+00 -1.803982017334540444e+01 -1.226338401342082562e+01 3.623347640769029709e+00 1.652288462776660793e+01 1.580046817829400219e+01 2.051679721269299428e+00 -1.338857401311483564e+01 -1.779089242954013272e+01 -7.525874377296688067e+00 8.943696490378437502e+00 1.803982017334588761e+01 1.226338401342409057e+01 -3.623347640765678612e+00 -1.652288462776593292e+01 -1.580046817829655303e+01 -2.051679721272960943e+00 1.338857401311306994e+01 1.779089242954171368e+01 7.525874377300318940e+00
-9.084988253598472951e+00 -1.711831830987647152e+01 -1.103880183958928995e+01 4.141428461297000929e+00 1.590734298553893211e+01 1.455877475881936434e+01 1.207523203825329183e+00 -1.313924609680049826e+01 -1.665363336770738201e+01 -6.438274084448460499e+00 9.084988253596044672e+00 1.711831830987707548e+01 1.103880183959244654e+01 -4.141428461293901186e+00 -1.590734298553844006e+01 -1.455877475882188321e+01 -1.207523203828767100e+00 1.313924609679896172e+01 1.665363336770901270e+01 6.438274084451916401e+00
2.039758285890093248e+01 4.042842169883287795e+01 2.712887723717034660e+01 -8.536513796308824453e+00 -3.716415106809407121e+01 -3.515256602728300805e+01 -4.160168714055632933e+00 3.026199439294232363e+01 3.973527673231483703e+01 1.644962492508868834e+01 -2.039758285889499234e+01 -4.042842169883404324e+01 -2.712887723717770427e+01 8.536513796301361978e+00 3.716415106809264302e+01 3.515256602728877766e+01 4.160168714063816608e+00 -3.026199439293845117e+01 -3.973527673231846080e+01 -1.644962492509683472e+01
-4.509111142796732530e+00 -7.268487534109641324e+00 -4.035508415246160219e+00 2.524462870141832127e+00 7.003192505304891569e+00 5.708283677025193015e+00 -2.927025827902236532e-01 -6.052376199969284443e+00 -6.822292360545812784e+00 -1.967709472743775612e+00 4.509111142795827476e+00 7.268487534110056991e+00 4.035508415247562652e+00 -2.524462870140602888e+00 -7.003192505304847160e+00 -5.708283677026368075e+00 2.927025827888033449e-01 6.052376199968784398e+00 6.822292360546644119e+00 1.967709472745254429e+00
1.839926160932265731e+01 4.180114852505830214e+01 3.074093565451180865e+01 -5.663011286269722611e+00 -3.739820468978267343e+01 -3.830121507147055837e+01 -7.627574038003610113e+00 2.933446401085572575e+01 4.211230469697540713e+01 2.017151927100393394e+01 -1.839926160931599952e+01 -4.180114852505885636e+01 -3.074093565451915921e+01 5.663011286261646404e+00 3.739820468978052048e+01 3.830121507147608639e+01 7.627574038012236102e+00 -2.933446401085109301e+01 -4.211230469697857615e+01 -2.017151927101230768e+01
-6.726536209858056559e+00 -1.105756524599800272e+01 -6.272411345861131693e+00 3.683903475179557852e+00 1.060309961302040449e+01 8.780787687063650537e+00 -2.806646010854734197e-01 -9.110728713780936516e+00 -1.042963935011088061e+01 -3.150047679668221967e+00 6.726536209856653237e+00 1.105756524599860313e+01 6.272411345863252663e+00 -3.683903475177670472e+00 -1.060309961302030324e+01 -8.780787687065418012e+00 2.806646010833044880e-01 9.110728713780144261e+00 1.042963935011211518e+01 3.150047679670469947e+00
4.590123102462427163e+00 1.612990137614136010e+00 -2.693939472496819754e+00 -4.779905922618643999e+00 -2.925176944824706915e+00 1.341154185590749615e+00 4.501798247505914397e+00 3.951027051769565812e+00 1.429126173717085724e-01 -3.783023194054383254e+00 -4.590123102462919213e+00 -1.612990137615103681e+00 2.693939472496167387e+00 4.779905922618850944e+00 2.925176944825602199e+00 -1.341154185589904735e+00 -4.501798247505817585e+00 -3.951027051770291454e+00 -1.429126173726601445e-01 3.783023194053991123e+00
-6.388215380572873414e+00 -1.171784100999781764e+01 -7.386932888196817260e+00 3.033980587284982100e+00 1.095359097809254578e+01 9.842737885848768187e+00 6.172413648723285018e-01 -9.117127143095183683e+00 -1.133506712084619394e+01 -4.208043431662542133e+00 6.388215380571243607e+00 1.171784100999827416e+01 7.386932888198995073e+00 -3.033980587282883334e+00 -1.095359097809225268e+01 -9.842737885850521451e+00 -6.172413648746716275e-01 9.117127143094172936e+00 1.133506712084734502e+01 4.208043431664910905e+00
-1.182477662345576164e+01 -2.482983759441857430e+01 -1.736444808617797264e+01 4.416704595910810660e+00 2.255659573659583828e+01 2.210016403587861333e+01 3.423705250472688810e+00 -1.807535712703040431e+01 -2.467256194884964060e+01 -1.092897897258285589e+01 1.182477662345197977e+01 2.482983759441912142e+01 1.736444808618242419e+01 -4.416704595906133513e+00 -2.255659573659478667e+01 -2.210016403588204525e+01 -3.423705250477758089e+00 1.807535712702786412e+01 2.467256194885171539e+01 1.092897897258784567e+01
-1.765494154955932427e+00 -3.531156641286543163e+00 -2.385629439609889602e+00 7.266810372115865002e-01 3.239894233197077700e+00 3.082043061309875043e+00 3.832646835395902563e-01 -2.631488403891666383e+00 -3.476764834312054742e+00 -1.455693786703856407e+00 1.765494154955410622e+00 3.531156641286641751e+00 2.385629439610530422e+00 -7.266810372109325789e-01 -3.239894233196948914e+00 -3.082043061310376864e+00 -3.832646835403060726e-01 2.631488403891324435e+00 3.476764834312367380e+00 1.455693786704567394e+00
-1.257315790785243514e+01 -2.930052011219175156e+01 -2.187166930503917328e+01 3.588830791151221611e+00 2.609059292906316330e+01 2.708250070338894133e+01 5.746796088242713374e+00 -2.032673672618672001e+01 -2.964230823801222314e+01 -1.451988652623671783e+01 1.257315790784770471e+01 2.930052011219206065e+01 2.187166930504429629e+01 -3.588830791145519061e+00 -2.609059292906157168e+01 -2.708250070339276760e+01 -5.746796088248778744e+00 2.032673672618339822e+01 2.964230823801437253e+01 1.451988652624258158e+01
-2.757603764735603757e+00 -4.210379677242639396e+00 -2.191994396934861200e+00 1.633535717990507230e+00 4.112330805190578253e+00 3.200799081687738301e+00 -3.495658136558090767e-01 -3.611738341632791727e+00 -3.896287251046381961e+00 -9.686220280878058420e-01 2.757603764735107710e+00 4.210379677242915619e+00 2.191994396935687650e+00 -1.633535717989814451e+00 -4.112330805190588912e+00 -3.200799081688442183e+00 3.495658136549951722e-01 3.611738341632535931e+00 3.896287251046893552e+00 9.686220280886652656e-01
