-5.659549150285252850e+00 -7.813776741498711154e+00 8.303695435347684395e-01 8.326973342625668906e+00 4.315983005622932467e+00 -5.659549150283064378e+00 -7.813776741498731582e+00 8.303695435325686436e-01 8.326973342624329533e+00 4.315983005624305591e+00 -5.659549150280875018e+00 -7.813776741498750233e+00 8.303695435303685146e-01 8.326973342622988383e+00 4.315983005625675162e+00 -5.659549150278685659e+00 -7.813776741498769773e+00 8.303695435281674975e-01 8.326973342621649010e+00 4.315983005627049174e+00
3.607623792125815854e+00 2.238854381998644172e+00 -2.223935688188676263e+00 -3.613322226093220291e+00 -9.220259842755318402e-03 3.607623792125138174e+00 2.238854381999169973e+00 -2.223935688187673954e+00 -3.613322226093127032e+00 -9.220259843699896152e-03 3.607623792124460493e+00 2.238854381999695331e+00 -2.223935688186672088e+00 -3.613322226093032885e+00 -9.220259844643363678e-03 3.607623792123782813e+00 2.238854382000220689e+00 -2.223935688185669779e+00 -3.613322226092939182e+00 -9.220259845587719383e-03
9.973935688192977267e+00 1.144029556871572595e+01 -2.903444185380491316e+00 -1.323472275971887058e+01 -5.276064311808780438e+00 9.973935688189731863e+00 1.144029556871619846e+01 -2.903444185376954589e+00 -1.323472275971715639e+01 -5.276064311811259344e+00 9.973935688186482906e+00 1.144029556871666742e+01 -2.903444185373417419e+00 -1.323472275971544221e+01 -5.276064311813733809e+00 9.973935688183235726e+00 1.144029556871713815e+01 -2.903444185369879360e+00 -1.323472275971372447e+01 -5.276064311816213603e+00
7.014918693816360573e+00 8.032875042060164006e+00 -2.050328890441483143e+00 -9.300047984468685414e+00 -3.697416860965963004e+00 7.014918693814080619e+00 8.032875042060499737e+00 -2.050328890438998020e+00 -9.300047984467482820e+00 -3.697416860967706498e+00 7.014918693811800665e+00 8.032875042060831916e+00 -2.050328890436512008e+00 -9.300047984466280226e+00 -3.697416860969447772e+00 7.014918693809518935e+00 8.032875042061164095e+00 -2.050328890434025553e+00 -9.300047984465077633e+00 -3.697416860971191710e+00
9.744098300570861682e+00 1.719890603215390001e+01 8.854101966176621819e-01 -1.665169243665765819e+01 -1.117672209268296868e+01 9.744098300566113480e+00 1.719890603215323921e+01 8.854101966219964925e-01 -1.665169243665431154e+01 -1.117672209268523709e+01 9.744098300561365278e+00 1.719890603215256775e+01 8.854101966263316914e-01 -1.665169243665096488e+01 -1.117672209268750194e+01 9.744098300556615300e+00 1.719890603215189984e+01 8.854101966306688887e-01 -1.665169243664761822e+01 -1.117672209268977213e+01
-6.500000000009453771e-01 -1.802583139031787907e+00 -4.640576474683517638e-01 1.515779740156915523e+00 1.400861046343913063e+00 -6.500000000004571010e-01 -1.802583139031621151e+00 -4.640576474687365671e-01 1.515779740156510513e+00 1.400861046344048066e+00 -6.499999999999686029e-01 -1.802583139031453729e+00 -4.640576474691214814e-01 1.515779740156105726e+00 1.400861046344182181e+00 -6.499999999994804378e-01 -1.802583139031286530e+00 -4.640576474695066178e-01 1.515779740155700495e+00 1.400861046344317185e+00
-6.739589803381027089e+00 -1.155574641843620221e+01 -4.022542485886422825e-01 1.130713962068885081e+01 7.390450849715849202e+00 -6.739589803377832311e+00 -1.155574641843580785e+01 -4.022542485915904242e-01 1.130713962068663037e+01 7.390450849717426607e+00 -6.739589803374635757e+00 -1.155574641843540995e+01 -4.022542485945392876e-01 1.130713962068440992e+01 7.390450849719002235e+00 -6.739589803371440091e+00 -1.155574641843500849e+01 -4.022542485974893722e-01 1.130713962068218947e+01 7.390450849720580528e+00
-6.282827057599869036e+00 -1.204931256309276755e+01 -1.164057647463826006e+00 1.132988537209527635e+01 8.166311896059829323e+00 -6.282827057596556131e+00 -1.204931256309216181e+01 -1.164057647466760770e+00 1.132988537209285163e+01 8.166311896061266395e+00 -6.282827057593242337e+00 -1.204931256309154897e+01 -1.164057647469696422e+00 1.132988537209042867e+01 8.166311896062703468e+00 -6.282827057589929431e+00 -1.204931256309093968e+01 -1.164057647472632961e+00 1.132988537208800572e+01 8.166311896064142317e+00
-9.049138953663165452e+00 -1.343869910099788534e+01 7.435661446623333948e-01 1.389824825128241770e+01 7.846023658715154170e+00 -9.049138953659419116e+00 -1.343869910099774145e+01 7.435661446586780965e-01 1.389824825128001429e+01 7.846023658717325766e+00 -9.049138953655672779e+00 -1.343869910099759579e+01 7.435661446550222431e-01 1.389824825127761088e+01 7.846023658719492921e+00 -9.049138953651924666e+00 -1.343869910099744658e+01 7.435661446513648354e-01 1.389824825127520214e+01 7.846023658721664518e+00
-8.600000000006501111e+00 -1.287968210662309509e+01 6.399186938181611328e-01 1.327517360943866365e+01 7.564589803371663201e+00 -8.600000000002912870e+00 -1.287968210662294055e+01 6.399186938146717019e-01 1.327517360943634905e+01 7.564589803373723775e+00 -8.599999999999322853e+00 -1.287968210662278068e+01 6.399186938111813827e-01 1.327517360943403268e+01 7.564589803375780797e+00 -8.599999999995732836e+00 -1.287968210662262081e+01 6.399186938076897313e-01 1.327517360943171632e+01 7.564589803377842259e+00
1.918348483848238928e+01 2.776612695902669259e+01 -2.023074641856049460e+00 -2.901645584947073786e+01 -1.591008130618001992e+01 1.918348483847463726e+01 2.776612695902652206e+01 -2.023074641848406685e+00 -2.901645584946584222e+01 -1.591008130618463845e+01 1.918348483846688524e+01 2.776612695902634798e+01 -2.023074641840761689e+00 -2.901645584946094658e+01 -1.591008130618925165e+01 1.918348483845912611e+01 2.776612695902617034e+01 -2.023074641833114029e+00 -2.901645584945604739e+01 -1.591008130619387728e+01
-4.523606797753049413e+00 -6.237586804717679456e+00 6.685661446589683532e-01 6.650783405844190810e+00 3.441844051967097862e+00 -4.523606797751302366e+00 -6.237586804717698108e+00 6.685661446572112032e-01 6.650783405843122331e+00 3.441844051968195206e+00 -4.523606797749555319e+00 -6.237586804717714095e+00 6.685661446554537202e-01 6.650783405842053853e+00 3.441844051969291218e+00 -4.523606797747807384e+00 -6.237586804717730082e+00 6.685661446536956820e-01 6.650783405840983598e+00 3.441844051970389007e+00
1.814045084973350441e+01 2.948051349693337642e+01 7.950849717452379561e-02 -2.943137454328383740e+01 -1.826909830055474515e+01 1.814045084972532607e+01 2.948051349693261614e+01 7.950849718222219309e-02 -2.943137454327831648e+01 -1.826909830055903328e+01 1.814045084971715127e+01 2.948051349693184520e+01 7.950849718992214488e-02 -2.943137454327279201e+01 -1.826909830056331074e+01 1.814045084970897292e+01 2.948051349693107426e+01 7.950849719762553836e-02 -2.943137454326726399e+01 -1.826909830056760242e+01
-5.447745751410620230e+00 -9.044146285030182142e+00 -1.418440519650986387e-01 8.956481839813349666e+00 5.677254248591663277e+00 -5.447745751408114678e+00 -9.044146285029919241e+00 -1.418440519674384059e-01 8.956481839811639034e+00 5.677254248592945807e+00 -5.447745751405609127e+00 -9.044146285029651011e+00 -1.418440519697786728e-01 8.956481839809926626e+00 5.677254248594227448e+00 -5.447745751403102688e+00 -9.044146285029384558e+00 -1.418440519721199666e-01 8.956481839808214218e+00 5.677254248595510866e+00
2.788525491563562664e+00 2.557952682561574154e+00 -1.207623792126211626e+00 -3.304305231718600577e+00 -8.345491502803012995e-01 2.788525491562822811e+00 2.557952682561825952e+00 -1.207623792125316564e+00 -3.304305231718299041e+00 -8.345491502810101769e-01 2.788525491562082514e+00 2.557952682562077307e+00 -1.207623792124421058e+00 -3.304305231717996616e+00 -8.345491502817183882e-01 2.788525491561341774e+00 2.557952682562327773e+00 -1.207623792123525552e+00 -3.304305231717695079e+00 -8.345491502824275987e-01
-5.365450849723266913e+00 -8.993285238686361538e+00 -1.927050983085798752e-01 8.874186938125873780e+00 5.677254248591443897e+00 -5.365450849720777349e+00 -8.993285238686086203e+00 -1.927050983108968552e-01 8.874186938124163149e+00 5.677254248592705110e+00 -5.365450849718286008e+00 -8.993285238685805538e+00 -1.927050983132142514e-01 8.874186938122452517e+00 5.677254248593964547e+00 -5.365450849715795556e+00 -8.993285238685526650e+00 -1.927050983155327302e-01 8.874186938120741885e+00 5.677254248595225761e+00
-1.188368810394710096e+01 -1.889054681865357921e+01 2.086881039459431431e-01 1.901952315993915832e+01 1.154602365871381764e+01 -1.188368810394185537e+01 -1.889054681865315644e+01 2.086881039409616279e-01 1.901952315993565534e+01 1.154602365871663672e+01 -1.188368810393660979e+01 -1.889054681865273366e+01 2.086881039359790579e-01 1.901952315993215237e+01 1.154602365871945224e+01 -1.188368810393136243e+01 -1.889054681865230734e+01 2.086881039309943231e-01 1.901952315992865294e+01 1.154602365872227310e+01
-2.184549150282738328e+00 -2.976518827218143315e+00 3.449593469076137620e-01 3.189715428343916415e+00 1.626393202249130976e+00 -2.184549150281903884e+00 -2.976518827218158858e+00 3.449593469067704921e-01 3.189715428343410597e+00 1.626393202249661663e+00 -2.184549150281069441e+00 -2.976518827218173513e+00 3.449593469059270001e-01 3.189715428342903891e+00 1.626393202250191683e+00 -2.184549150280234997e+00 -2.976518827218188168e+00 3.449593469050831751e-01 3.189715428342397630e+00 1.626393202250723036e+00
-1.235835921351143440e+01 -2.251514028771643794e+01 -1.556762745771776091e+00 2.155300799840878767e+01 1.487725424858843404e+01 -1.235835921350522959e+01 -2.251514028771546450e+01 -1.556762745777375834e+00 2.155300799840435033e+01 1.487725424859129397e+01 -1.235835921349902122e+01 -2.251514028771448395e+01 -1.556762745782976909e+00 2.155300799839991299e+01 1.487725424859414858e+01 -1.235835921349281463e+01 -2.251514028771350340e+01 -1.556762745788579760e+00 2.155300799839547210e+01 1.487725424859701029e+01
-5.321559063445769483e-04 1.458980337529280219e-02 9.549150281454636680e-03 -8.688103937671814297e-03 -1.491869381272791645e-02 -5.321559063483820642e-04 1.458980337528993643e-02 9.549150281456666306e-03 -8.688103937667689125e-03 -1.491869381272739950e-02 -5.321559063521880475e-04 1.458980337528706546e-02 9.549150281458697667e-03 -8.688103937663567422e-03 -1.491869381272688255e-02 -5.321559063559922961e-04 1.458980337528419449e-02 9.549150281460732498e-03 -8.688103937659440515e-03 -1.491869381272636561e-02
