2.210799136667920273e+00 -2.168203998692082468e+00 1.913369946559150492e+00 -1.471241912825196563e+00 8.850984699192500083e-01 -2.123154219344094429e-01 -4.812505388375196147e-01 1.127708343798122792e+00 -1.663778198861620927e+00 2.036985851596254005e+00 -2.210799136661889985e+00 2.168203998688072343e+00 -1.913369946557555989e+00 1.471241912826164011e+00 -8.850984699226982499e-01 2.123154219399868148e-01 4.812505388303514597e-01 -1.127708343790059242e+00 1.663778198853464341e+00 -2.036985851588791530e+00
7.176854848211690729e+00 -6.612625665391188789e+00 5.401106609571606931e+00 -3.660889607086266651e+00 1.562319222943149732e+00 6.891818520584034324e-01 -2.873221005567165420e+00 4.776009268142637154e+00 -6.211288467139027603e+00 7.038563474380882923e+00 -7.176854848195916681e+00 6.612625665382840801e+00 -5.401106609571510120e+00 3.660889607094390374e+00 -1.562319222958748810e+00 -6.891818520369028533e-01 2.873221005541842565e+00 -4.776009268115951834e+00 6.211288467113631029e+00 -7.038563474359230909e+00
6.100523467811684419e+00 -5.675304410486445406e+00 4.694547015293149883e+00 -3.254254649411984168e+00 1.495413164722320776e+00 4.098097796853854002e-01 -2.274917687543976275e+00 3.917340801861760813e+00 -5.176307304774993234e+00 5.928580783243549313e+00 -6.100523467797790644e+00 5.675304410478753780e+00 -4.694547015292418912e+00 3.254254649418253376e+00 -1.495413164735018174e+00 -4.098097796675427840e-01 2.274917687522712839e+00 -3.917340801839142017e+00 5.176307304753267502e+00 -5.928580783224816741e+00
1.077090653559344524e+01 -9.912308341530911449e+00 8.083424343888468755e+00 -5.463278450939579756e+00 2.308348798315831729e+00 1.072538117896860710e+00 -4.348437530315838018e+00 7.198681579920972240e+00 -9.344268520319618077e+00 1.057517335260308222e+01 -1.077090653556987654e+01 9.912308341518512478e+00 -8.083424343888463426e+00 5.463278450951910337e+00 -2.308348798339364905e+00 -1.072538117864499041e+00 4.348437530277776908e+00 -7.198681579880910064e+00 9.344268520281534762e+00 -1.057517335257065838e+01
-8.173452476438375358e-01 5.325284312953837418e-01 -1.955840217482277543e-01 -1.605055145614485146e-01 5.008836527980299325e-01 -7.922318092370523868e-01 1.006030796384373982e+00 -1.121352479752963927e+00 1.126908369481358196e+00 -1.022154616372836999e+00 8.173452476440106196e-01 -5.325284312968510125e-01 1.955840217508462708e-01 1.605055145579435960e-01 -5.008836527939722894e-01 7.922318092328460848e-01 -1.006030796380426917e+00 1.121352479749662123e+00 -1.126908369479026284e+00 1.022154616371703462e+00
-6.648614260220630179e+00 6.143897065447562866e+00 -5.037772418861966806e+00 3.438515507695311779e+00 -1.502672741090610220e+00 -5.802621031474171076e-01 2.606396849804638371e+00 -4.377399312967837908e+00 5.719911432243319993e+00 -6.502518767564922975e+00 6.648614260205857107e+00 -6.143897065439631433e+00 5.037772418861663049e+00 -3.438515507702627261e+00 1.502672741104875032e+00 5.802621031276423702e-01 -2.606396849781265956e+00 4.377399312943138554e+00 -5.719911432219747738e+00 6.502518767544756884e+00
-7.622309736132845792e+00 6.854507790786237287e+00 -5.415738864715164524e+00 3.446839684896081391e+00 -1.140539821176769442e+00 -1.277404026846173268e+00 3.570306668523246962e+00 -5.513722817695566825e+00 6.917417361106154239e+00 -7.643986896731554737e+00 7.622309736117597545e+00 -6.854507790779218901e+00 5.415738864717070555e+00 -3.446839684906680912e+00 1.140539821195079906e+00 1.277404026821994831e+00 -3.570306668495539792e+00 5.513722817667024323e+00 -6.917417361079609250e+00 7.643986896709577650e+00
-9.397960553000366701e+00 8.425036037494967545e+00 -6.627410293963931665e+00 4.181047454979169409e+00 -1.325414560032487588e+00 -1.659959146754764081e+00 4.482844486641032411e+00 -6.866917774360262072e+00 8.578809305695806131e+00 -9.450947210111563024e+00 9.397960552981800220e+00 -8.425036037486602680e+00 6.627410293966595312e+00 -4.181047454992545376e+00 1.325414560055335089e+00 1.659959146724744095e+00 -4.482844486606744283e+00 6.866917774325039581e+00 -8.578809305663146034e+00 9.450947210084622796e+00
-8.029971801758874150e+00 7.285400471461729310e+00 -5.827683382649833987e+00 3.799512040488345122e+00 -1.399417987048565681e+00 -1.137660849280521580e+00 3.563377515131748385e+00 -5.640285962290366939e+00 7.165083921276991674e+00 -7.988513543974504749e+00 8.029971801742238569e+00 -7.285400471453630011e+00 5.827683382651075661e+00 -3.799512040498759458e+00 1.399417987067190561e+00 1.137660849255562434e+00 -3.563377515102869264e+00 5.640285962260374930e+00 -7.165083921248863952e+00 7.988513543950963580e+00
1.792964551795241590e+01 -1.633061980602882457e+01 1.313303924537637535e+01 -8.649905300125695362e+00 3.320058356668553312e+00 2.334779030942815137e+00 -7.761071979641060992e+00 1.242765712840279946e+01 -1.587773660885784643e+01 1.777359260334333158e+01 -1.792964551791470029e+01 1.633061980601004493e+01 -1.313303924537838974e+01 8.649905300148207132e+00 -3.320058356709482794e+00 -2.334779030887591755e+00 7.761071979576884772e+00 -1.242765712833590541e+01 1.587773660879488169e+01 -1.777359260329038548e+01
-4.309935943378518708e+00 3.950557653245912348e+00 -3.204471254860857599e+00 2.144708883186934756e+00 -8.750074629621477085e-01 -4.803457842720582072e-01 1.788679439375253644e+00 -2.921924688489653477e+00 3.769151590848299094e+00 -4.247427674271701648e+00 4.309935943369230138e+00 -3.950557653241124179e+00 3.204471254861043672e+00 -2.144708883192053328e+00 8.750074629717278230e-01 4.803457842589828330e-01 -1.788679439359947221e+00 2.921924688473604093e+00 -3.769151590833099696e+00 4.247427674258823949e+00
1.873992303834076623e+01 -1.704110096543002939e+01 1.367417719769511386e+01 -8.968729692259389097e+00 3.385360435735161211e+00 2.529391487428531260e+00 -8.196548948493470377e+00 1.306137108976414218e+01 -1.664765522484530536e+01 1.860435087548571076e+01 -1.873992303830159045e+01 1.704110096541070263e+01 -1.367417719769754925e+01 8.968729692283238464e+00 -3.385360435778225430e+00 -2.529391487370592717e+00 8.196548948426261916e+00 -1.306137108969419458e+01 1.664765522477956594e+01 -1.860435087543053356e+01
-6.118115339890430882e+00 5.440418969557952344e+00 -4.230176484858674257e+00 2.605854852450210757e+00 -7.264539910268619227e-01 -1.224057248539708320e+00 3.054749236110131605e+00 -4.586421084760370803e+00 5.669142082159679852e+00 -6.196927953322275862e+00 6.118115339878739789e+00 -5.440418969552992756e+00 4.230176484860936448e+00 -2.605854852459436710e+00 7.264539910421944358e-01 1.224057248519811791e+00 -3.054749236087595854e+00 4.586421084737388298e+00 -5.669142082138529659e+00 6.196927953305007009e+00
1.041793661080544942e+00 -9.847866067750949970e-01 8.313817779869694391e-01 -5.965955081922589276e-01 3.034103133305940947e-01 1.947479698362401812e-02 -3.404535784800370446e-01 6.281063916351730114e-01 -8.542757749024771918e-01 9.968226932330672696e-01 -1.041793661078032951e+00 9.847866067736102957e-01 -8.313817779866583546e-01 5.965955081931469950e-01 -3.034103133326009893e-01 -1.947479698070139764e-02 3.404535784764811113e-01 -6.281063916313289752e-01 8.542757748987273025e-01 -9.968226932297741261e-01
-6.048686348777557953e+00 5.476238417370556277e+00 -4.367738114476044764e+00 2.831693173117143303e+00 -1.018462374408374727e+00 -8.944626175510149713e-01 2.719831376416212088e+00 -4.278964089977945306e+00 5.419241985116823201e+00 -6.029046716673826189e+00 6.048686348765128784e+00 -5.476238417364583277e+00 4.367738114477117684e+00 -2.831693173125124030e+00 1.018462374422523853e+00 8.944626175321217509e-01 -2.719831376394402422e+00 4.278964089955339389e+00 -5.419241985095665903e+00 6.029046716656163873e+00
-1.248759053513487238e+01 1.133542060399678952e+01 -9.073660725622890055e+00 5.923707715516222549e+00 -2.193900921318959529e+00 -1.750660180861285165e+00 5.523854466970472110e+00 -8.756335390894690818e+00 1.113168519778216847e+01 -1.241738809850038017e+01 1.248759053510894823e+01 -1.133542060398413298e+01 9.073660725624753454e+00 -5.923707715532350981e+00 2.193900921347864408e+00 1.750660180822516621e+00 -5.523854466925588902e+00 8.756335390848056122e+00 -1.113168519773841325e+01 1.241738809846373570e+01
-2.141344331023736558e+00 1.916839106857493036e+00 -1.504700315509149178e+00 9.452709734157044297e-01 -2.933119223546446497e-01 -3.873585432904407821e-01 1.030111655832322004e+00 -1.572030262291290725e+00 1.960067593698339161e+00 -2.156239852440433591e+00 2.141344331019531477e+00 -1.916839106855617869e+00 1.504700315509789776e+00 -9.452709734187852986e-01 2.933119223598796843e-01 3.873585432835781606e-01 -1.030111655824495820e+00 1.572030262283261814e+00 -1.960067593690904664e+00 2.156239852434313153e+00
-1.420837681496318439e+01 1.279173203655588509e+01 -1.012294340117590430e+01 6.463250534998151053e+00 -2.170889674343395193e+00 -2.333972993111317340e+00 6.610370122252428260e+00 -1.023969816666983590e+01 1.286669321036154123e+01 -1.423420667510128013e+01 1.420837681493463123e+01 -1.279173203654264235e+01 1.012294340117928471e+01 -6.463250535017738940e+00 2.170889674377376011e+00 2.333972993066363966e+00 -6.610370122200850851e+00 1.023969816661664822e+01 -1.286669321031202351e+01 1.423420667506022497e+01
-1.274385082909511135e+00 1.002435199565675950e+00 -6.323599745119556914e-01 2.003849492422960510e-01 2.512051510229876827e-01 -6.782055408567636556e-01 1.038818447015538382e+00 -1.297744565706744124e+00 1.429638404388631878e+00 -1.421589275172697509e+00 1.274385082908243927e+00 -1.002435199566076740e+00 6.323599745139860673e-01 -2.003849492457475678e-01 -2.512051510184413194e-01 6.782055408515770267e-01 -1.038818447010214197e+00 1.297744565701800745e+00 -1.429638404384558692e+00 1.421589275169890421e+00
-1.170102782715639611e+00 1.004575377804786118e+00 -7.407131356264532451e-01 4.043447308813974406e-01 -2.839624664251594321e-02 -3.503318600658286708e-01 6.947670434052104493e-01 -9.711935878094269947e-01 1.152552937135291833e+00 -1.221092374665983415e+00 1.170102782713724476e+00 -1.004575377804231451e+00 7.407131356273142231e-01 -4.043447308835821374e-01 2.839624664581971714e-02 3.503318600617372214e-01 -6.947670434007273688e-01 9.711935878049885451e-01 -1.152552937131337885e+00 1.221092374662897662e+00
