7.176854848202406600e+00 -6.612625665387190210e+00 5.401106609572295270e+00 -3.660889607090612952e+00 1.562319222949899666e+00 6.891818520505338386e-01 -2.873221005559314367e+00 4.776009268135614327e+00 -6.211288467133265101e+00 7.038563474376402951e+00 -7.176854848192391501e+00 6.612625665379678885e+00 -5.401106609568033790e+00 3.660889607089983233e+00 -1.562319222953010733e+00 -6.891818520440347040e-01 2.873221005550027574e+00 -4.776009268124440155e+00 6.211288467121335088e+00 -7.038563474364859296e+00
6.100523467803536271e+00 -5.675304410482823414e+00 4.694547015293567327e+00 -3.254254649415581291e+00 1.495413164728029765e+00 4.098097796786714930e-01 -2.274917687537248323e+00 3.917340801855737187e+00 -5.176307304770070061e+00 5.928580783239769225e+00 -6.100523467794888077e+00 5.675304410476230466e+00 -4.694547015289684211e+00 3.254254649414757949e+00 -1.495413164730386546e+00 -4.098097796734055387e-01 2.274917687529558474e+00 -3.917340801846368681e+00 5.176307304759971473e+00 -5.928580783229908668e+00
1.077090653558002664e+01 -9.912308341525411848e+00 8.083424343889936026e+00 -5.463278450946432052e+00 2.308348798326154583e+00 1.072538117885009301e+00 -4.348437530304165577e+00 7.198681579910677364e+00 -9.344268520311320714e+00 1.057517335259677616e+01 -1.077090653556502531e+01 9.912308341514183496e+00 -8.083424343883597984e+00 5.463278450945550091e+00 -2.308348798330886353e+00 -1.072538117875199370e+00 4.348437530290182984e+00 -7.198681579893879245e+00 9.344268520293406155e+00 -1.057517335257946378e+01
-8.173452476440697945e-01 5.325284312961677813e-01 -1.955840217493595157e-01 -1.605055145601732569e-01 5.008836527967847063e-01 -7.922318092359601494e-01 1.006030796383495574e+00 -1.121352479752292908e+00 1.126908369480834171e+00 -1.022154616372362712e+00 8.173452476434761582e-01 -5.325284312961561239e-01 1.955840217499345557e-01 1.605055145590761345e-01 -5.008836527952639228e-01 7.922318092341716911e-01 -1.006030796381609971e+00 1.121352479750495013e+00 -1.126908369479301619e+00 1.022154616371246716e+00
-6.648614260211995308e+00 6.143897065443811201e+00 -5.037772418862549451e+00 3.438515507699279716e+00 -1.502672741096803488e+00 -5.802621031401877794e-01 2.606396849797428583e+00 -4.377399312961400391e+00 5.719911432238053983e+00 -6.502518767560852453e+00 6.648614260202672988e+00 -6.143897065436783933e+00 5.037772418858516232e+00 -3.438515507698601148e+00 1.502672741099590592e+00 5.802621031342525271e-01 -2.606396849788892744e+00 4.377399312951091304e+00 -5.719911432227017478e+00 6.502518767550141909e+00
-7.622309736124237567e+00 6.854507790783171295e+00 -5.415738864716875156e+00 3.446839684901392697e+00 -1.140539821184316294e+00 -1.277404026837737572e+00 3.570306668515072168e+00 -5.513722817688423206e+00 6.917417361100393514e+00 -7.643986896727101410e+00 7.622309736114019962e+00 -6.854507790775837606e+00 5.415738864713159906e+00 -3.446839684901616963e+00 1.140539821188512271e+00 1.277404026830034178e+00 -3.570306668504576120e+00 5.513722817676153909e+00 -6.917417361087590422e+00 7.643986896714993762e+00
-9.397960552989733429e+00 8.425036037491169694e+00 -6.627410293966026877e+00 4.181047454985710843e+00 -1.325414560041797474e+00 -1.659959146744338199e+00 4.482844486630899183e+00 -6.866917774351365189e+00 8.578809305688578135e+00 -9.450947210105910656e+00 9.397960552977199455e+00 -8.425036037482229290e+00 6.627410293961572663e+00 -4.181047454986126510e+00 1.325414560047109447e+00 1.659959146734715230e+00 -4.482844486617860724e+00 6.866917774336175562e+00 -8.578809305672772112e+00 9.450947210091005246e+00
-8.029971801749294258e+00 7.285400471458002514e+00 -5.827683382651210664e+00 3.799512040493622678e+00 -1.399417987056323476e+00 -1.137660849271704411e+00 3.563377515123101080e+00 -5.640285962282732157e+00 7.165083921270780642e+00 -7.988513543969676611e+00 8.029971801738369663e+00 -7.285400471450032001e+00 5.827683382646988264e+00 -3.799512040493518317e+00 1.399417987060403323e+00 1.137660849263894436e+00 -3.563377515112285288e+00 5.640285962269961040e+00 -7.165083921257343391e+00 7.988513543956862861e+00
1.792964551793082606e+01 -1.633061980602045438e+01 1.313303924537954614e+01 -8.649905300137714192e+00 3.320058356686210299e+00 2.334779030922744969e+00 -7.761071979621384287e+00 1.242765712838546222e+01 -1.587773660884382565e+01 1.777359260333257396e+01 -1.792964551790627681e+01 1.633061980600241014e+01 -1.313303924536980993e+01 8.649905300137145758e+00 -3.320058356694984170e+00 -2.334779030905608010e+00 7.761071979597472748e+00 -1.242765712835709735e+01 1.587773660881387272e+01 -1.777359260330390711e+01
-4.309935943373237599e+00 3.950557653243793599e+00 -3.204471254861511298e+00 2.144708883189722304e+00 -8.750074629663017189e-01 -4.803457842673117817e-01 1.788679439370592261e+00 -2.921924688485549648e+00 3.769151590844990629e+00 -4.247427674269180109e+00 4.309935943367275257e+00 -3.950557653239361589e+00 3.204471254859051044e+00 -2.144708883189452742e+00 8.750074629682788041e-01 4.803457842633112040e-01 -1.788679439364937895e+00 2.921924688478790166e+00 -3.769151590837810151e+00 4.247427674262266528e+00
1.873992303831827400e+01 -1.704110096542127906e+01 1.367417719769835927e+01 -8.968729692271818266e+00 3.385360435753441699e+00 2.529391487407746553e+00 -8.196548948473086682e+00 1.306137108974616368e+01 -1.664765522483072502e+01 1.860435087547445221e+01 -1.873992303829268380e+01 1.704110096540252783e+01 -1.367417719768831752e+01 8.968729692271368847e+00 -3.385360435762757803e+00 -2.529391487389704984e+00 8.196548948447990313e+00 -1.306137108971645056e+01 1.664765522479939364e+01 -1.860435087544451349e+01
-6.118115339883914316e+00 5.440418969555866902e+00 -4.230176484860366237e+00 2.605854852454708492e+00 -7.264539910330596317e-01 -1.224057248532886222e+00 3.054749236103587950e+00 -4.586421084754695343e+00 5.669142082155122608e+00 -6.196927953318744464e+00 6.118115339875864755e+00 -5.440418969550216310e+00 4.230176484857678609e+00 -2.605854852455214310e+00 7.264539910367521225e-01 1.224057248526410957e+00 -3.054749236094932652e+00 4.586421084744701560e+00 -5.669142082144797534e+00 6.196927953309081083e+00
1.041793661078952660e+00 -9.847866067742976348e-01 8.313817779869023816e-01 -5.965955081927877268e-01 3.034103133315414480e-01 1.947479698244922175e-02 -3.404535784788130792e-01 6.281063916340366982e-01 -8.542757749015136293e-01 9.968226932323022149e-01 -1.041793661077437427e+00 9.847866067731120276e-01 -8.313817779861641943e-01 5.965955081925643499e-01 -3.034103133318614143e-01 -1.947479698162415951e-02 3.404535784775585272e-01 -6.281063916324740593e-01 8.542757748998014433e-01 -9.968226932306040178e-01
-6.048686348770480947e+00 5.476238417367927269e+00 -4.367738114477277556e+00 2.831693173121316409e+00 -1.018462374414399907e+00 -8.944626175442212945e-01 2.719831376409586721e+00 -4.278964089972128626e+00 5.419241985112127402e+00 -6.029046716670215744e+00 6.048686348762280396e+00 -5.476238417361966704e+00 4.367738114474152944e+00 -2.831693173121299090e+00 1.018462374417534733e+00 8.944626175382831557e-01 -2.719831376401395939e+00 4.278964089962481232e+00 -5.419241985101996839e+00 6.029046716660573679e+00
-1.248759053511974138e+01 1.133542060399086715e+01 -9.073660725625014578e+00 5.923707715524529682e+00 -2.193900921331228382e+00 -1.750660180847286362e+00 5.523854466956684917e+00 -8.756335390882462377e+00 1.113168519777217647e+01 -1.241738809849259262e+01 1.248759053510273986e+01 -1.133542060397844864e+01 9.073660725618420742e+00 -5.923707715524336948e+00 2.193900921337542886e+00 1.750660180835168056e+00 -5.523854466939885910e+00 8.756335390862615142e+00 -1.113168519775128296e+01 1.241738809847266012e+01
-2.141344331021266534e+00 1.916839106856581765e+00 -1.504700315509586606e+00 9.452709734171650391e-01 -2.933119223567498546e-01 -3.873585432880652935e-01 1.030111655829995865e+00 -1.572030262289229485e+00 1.960067593696643629e+00 -2.156239852439086224e+00 2.141344331018417702e+00 -1.916839106854555386e+00 1.504700315508585184e+00 -9.452709734172748401e-01 2.933119223579750967e-01 3.873585432858592248e-01 -1.030111655827014250e+00 1.572030262285762037e+00 -1.960067593693039845e+00 2.156239852435692939e+00
-1.420837681494681526e+01 1.279173203654986679e+01 -1.012294340117884417e+01 6.463250535007880160e+00 -2.170889674357380450e+00 -2.333972993095583259e+00 6.610370122237093859e+00 -1.023969816665635157e+01 1.286669321035058644e+01 -1.423420667509274118e+01 1.420837681492773186e+01 -1.279173203653614266e+01 1.012294340117184888e+01 -6.463250535008220332e+00 2.170889674365124034e+00 2.333972993081292469e+00 -6.610370122217583244e+00 1.023969816663351651e+01 -1.286669321032673352e+01 1.423420667507015835e+01
-1.274385082908787492e+00 1.002435199565854473e+00 -6.323599745128314353e-01 2.003849492436253210e-01 2.512051510214465821e-01 -6.782055408552177811e-01 1.038818447014135948e+00 -1.297744565705553743e+00 1.429638404387649775e+00 -1.421589275171855737e+00 1.274385082907435018e+00 -1.002435199565177681e+00 6.323599745129004912e-01 -2.003849492444237379e-01 -2.512051510199857507e-01 6.782055408532474683e-01 -1.038818447011842006e+00 1.297744565703160546e+00 -1.429638404385396022e+00 1.421589275169960809e+00
-1.170102782714557144e+00 1.004575377804519887e+00 -7.407131356268622513e-01 4.043447308822905040e-01 -2.839624664368570195e-02 -3.503318600645748404e-01 6.947670434040259524e-01 -9.711935878084021478e-01 1.152552937134452948e+00 -1.221092374665295521e+00 1.170102782713106748e+00 -1.004575377803576419e+00 7.407131356265210798e-01 -4.043447308825775521e-01 2.839624664458184622e-02 3.503318600631657453e-01 -6.947670434022357178e-01 9.711935878064053007e-01 -1.152552937132449884e+00 1.221092374663479863e+00
-1.889021123253887779e+01 1.709080167330630218e+01 -1.361842536767485612e+01 8.812982701908357086e+00 -3.144863885619907151e+00 -2.831096119346278250e+00 8.529928710742694875e+00 -1.339379244842252703e+01 1.694657846121081946e+01 -1.884051530046077261e+01 1.889021123251329826e+01 -1.709080167328773570e+01 1.361842536766515188e+01 -8.812982701908365968e+00 3.144863885629757938e+00 2.831096119327678462e+00 -8.529928710717070928e+00 1.339379244839236804e+01 -1.694657846117917188e+01 1.884051530043067046e+01
