-1.413711577452403390e+01 2.268237631991501857e+00 1.147064251696638770e+01 -1.575278664357318092e+01 7.047868826234380712e+00 7.467519931270467204e+00 -1.582646499983511390e+01 1.113760551437832369e+01 2.733424465432227279e+00 -1.435093869245140574e+01 1.413711577451764967e+01 -2.268237631970745127e+00 -1.147064251698443726e+01 1.575278664357361080e+01 -7.047868826216840077e+00 -7.467519931291496604e+00 1.582646499984232591e+01 -1.113760551436572932e+01 -2.733424465454279417e+00 1.435093869246466447e+01
-1.427681662722230627e+01 2.189296323757731866e+00 1.170314444321762082e+01 -1.594716774209949861e+01 7.043875586059456850e+00 7.666595365164158515e+00 -1.605649896793302389e+01 1.120895122843311853e+01 2.879586516458795931e+00 -1.459410820258265140e+01 1.427681662721569111e+01 -2.189296323736644290e+00 -1.170314444323582848e+01 1.594716774209978105e+01 -7.043875586041586701e+00 -7.666595365185428612e+00 1.605649896794019327e+01 -1.120895122842022751e+01 -2.879586516481149161e+00 1.459410820259596697e+01
-1.667268328156456647e+01 2.351073132976123414e+00 1.390883105231702821e+01 -1.870188467133273491e+01 8.076552947446822728e+00 9.207327247598131592e+00 -1.890041528578317909e+01 1.301144348677099671e+01 3.604546100664717478e+00 -1.724884156512913691e+01 1.667268328155649471e+01 -2.351073132951241540e+00 -1.390883105233824679e+01 1.870188467133275623e+01 -8.076552947425637896e+00 -9.207327247623039668e+00 1.890041528579130770e+01 -1.301144348675559570e+01 -3.604546100690992017e+00 1.724884156514454148e+01
1.322193499549296369e+01 -2.681642930791224178e+00 -1.006947466222726817e+01 1.451902034036931433e+01 -6.998657405376532026e+00 -6.291605122915729709e+00 1.439488281437099459e+01 -1.063059453061251602e+01 -1.897869437983617180e+00 1.286167386345947783e+01 -1.322193499548792772e+01 2.681642930772507150e+00 1.006947466224426435e+01 -1.451902034037054889e+01 6.998657405360989792e+00 6.291605122935216343e+00 -1.439488281437838779e+01 1.063059453060168380e+01 1.897869438003779496e+00 -1.286167386347227826e+01
1.223466207230619673e+01 -2.069324964495804053e+00 -9.802024679644668836e+00 1.359229606309805227e+01 -6.176677661716420964e+00 -6.331175987657385207e+00 1.361942141214204405e+01 -9.679414113966567257e+00 -2.240587678102246016e+00 1.231338290128013568e+01 -1.223466207230084990e+01 2.069324964477972983e+00 9.802024679660311435e+00 -1.359229606309858163e+01 6.176677661701404531e+00 6.331175987675551120e+00 -1.361942141214840873e+01 9.679414113955848720e+00 2.240587678121242377e+00 -1.231338290129168378e+01
-6.150200921692942302e+00 1.452161007429117801e+00 4.443083273451505555e+00 -6.675318653112680245e+00 3.404224443851986415e+00 2.673412805934182401e+00 -6.547009685087565423e+00 5.023058673085367687e+00 6.420500662100956379e-01 -5.777833793388915673e+00 6.150200921690941236e+00 -1.452161007420665895e+00 -4.443083273459454752e+00 6.675318653113560430e+00 -3.404224443845072390e+00 -2.673412805943180093e+00 6.547009685091243369e+00 -5.023058673080675440e+00 -6.420500662193050490e-01 5.777833793395017459e+00
-4.280056222358719076e+00 5.803440796601877505e-01 3.597820839800038417e+00 -4.809836139709509517e+00 2.056480657928087652e+00 2.392298135000443970e+00 -4.868795783607843042e+00 3.331314581055447199e+00 9.526006206261823372e-01 -4.451163773312901029e+00 4.280056222356607876e+00 -5.803440796537714386e-01 -3.597820839805481619e+00 4.809836139709480207e+00 -2.056480657922612920e+00 -2.392298135006845072e+00 4.868795783609903616e+00 -3.331314581051454837e+00 -9.526006206329464820e-01 4.451163773316838324e+00
-6.538640444468059698e+00 1.042661233636513307e+00 5.312918651931358482e+00 -7.288371694105290288e+00 3.255076138108990325e+00 3.461800195967080551e+00 -7.324666341253796453e+00 5.148861510735461167e+00 1.271816617041853448e+00 -6.643971612970907437e+00 6.538640444465095847e+00 -1.042661233626904993e+00 -5.312918651939706471e+00 7.288371694105480358e+00 -3.255076138100867489e+00 -3.461800195976809214e+00 7.324666341257125346e+00 -5.148861510729624946e+00 -1.271816617052057952e+00 6.643971612977034091e+00
-2.538745487302304316e+00 5.449901409349704462e-01 1.898071152329795286e+00 -2.776306603217110869e+00 1.365673002096040811e+00 1.170861703045431579e+00 -2.742103485144199659e+00 2.052674274609098681e+00 3.290401523939722184e-01 -2.439484172587635946e+00 2.538745487301387271e+00 -5.449901409314139578e-01 -1.898071152333065337e+00 2.776306603217392421e+00 -1.365673002093102717e+00 -1.170861703049163483e+00 2.742103485145654940e+00 -2.052674274607069194e+00 -3.290401523978187526e-01 2.439484172590115740e+00
-2.018594651893080183e+00 1.586817102909711674e-01 1.832053113658056898e+00 -2.312389313540059721e+00 8.863235584565379854e-01 1.270453480700069582e+00 -2.379831197814628041e+00 1.527205881341355820e+00 5.844930092814839551e-01 -2.214318623188735291e+00 2.018594651891893133e+00 -1.586817102878022023e-01 -1.832053113660599752e+00 2.312389313539874092e+00 -8.863235584537788592e-01 -1.270453480703125804e+00 2.379831197815466037e+00 -1.527205881339278370e+00 -5.844930092847688829e-01 2.214318623190509872e+00
5.771574836942798825e+00 -9.418366147876164884e-01 -4.664379492460821730e+00 6.425143568314633846e+00 -2.888829774172083642e+00 -3.029120493032020356e+00 6.449774480613919891e+00 -4.553044147601023717e+00 -1.097350074622239546e+00 5.843056528531056060e+00 -5.771574836940218667e+00 9.418366147791621401e-01 4.664379492468193611e+00 -6.425143568314831910e+00 2.888829774164946684e+00 3.029120493040601048e+00 -6.449774480616882855e+00 4.553044147595908697e+00 1.097350074631229466e+00 -5.843056528536480165e+00
9.231021089937193835e+00 -1.733890560236349021e+00 -7.192710489145883734e+00 1.018942885929375208e+01 -4.785681536404196024e+00 -4.563522800761644405e+00 1.015042433797986199e+01 -7.369016659986514561e+00 -1.487625704706553975e+00 9.117825560302048160e+00 -9.231021089933447499e+00 1.733890560223109611e+00 7.192710489157723153e+00 -1.018942885929440756e+01 4.785681536393131985e+00 4.563522800775293042e+00 -1.015042433798486421e+01 7.369016659978718131e+00 1.487625704720744402e+00 -9.117825560310887312e+00
-1.699838941859684738e+01 3.564692760273601824e+00 1.280784175171326567e+01 -1.862121375097709119e+01 9.082707893502844243e+00 7.943850249616959402e+00 -1.842126393979128807e+01 1.371164429517208205e+01 2.302259337030081454e+00 -1.641811246569024263e+01 1.699838941859057329e+01 -3.564692760249684067e+00 -1.280784175173514505e+01 1.862121375097885334e+01 -9.082707893483044970e+00 -7.943850249641973171e+00 1.842126393980093013e+01 -1.371164429515835437e+01 -2.302259337055906130e+00 1.641811246570678051e+01
5.894789966158752392e+00 -1.137505188402388345e+00 -4.557572417861084801e+00 6.495252895348981426e+00 -3.078055305729692215e+00 -2.876781866452875036e+00 6.459915216056142384e+00 -4.717303923660852050e+00 -9.143918622388316209e-01 5.792236026541404570e+00 -5.894789966156410266e+00 1.137505188393971745e+00 4.557572417868651193e+00 -6.495252895349445055e+00 3.078055305722673385e+00 2.876781866461581405e+00 -6.459915216059372689e+00 4.717303923655924436e+00 9.143918622478683922e-01 -5.792236026547070260e+00
-1.170335984641624449e+01 1.908807883310302378e+00 9.459421599878400144e+00 -1.302902490655941747e+01 5.857115783772544049e+00 6.143572349219258655e+00 -1.307931823029750440e+01 9.232088382395884807e+00 2.226347432233970469e+00 -1.184931675668864770e+01 1.170335984641101135e+01 -1.908807883293157648e+00 -9.459421599893351740e+00 1.302902490655981893e+01 -5.857115783758071181e+00 -6.143572349236658070e+00 1.307931823030351204e+01 -9.232088382385512659e+00 -2.226347432252200775e+00 1.184931675669964690e+01
-1.112669931909788801e+01 1.850240580616141051e+00 8.951611066140356954e+00 -1.237349051848536519e+01 5.594299426149740739e+00 5.796997119288939793e+00 -1.240907825474892157e+01 8.790749266077700241e+00 2.074932704348514179e+00 -1.122997895230857068e+01 1.112669931909296928e+01 -1.850240580599884943e+00 -8.951611066154576690e+00 1.237349051848580039e+01 -5.594299426136034370e+00 -5.796997119305469681e+00 1.240907825475467341e+01 -8.790749266067898304e+00 -2.074932704365816782e+00 1.122997895231905119e+01
-1.178830973864885223e+01 1.431752351303804627e+00 1.010518390458684124e+01 -1.331110849294081255e+01 5.542962623041525205e+00 6.794965125278129570e+00 -1.353092320400086201e+01 9.111589093146424290e+00 2.819607816202447381e+00 -1.242623687637114926e+01 1.178830973864276110e+01 -1.431752351285926039e+00 -1.010518390460179816e+01 1.331110849294048570e+01 -5.542962623026190805e+00 -6.794965125295814090e+00 1.353092320400634385e+01 -9.111589093135144424e+00 -2.819607816221214591e+00 1.242623687638187491e+01
-5.095739783435199399e+00 7.821013740155080551e-01 4.176324476547622844e+00 -5.691665246220315666e+00 2.514629308878908454e+00 2.735541200738213163e+00 -5.730450858543258086e+00 4.001007806537502098e+00 1.026984092564707796e+00 -5.208300014434530389e+00 5.095739783432838621e+00 -7.821013740079820753e-01 -4.176324476554121645e+00 5.691665246220416918e+00 -2.514629308872530888e+00 -2.735541200745804868e+00 5.730450858545816040e+00 -4.001007806532902222e+00 -1.026984092572685858e+00 5.208300014439283032e+00
-5.284063804382729934e+00 6.808042339464612791e-01 4.483730427559125431e+00 -5.951745475094212701e+00 2.512966003757196809e+00 2.997576762053333344e+00 -6.036828830455911898e+00 4.099141152257383069e+00 1.217999397732868028e+00 -5.530985318834360953e+00 5.284063804380065399e+00 -6.808042339384954289e-01 -4.483730427565837395e+00 5.951745475094124771e+00 -2.512966003750383592e+00 -2.997576762061247901e+00 6.036828830458413897e+00 -4.099141152252392395e+00 -1.217999397741248435e+00 5.530985318839197085e+00
-1.568112771736598354e+00 8.594317610434329957e-01 5.577901427506843923e-01 -1.515153400609304590e+00 1.223379504926879413e+00 7.698453870384058817e-02 -1.313880257936242080e+00 1.467574339082216017e+00 -4.113568483742133242e-01 -9.839953612746250577e-01 1.568112771736905220e+00 -8.594317610418856779e-01 -5.577901427528131340e-01 1.515153400610258050e+00 -1.223379504925870442e+00 -7.698453870597621318e-02 1.313880257937747320e+00 -1.467574339081846313e+00 4.113568483722689351e-01 9.839953612765313107e-01
