7.014918693817537410e+00 8.032875042059785642e+00 -2.050328890442707941e+00 -9.300047984469030027e+00 -3.697416860965119234e+00 7.014918693814808925e+00 8.032875042060181769e+00 -2.050328890439741869e+00 -9.300047984467589401e+00 -3.697416860967210894e+00 7.014918693812080441e+00 8.032875042060576121e+00 -2.050328890436759810e+00 -9.300047984466150552e+00 -3.697416860969270580e+00 7.014918693809357286e+00 8.032875042060981130e+00 -2.050328890433776863e+00 -9.300047984464708151e+00 -3.697416860971363128e+00
9.744098300573464044e+00 1.719890603215409541e+01 8.854101966155329961e-01 -1.665169243665900822e+01 -1.117672209268193662e+01 9.744098300567783255e+00 1.719890603215329250e+01 8.854101966207033048e-01 -1.665169243665500431e+01 -1.117672209268466155e+01 9.744098300562100690e+00 1.719890603215248959e+01 8.854101966259072531e-01 -1.665169243665099330e+01 -1.117672209268733141e+01 9.744098300556434111e+00 1.719890603215170088e+01 8.854101966311105354e-01 -1.665169243664698229e+01 -1.117672209269005812e+01
-6.500000000013612667e-01 -1.802583139031644688e+00 -4.640576474678812513e-01 1.515779740157040534e+00 1.400861046343540472e+00 -6.500000000007770673e-01 -1.802583139031444404e+00 -4.640576474683401620e-01 1.515779740156555810e+00 1.400861046343702787e+00 -6.500000000001928679e-01 -1.802583139031244341e+00 -4.640576474688025144e-01 1.515779740156070643e+00 1.400861046343860217e+00 -6.499999999996104449e-01 -1.802583139031044723e+00 -4.640576474692644782e-01 1.515779740155584809e+00 1.400861046344022309e+00
-6.739589803382838973e+00 -1.155574641843623063e+01 -4.022542485870856943e-01 1.130713962068973544e+01 7.390450849715019643e+00 -6.739589803379017141e+00 -1.155574641843575279e+01 -4.022542485906027698e-01 1.130713962068707801e+01 7.390450849716914128e+00 -6.739589803375193533e+00 -1.155574641843527139e+01 -4.022542485941422719e-01 1.130713962068441880e+01 7.390450849718772197e+00 -6.739589803371379695e+00 -1.155574641843480066e+01 -4.022542485976816073e-01 1.130713962068175604e+01 7.390450849720666682e+00
-6.282827057601815923e+00 -1.204931256309287591e+01 -1.164057647462188649e+00 1.132988537209627466e+01 8.166311896058983777e+00 -6.282827057597851983e+00 -1.204931256309214582e+01 -1.164057647465689627e+00 1.132988537209337387e+01 8.166311896060710396e+00 -6.282827057593888931e+00 -1.204931256309141219e+01 -1.164057647469213475e+00 1.132988537209047131e+01 8.166311896062403264e+00 -6.282827057589934761e+00 -1.204931256309068743e+01 -1.164057647472736878e+00 1.132988537208756341e+01 8.166311896064131659e+00
-9.049138953665220697e+00 -1.343869910099770948e+01 7.435661446642093386e-01 1.389824825128330232e+01 7.846023658714055493e+00 -9.049138953660738949e+00 -1.343869910099753362e+01 7.435661446598484936e-01 1.389824825128042285e+01 7.846023658716661409e+00 -9.049138953656255424e+00 -1.343869910099735421e+01 7.435661446554608922e-01 1.389824825127754337e+01 7.846023658719222027e+00 -9.049138953651782558e+00 -1.343869910099718545e+01 7.435661446510730688e-01 1.389824825127466035e+01 7.846023658721827942e+00
-8.600000000008559908e+00 -1.287968210662295476e+01 6.399186938200336350e-01 1.327517360943958025e+01 7.564589803370578736e+00 -8.600000000004266454e+00 -1.287968210662276292e+01 6.399186938158701876e-01 1.327517360943680913e+01 7.564589803373051424e+00 -8.599999999999971223e+00 -1.287968210662256752e+01 6.399186938116815382e-01 1.327517360943403446e+01 7.564589803375481480e+00 -8.599999999995688427e+00 -1.287968210662238278e+01 6.399186938074924447e-01 1.327517360943125979e+01 7.564589803377954169e+00
1.918348483848678754e+01 2.776612695902623074e+01 -2.023074641860131972e+00 -2.901645584947259948e+01 -1.591008130617757388e+01 1.918348483847751140e+01 2.776612695902601757e+01 -2.023074641851012601e+00 -2.901645584946673750e+01 -1.591008130618311966e+01 1.918348483846823171e+01 2.776612695902580086e+01 -2.023074641841838606e+00 -2.901645584946087553e+01 -1.591008130618857130e+01 1.918348483845898045e+01 2.776612695902560546e+01 -2.023074641832663279e+00 -2.901645584945499934e+01 -1.591008130619411887e+01
-4.523606797754088582e+00 -6.237586804717535571e+00 6.685661446599588942e-01 6.650783405844617135e+00 3.441844051966484130e+00 -4.523606797751996922e+00 -6.237586804717555111e+00 6.685661446578623490e-01 6.650783405843338159e+00 3.441844051967801299e+00 -4.523606797749907038e+00 -6.237586804717572875e+00 6.685661446557534804e-01 6.650783405842057405e+00 3.441844051969096263e+00 -4.523606797747820707e+00 -6.237586804717595967e+00 6.685661446536441677e-01 6.650783405840776652e+00 3.441844051970413876e+00
1.814045084973819399e+01 2.948051349693337997e+01 7.950849717045635479e-02 -2.943137454328610758e+01 -1.826909830055255313e+01 1.814045084972840627e+01 2.948051349693245626e+01 7.950849717964056373e-02 -2.943137454327949243e+01 -1.826909830055770101e+01 1.814045084971862565e+01 2.948051349693152900e+01 7.950849718888247653e-02 -2.943137454327287372e+01 -1.826909830056275652e+01 1.814045084970886634e+01 2.948051349693062306e+01 7.950849719812427829e-02 -2.943137454326624791e+01 -1.826909830056790085e+01
-5.447745751412146120e+00 -9.044146285030160826e+00 -1.418440519637479691e-01 8.956481839814085077e+00 5.677254248590910990e+00 -5.447745751409148518e+00 -9.044146285029841081e+00 -1.418440519665392918e-01 8.956481839812035162e+00 5.677254248592451980e+00 -5.447745751406150028e+00 -9.044146285029519561e+00 -1.418440519693482671e-01 8.956481839809985246e+00 5.677254248593962771e+00 -5.447745751403161307e+00 -9.044146285029205146e+00 -1.418440519721571313e-01 8.956481839807931777e+00 5.677254248595503761e+00
2.788525491563950354e+00 2.557952682561374758e+00 -1.207623792126658602e+00 -3.304305231718674740e+00 -8.345491502799637917e-01 2.788525491563063952e+00 2.557952682561674518e+00 -1.207623792125589901e+00 -3.304305231718313696e+00 -8.345491502808144446e-01 2.788525491562178438e+00 2.557952682561972946e+00 -1.207623792124516315e+00 -3.304305231717952207e+00 -8.345491502816532181e-01 2.788525491561294700e+00 2.557952682562276259e+00 -1.207623792123441619e+00 -3.304305231717590718e+00 -8.345491502825039820e-01
-5.365450849724704874e+00 -8.993285238686356209e+00 -1.927050983073241852e-01 8.874186938126563007e+00 5.677254248590757335e+00 -5.365450849721725923e+00 -8.993285238686022254e+00 -1.927050983100882242e-01 8.874186938124516644e+00 5.677254248592272567e+00 -5.365450849718746973e+00 -8.993285238685686522e+00 -1.927050983128698602e-01 8.874186938122468504e+00 5.677254248593758490e+00 -5.365450849715776016e+00 -8.993285238685356120e+00 -1.927050983156513297e-01 8.874186938120418588e+00 5.677254248595271946e+00
-1.188368810395011721e+01 -1.889054681865350105e+01 2.086881039486076506e-01 1.901952315994057230e+01 1.154602365871233793e+01 -1.188368810394383956e+01 -1.889054681865299301e+01 2.086881039426645157e-01 1.901952315993638010e+01 1.154602365871572189e+01 -1.188368810393756370e+01 -1.889054681865247787e+01 2.086881039366843549e-01 1.901952315993218434e+01 1.154602365871904546e+01 -1.188368810393130381e+01 -1.889054681865198049e+01 2.086881039307041386e-01 1.901952315992798503e+01 1.154602365872243119e+01
-2.184549150283208174e+00 -2.976518827218106011e+00 3.449593469080414754e-01 3.189715428344123804e+00 1.626393202248885839e+00 -2.184549150282209862e+00 -2.976518827218123331e+00 3.449593469070352247e-01 3.189715428343518067e+00 1.626393202249523107e+00 -2.184549150281211549e+00 -2.976518827218139762e+00 3.449593469060230899e-01 3.189715428342911441e+00 1.626393202250149495e+00 -2.184549150280215013e+00 -2.976518827218159302e+00 3.449593469050107331e-01 3.189715428342304371e+00 1.626393202250786763e+00
-1.235835921351512035e+01 -2.251514028771666531e+01 -1.556762745768691225e+00 2.155300799841070614e+01 1.487725424858687262e+01 -1.235835921350769517e+01 -2.251514028771548936e+01 -1.556762745775370993e+00 2.155300799840539483e+01 1.487725424859030632e+01 -1.235835921350027000e+01 -2.251514028771431697e+01 -1.556762745782094282e+00 2.155300799840007642e+01 1.487725424859367251e+01 -1.235835921349286437e+01 -2.251514028771315523e+01 -1.556762745788816904e+00 2.155300799839475445e+01 1.487725424859710799e+01
-5.321559062816515889e-04 1.458980337528227242e-02 9.549150281385428152e-03 -8.688103937703781782e-03 -1.491869381267852887e-02 -5.321559062862035033e-04 1.458980337527883940e-02 9.549150281387848091e-03 -8.688103937698846493e-03 -1.491869381267791478e-02 -5.321559062907554177e-04 1.458980337527540985e-02 9.549150281390294051e-03 -8.688103937693900797e-03 -1.491869381267727987e-02 -5.321559062952934543e-04 1.458980337527197510e-02 9.549150281392733072e-03 -8.688103937688953365e-03 -1.491869381267666404e-02
-1.266844051969505447e+00 -5.312305898743134858e-01 9.385254915634075878e-01 1.111271242968766781e+00 -2.517220926882109966e-01 -1.266844051969300722e+00 -5.312305898745912636e-01 9.385254915630319994e-01 1.111271242968811856e+00 -2.517220926878055431e-01 -1.266844051969095775e+00 -5.312305898748679311e-01 9.385254915626549677e-01 1.111271242968857598e+00 -2.517220926874046416e-01 -1.266844051968891272e+00 -5.312305898751468192e-01 9.385254915622774918e-01 1.111271242968903117e+00 -2.517220926869991882e-01
-1.823680339889483903e+01 -2.966731689580867126e+01 -9.860679773276448401e-02 2.960637454328652041e+01 1.839635254914636420e+01 -1.823680339888499802e+01 -2.966731689580773690e+01 -9.860679774200270531e-02 2.960637454327985907e+01 1.839635254915154050e+01 -1.823680339887515345e+01 -2.966731689580679898e+01 -9.860679775129901903e-02 2.960637454327319773e+01 1.839635254915661733e+01 -1.823680339886533375e+01 -2.966731689580587883e+01 -9.860679776059519397e-02 2.960637454326652573e+01 1.839635254916179363e+01
-5.833688103945818604e+00 -1.213664811787435482e+01 -1.667172942399452573e+00 1.110627857434654153e+01 8.531230589871341863e+00 -5.833688103941841341e+00 -1.213664811787346309e+01 -1.667172942402868063e+00 1.110627857434353416e+01 8.531230589872917491e+00 -5.833688103937864078e+00 -1.213664811787256959e+01 -1.667172942406306868e+00 1.110627857434052146e+01 8.531230589874457593e+00 -5.833688103933896585e+00 -1.213664811787168318e+01 -1.667172942409744785e+00 1.110627857433750698e+01 8.531230589876033221e+00
