-1.567093010411636733e+01 2.114287385767529948e+00 1.318543621518766074e+01 -1.761469729042613253e+01 7.521882366631498229e+00 8.772194241252227798e+00 -1.783421517713425786e+01 1.219318309340851769e+01 3.500268775515548381e+00 -1.630799582402024228e+01 1.567093010409621456e+01 -2.114287385770583061e+00 -1.318543621516395348e+01 1.761469729040129550e+01 -7.521882366626039484e+00 -8.772194241233812306e+00 1.783421517710715776e+01 -1.219318309339502449e+01 -3.500268775504317809e+00 1.630799582399354364e+01
-1.586491686016837477e+01 1.902639025783504634e+00 1.362823054058058148e+01 -1.792358487897162433e+01 7.442207179565122566e+00 9.174745629660137070e+00 -1.822776752885991414e+01 1.225328024169940555e+01 3.823172692300662145e+00 -1.674768929269860251e+01 1.586491686014807101e+01 -1.902639025787006943e+00 -1.362823054055619920e+01 1.792358487894644270e+01 -7.442207179559934715e+00 -9.174745629641060773e+00 1.822776752883230955e+01 -1.225328024168597629e+01 -3.823172692288848484e+00 1.674768929267128570e+01
-1.864070787038111376e+01 3.082135527477742887e+00 1.501744025313976394e+01 -2.073619534343285054e+01 9.359419369913609899e+00 9.733537992116383819e+00 -2.080187953869867101e+01 1.472053803350734036e+01 3.496849214882155721e+00 -1.883133082949905912e+01 1.864070787035689492e+01 -3.082135527480393211e+00 -1.501744025311247555e+01 2.073619534340340564e+01 -9.359419369906310848e+00 -9.733537992095516955e+00 2.080187953866684936e+01 -1.472053803349074030e+01 -3.496849214869857114e+00 1.883133082946800130e+01
1.125813102669923715e+01 -1.714961781668881580e+00 -9.242072539675724840e+00 1.257966966054455149e+01 -5.546216070683825272e+00 -6.059701635790574414e+00 1.266982258030200725e+01 -8.834568087937118008e+00 -2.284164915373009475e+00 1.151976499005451338e+01 -1.125813102668467458e+01 1.714961781670735874e+00 9.242072539659007546e+00 -1.257966966052673996e+01 5.546216070679625965e+00 6.059701635777704709e+00 -1.266982258028268227e+01 8.834568087927234359e+00 2.284164915365308079e+00 -1.151976499003557564e+01
1.048358473886592890e+01 -2.351170339314411883e+00 -7.719618236710105386e+00 1.142612584504525586e+01 -5.712598288401780522e+00 -4.710563792654981263e+00 1.125019814301051646e+01 -8.514837315004600171e+00 -1.240406544149514456e+00 9.973022661998248495e+00 -1.048358473885204845e+01 2.351170339314833324e+00 7.719618236695749758e+00 -1.142612584502879081e+01 5.712598288396797841e+00 4.710563792644374637e+00 -1.125019814299307086e+01 8.514837314994665007e+00 1.240406544143752621e+00 -9.973022661981538306e+00
-2.568051163734401232e+00 3.513455915828362364e-01 2.155019649352952094e+00 -2.884723128162801853e+00 1.236175774009555139e+00 1.431511349753998186e+00 -2.919018293758402383e+00 2.000000458732339670e+00 5.678767453156768896e-01 -2.667579610764487796e+00 2.568051163731096320e+00 -3.513455915833281762e-01 -2.155019649349075195e+00 2.884723128158732663e+00 -1.236175774008654082e+00 -1.431511349750989703e+00 2.919018293753965487e+00 -2.000000458730124109e+00 -5.678767453138456878e-01 2.667579610760118847e+00
-4.226744104083049791e+00 1.409492223318735471e+00 2.569786619906603065e+00 -4.430457576757263816e+00 2.638528629144370363e+00 1.328681144831195038e+00 -4.200486993005140057e+00 3.609287469038265250e+00 -4.248489816511069606e-02 -3.559343475864003903e+00 4.226744104077257091e+00 -1.409492223318106863e+00 -2.569786619901556435e+00 4.430457576750699289e+00 -2.638528629141705384e+00 -1.328681144827762228e+00 4.200486992998443192e+00 -3.609287469033812812e+00 4.248489816657086138e-02 3.559343475857834616e+00
-1.004101042871431915e+01 1.964112281880196820e+00 7.732057962440187282e+00 -1.105369156226456617e+01 5.262335804938516937e+00 4.867444804754927468e+00 -1.098436035010149858e+01 8.045445234556929393e+00 1.526372236100566493e+00 -9.839803414331566245e+00 1.004101042870114568e+01 -1.964112281881098765e+00 -7.732057962425976427e+00 1.105369156224875127e+01 -5.262335804934153316e+00 -4.867444804744242681e+00 1.098436035008458056e+01 -8.045445234547692337e+00 -1.526372236094510004e+00 9.839803414315207775e+00
-1.815915810460754232e+00 2.486096666690538748e-01 1.523657619169411559e+00 -2.039776622850483445e+00 8.742436145957195315e-01 1.012041615709528219e+00 -2.063969887435953332e+00 1.414300506311749528e+00 4.013599275958631973e-01 -1.886127398915330211e+00 1.815915810458417212e+00 -2.486096666694014024e-01 -1.523657619166670196e+00 2.039776622847606191e+00 -8.742436145950820414e-01 -1.012041615707401032e+00 2.063969887432816286e+00 -1.414300506310182559e+00 -4.013599275945686218e-01 1.886127398912240682e+00
-1.699295735681973119e+00 6.354125703572564010e-01 9.523234597270483492e-01 -1.754935940436363806e+00 1.110727469286060254e+00 4.491974889110033620e-01 -1.638790787983075647e+00 1.477316624627364572e+00 -9.789906186215441286e-02 -1.362229375075253657e+00 1.699295735679615227e+00 -6.354125703568846983e-01 -9.523234597251299949e-01 1.754935940433735464e+00 -1.110727469284890967e+00 -4.491974889097490320e-01 1.638790787980433317e+00 -1.477316624625507835e+00 9.789906186261299048e-02 1.362229375072858018e+00
6.796752499325068086e+00 -9.999040738088337266e-01 -5.621294762739182715e+00 7.608132394461891046e+00 -3.322601275168225232e+00 -3.702180336875944278e+00 7.674775281852516784e+00 -5.320059113787694471e+00 -1.420670705033739267e+00 6.990157691351516434e+00 -6.796752499316291996e+00 9.999040738100146708e-01 5.621294762729033501e+00 -7.608132394451132541e+00 3.322601275165740109e+00 3.702180336868109212e+00 -7.674775281840824803e+00 5.320059113781761440e+00 1.420670705029023262e+00 -6.990157691340039392e+00
9.035341447488061561e+00 -8.841485986239449035e-01 -7.995962433273071213e+00 1.028396619094783837e+01 -4.093564890955161850e+00 -5.471692046533910947e+00 1.052592467103060159e+01 -6.902274530213060366e+00 -2.411814318761920095e+00 9.737532305882881545e+00 -9.035341447476584520e+00 8.841485986262848096e-01 7.995962433258864799e+00 -1.028396619093346587e+01 4.093564890952491098e+00 5.471692046522682595e+00 -1.052592467101473162e+01 6.902274530205604997e+00 2.411814318754819109e+00 -9.737532305867077298e+00
-1.721385831882971473e+01 2.448034778289322588e+00 1.433602083926983894e+01 -1.930103803004765339e+01 8.353710176728487369e+00 9.480662742429840861e+00 -1.949889766064282881e+01 1.344166621934280847e+01 3.697271320703407582e+00 -1.778806933140515056e+01 1.721385831880752093e+01 -2.448034778292459190e+00 -1.433602083924400006e+01 1.930103803002039342e+01 -8.353710176722314529e+00 -9.480662742409844412e+00 1.949889766061315299e+01 -1.344166621932786398e+01 -3.697271320691306151e+00 1.778806933137597568e+01
3.891666539717177464e+00 -7.952669440697698322e-01 -2.956774176996292969e+00 4.271163455264456843e+00 -2.064279601274098930e+00 -1.844457242789237394e+00 4.232569132864368200e+00 -3.131226188422849610e+00 -5.515919825696420364e-01 3.779661453696263163e+00 -3.891666539712057560e+00 7.952669440700603776e-01 2.956774176990839553e+00 -4.271163455258332853e+00 2.064279601272359432e+00 1.844457242785158657e+00 -4.232569132857836536e+00 3.131226188419236944e+00 5.515919825673581967e-01 -3.779661453689965089e+00
-1.199289667377841617e+01 1.633720195534924313e+00 1.007234339915945576e+01 -1.347447000763598624e+01 5.767846106733298228e+00 6.693960249571914822e+00 -1.363706833499161597e+01 9.337375054053964618e+00 2.660325631195585405e+00 -1.246477539867574791e+01 1.199289667376298674e+01 -1.633720195537233799e+00 -1.007234339914133869e+01 1.347447000761698455e+01 -5.767846106729098921e+00 -6.693960249557850517e+00 1.363706833497088944e+01 -9.337375054043622669e+00 -2.660325631187019813e+00 1.246477539865533402e+01
-1.079690673699466252e+01 1.810207236340705794e+00 8.668880502763318674e+00 -1.200108746315922303e+01 5.439243941871994004e+00 5.606872717849255672e+00 -1.203051813193532915e+01 8.535849552928562289e+00 1.996025165935369383e+00 -1.088231786440869442e+01 1.079690673698062575e+01 -1.810207236342197712e+00 -8.668880502747553507e+00 1.200108746314217001e+01 -5.439243941867731635e+00 -5.606872717837215525e+00 1.203051813191691721e+01 -8.535849552918922001e+00 -1.996025165928292600e+00 1.088231786439073545e+01
-1.243835213522752170e+01 2.016348773589686783e+00 1.006799199003601508e+01 -1.385198319747173912e+01 6.215990886919380287e+00 6.544647654037145657e+00 -1.390968563190388529e+01 9.807168502878399252e+00 2.380667606422588012e+00 -1.260581112220645394e+01 1.243835213521138172e+01 -2.016348773591524868e+00 -1.006799199001774170e+01 1.385198319745208195e+01 -6.215990886914568136e+00 -6.544647654023149741e+00 1.390968563188262586e+01 -9.807168502867360971e+00 -2.380667606414306636e+00 1.260581112218567945e+01
-5.986748253517935936e+00 1.098839246284240234e+00 4.694985246304189452e+00 -6.618125421300054434e+00 3.085087794620585466e+00 2.991387205887487077e+00 -6.601674361653418366e+00 4.769346454547041425e+00 9.949713435397433692e-01 -5.939005418918091195e+00 5.986748253510112860e+00 -1.098839246284903037e+00 -4.694985246295599879e+00 6.618125421290613986e+00 -3.085087794618087020e+00 -2.991387205880984279e+00 6.601674361643278033e+00 -4.769346454541604885e+00 -9.949713435359972546e-01 5.939005418908249290e+00
-6.160632091445934932e+00 1.216589222335140885e+00 4.730445685471128314e+00 -6.777561643715198869e+00 3.237055875887327350e+00 2.972174234327052744e+00 -6.731056240248240563e+00 4.940656946411318806e+00 9.229656607729643802e-01 -6.025668153959200524e+00 6.160632091437848068e+00 -1.216589222335674236e+00 -4.730445685462427718e+00 6.777561643705498184e+00 -3.237055875884633505e+00 -2.972174234320518416e+00 6.731056240237869304e+00 -4.940656946405641570e+00 -9.229656607692697801e-01 6.025668153949178318e+00
-1.381425087969867516e+00 -3.408469890555658743e-01 1.782114754879730034e+00 -1.754154552566566494e+00 2.800175976012500012e-01 1.424974124061316516e+00 -1.955175147644250933e+00 8.734721108069762874e-01 9.283470976015425480e-01 -1.964809576764023014e+00 1.381425087968314758e+00 3.408469890543845415e-01 -1.782114754876793494e+00 1.754154552564293423e+00 -2.800175976015183421e-01 -1.424974124058729918e+00 1.955175147641478262e+00 -8.734721108062977191e-01 -9.283470975995669061e-01 1.964809576761021859e+00
