-1.567093010411592324e+01 2.114287385767386063e+00 1.318543621518738540e+01 -1.761469729042566357e+01 7.521882366631221117e+00 8.772194241252082136e+00 -1.783421517713381732e+01 1.219318309340814288e+01 3.500268775515549269e+00 -1.630799582401986569e+01 1.567093010409576870e+01 -2.114287385770437844e+00 -1.318543621516367814e+01 1.761469729040083010e+01 -7.521882366625764149e+00 -8.772194241233670198e+00 1.783421517710671722e+01 -1.219318309339464612e+01 -3.500268775504318697e+00 1.630799582399316705e+01
-1.586491686016792357e+01 1.902639025783364302e+00 1.362823054058029371e+01 -1.792358487897114827e+01 7.442207179564846342e+00 9.174745629659984303e+00 -1.822776752885946294e+01 1.225328024169902541e+01 3.823172692300657260e+00 -1.674768929269821527e+01 1.586491686014762159e+01 -1.902639025786865279e+00 -1.362823054055591321e+01 1.792358487894596664e+01 -7.442207179559660268e+00 -9.174745629640908007e+00 1.822776752883185480e+01 -1.225328024168559260e+01 -3.823172692288842711e+00 1.674768929267089490e+01
-1.864070787038058796e+01 3.082135527477559478e+00 1.501744025313945308e+01 -2.073619534343230697e+01 9.359419369913272391e+00 9.733537992116231052e+00 -2.080187953869815942e+01 1.472053803350689094e+01 3.496849214882173040e+00 -1.883133082949862569e+01 1.864070787035637267e+01 -3.082135527480208026e+00 -1.501744025311216468e+01 2.073619534340285853e+01 -9.359419369905976893e+00 -9.733537992095364189e+00 2.080187953866633777e+01 -1.472053803349028911e+01 -3.496849214869873990e+00 1.883133082946756787e+01
1.125813102669891919e+01 -1.714961781668774110e+00 -9.242072539675532994e+00 1.257966966054421931e+01 -5.546216070683623656e+00 -6.059701635790477603e+00 1.266982258030169284e+01 -8.834568087936846226e+00 -2.284164915373016136e+00 1.151976499005424692e+01 -1.125813102668435661e+01 1.714961781670627516e+00 9.242072539658815700e+00 -1.257966966052640956e+01 5.546216070679425236e+00 6.059701635777607898e+00 -1.266982258028236785e+01 8.834568087926960800e+00 2.284164915365313853e+00 -1.151976499003530741e+01
1.048358473886563758e+01 -2.351170339314294644e+00 -7.719618236709949954e+00 1.142612584504495743e+01 -5.712598288401583346e+00 -4.710563792654913762e+00 1.125019814301024113e+01 -8.514837315004346152e+00 -1.240406544149541546e+00 9.973022661998022897e+00 -1.048358473885175712e+01 2.351170339314715640e+00 7.719618236695594327e+00 -1.142612584502849415e+01 5.712598288396600665e+00 4.710563792644308023e+00 -1.125019814299279552e+01 8.514837314994409212e+00 1.240406544143779266e+00 -9.973022661981314485e+00
-2.568051163734328846e+00 3.513455915828125331e-01 2.155019649352907241e+00 -2.884723128162725470e+00 1.236175774009509842e+00 1.431511349753974649e+00 -2.919018293758329996e+00 2.000000458732277941e+00 5.678767453156773337e-01 -2.667579610764426068e+00 2.568051163731023934e+00 -3.513455915833042509e-01 -2.155019649349029898e+00 2.884723128158656724e+00 -1.236175774008608785e+00 -1.431511349750965945e+00 2.919018293753892657e+00 -2.000000458730061492e+00 -5.678767453138459098e-01 2.667579610760056674e+00
-4.226744104082935216e+00 1.409492223318678406e+00 2.569786619906555103e+00 -4.430457576757151017e+00 2.638528629144285098e+00 1.328681144831182825e+00 -4.200486993005040581e+00 3.609287469038160445e+00 -4.248489816508682626e-02 -3.559343475863926187e+00 4.226744104077143405e+00 -1.409492223318049353e+00 -2.569786619901508917e+00 4.430457576750586490e+00 -2.638528629141620119e+00 -1.328681144827750016e+00 4.200486992998342828e+00 -3.609287469033707563e+00 4.248489816654710260e-02 3.559343475857756900e+00
-1.004101042871403848e+01 1.964112281880091349e+00 7.732057962440030074e+00 -1.105369156226427663e+01 5.262335804938331307e+00 4.867444804754854637e+00 -1.098436035010123035e+01 8.045445234556686032e+00 1.526372236100584479e+00 -9.839803414331340647e+00 1.004101042870086502e+01 -1.964112281880992406e+00 -7.732057962425820108e+00 1.105369156224846172e+01 -5.262335804933969463e+00 -4.867444804744169851e+00 1.098436035008430878e+01 -8.045445234547448976e+00 -1.526372236094527768e+00 9.839803414314982177e+00
-1.815915810460702717e+00 2.486096666690370827e-01 1.523657619169379585e+00 -2.039776622850429710e+00 8.742436145956874460e-01 1.012041615709511788e+00 -2.063969887435902262e+00 1.414300506311706007e+00 4.013599275958634749e-01 -1.886127398915286246e+00 1.815915810458365698e+00 -2.486096666693844992e-01 -1.523657619166638444e+00 2.039776622847552456e+00 -8.742436145950500670e-01 -1.012041615707384601e+00 2.063969887432764772e+00 -1.414300506310138594e+00 -4.013599275945687883e-01 1.886127398912197162e+00
-1.699295735681927599e+00 6.354125703572318651e-01 9.523234597270311408e-01 -1.754935940436319619e+00 1.110727469286024949e+00 4.491974889110005309e-01 -1.638790787983037234e+00 1.477316624627322383e+00 -9.789906186214297756e-02 -1.362229375075224569e+00 1.699295735679569486e+00 -6.354125703568600514e-01 -9.523234597251128974e-01 1.754935940433691499e+00 -1.110727469284855884e+00 -4.491974889097461454e-01 1.638790787980394681e+00 -1.477316624625465424e+00 9.789906186260149967e-02 1.362229375072828486e+00
6.796752499324876240e+00 -9.999040738087696667e-01 -5.621294762739065476e+00 7.608132394461690318e+00 -3.322601275168103996e+00 -3.702180336875884326e+00 7.674775281852326714e+00 -5.320059113787531047e+00 -1.420670705033742154e+00 6.990157691351354785e+00 -6.796752499316100149e+00 9.999040738099498338e-01 5.621294762728916261e+00 -7.608132394450931812e+00 3.322601275165620205e+00 3.702180336868050148e+00 -7.674775281840633845e+00 5.320059113781597127e+00 1.420670705029026148e+00 -6.990157691339876855e+00
9.035341447487805766e+00 -8.841485986238694084e-01 -7.995962433272901571e+00 1.028396619094756481e+01 -4.093564890955007307e+00 -5.471692046533817688e+00 1.052592467103033691e+01 -6.902274530212844539e+00 -2.411814318761911657e+00 9.737532305882652395e+00 -9.035341447476326948e+00 8.841485986262083152e-01 7.995962433258695157e+00 -1.028396619093319231e+01 4.093564890952336555e+00 5.471692046522588448e+00 -1.052592467101446871e+01 6.902274530205387393e+00 2.411814318754810227e+00 -9.737532305866848148e+00
-1.721385831882922801e+01 2.448034778289161828e+00 1.433602083926953874e+01 -1.930103803004714536e+01 8.353710176728183612e+00 9.480662742429686318e+00 -1.949889766064234209e+01 1.344166621934239458e+01 3.697271320703412467e+00 -1.778806933140473490e+01 1.721385831880703776e+01 -2.448034778292297098e+00 -1.433602083924369985e+01 1.930103803001988538e+01 -8.353710176722010772e+00 -9.480662742409689869e+00 1.949889766061266982e+01 -1.344166621932744832e+01 -3.697271320691310592e+00 1.778806933137556356e+01
3.891666539717069107e+00 -7.952669440697281988e-01 -2.956774176996233017e+00 4.271163455264345821e+00 -2.064279601274026987e+00 -1.844457242789210527e+00 4.232569132864265171e+00 -3.131226188422755019e+00 -5.515919825696499190e-01 3.779661453696177009e+00 -3.891666539711948758e+00 7.952669440700185222e-01 2.956774176990780045e+00 -4.271163455258220942e+00 2.064279601272287490e+00 1.844457242785131346e+00 -4.232569132857732619e+00 3.131226188419141909e+00 5.515919825673660792e-01 -3.779661453689878936e+00
-1.199289667377807689e+01 1.633720195534813735e+00 1.007234339915924437e+01 -1.347447000763563096e+01 5.767846106733086842e+00 6.693960249571803800e+00 -1.363706833499127669e+01 9.337375054053676848e+00 2.660325631195586737e+00 -1.246477539867545836e+01 1.199289667376264568e+01 -1.633720195537122333e+00 -1.007234339914112731e+01 1.347447000761662750e+01 -5.767846106728889310e+00 -6.693960249557741271e+00 1.363706833497055015e+01 -9.337375054043333122e+00 -2.660325631187021145e+00 1.246477539865504447e+01
-1.079690673699435699e+01 1.810207236340598991e+00 8.668880502763139262e+00 -1.200108746315890684e+01 5.439243941871799493e+00 5.606872717849167742e+00 -1.203051813193503250e+01 8.535849552928301165e+00 1.996025165935380263e+00 -1.088231786440844395e+01 1.079690673698032199e+01 -1.810207236342090020e+00 -8.668880502747374095e+00 1.200108746314185382e+01 -5.439243941867537124e+00 -5.606872717837127595e+00 1.203051813191662056e+01 -8.535849552918660876e+00 -1.996025165928303036e+00 1.088231786439048321e+01
-1.243835213522717176e+01 2.016348773589565102e+00 1.006799199003580902e+01 -1.385198319747137319e+01 6.215990886919156466e+00 6.544647654037042628e+00 -1.390968563190354423e+01 9.807168502878099048e+00 2.380667606422599114e+00 -1.260581112220616262e+01 1.243835213521103178e+01 -2.016348773591402299e+00 -1.006799199001753564e+01 1.385198319745171602e+01 -6.215990886914344316e+00 -6.544647654023045824e+00 1.390968563188227947e+01 -9.807168502867058990e+00 -2.380667606414316850e+00 1.260581112218538813e+01
-5.986748253517767182e+00 1.098839246284178950e+00 4.694985246304092641e+00 -6.618125421299881239e+00 3.085087794620476220e+00 2.991387205887440892e+00 -6.601674361653255829e+00 4.769346454546895764e+00 9.949713435397520289e-01 -5.939005418917954415e+00 5.986748253509944107e+00 -1.098839246284841087e+00 -4.694985246295503067e+00 6.618125421290439903e+00 -3.085087794617978219e+00 -2.991387205880938538e+00 6.601674361643115496e+00 -4.769346454541459224e+00 -9.949713435360055813e-01 5.939005418908112510e+00
-6.160632091445763514e+00 1.216589222335076048e+00 4.730445685471031503e+00 -6.777561643715021233e+00 3.237055875887213219e+00 2.972174234327008335e+00 -6.731056240248076250e+00 4.940656946411169592e+00 9.229656607729755935e-01 -6.025668153959061968e+00 6.160632091437676650e+00 -1.216589222335608955e+00 -4.730445685462331795e+00 6.777561643705320549e+00 -3.237055875884520706e+00 -2.972174234320474007e+00 6.731056240237703214e+00 -4.940656946405490579e+00 -9.229656607692811043e-01 6.025668153949040651e+00
-1.381425087969824883e+00 -3.408469890555670956e-01 1.782114754879688956e+00 -1.754154552566516978e+00 2.800175976012326817e-01 1.424974124061287206e+00 -1.955175147644199640e+00 8.734721108069449791e-01 9.283470976015278930e-01 -1.964809576763974386e+00 1.381425087968272347e+00 3.408469890543857628e-01 -1.782114754876752194e+00 1.754154552564243907e+00 -2.800175976015012447e-01 -1.424974124058700609e+00 1.955175147641426525e+00 -8.734721108062661887e-01 -9.283470975995522512e-01 1.964809576760973009e+00
