-6.282827057596406028e+00 -1.204931256309294341e+01 -1.164057647466490764e+00 1.132988537209438817e+01 8.166311896061399622e+00 -6.282827057595615550e+00 -1.204931256309317433e+01 -1.164057647467432233e+00 1.132988537209404001e+01 8.166311896062111941e+00 -6.282827057594824183e+00 -1.204931256309340881e+01 -1.164057647468355050e+00 1.132988537209370072e+01 8.166311896062856235e+00 -6.282827057594023934e+00 -1.204931256309363441e+01 -1.164057647469279422e+00 1.132988537209335611e+01 8.166311896063566778e+00
-9.049138953659291218e+00 -1.343869910099850351e+01 7.435661446591768087e-01 1.389824825128163077e+01 7.846023658717061977e+00 -9.049138953658465212e+00 -1.343869910099892273e+01 7.435661446580810185e-01 1.389824825128138031e+01 7.846023658717981242e+00 -9.049138953657639206e+00 -1.343869910099934728e+01 7.435661446570058786e-01 1.389824825128113162e+01 7.846023658718944915e+00 -9.049138953656800766e+00 -1.343869910099976117e+01 7.435661446559299614e-01 1.389824825128087937e+01 7.846023658719866845e+00
-8.600000000002770761e+00 -1.287968210662379320e+01 6.399186938150498438e-01 1.327517360943796376e+01 7.564589803373615418e+00 -8.600000000001974954e+00 -1.287968210662418933e+01 6.399186938140012382e-01 1.327517360943771685e+01 7.564589803374493826e+00 -8.600000000001180922e+00 -1.287968210662459079e+01 6.399186938129725055e-01 1.327517360943747349e+01 7.564589803375412203e+00 -8.600000000000376232e+00 -1.287968210662497981e+01 6.399186938119428847e-01 1.327517360943722835e+01 7.564589803376290611e+00
1.918348483847444541e+01 2.776612695902844763e+01 -2.023074641849313071e+00 -2.901645584946943046e+01 -1.591008130618433469e+01 1.918348483847274721e+01 2.776612695902935002e+01 -2.023074641847038002e+00 -2.901645584946894019e+01 -1.591008130618626737e+01 1.918348483847105612e+01 2.776612695903027017e+01 -2.023074641844806010e+00 -2.901645584946846057e+01 -1.591008130618828886e+01 1.918348483846933661e+01 2.776612695903116190e+01 -2.023074641842571797e+00 -2.901645584946797385e+01 -1.591008130619022154e+01
-4.523606797751233977e+00 -6.237586804718092459e+00 6.685661446574213684e-01 6.650783405843884388e+00 3.441844051968076634e+00 -4.523606797750858277e+00 -6.237586804718312727e+00 6.685661446569055588e-01 6.650783405843788465e+00 3.441844051968523832e+00 -4.523606797750483466e+00 -6.237586804718537437e+00 6.685661446563994081e-01 6.650783405843693430e+00 3.441844051968992346e+00 -4.523606797750103325e+00 -6.237586804718754152e+00 6.685661446558927024e-01 6.650783405843598395e+00 3.441844051969439988e+00
1.814045084972488553e+01 2.948051349693463408e+01 7.950849718158226054e-02 -2.943137454328202196e+01 -1.826909830055913275e+01 1.814045084972302391e+01 2.948051349693541567e+01 7.950849718394770171e-02 -2.943137454328135405e+01 -1.826909830056104767e+01 1.814045084972116584e+01 2.948051349693621503e+01 7.950849718626773477e-02 -2.943137454328069680e+01 -1.826909830056305140e+01 1.814045084971927935e+01 2.948051349693698597e+01 7.950849718859057114e-02 -2.943137454328003599e+01 -1.826909830056496276e+01
-5.447745751407965464e+00 -9.044146285030539190e+00 -1.418440519672607425e-01 8.956481839812770573e+00 5.677254248593002650e+00 -5.447745751407391701e+00 -9.044146285030770116e+00 -1.418440519679838030e-01 8.956481839812557411e+00 5.677254248593582631e+00 -5.447745751406817938e+00 -9.044146285031004595e+00 -1.418440519686929302e-01 8.956481839812349577e+00 5.677254248594189256e+00 -5.447745751406237069e+00 -9.044146285031233745e+00 -1.418440519694029456e-01 8.956481839812139967e+00 5.677254248594769237e+00
2.788525491562655834e+00 2.557952682561681179e+00 -1.207623792125493756e+00 -3.304305231718312363e+00 -8.345491502806147155e-01 2.788525491562526604e+00 2.557952682561846380e+00 -1.207623792125261275e+00 -3.304305231718334124e+00 -8.345491502808563000e-01 2.788525491562397818e+00 2.557952682562013358e+00 -1.207623792125032791e+00 -3.304305231718356328e+00 -8.345491502811093198e-01 2.788525491562267256e+00 2.557952682562175895e+00 -1.207623792124804751e+00 -3.304305231718377645e+00 -8.345491502813509044e-01
-5.365450849720692972e+00 -8.993285238686603122e+00 -1.927050983105966231e-01 8.874186938125268043e+00 5.677254248592628727e+00 -5.365450849720120097e+00 -8.993285238686828720e+00 -1.927050983113144378e-01 8.874186938125053103e+00 5.677254248593201602e+00 -5.365450849719548110e+00 -8.993285238687057870e+00 -1.927050983120184302e-01 8.874186938124841717e+00 5.677254248593802011e+00 -5.365450849718969906e+00 -8.993285238687279914e+00 -1.927050983127233386e-01 8.874186938124630331e+00 5.677254248594374886e+00
-1.188368810394161557e+01 -1.889054681865439278e+01 2.086881039414635597e-01 1.901952315993801435e+01 1.154602365871658165e+01 -1.188368810394043074e+01 -1.889054681865491503e+01 2.086881039399420268e-01 1.901952315993760578e+01 1.154602365871782155e+01 -1.188368810393924591e+01 -1.889054681865544438e+01 2.086881039384495540e-01 1.901952315993720077e+01 1.154602365871912362e+01 -1.188368810393804509e+01 -1.889054681865595953e+01 2.086881039369554158e-01 1.901952315993679576e+01 1.154602365872036351e+01
-2.184549150281869689e+00 -2.976518827218363583e+00 3.449593469068603091e-01 3.189715428343782300e+00 1.626393202249618364e+00 -2.184549150281691166e+00 -2.976518827218470609e+00 3.449593469066136175e-01 3.189715428343738335e+00 1.626393202249833525e+00 -2.184549150281512642e+00 -2.976518827218579410e+00 3.449593469063714779e-01 3.189715428343694814e+00 1.626393202250058900e+00 -2.184549150281332341e+00 -2.976518827218685104e+00 3.449593469061291717e-01 3.189715428343650849e+00 1.626393202250274062e+00
-1.235835921350490629e+01 -2.251514028771694953e+01 -1.556762745776900436e+00 2.155300799840719250e+01 1.487725424859150714e+01 -1.235835921350344435e+01 -2.251514028771742915e+01 -1.556762745778673462e+00 2.155300799840658499e+01 1.487725424859287315e+01 -1.235835921350198419e+01 -2.251514028771791587e+01 -1.556762745780411850e+00 2.155300799840598458e+01 1.487725424859430667e+01 -1.235835921350050626e+01 -2.251514028771838483e+01 -1.556762745782153123e+00 2.155300799840538417e+01 1.487725424859567269e+01
-5.321559065293232638e-04 1.458980337510863874e-02 9.549150281524820122e-03 -8.688103937445410332e-03 -1.491869381265813026e-02 -5.321559065304994063e-04 1.458980337510826751e-02 9.549150281525775955e-03 -8.688103937444454500e-03 -1.491869381265848588e-02 -5.321559065316746814e-04 1.458980337510789628e-02 9.549150281526710971e-03 -8.688103937443510810e-03 -1.491869381265885711e-02 -5.321559065328647017e-04 1.458980337510753025e-02 9.549150281527651191e-03 -8.688103937442563651e-03 -1.491869381265920926e-02
-1.266844051969574725e+00 -5.312305898746592092e-01 9.385254915633651773e-01 1.111271242969049666e+00 -2.517220926881184040e-01 -1.266844051969566287e+00 -5.312305898747483601e-01 9.385254915633013395e-01 1.111271242969099404e+00 -2.517220926880255893e-01 -1.266844051969558294e+00 -5.312305898748383992e-01 9.385254915632386119e-01 1.111271242969148698e+00 -2.517220926879281118e-01 -1.266844051969549856e+00 -5.312305898749263289e-01 9.385254915631759953e-01 1.111271242969197992e+00 -2.517220926878350751e-01
-1.823680339888156965e+01 -2.966731689580990761e+01 -9.860679774382485885e-02 2.960637454328246676e+01 1.839635254915289053e+01 -1.823680339887969737e+01 -2.966731689581069276e+01 -9.860679774620487170e-02 2.960637454328179174e+01 1.839635254915481255e+01 -1.823680339887782509e+01 -2.966731689581149567e+01 -9.860679774853919888e-02 2.960637454328113094e+01 1.839635254915682339e+01 -1.823680339887593149e+01 -2.966731689581227016e+01 -9.860679775087632937e-02 2.960637454328046658e+01 1.839635254915874896e+01
-5.833688103940367853e+00 -1.213664811787407594e+01 -1.667172942403599034e+00 1.110627857434444365e+01 8.531230589873512571e+00 -5.833688103939557834e+00 -1.213664811787426601e+01 -1.667172942404536284e+00 1.110627857434406174e+01 8.531230589874198245e+00 -5.833688103938748704e+00 -1.213664811787446318e+01 -1.667172942405454883e+00 1.110627857434368515e+01 8.531230589874915893e+00 -5.833688103937928915e+00 -1.213664811787465148e+01 -1.667172942406375036e+00 1.110627857434330679e+01 8.531230589875601567e+00
1.729508497188258609e+00 4.013322226093574585e+00 7.508610463430761550e-01 -3.549264578625225930e+00 -2.944427190999642008e+00 1.729508497187985494e+00 4.013322226093621659e+00 7.508610463433815774e-01 -3.549264578625086486e+00 -2.944427190999856947e+00 1.729508497187712379e+00 4.013322226093671397e+00 7.508610463436807825e-01 -3.549264578624949262e+00 -2.944427191000080768e+00 1.729508497187435712e+00 4.013322226093717582e+00 7.508610463439808758e-01 -3.549264578624810706e+00 -2.944427191000295263e+00
-1.519549150281820360e+01 -2.504637087759162384e+01 -2.840169943696693178e-01 2.487083872168859600e+01 1.565504065309092674e+01 -1.519549150281661554e+01 -2.504637087759227043e+01 -2.840169943716740475e-01 2.487083872168801690e+01 1.565504065309253789e+01 -1.519549150281503103e+01 -2.504637087759293124e+01 -2.840169943736404190e-01 2.487083872168744492e+01 1.565504065309422721e+01 -1.519549150281342520e+01 -2.504637087759357073e+01 -2.840169943756090110e-01 2.487083872168686938e+01 1.565504065309583837e+01
-1.472049150281782204e+01 -2.501042852506025227e+01 -7.368033988700307679e-01 2.455505898153212740e+01 1.591266444521597023e+01 -1.472049150281622332e+01 -2.501042852506085978e+01 -7.368033988720226191e-01 2.455505898153151634e+01 1.591266444521755297e+01 -1.472049150281462815e+01 -2.501042852506148151e+01 -7.368033988739759454e-01 2.455505898153091948e+01 1.591266444521920675e+01 -1.472049150281301344e+01 -2.501042852506208192e+01 -7.368033988759317143e-01 2.455505898153031552e+01 1.591266444522078949e+01
-1.691041019663070344e+01 -2.534358447309151430e+01 1.247213595505326955e+00 2.611440486634483449e+01 1.489237620787218752e+01 -1.691041019662913669e+01 -2.534358447309229234e+01 1.247213595503263939e+00 2.611440486634434777e+01 1.489237620787391414e+01 -1.691041019662757350e+01 -2.534358447309308460e+01 1.247213595501240002e+00 2.611440486634387170e+01 1.489237620787572070e+01 -1.691041019662599254e+01 -2.534358447309385198e+01 1.247213595499214289e+00 2.611440486634338498e+01 1.489237620787744909e+01
