-1.178126543309777219e+01 -2.952825962612924116e+01 -2.293128563510800433e+01 2.570916601281732383e+00 2.595357936132189280e+01 2.793934578429413307e+01 6.891091460096213872e+00 -1.983838191940652962e+01 -3.021250810324245251e+01 -1.567855147630103119e+01 1.178126543308446905e+01 2.952825962612126176e+01 2.293128563511195850e+01 -2.570916601269140678e+00 -2.595357936131100729e+01 -2.793934578429394477e+01 -6.891091460106865796e+00 1.983838191939379669e+01 3.021250810323817149e+01 1.567855147630865176e+01
-1.260058157477468121e+01 -3.114931831789515115e+01 -2.401763827767226189e+01 2.914891168871084570e+00 2.744429835987152444e+01 2.934781650202421943e+01 7.056129093881773784e+00 -2.105283926271176398e+01 -3.180522596889428755e+01 -1.633644627798169680e+01 1.260058157476066576e+01 3.114931831788682004e+01 2.401763827767650739e+01 -2.914891168857791648e+00 -2.744429835986011668e+01 -2.934781650202410930e+01 -7.056129093893047433e+00 2.105283926269838091e+01 3.180522596888986087e+01 1.633644627798979698e+01
-1.419397583337073598e+01 -3.571150165805347143e+01 -2.778741219027541121e+01 3.045439488419018570e+00 3.136754102635823216e+01 3.382931654352743323e+01 8.401205692482793808e+00 -2.395310692849195178e+01 -3.655977169078801126e+01 -1.902548232556062402e+01 1.419397583335464041e+01 3.571150165804378673e+01 2.778741219028016829e+01 -3.045439488403792971e+00 -3.136754102634504804e+01 -3.382931654352717032e+01 -8.401205692495665289e+00 2.395310692847654366e+01 3.655977169078280298e+01 1.902548232556982200e+01
1.649281008888306488e+01 3.082384552924355248e+01 1.974279355318017082e+01 -7.614799750013152568e+00 -2.869452753761608932e+01 -2.611764046621037494e+01 -2.008600243817225461e+00 2.375638926407571105e+01 2.993591075810408597e+01 1.143538445104081092e+01 -1.649281008886966404e+01 -3.082384552923730681e+01 -1.974279355318626017e+01 7.614799749999781042e+00 2.869452753760643660e+01 2.611764046621239999e+01 2.008600243829258503e+00 -2.375638926406357498e+01 -2.993591075810188684e+01 -1.143538445105027535e+01
1.346139124244605689e+01 2.714455788600940522e+01 1.844895036834698487e+01 -5.456515992427334538e+00 -2.486346962684020312e+01 -2.377224554253098177e+01 -3.082481060712122911e+00 2.014857172661512408e+01 2.676854769203582407e+01 1.131974339071954105e+01 -1.346139124243413221e+01 -2.714455788600337627e+01 -1.844895036835184854e+01 5.456515992415615912e+00 2.486346962683126449e+01 2.377224554253220390e+01 3.082481060722487953e+00 -2.014857172660414619e+01 -2.676854769203331585e+01 -1.131974339072749203e+01
-6.196354892933178427e+00 -9.680682833306713420e+00 -5.183970310144671245e+00 3.586560240055990612e+00 9.400224741271573592e+00 7.464066702253072449e+00 -6.256880818475680783e-01 -8.199607156343171610e+00 -9.013528240333494423e+00 -2.396430785237031458e+00 6.196354892929086589e+00 9.680682833305258583e+00 5.183970310147062222e+00 -3.586560240051735793e+00 -9.400224741268953466e+00 -7.464066702254246621e+00 6.256880818435672786e-01 8.199607156339640213e+00 9.013528240333355868e+00 2.396430785240369676e+00
-5.460926783266575768e+00 -9.723049177977348023e+00 -5.969203044993127705e+00 2.705830142404171745e+00 9.150097150820265313e+00 8.050754182187386476e+00 3.141320054238108117e-01 -7.681469862064743026e+00 -9.344241407125645438e+00 -3.303344723874190425e+00 5.460926783262378237e+00 9.723049177975507718e+00 5.969203044995170515e+00 -2.705830142399940019e+00 -9.150097150817323666e+00 -8.050754182188162744e+00 -3.141320054276628415e-01 7.681469862060985143e+00 9.344241407125091214e+00 3.303344723877269296e+00
-5.462519836280491425e+00 -1.627841864914300984e+01 -1.367390898893846796e+01 2.037745593667956712e-01 1.391346035051439500e+01 1.615247904541067925e+01 5.074917591198018663e+00 -1.018655561199821413e+01 -1.704993191197764091e+01 -9.856841448905445446e+00 5.462519836273036944e+00 1.627841864913809289e+01 1.367390898894016438e+01 -2.037745593599098459e-01 -1.391346035050797703e+01 -1.615247904541002555e+01 -5.074917591203664813e+00 1.018655561199091153e+01 1.704993191197472413e+01 9.856841448909275272e+00
-2.384861310448051608e+00 -5.267532626874400492e+00 -3.807494677644673864e+00 7.915541874707995307e-01 4.738022433215949292e+00 4.778325235079907252e+00 8.792357744582990353e-01 -3.744721592050622494e+00 -5.281420025955526398e+00 -2.463960012787324683e+00 2.384861310445711258e+00 5.267532626873118851e+00 3.807494677645511860e+00 -7.915541874685378954e-01 -4.738022433214123197e+00 -4.778325235080023603e+00 -8.792357744602609104e-01 3.744721592048429137e+00 5.281420025954915332e+00 2.463960012788786180e+00
-3.120259730106984097e+00 -4.637454786105109861e+00 -2.331395332784789609e+00 1.896735198356038321e+00 4.561141286980227250e+00 3.465207965862807882e+00 -4.875450100587953584e-01 -4.038351499345399276e+00 -4.259821899718245319e+00 -9.693694807487165388e-01 3.120259730105041651e+00 4.637454786104488136e+00 2.331395332786006414e+00 -1.896735198353991958e+00 -4.561141286979033538e+00 -3.465207965863450479e+00 4.875450100568456957e-01 4.038351499343749040e+00 4.259821899718261307e+00 9.693694807503705491e-01
6.558920331557317240e+00 1.343519949397970770e+01 9.235103916780650124e+00 -2.578683722634579123e+00 -1.226652844176295609e+01 -1.184148530715493131e+01 -1.653972415805352369e+00 9.897124119736563586e+00 1.328873961118428504e+01 5.724726210282253369e+00 -6.558920331551401972e+00 -1.343519949397667190e+01 -9.235103916783010902e+00 2.578683722628785091e+00 1.226652844175849388e+01 1.184148530715548020e+01 1.653972415810460284e+00 -9.897124119731101288e+00 -1.328873961118298475e+01 -5.724726210286151584e+00
7.473738657186038026e+00 1.911610782143313969e+01 1.499859386015746665e+01 -1.484203269181806784e+00 -1.674337944621568397e+01 -1.819881975486397963e+01 -4.650616275861652937e+00 1.273169243281748919e+01 1.961761837332964831e+01 1.033020109707388556e+01 -7.473738657177408484e+00 -1.911610782142789233e+01 -1.499859386015995355e+01 1.484203269173663076e+00 1.674337944620857854e+01 1.819881975486377357e+01 4.650616275868515004e+00 -1.273169243280920604e+01 -1.961761837332679548e+01 -1.033020109707876344e+01
-1.493661424708793817e+01 -3.579928989504039549e+01 -2.714797503860958372e+01 3.884931180440129861e+00 3.171498554667659064e+01 3.339827038157228856e+01 7.547036018055421458e+00 -2.452619744170461402e+01 -3.637931032015094246e+01 -1.824024674781006894e+01 1.493661424707188523e+01 3.579928989503104475e+01 2.714797503861467831e+01 -3.884931180424828323e+00 -3.171498554666366587e+01 -3.339827038157240935e+01 -7.547036018068477681e+00 2.452619744168935867e+01 3.637931032014610366e+01 1.824024674781954403e+01
6.162660216529030066e+00 1.263102334859655329e+01 8.685998274805637465e+00 -2.420019973858485773e+00 -1.153090237657990613e+01 -1.113536875129790715e+01 -1.559508685123720984e+00 9.302056339421950426e+00 1.249473174973593714e+01 5.386381768269561832e+00 -6.162660216523468293e+00 -1.263102334859369869e+01 -8.685998274807854358e+00 2.420019973853039019e+00 1.153090237657570860e+01 1.113536875129842052e+01 1.559508685128522032e+00 -9.302056339416813202e+00 -1.249473174973471323e+01 -5.386381768273224679e+00
-9.686965378334321031e+00 -2.649634670357285415e+01 -2.146135828564401393e+01 1.267006914638111326e+00 2.295081424359705125e+01 2.571329336634371288e+01 7.276975013618329768e+00 -1.715869617773114442e+01 -2.744823213729401701e+01 -1.510863592587415738e+01 9.686965378322280884e+00 2.649634670356525135e+01 2.146135828564714743e+01 -1.267006914626859881e+00 -2.295081424358692956e+01 -2.571329336634307339e+01 -7.276975013627694722e+00 1.715869617771947730e+01 2.744823213728969336e+01 1.510863592588067661e+01
-1.195191847571369337e+01 -2.502369209737597089e+01 -1.746519586977844440e+01 4.492122976063948059e+00 2.274600314340715101e+01 2.224740741652313858e+01 3.407392818943624668e+00 -1.824177692103753046e+01 -2.485188771853442447e+01 -1.097336926413017011e+01 1.195191847570264621e+01 2.502369209737019062e+01 1.746519586978271832e+01 -4.492122976053170902e+00 -2.274600314339873108e+01 -2.224740741652401965e+01 -3.407392818953080216e+00 1.824177692102728443e+01 2.485188771853186296e+01 1.097336926413733593e+01
-1.050530439047517994e+01 -2.461118320800237314e+01 -1.842687667179019329e+01 2.949090501019714594e+00 2.189374048014008878e+01 2.278854504247151169e+01 4.895800914196706266e+00 -1.703318589142083184e+01 -2.491951184726405799e+01 -1.226145722487964029e+01 1.050530439046417008e+01 2.461118320799605996e+01 1.842687667179380639e+01 -2.949090501009182574e+00 -2.189374048013129581e+01 -2.278854504247171420e+01 -4.895800914205733712e+00 1.703318589141041173e+01 2.491951184726086055e+01 1.226145722488623946e+01
-5.371229893502225572e+00 -1.240423732902045018e+01 -9.210825642366510024e+00 1.576262380978842081e+00 1.106383320493181976e+01 1.143005360238708867e+01 2.373000675860250652e+00 -8.640424000485129596e+00 -1.253042827793873037e+01 -6.089977892877650234e+00 5.371229893496686003e+00 1.240423732901730602e+01 9.210825642368368094e+00 -1.576262380973529442e+00 -1.106383320492741973e+01 -1.143005360238723078e+01 -2.373000675864817222e+00 8.640424000479896449e+00 1.253042827793716008e+01 6.089977892881003996e+00
-4.997495675929763514e+00 -1.124670959907648360e+01 -8.223804402377611567e+00 1.579047708164767583e+00 1.008008631342835137e+01 1.027080444557251226e+01 1.993968451147450471e+00 -7.926753947330193562e+00 -1.131242658873139995e+01 -5.371801085665726561e+00 4.997495675924755076e+00 1.124670959907369827e+01 8.223804402379357725e+00 -1.579047708159944108e+00 -1.008008631342441319e+01 -1.027080444557270944e+01 -1.993968451151618471e+00 7.926753947325485328e+00 1.131242658873004459e+01 5.371801085668812981e+00
-2.464917551324956158e+00 -2.603201171169301720e+00 -5.953289630028657520e-01 1.903350001737872166e+00 2.832851084947677123e+00 1.426866177608273833e+00 -1.155469292561360994e+00 -2.785201796897045945e+00 -2.118731789187962011e+00 2.944831984009936843e-01 2.464917551323948519e+00 2.603201171169307937e+00 5.953289630038829383e-01 -1.903350001736685115e+00 -2.832851084947296982e+00 -1.426866177609012798e+00 1.155469292560111327e+00 2.785201796896315862e+00 2.118731789188357251e+00 -2.944831983998086322e-01
