-7.599999999994214939e+00 7.599999999995600497e+00 -7.599999999996986055e+00 7.599999999998372502e+00 -7.599999999999757172e+00 7.600000000001143619e+00 -7.600000000002528289e+00 7.600000000003914735e+00 -7.600000000005299405e+00 7.600000000006685852e+00 -7.600000000008069634e+00 7.600000000009456969e+00 -7.600000000010840751e+00 7.600000000012228085e+00 -7.600000000013611867e+00 7.600000000014999202e+00 -7.600000000016382096e+00 7.600000000017769430e+00 -7.600000000019153212e+00 7.600000000020540547e+00
-9.349999999993173105e+00 9.349999999994878408e+00 -9.349999999996581934e+00 9.349999999998289013e+00 -9.349999999999990763e+00 9.350000000001697842e+00 -9.350000000003401368e+00 9.350000000005106671e+00 -9.350000000006810197e+00 9.350000000008515499e+00 -9.350000000010217249e+00 9.350000000011924328e+00 -9.350000000013626078e+00 9.350000000015334933e+00 -9.350000000017036683e+00 9.350000000018743762e+00 -9.350000000020445512e+00 9.350000000022150815e+00 -9.350000000023854341e+00 9.350000000025559643e+00
-8.099999999993357847e+00 8.099999999994835775e+00 -8.099999999996311928e+00 8.099999999997789857e+00 -8.099999999999266009e+00 8.100000000000743938e+00 -8.100000000002218314e+00 8.100000000003696243e+00 -8.100000000005172396e+00 8.100000000006650325e+00 -8.100000000008124701e+00 8.100000000009602630e+00 -8.100000000011077006e+00 8.100000000012556711e+00 -8.100000000014031087e+00 8.100000000015510793e+00 -8.100000000016985169e+00 8.100000000018463098e+00 -8.100000000019937474e+00 8.100000000021415403e+00
1.644999999998778861e+01 -1.644999999999079066e+01 1.644999999999378915e+01 -1.644999999999679119e+01 1.644999999999978613e+01 -1.645000000000278817e+01 1.645000000000578311e+01 -1.645000000000878515e+01 1.645000000001178364e+01 -1.645000000001478213e+01 1.645000000001777707e+01 -1.645000000002078266e+01 1.645000000002377405e+01 -1.645000000002677965e+01 1.645000000002977458e+01 -1.645000000003277663e+01 1.645000000003577156e+01 -1.645000000003877361e+01 1.645000000004176854e+01 -1.645000000004477059e+01
-4.099999999996803091e+00 4.099999999997550049e+00 -4.099999999998297895e+00 4.099999999999045741e+00 -4.099999999999792699e+00 4.100000000000540545e+00 -4.100000000001287503e+00 4.100000000002035350e+00 -4.100000000002782308e+00 4.100000000003530154e+00 -4.100000000004277112e+00 4.100000000005024958e+00 -4.100000000005771916e+00 4.100000000006520651e+00 -4.100000000007266721e+00 4.100000000008015455e+00 -4.100000000008761525e+00 4.100000000009509371e+00 -4.100000000010256329e+00 4.100000000011004175e+00
1.904999999998443272e+01 -1.904999999998790727e+01 1.904999999999137827e+01 -1.904999999999485283e+01 1.904999999999832383e+01 -1.905000000000180194e+01 1.905000000000526938e+01 -1.905000000000874749e+01 1.905000000001221494e+01 -1.905000000001569305e+01 1.905000000001916050e+01 -1.905000000002263860e+01 1.905000000002610605e+01 -1.905000000002958416e+01 1.905000000003305161e+01 -1.905000000003652971e+01 1.905000000003999716e+01 -1.905000000004347172e+01 1.905000000004694272e+01 -1.905000000005041727e+01
-5.899999999995911182e+00 5.899999999996986766e+00 -5.899999999998062350e+00 5.899999999999138822e+00 -5.900000000000213518e+00 5.900000000001289990e+00 -5.900000000002364686e+00 5.900000000003441158e+00 -5.900000000004515854e+00 5.900000000005592327e+00 -5.900000000006666134e+00 5.900000000007743495e+00 -5.900000000008817302e+00 5.900000000009894663e+00 -5.900000000010968471e+00 5.900000000012045831e+00 -5.900000000013119639e+00 5.900000000014196111e+00 -5.900000000015270807e+00 5.900000000016347279e+00
5.999999999999462430e-01 -6.000000000000556000e-01 6.000000000001649569e-01 -6.000000000002745359e-01 6.000000000003837819e-01 -6.000000000004932499e-01 6.000000000006024958e-01 -6.000000000007120748e-01 6.000000000008213208e-01 -6.000000000009307888e-01 6.000000000010400347e-01 -6.000000000011496137e-01 6.000000000012587487e-01 -6.000000000013683277e-01 6.000000000014775736e-01 -6.000000000015871526e-01 6.000000000016962876e-01 -6.000000000018057555e-01 6.000000000019151125e-01 -6.000000000020245805e-01
-5.749999999995714539e+00 5.749999999996763478e+00 -5.749999999997811528e+00 5.749999999998860467e+00 -5.749999999999907629e+00 5.750000000000956568e+00 -5.750000000002004619e+00 5.750000000003053557e+00 -5.750000000004100720e+00 5.750000000005149658e+00 -5.750000000006196821e+00 5.750000000007246648e+00 -5.750000000008292922e+00 5.750000000009342749e+00 -5.750000000010389911e+00 5.750000000011439738e+00 -5.750000000012486012e+00 5.750000000013534951e+00 -5.750000000014583001e+00 5.750000000015631940e+00
-1.189999999999139035e+01 1.189999999999355929e+01 -1.189999999999572822e+01 1.189999999999790070e+01 -1.190000000000006786e+01 1.190000000000223856e+01 -1.190000000000440750e+01 1.190000000000657820e+01 -1.190000000000874536e+01 1.190000000001091607e+01 -1.190000000001308322e+01 1.190000000001525571e+01 -1.190000000001742109e+01 1.190000000001959535e+01 -1.190000000002176073e+01 1.190000000002393321e+01 -1.190000000002610037e+01 1.190000000002827107e+01 -1.190000000003043823e+01 1.190000000003260894e+01
-2.049999999998554756e+00 2.049999999998928235e+00 -2.049999999999302158e+00 2.049999999999676081e+00 -2.050000000000049560e+00 2.050000000000423483e+00 -2.050000000000796962e+00 2.050000000001170886e+00 -2.050000000001544365e+00 2.050000000001918288e+00 -2.050000000002291767e+00 2.050000000002666134e+00 -2.050000000003039169e+00 2.050000000003413536e+00 -2.050000000003786571e+00 2.050000000004160938e+00 -2.050000000004533973e+00 2.050000000004907896e+00 -2.050000000005281375e+00 2.050000000005655298e+00
-1.419999999998917062e+01 1.419999999999176055e+01 -1.419999999999434870e+01 1.419999999999693863e+01 -1.419999999999952678e+01 1.420000000000211671e+01 -1.420000000000470308e+01 1.420000000000729479e+01 -1.420000000000988116e+01 1.420000000001247287e+01 -1.420000000001505747e+01 1.420000000001764917e+01 -1.420000000002023377e+01 1.420000000002282725e+01 -1.420000000002541185e+01 1.420000000002800533e+01 -1.420000000003058993e+01 1.420000000003317986e+01 -1.420000000003576623e+01 1.420000000003835794e+01
-8.500000000000978995e-01 8.500000000002528866e-01 -8.500000000004078737e-01 8.500000000005629719e-01 -8.500000000007178480e-01 8.500000000008728351e-01 -8.500000000010277112e-01 8.500000000011828094e-01 -8.500000000013376855e-01 8.500000000014926727e-01 -8.500000000016474377e-01 8.500000000018026469e-01 -8.500000000019574120e-01 8.500000000021126212e-01 -8.500000000022672753e-01 8.500000000024224844e-01 -8.500000000025772495e-01 8.500000000027323477e-01 -8.500000000028871128e-01 8.500000000030422109e-01
-1.249999999999164224e+00 1.249999999999392264e+00 -1.249999999999620082e+00 1.249999999999848121e+00 -1.250000000000075939e+00 1.250000000000303979e+00 -1.250000000000531575e+00 1.250000000000759615e+00 -1.250000000000987432e+00 1.250000000001215472e+00 -1.250000000001443068e+00 1.250000000001671108e+00 -1.250000000001898703e+00 1.250000000002126965e+00 -1.250000000002354561e+00 1.250000000002582823e+00 -1.250000000002810197e+00 1.250000000003038236e+00 -1.250000000003266054e+00 1.250000000003494094e+00
-1.849999999998573941e+01 1.849999999998911449e+01 -1.849999999999248601e+01 1.849999999999586109e+01 -1.849999999999923261e+01 1.850000000000260769e+01 -1.850000000000597566e+01 1.850000000000935430e+01 -1.850000000001272227e+01 1.850000000001609735e+01 -1.850000000001946532e+01 1.850000000002284395e+01 -1.850000000002621192e+01 1.850000000002958700e+01 -1.850000000003295497e+01 1.850000000003633360e+01 -1.850000000003970158e+01 1.850000000004307665e+01 -1.850000000004644818e+01 1.850000000004982326e+01
-6.549999999994774669e+00 6.549999999995968381e+00 -6.549999999997162980e+00 6.549999999998357580e+00 -6.549999999999551292e+00 6.550000000000745892e+00 -6.550000000001939604e+00 6.550000000003134204e+00 -6.550000000004327916e+00 6.550000000005522516e+00 -6.550000000006714451e+00 6.550000000007910828e+00 -6.550000000009102763e+00 6.550000000010299139e+00 -6.550000000011491075e+00 6.550000000012687451e+00 -6.550000000013879387e+00 6.550000000015074875e+00 -6.550000000016267698e+00 6.550000000017463186e+00
1.799999999997564659e+00 -1.799999999997892841e+00 1.799999999998221023e+00 -1.799999999998549427e+00 1.799999999998877387e+00 -1.799999999999205791e+00 1.799999999999533751e+00 -1.799999999999862155e+00 1.800000000000189893e+00 -1.800000000000518297e+00 1.800000000000846034e+00 -1.800000000001174660e+00 1.800000000001502398e+00 -1.800000000001831024e+00 1.800000000002158540e+00 -1.800000000002487388e+00 1.800000000002814904e+00 -1.800000000003143308e+00 1.800000000003471268e+00 -1.800000000003799672e+00
-1.604999999998821991e+01 1.604999999999114735e+01 -1.604999999999407478e+01 1.604999999999700222e+01 -1.604999999999992610e+01 1.605000000000285354e+01 -1.605000000000577742e+01 1.605000000000870486e+01 -1.605000000001162874e+01 1.605000000001455973e+01 -1.605000000001748006e+01 1.605000000002041105e+01 -1.605000000002333138e+01 1.605000000002626237e+01 -1.605000000002918270e+01 1.605000000003211369e+01 -1.605000000003503402e+01 1.605000000003796501e+01 -1.605000000004088889e+01 1.605000000004381633e+01
-1.564999999998770797e+01 1.564999999999056080e+01 -1.564999999999341540e+01 1.564999999999627001e+01 -1.564999999999912106e+01 1.565000000000197566e+01 -1.565000000000482672e+01 1.565000000000768310e+01 -1.565000000001053237e+01 1.565000000001338876e+01 -1.565000000001623803e+01 1.565000000001909441e+01 -1.565000000002194369e+01 1.565000000002480185e+01 -1.565000000002764935e+01 1.565000000003050751e+01 -1.565000000003335501e+01 1.565000000003621139e+01 -1.565000000003906244e+01 1.565000000004191705e+01
-1.614999999998831726e+01 1.614999999999126246e+01 -1.614999999999420766e+01 1.614999999999715286e+01 -1.615000000000009450e+01 1.615000000000304325e+01 -1.615000000000598490e+01 1.615000000000893010e+01 -1.615000000001187175e+01 1.615000000001482050e+01 -1.615000000001775859e+01 1.615000000002070735e+01 -1.615000000002364899e+01 1.615000000002659775e+01 -1.615000000002953584e+01 1.615000000003248459e+01 -1.615000000003542624e+01 1.615000000003837144e+01 -1.615000000004131309e+01 1.615000000004425829e+01
