-5.519959346907231001e+00 -1.170025124993829557e+01 -1.341144485240644890e+01 -9.999922359500233782e+00 -2.768769410125021757e+00 5.519959346906949449e+00 1.170025124993817833e+01 1.341144485240654838e+01 9.999922359500509117e+00 2.768769410125371699e+00 -5.519959346906667896e+00 -1.170025124993806642e+01 -1.341144485240664608e+01 -9.999922359500788005e+00 -2.768769410125702102e+00 5.519959346906384567e+00 1.170025124993795274e+01 1.341144485240674378e+01 9.999922359501058011e+00 2.768769410126043162e+00
1.703771242968831956e+01 1.685156681168754744e+01 1.022869543531192704e+01 -3.011899367819044215e-01 -1.071603099009450233e+01 -1.703771242968826982e+01 -1.685156681168777126e+01 -1.022869543531233560e+01 3.011899367814603323e-01 1.071603099009419324e+01 1.703771242968821653e+01 1.685156681168799508e+01 1.022869543531275838e+01 -3.011899367810002559e-01 -1.071603099009389659e+01 -1.703771242968816324e+01 -1.685156681168821535e+01 -1.022869543531316872e+01 3.011899367805579431e-01 1.071603099009358928e+01
1.833426824431521496e+01 3.227522159390748868e+01 3.388813728906186640e+01 2.255693635521753038e+01 2.609752415748359589e+00 -1.833426824431455771e+01 -3.227522159390730394e+01 -3.388813728906223588e+01 -2.255693635521830487e+01 -2.609752415749260201e+00 1.833426824431390401e+01 3.227522159390712631e+01 3.388813728906259826e+01 2.255693635521909357e+01 2.609752415750108412e+00 -1.833426824431323965e+01 -3.227522159390694156e+01 -3.388813728906296063e+01 -2.255693635521985740e+01 -2.609752415750985932e+00
2.011131922743943790e+01 2.993722825825062728e+01 2.832813362337408591e+01 1.589865478221750550e+01 -2.603569810345041979e+00 -2.011131922743895117e+01 -2.993722825825059175e+01 -2.832813362337451224e+01 -1.589865478221824091e+01 2.603569810344275481e+00 2.011131922743846445e+01 2.993722825825055978e+01 2.832813362337495278e+01 1.589865478221899409e+01 -2.603569810343548063e+00 -2.011131922743797418e+01 -2.993722825825052425e+01 -2.832813362337537555e+01 -1.589865478221972239e+01 2.603569810342797552e+00
1.921172575837729468e+01 3.378981139728237792e+01 3.546133755587438685e+01 2.358783805465570538e+01 2.704586137686847636e+00 -1.921172575837660901e+01 -3.378981139728217897e+01 -3.546133755587476344e+01 -2.358783805465651540e+01 -2.704586137687788217e+00 1.921172575837591978e+01 3.378981139728199423e+01 3.546133755587515424e+01 2.358783805465734318e+01 2.704586137688676395e+00 -1.921172575837522700e+01 -3.378981139728180239e+01 -3.546133755587553082e+01 -2.358783805465814609e+01 -2.704586137689596548e+00
4.490576474687918207e+00 1.185661446563961441e-01 -4.298732422718838819e+00 -7.074061313156690289e+00 -7.147339220469444143e+00 -4.490576474688088737e+00 -1.185661446565862143e-01 4.298732422718707369e+00 7.074061313156665420e+00 7.147339220469534737e+00 4.490576474688259268e+00 1.185661446567736199e-01 -4.298732422718568813e+00 -7.074061313156633446e+00 -7.147339220469620003e+00 -4.490576474688428021e+00 -1.185661446569596933e-01 4.298732422718435586e+00 7.074061313156605024e+00 7.147339220469706156e+00
-3.224342219126476117e+00 -1.319885804768876092e+01 -1.813185871471911526e+01 -1.613910563193785919e+01 -7.981762745781274759e+00 3.224342219126040909e+00 1.319885804768850335e+01 1.813185871471914012e+01 1.613910563193815406e+01 7.981762745781733059e+00 -3.224342219125605258e+00 -1.319885804768824578e+01 -1.813185871471915789e+01 -1.613910563193844894e+01 -7.981762745782165602e+00 3.224342219125168718e+00 1.319885804768799176e+01 1.813185871471917565e+01 1.613910563193873671e+01 7.981762745782611468e+00
-4.167908363782730774e+00 -1.612644118671997617e+01 -2.192522159390649250e+01 -1.934931256309400283e+01 -9.382623792125052375e+00 4.167908363782207637e+00 1.612644118671966709e+01 2.192522159390652448e+01 1.934931256309436520e+01 9.382623792125608375e+00 -4.167908363781684500e+00 -1.612644118671936511e+01 -2.192522159390655645e+01 -1.934931256309472758e+01 -9.382623792126130624e+00 4.167908363781160475e+00 1.612644118671906313e+01 2.192522159390658132e+01 1.934931256309507930e+01 9.382623792126670637e+00
-9.670288237345669557e+00 -2.247238720493903230e+01 -2.669079806859408777e+01 -2.071423125690640177e+01 -6.825532155906027576e+00 9.670288237345090465e+00 2.247238720493876940e+01 2.669079806859424764e+01 2.071423125690692757e+01 6.825532155906719467e+00 -9.670288237344513149e+00 -2.247238720493851361e+01 -2.669079806859441106e+01 -2.071423125690745692e+01 -6.825532155907371390e+00 9.670288237343934057e+00 2.247238720493825781e+01 2.669079806859456383e+01 2.071423125690796851e+01 6.825532155908046406e+00
-8.030901699439395358e+00 -1.944984471900152201e+01 -2.343960813181284664e+01 -1.847623792125023101e+01 -6.455572808999813894e+00 8.030901699438881991e+00 1.944984471900128398e+01 2.343960813181297809e+01 1.847623792125067865e+01 6.455572809000419632e+00 -8.030901699438370400e+00 -1.944984471900104595e+01 -2.343960813181310598e+01 -1.847623792125113695e+01 -6.455572809000991619e+00 8.030901699437851704e+00 1.944984471900080791e+01 2.343960813181323033e+01 1.847623792125157749e+01 6.455572809001582257e+00
2.270742052666061639e+01 5.157334422022187681e+01 6.074000333515666483e+01 4.670604565284393317e+01 1.483196601124931391e+01 -2.270742052665931254e+01 -5.157334422022129417e+01 -6.074000333515704853e+01 -4.670604565284514109e+01 -1.483196601125089131e+01 2.270742052665800514e+01 5.157334422022072573e+01 6.074000333515743932e+01 4.670604565284635612e+01 1.483196601125237990e+01 -2.270742052665669419e+01 -5.157334422022015730e+01 -6.074000333515780881e+01 -4.670604565284753562e+01 -1.483196601125391467e+01
-2.748277907313499746e+00 -8.749061313156980546e+00 -1.140800066703134164e+01 -9.709471509781272047e+00 -4.302254248593561314e+00 2.748277907313235069e+00 8.749061313156833108e+00 1.140800066703137539e+01 9.709471509781469223e+00 4.302254248593852637e+00 -2.748277907312970392e+00 -8.749061313156689224e+00 -1.140800066703140558e+01 -9.709471509781669951e+00 -4.302254248594127084e+00 2.748277907312704826e+00 8.749061313156547115e+00 1.140800066703143578e+01 9.709471509781863574e+00 4.302254248594409525e+00
1.549290836378561309e+01 4.410797101100347106e+01 5.587528790681336943e+01 4.630014395340685951e+01 1.903991869381208701e+01 -1.549290836378434300e+01 -4.410797101100280315e+01 -5.587528790681358259e+01 -4.630014395340786848e+01 -1.903991869381351876e+01 1.549290836378307112e+01 4.410797101100214945e+01 5.587528790681379576e+01 4.630014395340888456e+01 1.903991869381486879e+01 -1.549290836378179392e+01 -4.410797101100150286e+01 -5.587528790681399471e+01 -4.630014395340987221e+01 -1.903991869381626501e+01
-6.381762745782411983e+00 -1.286291569515715061e+01 -1.443087204340642238e+01 -1.048672575837517407e+01 -2.537006664343674167e+00 6.381762745782114443e+00 1.286291569515703692e+01 1.443087204340654139e+01 1.048672575837547782e+01 2.537006664344051643e+00 -6.381762745781816903e+00 -1.286291569515692501e+01 -1.443087204340666041e+01 -1.048672575837578691e+01 -2.537006664344408691e+00 6.381762745781516699e+00 1.286291569515681488e+01 1.443087204340677410e+01 1.048672575837608534e+01 2.537006664344777285e+00
1.310787504206303034e+01 1.252279373587486333e+01 7.154430856686845530e+00 -9.466814395944904703e-01 -8.686193602469431951e+00 -1.310787504206300902e+01 -1.252279373587505162e+01 -7.154430856687162610e+00 9.466814395941591798e-01 8.686193602469211683e+00 1.310787504206298770e+01 1.252279373587523637e+01 7.154430856687491236e+00 -9.466814395938127902e-01 -8.686193602469000297e+00 -1.310787504206296461e+01 -1.252279373587541933e+01 -7.154430856687810092e+00 9.466814395934814996e-01 8.686193602468781805e+00
-7.080369543532500920e+00 -1.540230223306333457e+01 -1.784107897456248182e+01 -1.346516994374998788e+01 -3.946023658718568861e+00 7.080369543532122556e+00 1.540230223306317470e+01 1.784107897456260616e+01 1.346516994375034848e+01 3.946023658719033822e+00 -7.080369543531744192e+00 -1.540230223306301838e+01 -1.784107897456273051e+01 -1.346516994375071263e+01 -3.946023658719471694e+00 7.080369543531364052e+00 1.540230223306286028e+01 1.784107897456285130e+01 1.346516994375106968e+01 3.946023658719925109e+00
-1.018647450844029834e+01 -2.809751282990845311e+01 -3.527625624968801787e+01 -2.898066877793786134e+01 -1.161545084971846720e+01 1.018647450843950075e+01 2.809751282990804100e+01 3.527625624968815998e+01 2.898066877793850793e+01 1.161545084971937314e+01 -1.018647450843870317e+01 -2.809751282990763954e+01 -3.527625624968830209e+01 -2.898066877793915452e+01 -1.161545084972022757e+01 1.018647450843790381e+01 2.809751282990723809e+01 3.527625624968844420e+01 2.898066877793978691e+01 1.161545084972110864e+01
-1.342202598441455397e-01 -2.309878040719083092e+00 -3.603240919906361750e+00 -3.520288237343870641e+00 -2.092705098312495959e+00 1.342202598440525030e-01 2.309878040719019143e+00 3.603240919906353312e+00 3.520288237343919491e+00 2.092705098312585221e+00 -1.342202598439594663e-01 -2.309878040718956527e+00 -3.603240919906343098e+00 -3.520288237343968785e+00 -2.092705098312669598e+00 1.342202598438662076e-01 2.309878040718893466e+00 3.603240919906333328e+00 3.520288237344016302e+00 2.092705098312756640e+00
-9.256637120815177866e+00 -3.017251282990863359e+01 -3.956351416396947940e+01 -3.384259780178209809e+01 -1.519495934690660555e+01 9.256637120814257713e+00 3.017251282990812200e+01 3.956351416396959308e+01 3.384259780178278731e+01 1.519495934690761629e+01 -9.256637120813335784e+00 -3.017251282990761752e+01 -3.956351416396968546e+01 -3.384259780178346944e+01 -1.519495934690856487e+01 9.256637120812410302e+00 3.017251282990711658e+01 3.956351416396978493e+01 3.384259780178413735e+01 1.519495934690954542e+01
-4.087993335656561200e+00 -4.902379873562724200e+00 -3.844223925531367936e+00 -1.317705098312593304e+00 1.712132289312568112e+00 4.087993335656513239e+00 4.902379873562752621e+00 3.844223925531461639e+00 1.317705098312718093e+00 -1.712132289312459532e+00 -4.087993335656463501e+00 -4.902379873562781043e+00 -3.844223925531558006e+00 -1.317705098312846435e+00 1.712132289312356059e+00 4.087993335656413763e+00 4.902379873562807688e+00 3.844223925531651265e+00 1.317705098312970113e+00 -1.712132289312249478e+00
