2.362125548003938036e+00 -1.035701191497031104e+00 -1.144585775716454590e+00 2.381242469396804839e+00 -1.654732635571571908e+00 -4.359875900446377184e-01 2.167266786793110800e+00 -2.111787320076030650e+00 3.152880986448905465e-01 1.741143930862374845e+00 -2.362125548003858544e+00 1.035701191497641727e+00 1.144585775715654563e+00 -2.381242469396477102e+00 1.654732635571982913e+00 4.359875900438264784e-01 -2.167266786792566791e+00 2.111787320076208729e+00 -3.152880986456455537e-01 -1.741143930861665190e+00
7.191237167785646811e+00 -1.932818365607732458e+00 -4.919072906456896099e+00 7.715535384341575487e+00 -4.151082918456951987e+00 -2.835644743316858118e+00 7.484583240181649444e+00 -5.963010552951872434e+00 -4.746439156022618233e-01 6.520987940314506126e+00 -7.191237167785901718e+00 1.932818365609996203e+00 4.919072906454477589e+00 -7.715535384341004388e+00 4.151082918458685711e+00 2.835644743314246430e+00 -7.484583240180310959e+00 5.963010552952931143e+00 4.746439155996741155e-01 -6.520987940312521935e+00
7.089926357515458299e+00 -1.673375938121443696e+00 -5.122754961577520305e+00 7.695535573168351462e+00 -3.923889675223819484e+00 -3.082726607729508128e+00 7.547852148969900199e+00 -5.790305751567972337e+00 -7.409394948976324446e-01 6.661332367451620051e+00 -7.089926357515803801e+00 1.673375938123752293e+00 5.122754961575140875e+00 -7.695535573167870069e+00 3.923889675225620266e+00 3.082726607726905765e+00 -7.547852148968639874e+00 5.790305751569114534e+00 7.409394948950259741e-01 -6.661332367449698033e+00
1.163476821880564493e+01 -2.456764824033577543e+00 -8.746667954969622016e+00 1.273908968529451968e+01 -6.229030134325636681e+00 -5.416425587209981352e+00 1.259642029492900939e+01 -9.391554574864384719e+00 -1.555985744517984548e+00 1.122072552167426629e+01 -1.163476821880633061e+01 2.456764824037461992e+00 8.746667954965717584e+00 -1.273908968529382868e+01 6.229030134328707113e+00 5.416425587205677239e+00 -1.259642029492701631e+01 9.391554574866381344e+00 1.555985744513638691e+00 -1.122072552167115234e+01
-4.231114960979719397e-01 4.235293085969589755e-01 -7.477706691589439125e-02 -3.356235943112476638e-01 4.693262650309937278e-01 -2.161025198862323582e-01 -2.152825166862398221e-01 4.691822966553969576e-01 -3.362743525352928087e-01 -7.386808636648325987e-02 4.231114960978606954e-01 -4.235293085969894511e-01 7.477706691604107947e-02 3.356235943111054998e-01 -4.693262650309734663e-01 2.161025198863497920e-01 2.152825166860806994e-01 -4.691822966553280683e-01 3.362743525353716345e-01 7.386808636632163916e-02
-6.898532407699977220e+00 1.065965946099209249e+00 5.645414282573584686e+00 -7.702548462855518530e+00 3.409474500495907723e+00 3.694470803937741632e+00 -7.752585407655448790e+00 5.419239935578048950e+00 1.381886782120690826e+00 -7.043745277314895858e+00 6.898532407700542990e+00 -1.065965946101642414e+00 -5.645414282571276310e+00 7.702548462855246747e+00 -3.409474500497882143e+00 -3.694470803935144154e+00 7.752585407654368765e+00 -5.419239935579398981e+00 -1.381886782118021628e+00 7.043745277313107067e+00
-7.094739729445887377e+00 1.503023140280030923e-01 6.918048762303561361e+00 -8.282956388272753045e+00 2.819150458513818513e+00 4.968846261256499197e+00 -8.660379565064307172e+00 5.212040513943751563e+00 2.533258468169880651e+00 -8.190064449614318676e+00 7.094739729446853715e+00 -1.503023140308190619e-01 -6.918048762301201471e+00 8.282956388272804560e+00 -2.819150458516222812e+00 -4.968846261253716534e+00 8.660379565063440310e+00 -5.212040513945539466e+00 -2.533258468166911470e+00 8.190064449612615149e+00
-1.009556442255099284e+01 2.089413642397317528e+00 7.639311372671028444e+00 -1.106996276745000074e+01 5.374210343597342288e+00 4.752199602081191188e+00 -1.096075602770441826e+01 8.132941892040316034e+00 1.399909423917980122e+00 -9.778634119888705456e+00 1.009556442255160391e+01 -2.089413642400702376e+00 -7.639311372667643596e+00 1.106996276744941632e+01 -5.374210343600022810e+00 -4.752199602077451068e+00 1.096075602770269874e+01 -8.132941892042067522e+00 -1.399909423914199369e+00 9.778634119886010723e+00
-7.942469260459907865e+00 2.937010079492400116e+00 4.489806839339680167e+00 -8.215094571104025079e+00 5.167616030826558848e+00 2.140197586243609784e+00 -7.683569187198443728e+00 6.892379720164962364e+00 -4.189091182273694258e-01 -6.399922516675030870e+00 7.942469260459861680e+00 -2.937010079494634329e+00 -4.489806839336997868e+00 8.215094571103112031e+00 -5.167616030828157569e+00 -2.140197586240818683e+00 7.683569187196756189e+00 -6.892379720165791923e+00 4.189091182300372918e-01 6.399922516672723383e+00
1.730429451477773384e+01 -3.835561319499765531e+00 -1.279532175904640212e+01 1.887736417610915751e+01 -9.396350770697054600e+00 -7.831291359342903213e+00 1.860258590555168823e+01 -1.403735994023220890e+01 -2.100679597571449619e+00 1.650685691472040517e+01 -1.730429451477867886e+01 3.835561319505483180e+00 1.279532175904059521e+01 -1.887736417610806683e+01 9.396350770701548782e+00 7.831291359336523428e+00 -1.860258590554867553e+01 1.403735994023510081e+01 2.100679597565029422e+00 -1.650685691471575112e+01
-3.682936174638320903e+00 6.764402166673599837e-01 2.887733007809023977e+00 -4.071173965764128155e+00 1.898219025377633207e+00 1.839683668288038865e+00 -4.060896883583732908e+00 2.934186930214125688e+00 6.115532734851569785e-01 -3.653110920505618253e+00 3.682936174638579363e+00 -6.764402166686233064e-01 -2.887733007807790298e+00 4.071173965763945191e+00 -1.898219025378645064e+00 -1.839683668286664631e+00 4.060896883583128947e+00 -2.934186930214800260e+00 -6.115532734837572093e-01 3.653110920504647918e+00
1.867475171935521416e+01 -3.226477415474927835e+00 -1.488180003601292967e+01 2.072108259294348542e+01 -9.477293483321135525e+00 -9.579855910655229678e+00 2.073908953006142752e+01 -1.480040603283248046e+01 -3.340168741981439204e+00 1.872700988624233176e+01 -1.867475171935660327e+01 3.226477415481401323e+00 1.488180003600667511e+01 -2.072108259294263277e+01 9.477293483326345580e+00 9.579855910648236161e+00 -2.073908953005841482e+01 1.480040603283598877e+01 3.340168741974293365e+00 -1.872700988623743967e+01
-5.113789014888200590e+00 8.182982461649446204e-02 5.017592286673591140e+00 -5.980363320863111731e+00 2.012746440035106943e+00 3.614237972749284822e+00 -6.261537997350174578e+00 3.746641410273797490e+00 1.857096864175473261e+00 -5.929789707955689160e+00 5.113789014888908468e+00 -8.182982461853294254e-02 -5.017592286671889390e+00 5.980363320863157917e+00 -2.012746440036849993e+00 -3.614237972747276206e+00 6.261537997349558182e+00 -3.746641410275096895e+00 -1.857096864173326534e+00 5.929789707954466138e+00
2.160845240413337809e+00 -1.257513297549164966e+00 -6.825496986910926100e-01 2.059898591243761068e+00 -1.739006327611254399e+00 -1.557404521727023816e-02 1.757314715805720073e+00 -2.050273301957082683e+00 6.529261043131314723e-01 1.282712632052944723e+00 -2.160845240413138857e+00 1.257513297549620823e+00 6.825496986903563101e-01 -2.059898591243352506e+00 1.739006327611508418e+00 1.557404521656446938e-02 -1.757314715805141869e+00 2.050273301957114658e+00 -6.529261043137486453e-01 -1.282712632052250390e+00
-5.734327105361046506e+00 9.525934257416188711e-01 4.614486371197520143e+00 -6.377247497530822429e+00 2.882417687338227452e+00 2.988762282401801862e+00 -6.395918471745845935e+00 4.530090822712955934e+00 1.070477317473226275e+00 -5.788512382961657821e+00 5.734327105361488819e+00 -9.525934257436190489e-01 -4.614486371195600789e+00 6.377247497530571962e+00 -2.882417687339842161e+00 -2.988762282399649806e+00 6.395918471744930223e+00 -4.530090822714050169e+00 -1.070477317471023149e+00 5.788512382960161240e+00
-1.215374520241232759e+01 2.098529364029764643e+00 9.686775979053212637e+00 -1.348601748952705570e+01 6.166988405952263719e+00 6.236287817371713338e+00 -1.349818442215703840e+01 9.631779654764763166e+00 2.175348353353538933e+00 -1.218905501616452902e+01 1.215374520241323175e+01 -2.098529364033977718e+00 -9.686775979049141228e+00 1.348601748952649793e+01 -6.166988405955655672e+00 -6.236287817367162312e+00 1.349818442215507908e+01 -9.631779654767049337e+00 -2.175348353348888431e+00 1.218905501616134401e+01
-2.859834735480532686e+00 1.422139646909264421e+00 1.188009313173037373e+00 -2.818728354647731305e+00 2.125604600988231230e+00 3.199302813157675063e-01 -2.501705203226588292e+00 2.621000566764205786e+00 -5.794657555619973088e-01 -1.939797716108417003e+00 2.859834735480367485e+00 -1.422139646909947874e+00 -1.188009313172066594e+00 2.818728354647275225e+00 -2.125604600988662884e+00 -3.199302813148051650e-01 2.501705203225886187e+00 -2.621000566764350115e+00 5.794657555628714984e-01 1.939797716107533265e+00
-1.379988707795019742e+01 1.998953300488914175e+00 1.144997653785235414e+01 -1.545920799657824851e+01 6.723412407169633731e+00 7.555362680548566523e+00 -1.560527392586458895e+01 1.078973706266714849e+01 2.921177282765314853e+00 -1.422378691494957437e+01 1.379988707795138225e+01 -1.998953300493825580e+00 -1.144997653784773917e+01 1.545920799657775113e+01 -6.723412407173636751e+00 -7.555362680543353804e+00 1.560527392586246087e+01 -1.078973706266990540e+01 -2.921177282759943594e+00 1.422378691494601632e+01
-1.488952049889339158e+00 8.544003373039845695e-01 4.845442142472817237e-01 -1.424016223740382614e+00 1.189487256432417928e+00 2.569008949868312186e-02 -1.219687767907197795e+00 1.408138875256117917e+00 -4.356787602033979634e-01 -8.959677752868200340e-01 1.488952049889207041e+00 -8.544003373043027594e-01 -4.845442142467746294e-01 1.424016223740105058e+00 -1.189487256432597562e+00 -2.569008949819551191e-02 1.219687767906802556e+00 -1.408138875256145006e+00 4.356787602038261209e-01 8.959677752863434153e-01
-1.655541787357713623e+00 5.488877562081518890e-01 1.010285530831543044e+00 -1.736549627462691703e+00 1.031150990961665403e+00 5.243589367145417013e-01 -1.647571890778809500e+00 1.412477982268353749e+00 -1.289556355161736168e-02 -1.397318338117044645e+00 1.655541787357729833e+00 -5.488877562086384998e-01 -1.010285530830985046e+00 1.736549627462523615e+00 -1.031150990962023561e+00 -5.243589367139526169e-01 1.647571890778473991e+00 -1.412477982268553589e+00 1.289556355218848815e-02 1.397318338116572800e+00
