2.362125548004038400e+00 -1.035701191497072182e+00 -1.144585775716507214e+00 2.381242469396906980e+00 -1.654732635571639854e+00 -4.359875900446600339e-01 2.167266786793204947e+00 -2.111787320076119023e+00 3.152880986449002054e-01 1.741143930862452116e+00 -2.362125548003958908e+00 1.035701191497682583e+00 1.144585775715706966e+00 -2.381242469396579242e+00 1.654732635572050636e+00 4.359875900438489049e-01 -2.167266786792661382e+00 2.111787320076297547e+00 -3.152880986456552126e-01 -1.741143930861742017e+00
7.191237167785949680e+00 -1.932818365607803734e+00 -4.919072906457117256e+00 7.715535384341903224e+00 -4.151082918457118964e+00 -2.835644743316991345e+00 7.484583240181972741e+00 -5.963010552952119347e+00 -4.746439156022944639e-01 6.520987940314793008e+00 -7.191237167786205475e+00 1.932818365610066813e+00 4.919072906454697858e+00 -7.715535384341333014e+00 4.151082918458851800e+00 2.835644743314379213e+00 -7.484583240180634256e+00 5.963010552953178944e+00 4.746439155997067560e-01 -6.520987940312807929e+00
7.089926357515757616e+00 -1.673375938121503648e+00 -5.122754961577749455e+00 7.695535573168678312e+00 -3.923889675223977136e+00 -3.082726607729651569e+00 7.547852148970225272e+00 -5.790305751568211257e+00 -7.409394948976764095e-01 6.661332367451912262e+00 -7.089926357516102229e+00 1.673375938123811579e+00 5.122754961575368249e+00 -7.695535573168197807e+00 3.923889675225776585e+00 3.082726607727049206e+00 -7.547852148968965835e+00 5.790305751569355230e+00 7.409394948950700499e-01 -6.661332367449988467e+00
1.163476821880613343e+01 -2.456764824033662808e+00 -8.746667954970011039e+00 1.273908968529505970e+01 -6.229030134325885371e+00 -5.416425587210231818e+00 1.259642029492955118e+01 -9.391554574864771965e+00 -1.555985744518071368e+00 1.122072552167475656e+01 -1.163476821880681733e+01 2.456764824037546813e+00 8.746667954966110159e+00 -1.273908968529437047e+01 6.229030134328953139e+00 5.416425587205926817e+00 -1.259642029492755988e+01 9.391554574866770366e+00 1.555985744513725733e+00 -1.122072552167164261e+01
-4.231114960979903694e-01 4.235293085969767946e-01 -7.477706691589677823e-02 -3.356235943112624853e-01 4.693262650310137118e-01 -2.161025198862409069e-01 -2.152825166862496753e-01 4.691822966554171082e-01 -3.362743525353066310e-01 -7.386808636648714566e-02 4.231114960978791251e-01 -4.235293085970072147e-01 7.477706691604357747e-02 3.356235943111203768e-01 -4.693262650309933948e-01 2.161025198863583685e-01 2.152825166860905803e-01 -4.691822966553483298e-01 3.362743525353854568e-01 7.386808636632549718e-02
-6.898532407700265878e+00 1.065965946099243000e+00 5.645414282573835152e+00 -7.702548462855844491e+00 3.409474500496042726e+00 3.694470803937910830e+00 -7.752585407655781857e+00 5.419239935578271883e+00 1.381886782120762103e+00 -7.043745277315202280e+00 6.898532407700831648e+00 -1.065965946101675277e+00 -5.645414282571526776e+00 7.702548462855573597e+00 -3.409474500498015370e+00 -3.694470803935312908e+00 7.752585407654701832e+00 -5.419239935579621914e+00 -1.381886782118092682e+00 7.043745277313412601e+00
-7.094739729446183141e+00 1.503023140279962089e-01 6.918048762303866006e+00 -8.282956388273101211e+00 2.819150458513925983e+00 4.968846261256723018e+00 -8.660379565064678431e+00 5.212040513943962949e+00 2.533258468170002331e+00 -8.190064449614673947e+00 7.094739729447149479e+00 -1.503023140308115124e-01 -6.918048762301506116e+00 8.282956388273154502e+00 -2.819150458516328506e+00 -4.968846261253940355e+00 8.660379565063813345e+00 -5.212040513945752629e+00 -2.533258468167032706e+00 8.190064449612968644e+00
-1.009556442255141739e+01 2.089413642397389914e+00 7.639311372671368616e+00 -1.106996276745046970e+01 5.374210343597557227e+00 4.752199602081410568e+00 -1.096075602770488899e+01 8.132941892040649989e+00 1.399909423918057616e+00 -9.778634119889133558e+00 1.009556442255202846e+01 -2.089413642400774318e+00 -7.639311372667983768e+00 1.106996276744988883e+01 -5.374210343600235085e+00 -4.752199602077670448e+00 1.096075602770317126e+01 -8.132941892042405030e+00 -1.399909423914276863e+00 9.778634119886437048e+00
-7.942469260460244485e+00 2.937010079492513803e+00 4.489806839339882671e+00 -8.215094571104375021e+00 5.167616030826770235e+00 2.140197586243714145e+00 -7.683569187198777684e+00 6.892379720165250134e+00 -4.189091182273740888e-01 -6.399922516675313311e+00 7.942469260460199187e+00 -2.937010079494747572e+00 -4.489806839337201261e+00 8.215094571103463750e+00 -5.167616030828366291e+00 -2.140197586240923044e+00 7.683569187197090145e+00 -6.892379720166081469e+00 4.189091182300421767e-01 6.399922516673004047e+00
1.730429451477846214e+01 -3.835561319499900534e+00 -1.279532175904697411e+01 1.887736417610995687e+01 -9.396350770697431187e+00 -7.831291359343264702e+00 1.860258590555249114e+01 -1.403735994023278799e+01 -2.100679597571569523e+00 1.650685691472112637e+01 -1.730429451477940717e+01 3.835561319505617295e+00 1.279532175904116720e+01 -1.887736417610886974e+01 9.396350770701920041e+00 7.831291359336884916e+00 -1.860258590554948199e+01 1.403735994023568523e+01 2.100679597565149326e+00 -1.650685691471646876e+01
-3.682936174638475890e+00 6.764402166673827432e-01 2.887733007809152319e+00 -4.071173965764300462e+00 1.898219025377708702e+00 1.839683668288123464e+00 -4.060896883583907879e+00 2.934186930214246036e+00 6.115532734851896191e-01 -3.653110920505777681e+00 3.682936174638733906e+00 -6.764402166686457329e-01 -2.887733007807918195e+00 4.071173965764118385e+00 -1.898219025378719671e+00 -1.839683668286749230e+00 4.060896883583303918e+00 -2.934186930214921496e+00 -6.115532734837899609e-01 3.653110920504806458e+00
1.867475171935599931e+01 -3.226477415475033972e+00 -1.488180003601359047e+01 2.072108259294436294e+01 -9.477293483321512113e+00 -9.579855910655668438e+00 2.073908953006231570e+01 -1.480040603283308798e+01 -3.340168741981614620e+00 1.872700988624314888e+01 -1.867475171935738842e+01 3.226477415481505240e+00 1.488180003600733770e+01 -2.072108259294351029e+01 9.477293483326718615e+00 9.579855910648674922e+00 -2.073908953005930300e+01 1.480040603283659983e+01 3.340168741974469668e+00 -1.872700988623825324e+01
-5.113789014888413753e+00 8.182982461648824479e-02 5.017592286673811408e+00 -5.980363320863363086e+00 2.012746440035183326e+00 3.614237972749447358e+00 -6.261537997350443696e+00 3.746641410273949369e+00 1.857096864175562079e+00 -5.929789707955946731e+00 5.113789014889120743e+00 -8.182982461852639222e-02 -5.017592286672110546e+00 5.980363320863411047e+00 -2.012746440036925044e+00 -3.614237972747439187e+00 6.261537997349826412e+00 -3.746641410275250550e+00 -1.857096864173415351e+00 5.929789707954721933e+00
2.160845240413430624e+00 -1.257513297549216258e+00 -6.825496986911251396e-01 2.059898591243849886e+00 -1.739006327611327007e+00 -1.557404521727434599e-02 1.757314715805797123e+00 -2.050273301957169281e+00 6.529261043131560083e-01 1.282712632053002233e+00 -2.160845240413231227e+00 1.257513297549671671e+00 6.825496986903889507e-01 -2.059898591243441324e+00 1.739006327611580360e+00 1.557404521656857721e-02 -1.757314715805219363e+00 2.050273301957201255e+00 -6.529261043137732923e-01 -1.282712632052307899e+00
-5.734327105361287202e+00 9.525934257416496242e-01 4.614486371197725312e+00 -6.377247497531092435e+00 2.882417687338341583e+00 2.988762282401938197e+00 -6.395918471746120382e+00 4.530090822713142451e+00 1.070477317473282231e+00 -5.788512382961910951e+00 5.734327105361729515e+00 -9.525934257436496910e-01 -4.614486371195805070e+00 6.377247497530843745e+00 -2.882417687339954959e+00 -2.988762282399787029e+00 6.395918471745205558e+00 -4.530090822714237575e+00 -1.070477317471079104e+00 5.788512382960412594e+00
-1.215374520241283562e+01 2.098529364029833477e+00 9.686775979053640739e+00 -1.348601748952762591e+01 6.166988405952508856e+00 6.236287817371999331e+00 -1.349818442215762104e+01 9.631779654765159293e+00 2.175348353353653508e+00 -1.218905501616506015e+01 1.215374520241374334e+01 -2.098529364034045663e+00 -9.686775979049572882e+00 1.348601748952707169e+01 -6.166988405955896368e+00 -6.236287817367448305e+00 1.349818442215566172e+01 -9.631779654767447241e+00 -2.175348353349003006e+00 1.218905501616187514e+01
-2.859834735480654366e+00 1.422139646909321486e+00 1.188009313173092885e+00 -2.818728354647852097e+00 2.125604600988319159e+00 3.199302813157857139e-01 -2.501705203226697538e+00 2.621000566764315920e+00 -5.794657555620175149e-01 -1.939797716108503156e+00 2.859834735480489609e+00 -1.422139646910004718e+00 -1.188009313172121439e+00 2.818728354647396461e+00 -2.125604600988750370e+00 -3.199302813148232616e-01 2.501705203225995433e+00 -2.621000566764460693e+00 5.794657555628918155e-01 1.939797716107618974e+00
-1.379988707795077474e+01 1.998953300488975238e+00 1.144997653785286040e+01 -1.545920799657890221e+01 6.723412407169899296e+00 7.555362680548911136e+00 -1.560527392586525863e+01 1.078973706266759081e+01 2.921177282765464511e+00 -1.422378691495019609e+01 1.379988707795195957e+01 -1.998953300493885754e+00 -1.144997653784824720e+01 1.545920799657840661e+01 -6.723412407173897876e+00 -7.555362680543699305e+00 1.560527392586313233e+01 -1.078973706267034949e+01 -2.921177282760093252e+00 1.422378691494663450e+01
-1.488952049889403106e+00 8.544003373040193194e-01 4.845442142473048164e-01 -1.424016223740443898e+00 1.189487256432467444e+00 2.569008949868656355e-02 -1.219687767907251308e+00 1.408138875256177203e+00 -4.356787602034143392e-01 -8.959677752868602241e-01 1.488952049889270768e+00 -8.544003373043371763e-01 -4.845442142467976110e-01 1.424016223740166565e+00 -1.189487256432646856e+00 -2.569008949819895360e-02 1.219687767906856291e+00 -1.408138875256204514e+00 4.356787602038424967e-01 8.959677752863836053e-01
-1.655541787357783567e+00 5.488877562081728723e-01 1.010285530831588563e+00 -1.736549627462765644e+00 1.031150990961707370e+00 5.243589367145667923e-01 -1.647571890778880777e+00 1.412477982268412591e+00 -1.289556355161514123e-02 -1.397318338117106151e+00 1.655541787357799777e+00 -5.488877562086593720e-01 -1.010285530831030343e+00 1.736549627462598000e+00 -1.031150990962065084e+00 -5.243589367139777080e-01 1.647571890778545489e+00 -1.412477982268612653e+00 1.289556355218626771e-02 1.397318338116634084e+00
