2.493557530425075797e+01 2.429017238651070798e+01 2.126707815599647233e+01 1.616221413912682081e+01 9.475279993551998459e+00 1.860839424050644286e+00 -5.935753073507416211e+00 -1.315131270340707559e+01 -1.907953021531363191e+01 -2.314011037484153022e+01 -2.493557530425063007e+01 -2.429017238651060495e+01 -2.126707815599640838e+01 -1.616221413912679949e+01 -9.475279993552010893e+00 -1.860839424050714452e+00 5.935753073507319399e+00 1.315131270340694769e+01 1.907953021531348270e+01 2.314011037484139521e+01
3.677154318282970991e+01 2.262526897026621953e+01 6.264275791374782187e+00 -1.070990834775228251e+01 -2.663573203748211782e+01 -3.995426469332561226e+01 -4.936179554325527619e+01 -5.393744992155841089e+01 -5.323333089722802214e+01 -4.731836254625129357e+01 -3.677154318282963885e+01 -2.262526897026625861e+01 -6.264275791374917191e+00 1.070990834775208356e+01 2.663573203748185847e+01 3.995426469332528541e+01 4.936179554325496355e+01 5.393744992155812668e+01 5.323333089722780187e+01 4.731836254625114435e+01
1.002716226449982706e+00 -1.106897470593387922e+01 -2.205715727201925702e+01 -3.088623160306801196e+01 -3.669194638777903350e+01 -3.890599781223133391e+01 -3.731165909679615567e+01 -3.206499522335133179e+01 -2.367958620748638765e+01 -1.297625430825422121e+01 -1.002716226450086179e+00 1.106897470593371047e+01 2.205715727201904741e+01 3.088623160306780591e+01 3.669194638777882034e+01 3.890599781223113496e+01 3.731165909679599935e+01 3.206499522335123231e+01 2.367958620748637344e+01 1.297625430825426207e+01
5.719032051736929745e-01 -1.264417523464749493e+01 -2.462255370535228138e+01 -3.419070506395782871e+01 -4.041203199025333248e+01 -4.267754765815943330e+01 -4.076548760932566751e+01 -3.486301760343761913e+01 -2.554791252959834580e+01 -1.373199977458861021e+01 -5.719032051738084377e-01 1.264417523464730841e+01 2.462255370535205401e+01 3.419070506395760134e+01 4.041203199025309800e+01 4.267754765815921303e+01 4.076548760932549698e+01 3.486301760343751255e+01 2.554791252959833514e+01 1.373199977458865817e+01
-1.221277853408860636e+01 -3.052462950653990248e+01 -4.584851706529155280e+01 -5.668443232829025646e+01 -6.197168041133269867e+01 -6.119270863362711310e+01 -5.442376818019083373e+01 -4.232745010458756241e+01 -2.608782630006117031e+01 -7.294544292710979150e+00 1.221277853408837721e+01 3.052462950653958274e+01 4.584851706529119753e+01 5.668443232828992251e+01 6.197168041133237182e+01 6.119270863362684310e+01 5.442376818019064189e+01 4.232745010458747714e+01 2.608782630006123071e+01 7.294544292711116817e+00
-1.179257068420169929e+01 -2.750409224107108486e+01 -4.052332161710553748e+01 -4.957584593067387146e+01 -5.377554102931840418e+01 -5.271131149578744157e+01 -4.648733153174615751e+01 -3.571284766109327791e+01 -2.144254143533167678e+01 -5.073289854908782814e+00 1.179257068420149324e+01 2.750409224107080775e+01 4.052332161710522485e+01 4.957584593067358014e+01 5.377554102931812707e+01 5.271131149578720709e+01 4.648733153174600119e+01 3.571284766109322106e+01 2.144254143533173362e+01 5.073289854908908936e+00
3.441847710841073393e+01 6.868775942668213474e+01 9.623340527650906040e+01 1.143590549203105411e+02 1.212904434821243882e+02 1.163490783556962924e+02 1.000186547881163932e+02 7.389770841893084707e+01 4.054313947409052332e+01 3.219925556863305616e+00 -3.441847710841024366e+01 -6.868775942668149526e+01 -9.623340527650834986e+01 -1.143590549203099158e+02 -1.212904434821237629e+02 -1.163490783556958235e+02 -1.000186547881160806e+02 -7.389770841893074760e+01 -4.054313947409070806e+01 -3.219925556863628913e+00
-7.348016739196391534e+00 -1.400851033579985128e+01 -1.929775333770452050e+01 -2.269799778756101105e+01 -2.387640406772124635e+01 -2.271762156104379571e+01 -1.933507997299471270e+01 -1.405988604176530465e+01 -7.408412503781635294e+00 -3.175193248273888713e-02 7.348016739196292946e+00 1.400851033579972338e+01 1.929775333770437840e+01 2.269799778756088315e+01 2.387640406772112911e+01 2.271762156104370334e+01 1.933507997299465586e+01 1.405988604176528867e+01 7.408412503781673486e+00 3.175193248280550051e-02
2.403606363302556659e+01 5.751642985583148260e+01 8.536668718381770304e+01 1.048606583855681009e+02 1.140901377373715064e+02 1.121516794947094411e+02 9.923503345640644113e+01 7.660457093225645053e+01 4.647551926982724524e+01 1.179711996728393686e+01 -2.403606363302513671e+01 -5.751642985583089285e+01 -8.536668718381704934e+01 -1.048606583855674899e+02 -1.140901377373709096e+02 -1.121516794947089579e+02 -9.923503345640611428e+01 -7.660457093225630842e+01 -4.647551926982735893e+01 -1.179711996728419976e+01
-1.064155943537608628e+01 -2.066468354817219222e+01 -2.866500445595674051e+01 -3.385939500676234815e+01 -3.573939206202910412e+01 -3.412096841127778646e+01 -2.916254663766455479e+01 -2.134949161174662535e+01 -1.144659959621616352e+01 -4.232346590590996271e-01 1.064155943537593885e+01 2.066468354817200037e+01 2.866500445595653090e+01 3.385939500676215630e+01 3.573939206202892649e+01 3.412096841127764435e+01 2.916254663766446953e+01 2.134949161174660048e+01 1.144659959621622036e+01 4.232346590591982149e-01
3.410723799604692630e+01 2.917930976670951537e+01 2.139510739320089883e+01 1.151660283956715070e+01 5.107729591063296937e-01 -1.054505493735627297e+01 -2.056865938483244705e+01 -2.857886014144445852e+01 -3.379156294678471539e+01 -3.569651213123048450e+01 -3.410723799604679130e+01 -2.917930976670943721e+01 -2.139510739320088106e+01 -1.151660283956719155e+01 -5.107729591064193997e-01 1.054505493735611132e+01 2.056865938483226230e+01 2.857886014144425602e+01 3.379156294678451644e+01 3.569651213123030686e+01
-3.278771165302298840e+00 -1.311099083310975111e+01 -2.165981536852779143e+01 -2.808842626286678623e+01 -3.176754629102298821e+01 -3.233703755070391139e+01 -2.974115426953306240e+01 -2.423399958965380208e+01 -1.635465218173560586e+01 -6.874397468707006631e+00 3.278771165302193147e+00 1.311099083310959301e+01 2.165981536852760669e+01 2.808842626286660860e+01 3.176754629102281058e+01 3.233703755070375507e+01 2.974115426953294872e+01 2.423399958965374168e+01 1.635465218173562008e+01 6.874397468707062586e+00
-1.663388763902619871e+01 -4.010411237359759440e+01 -5.964866716725995843e+01 -7.335439482188911597e+01 -7.987968322123030873e+01 -7.858579167239832941e+01 -6.959937529526538924e+01 -5.380008713686984834e+01 -3.273447160226895392e+01 -8.464577912763260770e+00 1.663388763902589673e+01 4.010411237359718228e+01 5.964866716725948947e+01 7.335439482188867544e+01 7.987968322122989662e+01 7.858579167239798835e+01 6.959937529526514766e+01 5.380008713686974886e+01 3.273447160226903208e+01 8.464577912763445511e+00
-5.833267785449540721e-01 -2.907822112478576138e+00 -4.947679558054820070e+00 -6.503223655978147555e+00 -7.422186911830801925e+00 -7.614614799336423268e+00 -7.061671136142035898e+00 -5.817481900586146892e+00 -4.003837003821109519e+00 -1.798268644749314138e+00 5.833267785449299803e-01 2.907822112478539722e+00 4.947679558054777438e+00 6.503223655978105811e+00 7.422186911830759293e+00 7.614614799336386852e+00 7.061671136142008365e+00 5.817481900586131793e+00 4.003837003821111296e+00 1.798268644749326128e+00
1.053142180073433209e+01 -2.254016522484241847e+01 -5.340536383164587164e+01 -7.904287332955820489e+01 -9.694311566189162477e+01 -1.053538903908353603e+02 -1.034518922846070126e+02 -9.142330216984433378e+01 -7.044556225509566616e+01 -4.257211988372498013e+01 -1.053142180073457368e+01 2.254016522484198859e+01 5.340536383164532452e+01 7.904287332955763645e+01 9.694311566189102791e+01 1.053538903908347919e+02 1.034518922846065578e+02 9.142330216984402114e+01 7.044556225509558089e+01 4.257211988372505118e+01
-5.879059102467946829e+00 -1.229645585962676080e+01 -1.751018984279955504e+01 -2.100990444349269026e+01 -2.245302321264490786e+01 -2.169828363033187557e+01 -1.881956486545027474e+01 -1.409865596791974873e+01 -7.997672393137008839e+00 -1.113820921453870127e+00 5.879059102467858011e+00 1.229645585962664356e+01 1.751018984279942359e+01 2.100990444349257302e+01 2.245302321264479772e+01 2.169828363033178675e+01 1.881956486545021434e+01 1.409865596791972919e+01 7.997672393137039037e+00 1.113820921453927859e+00
-6.133999183537220290e+00 -1.171105721761480289e+01 -1.614175537549866846e+01 -1.899238605100586597e+01 -1.998390965210595027e+01 -1.901926894037209337e+01 -1.619288966971584998e+01 -1.178143753569139029e+01 -6.216736209571386063e+00 -4.349742871041595293e-02 6.133999183537136801e+00 1.171105721761469454e+01 1.614175537549855477e+01 1.899238605100575938e+01 1.998390965210585080e+01 1.901926894037201521e+01 1.619288966971580379e+01 1.178143753569137608e+01 6.216736209571417149e+00 4.349742871047190818e-02
8.923995305381565046e+00 -3.553644845709237643e+01 -7.651833704759062016e+01 -1.100100776732674319e+02 -1.327332654110034014e+02 -1.424635963232703091e+02 -1.382485978251736469e+02 -1.205008633373285107e+02 -9.095766476714251780e+01 -5.251089623023354136e+01 -8.923995305381916765e+00 3.553644845709177957e+01 7.651833704758985277e+01 1.100100776732666645e+02 1.327332654110026056e+02 1.424635963232695701e+02 1.382485978251730501e+02 1.205008633373281270e+02 9.095766476714244675e+01 5.251089623023366215e+01
2.051017701522703618e+01 9.866560310861649086e+00 -1.742864061098796213e+00 -1.318168475551093621e+01 -2.333019030385553094e+01 -3.119497427426467340e+01 -3.600617681454265551e+01 -3.729284389842787562e+01 -3.492902758701292498e+01 -2.914611469053579995e+01 -2.051017701522702197e+01 -9.866560310861713035e+00 1.742864061098675421e+00 1.318168475551077456e+01 2.333019030385533910e+01 3.119497427426445313e+01 3.600617681454244945e+01 3.729284389842769087e+01 3.492902758701280419e+01 2.914611469053572534e+01
-6.923960324374396791e+00 -7.047786199739289437e+00 -6.481725657059820733e+00 -5.281188646229168171e+00 -3.563692094500644725e+00 -1.497356530859558443e+00 7.155507227184652042e-01 2.858414886021763746e+00 4.721477484533665780e+00 6.122368970391421250e+00 6.923960324374358599e+00 7.047786199739256574e+00 6.481725657059797641e+00 5.281188646229157513e+00 3.563692094500642504e+00 1.497356530859573098e+00 -7.155507227184421115e-01 -2.858414886021731327e+00 -4.721477484533624924e+00 -6.122368970391382170e+00
