4.510539656008125320e+01 4.280457998616122239e+01 3.631375288615024033e+01 2.626828264084898734e+01 1.365148986877435888e+01 -3.016058471787399498e-01 -1.422517828139846507e+01 -2.675629115278985992e+01 -3.666831182410384571e+01 -4.299098265092330706e+01 -4.510539656008112530e+01 -4.280457998616100923e+01 -3.631375288614992769e+01 -2.626828264084865339e+01 -1.365148986877400539e+01 3.016058471790756812e-01 1.422517828139875640e+01 2.675629115279008019e+01 3.666831182410394518e+01 4.299098265092328575e+01
2.493557530425099245e+01 2.429017238651110233e+01 2.126707815599698037e+01 1.616221413912736438e+01 9.475279993552518931e+00 1.860839424051076385e+00 -5.935753073507116895e+00 -1.315131270340693170e+01 -1.907953021531366034e+01 -2.314011037484172562e+01 -2.493557530425093915e+01 -2.429017238651099930e+01 -2.126707815599681695e+01 -1.616221413912718319e+01 -9.475279993552321756e+00 -1.860839424050884983e+00 5.935753073507287425e+00 1.315131270340706493e+01 1.907953021531373494e+01 2.314011037484173272e+01
3.677154318283010070e+01 2.262526897026673822e+01 6.264275791375361280e+00 -1.070990834775172118e+01 -2.663573203748160267e+01 -3.995426469332520014e+01 -4.936179554325500618e+01 -5.393744992155825457e+01 -5.323333089722795819e+01 -4.731836254625130778e+01 -3.677154318282968148e+01 -2.262526897026631190e+01 -6.264275791374924296e+00 1.070990834775208000e+01 2.663573203748187979e+01 3.995426469332536357e+01 4.936179554325504171e+01 5.393744992155815510e+01 5.323333089722773082e+01 4.731836254625095251e+01
1.002716226450198533e+00 -1.106897470593376198e+01 -2.205715727201926768e+01 -3.088623160306812920e+01 -3.669194638777921114e+01 -3.890599781223153997e+01 -3.731165909679636883e+01 -3.206499522335148811e+01 -2.367958620748643739e+01 -1.297625430825414838e+01 -1.002716226449889447e+00 1.106897470593401422e+01 2.205715727201944887e+01 3.088623160306821447e+01 3.669194638777921114e+01 3.890599781223144760e+01 3.731165909679617698e+01 3.206499522335122521e+01 2.367958620748613541e+01 1.297625430825382153e+01
5.719032051739132427e-01 -1.264417523464735282e+01 -2.462255370535224586e+01 -3.419070506395788556e+01 -4.041203199025343906e+01 -4.267754765815956830e+01 -4.076548760932580251e+01 -3.486301760343769729e+01 -2.554791252959832804e+01 -1.373199977458848409e+01 -5.719032051735748468e-01 1.264417523464762816e+01 2.462255370535244126e+01 3.419070506395797082e+01 4.041203199025343196e+01 4.267754765815945461e+01 4.076548760932558935e+01 3.486301760343741307e+01 2.554791252959799408e+01 1.373199977458812526e+01
-1.221277853408832570e+01 -3.052462950653976392e+01 -4.584851706529158122e+01 -5.668443232829041278e+01 -6.197168041133291183e+01 -6.119270863362734758e+01 -5.442376818019103979e+01 -4.232745010458766188e+01 -2.608782630006109571e+01 -7.294544292710728683e+00 1.221277853408877334e+01 3.052462950654009077e+01 4.584851706529178017e+01 5.668443232829044831e+01 6.197168041133280525e+01 6.119270863362708468e+01 5.442376818019064899e+01 4.232745010458718582e+01 2.608782630006058767e+01 7.294544292710222422e+00
-1.179257068420146304e+01 -2.750409224107098893e+01 -4.052332161710560143e+01 -4.957584593067406331e+01 -5.377554102931864577e+01 -5.271131149578769737e+01 -4.648733153174639199e+01 -3.571284766109340580e+01 -2.144254143533163770e+01 -5.073289854908576757e+00 1.179257068420184673e+01 2.750409224107126249e+01 4.052332161710576486e+01 4.957584593067408463e+01 5.377554102931854629e+01 5.271131149578746289e+01 4.648733153174605093e+01 3.571284766109299369e+01 2.144254143533119716e+01 5.073289854908138885e+00
3.441847710841031471e+01 6.868775942668202106e+01 9.623340527650927356e+01 1.143590549203109958e+02 1.212904434821249282e+02 1.163490783556968324e+02 1.000186547881168053e+02 7.389770841893101760e+01 4.054313947409031016e+01 3.219925556862715865e+00 -3.441847710841113184e+01 -6.868775942668258949e+01 -9.623340527650957199e+01 -1.143590549203109816e+02 -1.212904434821246156e+02 -1.163490783556962498e+02 -1.000186547881160095e+02 -7.389770841893005127e+01 -4.054313947408931540e+01 -3.219925556861753080e+00
-7.348016739196314262e+00 -1.400851033579985483e+01 -1.929775333770460577e+01 -2.269799778756115671e+01 -2.387640406772142043e+01 -2.271762156104396979e+01 -1.933507997299486192e+01 -1.405988604176538992e+01 -7.408412503781629077e+00 -3.175193248263763479e-02 7.348016739196473246e+00 1.400851033579996496e+01 1.929775333770466261e+01 2.269799778756114961e+01 2.387640406772135648e+01 2.271762156104384900e+01 1.933507997299469849e+01 1.405988604176519630e+01 7.408412503781433678e+00 3.175193248245022914e-02
2.403606363302510118e+01 5.751642985583134049e+01 8.536668718381791621e+01 1.048606583855685699e+02 1.140901377373721033e+02 1.121516794947100664e+02 9.923503345640698114e+01 7.660457093225676317e+01 4.647551926982717418e+01 1.179711996728348744e+01 -2.403606363302591831e+01 -5.751642985583193735e+01 -8.536668718381827148e+01 -1.048606583855686267e+02 -1.140901377373718901e+02 -1.121516794947095832e+02 -9.923503345640627060e+01 -7.660457093225588210e+01 -4.647551926982624337e+01 -1.179711996728255663e+01
-1.064155943537592464e+01 -2.066468354817212472e+01 -2.866500445595677959e+01 -3.385939500676246183e+01 -3.573939206202926044e+01 -3.412096841127794988e+01 -2.916254663766470046e+01 -2.134949161174670351e+01 -1.144659959621613510e+01 -4.232346590589619595e-01 1.064155943537616444e+01 2.066468354817229169e+01 2.866500445595686131e+01 3.385939500676245473e+01 3.573939206202916807e+01 3.412096841127777225e+01 2.916254663766445887e+01 2.134949161174641574e+01 1.144659959621584200e+01 4.232346590586804069e-01
3.410723799604714657e+01 2.917930976670983512e+01 2.139510739320127186e+01 1.151660283956751130e+01 5.107729591066423325e-01 -1.054505493735605270e+01 -2.056865938483233691e+01 -2.857886014144445141e+01 -3.379156294678480776e+01 -3.569651213123064792e+01 -3.410723799604696893e+01 -2.917930976670960774e+01 -2.139510739320098764e+01 -1.151660283956723596e+01 -5.107729591063758789e-01 1.054505493735627653e+01 2.056865938483250389e+01 2.857886014144454734e+01 3.379156294678480776e+01 3.569651213123054134e+01
-3.278771165302148738e+00 -1.311099083310966407e+01 -2.165981536852778433e+01 -2.808842626286684308e+01 -3.176754629102307703e+01 -3.233703755070401797e+01 -2.974115426953316188e+01 -2.423399958965384826e+01 -1.635465218173556678e+01 -6.874397468706882286e+00 3.278771165302394763e+00 1.311099083310985236e+01 2.165981536852790867e+01 2.808842626286688571e+01 3.176754629102304506e+01 3.233703755070389718e+01 2.974115426953297359e+01 2.423399958965361023e+01 1.635465218173530744e+01 6.874397468706612280e+00
-1.663388763902585410e+01 -4.010411237359747361e+01 -5.964866716726008633e+01 -7.335439482188944282e+01 -7.987968322123073506e+01 -7.858579167239876995e+01 -6.959937529526577293e+01 -5.380008713687008282e+01 -3.273447160226892549e+01 -8.464577912762967671e+00 1.663388763902642964e+01 4.010411237359789993e+01 5.964866716726032791e+01 7.335439482188947125e+01 7.987968322123056453e+01 7.858579167239842889e+01 6.959937529526527555e+01 5.380008713686945754e+01 3.273447160226827179e+01 8.464577912762315748e+00
-5.833267785449163245e-01 -2.907822112478570808e+00 -4.947679558054849380e+00 -6.503223655978205286e+00 -7.422186911830874756e+00 -7.614614799336504092e+00 -7.061671136142113170e+00 -5.817481900586205512e+00 -4.003837003821135276e+00 -1.798268644749305034e+00 5.833267785449746112e-01 2.907822112478615662e+00 4.947679558054879578e+00 6.503223655978215945e+00 7.422186911830868539e+00 7.614614799336479223e+00 7.061671136142070537e+00 5.817481900586150445e+00 4.003837003821074880e+00 1.798268644749241529e+00
1.053142180073496625e+01 -2.254016522484191398e+01 -5.340536383164558742e+01 -7.904287332955813383e+01 -9.694311566189168161e+01 -1.053538903908355167e+02 -1.034518922846072257e+02 -9.142330216984447588e+01 -7.044556225509560932e+01 -4.257211988372472433e+01 -1.053142180073410650e+01 2.254016522484263163e+01 5.340536383164613454e+01 7.904287332955841805e+01 9.694311566189172424e+01 1.053538903908352893e+02 1.034518922846067568e+02 9.142330216984379376e+01 7.044556225509481351e+01 4.257211988372384326e+01
-5.879059102467826037e+00 -1.229645585962665244e+01 -1.751018984279947688e+01 -2.100990444349263697e+01 -2.245302321264485812e+01 -2.169828363033182939e+01 -1.881956486545022855e+01 -1.409865596791968834e+01 -7.997672393136918245e+00 -1.113820921453756885e+00 5.879059102467980580e+00 1.229645585962676257e+01 1.751018984279953372e+01 2.100990444349263342e+01 2.245302321264480483e+01 2.169828363033172280e+01 1.881956486545007934e+01 1.409865596791951248e+01 7.997672393136735280e+00 1.113820921453577473e+00
-6.133999183537122590e+00 -1.171105721761473006e+01 -1.614175537549863293e+01 -1.899238605100585175e+01 -1.998390965210594672e+01 -1.901926894037209337e+01 -1.619288966971584287e+01 -1.178143753569136365e+01 -6.216736209571321226e+00 -4.349742871031869740e-02 6.133999183537255817e+00 1.171105721761482066e+01 1.614175537549867911e+01 1.899238605100584465e+01 1.998390965210589343e+01 1.901926894037199389e+01 1.619288966971571142e+01 1.178143753569120022e+01 6.216736209571158689e+00 4.349742871016104573e-02
8.923995305382302234e+00 -3.553644845709185063e+01 -7.651833704759039279e+01 -1.100100776732675030e+02 -1.327332654110036287e+02 -1.424635963232706501e+02 -1.382485978251739880e+02 -1.205008633373287097e+02 -9.095766476714240412e+01 -5.251089623023310082e+01 -8.923995305381154708e+00 3.553644845709278854e+01 7.651833704759110333e+01 1.100100776732678582e+02 1.327332654110036287e+02 1.424635963232703091e+02 1.382485978251733343e+02 1.205008633373277860e+02 9.095766476714132409e+01 5.251089623023190711e+01
2.051017701522725645e+01 9.866560310861844485e+00 -1.742864061098661210e+00 -1.318168475551087937e+01 -2.333019030385553805e+01 -3.119497427426474800e+01 -3.600617681454277630e+01 -3.729284389842799641e+01 -3.492902758701301025e+01 -2.914611469053582482e+01 -2.051017701522695447e+01 -9.866560310861551386e+00 1.742864061098941875e+00 1.318168475551109431e+01 2.333019030385569437e+01 3.119497427426481551e+01 3.600617681454275498e+01 3.729284389842788983e+01 3.492902758701281840e+01 2.914611469053555481e+01
