1.077090653557696065e+01 -9.912308341522230393e+00 8.083424343887138264e+00 -5.463278450944383913e+00 2.308348798325076334e+00 1.072538117885101894e+00 -4.348437530303456811e+00 7.198681579909449901e+00 -9.344268520310018644e+00 1.057517335259582580e+01 -1.077090653556481392e+01 9.912308341514993515e+00 -8.083424343885509344e+00 5.463278450948514831e+00 -2.308348798334628249e+00 -1.072538117871131735e+00 4.348437530286435759e+00 -7.198681579891051285e+00 9.344268520292009939e+00 -1.057517335257995406e+01
-8.173452476438741732e-01 5.325284312961715560e-01 -1.955840217495619648e-01 -1.605055145598034416e-01 5.008836527963023144e-01 -7.922318092354392327e-01 1.006030796383019066e+00 -1.121352479751938525e+00 1.126908369480668748e+00 -1.022154616372427105e+00 8.173452476437849112e-01 -5.325284312966889200e-01 1.955840217506319423e-01 1.605055145582856557e-01 -5.008836527944781070e-01 7.922318092334943440e-01 -1.006030796381143455e+00 1.121352479750314490e+00 -1.126908369479453720e+00 1.022154616371743652e+00
-6.648614260210213622e+00 6.143897065441922933e+00 -5.037772418860857471e+00 3.438515507698009177e+00 -1.502672741096092279e+00 -5.802621031403226715e-01 2.606396849797091964e+00 -4.377399312960753797e+00 5.719911432237361204e+00 -6.502518767560363955e+00 6.648614260202619697e+00 -6.143897065437333715e+00 5.037772418859714385e+00 -3.438515507700421026e+00 1.502672741101862108e+00 5.802621031318011546e-01 -2.606396849786651870e+00 4.377399312949423305e+00 -5.719911432226228776e+00 6.502518767550507839e+00
-7.622309736121948731e+00 6.854507790780958842e+00 -5.415738864715079259e+00 3.446839684900241618e+00 -1.140539821183921054e+00 -1.277404026837416495e+00 3.570306668514215520e+00 -5.513722817687276567e+00 6.917417361099303719e+00 -7.643986896726389091e+00 7.622309736113959566e+00 -6.854507790776614762e+00 5.415738864714795930e+00 -3.446839684904043466e+00 1.140539821191482561e+00 1.277404026826884920e+00 -3.570306668501743719e+00 5.513722817674089782e+00 -6.917417361086671157e+00 7.643986896715535551e+00
-9.397960552987090210e+00 8.425036037488625951e+00 -6.627410293963980514e+00 4.181047454984425649e+00 -1.325414560041395351e+00 -1.659959146743916980e+00 4.482844486629883995e+00 -6.866917774350054238e+00 8.578809305687389752e+00 -9.450947210105224983e+00 9.397960552977339788e+00 -8.425036037483398133e+00 6.627410293963775345e+00 -4.181047454989257339e+00 1.325414560050849566e+00 1.659959146730826562e+00 -4.482844486614435908e+00 6.866917774333767710e+00 -8.578809305671832419e+00 9.450947210091907635e+00
-8.029971801747153748e+00 7.285400471455878879e+00 -5.827683382649444077e+00 3.799512040492448506e+00 -1.399417987055860957e+00 -1.137660849271486585e+00 3.563377515122377215e+00 -5.640285962281738286e+00 7.165083921269859601e+00 -7.988513543969142816e+00 8.029971801738492232e+00 -7.285400471450990345e+00 5.827683382648797483e+00 -3.799512040496101140e+00 1.399417987063504842e+00 1.137660849260650808e+00 -3.563377515109409366e+00 5.640285962267913789e+00 -7.165083921256506727e+00 7.988513543957556529e+00
1.792964551792623240e+01 -1.633061980601597085e+01 1.313303924537591705e+01 -8.649905300135436903e+00 3.320058356685520629e+00 2.334779030921943388e+00 -7.761071979619505790e+00 1.242765712838305703e+01 -1.587773660884167093e+01 1.777359260333138380e+01 -1.792964551790665340e+01 1.633061980600474783e+01 -1.313303924537412648e+01 8.649905300143245768e+00 -3.320058356702270341e+00 -2.334779030898004315e+00 7.761071979590719927e+00 -1.242765712835225500e+01 1.587773660881181392e+01 -1.777359260330536372e+01
-4.309935943372002143e+00 3.950557653242569689e+00 -3.204471254860492557e+00 2.144708883189044180e+00 -8.750074629660373748e-01 -4.803457842671743361e-01 1.788679439370144841e+00 -2.921924688484922594e+00 3.769151590844375566e+00 -4.247427674268757336e+00 4.309935943367201538e+00 -3.950557653239750611e+00 3.204471254859926344e+00 -2.144708883190783677e+00 8.750074629699384765e-01 4.803457842615205253e-01 -1.788679439363291657e+00 2.921924688477543608e+00 -3.769151590837180432e+00 4.247427674262443276e+00
1.873992303831330020e+01 -1.704110096541624486e+01 1.367417719769406581e+01 -8.968729692268832210e+00 3.385360435752070352e+00 2.529391487407543604e+00 -8.196548948471683360e+00 1.306137108974408001e+01 -1.664765522482873550e+01 1.860435087547327626e+01 -1.873992303829294315e+01 1.704110096540464880e+01 -1.367417719769234452e+01 8.968729692277145560e+00 -3.385360435769715348e+00 -2.529391487382412151e+00 8.196548948441522597e+00 -1.306137108971185690e+01 1.664765522479754623e+01 -1.860435087544614419e+01
-6.118115339882063353e+00 5.440418969554127848e+00 -4.230176484859002883e+00 2.605854852453891812e+00 -7.264539910328632333e-01 -1.224057248532511633e+00 3.054749236102804577e+00 -4.586421084753713018e+00 5.669142082154227325e+00 -6.196927953318196458e+00 6.118115339875883407e+00 -5.440418969550940176e+00 4.230176484859109465e+00 -2.605854852457280213e+00 7.264539910392397992e-01 1.224057248523811037e+00 -3.054749236092630493e+00 4.586421084743064647e+00 -5.669142082144130512e+00 6.196927953309631754e+00
1.041793661078743050e+00 -9.847866067741110063e-01 8.313817779867771485e-01 -5.965955081927474257e-01 3.034103133315940726e-01 1.947479698231505130e-02 -3.404535784786272279e-01 6.281063916338361919e-01 -8.542757749013483171e-01 9.968226932322171718e-01 -1.041793661077469402e+00 9.847866067732846673e-01 -8.313817779864780544e-01 5.965955081930042203e-01 -3.034103133323876600e-01 -1.947479698106871493e-02 3.404535784770500451e-01 -6.281063916320835938e-01 8.542757748995886136e-01 -9.968226932306202270e-01
-6.048686348768868015e+00 5.476238417366337430e+00 -4.367738114475966604e+00 2.831693173120456652e+00 -1.018462374414077942e+00 -8.944626175440327787e-01 2.719831376409021839e+00 -4.278964089971368345e+00 5.419241985111431070e+00 -6.029046716669819617e+00 6.048686348762388754e+00 -5.476238417362711886e+00 4.367738114475542055e+00 -2.831693173123271734e+00 1.018462374419893735e+00 8.944626175358239006e-01 -2.719831376399223011e+00 4.278964089960942907e+00 -5.419241985101380443e+00 6.029046716661120797e+00
-1.248759053511671624e+01 1.133542060398790774e+01 -9.073660725622623602e+00 5.923707715523032213e+00 -2.193900921330779408e+00 -1.750660180846759895e+00 5.523854466955472553e+00 -8.756335390880940039e+00 1.113168519777087084e+01 -1.241738809849198333e+01 1.248759053510322659e+01 -1.133542060398027829e+01 9.073660725621584433e+00 -5.923707715528681028e+00 2.193900921342638366e+00 1.750660180829932244e+00 -5.523854466935320673e+00 8.756335390859446122e+00 -1.113168519775010168e+01 1.241738809847395331e+01
-2.141344331020708758e+00 1.916839106856050856e+00 -1.504700315509168274e+00 9.452709734169142397e-01 -2.933119223566897915e-01 -3.873585432879512735e-01 1.030111655829761830e+00 -1.572030262288944380e+00 1.960067593696401156e+00 -2.156239852438970761e+00 2.141344331018497638e+00 -1.916839106854873354e+00 1.504700315509136521e+00 -9.452709734180305690e-01 2.933119223588581126e-01 3.873585432849571686e-01 -1.030111655826234873e+00 1.572030262285230906e+00 -1.960067593692858434e+00 2.156239852435942517e+00
-1.420837681494282201e+01 1.279173203654599966e+01 -1.012294340117571068e+01 6.463250535005886199e+00 -2.170889674356721422e+00 -2.333972993094987292e+00 6.610370122235579515e+00 -1.023969816665436738e+01 1.286669321034876567e+01 -1.423420667509165582e+01 1.420837681492787397e+01 -1.279173203653783197e+01 1.012294340117510494e+01 -6.463250535012893039e+00 2.170889674370743094e+00 2.333972993075414504e+00 -6.610370122212370525e+00 1.023969816662980215e+01 -1.286669321032520585e+01 1.423420667507139115e+01
-1.274385082908436218e+00 1.002435199565647528e+00 -6.323599745128002381e-01 2.003849492437694280e-01 2.512051510211544825e-01 -6.782055408548326447e-01 1.038818447013731605e+00 -1.297744565705206909e+00 1.429638404387437944e+00 -1.421589275171837086e+00 1.274385082907644851e+00 -1.002435199565618662e+00 6.323599745135330963e-01 -2.003849492451922343e-01 -2.512051510191717352e-01 6.782055408524936269e-01 -1.038818447011264690e+00 1.297744565702853237e+00 -1.429638404385424888e+00 1.421589275170362932e+00
-1.170102782714091072e+00 1.004575377804104441e+00 -7.407131356265542754e-01 4.043447308821238595e-01 -2.839624664367218498e-02 -3.503318600644503844e-01 6.947670434038023535e-01 -9.711935878081292550e-01 1.152552937134195155e+00 -1.221092374665111224e+00 1.170102782713045464e+00 -1.004575377803669234e+00 7.407131356267697697e-01 -4.043447308829688502e-01 2.839624664507148233e-02 3.503318600626417201e-01 -6.947670434017609864e-01 9.711935878060555805e-01 -1.152552937132288902e+00 1.221092374663558466e+00
-1.889021123253387913e+01 1.709080167330136391e+01 -1.361842536767076695e+01 8.812982701905662353e+00 -3.144863885618873756e+00 -2.831096119345732909e+00 8.529928710740989573e+00 -1.339379244842021421e+01 1.694657846120871270e+01 -1.884051530045959666e+01 1.889021123251368905e+01 -1.709080167329009825e+01 1.361842536766950573e+01 -8.812982701914515715e+00 3.144863885637095180e+00 2.831096119320049898e+00 -8.529928710710354522e+00 1.339379244838764293e+01 -1.694657846117733158e+01 1.884051530043245748e+01
-6.351721832799507084e+00 5.702633958644717005e+00 -4.495332540031308000e+00 2.847996651576801597e+00 -9.218790077071348232e-01 -1.094478576545083293e+00 3.003700972044016204e+00 -4.618900188383785022e+00 5.781969272514610125e+00 -6.379058918903145248e+00 6.351721832792884825e+00 -5.702633958641142087e+00 4.495332540031122370e+00 -2.847996651580020355e+00 9.218790077134820793e-01 1.094478576536269898e+00 -3.003700972033599204e+00 4.618900188372787596e+00 -5.781969272504089652e+00 6.379058918894123131e+00
1.391085282314390215e+00 -1.354844923761643782e+00 1.185982904311577713e+00 -9.010286149588528914e-01 5.278753669385977121e-01 -1.030500000785818659e-01 -3.318626187805805983e-01 7.342902122905907714e-01 -1.064840363720821248e+00 1.291156521170992999e+00 -1.391085282312538363e+00 1.354844923760346820e+00 -1.185982904310961539e+00 9.010286149589772364e-01 -5.278753669394578019e-01 1.030500000800854410e-01 3.318626187785806425e-01 -7.342902122882919436e-01 1.064840363718444038e+00 -1.291156521168766114e+00
