3.607623792125610684e+00 2.238854381998392817e+00 -2.223935688188601212e+00 -3.613322226092910761e+00 -9.220259842656730598e-03 3.607623792124865947e+00 2.238854381998905296e+00 -2.223935688187540283e+00 -3.613322226092768208e+00 -9.220259843631062324e-03 3.607623792124121209e+00 2.238854381999422216e+00 -2.223935688186481130e+00 -3.613322226092626988e+00 -9.220259844602063382e-03 3.607623792123376028e+00 2.238854381999933363e+00 -2.223935688185421533e+00 -3.613322226092483547e+00 -9.220259845572620350e-03
9.973935688192744564e+00 1.144029556871479869e+01 -2.903444185380759546e+00 -1.323472275971804102e+01 -5.276064311808029927e+00 9.973935688189268234e+00 1.144029556871513797e+01 -2.903444185377076270e+00 -1.323472275971610124e+01 -5.276064311810522156e+00 9.973935688185793680e+00 1.144029556871548436e+01 -2.903444185373400099e+00 -1.323472275971416323e+01 -5.276064311813001950e+00 9.973935688182308468e+00 1.144029556871581654e+01 -2.903444185369724817e+00 -1.323472275971222523e+01 -5.276064311815479080e+00
7.014918693816168727e+00 8.032875042059517412e+00 -2.050328890441639462e+00 -9.300047984468086781e+00 -3.697416860965460295e+00 7.014918693813727124e+00 8.032875042059758997e+00 -2.050328890439050866e+00 -9.300047984466727868e+00 -3.697416860967212671e+00 7.014918693811285522e+00 8.032875042060005910e+00 -2.050328890436467155e+00 -9.300047984465368955e+00 -3.697416860968958385e+00 7.014918693808837702e+00 8.032875042060242166e+00 -2.050328890433883888e+00 -9.300047984464010042e+00 -3.697416860970701435e+00
9.744098300570945170e+00 1.719890603215283065e+01 8.854101966169906079e-01 -1.665169243665689081e+01 -1.117672209268183359e+01 9.744098300565923410e+00 1.719890603215192471e+01 8.854101966214494857e-01 -1.665169243665322441e+01 -1.117672209268403449e+01 9.744098300560899872e+00 1.719890603215102232e+01 8.854101966258975942e-01 -1.665169243664955445e+01 -1.117672209268622296e+01 9.744098300555862124e+00 1.719890603215010927e+01 8.854101966303447036e-01 -1.665169243664589516e+01 -1.117672209268840788e+01
-6.500000000010889289e-01 -1.802583139031683324e+00 -4.640576474681491481e-01 1.515779740156924404e+00 1.400861046343714555e+00 -6.500000000005766720e-01 -1.802583139031488146e+00 -4.640576474685402797e-01 1.515779740156487199e+00 1.400861046343836236e+00 -6.500000000000647482e-01 -1.802583139031293191e+00 -4.640576474689300790e-01 1.515779740156049105e+00 1.400861046343956584e+00 -6.499999999995509370e-01 -1.802583139031097570e+00 -4.640576474693199893e-01 1.515779740155612787e+00 1.400861046344076488e+00
-6.739589803381152322e+00 -1.155574641843549877e+01 -4.022542485881331897e-01 1.130713962068838718e+01 7.390450849715063164e+00 -6.739589803377770139e+00 -1.155574641843494277e+01 -4.022542485911685950e-01 1.130713962068595180e+01 7.390450849716597936e+00 -6.739589803374387955e+00 -1.155574641843439032e+01 -4.022542485941968393e-01 1.130713962068351464e+01 7.390450849718125603e+00 -6.739589803370996890e+00 -1.155574641843382722e+01 -4.022542485972243620e-01 1.130713962068108280e+01 7.390450849719648829e+00
-6.282827057600049336e+00 -1.204931256309206589e+01 -1.164057647463259570e+00 1.132988537209484470e+01 8.166311896058999764e+00 -6.282827057596551690e+00 -1.204931256309128251e+01 -1.164057647466272050e+00 1.132988537209219970e+01 8.166311896060381770e+00 -6.282827057593054043e+00 -1.204931256309050447e+01 -1.164057647469276535e+00 1.132988537208954938e+01 8.166311896061756670e+00 -6.282827057589545738e+00 -1.204931256308971932e+01 -1.164057647472280355e+00 1.132988537208690971e+01 8.166311896063126241e+00
-9.049138953663208085e+00 -1.343869910099701848e+01 7.435661446628409887e-01 1.389824825128178354e+01 7.846023658714273097e+00 -9.049138953659227269e+00 -1.343869910099669873e+01 7.435661446590622337e-01 1.389824825127912611e+01 7.846023658716414495e+00 -9.049138953655246453e+00 -1.343869910099638432e+01 7.435661446552916942e-01 1.389824825127646335e+01 7.846023658718545235e+00 -9.049138953651254980e+00 -1.343869910099605569e+01 7.435661446515220430e-01 1.389824825127380947e+01 7.846023658720674199e+00
-8.600000000006556178e+00 -1.287968210662227797e+01 6.399186938186588458e-01 1.327517360943807034e+01 7.564589803370817656e+00 -8.600000000002744116e+00 -1.287968210662195112e+01 6.399186938150520643e-01 1.327517360943551239e+01 7.564589803372848920e+00 -8.599999999998933831e+00 -1.287968210662162960e+01 6.399186938114533874e-01 1.327517360943295266e+01 7.564589803374869525e+00 -8.599999999995111111e+00 -1.287968210662129565e+01 6.399186938078554876e-01 1.327517360943039648e+01 7.564589803376888355e+00
1.918348483848239638e+01 2.776612695902485228e+01 -2.023074641857049549e+00 -2.901645584946934520e+01 -1.591008130617819916e+01 1.918348483847415054e+01 2.776612695902431938e+01 -2.023074641849141653e+00 -2.901645584946392020e+01 -1.591008130618276972e+01 1.918348483846591179e+01 2.776612695902380068e+01 -2.023074641841251520e+00 -2.901645584945849166e+01 -1.591008130618731364e+01 1.918348483845764818e+01 2.776612695902325356e+01 -2.023074641833362719e+00 -2.901645584945307732e+01 -1.591008130619185401e+01
-4.523606797753068953e+00 -6.237586804717253131e+00 6.685661446592170432e-01 6.650783405843879947e+00 3.441844051966667983e+00 -4.523606797751209108e+00 -6.237586804717190958e+00 6.685661446573967215e-01 6.650783405842692453e+00 3.441844051967756890e+00 -4.523606797749348374e+00 -6.237586804717133226e+00 6.685661446555801746e-01 6.650783405841504070e+00 3.441844051968841356e+00 -4.523606797747483199e+00 -6.237586804717068389e+00 6.685661446537640717e-01 6.650783405840317464e+00 3.441844051969923601e+00
1.814045084973367850e+01 2.948051349693151835e+01 7.950849717333607902e-02 -2.943137454328252645e+01 -1.826909830055277340e+01 1.814045084972501698e+01 2.948051349693035306e+01 7.950849718127450672e-02 -2.943137454327645131e+01 -1.826909830055696915e+01 1.814045084971634836e+01 2.948051349692919842e+01 7.950849718919439368e-02 -2.943137454327036551e+01 -1.826909830056114359e+01 1.814045084970766197e+01 2.948051349692801892e+01 7.950849719711250430e-02 -2.943137454326429747e+01 -1.826909830056531092e+01
-5.447745751410717929e+00 -9.044146285029626142e+00 -1.418440519646986253e-01 8.956481839812983736e+00 5.677254248591045105e+00 -5.447745751408064052e+00 -9.044146285029237120e+00 -1.418440519671098354e-01 8.956481839811102574e+00 5.677254248592298325e+00 -5.447745751405409287e+00 -9.044146285028851651e+00 -1.418440519695153834e-01 8.956481839809219636e+00 5.677254248593543551e+00 -5.447745751402748304e+00 -9.044146285028459076e+00 -1.418440519719204318e-01 8.956481839807340251e+00 5.677254248594787001e+00
2.788525491563496939e+00 2.557952682561337454e+00 -1.207623792126272244e+00 -3.304305231718386082e+00 -8.345491502801191119e-01 2.788525491562698022e+00 2.557952682561563496e+00 -1.207623792125334106e+00 -3.304305231718032587e+00 -8.345491502808403128e-01 2.788525491561899106e+00 2.557952682561792646e+00 -1.207623792124397522e+00 -3.304305231717679536e+00 -8.345491502815586271e-01 2.788525491561098413e+00 2.557952682562017355e+00 -1.207623792123460937e+00 -3.304305231717325597e+00 -8.345491502822764973e-01
-5.365450849723365501e+00 -8.993285238685821525e+00 -1.927050983081884383e-01 8.874186938125518509e+00 5.677254248590840824e+00 -5.365450849720727611e+00 -8.993285238685421845e+00 -1.927050983105755289e-01 8.874186938123639123e+00 5.677254248592071839e+00 -5.365450849718090609e+00 -8.993285238685022165e+00 -1.927050983129569850e-01 8.874186938121759738e+00 5.677254248593294861e+00 -5.365450849715446502e+00 -8.993285238684617156e+00 -1.927050983153378583e-01 8.874186938119883905e+00 5.677254248594516106e+00
-1.188368810394724306e+01 -1.889054681865240326e+01 2.086881039467224364e-01 1.901952315993834475e+01 1.154602365871255465e+01 -1.188368810394167951e+01 -1.889054681865172469e+01 2.086881039415823258e-01 1.901952315993448650e+01 1.154602365871532044e+01 -1.188368810393611774e+01 -1.889054681865105678e+01 2.086881039364540946e-01 1.901952315993062825e+01 1.154602365871807024e+01 -1.188368810393053820e+01 -1.889054681865037111e+01 2.086881039313270014e-01 1.901952315992677356e+01 1.154602365872081648e+01
-2.184549150282745433e+00 -2.976518827217938590e+00 3.449593469077314456e-01 3.189715428343765868e+00 1.626393202248925585e+00 -2.184549150281856811e+00 -2.976518827217915941e+00 3.449593469068574225e-01 3.189715428343202763e+00 1.626393202249452941e+00 -2.184549150280968188e+00 -2.976518827217895069e+00 3.449593469059852868e-01 3.189715428342639214e+00 1.626393202249977854e+00 -2.184549150280077345e+00 -2.976518827217871088e+00 3.449593469051133177e-01 3.189715428342076997e+00 1.626393202250501879e+00
-1.235835921351177191e+01 -2.251514028771514830e+01 -1.556762745770737366e+00 2.155300799840799186e+01 1.487725424858691703e+01 -1.235835921350521005e+01 -2.251514028771385156e+01 -1.556762745776492540e+00 2.155300799840313886e+01 1.487725424858968104e+01 -1.235835921349865174e+01 -2.251514028771256548e+01 -1.556762745782234170e+00 2.155300799839827519e+01 1.487725424859242906e+01 -1.235835921349207212e+01 -2.251514028771126164e+01 -1.556762745787974023e+00 2.155300799839342929e+01 1.487725424859517354e+01
-5.321559063159635519e-04 1.458980337524618150e-02 9.549150281397217332e-03 -8.688103937660580228e-03 -1.491869381266350270e-02 -5.321559063198840270e-04 1.458980337524304165e-02 9.549150281399191448e-03 -8.688103937656213929e-03 -1.491869381266278279e-02 -5.321559063238045020e-04 1.458980337523989312e-02 9.549150281401158624e-03 -8.688103937651833752e-03 -1.491869381266205767e-02 -5.321559063277397222e-04 1.458980337523674981e-02 9.549150281403124066e-03 -8.688103937647477862e-03 -1.491869381266133082e-02
-1.266844051969604923e+00 -5.312305898745040000e-01 9.385254915633998163e-01 1.111271242968939088e+00 -2.517220926881150733e-01 -1.266844051969412188e+00 -5.312305898747363697e-01 9.385254915630637518e-01 1.111271242968964179e+00 -2.517220926877631326e-01 -1.266844051969219898e+00 -5.312305898749704047e-01 9.385254915627279093e-01 1.111271242968989714e+00 -2.517220926874121911e-01 -1.266844051969027163e+00 -5.312305898752021083e-01 9.385254915623920668e-01 1.111271242969014139e+00 -2.517220926870613606e-01
