1.210874994137666860e+01 2.577890077904390509e+01 1.819616545508961281e+01 -4.388025373492853376e+00 -2.335459865753830400e+01 -2.306695195472871873e+01 -3.762229691119132191e+00 1.864418569837538797e+01 2.567978448013403536e+01 1.154421150056878886e+01 -1.210874994137495442e+01 -2.577890077904413602e+01 -1.819616545509160588e+01 4.388025373490728853e+00 2.335459865753782793e+01 2.306695195473024995e+01 3.762229691121423691e+00 -1.864418569837424400e+01 -2.567978448013495196e+01 -1.154421150057103240e+01
3.618913560912571548e+00 3.168673289840718166e+00 1.060852972903605362e-01 -3.043962543376056651e+00 -3.684477880344678713e+00 -1.287400977552857206e+00 2.171047263559707119e+00 3.839620104653551635e+00 2.342696880282425287e+00 -1.085614751010341328e+00 -3.618913560912538241e+00 -3.168673289840973517e+00 -1.060852972906940472e-01 3.043962543375920315e+00 3.684477880344851020e+00 1.287400977553194270e+00 -2.171047263559481522e+00 -3.839620104653624466e+00 -2.342696880282733041e+00 1.085614751010048451e+00
-5.455569558545795061e+00 -1.404088830560615442e+01 -1.105048459169671204e+01 1.050264558236955414e+00 1.228514462837108034e+01 1.339178911143647355e+01 3.457847654655653358e+00 -9.326845399275063286e+00 -1.442221200686738669e+01 -7.627481646869292753e+00 5.455569558544764774e+00 1.404088830560615975e+01 1.105048459169775299e+01 -1.050264558235731505e+00 -1.228514462837069665e+01 -1.339178911143722672e+01 -3.457847654656931002e+00 9.326845399274326098e+00 1.442221200686778282e+01 7.627481646870506005e+00
-6.104853739611329821e+00 -1.466063487016070788e+01 -1.112975619223937152e+01 1.576821767342322600e+00 1.298342135291458632e+01 1.368610542374264760e+01 3.105560505877499100e+00 -1.003530009282917135e+01 -1.490276329966621560e+01 -7.483948879069659554e+00 6.104853739610288876e+00 1.466063487016075939e+01 1.112975619224047286e+01 -1.576821767341068270e+00 -1.298342135291422927e+01 -1.368610542374346295e+01 -3.105560505878822486e+00 1.003530009282844304e+01 1.490276329966666857e+01 7.483948879070930538e+00
-8.943696490381089603e+00 -1.803982017334431376e+01 -1.226338401341924111e+01 3.623347640769971179e+00 1.652288462776598621e+01 1.580046817829199135e+01 2.051679721267310796e+00 -1.338857401311512341e+01 -1.779089242953817163e+01 -7.525874377293799711e+00 8.943696490379927866e+00 1.803982017334452692e+01 1.226338401342065865e+01 -3.623347640768512345e+00 -1.652288462776569844e+01 -1.580046817829309447e+01 -2.051679721268901524e+00 1.338857401311437023e+01 1.779089242953885730e+01 7.525874377295374451e+00
-9.084988253598453412e+00 -1.711831830987545899e+01 -1.103880183958780847e+01 4.141428461297877561e+00 1.590734298553832637e+01 1.455877475881745831e+01 1.207523203823467117e+00 -1.313924609680072919e+01 -1.665363336770549907e+01 -6.438274084445733791e+00 9.084988253597401808e+00 1.711831830987572189e+01 1.103880183958917627e+01 -4.141428461296527530e+00 -1.590734298553812387e+01 -1.455877475881854899e+01 -1.207523203824960811e+00 1.313924609680007372e+01 1.665363336770620251e+01 6.438274084447233037e+00
2.039758285890083300e+01 4.042842169883057579e+01 2.712887723716700705e+01 -8.536513796310828184e+00 -3.716415106809274249e+01 -3.515256602727868085e+01 -4.160168714051334149e+00 3.026199439294296312e+01 3.973527673231060220e+01 1.644962492508240004e+01 -2.039758285889826084e+01 -4.042842169883109449e+01 -2.712887723717019384e+01 8.536513796307581003e+00 3.716415106809213853e+01 3.515256602728118196e+01 4.160168714054890415e+00 -3.026199439294130755e+01 -3.973527673231217250e+01 -1.644962492508593144e+01
-4.509111142796773386e+00 -7.268487534109167036e+00 -4.035508415245434577e+00 2.524462870142261117e+00 7.003192505304593141e+00 5.708283677024274638e+00 -2.927025827910871847e-01 -6.052376199969344839e+00 -6.822292360544889966e+00 -1.967709472742519283e+00 4.509111142796380811e+00 7.268487534109350001e+00 4.035508415246042091e+00 -2.524462870141725990e+00 -7.003192505304575377e+00 -5.708283677024782676e+00 2.927025827904701227e-01 6.052376199969131676e+00 6.822292360545248791e+00 1.967709472743160326e+00
1.839926160932264310e+01 4.180114852505618472e+01 3.074093565450855081e+01 -5.663011286271873779e+00 -3.739820468978165025e+01 -3.830121507146642301e+01 -7.627574037999162115e+00 2.933446401085678090e+01 4.211230469697150625e+01 2.017151927099757458e+01 -1.839926160931975474e+01 -4.180114852505642631e+01 -3.074093565451173760e+01 5.663011286268356592e+00 3.739820468978074075e+01 3.830121507146881754e+01 7.627574038002908452e+00 -2.933446401085480204e+01 -4.211230469697288470e+01 -2.017151927100120190e+01
-6.726536209858089421e+00 -1.105756524599739699e+01 -6.272411345860191112e+00 3.683903475180135167e+00 1.060309961302002790e+01 8.780787687062423075e+00 -2.806646010866706842e-01 -9.110728713781062638e+00 -1.042963935010963539e+01 -3.150047679666460709e+00 6.726536209857481907e+00 1.105756524599765989e+01 6.272411345861110377e+00 -3.683903475179314491e+00 -1.060309961301998882e+01 -8.780787687063186908e+00 2.806646010857283269e-01 9.110728713780725130e+00 1.042963935011017007e+01 3.150047679667435041e+00
4.590123102462204230e+00 1.612990137613629527e+00 -2.693939472497201226e+00 -4.779905922618517877e+00 -2.925176944824090963e+00 1.341154185591383108e+00 4.501798247506000550e+00 3.951027051768940535e+00 1.429126173708317182e-01 -3.783023194054773608e+00 -4.590123102462417393e+00 -1.612990137614051189e+00 2.693939472496917453e+00 4.779905922618610248e+00 2.925176944824476433e+00 -1.341154185591018955e+00 -4.501798247505957917e+00 -3.951027051769252729e+00 -1.429126173712397252e-01 3.783023194054603078e+00
-6.388215380572974667e+00 -1.171784100999717815e+01 -7.386932888195753222e+00 3.033980587285692643e+00 1.095359097809220827e+01 9.842737885847444801e+00 6.172413648709556000e-01 -9.117127143095434150e+00 -1.133506712084490964e+01 -4.208043431660596134e+00 6.388215380572268565e+00 1.171784100999737888e+01 7.386932888196697355e+00 -3.033980587284778707e+00 -1.095359097809208571e+01 -9.842737885848201529e+00 -6.172413648719738966e-01 9.117127143095000719e+00 1.133506712084540702e+01 4.208043431661623757e+00
-1.182477662345580072e+01 -2.482983759441719940e+01 -1.736444808617586233e+01 4.416704595912164244e+00 2.255659573659512418e+01 2.210016403587595590e+01 3.423705250469931016e+00 -1.807535712703094788e+01 -2.467256194884710752e+01 -1.092897897257891060e+01 1.182477662345416114e+01 2.482983759441744454e+01 1.736444808617779145e+01 -4.416704595910127651e+00 -2.255659573659468009e+01 -2.210016403587744449e+01 -3.423705250472133699e+00 1.807535712702986075e+01 2.467256194884800280e+01 1.092897897258107420e+01
-1.765494154955938200e+00 -3.531156641286350428e+00 -2.385629439609591618e+00 7.266810372117762373e-01 3.239894233196973783e+00 3.082043061309496679e+00 3.832646835392017337e-01 -2.631488403891736994e+00 -3.476764834311689256e+00 -1.455693786703297077e+00 1.765494154955712158e+00 3.531156641286393505e+00 2.385629439609869173e+00 -7.266810372114914651e-01 -3.239894233196920048e+00 -3.082043061309713838e+00 -3.832646835395126517e-01 2.631488403891591332e+00 3.476764834311824703e+00 1.455693786703605497e+00
-1.257315790785273002e+01 -2.930052011219033403e+01 -2.187166930503665796e+01 3.588830791153076127e+00 2.609059292906262684e+01 2.708250070338591087e+01 5.746796088239253919e+00 -2.032673672618773963e+01 -2.964230823800947690e+01 -1.451988652623196430e+01 1.257315790785068188e+01 2.930052011219047259e+01 2.187166930503887841e+01 -3.588830791150591448e+00 -2.609059292906195537e+01 -2.708250070338756998e+01 -5.746796088241889144e+00 2.032673672618631855e+01 2.964230823801041481e+01 1.451988652623450626e+01
-2.757603764735494067e+00 -4.210379677242604757e+00 -2.191994396934855871e+00 1.633535717990503233e+00 4.112330805190520522e+00 3.200799081687594860e+00 -3.495658136559660623e-01 -3.611738341632808158e+00 -3.896287251046167022e+00 -9.686220280874751065e-01 2.757603764735279128e+00 4.210379677242724661e+00 2.191994396935213807e+00 -1.633535717990201919e+00 -4.112330805190526739e+00 -3.200799081687899506e+00 3.495658136556122342e-01 3.611738341632699356e+00 3.896287251046389066e+00 9.686220280878476974e-01
1.059643753608380479e+00 7.075940836022978075e-01 -2.278170197066974878e-01 -9.754090524119454209e-01 -9.188450922139526078e-01 -1.047581362774230862e-01 7.956945170909258680e-01 1.040153141229491762e+00 4.270788359898581854e-01 -5.380918585073406479e-01 -1.059643753608394245e+00 -7.075940836023815184e-01 2.278170197066125002e-01 9.754090524119297667e-01 9.188450922140183330e-01 1.047581362775160674e-01 -7.956945170908821252e-01 -1.040153141229533063e+00 -4.270788359899498898e-01 5.380918585072733684e-01
-1.651349787887961895e+01 -3.834932210762853799e+01 -2.856883406167647266e+01 4.764643434339632222e+00 3.417000834795067021e+01 3.540461052093309036e+01 7.450607506776588451e+00 -2.664589609472740150e+01 -3.877473702397378474e+01 -1.893654107369456696e+01 1.651349787887694021e+01 3.834932210762872984e+01 2.856883406167937878e+01 -4.764643434336384153e+00 -3.417000834794978914e+01 -3.540461052093526462e+01 -7.450607506780036360e+00 2.664589609472555409e+01 3.877473702397501398e+01 1.893654107369789585e+01
-1.560755467194159252e+00 -1.184955619938941140e+01 -1.236923329322992160e+01 -2.691349624461953915e+00 9.205362057186686542e+00 1.351290174291618484e+01 6.680006663140279244e+00 -5.660082939297521598e+00 -1.333383322008302585e+01 -1.001477810728719575e+01 1.560755467193035706e+00 1.184955619938909344e+01 1.236923329323067300e+01 2.691349624463165391e+00 -9.205362057186032843e+00 -1.351290174291660762e+01 -6.680006663141437429e+00 5.660082939296595228e+00 1.333383322008308269e+01 1.001477810728819406e+01
3.444901014248286764e+00 7.688007748863737945e+00 5.592894134336547474e+00 -1.113166369271478162e+00 -6.901499684748054975e+00 -7.000033097520746317e+00 -1.327532755815821197e+00 5.439424745913310488e+00 7.721960049021066474e+00 3.638283725299282345e+00 -3.444901014247760962e+00 -7.688007748863790347e+00 -5.592894134337135448e+00 1.113166369270834677e+00 6.901499684747893326e+00 7.000033097521191294e+00 1.327532755816508869e+00 -5.439424745912952552e+00 -7.721960049021324934e+00 -3.638283725299949811e+00
