6.149999999996545341e+00 -6.149999999998282618e+00 6.150000000000019895e+00 -6.150000000001756284e+00 6.150000000003493561e+00 -6.150000000005230838e+00 6.150000000006967227e+00 -6.150000000008704504e+00 6.150000000010441781e+00 -6.150000000012178170e+00 6.150000000013915447e+00 -6.150000000015652724e+00 6.150000000017389112e+00 -6.150000000019126389e+00 6.150000000020863666e+00 -6.150000000022600055e+00 6.150000000024337332e+00 -6.150000000026074609e+00 6.150000000027811886e+00 -6.150000000029548275e+00
1.094999999999405382e+01 -1.094999999999714646e+01 1.095000000000023910e+01 -1.095000000000333173e+01 1.095000000000642437e+01 -1.095000000000951701e+01 1.095000000001260965e+01 -1.095000000001570228e+01 1.095000000001879492e+01 -1.095000000002188756e+01 1.095000000002498020e+01 -1.095000000002807283e+01 1.095000000003116547e+01 -1.095000000003425811e+01 1.095000000003735074e+01 -1.095000000004044338e+01 1.095000000004353602e+01 -1.095000000004662866e+01 1.095000000004972129e+01 -1.095000000005281393e+01
-1.500000000024423186e-01 1.500000000024846736e-01 -1.500000000025270563e-01 1.500000000025694114e-01 -1.500000000026117664e-01 1.500000000026541491e-01 -1.500000000026965041e-01 1.500000000027388869e-01 -1.500000000027812419e-01 1.500000000028235969e-01 -1.500000000028659797e-01 1.500000000029083347e-01 -1.500000000029507174e-01 1.500000000029930725e-01 -1.500000000030354275e-01 1.500000000030778102e-01 -1.500000000031201652e-01 1.500000000031625202e-01 -1.500000000032049030e-01 1.500000000032472580e-01
-7.249999999995301536e+00 7.249999999997348787e+00 -7.249999999999396927e+00 7.250000000001444178e+00 -7.250000000003492318e+00 7.250000000005539569e+00 -7.250000000007587708e+00 7.250000000009634959e+00 -7.250000000011683099e+00 7.250000000013730350e+00 -7.250000000015778490e+00 7.250000000017825741e+00 -7.250000000019873880e+00 7.250000000021921132e+00 -7.250000000023968383e+00 7.250000000026016522e+00 -7.250000000028063774e+00 7.250000000030111913e+00 -7.250000000032159164e+00 7.250000000034207304e+00
-7.599999999997311129e+00 7.599999999999457856e+00 -7.600000000001604583e+00 7.600000000003750422e+00 -7.600000000005897149e+00 7.600000000008043877e+00 -7.600000000010190604e+00 7.600000000012337331e+00 -7.600000000014483170e+00 7.600000000016629897e+00 -7.600000000018776625e+00 7.600000000020923352e+00 -7.600000000023070079e+00 7.600000000025215918e+00 -7.600000000027362645e+00 7.600000000029509373e+00 -7.600000000031656100e+00 7.600000000033801939e+00 -7.600000000035948666e+00 7.600000000038095394e+00
-9.349999999997061551e+00 9.349999999999702993e+00 -9.350000000002344436e+00 9.350000000004984102e+00 -9.350000000007625545e+00 9.350000000010266987e+00 -9.350000000012906654e+00 9.350000000015548096e+00 -9.350000000018189539e+00 9.350000000020829205e+00 -9.350000000023470648e+00 9.350000000026110314e+00 -9.350000000028751757e+00 9.350000000031393199e+00 -9.350000000034032865e+00 9.350000000036674308e+00 -9.350000000039315751e+00 9.350000000041955417e+00 -9.350000000044596860e+00 9.350000000047238302e+00
-8.099999999996564171e+00 8.099999999998852118e+00 -8.100000000001140066e+00 8.100000000003428013e+00 -8.100000000005715961e+00 8.100000000008002132e+00 -8.100000000010290080e+00 8.100000000012578028e+00 -8.100000000014865975e+00 8.100000000017153923e+00 -8.100000000019441870e+00 8.100000000021729818e+00 -8.100000000024017766e+00 8.100000000026305713e+00 -8.100000000028591884e+00 8.100000000030879832e+00 -8.100000000033167780e+00 8.100000000035455727e+00 -8.100000000037743675e+00 8.100000000040031622e+00
1.644999999999568985e+01 -1.645000000000033680e+01 1.645000000000498019e+01 -1.645000000000962714e+01 1.645000000001427409e+01 -1.645000000001892104e+01 1.645000000002356444e+01 -1.645000000002821139e+01 1.645000000003285834e+01 -1.645000000003750529e+01 1.645000000004214868e+01 -1.645000000004679563e+01 1.645000000005144258e+01 -1.645000000005608953e+01 1.645000000006073293e+01 -1.645000000006537988e+01 1.645000000007002683e+01 -1.645000000007467378e+01 1.645000000007932073e+01 -1.645000000008396412e+01
-4.099999999998498623e+00 4.099999999999656808e+00 -4.100000000000814993e+00 4.100000000001973177e+00 -4.100000000003131362e+00 4.100000000004288658e+00 -4.100000000005446843e+00 4.100000000006605028e+00 -4.100000000007763212e+00 4.100000000008920509e+00 -4.100000000010078693e+00 4.100000000011236878e+00 -4.100000000012395063e+00 4.100000000013553247e+00 -4.100000000014710544e+00 4.100000000015868729e+00 -4.100000000017026913e+00 4.100000000018185098e+00 -4.100000000019343283e+00 4.100000000020500579e+00
1.904999999999121840e+01 -1.904999999999660076e+01 1.905000000000197957e+01 -1.905000000000736193e+01 1.905000000001274074e+01 -1.905000000001812310e+01 1.905000000002350191e+01 -1.905000000002888427e+01 1.905000000003426308e+01 -1.905000000003964189e+01 1.905000000004502425e+01 -1.905000000005040306e+01 1.905000000005578542e+01 -1.905000000006116423e+01 1.905000000006654659e+01 -1.905000000007192540e+01 1.905000000007730776e+01 -1.905000000008268657e+01 1.905000000008806893e+01 -1.905000000009344774e+01
-5.899999999998691180e+00 5.900000000000357403e+00 -5.900000000002023626e+00 5.900000000003689848e+00 -5.900000000005356071e+00 5.900000000007023182e+00 -5.900000000008689405e+00 5.900000000010355627e+00 -5.900000000012021850e+00 5.900000000013688073e+00 -5.900000000015355184e+00 5.900000000017021407e+00 -5.900000000018687629e+00 5.900000000020353852e+00 -5.900000000022020075e+00 5.900000000023687186e+00 -5.900000000025353408e+00 5.900000000027019631e+00 -5.900000000028685854e+00 5.900000000030352076e+00
6.000000000005315526e-01 -6.000000000007009726e-01 6.000000000008705037e-01 -6.000000000010399237e-01 6.000000000012093437e-01 -6.000000000013788748e-01 6.000000000015482948e-01 -6.000000000017178259e-01 6.000000000018872459e-01 -6.000000000020566659e-01 6.000000000022261970e-01 -6.000000000023956170e-01 6.000000000025650371e-01 -6.000000000027345681e-01 6.000000000029039882e-01 -6.000000000030735192e-01 6.000000000032429393e-01 -6.000000000034123593e-01 6.000000000035818903e-01 -6.000000000037513104e-01
-5.749999999998181899e+00 5.749999999999805489e+00 -5.750000000001429967e+00 5.750000000003053557e+00 -5.750000000004678036e+00 5.750000000006301626e+00 -5.750000000007926104e+00 5.750000000009549694e+00 -5.750000000011174173e+00 5.750000000012797763e+00 -5.750000000014422241e+00 5.750000000016045831e+00 -5.750000000017670310e+00 5.750000000019293900e+00 -5.750000000020918378e+00 5.750000000022541968e+00 -5.750000000024165558e+00 5.750000000025790037e+00 -5.750000000027413627e+00 5.750000000029038105e+00
-1.189999999999662172e+01 1.189999999999998259e+01 -1.190000000000334346e+01 1.190000000000670610e+01 -1.190000000001006697e+01 1.190000000001342784e+01 -1.190000000001678870e+01 1.190000000002014957e+01 -1.190000000002351044e+01 1.190000000002687131e+01 -1.190000000003023217e+01 1.190000000003359304e+01 -1.190000000003695391e+01 1.190000000004031477e+01 -1.190000000004367564e+01 1.190000000004703828e+01 -1.190000000005039915e+01 1.190000000005376002e+01 -1.190000000005712089e+01 1.190000000006048175e+01
-2.049999999999652101e+00 2.050000000000231193e+00 -2.050000000000809841e+00 2.050000000001388933e+00 -2.050000000001968026e+00 2.050000000002547118e+00 -2.050000000003126210e+00 2.050000000003704859e+00 -2.050000000004283951e+00 2.050000000004863043e+00 -2.050000000005442136e+00 2.050000000006021228e+00 -2.050000000006599876e+00 2.050000000007178969e+00 -2.050000000007758061e+00 2.050000000008337153e+00 -2.050000000008916246e+00 2.050000000009494894e+00 -2.050000000010073986e+00 2.050000000010653078e+00
-1.419999999999504858e+01 1.419999999999905960e+01 -1.420000000000307061e+01 1.420000000000708162e+01 -1.420000000001109264e+01 1.420000000001510188e+01 -1.420000000001911289e+01 1.420000000002312390e+01 -1.420000000002713492e+01 1.420000000003114415e+01 -1.420000000003515517e+01 1.420000000003916618e+01 -1.420000000004317720e+01 1.420000000004718821e+01 -1.420000000005119745e+01 1.420000000005520846e+01 -1.420000000005921947e+01 1.420000000006323049e+01 -1.420000000006724150e+01 1.420000000007125074e+01
-8.500000000015932589e-01 8.500000000018332891e-01 -8.500000000020734303e-01 8.500000000023134605e-01 -8.500000000025534908e-01 8.500000000027936320e-01 -8.500000000030336622e-01 8.500000000032738035e-01 -8.500000000035138337e-01 8.500000000037538639e-01 -8.500000000039940051e-01 8.500000000042340353e-01 -8.500000000044740656e-01 8.500000000047142068e-01 -8.500000000049542370e-01 8.500000000051943783e-01 -8.500000000054344085e-01 8.500000000056744387e-01 -8.500000000059145799e-01 8.500000000061546102e-01
-1.249999999999807709e+00 1.250000000000160760e+00 -1.250000000000513811e+00 1.250000000000866862e+00 -1.250000000001219913e+00 1.250000000001572964e+00 -1.250000000001926015e+00 1.250000000002279066e+00 -1.250000000002632117e+00 1.250000000002985168e+00 -1.250000000003338219e+00 1.250000000003691270e+00 -1.250000000004044320e+00 1.250000000004397371e+00 -1.250000000004750422e+00 1.250000000005103473e+00 -1.250000000005456524e+00 1.250000000005809575e+00 -1.250000000006162626e+00 1.250000000006515677e+00
-1.849999999999328892e+01 1.849999999999851497e+01 -1.850000000000373745e+01 1.850000000000896350e+01 -1.850000000001418954e+01 1.850000000001941558e+01 -1.850000000002463807e+01 1.850000000002986411e+01 -1.850000000003509015e+01 1.850000000004031619e+01 -1.850000000004553868e+01 1.850000000005076473e+01 -1.850000000005599077e+01 1.850000000006121326e+01 -1.850000000006643930e+01 1.850000000007166534e+01 -1.850000000007689138e+01 1.850000000008211387e+01 -1.850000000008733991e+01 1.850000000009256595e+01
-6.549999999997287325e+00 6.549999999999137401e+00 -6.550000000000987477e+00 6.550000000002837552e+00 -6.550000000004687628e+00 6.550000000006537704e+00 -6.550000000008387779e+00 6.550000000010236967e+00 -6.550000000012087042e+00 6.550000000013937118e+00 -6.550000000015787194e+00 6.550000000017637269e+00 -6.550000000019487345e+00 6.550000000021337421e+00 -6.550000000023187496e+00 6.550000000025037572e+00 -6.550000000026886759e+00 6.550000000028736835e+00 -6.550000000030586911e+00 6.550000000032436986e+00
