9.310494162876773672e+00 -8.397764081181176010e+00 6.663002340558363379e+00 -4.276019506976505902e+00 1.470470091273995861e+00 1.479019182328157100e+00 -4.283731753429949052e+00 6.669122813990811416e+00 -8.401693667006833621e+00 9.311848205854461824e+00 -9.310494162852336331e+00 8.397764081164202921e+00 -6.663002340550500335e+00 4.276019506978538054e+00 -1.470470091285719594e+00 -1.479019182307889091e+00 4.283731753403105635e+00 -6.669122813960035145e+00 8.401693666975139863e+00 -9.311848205824951208e+00
-3.447618055505147439e+00 3.055622477609776677e+00 -2.364521281832931532e+00 1.441964268402498028e+00 -3.782577456257393278e-01 -7.224752807688826772e-01 1.752487392900037744e+00 -2.610953828716121805e+00 3.213841912192312744e+00 -3.502136757149913127e+00 3.447618055496398437e+00 -3.055622477603934684e+00 2.364521281830560095e+00 -1.441964268403836513e+00 3.782577456306551733e-01 7.224752807608709748e-01 -1.752487392889708895e+00 2.610953828704492441e+00 -3.213841912180522620e+00 3.502136757139115542e+00
-5.518141056635019304e+00 4.879052882388328349e+00 -3.762369017654149772e+00 2.277398259506772327e+00 -5.694998921533367398e-01 -1.194145092582070244e+00 2.840898835556599611e+00 -4.209565606800183879e+00 5.166170766681728921e+00 -5.617075137092333748e+00 5.518141056621081120e+00 -4.879052882379073530e+00 3.762369017650470937e+00 -2.277398259509041623e+00 5.694998921613287912e-01 1.194145092569137701e+00 -2.840898835539983569e+00 4.209565606781519698e+00 -5.166170766662846248e+00 5.617075137075078217e+00
2.210799136664928000e+00 -2.168203998689500089e+00 1.913369946557103463e+00 -1.471241912823790354e+00 8.850984699185766580e-01 -2.123154219345327887e-01 -4.812505388365772019e-01 1.127708343796352874e+00 -1.663778198859073632e+00 2.036985851593032137e+00 -2.210799136658156527e+00 2.168203998684044453e+00 -1.913369946553494350e+00 1.471241912822383258e+00 -8.850984699195085792e-01 2.123154219377126894e-01 4.812505388314568533e-01 -1.127708343789796785e+00 1.663778198851724399e+00 -2.036985851585608298e+00
7.176854848201686288e+00 -6.612625665382137363e+00 5.401106609564046757e+00 -3.660889607080708430e+00 1.562319222940085295e+00 6.891818520585848429e-01 -2.873221005564244201e+00 4.776009268136500729e+00 -6.211288467129829627e+00 7.038563474369023076e+00 -7.176854848182072644e+00 6.612625665367914962e+00 -5.401106609556591387e+00 3.660889607080762609e+00 -1.562319222947640585e+00 -6.891818520442678508e-01 2.873221005544555950e+00 -4.776009268113378781e+00 6.211288467105540612e+00 -7.038563474345943760e+00
6.100523467803939504e+00 -5.675304410479642847e+00 4.694547015287648506e+00 -3.254254649408118816e+00 1.495413164720413413e+00 4.098097796850848629e-01 -2.274917687541337052e+00 3.917340801856711519e+00 -5.176307304767653328e+00 5.928580783234218110e+00 -6.100523467786965526e+00 5.675304410467107097e+00 -4.694547015280766900e+00 3.254254649407574806e+00 -1.495413164726257182e+00 -4.098097796734250231e-01 2.274917687524992793e+00 -3.917340801837292386e+00 5.176307304747062688e+00 -5.928580783214468575e+00
1.077090653558084732e+01 -9.912308341519848298e+00 8.083424343879501706e+00 -5.463278450933246155e+00 2.308348798312673811e+00 1.072538117896396415e+00 -4.348437530311492161e+00 7.198681579912569184e+00 -9.344268520307307924e+00 1.057517335258731883e+01 -1.077090653555147881e+01 9.912308341498599518e+00 -8.083424343868429673e+00 5.463278450933455765e+00 -2.308348798324138418e+00 -1.072538117874799024e+00 4.348437530281858976e+00 -7.198681579877817427e+00 9.344268520270841094e+00 -1.057517335255271007e+01
-8.173452476441585013e-01 5.325284312956948263e-01 -1.955840217484912102e-01 -1.605055145612424017e-01 5.008836527978580699e-01 -7.922318092368718645e-01 1.006030796384133286e+00 -1.121352479752603770e+00 1.126908369480837058e+00 -1.022154616372138225e+00 8.173452476431514180e-01 -5.325284312958808997e-01 1.955840217498485689e-01 1.605055145588429877e-01 -5.008836527946518569e-01 7.922318092331732675e-01 -1.006030796380303016e+00 1.121352479749018194e+00 -1.126908369477847449e+00 1.022154616370037017e+00
-6.648614260211147986e+00 6.143897065438915561e+00 -5.037772418854675749e+00 3.438515507689874351e+00 -1.502672741087506481e+00 -5.802621031478045754e-01 2.606396849802088855e+00 -4.377399312962235278e+00 5.719911432234797921e+00 -6.502518767553857160e+00 6.648614260192879044e+00 -6.143897065425591997e+00 5.037772418847589861e+00 -3.438515507689729578e+00 1.502672741094314368e+00 5.802621031347101610e-01 -2.606396849783978897e+00 4.377399312940893239e+00 -5.719911432212316349e+00 6.502518767532432520e+00
-7.622309736125132851e+00 6.854507790779199361e+00 -5.415738864709142675e+00 3.446839684891455313e+00 -1.140539821173973234e+00 -1.277404026846732821e+00 3.570306668521265880e+00 -5.513722817690786648e+00 6.917417361098547879e+00 -7.643986896721329138e+00 7.622309736105240319e+00 -6.854507790765473452e+00 5.415738864702911215e+00 -3.446839684893341804e+00 1.140539821183790048e+00 1.277404026829946915e+00 -3.570306668499141800e+00 5.513722817665502873e+00 -6.917417361072580206e+00 7.643986896697219535e+00
-9.397960552989935934e+00 8.425036037485474694e+00 -6.627410293955882992e+00 4.181047454973099597e+00 -1.325414560028972621e+00 -1.659959146755209947e+00 4.482844486638052572e+00 -6.866917774353586523e+00 8.578809305685474840e+00 -9.450947210097920603e+00 9.397960552965555436e+00 -8.425036037468766281e+00 6.627410293948462261e+00 -4.181047454975710842e+00 1.325414560041355605e+00 1.659959146734267588e+00 -4.482844486610585655e+00 6.866917774322297774e+00 -8.578809305653431139e+00 9.450947210068257220e+00
-8.029971801748843063e+00 7.285400471452590843e+00 -5.827683382642111276e+00 3.799512040482558639e+00 -1.399417987045248557e+00 -1.137660849280918818e+00 3.563377515128937745e+00 -5.640285962284157684e+00 7.165083921267477507e+00 -7.988513543962054264e+00 8.029971801727528558e+00 -7.285400471437604608e+00 5.827683382634901932e+00 -3.799512040483848718e+00 1.399417987054906609e+00 1.137660849263838037e+00 -3.563377515106093352e+00 5.640285962257798325e+00 -7.165083921240186449e+00 7.988513543936501371e+00
1.792964551793068395e+01 -1.633061980600977492e+01 1.313303924536102585e+01 -8.649905300115015905e+00 3.320058356663497801e+00 2.334779030941484645e+00 -7.761071979632930606e+00 1.242765712838763648e+01 -1.587773660883599547e+01 1.777359260331567725e+01 -1.792964551788274008e+01 1.633061980597579321e+01 -1.313303924534429434e+01 8.649905300117207929e+00 -3.320058356684387313e+00 -2.334779030903940900e+00 7.761071979582379932e+00 -1.242765712832905578e+01 1.587773660877512505e+01 -1.777359260325847146e+01
-4.309935943373980116e+00 3.950557653241877798e+00 -3.204471254857515383e+00 2.144708883184479387e+00 -8.750074629607920151e-01 -4.803457842721230442e-01 1.788679439373896063e+00 -2.921924688486763344e+00 3.769151590843887512e+00 -4.247427674265900954e+00 4.309935943362315669e+00 -3.950557653233504496e+00 3.204471254853243689e+00 -2.144708883184735182e+00 8.750074629655477665e-01 4.803457842633327424e-01 -1.788679439361924528e+00 2.921924688472789633e+00 -3.769151590829280529e+00 4.247427674252089780e+00
1.873992303831799333e+01 -1.704110096540976826e+01 1.367417719767846584e+01 -8.968729692247430663e+00 3.385360435728976825e+00 2.529391487428053420e+00 -8.196548948485801844e+00 1.306137108974895611e+01 -1.664765522482289128e+01 1.860435087545694799e+01 -1.873992303826803862e+01 1.704110096537447561e+01 -1.367417719766125472e+01 8.968729692250018815e+00 -3.385360435751103569e+00 -2.529391487388555237e+00 8.196548948432770487e+00 -1.306137108968760785e+01 1.664765522475924087e+01 -1.860435087539721977e+01
-6.118115339885322967e+00 5.440418969553326711e+00 -4.230176484854715646e+00 2.605854852447147874e+00 -7.264539910249938615e-01 -1.224057248540078024e+00 3.054749236108753596e+00 -4.586421084757007272e+00 5.669142082154253970e+00 -6.196927953314885329e+00 6.118115339869698133e+00 -5.440418969542813343e+00 4.230176484850326268e+00 -2.605854852449328352e+00 7.264539910335265915e-01 1.224057248526028818e+00 -3.054749236090553488e+00 4.586421084736447717e+00 -5.669142082133348914e+00 6.196927953295680247e+00
1.041793661079240207e+00 -9.847866067739452500e-01 8.313817779860327439e-01 -5.965955081915893521e-01 3.034103133302439304e-01 1.947479698361315181e-02 -3.404535784796421938e-01 6.281063916343790909e-01 -8.542757749012998003e-01 9.968226932315508160e-01 -1.041793661076254596e+00 9.847866067716767313e-01 -8.313817779847014755e-01 5.965955081913271174e-01 -3.034103133310758760e-01 -1.947479698176833585e-02 3.404535784769633922e-01 -6.281063916311302453e-01 8.542757748977992671e-01 -9.968226932281408770e-01
-6.048686348770856647e+00 5.476238417364724498e+00 -4.367738114471371169e+00 2.831693173113913886e+00 -1.018462374406881699e+00 -8.944626175505280274e-01 2.719831376413602619e+00 -4.278964089973116280e+00 5.419241985109858994e+00 -6.029046716664983485e+00 6.048686348754865882e+00 -5.476238417353530785e+00 4.367738114466058086e+00 -2.831693173115011675e+00 1.018462374414280003e+00 8.944626175375529620e-01 -2.719831376396311118e+00 4.278964089953211314e+00 -5.419241985089290559e+00 6.029046716645762416e+00
-1.248759053511804673e+01 1.133542060398180062e+01 -9.073660725610622535e+00 5.923707715507511296e+00 -2.193900921314604791e+00 -1.750660180860664106e+00 5.523854466964548848e+00 -8.756335390883323910e+00 1.113168519776566789e+01 -1.241738809847948843e+01 1.248759053508486971e+01 -1.133542060395845041e+01 9.073660725599355104e+00 -5.923707715509455518e+00 2.193900921329563491e+00 1.750660180834155089e+00 -5.523854466929063456e+00 8.756335390842355793e+00 -1.113168519772323428e+01 1.241738809843973712e+01
-2.141344331021344249e+00 1.916839106855317221e+00 -1.504700315507307096e+00 9.452709734143188713e-01 -2.933119223538478426e-01 -3.873585432905314319e-01 1.030111655831625672e+00 -1.572030262289746849e+00 1.960067593695959065e+00 -2.156239852437298765e+00 2.141344331015804681e+00 -1.916839106851533359e+00 1.504700315505644426e+00 -9.452709734149444820e-01 2.933119223566993949e-01 3.873585432857331035e-01 -1.030111655825346917e+00 1.572030262282605895e+00 -1.960067593688655130e+00 2.156239852430546389e+00
