1.238453735548823076e+01 2.234270827127438963e+01 1.388089148076895896e+01 -6.024741669138308886e+00 -2.096340008475317873e+01 -1.861921314631228341e+01 -9.247977086319068007e-01 1.753204823733800310e+01 2.153495650140833817e+01 7.783811443237993011e+00 -1.238453735548776180e+01 -2.234270827128128190e+01 -1.388089148077754231e+01 6.024741669135130095e+00 2.096340008475801042e+01 1.861921314632115454e+01 9.247977086374847833e-01 -1.753204823734026974e+01 -2.153495650141661599e+01 -7.783811443245425288e+00
-2.692920701107865078e+00 -6.096427998567157225e+00 -4.473860237333812329e+00 8.370898619221679438e-01 5.457918388696948675e+00 5.579078012262118413e+00 1.100681165296887087e+00 -4.285149699387185152e+00 -6.138176759627902435e+00 -2.930709851160374413e+00 2.692920701107401005e+00 6.096427998568837658e+00 4.473860237336254819e+00 -8.370898619209818925e-01 -5.457918388697992285e+00 -5.579078012264533371e+00 -1.100681165298678543e+00 4.285149699387481803e+00 6.138176759630054491e+00 2.930709851162597079e+00
-4.052850167137146187e+00 -9.413278394270426119e+00 -7.013122264614363388e+00 1.168858714941861443e+00 8.387198093927617393e+00 8.690883980391085117e+00 1.829548772190085160e+00 -6.540120407105239231e+00 -9.517921419217701740e+00 -4.648867278284692262e+00 4.052850167136377912e+00 9.413278394272989402e+00 7.013122264618150581e+00 -1.168858714939981391e+00 -8.387198093929187692e+00 -8.690883980394813690e+00 -1.829548772192892692e+00 6.540120407105646905e+00 9.517921419221005763e+00 4.648867278288154381e+00
7.515642528054842231e+00 5.537076065310406747e+00 -1.006419224032718329e+00 -6.720192820330966654e+00 -6.893641240672334192e+00 -1.383768491393897015e+00 5.266923817015992881e+00 7.575408780574347745e+00 3.638503305601263449e+00 -3.298091613674880129e+00 -7.515642528056904581e+00 -5.537076065313411455e+00 1.006419224031240844e+00 6.720192820332243855e+00 6.893641240675307813e+00 1.383768491396123679e+00 -5.266923817016357923e+00 -7.575408780576998069e+00 -3.638503305604017690e+00 3.298091613674297040e+00
1.131824566958059108e+01 1.754878304279531065e+01 9.311586066890649604e+00 -6.602357111654923116e+00 -1.707312234808993168e+01 -1.346830194193054808e+01 1.240183838312285625e+00 1.492622548251437742e+01 1.630664658371686926e+01 4.243387269994346234e+00 -1.131824566958100320e+01 -1.754878304280118684e+01 -9.311586066897158176e+00 6.602357111653164523e+00 1.707312234809436191e+01 1.346830194193752384e+01 -1.240183838308529296e+00 -1.492622548251690517e+01 -1.630664658372362297e+01 -4.243387269999733924e+00
9.904153614601415967e+00 1.409410036243420983e+01 6.664455060136675435e+00 -6.259563564606027697e+00 -1.402301335826303053e+01 -1.022547732476934357e+01 2.002243819962118643e+00 1.257925610250511284e+01 1.278555862376389918e+01 2.451069500233602039e+00 -9.904153614602146050e+00 -1.409410036243916586e+01 -6.664455060141785125e+00 6.259563564604992969e+00 1.402301335826691187e+01 1.022547732477495153e+01 -2.002243819959421245e+00 -1.257925610250752513e+01 -1.278555862376945207e+01 -2.451069500237699206e+00
1.210874994136819005e+01 2.577890077903187915e+01 1.819616545508475980e+01 -4.388025373486975411e+00 -2.335459865752789099e+01 -2.306695195472347137e+01 -3.762229691123369690e+00 1.864418569836630724e+01 2.567978448012892301e+01 1.154421150057229895e+01 -1.210874994136658067e+01 -2.577890077903919419e+01 -1.819616545509498451e+01 4.388025373482294711e+00 2.335459865753258768e+01 2.306695195473369253e+01 3.762229691130662079e+00 -1.864418569836789885e+01 -2.567978448013813164e+01 -1.154421150058149337e+01
3.618913560912055960e+00 3.168673289839444518e+00 1.060852972893506774e-01 -3.043962543376151686e+00 -3.684477880343966838e+00 -1.287400977551963921e+00 2.171047263560188068e+00 3.839620104653428179e+00 2.342696880281899041e+00 -1.085614751010922863e+00 -3.618913560912901950e+00 -3.168673289840965523e+00 -1.060852972902961433e-01 3.043962543376565133e+00 3.684477880345395917e+00 1.287400977553233350e+00 -2.171047263560128560e+00 -3.839620104654624555e+00 -2.342696880283366756e+00 1.085614751010396173e+00
-5.455569558541447428e+00 -1.404088830559986079e+01 -1.105048459169416653e+01 1.050264558233828138e+00 1.228514462836558252e+01 1.339178911143379835e+01 3.457847654658077197e+00 -9.326845399270128567e+00 -1.442221200686476479e+01 -7.627481646871462573e+00 5.455569558540013908e+00 1.404088830560351298e+01 1.105048459169990238e+01 -1.050264558230749934e+00 -1.228514462836768750e+01 -1.339178911143935835e+01 -3.457847654662496772e+00 9.326845399270460746e+00 1.442221200686960181e+01 7.627481646876793420e+00
-6.104853739606233454e+00 -1.466063487015373745e+01 -1.112975619223677270e+01 1.576821767338609570e+00 1.298342135290838151e+01 1.368610542373973971e+01 3.105560505880330613e+00 -1.003530009282356517e+01 -1.490276329966323487e+01 -7.483948879072062965e+00 6.104853739604936713e+00 1.466063487015766853e+01 1.112975619224270041e+01 -1.576821767335585101e+00 -1.298342135291074229e+01 -1.368610542374554484e+01 -3.105560505884785272e+00 1.003530009282410163e+01 1.490276329966834723e+01 7.483948879077512828e+00
-8.943696490374517083e+00 -1.803982017333636279e+01 -1.226338401341699935e+01 3.623347640764991606e+00 1.652288462775883815e+01 1.580046817828932859e+01 2.051679721271291168e+00 -1.338857401310859707e+01 -1.779089242953540051e+01 -7.525874377297338214e+00 8.943696490373620023e+00 1.803982017334161725e+01 1.226338401342408524e+01 -3.623347640761934496e+00 -1.652288462776231270e+01 -1.580046817829648198e+01 -2.051679721276209456e+00 1.338857401310993289e+01 1.779089242954191619e+01 7.525874377303638951e+00
-9.084988253591973262e+00 -1.711831830986781711e+01 -1.103880183958577454e+01 4.141428461292981922e+00 1.590734298553144477e+01 1.455877475881495897e+01 1.207523203827333802e+00 -1.313924609679447641e+01 -1.665363336770286296e+01 -6.438274084449113310e+00 9.084988253591417262e+00 1.711831830987297920e+01 1.103880183959241101e+01 -4.141428461290359131e+00 -1.590734298553498505e+01 -1.455877475882175176e+01 -1.207523203831766034e+00 1.313924609679602362e+01 1.665363336770914415e+01 6.438274084454922885e+00
2.039758285888621714e+01 4.042842169881223668e+01 2.712887723716123034e+01 -8.536513796300051027e+00 -3.716415106807642132e+01 -3.515256602727197333e+01 -4.160168714059647499e+00 3.026199439292831528e+01 3.973527673230373836e+01 1.644962492508957297e+01 -2.039758285888438394e+01 -4.042842169882410985e+01 -2.712887723717705413e+01 8.536513796293364820e+00 3.716415106808435809e+01 3.515256602728800317e+01 4.160168714070531237e+00 -3.026199439293147364e+01 -3.973527673231839685e+01 -1.644962492510359198e+01
-4.509111142793562621e+00 -7.268487534105956271e+00 -4.035508415245030456e+00 2.524462870139713822e+00 7.003192505301585769e+00 5.708283677023552549e+00 -2.927025827890060716e-01 -6.052376199966531090e+00 -6.822292360544005341e+00 -1.967709472744344712e+00 4.509111142793646110e+00 7.268487534108338366e+00 4.035508415247753611e+00 -2.524462870138902471e+00 -7.003192505303348803e+00 -5.708283677026440017e+00 2.927025827873800390e-01 6.052376199967494763e+00 6.822292360546773793e+00 1.967709472746626886e+00
1.839926160930933463e+01 4.180114852503702139e+01 3.074093565450070997e+01 -5.663011286262578992e+00 -3.739820468976505907e+01 -3.830121507145808124e+01 -7.627574038006015300e+00 2.933446401084220412e+01 4.211230469696341316e+01 2.017151927100343300e+01 -1.839926160930612298e+01 -4.180114852504852507e+01 -3.074093565451746457e+01 5.663011286254416632e+00 3.739820468977217871e+01 3.830121507147464399e+01 7.627574038018325453e+00 -2.933446401084420430e+01 -4.211230469697815693e+01 -2.017151927101868836e+01
-6.726536209853369641e+00 -1.105756524599226331e+01 -6.272411345859127962e+00 3.683903475176531828e+00 1.060309961301532233e+01 8.780787687060902513e+00 -2.806646010838578231e-01 -9.110728713776774512e+00 -1.042963935010792831e+01 -3.150047679668832146e+00 6.726536209853431814e+00 1.105756524599584800e+01 6.272411345863289078e+00 -3.683903475175235975e+00 -1.060309961301795134e+01 -8.780787687065295444e+00 2.806646010813318437e-01 9.110728713778176058e+00 1.042963935011212229e+01 3.150047679672341339e+00
4.590123102459737758e+00 1.612990137613413921e+00 -2.693939472495164189e+00 -4.779905922616165093e+00 -2.925176944823483893e+00 1.341154185589852776e+00 4.501798247503848494e+00 3.951027051768126963e+00 1.429126173719958981e-01 -3.783023194052815619e+00 -4.590123102461513227e+00 -1.612990137614990438e+00 2.693939472495084253e+00 4.779905922617651015e+00 2.925176944825309100e+00 -1.341154185589189307e+00 -4.501798247504896544e+00 -3.951027051770027221e+00 -1.429126173731768423e-01 3.783023194053325877e+00
-6.388215380568180279e+00 -1.171784100999181888e+01 -7.386932888194559510e+00 3.033980587281990271e+00 1.095359097808728421e+01 9.842737885845824763e+00 6.172413648739137892e-01 -9.117127143090884900e+00 -1.133506712084309775e+01 -4.208043431663155864e+00 6.388215380567882740e+00 1.171784100999540179e+01 7.386932888199077674e+00 -3.033980587280273866e+00 -1.095359097808977467e+01 -9.842737885850475266e+00 -6.172413648768810823e-01 9.117127143092025321e+00 1.133506712084742496e+01 4.208043431667085166e+00
-1.182477662344717650e+01 -2.482983759440616112e+01 -1.736444808617227054e+01 4.416704595905780906e+00 2.255659573658532935e+01 2.210016403587189870e+01 3.423705250474931461e+00 -1.807535712702211583e+01 -2.467256194884299703e+01 -1.092897897258332662e+01 1.182477662344570746e+01 2.482983759441325589e+01 1.736444808618209024e+01 -4.416704595901348007e+00 -2.255659573658991945e+01 -2.210016403588173972e+01 -3.423705250481891227e+00 1.807535712702372521e+01 2.467256194885189302e+01 1.092897897259213735e+01
-1.765494154954724726e+00 -3.531156641284878717e+00 -2.385629439609178615e+00 7.266810372108567506e-01 3.239894233195665940e+00 3.082043061309027276e+00 3.832646835399488583e-01 -2.631488403890549499e+00 -3.476764834311218522e+00 -1.455693786703984971e+00 1.765494154954556638e+00 3.531156641285911668e+00 2.385629439610563285e+00 -7.266810372102653348e-01 -3.239894233196352502e+00 -3.082043061310427490e+00 -3.832646835409058150e-01 2.631488403890817729e+00 3.476764834312496610e+00 1.455693786705214210e+00
