8.499999999991533217e-01 -9.999999999995836664e-01 -8.499999999992072786e-01 9.999999999994284572e-01 8.499999999992610134e-01 -9.999999999992722488e-01 -8.499999999993144151e-01 9.999999999991164845e-01 8.499999999993688160e-01 -9.999999999989620525e-01 -8.499999999994231059e-01 9.999999999988046229e-01 8.499999999994756195e-01 -9.999999999986499688e-01 -8.499999999995315747e-01 9.999999999984956478e-01 8.499999999995843103e-01 -9.999999999983382182e-01 -8.499999999996367128e-01 9.999999999981837862e-01
-7.000000000006857626e+00 -7.349999999987787191e+00 7.000000000005617729e+00 7.349999999988074961e+00 -7.000000000004377831e+00 -7.349999999988363619e+00 7.000000000003138823e+00 7.349999999988654942e+00 -7.000000000001896261e+00 -7.349999999988933830e+00 7.000000000000651923e+00 7.349999999989237587e+00 -6.999999999999422684e+00 -7.349999999989514698e+00 6.999999999998165912e+00 7.349999999989795363e+00 -6.999999999996935784e+00 -7.349999999990097344e+00 6.999999999995704769e+00 7.349999999990376232e+00
-6.750000000007389644e+00 -7.949999999987761967e+00 6.750000000006100898e+00 7.949999999987984900e+00 -6.750000000004811262e+00 -7.949999999988207833e+00 6.750000000003524292e+00 7.949999999988433430e+00 -6.750000000002232881e+00 -7.949999999988647481e+00 6.750000000000939693e+00 7.949999999988885513e+00 -6.749999999999661604e+00 -7.949999999989097788e+00 6.749999999998355094e+00 7.949999999989313615e+00 -6.749999999997077005e+00 -7.949999999989548982e+00 6.749999999995797140e+00 7.949999999989763921e+00
-9.100000000007302248e+00 -8.949999999985362109e+00 9.100000000005756817e+00 8.949999999985772448e+00 -9.100000000004209610e+00 -8.949999999986188115e+00 9.100000000002664180e+00 8.949999999986605559e+00 -9.100000000001115197e+00 -8.949999999987005239e+00 9.099999999999562661e+00 8.949999999987438670e+00 -9.099999999998029665e+00 -8.949999999987840127e+00 9.099999999996461142e+00 8.949999999988241584e+00 -9.099999999994926370e+00 -8.949999999988673238e+00 9.099999999993391597e+00 8.949999999989074695e+00
-8.150000000006921042e+00 -7.849999999986198240e+00 8.150000000005555023e+00 7.849999999986576604e+00 -8.150000000004185452e+00 -7.849999999986959409e+00 8.150000000002821210e+00 7.849999999987342214e+00 -8.150000000001451639e+00 -7.849999999987712584e+00 8.150000000000080291e+00 7.849999999988111377e+00 -8.149999999998723155e+00 -7.849999999988479082e+00 8.149999999997337596e+00 7.849999999988851229e+00 -8.149999999995980460e+00 -7.849999999989248245e+00 8.149999999994623323e+00 7.849999999989618615e+00
1.720000000001343921e+01 1.704999999997025029e+01 -1.720000000001050111e+01 -1.704999999997101767e+01 1.720000000000756302e+01 1.704999999997179572e+01 -1.720000000000463203e+01 -1.704999999997257376e+01 1.720000000000168683e+01 1.704999999997332338e+01 -1.719999999999873808e+01 -1.704999999997413340e+01 1.719999999999582485e+01 1.704999999997487947e+01 -1.719999999999284768e+01 -1.704999999997563265e+01 1.719999999998993445e+01 1.704999999997644267e+01 -1.719999999998701767e+01 -1.704999999997719229e+01
-4.150000000002764367e+00 -3.349999999992864907e+00 4.150000000002138201e+00 3.349999999993099387e+00 -4.150000000001512035e+00 -3.349999999993335198e+00 4.150000000000885869e+00 3.349999999993571453e+00 -4.150000000000258815e+00 -3.349999999993801048e+00 4.149999999999629985e+00 3.349999999994045297e+00 -4.149999999999009148e+00 -3.349999999994274447e+00 4.149999999998374989e+00 3.349999999994504929e+00 -4.149999999997753264e+00 -3.349999999994747846e+00 4.149999999997130651e+00 3.349999999994977884e+00
1.790000000001575131e+01 1.794999999996833751e+01 -1.790000000001267466e+01 -1.794999999996912621e+01 1.790000000000959446e+01 1.794999999996991846e+01 -1.790000000000652136e+01 -1.794999999997071782e+01 1.790000000000343405e+01 1.794999999997148521e+01 -1.790000000000034319e+01 -1.794999999997231299e+01 1.789999999999728786e+01 1.794999999997307683e+01 -1.789999999999416502e+01 -1.794999999997384776e+01 1.789999999999111324e+01 1.794999999997467199e+01 -1.789999999998805436e+01 -1.794999999997544293e+01
-5.150000000004538947e+00 -5.049999999990234301e+00 5.150000000003665868e+00 5.049999999990468780e+00 -5.150000000002791900e+00 -5.049999999990704147e+00 5.150000000001919709e+00 5.049999999990941291e+00 -5.150000000001043965e+00 -5.049999999991168664e+00 5.150000000000167333e+00 5.049999999991414690e+00 -5.149999999999301359e+00 -5.049999999991642063e+00 5.149999999998415845e+00 5.049999999991872102e+00 -5.149999999997548983e+00 -5.049999999992116351e+00 5.149999999996681233e+00 5.049999999992344613e+00
3.099999999999460520e+00 -3.000000000038631764e-01 -3.099999999999295319e+00 3.000000000035101255e-01 3.099999999999130118e+00 -3.000000000031546321e-01 -3.099999999998964473e+00 3.000000000027995828e-01 3.099999999998799716e+00 -3.000000000024494184e-01 -3.099999999998634514e+00 3.000000000020883739e-01 3.099999999998469313e+00 -3.000000000017386537e-01 -3.099999999998304556e+00 3.000000000013884893e-01 3.099999999998138911e+00 -3.000000000010278889e-01 -3.099999999997973266e+00 3.000000000006777245e-01
-6.050000000005116618e+00 -5.599999999990152411e+00 6.050000000004126299e+00 5.599999999990448174e+00 -6.050000000003135980e+00 -5.599999999990746602e+00 6.050000000002146550e+00 5.599999999991046806e+00 -6.050000000001153566e+00 -5.599999999991334576e+00 6.050000000000160583e+00 5.599999999991645439e+00 -6.049999999999178257e+00 -5.599999999991933208e+00 6.049999999998174616e+00 5.599999999992224531e+00 -6.049999999997191402e+00 -5.599999999992531841e+00 6.049999999996208189e+00 5.599999999992822275e+00
-1.215000000001053770e+01 -1.174999999997915801e+01 1.215000000000849489e+01 1.174999999997972111e+01 -1.215000000000645031e+01 -1.174999999998028777e+01 1.215000000000441105e+01 1.174999999998085620e+01 -1.215000000000236291e+01 -1.174999999998140510e+01 1.215000000000031299e+01 1.174999999998199485e+01 -1.214999999999828617e+01 -1.174999999998254019e+01 1.214999999999621494e+01 1.174999999998309264e+01 -1.214999999999418812e+01 -1.174999999998368061e+01 1.214999999999215952e+01 1.174999999998422950e+01
-2.400000000001341061e+00 -1.649999999996342837e+00 2.400000000001010214e+00 1.649999999996496491e+00 -2.400000000000678924e+00 -1.649999999996651034e+00 2.400000000000348077e+00 1.649999999996806466e+00 -2.400000000000016342e+00 -1.649999999996957678e+00 2.399999999999684164e+00 1.649999999997116884e+00 -2.399999999999355094e+00 -1.649999999997267652e+00 2.399999999999020250e+00 1.649999999997419087e+00 -2.399999999998691624e+00 -1.649999999997578071e+00 2.399999999998362110e+00 1.649999999997729505e+00
-1.345000000001384421e+01 -1.444999999997643592e+01 1.345000000001142659e+01 1.444999999997696705e+01 -1.345000000000901075e+01 -1.444999999997750173e+01 1.345000000000659490e+01 1.444999999997803997e+01 -1.345000000000417195e+01 -1.444999999997855511e+01 1.345000000000174545e+01 1.444999999997911644e+01 -1.344999999999934737e+01 -1.444999999997962981e+01 1.344999999999689777e+01 1.444999999998014850e+01 -1.344999999999449791e+01 -1.444999999998070628e+01 1.344999999999209983e+01 1.444999999998122320e+01
-8.500000000013608892e-01 -1.599999999999248690e+00 8.500000000011339596e-01 1.599999999999238920e+00 -8.500000000009069190e-01 -1.599999999999228706e+00 8.500000000006804335e-01 1.599999999999218936e+00 -8.500000000004526157e-01 -1.599999999999207612e+00 8.500000000002249090e-01 1.599999999999199396e+00 -8.500000000000000888e-01 -1.599999999999187850e+00 8.499999999997694955e-01 1.599999999999177192e+00 -8.499999999995445643e-01 -1.599999999999168532e+00 8.499999999993197441e-01 1.599999999999157430e+00
-2.100000000001609912e+00 -2.049999999998518785e+00 2.100000000001254641e+00 2.049999999998615152e+00 -2.100000000000899369e+00 -2.049999999998711520e+00 2.100000000000544986e+00 2.049999999998808775e+00 -2.100000000000188827e+00 -2.049999999998902478e+00 2.099999999999832223e+00 2.049999999999003286e+00 -2.099999999999480060e+00 -2.049999999999096545e+00 2.099999999999119904e+00 2.049999999999190692e+00 -2.099999999998767297e+00 -2.049999999999291056e+00 2.099999999998414690e+00 2.049999999999384759e+00
-1.805000000001656701e+01 -1.894999999996885265e+01 1.805000000001337312e+01 1.894999999996959517e+01 -1.805000000001017213e+01 -1.894999999997034124e+01 1.805000000000698179e+01 1.894999999997109441e+01 -1.805000000000377725e+01 -1.894999999997180851e+01 1.805000000000056914e+01 1.894999999997259366e+01 -1.804999999999739657e+01 -1.894999999997330775e+01 1.804999999999415650e+01 1.894999999997403251e+01 -1.804999999999098748e+01 -1.894999999997481055e+01 1.804999999998781135e+01 1.894999999997553175e+01
-7.200000000007353407e+00 -7.449999999987510613e+00 7.200000000006091305e+00 7.449999999987814370e+00 -7.200000000004826539e+00 -7.449999999988118127e+00 7.200000000003565326e+00 7.449999999988423660e+00 -7.200000000002298783e+00 -7.449999999988718535e+00 7.200000000001031353e+00 7.449999999989037391e+00 -7.199999999999777245e+00 -7.449999999989330490e+00 7.199999999998497380e+00 7.449999999989625366e+00 -7.199999999997244160e+00 -7.449999999989942445e+00 7.199999999995990052e+00 7.449999999990237320e+00
1.800000000002399902e+00 2.599999999996503330e+00 -1.800000000002004441e+00 -2.599999999996532196e+00 1.800000000001609202e+00 2.599999999996561062e+00 -1.800000000001214406e+00 -2.599999999996590816e+00 1.800000000000817391e+00 2.599999999996617017e+00 -1.800000000000420597e+00 -2.599999999996649880e+00 1.800000000000028688e+00 2.599999999996676081e+00 -1.799999999999627232e+00 -2.599999999996703171e+00 1.799999999999235323e+00 2.599999999996735589e+00 -1.799999999998842526e+00 -2.599999999996762234e+00
-1.515000000001508340e+01 -1.679999999997325943e+01 1.515000000001230696e+01 1.679999999997382432e+01 -1.515000000000952518e+01 -1.679999999997439275e+01 1.515000000000674873e+01 1.679999999997496474e+01 -1.515000000000396341e+01 -1.679999999997551186e+01 1.515000000000117275e+01 1.679999999997610871e+01 -1.514999999999841762e+01 -1.679999999997665228e+01 1.514999999999559677e+01 1.679999999997720650e+01 -1.514999999999283986e+01 -1.679999999997780336e+01 1.514999999999008118e+01 1.679999999997835047e+01
