7.515642528058982030e+00 5.537076065312908746e+00 -1.006419224033730409e+00 -6.720192820334314199e+00 -6.893641240675035142e+00 -1.383768491393815303e+00 5.266923817018470011e+00 7.575408780576887047e+00 3.638503305601750171e+00 -3.298091613676579215e+00 -7.515642528059054861e+00 -5.537076065314112228e+00 1.006419224032380821e+00 6.720192820333940276e+00 6.893641240675941084e+00 1.383768491395259481e+00 -5.266923817017683973e+00 -7.575408780577401302e+00 -3.638503305603147275e+00 3.298091613675472100e+00
1.131824566958773914e+01 1.754878304280421020e+01 9.311586066893868363e+00 -6.602357111659458155e+00 -1.707312234809769436e+01 -1.346830194193480779e+01 1.240183838314657283e+00 1.492622548252063730e+01 1.630664658372131726e+01 4.243387269993462496e+00 -1.131824566958576028e+01 -1.754878304280520140e+01 -9.311586066897021396e+00 6.602357111656756317e+00 1.707312234809766593e+01 1.346830194193747943e+01 -1.240183838311493592e+00 -1.492622548251957859e+01 -1.630664658372324283e+01 -4.243387269996747868e+00
9.904153614607697165e+00 1.409410036244127085e+01 6.664455060138666731e+00 -6.259563564610250097e+00 -1.402301335826935613e+01 -1.022547732477233140e+01 2.002243819964582006e+00 1.257925610251035486e+01 1.278555862376719787e+01 2.451069500232399889e+00 -9.904153614606251210e+00 -1.409410036244225140e+01 -6.664455060141271758e+00 6.259563564608178865e+00 1.402301335826952133e+01 1.022547732477460336e+01 -2.002243819962085336e+00 -1.257925610250967985e+01 -1.278555862376890850e+01 -2.451069500235053322e+00
1.210874994137650162e+01 2.577890077904496735e+01 1.819616545509144601e+01 -4.388025373491534431e+00 -2.335459865753874453e+01 -2.306695195473097115e+01 -3.762229691121659947e+00 1.864418569837470585e+01 2.567978448013612436e+01 1.154421150057232914e+01 -1.210874994137279792e+01 -2.577890077904540078e+01 -1.819616545509567018e+01 4.388025373487018044e+00 2.335459865753765740e+01 2.306695195473420412e+01 3.762229691126549813e+00 -1.864418569837217632e+01 -2.567978448013804993e+01 -1.154421150057707379e+01
3.618913560912851324e+00 3.168673289840496121e+00 1.060852972898611579e-01 -3.043962543376433683e+00 -3.684477880344677381e+00 -1.287400977552534131e+00 2.171047263560078378e+00 3.839620104653711508e+00 2.342696880282303162e+00 -1.085614751010615109e+00 -3.618913560912772276e+00 -3.168673289841031249e+00 -1.060852972905723668e-01 3.043962543376136587e+00 3.684477880345037537e+00 1.287400977553257109e+00 -2.171047263559591656e+00 -3.839620104653858945e+00 -2.342696880282966188e+00 1.085614751009994050e+00
-5.455569558545710684e+00 -1.404088830560692358e+01 -1.105048459169793418e+01 1.050264558236146506e+00 1.228514462837141785e+01 1.339178911143789996e+01 3.457847654657187242e+00 -9.326845399274684922e+00 -1.442221200686866212e+01 -7.627481646871403953e+00 5.455569558543492903e+00 1.404088830560690404e+01 1.105048459170013153e+01 -1.050264558233548806e+00 -1.228514462837055987e+01 -1.339178911143948980e+01 -3.457847654659911729e+00 9.326845399273064885e+00 1.442221200686948457e+01 7.627481646873968124e+00
-6.104853739611055374e+00 -1.466063487016138822e+01 -1.112975619224068247e+01 1.576821767341317626e+00 1.298342135291479060e+01 1.368610542374412731e+01 3.105560505879228828e+00 -1.003530009282862423e+01 -1.490276329966750346e+01 -7.483948879071956384e+00 6.104853739608811836e+00 1.466063487016145750e+01 1.112975619224301305e+01 -1.576821767338654423e+00 -1.298342135291399302e+01 -1.368610542374584682e+01 -3.105560505882051459e+00 1.003530009282701840e+01 1.490276329966844315e+01 7.483948879074642235e+00
-8.943696490381027431e+00 -1.803982017334534405e+01 -1.226338401342080253e+01 3.623347640769016831e+00 1.652288462776654043e+01 1.580046817829389028e+01 2.051679721269204837e+00 -1.338857401311482853e+01 -1.779089242953997996e+01 -7.525874377296494444e+00 8.943696490378519215e+00 1.803982017334575261e+01 1.226338401342380102e+01 -3.623347640765913535e+00 -1.652288462776589029e+01 -1.580046817829622618e+01 -2.051679721272601231e+00 1.338857401311316231e+01 1.779089242954142236e+01 7.525874377299824225e+00
-9.084988253598364594e+00 -1.711831830987639336e+01 -1.103880183958927041e+01 4.141428461296966290e+00 1.590734298553883974e+01 1.455877475881925243e+01 1.207523203825257685e+00 -1.313924609680045918e+01 -1.665363336770722213e+01 -6.438274084448287304e+00 9.084988253596090857e+00 1.711831830987691916e+01 1.103880183959216943e+01 -4.141428461294093921e+00 -1.590734298553836013e+01 -1.455877475882155814e+01 -1.207523203828448688e+00 1.313924609679900612e+01 1.665363336770871072e+01 6.438274084451457213e+00
2.039758285890068024e+01 4.042842169883266479e+01 2.712887723717026134e+01 -8.536513796308767610e+00 -3.716415106809383673e+01 -3.515256602728269542e+01 -4.160168714055426875e+00 3.026199439294224192e+01 3.973527673231442492e+01 1.644962492508823715e+01 -2.039758285889512379e+01 -4.042842169883367376e+01 -2.712887723717701149e+01 8.536513796301857582e+00 3.716415106809245827e+01 3.515256602728798185e+01 4.160168714063019024e+00 -3.026199439293858262e+01 -3.973527673231773605e+01 -1.644962492509570495e+01
-4.509111142796673022e+00 -7.268487534109615567e+00 -4.035508415246172653e+00 2.524462870141797488e+00 7.003192505304848936e+00 5.708283677025159264e+00 -2.927025827902304256e-01 -6.052376199969253356e+00 -6.822292360545749723e+00 -1.967709472743725208e+00 4.509111142795822147e+00 7.268487534109985937e+00 4.035508415247462288e+00 -2.524462870140656623e+00 -7.003192505304796533e+00 -5.708283677026238401e+00 2.927025827889105924e-01 6.052376199968776405e+00 6.822292360546512668e+00 1.967709472745083010e+00
1.839926160932249033e+01 4.180114852505809608e+01 3.074093565451163812e+01 -5.663011286269780342e+00 -3.739820468978251000e+01 -3.830121507147019599e+01 -7.627574038003277934e+00 2.933446401085574706e+01 4.211230469697498080e+01 2.017151927100336195e+01 -1.839926160931626953e+01 -4.180114852505852241e+01 -3.074093565451837051e+01 5.663011286262307209e+00 3.739820468978045653e+01 3.830121507147524795e+01 7.627574038011272428e+00 -2.933446401085138433e+01 -4.211230469697786560e+01 -2.017151927101103581e+01
-6.726536209857951754e+00 -1.105756524599793877e+01 -6.272411345861137022e+00 3.683903475179497455e+00 1.060309961302031745e+01 8.780787687063581259e+00 -2.806646010854834117e-01 -9.110728713780870791e+00 -1.042963935011076337e+01 -3.150047679668139367e+00 6.726536209856634585e+00 1.105756524599847168e+01 6.272411345863087462e+00 -3.683903475177746412e+00 -1.060309961302020554e+01 -8.780787687065203073e+00 2.806646010834683569e-01 9.110728713780115839e+00 1.042963935011189847e+01 3.150047679670201273e+00
4.590123102462212223e+00 1.612990137614043640e+00 -2.693939472496713616e+00 -4.779905922618415737e+00 -2.925176944824533720e+00 1.341154185590727188e+00 4.501798247505710115e+00 3.951027051769331777e+00 1.429126173716352977e-01 -3.783023194054231819e+00 -4.590123102462657201e+00 -1.612990137614936703e+00 2.693939472496103438e+00 4.779905922618598701e+00 2.925176944825353953e+00 -1.341154185589939818e+00 -4.501798247505609751e+00 -3.951027051769997911e+00 -1.429126173725224769e-01 3.783023194053865890e+00
-6.388215380572801472e+00 -1.171784100999777500e+01 -7.386932888196812819e+00 3.033980587284958119e+00 1.095359097809249249e+01 9.842737885848700685e+00 6.172413648722836488e-01 -9.117127143095164143e+00 -1.133506712084609269e+01 -4.208043431662431111e+00 6.388215380571274693e+00 1.171784100999817468e+01 7.386932888198812996e+00 -3.033980587283012564e+00 -1.095359097809220295e+01 -9.842737885850308288e+00 -6.172413648744587977e-01 9.117127143094204911e+00 1.133506712084714430e+01 4.208043431664603595e+00
-1.182477662345566038e+01 -2.482983759441849969e+01 -1.736444808617793001e+01 4.416704595910820430e+00 2.255659573659576367e+01 2.210016403587845346e+01 3.423705250472532935e+00 -1.807535712703042208e+01 -2.467256194884944165e+01 -1.092897897258256812e+01 1.182477662345212188e+01 2.482983759441895799e+01 1.736444808618201208e+01 -4.416704595906489672e+00 -2.255659573659475114e+01 -2.210016403588159406e+01 -3.423705250477233619e+00 1.807535712702802400e+01 2.467256194885132814e+01 1.092897897258714224e+01
-1.765494154955927986e+00 -3.531156641286537390e+00 -2.385629439609878499e+00 7.266810372115972694e-01 3.239894233197074147e+00 3.082043061309850174e+00 3.832646835395595586e-01 -2.631488403891677041e+00 -3.476764834312026764e+00 -1.455693786703808668e+00 1.765494154955439710e+00 3.531156641286621323e+00 2.385629439610466918e+00 -7.266810372109916427e-01 -3.239894233196949358e+00 -3.082043061310310250e+00 -3.832646835402236385e-01 2.631488403891353745e+00 3.476764834312312313e+00 1.455693786704460591e+00
-1.257315790785240495e+01 -2.930052011219170893e+01 -2.187166930503908091e+01 3.588830791151329525e+00 2.609059292906315264e+01 2.708250070338874593e+01 5.746796088242440703e+00 -2.032673672618684435e+01 -2.964230823801201353e+01 -1.451988652623631282e+01 1.257315790784798892e+01 2.930052011219193631e+01 2.187166930504377049e+01 -3.588830791146051968e+00 -2.609059292906163918e+01 -2.708250070339224180e+01 -5.746796088248062873e+00 2.032673672618371441e+01 2.964230823801396753e+01 1.451988652624168452e+01
-2.757603764735579777e+00 -4.210379677242572782e+00 -2.191994396934796807e+00 1.633535717990518554e+00 4.112330805190518745e+00 3.200799081687646375e+00 -3.495658136558629225e-01 -3.611738341632759752e+00 -3.896287251046278044e+00 -9.686220280877131383e-01 2.757603764735113039e+00 4.210379677242820584e+00 2.191994396935557088e+00 -1.633535717989875513e+00 -4.112330805190521410e+00 -3.200799081688293857e+00 3.495658136551060835e-01 3.611738341632514171e+00 3.896287251046749223e+00 9.686220280885020628e-01
1.059643753608197070e+00 7.075940836018946856e-01 -2.278170197069798730e-01 -9.754090524118816941e-01 -9.188450922136117693e-01 -1.047581362770992341e-01 7.956945170909681675e-01 1.040153141229232636e+00 4.270788359895270059e-01 -5.380918585074668803e-01 -1.059643753608223937e+00 -7.075940836020708780e-01 2.278170197067984071e-01 9.754090524118458339e-01 9.188450922137506582e-01 1.047581362772989078e-01 -7.956945170908730214e-01 -1.040153141229319678e+00 -4.270788359897254027e-01 5.380918585073235505e-01
