9.617376207840374391e+00 -6.224438188047086484e+00 4.539763412890598926e-01 5.489889037756343626e+00 -9.336803398846040380e+00 9.617376207851640046e+00 -6.224438188050021026e+00 4.539763412825163491e-01 5.489889037769841273e+00 -9.336803398861341918e+00 9.617376207862905702e+00 -6.224438188052944909e+00 4.539763412760175476e-01 5.489889037783310499e+00 -9.336803398876657667e+00 9.617376207874173133e+00 -6.224438188055868793e+00 4.539763412694827194e-01 5.489889037796807258e+00 -9.336803398891962757e+00
-3.261803398863097225e+00 2.057749417088460486e+00 -6.770509831509259613e-02 -1.948200266804093639e+00 3.219959346896303920e+00 -3.261803398866852888e+00 2.057749417089330013e+00 -6.770509831273503754e-02 -1.948200266808769232e+00 3.219959346901513086e+00 -3.261803398870608994e+00 2.057749417090195987e+00 -6.770509831039275839e-02 -1.948200266813435499e+00 3.219959346906728026e+00 -3.261803398874365101e+00 2.057749417091061961e+00 -6.770509830803818352e-02 -1.948200266818111093e+00 3.219959346911938969e+00
-5.715450849698343383e+00 3.813776741490458200e+00 -4.553695435349536247e-01 -3.076973342611338591e+00 5.434016994358572106e+00 -5.715450849705178804e+00 3.813776741492472144e+00 -4.553695435313623863e-01 -3.076973342619149232e+00 5.434016994367620867e+00 -5.715450849712014225e+00 3.813776741494480760e+00 -4.553695435277974601e-01 -3.076973342626942109e+00 5.434016994376681176e+00 -5.715450849718850534e+00 3.813776741496488487e+00 -4.553695435242113287e-01 -3.076973342634752751e+00 5.434016994385731714e+00
2.042376207867805604e+00 -1.338854381996338549e+00 1.239356881882537620e-01 1.138322226089333089e+00 -1.965779740150618515e+00 2.042376207870218785e+00 -1.338854381997001797e+00 1.239356881869082688e-01 1.138322226092168155e+00 -1.965779740153861255e+00 2.042376207872631966e+00 -1.338854381997662824e+00 1.239356881855722542e-01 1.138322226094997003e+00 -1.965779740157107769e+00 2.042376207875046035e+00 -1.338854381998324072e+00 1.239356881842286207e-01 1.138322226097832068e+00 -1.965779740160351174e+00
7.626064311785777150e+00 -4.715295568707451146e+00 3.444185381758021677e-03 4.709722759698788508e+00 -7.623935688164650060e+00 7.626064311794441331e+00 -4.715295568709258589e+00 3.444185375997842885e-03 4.709722759709895179e+00 -7.623935688176866066e+00 7.626064311803105511e+00 -4.715295568711058039e+00 3.444185370273638788e-03 4.709722759720980534e+00 -7.623935688189094506e+00 7.626064311811771468e+00 -4.715295568712856600e+00 3.444185364520509912e-03 4.709722759732088093e+00 -7.623935688201313177e+00
5.785081306167701776e+00 -3.482875042054332404e+00 -1.496711095572862416e-01 3.725047984453876637e+00 -5.877583139014319613e+00 5.785081306174159721e+00 -3.482875042055482595e+00 -1.496711095618999676e-01 3.725047984462475092e+00 -5.877583139023622394e+00 5.785081306180615890e+00 -3.482875042056624793e+00 -1.496711095664862157e-01 3.725047984471057561e+00 -5.877583139032934945e+00 5.785081306187074723e+00 -3.482875042057767878e+00 -1.496711095710945294e-01 3.725047984479656904e+00 -5.877583139042240390e+00
9.855901699401798055e+00 -6.223906032140178901e+00 2.145898033828135543e-01 5.876692436630974292e+00 -9.723277907282902532e+00 9.855901699413154304e+00 -6.223906032142821232e+00 2.145898033757059897e-01 5.876692436645090112e+00 -9.723277907298641054e+00 9.855901699424510554e+00 -6.223906032145452016e+00 2.145898033686445550e-01 5.876692436659178398e+00 -9.723277907314397339e+00 9.855901699435868579e+00 -6.223906032148084577e+00 2.145898033615459832e-01 5.876692436673294218e+00 -9.723277907330139413e+00
-6.499999999975176745e-01 3.775831390303904245e-01 3.905764746772154988e-02 -4.407797401539923499e-01 6.741389536538847649e-01 -6.499999999982265519e-01 3.775831390304872359e-01 3.905764746827559281e-02 -4.407797401549837235e-01 6.741389536549353689e-01 -6.499999999989352073e-01 3.775831390305832702e-01 3.905764746882651323e-02 -4.407797401559733208e-01 6.741389536559868612e-01 -6.499999999996441957e-01 3.775831390306792490e-01 3.905764746937993859e-02 -4.407797401569647500e-01 6.741389536570375762e-01
-7.410410196599421795e+00 4.655746418427000322e+00 -1.227457514132707928e-01 -4.457139620668194802e+00 7.334549150259518591e+00 -7.410410196607931432e+00 4.655746418428930333e+00 -1.227457514078649087e-01 -4.457139620678852054e+00 7.334549150271360674e+00 -7.410410196616441070e+00 4.655746418430853240e+00 -1.227457514024937746e-01 -4.457139620689488879e+00 7.334549150283216079e+00 -7.410410196624951595e+00 4.655746418432775258e+00 -1.227457513970946767e-01 -4.457139620700146132e+00 7.334549150295061715e+00
-7.792172942378639000e+00 5.224312563080875549e+00 -6.609423525364599428e-01 -4.154885372075243666e+00 7.383688103915464040e+00 -7.792172942387987966e+00 5.224312563083679528e+00 -6.609423525316282522e-01 -4.154885372085845852e+00 7.383688103927790181e+00 -7.792172942397336932e+00 5.224312563086475514e+00 -6.609423525268321997e-01 -4.154885372096425833e+00 7.383688103940134084e+00 -7.792172942406688563e+00 5.224312563089271499e+00 -6.609423525220071705e-01 -4.154885372107028019e+00 7.383688103952463777e+00
-9.775861046310005520e+00 6.238699100985783730e+00 -3.185661446647577999e-01 -5.723248251256513264e+00 9.578976341252944948e+00 -9.775861046321349335e+00 6.238699100988557511e+00 -3.185661446578774147e-01 -5.723248251270394604e+00 9.578976341268530703e+00 -9.775861046332694926e+00 6.238699100991321522e+00 -3.185661446510426598e-01 -5.723248251284247523e+00 9.578976341284134222e+00 -9.775861046344040517e+00 6.238699100994086422e+00 -3.185661446441711564e-01 -5.723248251298129752e+00 9.578976341299723529e+00
-8.599999999968686026e+00 5.679682106610962400e+00 -5.899186938192998442e-01 -4.725173609415336706e+00 8.235410196598961008e+00 -8.599999999978900078e+00 5.679682106613854309e+00 -5.899186938137434000e-01 -4.725173609427196553e+00 8.235410196612598099e+00 -8.599999999989114130e+00 5.679682106616736448e+00 -5.899186938082268128e-01 -4.725173609439031530e+00 8.235410196626251178e+00 -8.599999999999329958e+00 5.679682106619620363e+00 -5.899186938026780291e-01 -4.725173609450891377e+00 8.235410196639893599e+00
1.689151516147091669e+01 -1.019112695900554222e+01 -4.019253581410530685e-01 1.084145584942392482e+01 -1.713991869376098265e+01 1.689151516148980292e+01 -1.019112695900895105e+01 -4.019253581544682263e-01 1.084145584944899099e+01 -1.713991869378813959e+01 1.689151516150868204e+01 -1.019112695901234034e+01 -4.019253581678031151e-01 1.084145584947401098e+01 -1.713991869381532140e+01 1.689151516152756827e+01 -1.019112695901572785e+01 -4.019253581812024523e-01 1.084145584949907892e+01 -1.713991869384248190e+01
-4.076393202234953606e+00 2.762586804711197441e+00 -3.935661446582556788e-01 -2.125783405834284157e+00 3.833155948019440817e+00 -4.076393202239880331e+00 2.762586804712733990e+00 -3.935661446558045840e-01 -2.125783405839776652e+00 3.833155948025877890e+00 -4.076393202244807945e+00 2.762586804714266098e+00 -3.935661446533721408e-01 -2.125783405845256713e+00 3.833155948032323845e+00 -4.076393202249735559e+00 2.762586804715798650e+00 -3.935661446509247097e-01 -2.125783405850748764e+00 3.833155948038762695e+00
1.808454915021808418e+01 -1.088051349691160574e+01 -4.795084971700536158e-01 1.165637454323321620e+01 -1.838090169938326923e+01 1.808454915023826004e+01 -1.088051349691518332e+01 -4.795084971844951749e-01 1.165637454326011024e+01 -1.838090169941235175e+01 1.808454915025843945e+01 -1.088051349691873781e+01 -4.795084971988506917e-01 1.165637454328695277e+01 -1.838090169944146623e+01 1.808454915027861887e+01 -1.088051349692229586e+01 -4.795084972132752088e-01 1.165637454331384681e+01 -1.838090169947055585e+01
-5.727254248573130369e+00 3.869146285021071385e+00 -5.331559480342745738e-01 -3.006481839799411748e+00 5.397745751390160329e+00 -5.727254248580037732e+00 3.869146285023201681e+00 -5.331559480307991317e-01 -3.006481839807150891e+00 5.397745751399208203e+00 -5.727254248586945984e+00 3.869146285025325760e+00 -5.331559480273498908e-01 -3.006481839814873158e+00 5.397745751408269399e+00 -5.727254248593854236e+00 3.869146285027450283e+00 -5.331559480238794446e-01 -3.006481839822612301e+00 5.397745751417321713e+00
1.111474508433117458e+00 -9.079526825597372675e-01 3.576237921248213159e-01 3.293052317165477971e-01 -8.904508497156427005e-01 1.111474508434650010e+00 -9.079526825605206408e-01 3.576237921245542517e-01 3.293052317177611044e-01 -8.904508497173384551e-01 1.111474508436182340e+00 -9.079526825613033481e-01 3.576237921242919060e-01 3.293052317189706923e-01 -8.904508497190379845e-01 1.111474508437715114e+00 -9.079526825620858332e-01 3.576237921240257300e-01 3.293052317201839996e-01 -8.904508497207348494e-01
-5.309549150262098394e+00 3.193285238679180349e+00 1.427050983078979596e-01 -3.424186938111039247e+00 5.397745751390060853e+00 -5.309549150268020767e+00 3.193285238680227511e+00 1.427050983121410099e-01 -3.424186938118937373e+00 5.397745751398600689e+00 -5.309549150273944029e+00 3.193285238681268456e+00 1.427050983163588027e-01 -3.424186938126820401e+00 5.397745751407148518e+00 -5.309549150279867291e+00 3.193285238682309846e+00 1.427050983205968848e-01 -3.424186938134718527e+00 5.397745751415690130e+00
-1.266631189601951490e+01 7.215546818640288684e+00 9.913118960483155995e-01 -8.819523159902782794e+00 1.327897634124314585e+01 -1.266631189603315377e+01 7.215546818641839444e+00 9.913118960594811124e-01 -8.819523159922363575e+00 1.327897634126367166e+01 -1.266631189604679086e+01 7.215546818643375104e+00 9.913118960705853411e-01 -8.819523159941908830e+00 1.327897634128421522e+01 -1.266631189606042973e+01 7.215546818644910765e+00 9.913118960817386416e-01 -8.819523159961489611e+00 1.327897634130474458e+01
-2.240450849710525105e+00 1.551518827214944496e+00 -2.699593469078282459e-01 -1.114715428338128866e+00 2.073606797743273944e+00 -2.240450849713273573e+00 1.551518827215867091e+00 -2.699593469065670881e-01 -1.114715428341086501e+00 2.073606797746799124e+00 -2.240450849716022041e+00 1.551518827216787466e+00 -2.699593469053160888e-01 -1.114715428344037473e+00 2.073606797750329189e+00 -2.240450849718770954e+00 1.551518827217707841e+00 -2.699593469040568738e-01 -1.114715428346995107e+00 2.073606797753855702e+00
