4.490576474686177377e+00 1.185661446545203113e-01 -4.298732422720252799e+00 -7.074061313157269382e+00 -7.147339220469116405e+00 -4.490576474687059338e+00 -1.185661446552193077e-01 4.298732422720004998e+00 7.074061313157562481e+00 7.147339220469842047e+00 4.490576474687939523e+00 1.185661446559160837e-01 -4.298732422719752755e+00 -7.074061313157853803e+00 -7.147339220470565024e+00 -4.490576474688821484e+00 -1.185661446566164123e-01 4.298732422719505841e+00 7.074061313158148678e+00 7.147339220471291554e+00
-3.224342219128530918e+00 -1.319885804768967752e+01 -1.813185871471895538e+01 -1.613910563193701009e+01 -7.981762745780180524e+00 3.224342219127100506e+00 1.319885804768947679e+01 1.813185871472005317e+01 1.613910563193898895e+01 7.981762745782288171e+00 -3.224342219125669651e+00 -1.319885804768927429e+01 -1.813185871472114741e+01 -1.613910563194096426e+01 -7.981762745784378055e+00 3.224342219124238795e+00 1.319885804768906468e+01 1.813185871472224164e+01 1.613910563194294667e+01 7.981762745786484814e+00
-4.167908363784995629e+00 -1.612644118672071869e+01 -2.192522159390592762e+01 -1.934931256309273806e+01 -9.382623792123704121e+00 4.167908363783294767e+00 1.612644118672050908e+01 2.192522159390728476e+01 1.934931256309513969e+01 9.382623792126240758e+00 -4.167908363781592129e+00 -1.612644118672029592e+01 -2.192522159390862768e+01 -1.934931256309753778e+01 -9.382623792128757856e+00 4.167908363779890379e+00 1.612644118672007565e+01 2.192522159390998127e+01 1.934931256309993941e+01 9.382623792131294493e+00
-9.670288237348175997e+00 -2.247238720493961495e+01 -2.669079806859310722e+01 -2.071423125690463252e+01 -6.825532155904200593e+00 9.670288237346580829e+00 2.247238720493992759e+01 2.669079806859520332e+01 2.071423125690770561e+01 6.825532155907094278e+00 -9.670288237344980331e+00 -2.247238720494023312e+01 -2.669079806859728876e+01 -2.071423125691078226e+01 -6.825532155909957766e+00 9.670288237343381610e+00 2.247238720494053510e+01 2.669079806859937420e+01 2.071423125691385891e+01 6.825532155912844345e+00
-8.030901699441654884e+00 -1.944984471900214018e+01 -2.343960813181210412e+01 -1.847623792124876374e+01 -6.455572808998250700e+00 8.030901699440205377e+00 1.944984471900235690e+01 2.343960813181389824e+01 1.847623792125144959e+01 6.455572809000809542e+00 -8.030901699438752317e+00 -1.944984471900257006e+01 -2.343960813181568525e+01 -1.847623792125413189e+01 -6.455572809003344403e+00 8.030901699437301033e+00 1.944984471900277612e+01 2.343960813181747227e+01 1.847623792125682129e+01 6.455572809005901469e+00
2.270742052666580335e+01 5.157334422022242393e+01 6.074000333515371608e+01 4.670604565283949228e+01 1.483196601124519631e+01 -2.270742052666224353e+01 -5.157334422022322684e+01 -6.074000333515854066e+01 -4.670604565284650533e+01 -1.483196601125174396e+01 2.270742052665867305e+01 5.157334422022400844e+01 6.074000333516335814e+01 4.670604565285353260e+01 1.483196601125822944e+01 -2.270742052665511324e+01 -5.157334422022479004e+01 -6.074000333516817562e+01 -4.670604565286055987e+01 -1.483196601126477177e+01
-2.748277907314740531e+00 -8.749061313157426412e+00 -1.140800066703108051e+01 -9.709471509780595255e+00 -4.302254248592785935e+00 2.748277907313914969e+00 8.749061313157389108e+00 1.140800066703184257e+01 9.709471509781863574e+00 4.302254248594081787e+00 -2.748277907313088519e+00 -8.749061313157348252e+00 -1.140800066703259930e+01 -9.709471509783131893e+00 -4.302254248595365205e+00 2.748277907312262958e+00 8.749061313157307396e+00 1.140800066703335780e+01 9.709471509784401988e+00 4.302254248596659281e+00
1.549290836379124414e+01 4.410797101100491346e+01 5.587528790681132307e+01 4.630014395340301547e+01 1.903991869380814705e+01 -1.549290836378741076e+01 -4.410797101100497741e+01 -5.587528790681525237e+01 -4.630014395340928957e+01 -1.903991869381440694e+01 1.549290836378357206e+01 4.410797101100503426e+01 5.587528790681915325e+01 4.630014395341556366e+01 1.903991869382060642e+01 -1.549290836377973690e+01 -4.410797101100508399e+01 -5.587528790682306123e+01 -4.630014395342185196e+01 -1.903991869382685564e+01
-6.381762745783562174e+00 -1.286291569515726962e+01 -1.443087204340577934e+01 -1.048672575837420951e+01 -2.537006664342758899e+00 6.381762745782817881e+00 1.286291569515758226e+01 1.443087204340702456e+01 1.048672575837590770e+01 2.537006664344272799e+00 -6.381762745782072699e+00 -1.286291569515789135e+01 -1.443087204340826446e+01 -1.048672575837760945e+01 -2.537006664345771600e+00 6.381762745781327517e+00 1.286291569515819688e+01 1.443087204340950436e+01 1.048672575837931475e+01 2.537006664347282836e+00
1.310787504206164478e+01 1.252279373587289157e+01 7.154430856685151774e+00 -9.466814395953297989e-01 -8.686193602469330699e+00 -1.310787504206230381e+01 -1.252279373587427713e+01 -7.154430856686731843e+00 9.466814395941565152e-01 8.686193602469005626e+00 1.310787504206295928e+01 1.252279373587565914e+01 7.154430856688312801e+00 -9.466814395929779025e-01 -8.686193602468694763e+00 -1.310787504206361476e+01 -1.252279373587704114e+01 -7.154430856689885765e+00 9.466814395918019542e-01 8.686193602468375019e+00
-7.080369543533724830e+00 -1.540230223306336299e+01 -1.784107897456169312e+01 -1.346516994374893628e+01 -3.946023658717683347e+00 7.080369543532722076e+00 1.540230223306364898e+01 1.784107897456315328e+01 1.346516994375101284e+01 3.946023658719589378e+00 -7.080369543531715770e+00 -1.540230223306392965e+01 -1.784107897456460989e+01 -1.346516994375308762e+01 -3.946023658721477645e+00 7.080369543530711240e+00 1.540230223306420676e+01 1.784107897456606295e+01 1.346516994375516596e+01 3.946023658723381011e+00
-1.018647450844398428e+01 -2.809751282990957222e+01 -3.527625624968692364e+01 -2.898066877793554852e+01 -1.161545084971595188e+01 1.018647450844160574e+01 2.809751282990966459e+01 3.527625624968943896e+01 2.898066877793952401e+01 1.161545084971988473e+01 -1.018647450843922364e+01 -2.809751282990974985e+01 -3.527625624969194718e+01 -2.898066877794349949e+01 -1.161545084972378028e+01 1.018647450843684688e+01 2.809751282990982446e+01 3.527625624969445539e+01 2.898066877794748564e+01 1.161545084972771136e+01
-1.342202598446482487e-01 -2.309878040719405945e+00 -3.603240919906465223e+00 -3.520288237343788040e+00 -2.092705098312294787e+00 1.342202598443116290e-01 2.309878040719302916e+00 3.603240919906633977e+00 3.520288237344164184e+00 2.092705098312735768e+00 -1.342202598439750094e-01 -2.309878040719199443e+00 -3.603240919906801842e+00 -3.520288237344539439e+00 -2.092705098313173195e+00 1.342202598436383898e-01 2.309878040719095083e+00 3.603240919906970596e+00 3.520288237344916471e+00 2.092705098313613732e+00
-9.256637120819624087e+00 -3.017251282991047390e+01 -3.956351416396890386e+01 -3.384259780178000199e+01 -1.519495934690398897e+01 9.256637120816733955e+00 3.017251282991031403e+01 3.956351416397151866e+01 3.384259780178438604e+01 1.519495934690849381e+01 -9.256637120813838493e+00 -3.017251282991013994e+01 -3.956351416397411214e+01 -3.384259780178877008e+01 -1.519495934691295957e+01 9.256637120810944808e+00 3.017251282990995875e+01 3.956351416397671983e+01 3.384259780179316834e+01 1.519495934691745909e+01
-4.087993335656807226e+00 -4.902379873562432877e+00 -3.844223925530724895e+00 -1.317705098311855672e+00 1.712132289313174294e+00 4.087993335656855187e+00 4.902379873562812129e+00 3.844223925531287556e+00 1.317705098312387690e+00 -1.712132289312873423e+00 -4.087993335656903149e+00 -4.902379873563189605e+00 -3.844223925531850217e+00 -1.317705098312921708e+00 1.712132289312577660e+00 4.087993335656951110e+00 4.902379873563566193e+00 3.844223925532410657e+00 1.317705098313454837e+00 -1.712132289312278566e+00
-4.727912029469207411e+00 -5.765576474687495789e+00 -4.600986671312081278e+00 -1.678976341280733031e+00 1.884345884812970828e+00 4.727912029469248267e+00 5.765576474687928332e+00 4.600986671312738530e+00 1.678976341281364526e+00 -1.884345884812603789e+00 -4.727912029469288235e+00 -5.765576474688359099e+00 -4.600986671313395782e+00 -1.678976341281998241e+00 1.884345884812242522e+00 4.727912029469328203e+00 5.765576474688789865e+00 4.600986671314050369e+00 1.678976341282631068e+00 -1.884345884811877703e+00
-1.232991502813617046e+01 -4.586838120763107440e+01 -6.188668477474958252e+01 -5.426637820896584685e+01 -2.591815961371444388e+01 1.232991502813142404e+01 4.586838120763054860e+01 6.188668477475346208e+01 5.426637820897263964e+01 2.591815961372158483e+01 -1.232991502812667761e+01 -4.586838120763001569e+01 -6.188668477475731322e+01 -5.426637820897942532e+01 -2.591815961372865829e+01 1.232991502812192941e+01 4.586838120762946147e+01 6.188668477476117857e+01 5.426637820898622522e+01 2.591815961373579569e+01
9.749223594963636330e-01 -1.132352915725243392e+01 -1.929677740853179913e+01 -1.989931256309367669e+01 -1.290098667131189103e+01 -9.749223594983407182e-01 1.132352915725167364e+01 1.929677740853254164e+01 1.989931256309563423e+01 1.290098667131432464e+01 9.749223595003186915e-01 -1.132352915725091336e+01 -1.929677740853327705e+01 -1.989931256309758467e+01 -1.290098667131674048e+01 -9.749223595022948885e-01 1.132352915725014242e+01 1.929677740853401602e+01 1.989931256309954932e+01 1.290098667131917409e+01
-9.756577808735760193e-01 4.467501832844417820e+00 8.204227591218527849e+00 8.807217261187080481e+00 6.046149283687086928e+00 9.756577808744748559e-01 -4.467501832844025245e+00 -8.204227591218788973e+00 -8.807217261187894053e+00 -6.046149283688144749e+00 -9.756577808753736925e-01 4.467501832843632670e+00 8.204227591219048321e+00 8.807217261188705848e+00 6.046149283689196352e+00 9.756577808762720849e-01 -4.467501832843236542e+00 -8.204227591219309446e+00 -8.807217261189521196e+00 -6.046149283690255061e+00
-1.521458980338389999e+01 -4.065956747872296972e+01 -5.057397234506114359e+01 -4.117083872168428371e+01 -1.604184405196468433e+01 1.521458980338055511e+01 4.065956747872318289e+01 5.057397234506480999e+01 4.117083872169000358e+01 1.604184405197029761e+01 -1.521458980337720313e+01 -4.065956747872338184e+01 -5.057397234506845507e+01 -4.117083872169572345e+01 -1.604184405197586116e+01 1.521458980337385469e+01 4.065956747872356658e+01 5.057397234507212147e+01 4.117083872170145753e+01 1.604184405198146735e+01
