-3.084345884808494365e+00 -1.223481172782302284e+00 3.840498834183867061e+00 -1.150077640497901843e+00 -3.129711762655067453e+00 3.084345884809419847e+00 1.223481172781951898e+00 -3.840498834184575827e+00 1.150077640498693876e+00 3.129711762655290830e+00 -3.084345884810345773e+00 -1.223481172781601289e+00 3.840498834185285926e+00 -1.150077640499482134e+00 -3.129711762655509322e+00 3.084345884811275251e+00 1.223481172781244464e+00 -3.840498834185994692e+00 1.150077640500264176e+00 3.129711762655734919e+00
-4.905040653087655578e+00 -1.749748750064093583e+00 5.986444852400413907e+00 -1.950077640496576503e+00 -4.781230589872607517e+00 4.905040653089094427e+00 1.749748750063510272e+00 -5.986444852401492156e+00 1.950077640497831943e+00 4.781230589872918380e+00 -4.905040653090535052e+00 -1.749748750062926739e+00 5.986444852402573069e+00 -1.950077640499081388e+00 -4.781230589873218584e+00 4.905040653091980118e+00 1.749748750062333658e+00 -5.986444852403652206e+00 1.950077640500321285e+00 4.781230589873532111e+00
3.062287570310482376e+00 -7.015668116850057867e-01 -2.628695435310417494e+00 2.326189936778813472e+00 1.191030990093141728e+00 -3.062287570311083673e+00 7.015668116856066394e-01 2.628695435310647088e+00 -2.326189936779558209e+00 -1.191030990092915243e+00 3.062287570311684970e+00 -7.015668116862071590e-01 -2.628695435310877571e+00 2.326189936780300282e+00 1.191030990092681652e+00 -3.062287570312286267e+00 7.015668116868126747e-01 2.628695435311110717e+00 -2.326189936781039247e+00 -1.191030990092458053e+00
7.265731755679271764e+00 1.249778406097708849e+00 -8.038137289053960188e+00 3.718063644776150145e+00 5.740247584247265777e+00 -7.265731755681183124e+00 -1.249778406096667904e+00 8.038137289055226731e+00 -3.718063644777980237e+00 -5.740247584247409662e+00 7.265731755683092707e+00 1.249778406095626959e+00 -8.038137289056495050e+00 3.718063644779802779e+00 5.740247584247540225e+00 -7.265731755685008508e+00 -1.249778406094572247e+00 8.038137289057763368e+00 -3.718063644781612886e+00 -5.740247584247690327e+00
5.688680772555946952e+00 1.762771741753356602e+00 -6.778133623367935456e+00 2.426345217776937790e+00 5.278569810341318558e+00 -5.688680772557572318e+00 -1.762771741752644727e+00 6.778133623369121175e+00 -2.426345217778387742e+00 -5.278569810341615209e+00 5.688680772559198573e+00 1.762771741751933074e+00 -6.778133623370308669e+00 2.426345217779831032e+00 5.278569810341902091e+00 -5.688680772560829269e+00 -1.762771741751210541e+00 6.778133623371495275e+00 -2.426345217781264108e+00 -5.278569810342203183e+00
1.093827424161208839e+01 3.435188602723241669e+00 -1.306133755586239609e+01 4.637161945336027102e+00 1.019541386230772240e+01 -1.093827424161522188e+01 -3.435188602721878759e+00 1.306133755586468759e+01 -4.637161945338815983e+00 -1.019541386230830504e+01 1.093827424161835538e+01 3.435188602720516293e+00 -1.306133755586698264e+01 4.637161945341592428e+00 1.019541386230886459e+01 -1.093827424162149953e+01 -3.435188602719132511e+00 1.306133755586927236e+01 -4.637161945344347558e+00 -1.019541386230945612e+01
-5.405764746864794024e-01 -9.435661446558729626e-01 1.123732422717626633e+00 2.490613131560914795e-01 -1.277660779530875423e+00 5.405764746867626203e-01 9.435661446559078236e-01 -1.123732422717931501e+00 -2.490613131559367144e-01 1.277660779531085256e+00 -5.405764746870458382e-01 -9.435661446559422405e-01 1.123732422718236368e+00 2.490613131557831705e-01 -1.277660779531295088e+00 5.405764746873309434e-01 9.435661446559753252e-01 -1.123732422718539681e+00 -2.490613131556319026e-01 1.277660779531504920e+00
-7.025657780866220392e+00 -2.801141952314568861e+00 8.756858714710606506e+00 -2.610894368057824266e+00 -7.143237254215619281e+00 7.025657780868331592e+00 2.801141952313772165e+00 -8.756858714712226543e+00 2.610894368059628601e+00 7.143237254216131760e+00 -7.025657780870442792e+00 -2.801141952312975025e+00 8.756858714713848357e+00 -2.610894368061424942e+00 -7.143237254216632692e+00 7.025657780872561986e+00 2.801141952312164562e+00 -8.756858714715464842e+00 2.610894368063206628e+00 7.143237254217150500e+00
-6.907091636209491625e+00 -3.548558813283186453e+00 9.100221593897293459e+00 -2.075687436901575644e+00 -7.817376207871461702e+00 6.907091636211699637e+00 3.548558813282508329e+00 -9.100221593899082251e+00 2.075687436903366656e+00 7.817376207872151817e+00 -6.907091636213906760e+00 -3.548558813281829316e+00 9.100221593900872818e+00 -2.075687436905149230e+00 -7.817376207872830385e+00 6.907091636216123653e+00 3.548558813281136981e+00 -9.100221593902658057e+00 2.075687436906916261e+00 7.817376207873524940e+00
-7.154711762645725948e+00 -3.577612795065467033e+00 9.365798068583515601e+00 -2.210768743087776933e+00 -7.999467844089888757e+00 7.154711762647996132e+00 3.577612795064752049e+00 -9.365798068585345248e+00 2.210768743089630117e+00 7.999467844090581536e+00 -7.154711762650266316e+00 -3.577612795064035733e+00 9.365798068587174896e+00 -2.210768743091474420e+00 -7.999467844091260993e+00 7.154711762652545382e+00 3.577612795063305207e+00 -9.365798068589000991e+00 2.210768743093303179e+00 7.999467844091958213e+00
-7.919098300552561476e+00 -3.350155281003007079e+00 9.989608131803233704e+00 -2.823762078744310067e+00 -8.244427190996690413e+00 7.919098300554972880e+00 3.350155281002134888e+00 -9.989608131805105984e+00 2.823762078746348436e+00 8.244427190997312138e+00 -7.919098300557384285e+00 -3.350155281001261809e+00 9.989608131806980040e+00 -2.823762078748377036e+00 -8.244427190997921429e+00 7.919098300559805459e+00 3.350155281000373630e+00 -9.989608131808850544e+00 2.823762078750388760e+00 8.244427190998550259e+00
1.806757947332216219e+01 5.901655779788479883e+00 -2.171500333513551695e+01 7.518954347143957939e+00 1.706803398874274080e+01 -1.806757947332737402e+01 -5.901655779786258549e+00 2.171500333513935743e+01 -7.518954347148569362e+00 -1.706803398874375688e+01 1.806757947333258940e+01 5.901655779784038103e+00 -2.171500333514320147e+01 7.518954347153161244e+00 1.706803398874474098e+01 -1.806757947333782255e+01 -5.901655779781783018e+00 2.171500333514704550e+01 -7.518954347157716711e+00 -1.706803398874576416e+01
-4.201722092682484089e+00 -1.425938686845448444e+00 5.083000667026789543e+00 -1.715528490215810331e+00 -4.022745751404857906e+00 4.201722092683705334e+00 1.425938686844939296e+00 -5.083000667027696373e+00 1.715528490216884139e+00 4.022745751405105707e+00 -4.201722092684927468e+00 -1.425938686844429704e+00 5.083000667028604092e+00 -1.715528490217952839e+00 -4.022745751405347292e+00 4.201722092686152266e+00 1.425938686843912340e+00 -5.083000667029510034e+00 1.715528490219013769e+00 4.022745751405598646e+00
1.823209163619626594e+01 6.542028989006156259e+00 -2.227528790679106052e+01 7.224856046581582092e+00 1.781008130617948382e+01 -1.823209163620162343e+01 -6.542028989003993544e+00 2.227528790679508219e+01 -7.224856046586248581e+00 -1.781008130618064556e+01 1.823209163620698448e+01 6.542028989001829942e+00 -2.227528790679910742e+01 7.224856046590894643e+00 1.781008130618177177e+01 -1.823209163621235973e+01 -6.542028988999630812e+00 2.227528790680312909e+01 -7.224856046595503400e+00 -1.781008130618294416e+01
-5.543237254212035836e+00 -1.962084304845632898e+00 6.755872043399914872e+00 -2.213274241621134397e+00 -5.387993335653717963e+00 5.543237254213660314e+00 1.962084304844971427e+00 -6.755872043401130789e+00 2.213274241622552374e+00 5.387993335654064353e+00 -5.543237254215284793e+00 -1.962084304844309957e+00 6.755872043402348481e+00 -2.213274241623964578e+00 -5.387993335654400973e+00 5.543237254216914600e+00 1.962084304843638272e+00 -6.755872043403563509e+00 2.213274241625365235e+00 5.387993335654752691e+00
1.592124957936412954e+00 -2.227937358731206796e-01 -1.454430856686355966e+00 1.121681439592052687e+00 7.611936024685691526e-01 -1.592124957936749130e+00 2.227937358734143891e-01 1.454430856686510287e+00 -1.121681439592442819e+00 -7.611936024684844426e-01 1.592124957937085750e+00 -2.227937358737078766e-01 -1.454430856686665496e+00 1.121681439592831619e+00 7.611936024683962909e-01 -1.592124957937421925e+00 2.227937358740040841e-01 1.454430856686821372e+00 -1.121681439593218643e+00 -7.611936024683133573e-01
-5.794630456461782764e+00 -2.097697766939689235e+00 7.091078974555864889e+00 -2.284830056246018426e+00 -5.678976341278820783e+00 5.794630456463488954e+00 2.097697766939004449e+00 -7.091078974557146530e+00 2.284830056247502128e+00 5.678976341279194706e+00 -5.794630456465195145e+00 -2.097697766938319219e+00 7.091078974558431725e+00 -2.284830056248979169e+00 -5.678976341279557083e+00 5.794630456466907553e+00 2.097697766937622887e+00 -7.091078974559713366e+00 2.284830056250444219e+00 5.678976341279934559e+00
-1.186352549154775105e+01 -4.227487170097904645e+00 1.447625624967358071e+01 -4.719331222054340635e+00 -1.155954915027609253e+01 1.186352549155123270e+01 4.227487170096492441e+00 -1.447625624967619018e+01 4.719331222057376429e+00 1.155954915027684038e+01 -1.186352549155471259e+01 -4.227487170095081126e+00 1.447625624967880498e+01 -4.719331222060398900e+00 -1.155954915027756691e+01 1.186352549155820846e+01 4.227487170093646718e+00 -1.447625624968141267e+01 4.719331222063397391e+00 1.155954915027832364e+01
-2.090779740153629884e+00 -4.651219592822278259e-01 2.378240919904182515e+00 -1.004711762654536100e+00 -1.757294901686953237e+00 2.090779740154196986e+00 4.651219592819420545e-01 -2.378240919904573314e+00 1.004711762655065233e+00 1.757294901687019628e+00 -2.090779740154764088e+00 -4.651219592816563941e-01 2.378240919904964557e+00 -1.004711762655591700e+00 -1.757294901687081801e+00 2.090779740155332966e+00 4.651219592813667925e-01 -2.378240919905355355e+00 1.004711762656114837e+00 1.757294901687149968e+00
-1.339336287917009827e+01 -6.302487170097827551e+00 1.728851416395220042e+01 -4.382402198209570443e+00 -1.458004065308733388e+01 1.339336287917428159e+01 6.302487170096435776e+00 -1.728851416395552221e+01 4.382402198213031674e+00 1.458004065308853647e+01 -1.339336287917846668e+01 -6.302487170095043112e+00 1.728851416395885110e+01 -4.382402198216475142e+00 -1.458004065308971597e+01 1.339336287918266777e+01 6.302487170093624691e+00 -1.728851416396216933e+01 4.382402198219891076e+00 1.458004065309092923e+01
