2.493557530425069402e+01 2.429017238651061206e+01 2.126707815599635154e+01 1.616221413912668936e+01 9.475279993551865232e+00 1.860839424050524382e+00 -5.935753073507510358e+00 -1.315131270340713243e+01 -1.907953021531364968e+01 -2.314011037484151245e+01 -2.493557530425056612e+01 -2.429017238651050548e+01 -2.126707815599628759e+01 -1.616221413912666804e+01 -9.475279993551877666e+00 -1.860839424050594992e+00 5.935753073507413546e+00 1.315131270340700986e+01 1.907953021531350402e+01 2.314011037484136324e+01
3.677154318282941858e+01 2.262526897026593531e+01 6.264275791374512181e+00 -1.070990834775250278e+01 -2.663573203748225282e+01 -3.995426469332566199e+01 -4.936179554325523355e+01 -5.393744992155828299e+01 -5.323333089722781608e+01 -4.731836254625103777e+01 -3.677154318282934753e+01 -2.262526897026596373e+01 -6.264275791374654290e+00 1.070990834775230027e+01 2.663573203748200768e+01 3.995426469332534936e+01 4.936179554325492802e+01 5.393744992155799878e+01 5.323333089722760292e+01 4.731836254625087435e+01
1.002716226449801518e+00 -1.106897470593401600e+01 -2.205715727201934229e+01 -3.088623160306804039e+01 -3.669194638777899087e+01 -3.890599781223122733e+01 -3.731165909679599224e+01 -3.206499522335113994e+01 -2.367958620748617449e+01 -1.297625430825401693e+01 -1.002716226449904990e+00 1.106897470593385080e+01 2.205715727201913268e+01 3.088623160306782722e+01 3.669194638777877771e+01 3.890599781223102838e+01 3.731165909679584303e+01 3.206499522335104757e+01 2.367958620748616028e+01 1.297625430825405601e+01
5.719032051734949107e-01 -1.264417523464764415e+01 -2.462255370535237020e+01 -3.419070506395785003e+01 -4.041203199025327564e+01 -4.267754765815931250e+01 -4.076548760932548987e+01 -3.486301760343740597e+01 -2.554791252959811487e+01 -1.373199977458838461e+01 -5.719032051736103739e-01 1.264417523464746296e+01 2.462255370535213927e+01 3.419070506395762266e+01 4.041203199025304826e+01 4.267754765815909934e+01 4.076548760932531934e+01 3.486301760343729939e+01 2.554791252959810066e+01 1.373199977458843080e+01
-1.221277853408885328e+01 -3.052462950654006235e+01 -4.584851706529162385e+01 -5.668443232829022804e+01 -6.197168041133254945e+01 -6.119270863362687862e+01 -5.442376818019054241e+01 -4.232745010458722845e+01 -2.608782630006083281e+01 -7.294544292710672728e+00 1.221277853408862235e+01 3.052462950653974616e+01 4.584851706529126147e+01 5.668443232828988698e+01 6.197168041133222971e+01 6.119270863362660862e+01 5.442376818019035056e+01 4.232745010458715029e+01 2.608782630006089320e+01 7.294544292710813949e+00
-1.179257068420190713e+01 -2.750409224107121275e+01 -4.052332161710558722e+01 -4.957584593067383594e+01 -5.377554102931826918e+01 -5.271131149578723551e+01 -4.648733153174590171e+01 -3.571284766109300080e+01 -2.144254143533138546e+01 -5.073289854908522578e+00 1.179257068420170285e+01 2.750409224107093920e+01 4.052332161710528169e+01 4.957584593067354461e+01 5.377554102931799918e+01 5.271131149578701525e+01 4.648733153174575250e+01 3.571284766109293685e+01 2.144254143533144585e+01 5.073289854908649588e+00
3.441847710841116736e+01 6.868775942668240475e+01 9.623340527650911724e+01 1.143590549203104274e+02 1.212904434821240329e+02 1.163490783556958235e+02 1.000186547881157964e+02 7.389770841893020759e+01 4.054313947408988383e+01 3.219925556862740734e+00 -3.441847710841067709e+01 -6.868775942668175105e+01 -9.623340527650842091e+01 -1.143590549203097737e+02 -1.212904434821234503e+02 -1.163490783556953403e+02 -1.000186547881154695e+02 -7.389770841893010811e+01 -4.054313947409006857e+01 -3.219925556863071137e+00
-7.348016739196474134e+00 -1.400851033579990101e+01 -1.929775333770452761e+01 -2.269799778756098263e+01 -2.387640406772117529e+01 -2.271762156104369623e+01 -1.933507997299459547e+01 -1.405988604176517676e+01 -7.408412503781509173e+00 -3.175193248262875301e-02 7.348016739196375546e+00 1.400851033579976956e+01 1.929775333770438905e+01 2.269799778756085118e+01 2.387640406772105806e+01 2.271762156104360386e+01 1.933507997299453507e+01 1.405988604176516077e+01 7.408412503781548253e+00 3.175193248269714275e-02
2.403606363302601068e+01 5.751642985583176682e+01 8.536668718381781673e+01 1.048606583855680299e+02 1.140901377373712222e+02 1.121516794947090148e+02 9.923503345640590112e+01 7.660457093225585368e+01 4.647551926982662707e+01 1.179711996728338086e+01 -2.403606363302558080e+01 -5.751642985583118417e+01 -8.536668718381714882e+01 -1.048606583855674046e+02 -1.140901377373706396e+02 -1.121516794947085316e+02 -9.923503345640556006e+01 -7.660457093225571157e+01 -4.647551926982674786e+01 -1.179711996728364731e+01
-1.064155943537621241e+01 -2.066468354817226327e+01 -2.866500445595675473e+01 -3.385939500676230551e+01 -3.573939206202899754e+01 -3.412096841127763724e+01 -2.916254663766437716e+01 -2.134949161174643351e+01 -1.144659959621597523e+01 -4.232346590589353141e-01 1.064155943537606319e+01 2.066468354817207143e+01 2.866500445595654867e+01 3.385939500676211367e+01 3.573939206202883412e+01 3.412096841127750224e+01 2.916254663766429189e+01 2.134949161174640864e+01 1.144659959621603207e+01 4.232346590590347901e-01
3.410723799604677708e+01 2.917930976670933774e+01 2.139510739320070698e+01 1.151660283956696240e+01 5.107729591061644925e-01 -1.054505493735640087e+01 -2.056865938483252165e+01 -2.857886014144447628e+01 -3.379156294678467276e+01 -3.569651213123039213e+01 -3.410723799604663498e+01 -2.917930976670925247e+01 -2.139510739320069277e+01 -1.151660283956700503e+01 -5.107729591062533103e-01 1.054505493735623745e+01 2.056865938483233691e+01 2.857886014144427378e+01 3.379156294678446670e+01 3.569651213123020028e+01
-3.278771165302438284e+00 -1.311099083310984525e+01 -2.165981536852784117e+01 -2.808842626286678623e+01 -3.176754629102292427e+01 -3.233703755070379771e+01 -2.974115426953291674e+01 -2.423399958965363510e+01 -1.635465218173543178e+01 -6.874397468706841430e+00 3.278771165302332591e+00 1.311099083310969249e+01 2.165981536852765998e+01 2.808842626286660504e+01 3.176754629102275373e+01 3.233703755070364849e+01 2.974115426953280661e+01 2.423399958965357470e+01 1.635465218173544244e+01 6.874397468706897385e+00
-1.663388763902651135e+01 -4.010411237359780046e+01 -5.964866716726002949e+01 -7.335439482188907334e+01 -7.987968322123010978e+01 -7.858579167239803098e+01 -6.959937529526500555e+01 -5.380008713686942912e+01 -3.273447160226852048e+01 -8.464577912762869971e+00 1.663388763902621292e+01 4.010411237359738834e+01 5.964866716725956763e+01 7.335439482188863280e+01 7.987968322122971188e+01 7.858579167239768992e+01 6.959937529526476396e+01 5.380008713686932964e+01 3.273447160226859864e+01 8.464577912763058265e+00
-5.833267785449872678e-01 -2.907822112478599674e+00 -4.947679558054832505e+00 -6.503223655978148443e+00 -7.422186911830787714e+00 -7.614614799336399287e+00 -7.061671136142002148e+00 -5.817481900586108701e+00 -4.003837003821067775e+00 -1.798268644749274836e+00 5.833267785449631759e-01 2.907822112478564147e+00 4.947679558054789872e+00 6.503223655978105811e+00 7.422186911830746858e+00 7.614614799336362871e+00 7.061671136141975502e+00 5.817481900586093602e+00 4.003837003821069551e+00 1.798268644749287049e+00
1.053142180073382050e+01 -2.254016522484282348e+01 -5.340536383164615586e+01 -7.904287332955831857e+01 -9.694311566189152529e+01 -1.053538903908351045e+02 -1.034518922846066147e+02 -9.142330216984383640e+01 -7.044556225509509773e+01 -4.257211988372441880e+01 -1.053142180073405854e+01 2.254016522484240781e+01 5.340536383164560164e+01 7.904287332955775014e+01 9.694311566189095686e+01 1.053538903908345503e+02 1.034518922846061457e+02 9.142330216984353797e+01 7.044556225509501246e+01 4.257211988372448275e+01
-5.879059102468030318e+00 -1.229645585962681054e+01 -1.751018984279956925e+01 -2.100990444349267250e+01 -2.245302321264484746e+01 -2.169828363033178675e+01 -1.881956486545016460e+01 -1.409865596791962972e+01 -7.997672393136888047e+00 -1.113820921453763990e+00 5.879059102467940612e+00 1.229645585962669330e+01 1.751018984279944135e+01 2.100990444349255171e+01 2.245302321264473733e+01 2.169828363033169794e+01 1.881956486545010065e+01 1.409865596791961018e+01 7.997672393136918245e+00 1.113820921453823054e+00
-6.133999183537289568e+00 -1.171105721761484197e+01 -1.614175537549867911e+01 -1.899238605100584110e+01 -1.998390965210588988e+01 -1.901926894037201166e+01 -1.619288966971575405e+01 -1.178143753569128194e+01 -6.216736209571280369e+00 -4.349742871032447056e-02 6.133999183537206079e+00 1.171105721761473539e+01 1.614175537549856188e+01 1.899238605100573452e+01 1.998390965210579395e+01 1.901926894037193350e+01 1.619288966971570431e+01 1.178143753569126950e+01 6.216736209571314120e+00 4.349742871038131398e-02
8.923995305380884702e+00 -3.553644845709290223e+01 -7.651833704759094701e+01 -1.100100776732675598e+02 -1.327332654110032308e+02 -1.424635963232699680e+02 -1.382485978251730785e+02 -1.205008633373278144e+02 -9.095766476714176463e+01 -5.251089623023278818e+01 -8.923995305381236420e+00 3.553644845709230538e+01 7.651833704759019383e+01 1.100100776732667782e+02 1.327332654110024635e+02 1.424635963232692291e+02 1.382485978251724816e+02 1.205008633373274449e+02 9.095766476714167936e+01 5.251089623023290187e+01
2.051017701522683367e+01 9.866560310861459016e+00 -1.742864061098963191e+00 -1.318168475551106411e+01 -2.333019030385559489e+01 -3.119497427426468050e+01 -3.600617681454259866e+01 -3.729284389842776193e+01 -3.492902758701276866e+01 -2.914611469053561166e+01 -2.051017701522681946e+01 -9.866560310861514083e+00 1.742864061098838846e+00 1.318168475551090246e+01 2.333019030385541015e+01 3.119497427426446023e+01 3.600617681454238550e+01 3.729284389842757719e+01 3.492902758701264077e+01 2.914611469053552639e+01
-6.923960324374384356e+00 -7.047786199739265456e+00 -6.481725657059788759e+00 -5.281188646229131756e+00 -3.563692094500606089e+00 -1.497356530859522472e+00 7.155507227184951802e-01 2.858414886021785506e+00 4.721477484533676439e+00 6.122368970391421250e+00 6.923960324374345277e+00 7.047786199739232593e+00 6.481725657059766554e+00 5.281188646229120209e+00 3.563692094500604313e+00 1.497356530859537127e+00 -7.155507227184723096e-01 -2.858414886021753532e+00 -4.721477484533635582e+00 -6.122368970391379506e+00
