-6.499999999966881159e-01 3.775831390290866896e-01 3.905764746882406380e-02 -4.407797401544161775e-01 6.741389536535535854e-01 -6.499999999974621634e-01 3.775831390298114432e-01 3.905764746842492474e-02 -4.407797401544963356e-01 6.741389536540818295e-01 -6.499999999982362109e-01 3.775831390305369184e-01 3.905764746802702081e-02 -4.407797401545767157e-01 6.741389536546090744e-01 -6.499999999990101474e-01 3.775831390312611169e-01 3.905764746762660500e-02 -4.407797401546570959e-01 6.741389536551370965e-01
-7.410410196598731680e+00 4.655746418414679511e+00 -1.227457513961111302e-01 -4.457139620682835535e+00 7.334549150266824746e+00 -7.410410196607183586e+00 4.655746418422972432e+00 -1.227457514010846934e-01 -4.457139620683094883e+00 7.334549150272211548e+00 -7.410410196615635492e+00 4.655746418431272460e+00 -1.227457514060445176e-01 -4.457139620683356895e+00 7.334549150277585916e+00 -7.410410196624084733e+00 4.655746418439560941e+00 -1.227457514110320280e-01 -4.457139620683620684e+00 7.334549150282971830e+00
-7.792172942378381428e+00 5.224312563069099191e+00 -6.609423525199157323e-01 -4.154885372089241358e+00 7.383688103922199986e+00 -7.792172942386918599e+00 5.224312563077848637e+00 -6.609423525255416765e-01 -4.154885372088901185e+00 7.383688103927270596e+00 -7.792172942395456658e+00 5.224312563086604300e+00 -6.609423525311535208e-01 -4.154885372088564566e+00 7.383688103932326108e+00 -7.792172942403991165e+00 5.224312563095347528e+00 -6.609423525367936758e-01 -4.154885372088228834e+00 7.383688103937394054e+00
-9.775861046308376601e+00 6.238699100969934186e+00 -3.185661446435137933e-01 -5.723248251273934883e+00 9.578976341260858618e+00 -9.775861046319421988e+00 6.238699100980883649e+00 -3.185661446501915628e-01 -5.723248251274095644e+00 9.578976341267791739e+00 -9.775861046330469151e+00 6.238699100991841995e+00 -3.185661446568514021e-01 -5.723248251274261733e+00 9.578976341274705320e+00 -9.775861046341512761e+00 6.238699101002783465e+00 -3.185661446635474903e-01 -5.723248251274427822e+00 9.578976341281634888e+00
-8.599999999968639841e+00 5.679682106597613966e+00 -5.899186938002196623e-01 -4.725173609431801758e+00 8.235410196607265476e+00 -8.599999999978152232e+00 5.679682106607262249e+00 -5.899186938063248897e-01 -4.725173609431586819e+00 8.235410196613017320e+00 -8.599999999987668176e+00 5.679682106616918524e+00 -5.899186938124144630e-01 -4.725173609431376320e+00 8.235410196618753176e+00 -8.599999999997178790e+00 5.679682106626560589e+00 -5.899186938185354556e-01 -4.725173609431165822e+00 8.235410196624503243e+00
1.689151516146511867e+01 -1.019112695897386800e+01 -4.019253581818244547e-01 1.084145584945658136e+01 -1.713991869377505850e+01 1.689151516148482912e+01 -1.019112695899273646e+01 -4.019253581709953949e-01 1.084145584945795804e+01 -1.713991869378810406e+01 1.689151516150454313e+01 -1.019112695901161914e+01 -4.019253581601980319e-01 1.084145584945934004e+01 -1.713991869380111766e+01 1.689151516152425003e+01 -1.019112695903047339e+01 -4.019253581493363869e-01 1.084145584946072383e+01 -1.713991869381415611e+01
-4.076393202234729785e+00 2.762586804704722176e+00 -3.935661446491860449e-01 -2.125783405841950024e+00 3.833155948023088122e+00 -4.076393202239164459e+00 2.762586804709301624e+00 -3.935661446521648288e-01 -2.125783405841716878e+00 3.833155948025687376e+00 -4.076393202243600022e+00 2.762586804713884625e+00 -3.935661446551361742e-01 -2.125783405841486395e+00 3.833155948028278193e+00 -4.076393202248033809e+00 2.762586804718461853e+00 -3.935661446581223410e-01 -2.125783405841255469e+00 3.833155948030876559e+00
1.808454915021232168e+01 -1.088051349687898472e+01 -4.795084972120677858e-01 1.165637454326683908e+01 -1.838090169939782115e+01 1.808454915023345677e+01 -1.088051349689918368e+01 -4.795084972005104751e-01 1.165637454326836853e+01 -1.838090169941183660e+01 1.808454915025459186e+01 -1.088051349691939862e+01 -4.795084971889871372e-01 1.165637454326990685e+01 -1.838090169942582719e+01 1.808454915027572341e+01 -1.088051349693958159e+01 -4.795084971773950766e-01 1.165637454327144340e+01 -1.838090169943984264e+01
-5.727254248572632100e+00 3.869146285012544872e+00 -5.331559480226372161e-01 -3.006481839808970324e+00 5.397745751394436020e+00 -5.727254248578875995e+00 3.869146285018977949e+00 -5.331559480268075468e-01 -3.006481839808666123e+00 5.397745751398110414e+00 -5.727254248585120777e+00 3.869146285025416798e+00 -5.331559480309675525e-01 -3.006481839808364587e+00 5.397745751401772374e+00 -5.727254248591362007e+00 3.869146285031845434e+00 -5.331559480351482083e-01 -3.006481839808062606e+00 5.397745751405444992e+00
1.111474508433600183e+00 -9.079526825582745486e-01 3.576237921223223148e-01 3.293052317189120726e-01 -8.904508497169670855e-01 1.111474508434644903e+00 -9.079526825595367612e-01 3.576237921233210160e-01 3.293052317185600764e-01 -8.904508497173960757e-01 1.111474508435689845e+00 -9.079526825607996399e-01 3.576237921243177742e-01 3.293052317182090238e-01 -8.904508497178220683e-01 1.111474508436734121e+00 -9.079526825620611863e-01 3.576237921253181962e-01 3.293052317178579158e-01 -8.904508497182507254e-01
-5.309549150260090222e+00 3.193285238669353099e+00 1.427050983203204948e-01 -3.424186938120802548e+00 5.397745751394072755e+00 -5.309549150266295925e+00 3.193285238675283022e+00 1.427050983169287635e-01 -3.424186938121253743e+00 5.397745751398190350e+00 -5.309549150272504292e+00 3.193285238681217830e+00 1.427050983135469964e-01 -3.424186938121708046e+00 5.397745751402299064e+00 -5.309549150278709106e+00 3.193285238687143757e+00 1.427050983101450232e-01 -3.424186938122161461e+00 5.397745751406415771e+00
-1.266631189601407392e+01 7.215546818615790947e+00 9.913118960790794354e-01 -8.819523159927031841e+00 1.327897634125335991e+01 -1.266631189602930618e+01 7.215546818629901438e+00 9.913118960714730754e-01 -8.819523159928857936e+00 1.327897634126391146e+01 -1.266631189604454377e+01 7.215546818644026139e+00 9.913118960638906962e-01 -8.819523159930687584e+00 1.327897634127444348e+01 -1.266631189605977426e+01 7.215546818658125972e+00 9.913118960562593562e-01 -8.819523159932520784e+00 1.327897634128498972e+01
-2.240450849710849734e+00 1.551518827211820994e+00 -2.699593469031063009e-01 -1.114715428342336834e+00 2.073606797745514374e+00 -2.240450849713251813e+00 1.551518827214340979e+00 -2.699593469047833483e-01 -1.114715428342147208e+00 2.073606797746883057e+00 -2.240450849715654336e+00 1.551518827216862739e+00 -2.699593469064565099e-01 -1.114715428341958470e+00 2.073606797748246855e+00 -2.240450849718055526e+00 1.551518827219380947e+00 -2.699593469081376651e-01 -1.114715428341769732e+00 2.073606797749614650e+00
-1.504164078644588187e+01 9.740140287671868791e+00 -7.182372541980951430e-01 -8.578007998396318001e+00 1.459774575137596209e+01 -1.504164078646272884e+01 9.740140287688726417e+00 -7.182372542085397882e-01 -8.578007998396303790e+00 1.459774575138637154e+01 -1.504164078647957581e+01 9.740140287705600031e+00 -7.182372542189568998e-01 -8.578007998396296685e+00 1.459774575139675434e+01 -1.504164078649641745e+01 9.740140287722446999e+00 -7.182372542294295226e-01 -8.578007998396289580e+00 1.459774575140716202e+01
-1.174467844089356561e+00 6.854101966218786313e-01 6.545084971954293063e-02 -7.913118960609499819e-01 1.214918693809532879e+00 -1.174467844090751667e+00 6.854101966231883614e-01 6.545084971881791336e-02 -7.913118960610889818e-01 1.214918693810481898e+00 -1.174467844092146995e+00 6.854101966244994237e-01 6.545084971809513041e-02 -7.913118960612284258e-01 1.214918693811428474e+00 -1.174467844093541880e+00 6.854101966258082657e-01 6.545084971736782331e-02 -7.913118960613676478e-01 1.214918693812377049e+00
-1.658155948026731830e+00 1.481230589870567549e+00 -7.385254915599457348e-01 -2.862712429685783100e-01 1.201722092685194809e+00 -1.658155948028155802e+00 1.481230589872461811e+00 -7.385254915615883098e-01 -2.862712429678171411e-01 1.201722092685605814e+00 -1.658155948029579996e+00 1.481230589874356740e+00 -7.385254915632279982e-01 -2.862712429670574155e-01 1.201722092686011711e+00 -1.658155948031003302e+00 1.481230589876249892e+00 -7.385254915648730156e-01 -2.862712429662976898e-01 1.201722092686422050e+00
-1.801319660105558640e+01 1.091731689575345143e+01 3.486067977748886215e-01 -1.148137454326677975e+01 1.822864745080364557e+01 -1.801319660107655807e+01 1.091731689577357578e+01 3.486067977632808512e-01 -1.148137454326815465e+01 1.822864745081746207e+01 -1.801319660109752974e+01 1.091731689579371789e+01 3.486067977517068317e-01 -1.148137454326953844e+01 1.822864745083125015e+01 -1.801319660111849075e+01 1.091731689581382803e+01 3.486067977400644224e-01 -1.148137454327092222e+01 1.822864745084506666e+01
-6.616311896038351570e+00 4.186648117854562479e+00 -1.578270575854966995e-01 -3.931278574338357590e+00 6.518769410111034723e+00 -6.616311896045866447e+00 4.186648117861969887e+00 -1.578270575899732298e-01 -3.931278574338533449e+00 6.518769410115791807e+00 -6.616311896053380437e+00 4.186648117869383512e+00 -1.578270575944374920e-01 -3.931278574338712417e+00 6.518769410120535568e+00 -6.616311896060892650e+00 4.186648117876785591e+00 -1.578270575989264568e-01 -3.931278574338891385e+00 6.518769410125289987e+00
1.170491502807772033e+00 -7.383222260894803934e-01 2.413895365438282689e-02 6.992645786240994088e-01 -1.155572808997375578e+00 1.170491502809103634e+00 -7.383222260907905676e-01 2.413895365517194913e-02 6.992645786241349359e-01 -1.155572808998221346e+00 1.170491502810435680e+00 -7.383222260921018520e-01 2.413895365595890297e-02 6.992645786241709072e-01 -1.155572808999064893e+00 1.170491502811767059e+00 -7.383222260934111381e-01 2.413895365675023177e-02 6.992645786242068784e-01 -1.155572808999909995e+00
-1.575450849712588486e+01 9.221370877542192090e+00 8.340169943959629961e-01 -1.057083872167376626e+01 1.626995934687016288e+01 -1.575450849714457213e+01 9.221370877559763812e+00 8.340169943862049129e-01 -1.057083872167557637e+01 1.626995934688283896e+01 -1.575450849716325941e+01 9.221370877577353298e+00 8.340169943764765836e-01 -1.057083872167739713e+01 1.626995934689549372e+01 -1.575450849718193957e+01 9.221370877594912585e+00 8.340169943666877472e-01 -1.057083872167921434e+01 1.626995934690816625e+01
