-1.349151516153241914e+01 -4.156858447309186033e+01 -5.376786738015191958e+01 -4.542965245059115631e+01 -1.973885438199969045e+01 1.349151516153104424e+01 4.156858447309189586e+01 5.376786738015337619e+01 4.542965245059346557e+01 1.973885438200198195e+01 -1.349151516152966934e+01 -4.156858447309194560e+01 -5.376786738015481149e+01 -4.542965245059578194e+01 -1.973885438200420595e+01 1.349151516152829267e+01 4.156858447309198112e+01 5.376786738015625389e+01 4.542965245059808410e+01 1.973885438200647258e+01
-1.084171842700150989e+01 -3.999550983124840542e+01 -5.387237587733955735e+01 -4.717182539299739830e+01 -2.245324091990579518e+01 1.084171842700002664e+01 3.999550983124832015e+01 5.387237587734092159e+01 4.717182539299968624e+01 2.245324091990814352e+01 -1.084171842699853983e+01 -3.999550983124824910e+01 -5.387237587734226452e+01 -4.717182539300197419e+01 -2.245324091991042081e+01 1.084171842699705479e+01 3.999550983124814962e+01 5.387237587734362165e+01 4.717182539300425503e+01 2.245324091991273718e+01
-1.218634888347054002e+01 -4.411440486634221259e+01 -5.919225758374555113e+01 -5.166067977499732677e+01 -2.439647817412460640e+01 1.218634888346891820e+01 4.411440486634212732e+01 5.919225758374705748e+01 5.166067977499984210e+01 2.439647817412717856e+01 -1.218634888346729817e+01 -4.411440486634206337e+01 -5.919225758374854252e+01 -5.166067977500236452e+01 -2.439647817412967612e+01 1.218634888346567458e+01 4.411440486634197100e+01 5.919225758375004887e+01 5.166067977500486563e+01 2.439647817413221986e+01
1.772320026681278549e+01 3.478026224699816282e+01 3.855244618646543131e+01 2.759890603215443150e+01 6.103521825874975271e+00 -1.772320026681212468e+01 -3.478026224699856073e+01 -3.855244618646674581e+01 -2.759890603215617233e+01 -6.103521825876474516e+00 1.772320026681145677e+01 3.478026224699897995e+01 3.855244618646807453e+01 2.759890603215793448e+01 6.103521825877923135e+00 -1.772320026681079241e+01 -3.478026224699937785e+01 -3.855244618646940324e+01 -2.759890603215966820e+01 -6.103521825879404616e+00
1.821086471203129165e+01 3.164817061077953397e+01 3.299695101796585561e+01 2.174201766140485859e+01 2.182372542187712483e+00 -1.821086471203084756e+01 -3.164817061078002425e+01 -3.299695101796709906e+01 -2.174201766140638625e+01 -2.182372542188939946e+00 1.821086471203039991e+01 3.164817061078051807e+01 3.299695101796834251e+01 2.174201766140792458e+01 2.182372542190124776e+00 -1.821086471202995227e+01 -3.164817061078100124e+01 -3.299695101796958596e+01 -2.174201766140944869e+01 -2.182372542191338027e+00
-5.531762745781291457e+00 -1.034488170640564420e+01 -1.120660746478016989e+01 -7.787790070187033287e+00 -1.394301566031385775e+00 5.531762745781113821e+00 1.034488170640578097e+01 1.120660746478056780e+01 7.787790070187543989e+00 1.394301566031814321e+00 -5.531762745780935298e+00 -1.034488170640591775e+01 -1.120660746478096748e+01 -7.787790070188059133e+00 -1.394301566032228656e+00 5.531762745780756774e+00 1.034488170640605276e+01 1.120660746478136716e+01 7.787790070188568947e+00 1.394301566032652318e+00
-9.296478174124523264e+00 -1.263148183981153139e+01 -1.114168877096769883e+01 -5.396149283687297071e+00 2.410535821593291050e+00 9.296478174124500171e+00 1.263148183981184403e+01 1.114168877096822996e+01 5.396149283687844189e+00 -2.410535821592934003e+00 -9.296478174124475302e+00 -1.263148183981215844e+01 -1.114168877096876464e+01 -5.396149283688401077e+00 2.410535821592591610e+00 9.296478174124448657e+00 1.263148183981246930e+01 1.114168877096929755e+01 5.396149283688948195e+00 -2.410535821592238559e+00
-7.137867710688237111e+00 -2.643259413609228758e+01 -3.563096801234063804e+01 -3.121952315993544502e+01 -1.488328157299956800e+01 7.137867710687253897e+00 2.643259413609223429e+01 3.563096801234152622e+01 3.121952315993695493e+01 1.488328157300112053e+01 -7.137867710686269795e+00 -2.643259413609218100e+01 -3.563096801234242150e+01 -3.121952315993847193e+01 -1.488328157300262689e+01 7.137867710685285694e+00 2.643259413609211705e+01 3.563096801234331679e+01 3.121952315993997473e+01 1.488328157300416166e+01
-2.719959346906200004e+00 -5.002912029468440380e+00 -5.374922359499509028e+00 -3.693895035093579970e+00 -6.019253581563912547e-01 2.719959346906118292e+00 5.002912029468508770e+00 5.374922359499701763e+00 3.693895035093825996e+00 6.019253581565957578e-01 -2.719959346906035247e+00 -5.002912029468578936e+00 -5.374922359499896274e+00 -3.693895035094072909e+00 -6.019253581567931555e-01 2.719959346905952202e+00 5.002912029468645549e+00 5.374922359500089897e+00 3.693895035094318047e+00 6.019253581569952161e-01
-2.749467844093667956e+00 -4.524264578624673128e+00 -4.570946018218321250e+00 -2.871681439593592788e+00 -7.553215590633732823e-02 2.749467844093615554e+00 4.524264578624752176e+00 4.570946018218500662e+00 2.871681439593806395e+00 7.553215590650319555e-02 -2.749467844093563151e+00 -4.524264578624831223e+00 -4.570946018218682738e+00 -2.871681439594022667e+00 -7.553215590666306767e-02 2.749467844093509861e+00 4.524264578624908495e+00 4.570946018218863038e+00 2.871681439594235385e+00 7.553215590682715863e-02
1.566718427001029923e+00 1.339295634824976133e+01 2.010354015431097707e+01 1.913525491562388936e+01 1.085795268256208246e+01 -1.566718427000377112e+00 -1.339295634824961212e+01 -2.010354015431139274e+01 -1.913525491562471359e+01 -1.085795268256300261e+01 1.566718426999723413e+00 1.339295634824947001e+01 2.010354015431180486e+01 1.913525491562554137e+01 1.085795268256389789e+01 -1.566718426999069713e+00 -1.339295634824931724e+01 -2.010354015431222408e+01 -1.913525491562636560e+01 -1.085795268256480917e+01
8.895491502813301921e+00 2.587218393946766426e+01 3.296658147443487508e+01 2.746886537906085834e+01 1.147897634128095490e+01 -8.895491502812484796e+00 -2.587218393946771400e+01 -3.296658147443579168e+01 -2.746886537906228298e+01 -1.147897634128234934e+01 8.895491502811665896e+00 2.587218393946777795e+01 3.296658147443669407e+01 2.746886537906371117e+01 1.147897634128370292e+01 -8.895491502810846995e+00 -2.587218393946782413e+01 -3.296658147443760356e+01 -2.746886537906512871e+01 -1.147897634128508138e+01
-1.509290836378276879e+01 -4.658641519637288297e+01 -6.028549483796379604e+01 -5.095756448005938211e+01 -2.216557647468683001e+01 1.509290836378123046e+01 4.658641519637292561e+01 6.028549483796543029e+01 5.095756448006196848e+01 2.216557647468940218e+01 -1.509290836377968326e+01 -4.658641519637298245e+01 -6.028549483796703612e+01 -5.095756448006456907e+01 -2.216557647469189973e+01 1.509290836377813960e+01 4.658641519637301087e+01 6.028549483796866326e+01 5.095756448006714834e+01 2.216557647469443992e+01
5.843033988750273799e+00 1.107750549853087740e+01 1.208074641843665908e+01 8.469552815968278026e+00 1.623277907312403734e+00 -5.843033988750077512e+00 -1.107750549853101951e+01 -1.208074641843708541e+01 -8.469552815968826920e+00 -1.623277907312868695e+00 5.843033988749881225e+00 1.107750549853115984e+01 1.208074641843750996e+01 8.469552815969379367e+00 1.623277907313317225e+00 -5.843033988749684937e+00 -1.107750549853130018e+01 -1.208074641843793628e+01 -8.469552815969928261e+00 -1.623277907313775970e+00
-1.255225424859495043e+01 -3.492436054756106500e+01 -4.395654815271520022e+01 -3.619882839165388333e+01 -1.461438653790560238e+01 1.255225424859388816e+01 3.492436054756116448e+01 4.395654815271644367e+01 3.619882839165579469e+01 1.461438653790744979e+01 -1.255225424859282413e+01 -3.492436054756127817e+01 -4.395654815271766580e+01 -3.619882839165770605e+01 -1.461438653790924214e+01 1.255225424859176009e+01 3.492436054756137054e+01 4.395654815271890925e+01 3.619882839165960320e+01 1.461438653791106823e+01
-9.706433855344501538e+00 -2.573902799143662534e+01 -3.194018827218523526e+01 -2.594128224003011240e+01 -1.003368810393758004e+01 9.706433855343753692e+00 2.573902799143672837e+01 3.194018827218615897e+01 2.594128224003150507e+01 1.003368810393891053e+01 -9.706433855343004069e+00 -2.573902799143683851e+01 -3.194018827218707202e+01 -2.594128224003290129e+01 -1.003368810394020194e+01 9.706433855342252670e+00 2.573902799143693798e+01 3.194018827218799572e+01 2.594128224003428684e+01 1.003368810394152000e+01
-1.108057280900107067e+01 -3.154001466274877430e+01 -3.995224292099691610e+01 -3.310407231021694230e+01 -1.361127124296846524e+01 1.108057280900009189e+01 3.154001466274885601e+01 3.995224292099803876e+01 3.310407231021867602e+01 1.361127124297015278e+01 -1.108057280899911134e+01 -3.154001466274893772e+01 -3.995224292099914720e+01 -3.310407231022040975e+01 -1.361127124297178703e+01 1.108057280899813080e+01 3.154001466274901233e+01 3.995224292100026275e+01 3.310407231022212926e+01 1.361127124297345148e+01
-4.665983005625442992e+00 -1.449328523868682694e+01 -1.878464511921717417e+01 -1.590090903081153684e+01 -6.943566144656101002e+00 4.665983005624961599e+00 1.449328523868683760e+01 1.878464511921767510e+01 1.590090903081234330e+01 6.943566144656903028e+00 -4.665983005624478430e+00 -1.449328523868685181e+01 -1.878464511921817603e+01 -1.590090903081315332e+01 -6.943566144657681072e+00 4.665983005623996149e+00 1.449328523868686069e+01 1.878464511921868407e+01 1.590090903081395624e+01 6.943566144658474215e+00
-5.090983005625354885e+00 -1.427558014037429679e+01 -1.800739087062344268e+01 -1.486099033699913896e+01 -6.038196601124968588e+00 5.090983005624917901e+00 1.427558014037433587e+01 1.800739087062394717e+01 1.486099033699991878e+01 6.038196601125726204e+00 -5.090983005624480029e+00 -1.427558014037438205e+01 -1.800739087062445165e+01 -1.486099033700070216e+01 -6.038196601126460727e+00 5.090983005624042157e+00 1.427558014037441758e+01 1.800739087062495614e+01 1.486099033700148020e+01 6.038196601127210350e+00
-1.824999999999824318e+00 -3.407952682562041424e+00 -3.689183272436977745e+00 -2.561271242968575557e+00 -4.550406530938704286e-01 1.824999999999766143e+00 3.407952682562085833e+00 3.689183272437108752e+00 2.561271242968743866e+00 4.550406530940114269e-01 -1.824999999999707523e+00 -3.407952682562131130e+00 -3.689183272437240646e+00 -2.561271242968913953e+00 -4.550406530941478733e-01 1.824999999999648903e+00 3.407952682562175539e+00 3.689183272437372096e+00 2.561271242969081818e+00 4.550406530942872063e-01
